    1	   0.10	    0.0	 1500.0	    0.0	    0.0	    0.0	    0.0	    0.0	    0.0	    0.0	    0.0	    0.0	  100.0	  100.0	    0.0	    0.0	    0.0	    0.0	    0.0	  1	-1000.0	  500.0	  100.0	    0.0	    0.0	1	  526.8	 21	 1371.8	  -28.2	
    2	   0.20	  -16.9	 1491.0	 -151.9	    0.0	    0.0	    0.0	    0.0	    0.0	    0.0	    0.0	    0.0	  100.0	   99.7	    0.0	    0.0	    0.0	    0.0	    0.1	  1	  -50.0	 1250.0	   99.7	    0.0	    0.0	1	  217.7	 21	 1390.2	   19.0	
    3	   0.30	  -22.9	 1456.9	  -96.1	    0.0	    0.0	    0.0	    0.0	    0.0	    0.0	    0.0	    0.0	  100.0	   99.5	    0.0	    0.0	    0.0	    0.0	    0.1	  1	  -50.0	 1250.0	   99.5	    0.0	    0.0	1	  181.5	 21	 1389.8	   19.0	
    4	   0.40	  -27.5	 1413.7	  -96.1	    0.0	    0.0	    0.0	    0.0	    0.0	    0.0	    0.0	    0.0	  100.0	   99.2	    0.0	    0.0	    0.0	    0.0	    0.1	  1	  -50.0	 1250.0	   99.2	    0.0	    0.0	1	  150.2	 21	 1389.4	   18.9	
    5	   0.50	  -32.6	 1378.4	  -98.5	    0.0	    0.0	    0.0	    0.0	    0.0	    0.0	    0.0	    0.0	  100.0	   98.9	    0.0	    0.0	    0.0	    0.0	    0.2	  1	  -50.0	 1250.0	   98.9	    0.0	    0.0	1	  117.3	 21	    0.0	    0.0	
    6	   0.60	  -36.0	 1349.4	  -96.2	    0.0	    0.0	    0.0	    0.0	    0.0	    0.0	    0.0	    0.0	  100.0	   98.6	    0.0	    0.0	    0.0	    0.0	    0.2	  1	  -50.0	 1250.0	   98.6	    0.0	    0.0	1	   90.0	 21	    0.0	    0.0	
    7	   0.70	  -36.4	 1345.9	  -98.0	    0.0	    0.0	    0.0	    0.0	    0.0	    0.0	    0.0	    0.0	  100.0	   98.3	    0.0	    0.0	    0.0	    0.0	    0.2	  1	  -50.0	 1250.0	   98.3	    0.0	    0.0	1	   86.9	 21	    0.0	    0.0	
    8	   0.80	  -36.4	 1345.9	  -98.1	    0.0	    0.0	    0.0	    0.0	    0.0	    0.0	    0.0	    0.0	  100.0	   98.0	    0.0	    0.0	    0.0	    0.0	    0.3	  1	  -50.0	 1250.0	   98.0	    0.0	    0.0	1	   86.9	 21	    0.0	    0.0	
    9	   0.90	  -36.4	 1345.9	  -98.1	    0.0	    0.0	    0.0	    0.0	    0.0	    0.0	    0.0	    0.0	  100.0	   97.7	    0.0	    0.0	    0.0	    0.0	    0.3	  1	  -50.0	 1250.0	   97.7	    0.0	    0.0	1	   86.9	 21	    0.0	    0.0	
   10	   1.00	  -36.4	 1345.9	  -98.1	    0.0	    0.0	    0.0	    0.0	    0.0	    0.0	    0.0	    0.0	  100.0	   97.4	    0.0	    0.0	    0.0	    0.0	    0.4	  1	  -50.0	 1250.0	   97.4	    0.0	    0.0	1	   86.9	 21	    0.0	    0.0	
   11	   1.10	  -36.4	 1345.9	  -98.1	    0.0	    0.0	    0.0	    0.0	    0.0	    0.0	    0.0	    0.0	  100.0	   97.1	    0.0	    0.0	    0.0	    0.0	    0.4	  1	  -50.0	 1250.0	   97.1	    0.0	    0.0	1	   86.9	 21	    0.0	    0.0	
   12	   1.20	  -36.4	 1345.9	  -98.1	    0.0	    0.0	    0.0	    0.0	    0.0	    0.0	    0.0	    0.0	  100.0	   96.8	    0.0	    0.0	    0.0	    0.0	    0.4	  1	  -50.0	 1250.0	   96.8	    0.0	    0.0	1	   86.9	 21	 1399.9	   20.0	
   13	   1.30	  -36.4	 1345.9	  -98.1	    0.0	    0.0	    0.0	    0.0	    0.0	    0.0	    0.0	    0.0	  100.0	   96.5	    0.0	    0.0	    0.0	    0.0	    0.5	  1	  -50.0	 1250.0	   96.5	    0.0	    0.0	1	   86.9	 21	 1399.4	   19.9	
   14	   1.40	  -36.4	 1345.9	  -98.1	    0.0	    0.0	    0.0	    0.0	    0.0	    0.0	    0.0	    0.0	  100.0	   96.2	    0.0	    0.0	    0.0	    0.0	    0.5	  1	  -50.0	 1250.0	   96.2	    0.0	    0.0	1	   86.9	 21	 1399.0	   19.9	
   15	   1.50	  -36.4	 1345.9	  -98.1	    0.0	    0.0	    0.0	    0.0	    0.0	    0.0	    0.0	    0.0	  100.0	   95.9	    0.0	    0.0	    0.0	    0.0	    0.5	  1	  -50.0	 1250.0	   95.9	    0.0	    0.0	1	   86.9	 21	 1398.5	   19.8	
   16	   1.60	  -36.4	 1345.9	  -98.1	    0.0	    0.0	    0.0	    0.0	    0.0	    0.0	    0.0	    0.0	  100.0	   95.6	    0.0	    0.0	    0.0	    0.0	    0.6	  1	  -50.0	 1250.0	   95.6	    0.0	    0.0	1	   86.9	 21	 1398.0	   19.8	
   17	   1.70	  -36.4	 1345.9	  -98.1	    0.0	    0.0	    0.0	    0.0	    0.0	    0.0	    0.0	    0.0	  100.0	   95.3	    0.0	    0.0	    0.0	    0.0	    0.6	  1	  -50.0	 1250.0	   95.3	    0.0	    0.0	1	   86.9	 21	 1397.6	   19.8	
   18	   1.80	  -36.4	 1345.9	  -98.1	    0.0	    0.0	    0.0	    0.0	    0.0	    0.0	    0.0	    0.0	  100.0	   95.0	    0.0	    0.0	    0.0	    0.0	    0.7	  1	  -50.0	 1250.0	   95.0	    0.0	    0.0	1	   86.9	 21	 1397.1	   19.7	
   19	   1.90	  -36.4	 1345.9	  -98.1	    0.0	    0.0	    0.0	    0.0	    0.0	    0.0	    0.0	    0.0	  100.0	   94.7	    0.0	    0.0	    0.0	    0.0	    0.7	  1	  -50.0	 1250.0	   94.7	    0.0	    0.0	1	   86.9	 21	 1396.6	   19.7	
   20	   2.00	  -36.4	 1345.9	  -98.1	    0.0	    0.0	    0.0	    0.0	    0.0	    0.0	    0.0	    0.0	  100.0	   94.5	    0.0	    0.0	    0.0	    0.0	    0.7	  1	  -50.0	 1250.0	   94.5	    0.0	    0.0	1	   86.9	 21	 1396.2	   19.6	
   21	   2.10	  -36.4	 1345.9	  -98.1	    0.0	    0.0	    0.0	    0.0	    0.0	    0.0	    0.0	    0.0	  100.0	   94.2	    0.0	    0.0	    0.0	    0.0	    0.8	  1	  -50.0	 1250.0	   94.2	    0.0	    0.0	1	   86.9	 21	 1395.7	   19.6	
   22	   2.20	  -36.4	 1345.9	  -98.1	    0.0	    0.0	    0.0	    0.0	    0.0	    0.0	    0.0	    0.0	  100.0	   93.9	    0.0	    0.0	    0.0	    0.0	    0.8	  1	  -50.0	 1250.0	   93.9	    0.0	    0.0	1	   86.9	 21	 1395.2	   19.5	
   23	   2.30	  -36.4	 1345.9	  -98.1	    0.0	    0.0	    0.0	    0.0	    0.0	    0.0	    0.0	    0.0	  100.0	   93.6	    0.0	    0.0	    0.0	    0.0	    0.8	  1	  -50.0	 1250.0	   93.6	    0.0	    0.0	1	   86.9	 21	 1394.8	   19.5	
   24	   2.40	  -36.4	 1345.9	  -98.1	    0.0	    0.0	    0.0	    0.0	    0.0	    0.0	    0.0	    0.0	  100.0	   93.3	    0.0	    0.0	    0.0	    0.0	    0.9	  1	  -50.0	 1250.0	   93.3	    0.0	    0.0	1	   86.9	 21	 1394.3	   19.4	
   25	   2.50	  -36.4	 1345.9	  -98.1	    0.0	    0.0	    0.0	    0.0	    0.0	    0.0	    0.0	    0.0	  100.0	   93.0	    0.0	    0.0	    0.0	    0.0	    0.9	  1	  -50.0	 1250.0	   93.0	    0.0	    0.0	1	   86.9	 21	 1393.8	   19.4	
   26	   2.60	  -36.4	 1345.9	  -98.1	    0.0	    0.0	    0.0	    0.0	    0.0	    0.0	    0.0	    0.0	  100.0	   92.7	    0.0	    0.0	    0.0	    0.0	    0.9	  1	  -50.0	 1250.0	   92.7	    0.0	    0.0	1	   86.9	 21	 1393.4	   19.3	
   27	   2.70	  -36.4	 1345.9	  -98.1	    0.0	    0.0	    0.0	    0.0	    0.0	    0.0	    0.0	    0.0	  100.0	   92.4	    0.0	    0.0	    0.0	    0.0	    1.0	  1	  -50.0	 1250.0	   92.4	    0.0	    0.0	1	   86.9	 21	 1392.9	   19.3	
   28	   2.80	  -36.4	 1345.9	  -98.1	    0.0	    0.0	    0.0	    0.0	    0.0	    0.0	    0.0	    0.0	  100.0	   92.1	    0.0	    0.0	    0.0	    0.0	    1.0	  1	  -50.0	 1250.0	   92.1	    0.0	    0.0	1	   86.9	 21	 1392.4	   19.2	
   29	   2.90	  -36.4	 1345.9	  -98.1	    0.0	    0.0	    0.0	    0.0	    0.0	    0.0	    0.0	    0.0	  100.0	   91.8	    0.0	    0.0	    0.0	    0.0	    1.1	  1	  -50.0	 1250.0	   91.8	    0.0	    0.0	1	   86.9	 21	 1392.0	   19.2	
   30	   3.00	  -36.4	 1345.9	  -98.1	    0.0	    0.0	    0.0	    0.0	    0.0	    0.0	    0.0	    0.0	  100.0	   91.5	    0.0	    0.0	    0.0	    0.0	    1.1	  1	  -50.0	 1250.0	   91.5	    0.0	    0.0	1	   86.9	 21	 1391.5	   19.2	
   31	   3.10	  -36.4	 1345.9	  -98.1	    0.0	    0.0	    0.0	    0.0	    0.0	    0.0	    0.0	    0.0	  100.0	   91.2	    0.0	    0.0	    0.0	    0.0	    1.1	  1	  -50.0	 1250.0	   91.2	    0.0	    0.0	1	   86.9	 21	 1391.1	   19.1	
   32	   3.20	  -36.4	 1345.9	  -98.1	    0.0	    0.0	    0.0	    0.0	    0.0	    0.0	    0.0	    0.0	  100.0	   90.9	    0.0	    0.0	    0.0	    0.0	    1.2	  1	  -50.0	 1250.0	   90.9	    0.0	    0.0	1	   86.9	 21	 1390.6	   19.1	
   33	   3.30	  -36.4	 1345.9	  -98.1	    0.0	    0.0	    0.0	    0.0	    0.0	    0.0	    0.0	    0.0	  100.0	   90.6	    0.0	    0.0	    0.0	    0.0	    1.2	  1	  -50.0	 1250.0	   90.6	    0.0	    0.0	1	   86.9	 21	 1390.1	   19.0	
   34	   3.40	  -36.4	 1345.9	  -98.1	    0.0	    0.0	    0.0	    0.0	    0.0	    0.0	    0.0	    0.0	  100.0	   90.3	    0.0	    0.0	    0.0	    0.0	    1.2	  1	  -50.0	 1250.0	   90.3	    0.0	    0.0	1	   86.9	 21	 1389.7	   19.0	
   35	   3.50	  -36.4	 1345.9	  -98.1	    0.0	    0.0	    0.0	    0.0	    0.0	    0.0	    0.0	    0.0	  100.0	   90.0	    0.0	    0.0	    0.0	    0.0	    1.3	  1	  -50.0	 1250.0	   90.0	    0.0	    0.0	1	   86.9	 21	 1389.2	   18.9	
   36	   3.60	  -36.4	 1345.9	  -98.1	    0.0	    0.0	    0.0	    0.0	    0.0	    0.0	    0.0	    0.0	  100.0	   89.7	    0.0	    0.0	    0.0	    0.0	    1.3	  1	  -50.0	 1250.0	   89.7	    0.0	    0.0	1	   86.9	 21	 1388.7	   18.9	
   37	   3.70	  -36.4	 1345.9	  -98.1	    0.0	    0.0	    0.0	    0.0	    0.0	    0.0	    0.0	    0.0	  100.0	   89.4	    0.0	    0.0	    0.0	    0.0	    1.4	  1	  -50.0	 1250.0	   89.4	    0.0	    0.0	1	   86.9	 21	 1388.3	   18.8	
   38	   3.80	  -36.4	 1345.9	  -98.1	    0.0	    0.0	    0.0	    0.0	    0.0	    0.0	    0.0	    0.0	  100.0	   89.1	    0.0	    0.0	    0.0	    0.0	    1.4	  1	  -50.0	 1250.0	   89.1	    0.0	    0.0	1	   86.9	 21	 1387.8	   18.8	
   39	   3.90	  -36.4	 1345.9	  -98.1	    0.0	    0.0	    0.0	    0.0	    0.0	    0.0	    0.0	    0.0	  100.0	   88.8	    0.0	    0.0	    0.0	    0.0	    1.4	  1	  -50.0	 1250.0	   88.8	    0.0	    0.0	1	   86.9	 21	 1387.3	   18.7	
   40	   4.00	  -36.4	 1345.9	  -98.1	    0.0	    0.0	    0.0	    0.0	    0.0	    0.0	    0.0	    0.0	  100.0	   88.5	    0.0	    0.0	    0.0	    0.0	    1.5	  1	  -50.0	 1250.0	   88.5	    0.0	    0.0	1	   86.9	 21	 1386.9	   18.7	
   41	   4.10	  -36.4	 1345.9	  -98.1	    0.0	    0.0	    0.0	    0.0	    0.0	    0.0	    0.0	    0.0	  100.0	   88.2	    0.0	    0.0	    0.0	    0.0	    1.5	  1	  -50.0	 1250.0	   88.2	    0.0	    0.0	1	   86.9	 21	 1386.4	   18.6	
   42	   4.20	  -36.4	 1345.9	  -98.1	    0.0	    0.0	    0.0	    0.0	    0.0	    0.0	    0.0	    0.0	  100.0	   87.9	    0.0	    0.0	    0.0	    0.0	    1.5	  1	  -50.0	 1250.0	   87.9	    0.0	    0.0	1	   86.9	 21	 1385.9	   18.6	
   43	   4.30	  -36.4	 1345.9	  -98.1	    0.0	    0.0	    0.0	    0.0	    0.0	    0.0	    0.0	    0.0	  100.0	   87.6	    0.0	    0.0	    0.0	    0.0	    1.6	  1	  -50.0	 1250.0	   87.6	    0.0	    0.0	1	   86.9	 21	 1385.5	   18.5	
   44	   4.40	  -36.4	 1345.9	  -98.1	    0.0	    0.0	    0.0	    0.0	    0.0	    0.0	    0.0	    0.0	  100.0	   87.3	    0.0	    0.0	    0.0	    0.0	    1.6	  1	  -50.0	 1250.0	   87.3	    0.0	    0.0	1	   86.9	 21	 1385.0	   18.5	
   45	   4.50	  -36.4	 1345.9	  -98.1	    0.0	    0.0	    0.0	    0.0	    0.0	    0.0	    0.0	    0.0	  100.0	   87.0	    0.0	    0.0	    0.0	    0.0	    1.7	  1	  -50.0	 1250.0	   87.0	    0.0	    0.0	1	   86.9	 21	 1384.5	   18.5	
   46	   4.60	  -36.4	 1345.9	  -98.1	    0.0	    0.0	    0.0	    0.0	    0.0	    0.0	    0.0	    0.0	  100.0	   86.7	    0.0	    0.0	    0.0	    0.0	    1.7	  1	  -50.0	 1250.0	   86.7	    0.0	    0.0	1	   86.9	 21	 1384.1	   18.4	
   47	   4.70	  -36.4	 1345.9	  -98.1	    0.0	    0.0	    0.0	    0.0	    0.0	    0.0	    0.0	    0.0	  100.0	   86.4	    0.0	    0.0	    0.0	    0.0	    1.7	  1	  -50.0	 1250.0	   86.4	    0.0	    0.0	1	   86.9	 21	 1383.6	   18.4	
   48	   4.80	  -36.4	 1345.9	  -98.1	    0.0	    0.0	    0.0	    0.0	    0.0	    0.0	    0.0	    0.0	  100.0	   86.1	    0.0	    0.0	    0.0	    0.0	    1.8	  1	  -50.0	 1250.0	   86.1	    0.0	    0.0	1	   86.9	 21	 1383.2	   18.3	
   49	   4.90	  -36.4	 1345.9	  -98.1	    0.0	    0.0	    0.0	    0.0	    0.0	    0.0	    0.0	    0.0	  100.0	   85.8	    0.0	    0.0	    0.0	    0.0	    1.8	  1	  -50.0	 1250.0	   85.8	    0.0	    0.0	1	   86.9	 21	 1382.7	   18.3	
   50	   5.00	  -36.4	 1345.9	  -98.1	    0.0	    0.0	    0.0	    0.0	    0.0	    0.0	    0.0	    0.0	  100.0	   85.5	    0.0	    0.0	    0.0	    0.0	    1.8	  1	  -50.0	 1250.0	   85.5	    0.0	    0.0	1	   86.9	 21	 1382.2	   18.2	
   51	   5.10	  -36.4	 1345.9	  -98.1	    0.0	    0.0	    0.0	    0.0	    0.0	    0.0	    0.0	    0.0	  100.0	   85.2	    0.0	    0.0	    0.0	    0.0	    1.9	  1	  -50.0	 1250.0	   85.2	    0.0	    0.0	1	   86.9	 21	 1381.8	   18.2	
   52	   5.20	  -36.4	 1345.9	  -98.1	    0.0	    0.0	    0.0	    0.0	    0.0	    0.0	    0.0	    0.0	  100.0	   84.9	    0.0	    0.0	    0.0	    0.0	    1.9	  1	  -50.0	 1250.0	   84.9	    0.0	    0.0	1	   86.9	 21	 1381.3	   18.1	
   53	   5.30	  -36.4	 1345.9	  -98.1	    0.0	    0.0	    0.0	    0.0	    0.0	    0.0	    0.0	    0.0	  100.0	   84.6	    0.0	    0.0	    0.0	    0.0	    1.9	  1	  -50.0	 1250.0	   84.6	    0.0	    0.0	1	   86.9	 21	 1380.8	   18.1	
   54	   5.40	  -36.4	 1345.9	  -98.1	    0.0	    0.0	    0.0	    0.0	    0.0	    0.0	    0.0	    0.0	  100.0	   84.3	    0.0	    0.0	    0.0	    0.0	    2.0	  1	  -50.0	 1250.0	   84.3	    0.0	    0.0	1	   86.9	 21	 1380.4	   18.0	
   55	   5.50	  -36.4	 1345.9	  -98.1	    0.0	    0.0	    0.0	    0.0	    0.0	    0.0	    0.0	    0.0	  100.0	   84.0	    0.0	    0.0	    0.0	    0.0	    2.0	  1	  -50.0	 1250.0	   84.0	    0.0	    0.0	1	   86.9	 21	 1379.9	   18.0	
   56	   5.60	  -36.4	 1345.9	  -98.1	    0.0	    0.0	    0.0	    0.0	    0.0	    0.0	    0.0	    0.0	  100.0	   83.8	    0.0	    0.0	    0.0	    0.0	    2.1	  1	  -50.0	 1250.0	   83.8	    0.0	    0.0	1	   86.9	 21	 1379.4	   17.9	
   57	   5.70	  -36.4	 1345.9	  -98.1	    0.0	    0.0	    0.0	    0.0	    0.0	    0.0	    0.0	    0.0	  100.0	   83.5	    0.0	    0.0	    0.0	    0.0	    2.1	  1	  -50.0	 1250.0	   83.5	    0.0	    0.0	1	   86.9	 21	 1379.0	   17.9	
   58	   5.80	  -36.4	 1345.9	  -98.1	    0.0	    0.0	    0.0	    0.0	    0.0	    0.0	    0.0	    0.0	  100.0	   83.2	    0.0	    0.0	    0.0	    0.0	    2.1	  1	  -50.0	 1250.0	   83.2	    0.0	    0.0	1	   86.9	 21	 1378.5	   17.9	
   59	   5.90	  -36.4	 1345.9	  -98.1	    0.0	    0.0	    0.0	    0.0	    0.0	    0.0	    0.0	    0.0	  100.0	   82.9	    0.0	    0.0	    0.0	    0.0	    2.2	  1	  -50.0	 1250.0	   82.9	    0.0	    0.0	1	   86.9	 21	 1378.0	   17.8	
   60	   6.00	  -36.4	 1345.9	  -98.1	    0.0	    0.0	    0.0	    0.0	    0.0	    0.0	    0.0	    0.0	  100.0	   82.6	    0.0	    0.0	    0.0	    0.0	    2.2	  1	  -50.0	 1250.0	   82.6	    0.0	    0.0	1	   86.9	 21	 1377.6	   17.8	
   61	   6.10	  -36.4	 1345.9	  -98.1	    0.0	    0.0	    0.0	    0.0	    0.0	    0.0	    0.0	    0.0	  100.0	   82.3	    0.0	    0.0	    0.0	    0.0	    2.2	  1	  -50.0	 1250.0	   82.3	    0.0	    0.0	1	   86.9	 21	 1377.1	   17.7	
   62	   6.20	  -36.4	 1345.9	  -98.1	    0.0	    0.0	    0.0	    0.0	    0.0	    0.0	    0.0	    0.0	  100.0	   82.0	    0.0	    0.0	    0.0	    0.0	    2.3	  1	  -50.0	 1250.0	   82.0	    0.0	    0.0	1	   86.9	 21	 1376.6	   17.7	
   63	   6.30	  -36.4	 1345.9	  -98.1	    0.0	    0.0	    0.0	    0.0	    0.0	    0.0	    0.0	    0.0	  100.0	   81.7	    0.0	    0.0	    0.0	    0.0	    2.3	  1	  -50.0	 1250.0	   81.7	    0.0	    0.0	1	   86.9	 21	 1376.2	   17.6	
   64	   6.40	  -36.4	 1345.9	  -98.1	    0.0	    0.0	    0.0	    0.0	    0.0	    0.0	    0.0	    0.0	  100.0	   81.4	    0.0	    0.0	    0.0	    0.0	    2.4	  1	  -50.0	 1250.0	   81.4	    0.0	    0.0	1	   86.9	 21	 1375.7	   17.6	
   65	   6.50	  -36.4	 1345.9	  -98.1	    0.0	    0.0	    0.0	    0.0	    0.0	    0.0	    0.0	    0.0	  100.0	   81.1	    0.0	    0.0	    0.0	    0.0	    2.4	  1	  -50.0	 1250.0	   81.1	    0.0	    0.0	1	   86.9	 21	 1375.2	   17.5	
   66	   6.60	  -36.4	 1345.9	  -98.1	    0.0	    0.0	    0.0	    0.0	    0.0	    0.0	    0.0	    0.0	  100.0	   80.8	    0.0	    0.0	    0.0	    0.0	    2.4	  1	  -50.0	 1250.0	   80.8	    0.0	    0.0	1	   86.9	 21	 1374.8	   17.5	
   67	   6.70	  -36.4	 1345.9	  -98.1	    0.0	    0.0	    0.0	    0.0	    0.0	    0.0	    0.0	    0.0	  100.0	   80.5	    0.0	    0.0	    0.0	    0.0	    2.5	  1	  -50.0	 1250.0	   80.5	    0.0	    0.0	1	   86.9	 21	 1374.3	   17.4	
   68	   6.80	  -36.4	 1345.9	  -98.1	    0.0	    0.0	    0.0	    0.0	    0.0	    0.0	    0.0	    0.0	  100.0	   80.2	    0.0	    0.0	    0.0	    0.0	    2.5	  1	  -50.0	 1250.0	   80.2	    0.0	    0.0	1	   86.9	 21	 1373.9	   17.4	
   69	   6.90	  -36.4	 1345.9	  -98.1	    0.0	    0.0	    0.0	    0.0	    0.0	    0.0	    0.0	    0.0	  100.0	   79.9	    0.0	    0.0	    0.0	    0.0	    2.5	  1	  -50.0	 1250.0	   79.9	    0.0	    0.0	1	   86.9	 21	 1373.4	   17.3	
   70	   7.00	  -36.4	 1345.9	  -98.1	    0.0	    0.0	    0.0	    0.0	    0.0	    0.0	    0.0	    0.0	  100.0	   79.6	    0.0	    0.0	    0.0	    0.0	    2.6	  1	  -50.0	 1250.0	   79.6	    0.0	    0.0	1	   86.9	 21	 1372.9	   17.3	
   71	   7.10	  -36.4	 1345.9	  -98.1	    0.0	    0.0	    0.0	    0.0	    0.0	    0.0	    0.0	    0.0	  100.0	   79.3	    0.0	    0.0	    0.0	    0.0	    2.6	  1	  -50.0	 1250.0	   79.3	    0.0	    0.0	1	   86.9	 21	 1372.5	   17.2	
   72	   7.20	  -36.4	 1345.9	  -98.1	    0.0	    0.0	    0.0	    0.0	    0.0	    0.0	    0.0	    0.0	  100.0	   79.0	    0.0	    0.0	    0.0	    0.0	    2.7	  1	  -50.0	 1250.0	   79.0	    0.0	    0.0	1	   86.9	 21	 1372.0	   17.2	
   73	   7.30	  -36.4	 1345.9	  -98.1	    0.0	    0.0	    0.0	    0.0	    0.0	    0.0	    0.0	    0.0	  100.0	   78.7	    0.0	    0.0	    0.0	    0.0	    2.7	  1	  -50.0	 1250.0	   78.7	    0.0	    0.0	1	   86.9	 21	 1371.5	   17.2	
   74	   7.40	  -36.4	 1345.9	  -98.1	    0.0	    0.0	    0.0	    0.0	    0.0	    0.0	    0.0	    0.0	  100.0	   78.4	    0.0	    0.0	    0.0	    0.0	    2.7	  1	  -50.0	 1250.0	   78.4	    0.0	    0.0	1	   86.9	 21	 1371.1	   17.1	
   75	   7.50	  -36.4	 1345.9	  -98.1	    0.0	    0.0	    0.0	    0.0	    0.0	    0.0	    0.0	    0.0	  100.0	   78.1	    0.0	    0.0	    0.0	    0.0	    2.8	  1	  -50.0	 1250.0	   78.1	    0.0	    0.0	1	   86.9	 21	 1370.6	   17.1	
   76	   7.60	  -36.4	 1345.9	  -98.1	    0.0	    0.0	    0.0	    0.0	    0.0	    0.0	    0.0	    0.0	  100.0	   77.8	    0.0	    0.0	    0.0	    0.0	    2.8	  1	  -50.0	 1250.0	   77.8	    0.0	    0.0	1	   86.9	 21	 1370.1	   17.0	
   77	   7.70	  -36.4	 1345.9	  -98.1	    0.0	    0.0	    0.0	    0.0	    0.0	    0.0	    0.0	    0.0	  100.0	   77.5	    0.0	    0.0	    0.0	    0.0	    2.8	  1	  -50.0	 1250.0	   77.5	    0.0	    0.0	1	   86.9	 21	 1369.7	   17.0	
   78	   7.80	  -36.4	 1345.9	  -98.1	    0.0	    0.0	    0.0	    0.0	    0.0	    0.0	    0.0	    0.0	  100.0	   77.2	    0.0	    0.0	    0.0	    0.0	    2.9	  1	  -50.0	 1250.0	   77.2	    0.0	    0.0	1	   86.9	 21	 1369.2	   16.9	
   79	   7.90	  -36.4	 1345.9	  -98.1	    0.0	    0.0	    0.0	    0.0	    0.0	    0.0	    0.0	    0.0	  100.0	   76.9	    0.0	    0.0	    0.0	    0.0	    2.9	  1	  -50.0	 1250.0	   76.9	    0.0	    0.0	1	   86.9	 21	 1368.7	   16.9	
   80	   8.00	  -36.4	 1345.9	  -98.1	    0.0	    0.0	    0.0	    0.0	    0.0	    0.0	    0.0	    0.0	  100.0	   76.6	    0.0	    0.0	    0.0	    0.0	    2.9	  1	  -50.0	 1250.0	   76.6	    0.0	    0.0	1	   86.9	 21	 1368.3	   16.8	
   81	   8.10	  -36.4	 1345.9	  -98.1	    0.0	    0.0	    0.0	    0.0	    0.0	    0.0	    0.0	    0.0	  100.0	   76.3	    0.0	    0.0	    0.0	    0.0	    3.0	  1	  -50.0	 1250.0	   76.3	    0.0	    0.0	1	   86.9	 21	 1367.8	   16.8	
   82	   8.20	  -36.4	 1345.9	  -98.1	    0.0	    0.0	    0.0	    0.0	    0.0	    0.0	    0.0	    0.0	  100.0	   76.0	    0.0	    0.0	    0.0	    0.0	    3.0	  1	  -50.0	 1250.0	   76.0	    0.0	    0.0	1	   86.9	 21	 1367.3	   16.7	
   83	   8.30	  -36.4	 1345.9	  -98.1	    0.0	    0.0	    0.0	    0.0	    0.0	    0.0	    0.0	    0.0	  100.0	   75.7	    0.0	    0.0	    0.0	    0.0	    3.1	  1	  -50.0	 1250.0	   75.7	    0.0	    0.0	1	   86.9	 21	 1366.9	   16.7	
   84	   8.40	  -36.4	 1345.9	  -98.1	    0.0	    0.0	    0.0	    0.0	    0.0	    0.0	    0.0	    0.0	  100.0	   75.4	    0.0	    0.0	    0.0	    0.0	    3.1	  1	  -50.0	 1250.0	   75.4	    0.0	    0.0	1	   86.9	 21	 1366.4	   16.6	
   85	   8.50	  -36.4	 1345.9	  -98.1	    0.0	    0.0	    0.0	    0.0	    0.0	    0.0	    0.0	    0.0	  100.0	   75.1	    0.0	    0.0	    0.0	    0.0	    3.1	  1	  -50.0	 1250.0	   75.1	    0.0	    0.0	1	   86.9	 21	 1366.0	   16.6	
   86	   8.60	  -36.4	 1345.9	  -98.1	    0.0	    0.0	    0.0	    0.0	    0.0	    0.0	    0.0	    0.0	  100.0	   74.8	    0.0	    0.0	    0.0	    0.0	    3.2	  1	  -50.0	 1250.0	   74.8	    0.0	    0.0	1	   86.9	 21	 1365.5	   16.5	
   87	   8.70	  -36.4	 1345.9	  -98.1	    0.0	    0.0	    0.0	    0.0	    0.0	    0.0	    0.0	    0.0	  100.0	   74.5	    0.0	    0.0	    0.0	    0.0	    3.2	  1	  -50.0	 1250.0	   74.5	    0.0	    0.0	1	   86.9	 21	 1365.0	   16.5	
   88	   8.80	  -36.4	 1345.9	  -98.1	    0.0	    0.0	    0.0	    0.0	    0.0	    0.0	    0.0	    0.0	  100.0	   74.2	    0.0	    0.0	    0.0	    0.0	    3.2	  1	  -50.0	 1250.0	   74.2	    0.0	    0.0	1	   86.9	 21	 1364.6	   16.5	
   89	   8.90	  -36.4	 1345.9	  -98.1	    0.0	    0.0	    0.0	    0.0	    0.0	    0.0	    0.0	    0.0	  100.0	   73.9	    0.0	    0.0	    0.0	    0.0	    3.3	  1	  -50.0	 1250.0	   73.9	    0.0	    0.0	1	   86.9	 21	 1364.1	   16.4	
   90	   9.00	  -36.4	 1345.9	  -98.1	    0.0	    0.0	    0.0	    0.0	    0.0	    0.0	    0.0	    0.0	  100.0	   73.6	    0.0	    0.0	    0.0	    0.0	    3.3	  1	  -50.0	 1250.0	   73.6	    0.0	    0.0	1	   86.9	 21	 1363.6	   16.4	
   91	   9.10	  -36.4	 1345.9	  -98.1	    0.0	    0.0	    0.0	    0.0	    0.0	    0.0	    0.0	    0.0	  100.0	   73.3	    0.0	    0.0	    0.0	    0.0	    3.4	  1	  -50.0	 1250.0	   73.3	    0.0	    0.0	1	   86.9	 21	 1363.2	   16.3	
   92	   9.20	  -36.4	 1345.9	  -98.1	    0.0	    0.0	    0.0	    0.0	    0.0	    0.0	    0.0	    0.0	  100.0	   73.1	    0.0	    0.0	    0.0	    0.0	    3.4	  1	  -50.0	 1250.0	   73.1	    0.0	    0.0	1	   86.9	 21	 1362.7	   16.3	
   93	   9.30	  -36.4	 1345.9	  -98.1	    0.0	    0.0	    0.0	    0.0	    0.0	    0.0	    0.0	    0.0	  100.0	   72.8	    0.0	    0.0	    0.0	    0.0	    3.4	  1	  -50.0	 1250.0	   72.8	    0.0	    0.0	1	   86.9	 21	 1362.2	   16.2	
   94	   9.40	  -36.4	 1345.9	  -98.1	    0.0	    0.0	    0.0	    0.0	    0.0	    0.0	    0.0	    0.0	  100.0	   72.5	    0.0	    0.0	    0.0	    0.0	    3.5	  1	  -50.0	 1250.0	   72.5	    0.0	    0.0	1	   86.9	 21	 1361.8	   16.2	
   95	   9.50	  -36.4	 1345.9	  -98.1	    0.0	    0.0	    0.0	    0.0	    0.0	    0.0	    0.0	    0.0	  100.0	   72.2	    0.0	    0.0	    0.0	    0.0	    3.5	  1	  -50.0	 1250.0	   72.2	    0.0	    0.0	1	   86.9	 21	 1361.3	   16.1	
   96	   9.60	  -36.4	 1345.9	  -98.1	    0.0	    0.0	    0.0	    0.0	    0.0	    0.0	    0.0	    0.0	  100.0	   71.9	    0.0	    0.0	    0.0	    0.0	    3.5	  1	  -50.0	 1250.0	   71.9	    0.0	    0.0	1	   86.9	 21	 1360.8	   16.1	
   97	   9.70	  -36.4	 1345.9	  -98.1	    0.0	    0.0	    0.0	    0.0	    0.0	    0.0	    0.0	    0.0	  100.0	   71.6	    0.0	    0.0	    0.0	    0.0	    3.6	  1	  -50.0	 1250.0	   71.6	    0.0	    0.0	1	   86.9	 21	 1360.4	   16.0	
   98	   9.80	  -36.4	 1345.9	  -98.1	    0.0	    0.0	    0.0	    0.0	    0.0	    0.0	    0.0	    0.0	  100.0	   71.3	    0.0	    0.0	    0.0	    0.0	    3.6	  1	  -50.0	 1250.0	   71.3	    0.0	    0.0	1	   86.9	 21	 1359.9	   16.0	
   99	   9.90	  -36.4	 1345.9	  -98.1	    0.0	    0.0	    0.0	    0.0	    0.0	    0.0	    0.0	    0.0	  100.0	   71.0	    0.0	    0.0	    0.0	    0.0	    3.7	  1	  -50.0	 1250.0	   71.0	    0.0	    0.0	1	   86.9	 21	 1359.4	   15.9	
  100	  10.00	  -36.4	 1345.9	  -98.1	    0.0	    0.0	    0.0	    0.0	    0.0	    0.0	    0.0	    0.0	  100.0	   70.7	    0.0	    0.0	    0.0	    0.0	    3.7	  1	  -50.0	 1250.0	   70.7	    0.0	    0.0	1	   86.9	 21	 1359.0	   15.9	
  101	  10.10	  -36.4	 1345.9	  -98.1	    0.0	    0.0	    0.0	    0.0	    0.0	    0.0	    0.0	    0.0	  100.0	   70.4	    0.0	    0.0	    0.0	    0.0	    3.7	  1	  -50.0	 1250.0	   70.4	    0.0	    0.0	1	   86.9	 21	 1358.5	   15.9	
  102	  10.20	  -36.4	 1345.9	  -98.1	    0.0	    0.0	    0.0	    0.0	    0.0	    0.0	    0.0	    0.0	  100.0	   70.1	    0.0	    0.0	    0.0	    0.0	    3.8	  1	  -50.0	 1250.0	   70.1	    0.0	    0.0	1	   86.9	 21	 1358.1	   15.8	
  103	  10.30	  -36.4	 1345.9	  -98.1	    0.0	    0.0	    0.0	    0.0	    0.0	    0.0	    0.0	    0.0	  100.0	   69.8	    0.0	    0.0	    0.0	    0.0	    3.8	  1	  -50.0	 1250.0	   69.8	    0.0	    0.0	1	   86.9	 21	 1357.6	   15.8	
  104	  10.40	  -36.4	 1345.9	  -98.1	    0.0	    0.0	    0.0	    0.0	    0.0	    0.0	    0.0	    0.0	  100.0	   69.5	    0.0	    0.0	    0.0	    0.0	    3.8	  1	  -50.0	 1250.0	   69.5	    0.0	    0.0	1	   86.9	 21	 1357.1	   15.7	
  105	  10.50	  -36.4	 1345.9	  -98.1	    0.0	    0.0	    0.0	    0.0	    0.0	    0.0	    0.0	    0.0	  100.0	   69.2	    0.0	    0.0	    0.0	    0.0	    3.9	  1	  -50.0	 1250.0	   69.2	    0.0	    0.0	1	   86.9	 21	 1356.7	   15.7	
  106	  10.60	  -36.4	 1345.9	  -98.1	    0.0	    0.0	    0.0	    0.0	    0.0	    0.0	    0.0	    0.0	  100.0	   68.9	    0.0	    0.0	    0.0	    0.0	    3.9	  1	  -50.0	 1250.0	   68.9	    0.0	    0.0	1	   86.9	 21	 1356.2	   15.6	
  107	  10.70	  -36.4	 1345.9	  -98.1	    0.0	    0.0	    0.0	    0.0	    0.0	    0.0	    0.0	    0.0	  100.0	   68.6	    0.0	    0.0	    0.0	    0.0	    3.9	  1	  -50.0	 1250.0	   68.6	    0.0	    0.0	1	   86.9	 21	 1355.7	   15.6	
  108	  10.80	  -36.4	 1345.9	  -98.1	    0.0	    0.0	    0.0	    0.0	    0.0	    0.0	    0.0	    0.0	  100.0	   68.3	    0.0	    0.0	    0.0	    0.0	    4.0	  1	  -50.0	 1250.0	   68.3	    0.0	    0.0	1	   86.9	 21	 1355.3	   15.5	
  109	  10.90	  -36.4	 1345.9	  -98.1	    0.0	    0.0	    0.0	    0.0	    0.0	    0.0	    0.0	    0.0	  100.0	   68.0	    0.0	    0.0	    0.0	    0.0	    4.0	  1	  -50.0	 1250.0	   68.0	    0.0	    0.0	1	   86.9	 21	 1354.8	   15.5	
  110	  11.00	  -36.4	 1345.9	  -98.1	    0.0	    0.0	    0.0	    0.0	    0.0	    0.0	    0.0	    0.0	  100.0	   67.7	    0.0	    0.0	    0.0	    0.0	    4.1	  1	  -50.0	 1250.0	   67.7	    0.0	    0.0	1	   86.9	 21	 1354.3	   15.4	
  111	  11.10	  -36.4	 1345.9	  -98.1	    0.0	    0.0	    0.0	    0.0	    0.0	    0.0	    0.0	    0.0	  100.0	   67.4	    0.0	    0.0	    0.0	    0.0	    4.1	  1	  -50.0	 1250.0	   67.4	    0.0	    0.0	1	   86.9	 21	 1353.9	   15.4	
  112	  11.20	  -36.4	 1345.9	  -98.1	    0.0	    0.0	    0.0	    0.0	    0.0	    0.0	    0.0	    0.0	  100.0	   67.1	    0.0	    0.0	    0.0	    0.0	    4.1	  1	  -50.0	 1250.0	   67.1	    0.0	    0.0	1	   86.9	 21	 1353.4	   15.3	
  113	  11.30	  -36.4	 1345.9	  -98.1	    0.0	    0.0	    0.0	    0.0	    0.0	    0.0	    0.0	    0.0	  100.0	   66.8	    0.0	    0.0	    0.0	    0.0	    4.2	  1	  -50.0	 1250.0	   66.8	    0.0	    0.0	1	   86.9	 21	 1352.9	   15.3	
  114	  11.40	  -36.4	 1345.9	  -98.1	    0.0	    0.0	    0.0	    0.0	    0.0	    0.0	    0.0	    0.0	  100.0	   66.5	    0.0	    0.0	    0.0	    0.0	    4.2	  1	  -50.0	 1250.0	   66.5	    0.0	    0.0	1	   86.9	 21	 1352.5	   15.2	
  115	  11.50	  -36.4	 1345.9	  -98.1	    0.0	    0.0	    0.0	    0.0	    0.0	    0.0	    0.0	    0.0	  100.0	   66.2	    0.0	    0.0	    0.0	    0.0	    4.2	  1	  -50.0	 1250.0	   66.2	    0.0	    0.0	1	   86.9	 21	 1352.0	   15.2	
  116	  11.60	  -36.4	 1345.9	  -98.1	    0.0	    0.0	    0.0	    0.0	    0.0	    0.0	    0.0	    0.0	  100.0	   65.9	    0.0	    0.0	    0.0	    0.0	    4.3	  1	  -50.0	 1250.0	   65.9	    0.0	    0.0	1	   86.9	 21	 1351.5	   15.2	
  117	  11.70	  -36.4	 1345.9	  -98.1	    0.0	    0.0	    0.0	    0.0	    0.0	    0.0	    0.0	    0.0	  100.0	   65.6	    0.0	    0.0	    0.0	    0.0	    4.3	  1	  -50.0	 1250.0	   65.6	    0.0	    0.0	1	   86.9	 21	 1351.1	   15.1	
  118	  11.80	  -36.4	 1345.9	  -98.1	    0.0	    0.0	    0.0	    0.0	    0.0	    0.0	    0.0	    0.0	  100.0	   65.3	    0.0	    0.0	    0.0	    0.0	    4.4	  1	  -50.0	 1250.0	   65.3	    0.0	    0.0	1	   86.9	 21	 1350.6	   15.1	
  119	  11.90	  -36.4	 1345.9	  -98.1	    0.0	    0.0	    0.0	    0.0	    0.0	    0.0	    0.0	    0.0	  100.0	   65.0	    0.0	    0.0	    0.0	    0.0	    4.4	  1	  -50.0	 1250.0	   65.0	    0.0	    0.0	1	   86.9	 21	 1350.2	   15.0	
  120	  12.00	  -36.4	 1345.9	  -98.1	  531.8	 1489.8	    0.0	  200.0	    0.0	    0.0	    0.0	    0.0	  100.0	   64.9	    0.0	    0.0	    0.0	    0.0	    4.4	  1	  750.0	 2500.0	   64.9	    0.0	    0.0	1	  470.7	 21	 1208.0	 -192.0	
  121	  12.10	  -26.9	 1363.1	   61.2	  531.8	 1489.8	    0.0	  200.0	    0.0	    0.0	    0.0	    0.0	  100.0	   64.4	    0.0	    0.0	    0.0	    0.0	    4.5	  1	 -250.0	 1450.0	   64.4	    0.0	    0.0	1	  220.0	 21	    0.0	    0.0	
  122	  12.20	  -44.2	 1372.5	  159.6	  469.0	 1449.4	    0.0	  200.0	    0.0	    0.0	    0.0	    0.0	  100.0	   64.0	    0.0	    0.0	    0.0	    0.0	    4.5	  1	 -350.0	 1350.0	   64.0	    0.0	    0.0	1	  278.1	 21	    0.0	    0.0	
  123	  12.30	  -97.0	 1371.4	 -177.0	  531.8	 1489.8	    0.0	  200.0	    0.0	    0.0	    0.0	    0.0	  100.0	   63.5	    0.0	    0.0	    0.0	    0.0	    4.5	  1	 -250.0	 1450.0	   63.5	    0.0	    0.0	1	  153.5	 21	 1361.0	  -39.0	
  124	  12.40	 -128.4	 1384.3	  151.2	  531.8	 1489.8	    0.0	  200.0	    0.0	    0.0	    0.0	    0.0	  100.0	   63.1	    0.0	    0.0	    0.0	    0.0	    4.6	  1	 -250.0	 1450.0	   63.1	    0.0	    0.0	1	  131.1	 21	    0.0	    0.0	
  125	  12.50	 -154.1	 1399.0	  149.9	  578.9	 1532.3	    0.0	  200.0	    0.0	    0.0	    0.0	    0.0	  100.0	   62.7	    0.0	    0.0	    0.0	    0.0	    4.6	  1	 -150.0	 1350.0	   62.7	    0.0	    0.0	1	   45.4	 21	 1369.1	  -30.9	
  126	  12.60	 -160.0	 1402.4	   10.3	  531.8	 1489.8	    0.0	  200.0	    0.0	    0.0	    0.0	    0.0	  100.0	   62.2	    0.0	    0.0	    0.0	    0.0	    4.6	  1	 -250.0	 1450.0	   62.2	    0.0	    0.0	1	   96.5	 21	    0.0	    0.0	
  127	  12.70	 -176.3	 1411.8	  150.0	  578.9	 1532.3	    0.0	  200.0	    0.0	    0.0	    0.0	    0.0	  100.0	   61.8	    0.0	    0.0	    0.0	    0.0	    4.7	  1	 -150.0	 1350.0	   61.8	    0.0	    0.0	1	   61.4	 21	 1369.8	  -30.2	
  128	  12.80	 -178.8	 1413.2	    9.1	  578.9	 1532.3	    0.0	  200.0	    0.0	    0.0	    0.0	    0.0	  100.0	   61.4	    0.0	    0.0	    0.0	    0.0	    4.7	  1	 -150.0	 1350.0	   61.4	    0.0	    0.0	1	   61.1	 21	    0.0	    0.0	
  129	  12.90	 -178.8	 1413.2	    8.9	  578.9	 1532.3	    0.0	  200.0	    0.0	    0.0	    0.0	    0.0	  100.0	   60.9	    0.0	    0.0	    0.0	    0.0	    4.7	  1	 -150.0	 1350.0	   60.9	    0.0	    0.0	1	   61.1	 21	    0.0	    0.0	
  130	  13.00	 -178.8	 1413.2	    8.9	  608.1	 1546.8	    0.0	  200.0	    0.0	    0.0	    0.0	    0.0	  100.0	   60.5	    0.0	    0.0	    0.0	    0.0	    4.7	  1	 -150.0	 1450.0	   60.5	    0.0	    0.0	1	   45.5	 21	    0.0	    0.0	
  131	  13.10	 -178.8	 1413.2	    9.6	  608.1	 1546.8	    0.0	  200.0	    0.0	    0.0	    0.0	    0.0	  100.0	   60.1	    0.0	    0.0	    0.0	    0.0	    4.8	  1	 -150.0	 1450.0	   60.1	    0.0	    0.0	1	   45.5	 21	    0.0	    0.0	
  132	  13.20	 -178.8	 1413.2	    9.6	  608.1	 1546.8	    0.0	  200.0	    0.0	    0.0	    0.0	    0.0	  100.0	   59.7	    0.0	    0.0	    0.0	    0.0	    4.8	  1	 -150.0	 1450.0	   59.7	    0.0	    0.0	1	   45.5	 21	    0.0	    0.0	
  133	  13.30	 -178.8	 1413.2	    9.6	  608.1	 1546.8	    0.0	  200.0	    0.0	    0.0	    0.0	    0.0	  100.0	   59.2	    0.0	    0.0	    0.0	    0.0	    4.8	  1	 -150.0	 1450.0	   59.2	    0.0	    0.0	1	   45.5	 21	    0.0	    0.0	
  134	  13.40	 -178.8	 1413.2	    9.6	  608.1	 1546.8	    0.0	  200.0	    0.0	    0.0	    0.0	    0.0	  100.0	   58.8	    0.0	    0.0	    0.0	    0.0	    4.9	  1	 -150.0	 1450.0	   58.8	    0.0	    0.0	1	   45.5	 21	    0.0	    0.0	
  135	  13.50	 -178.8	 1413.2	    9.6	  608.9	 1548.0	    0.0	  200.0	    0.0	    0.0	    0.0	    0.0	  100.0	   58.4	    0.0	    0.0	    0.0	    0.0	    4.9	  1	 -150.0	 1450.0	   58.4	    0.0	    0.0	1	   45.5	 21	    0.0	    0.0	
  136	  13.60	 -178.8	 1413.2	    9.7	  608.9	 1548.0	    0.0	  200.0	    0.0	    0.0	    0.0	    0.0	  100.0	   58.0	    0.0	    0.0	    0.0	    0.0	    4.9	  1	 -150.0	 1450.0	   58.0	    0.0	    0.0	1	   45.5	 21	    0.0	    0.0	
  137	  13.70	 -178.8	 1413.2	    9.7	  608.9	 1548.0	    0.0	  200.0	    0.0	    0.0	    0.0	    0.0	  100.0	   57.6	    0.0	    0.0	    0.0	    0.0	    4.9	  1	 -150.0	 1450.0	   57.6	    0.0	    0.0	1	   45.5	 21	    0.0	    0.0	
  138	  13.80	 -178.8	 1413.2	    9.7	  608.9	 1548.0	    0.0	  200.0	    0.0	    0.0	    0.0	    0.0	  100.0	   57.1	    0.0	    0.0	    0.0	    0.0	    5.0	  1	 -150.0	 1450.0	   57.1	    0.0	    0.0	1	   45.5	 21	    0.0	    0.0	
  139	  13.90	 -178.8	 1413.2	    9.7	  608.9	 1548.0	    0.0	  200.0	    0.0	    0.0	    0.0	    0.0	  100.0	   56.7	    0.0	    0.0	    0.0	    0.0	    5.0	  1	 -150.0	 1450.0	   56.7	    0.0	    0.0	1	   45.5	 21	    0.0	    0.0	
  140	  14.00	 -178.8	 1413.2	    9.7	  614.0	 1554.4	    0.0	  200.0	    0.0	    0.0	    0.0	    0.0	  100.0	   56.3	    0.0	    0.0	    0.0	    0.0	    5.0	  1	 -150.0	 1450.0	   56.3	    0.0	    0.0	1	   45.5	 21	    0.0	    0.0	
  141	  14.10	 -178.8	 1413.2	   10.1	  614.0	 1554.4	    0.0	  200.0	    0.0	    0.0	    0.0	    0.0	  100.0	   55.9	    0.0	    0.0	    0.0	    0.0	    5.0	  1	 -150.0	 1450.0	   55.9	    0.0	    0.0	1	   45.5	 21	    0.0	    0.0	
  142	  14.20	 -178.8	 1413.2	   10.1	  614.0	 1554.4	    0.0	  200.0	    0.0	    0.0	    0.0	    0.0	  100.0	   55.4	    0.0	    0.0	    0.0	    0.0	    5.1	  1	 -150.0	 1450.0	   55.4	    0.0	    0.0	1	   45.5	 21	    0.0	    0.0	
  143	  14.30	 -178.8	 1413.2	   10.1	  614.0	 1554.4	    0.0	  200.0	    0.0	    0.0	    0.0	    0.0	  100.0	   55.0	    0.0	    0.0	    0.0	    0.0	    5.1	  1	 -150.0	 1450.0	   55.0	    0.0	    0.0	1	   45.5	 21	    0.0	    0.0	
  144	  14.40	 -178.8	 1413.2	   10.1	  614.0	 1554.4	    0.0	  200.0	    0.0	    0.0	    0.0	    0.0	  100.0	   54.6	    0.0	    0.0	    0.0	    0.0	    5.1	  1	 -150.0	 1450.0	   54.6	    0.0	    0.0	1	   45.5	 21	    0.0	    0.0	
  145	  14.50	 -178.8	 1413.2	   10.1	  614.0	 1554.4	    0.0	  200.0	    0.0	    0.0	    0.0	    0.0	  100.0	   54.2	    0.0	    0.0	    0.0	    0.0	    5.2	  1	 -150.0	 1450.0	   54.2	    0.0	    0.0	1	   45.5	 21	    0.0	    0.0	
  146	  14.60	 -178.8	 1413.2	   10.1	  619.4	 1562.0	    0.0	  200.0	    0.0	    0.0	    0.0	    0.0	  100.0	   53.8	    0.0	    0.0	    0.0	    0.0	    5.2	  1	 -150.0	 1450.0	   53.8	    0.0	    0.0	1	   45.5	 21	    0.0	    0.0	
  147	  14.70	 -178.8	 1413.2	   10.6	  619.4	 1562.0	    0.0	  200.0	    0.0	    0.0	    0.0	    0.0	  100.0	   53.3	    0.0	    0.0	    0.0	    0.0	    5.2	  1	 -150.0	 1450.0	   53.3	    0.0	    0.0	1	   45.5	 21	    0.0	    0.0	
  148	  14.80	 -178.8	 1413.2	   10.6	  619.4	 1562.0	    0.0	  200.0	    0.0	    0.0	    0.0	    0.0	  100.0	   52.9	    0.0	    0.0	    0.0	    0.0	    5.2	  1	 -150.0	 1450.0	   52.9	    0.0	    0.0	1	   45.5	 21	    0.0	    0.0	
  149	  14.90	 -178.8	 1413.2	   10.6	  619.4	 1562.0	    0.0	  200.0	    0.0	    0.0	    0.0	    0.0	  100.0	   52.5	    0.0	    0.0	    0.0	    0.0	    5.3	  1	 -150.0	 1450.0	   52.5	    0.0	    0.0	1	   45.5	 21	    0.0	    0.0	
  150	  15.00	 -178.8	 1413.2	   10.6	  619.4	 1562.0	    0.0	  200.0	    0.0	    0.0	    0.0	    0.0	  100.0	   52.1	    0.0	    0.0	    0.0	    0.0	    5.3	  1	 -150.0	 1450.0	   52.1	    0.0	    0.0	1	   45.5	 21	    0.0	    0.0	
  151	  15.10	 -178.8	 1413.2	   10.6	  651.6	 1566.5	    0.0	  200.0	    0.0	    0.0	    0.0	    0.0	  100.0	   51.7	    0.0	    0.0	    0.0	    0.0	    5.3	  1	 -150.0	 1450.0	   51.7	    0.0	    0.0	1	   45.5	 21	    0.0	    0.0	
  152	  15.20	 -178.8	 1413.2	   10.5	  614.0	 1554.4	    0.0	  200.0	    0.0	    0.0	    0.0	    0.0	  100.0	   51.2	    0.0	    0.0	    0.0	    0.0	    5.4	  1	 -150.0	 1450.0	   51.2	    0.0	    0.0	1	   45.5	 21	    0.0	    0.0	
  153	  15.30	 -178.8	 1413.2	   10.1	  651.6	 1566.5	    0.0	  200.0	    0.0	    0.0	    0.0	    0.0	  100.0	   50.8	    0.0	    0.0	    0.0	    0.0	    5.4	  1	 -150.0	 1450.0	   50.8	    0.0	    0.0	1	   45.5	 21	    0.0	    0.0	
  154	  15.40	 -178.8	 1413.2	   10.5	  651.6	 1566.5	    0.0	  200.0	    0.0	    0.0	    0.0	    0.0	  100.0	   50.4	    0.0	    0.0	    0.0	    0.0	    5.4	  1	 -150.0	 1450.0	   50.4	    0.0	    0.0	1	   45.5	 21	    0.0	    0.0	
  155	  15.50	 -178.8	 1413.2	   10.5	  651.6	 1566.5	    0.0	  200.0	    0.0	    0.0	    0.0	    0.0	  100.0	   50.0	    0.0	    0.0	    0.0	    0.0	    5.5	  1	 -150.0	 1450.0	   50.0	    0.0	    0.0	1	   45.5	 21	    0.0	    0.0	
  156	  15.60	 -178.8	 1413.2	   10.5	  731.0	 1606.0	    0.0	  200.0	    0.0	    0.0	    0.0	    0.0	  100.0	   49.6	    0.0	    0.0	    0.0	    0.0	    5.5	  1	  -50.0	 1450.0	   49.6	    0.0	    0.0	1	  122.7	 21	 1348.7	  -51.3	
  157	  15.70	 -154.9	 1419.8	   15.5	  731.0	 1606.0	    0.0	  200.0	    0.0	    0.0	    0.0	    0.0	  100.0	   49.2	    0.0	    0.0	    0.0	    0.0	    5.5	  1	  -50.0	 1450.0	   49.2	    0.0	    0.0	1	  107.3	 21	    0.0	    0.0	
  158	  15.80	 -129.9	 1428.2	   18.9	  731.0	 1606.0	    0.0	  200.0	    0.0	    0.0	    0.0	    0.0	  100.0	   48.8	    0.0	    0.0	    0.0	    0.0	    5.5	  1	  -50.0	 1450.0	   48.8	    0.0	    0.0	1	   80.7	 21	    0.0	    0.0	
  159	  15.90	 -125.5	 1429.7	   11.7	  731.0	 1606.0	    0.0	  200.0	    0.0	    0.0	    0.0	    0.0	  100.0	   48.4	    0.0	    0.0	    0.0	    0.0	    5.6	  1	  -50.0	 1450.0	   48.4	    0.0	    0.0	1	   71.6	 21	    0.0	    0.0	
  160	  16.00	 -125.5	 1429.7	   11.6	  848.1	 1641.3	    0.0	  200.0	    0.0	    0.0	    0.0	    0.0	  100.0	   48.0	    0.0	    0.0	    0.0	    0.0	    5.6	  1	   50.0	 1450.0	   48.0	    0.0	    0.0	1	  164.4	 21	 1318.7	  -81.3	
  161	  16.10	  -92.0	 1434.4	    8.1	  848.1	 1641.3	    0.0	  200.0	    0.0	    0.0	    0.0	    0.0	  100.0	   47.6	    0.0	    0.0	    0.0	    0.0	    5.6	  1	   50.0	 1450.0	   47.6	    0.0	    0.0	1	  130.8	 21	    0.0	    0.0	
  162	  16.20	  -60.8	 1437.7	    5.6	  731.0	 1606.0	    0.0	  200.0	    0.0	    0.0	    0.0	    0.0	  100.0	   47.2	    0.0	    0.0	    0.0	    0.0	    5.7	  1	  -50.0	 1450.0	   47.2	    0.0	    0.0	1	   18.3	 21	    0.0	    0.0	
  163	  16.30	  -57.0	 1438.1	   12.0	  848.1	 1641.3	    0.0	  200.0	    0.0	    0.0	    0.0	    0.0	  100.0	   46.8	    0.0	    0.0	    0.0	    0.0	    5.7	  1	   50.0	 1450.0	   46.8	    0.0	    0.0	1	   96.6	 21	 1321.8	  -78.2	
  164	  16.40	  -36.7	 1440.4	    6.4	  848.1	 1641.3	    0.0	  200.0	    0.0	    0.0	    0.0	    0.0	  100.0	   46.4	    0.0	    0.0	    0.0	    0.0	    5.7	  1	   50.0	 1450.0	   46.4	    0.0	    0.0	1	   79.5	 21	 1399.4	   19.9	
  165	  16.50	  -33.5	 1440.7	   12.8	  947.6	 1661.6	    0.0	  200.0	    0.0	    0.0	    0.0	    0.0	  100.0	   46.1	    0.0	    0.0	    0.0	    0.0	    5.7	  1	  150.0	 1450.0	   46.1	    0.0	    0.0	1	  166.8	 21	 1336.9	  -63.1	
  166	  16.60	    0.6	 1443.0	    3.8	  947.6	 1661.6	    0.0	  200.0	    0.0	    0.0	    0.0	    0.0	  100.0	   45.7	    0.0	    0.0	    0.0	    0.0	    5.8	  1	  150.0	 1450.0	   45.7	    0.0	    0.0	1	  139.1	 21	 1396.7	   19.7	
  167	  16.70	   35.3	 1446.1	    5.4	  947.6	 1661.6	    0.0	  200.0	    0.0	    0.0	    0.0	    0.0	  100.0	   45.3	    0.0	    0.0	    0.0	    0.0	    5.8	  1	  150.0	 1450.0	   45.3	    0.0	    0.0	1	  105.1	 21	 1395.4	   19.5	
  168	  16.80	   61.8	 1447.0	    1.5	  947.6	 1661.6	    0.0	  200.0	    0.0	    0.0	    0.0	    0.0	  100.0	   44.9	    0.0	    0.0	    0.0	    0.0	    5.8	  1	  150.0	 1450.0	   44.9	    0.0	    0.0	1	   79.4	 21	 1394.0	   19.4	
  169	  16.90	   64.8	 1447.1	   13.6	  947.6	 1661.6	    0.0	  200.0	    0.0	    0.0	    0.0	    0.0	  100.0	   44.5	    0.0	    0.0	    0.0	    0.0	    5.8	  1	  150.0	 1450.0	   44.5	    0.0	    0.0	1	   78.7	 21	 1392.7	   19.3	
  170	  17.00	   64.8	 1447.1	   13.7	  947.6	 1661.6	    0.0	  200.0	    0.0	    0.0	    0.0	    0.0	  100.0	   44.1	    0.0	    0.0	    0.0	    0.0	    5.8	  1	  150.0	 1450.0	   44.1	    0.0	    0.0	1	   78.7	 21	 1391.4	   19.1	
  171	  17.10	   64.8	 1447.1	   13.7	 1023.2	 1676.6	    0.0	  200.0	    0.0	    0.0	    0.0	    0.0	  100.0	   43.7	    0.0	    0.0	    0.0	    0.0	    5.9	  1	  250.0	 1550.0	   43.7	    0.0	    0.0	1	  197.1	 21	 1357.4	  -42.6	
  172	  17.20	   99.6	 1466.9	   29.7	 1023.2	 1676.6	    0.0	  200.0	    0.0	    0.0	    0.0	    0.0	  100.0	   43.3	    0.0	    0.0	    0.0	    0.0	    5.9	  1	  250.0	 1550.0	   43.3	    0.0	    0.0	1	  161.1	 21	 1383.2	   18.3	
  173	  17.30	  134.2	 1486.2	   29.1	 1023.2	 1676.6	    0.0	  200.0	    0.0	    0.0	    0.0	    0.0	  100.0	   42.9	    0.0	    0.0	    0.0	    0.0	    5.9	  1	  250.0	 1550.0	   42.9	    0.0	    0.0	1	  125.0	 21	 1389.0	   18.9	
  174	  17.40	  160.1	 1500.3	   28.4	 1023.2	 1676.6	    0.0	  200.0	    0.0	    0.0	    0.0	    0.0	  100.0	   42.5	    0.0	    0.0	    0.0	    0.0	    5.9	  1	  250.0	 1550.0	   42.5	    0.0	    0.0	1	   98.7	 21	 1389.0	   18.9	
  175	  17.50	  181.7	 1512.3	   29.2	 1023.2	 1676.6	    0.0	  200.0	    0.0	    0.0	    0.0	    0.0	  100.0	   42.1	    0.0	    0.0	    0.0	    0.0	    5.9	  1	  250.0	 1550.0	   42.1	    0.0	    0.0	1	   71.6	 21	 1387.6	   18.8	
  176	  17.60	  185.2	 1514.2	   11.0	 1073.2	 1685.2	    0.0	  200.0	    0.0	    0.0	    0.0	    0.0	  100.0	   41.7	    0.0	    0.0	    0.0	    0.0	    5.9	  1	  250.0	 1550.0	   41.7	    0.0	    0.0	1	   71.6	 21	 1379.6	  -20.4	
  177	  17.70	  185.2	 1514.2	   10.9	 1081.6	 1686.6	    0.0	  200.0	    0.0	    0.0	    0.0	    0.0	  100.0	   41.3	    0.0	    0.0	    0.0	    0.0	    5.9	  1	  250.0	 1550.0	   41.3	    0.0	    0.0	1	   71.6	 21	 1381.0	   18.1	
  178	  17.80	  185.2	 1514.2	   10.9	 1081.6	 1686.6	    0.0	  200.0	    0.0	    0.0	    0.0	    0.0	  100.0	   40.9	    0.0	    0.0	    0.0	    0.0	    5.9	  1	  250.0	 1550.0	   40.9	    0.0	    0.0	1	   71.6	 21	 1379.7	   18.0	
  179	  17.90	  185.2	 1514.2	   10.9	 1023.2	 1676.6	    0.0	  200.0	    0.0	    0.0	    0.0	    0.0	  100.0	   40.5	    0.0	    0.0	    0.0	    0.0	    5.9	  1	  250.0	 1550.0	   40.5	    0.0	    0.0	1	   71.6	 21	 1386.0	   18.6	
  180	  18.00	  185.2	 1514.2	   11.0	 1081.6	 1686.6	    0.0	  200.0	    0.0	    0.0	    0.0	    0.0	  100.0	   40.1	    0.0	    0.0	    0.0	    0.0	    5.9	  1	  250.0	 1550.0	   40.1	    0.0	    0.0	1	   71.6	 21	 1374.2	  -25.8	
  181	  18.10	  185.2	 1514.2	   10.9	 1081.6	 1686.6	    0.0	  200.0	    0.0	    0.0	    0.0	    0.0	  100.0	   39.7	    0.0	    0.0	    0.0	    0.0	    5.9	  1	  250.0	 1550.0	   39.7	    0.0	    0.0	1	   71.6	 21	 1375.7	   17.6	
  182	  18.20	  185.2	 1514.2	   10.9	 1081.6	 1686.6	    0.0	  200.0	    0.0	    0.0	    0.0	    0.0	  100.0	   39.3	    0.0	    0.0	    0.0	    0.0	    5.9	  1	  250.0	 1550.0	   39.3	    0.0	    0.0	1	   71.6	 21	 1374.4	   17.4	
  183	  18.30	  185.2	 1514.2	   10.9	 1088.8	 1683.6	    0.0	  200.0	    0.0	    0.0	    0.0	    0.0	  100.0	   38.9	    0.0	    0.0	    0.0	    0.0	    5.9	  1	  350.0	 1550.0	   38.9	    0.0	    0.0	1	  158.4	 21	 1372.7	   17.3	
  184	  18.40	  219.0	 1521.8	   12.6	 1088.8	 1683.6	    0.0	  200.0	    0.0	    0.0	    0.0	    0.0	  100.0	   38.5	    0.0	    0.0	    0.0	    0.0	    6.0	  1	  350.0	 1550.0	   38.5	    0.0	    0.0	1	  124.3	 21	 1377.6	   17.8	
  185	  18.50	  249.9	 1528.0	   11.2	 1088.8	 1683.6	    0.0	  200.0	    0.0	    0.0	    0.0	    0.0	  100.0	   38.1	    0.0	    0.0	    0.0	    0.0	    5.9	  1	  350.0	 1550.0	   38.1	    0.0	    0.0	1	   99.1	 21	 1376.2	   17.6	
  186	  18.60	  272.6	 1533.9	   15.0	 1088.8	 1683.6	    0.0	  200.0	    0.0	    0.0	    0.0	    0.0	  100.0	   37.6	    0.0	    0.0	    0.0	    0.0	    5.9	  1	  350.0	 1550.0	   37.6	    0.0	    0.0	1	   72.2	 21	 1374.7	   17.5	
  187	  18.70	  275.5	 1534.6	   10.4	 1088.8	 1683.6	    0.0	  200.0	    0.0	    0.0	    0.0	    0.0	  100.0	   37.2	    0.0	    0.0	    0.0	    0.0	    5.9	  1	  350.0	 1550.0	   37.2	    0.0	    0.0	1	   72.2	 21	 1373.3	   17.3	
  188	  18.80	  275.5	 1534.6	   10.4	 1061.6	 1681.1	    0.0	  200.0	    0.0	    0.0	    0.0	    0.0	  100.0	   36.8	    0.0	    0.0	    0.0	    0.0	    5.9	  1	  250.0	 1550.0	   36.8	    0.0	    0.0	1	   26.9	 21	 1373.4	   17.3	
  189	  18.90	  275.5	 1534.6	   10.6	 1057.9	 1680.4	    0.0	  200.0	    0.0	    0.0	    0.0	    0.0	  100.0	   36.4	    0.0	    0.0	    0.0	    0.0	    5.9	  1	  250.0	 1550.0	   36.4	    0.0	    0.0	1	   26.9	 21	 1372.2	   17.2	
  190	  19.00	  275.5	 1534.6	   10.6	 1057.9	 1680.4	    0.0	  200.0	    0.0	    0.0	    0.0	    0.0	  100.0	   36.0	    0.0	    0.0	    0.0	    0.0	    5.9	  1	  250.0	 1550.0	   36.0	    0.0	    0.0	1	   26.9	 21	 1370.7	   17.1	
  191	  19.10	  275.5	 1534.6	   10.6	 1059.7	 1680.8	    0.0	  200.0	    0.0	    0.0	    0.0	    0.0	  100.0	   35.5	    0.0	    0.0	    0.0	    0.0	    5.9	  1	  250.0	 1550.0	   35.5	    0.0	    0.0	1	   26.9	 21	 1369.1	   16.9	
  192	  19.20	  275.5	 1534.6	   10.6	 1059.7	 1680.8	    0.0	  200.0	    0.0	    0.0	    0.0	    0.0	  100.0	   35.1	    0.0	    0.0	    0.0	    0.0	    5.9	  1	  250.0	 1550.0	   35.1	    0.0	    0.0	1	   26.9	 21	 1367.7	   16.8	
  193	  19.30	  275.5	 1534.6	   10.6	 1054.1	 1679.8	    0.0	  200.0	    0.0	    0.0	    0.0	    0.0	  100.0	   34.7	    0.0	    0.0	    0.0	    0.0	    6.0	  1	  250.0	 1550.0	   34.7	    0.0	    0.0	1	   26.9	 21	 1366.5	   16.7	
  194	  19.40	  275.5	 1534.6	   10.6	 1054.1	 1679.8	    0.0	  200.0	    0.0	    0.0	    0.0	    0.0	  100.0	   34.3	    0.0	    0.0	    0.0	    0.0	    6.0	  1	  250.0	 1550.0	   34.3	    0.0	    0.0	1	   26.9	 21	 1365.0	   16.5	
  195	  19.50	  275.5	 1534.6	   10.6	 1059.7	 1680.8	    0.0	  200.0	    0.0	    0.0	    0.0	    0.0	  100.0	   33.8	    0.0	    0.0	    0.0	    0.0	    6.0	  1	  250.0	 1550.0	   33.8	    0.0	    0.0	1	   26.9	 21	 1363.3	   16.3	
  196	  19.60	  275.5	 1534.6	   10.6	 1054.1	 1679.8	    0.0	  200.0	    0.0	    0.0	    0.0	    0.0	  100.0	   33.4	    0.0	    0.0	    0.0	    0.0	    6.0	  1	  250.0	 1550.0	   33.4	    0.0	    0.0	1	   26.9	 21	 1362.1	   16.2	
  197	  19.70	  275.5	 1534.6	   10.6	 1054.1	 1679.8	    0.0	  200.0	    0.0	    0.0	    0.0	    0.0	  100.0	   33.0	    0.0	    0.0	    0.0	    0.0	    6.0	  1	  250.0	 1550.0	   33.0	    0.0	    0.0	1	   26.9	 21	 1360.7	   16.1	
  198	  19.80	  275.5	 1534.6	   10.6	 1056.1	 1682.2	    0.0	  200.0	    0.0	    0.0	    0.0	    0.0	  100.0	   32.6	    0.0	    0.0	    0.0	    0.0	    6.0	  1	  250.0	 1550.0	   32.6	    0.0	    0.0	1	   26.9	 21	 1359.1	   15.9	
  199	  19.90	  275.5	 1534.6	   10.7	 1054.1	 1679.8	    0.0	  200.0	    0.0	    0.0	    0.0	    0.0	  100.0	   32.1	    0.0	    0.0	    0.0	    0.0	    6.0	  1	  250.0	 1550.0	   32.1	    0.0	    0.0	1	   26.9	 21	 1357.7	   15.8	
  200	  20.00	  275.5	 1534.6	   10.6	 1056.1	 1682.2	    0.0	  200.0	    0.0	    0.0	    0.0	    0.0	  100.0	   31.7	    0.0	    0.0	    0.0	    0.0	    6.0	  1	  250.0	 1550.0	   31.7	    0.0	    0.0	1	   26.9	 21	 1356.1	   15.6	
  201	  20.10	  275.5	 1534.6	   10.7	 1056.1	 1682.2	    0.0	  200.0	    0.0	    0.0	    0.0	    0.0	  100.0	   31.3	    0.0	    0.0	    0.0	    0.0	    6.1	  1	  250.0	 1550.0	   31.3	    0.0	    0.0	1	   26.9	 21	 1354.7	   15.5	
  202	  20.20	  275.5	 1534.6	   10.7	 1056.1	 1682.2	    0.0	  200.0	    0.0	    0.0	    0.0	    0.0	  100.0	   30.9	    0.0	    0.0	    0.0	    0.0	    6.1	  1	  250.0	 1550.0	   30.9	    0.0	    0.0	1	   26.9	 21	 1353.2	   15.3	
  203	  20.30	  275.5	 1534.6	   10.7	 1055.0	 1682.0	    0.0	  200.0	    0.0	    0.0	    0.0	    0.0	  100.0	   30.4	    0.0	    0.0	    0.0	    0.0	    6.1	  1	  250.0	 1550.0	   30.4	    0.0	    0.0	1	   26.9	 21	 1351.8	   15.2	
  204	  20.40	  275.5	 1534.6	   10.7	 1056.1	 1682.2	    0.0	  200.0	    0.0	    0.0	    0.0	    0.0	  100.0	   30.0	    0.0	    0.0	    0.0	    0.0	    6.1	  1	  250.0	 1550.0	   30.0	    0.0	    0.0	1	   26.9	 21	 1350.3	   15.0	
  205	  20.50	  275.5	 1534.6	   10.7	 1055.0	 1682.0	    0.0	  200.0	    0.0	    0.0	    0.0	    0.0	  100.0	   29.6	    0.0	    0.0	    0.0	    0.0	    6.1	  1	  250.0	 1550.0	   29.6	    0.0	    0.0	1	   26.9	 21	 1348.9	   14.9	
  206	  20.60	  275.5	 1534.6	   10.7	 1055.0	 1682.0	    0.0	  200.0	    0.0	    0.0	    0.0	    0.0	  100.0	   29.2	    0.0	    0.0	    0.0	    0.0	    6.2	  1	  250.0	 1550.0	   29.2	    0.0	    0.0	1	   26.9	 21	 1347.4	   14.7	
  207	  20.70	  275.5	 1534.6	   10.7	 1055.0	 1682.0	    0.0	  200.0	    0.0	    0.0	    0.0	    0.0	  100.0	   28.7	    0.0	    0.0	    0.0	    0.0	    6.2	  1	  250.0	 1550.0	   28.7	    0.0	    0.0	1	   26.9	 21	 1346.0	   14.6	
  208	  20.80	  275.5	 1534.6	   10.7	 1055.0	 1682.0	    0.0	  200.0	    0.0	    0.0	    0.0	    0.0	  100.0	   28.3	    0.0	    0.0	    0.0	    0.0	    6.2	  1	  250.0	 1550.0	   28.3	    0.0	    0.0	1	   26.9	 21	 1344.5	   14.4	
  209	  20.90	  275.5	 1534.6	   10.7	 1055.0	 1682.0	    0.0	  200.0	    0.0	    0.0	    0.0	    0.0	  100.0	   27.9	    0.0	    0.0	    0.0	    0.0	    6.2	  1	  250.0	 1550.0	   27.9	    0.0	    0.0	1	   26.9	 21	 1343.0	   14.3	
  210	  21.00	  275.5	 1534.6	   10.7	  963.2	 1620.8	    0.0	  200.0	    0.0	    0.0	    0.0	    0.0	  100.0	   27.4	    0.0	    0.0	    0.0	    0.0	    6.3	  1	  150.0	 1550.0	   27.4	    0.0	    0.0	1	  113.4	 21	 1348.6	   14.9	
  211	  21.10	  255.8	 1538.1	  169.8	  963.2	 1620.8	    0.0	  200.0	    0.0	    0.0	    0.0	    0.0	  100.0	   27.0	    0.0	    0.0	    0.0	    0.0	    6.3	  1	  150.0	 1550.0	   27.0	    0.0	    0.0	1	   95.1	 21	 1343.7	   14.4	
  212	  21.20	  233.0	 1542.2	  169.9	 1055.0	 1682.0	    0.0	  200.0	    0.0	    0.0	    0.0	    0.0	  100.0	   26.6	    0.0	    0.0	    0.0	    0.0	    6.3	  1	  250.0	 1550.0	   26.6	    0.0	    0.0	1	   18.3	 21	 1356.6	  -43.4	
  213	  21.30	  230.3	 1542.7	    9.7	  963.2	 1620.8	    0.0	  200.0	    0.0	    0.0	    0.0	    0.0	  100.0	   26.2	    0.0	    0.0	    0.0	    0.0	    6.3	  1	  150.0	 1550.0	   26.2	    0.0	    0.0	1	   70.3	 21	 1343.8	   14.4	
  214	  21.40	  230.3	 1542.7	    6.1	  963.2	 1620.8	    0.0	  200.0	    0.0	    0.0	    0.0	    0.0	  100.0	   25.7	    0.0	    0.0	    0.0	    0.0	    6.4	  1	  150.0	 1550.0	   25.7	    0.0	    0.0	1	   70.3	 21	 1339.1	   13.9	
  215	  21.50	  230.3	 1542.7	    6.1	  963.2	 1620.8	    0.0	  200.0	    0.0	    0.0	    0.0	    0.0	  100.0	   25.3	    0.0	    0.0	    0.0	    0.0	    6.4	  1	  150.0	 1550.0	   25.3	    0.0	    0.0	1	   70.3	 21	 1337.5	   13.8	
  216	  21.60	  230.3	 1542.7	    6.1	  777.6	 1555.3	    0.0	  200.0	    0.0	    0.0	    0.0	    0.0	  100.0	   24.8	    0.0	    0.0	    0.0	    0.0	    6.4	  1	   50.0	 1350.0	   24.8	    0.0	    0.0	1	  232.1	 21	 1345.1	   14.5	
  217	  21.70	  216.1	 1527.8	 -133.5	  963.2	 1620.8	    0.0	  200.0	    0.0	    0.0	    0.0	    0.0	  100.0	   24.4	    0.0	    0.0	    0.0	    0.0	    6.4	  1	  150.0	 1550.0	   24.4	    0.0	    0.0	1	   61.6	 21	 1328.2	  -71.8	
  218	  21.80	  214.1	 1525.7	    7.1	  777.6	 1555.3	    0.0	  200.0	    0.0	    0.0	    0.0	    0.0	  100.0	   23.9	    0.0	    0.0	    0.0	    0.0	    6.5	  1	   50.0	 1350.0	   23.9	    0.0	    0.0	1	  214.4	 21	 1341.6	   14.2	
  219	  21.90	  200.2	 1511.4	 -134.2	  777.6	 1555.3	    0.0	  200.0	    0.0	    0.0	    0.0	    0.0	  100.0	   23.5	    0.0	    0.0	    0.0	    0.0	    6.5	  1	   50.0	 1350.0	   23.5	    0.0	    0.0	1	  196.2	 21	 1336.2	   13.6	
  220	  22.00	  167.9	 1478.1	 -134.2	  777.6	 1555.3	    0.0	  200.0	    0.0	    0.0	    0.0	    0.0	  100.0	   23.0	    0.0	    0.0	    0.0	    0.0	    6.5	  1	   50.0	 1350.0	   23.0	    0.0	    0.0	1	  150.4	 21	 1331.7	   13.2	
  221	  22.10	  142.5	 1451.2	 -133.1	  777.6	 1555.3	    0.0	  200.0	    0.0	    0.0	    0.0	    0.0	  100.0	   22.6	    0.0	    0.0	    0.0	    0.0	    6.6	  1	   50.0	 1350.0	   22.6	    0.0	    0.0	1	  127.2	 21	 1330.0	   13.0	
  222	  22.20	  120.4	 1428.0	 -133.7	  752.5	 1527.5	    0.0	  200.0	    0.0	    0.0	    0.0	    0.0	  100.0	   22.1	    0.0	    0.0	    0.0	    0.0	    6.6	  1	   50.0	 1250.0	   22.1	    0.0	    0.0	1	  171.6	 21	 1329.1	   12.9	
  223	  22.30	  107.1	 1395.8	 -110.1	  752.5	 1527.5	    0.0	  200.0	    0.0	    0.0	    0.0	    0.0	  100.0	   21.7	    0.0	    0.0	    0.0	    0.0	    6.6	  1	   50.0	 1250.0	   21.7	    0.0	    0.0	1	  135.0	 21	 1326.9	   12.7	
  224	  22.40	   95.6	 1364.7	 -110.3	  752.5	 1527.5	    0.0	  200.0	    0.0	    0.0	    0.0	    0.0	  100.0	   21.2	    0.0	    0.0	    0.0	    0.0	    6.6	  1	   50.0	 1250.0	   21.2	    0.0	    0.0	1	  107.4	 21	 1322.7	   12.3	
  225	  22.50	   86.2	 1339.1	 -110.2	  752.5	 1527.5	    0.0	  200.0	    0.0	    0.0	    0.0	    0.0	  100.0	   20.8	    0.0	    0.0	    0.0	    0.0	    6.6	  1	   50.0	 1250.0	   20.8	    0.0	    0.0	1	   86.7	 21	 1321.1	   12.1	
  226	  22.60	   85.1	 1336.2	   15.8	  752.5	 1527.5	    0.0	  200.0	    0.0	    0.0	    0.0	    0.0	  100.0	   20.3	    0.0	    0.0	    0.0	    0.0	    6.7	  1	   50.0	 1250.0	   20.3	    0.0	    0.0	1	   79.7	 21	 1319.6	   12.0	
  227	  22.70	   85.1	 1336.2	   16.0	  673.4	 1478.0	    0.0	  200.0	    0.0	    0.0	    0.0	    0.0	  100.0	   19.9	    0.0	    0.0	    0.0	    0.0	    6.7	  1	  -50.0	 1250.0	   19.9	    0.0	    0.0	1	  148.5	 21	 1322.0	   12.2	
  228	  22.80	   67.5	 1325.7	 -149.2	  673.4	 1478.0	    0.0	  200.0	    0.0	    0.0	    0.0	    0.0	  100.0	   19.4	    0.0	    0.0	    0.0	    0.0	    6.7	  1	  -50.0	 1250.0	   19.4	    0.0	    0.0	1	  118.5	 21	 1318.4	   11.8	
  229	  22.90	   44.0	 1312.1	 -150.1	  673.4	 1478.0	    0.0	  200.0	    0.0	    0.0	    0.0	    0.0	  100.0	   19.0	    0.0	    0.0	    0.0	    0.0	    6.7	  1	  -50.0	 1250.0	   19.0	    0.0	    0.0	1	   93.1	 21	 1316.8	   11.7	
  230	  23.00	   23.4	 1300.3	 -150.1	  673.4	 1478.0	    0.0	  200.0	    0.0	    0.0	    0.0	    0.0	  100.0	   18.5	    0.0	    0.0	    0.0	    0.0	    6.7	  1	  -50.0	 1250.0	   18.5	    0.0	    0.0	1	   75.7	 21	 1315.1	   11.5	
  231	  23.10	   20.9	 1298.8	   15.3	  673.4	 1478.0	    0.0	  200.0	    0.0	    0.0	    0.0	    0.0	  100.0	   18.1	    0.0	    0.0	    0.0	    0.0	    6.7	  1	  -50.0	 1250.0	   18.1	    0.0	    0.0	1	   76.5	 21	 1312.9	   11.3	
  232	  23.20	   20.9	 1298.8	   15.4	  673.4	 1478.0	    0.0	  200.0	    0.0	    0.0	    0.0	    0.0	  100.0	   17.6	    0.0	    0.0	    0.0	    0.0	    6.7	  1	  -50.0	 1250.0	   17.6	    0.0	    0.0	1	   76.5	 21	 1311.3	   11.1	
  233	  23.30	   20.9	 1298.8	   15.4	  623.1	 1453.3	    0.0	  200.0	    0.0	    0.0	    0.0	    0.0	  100.0	   17.2	    0.0	    0.0	    0.0	    0.0	    6.8	  1	 -150.0	 1350.0	   17.2	    0.0	    0.0	1	  161.6	 21	 1311.7	   11.2	
  234	  23.40	    1.5	 1304.7	  163.2	  623.1	 1453.3	    0.0	  200.0	    0.0	    0.0	    0.0	    0.0	  100.0	   16.7	    0.0	    0.0	    0.0	    0.0	    6.8	  1	 -150.0	 1350.0	   16.7	    0.0	    0.0	1	  149.8	 21	 1309.5	   10.9	
  235	  23.50	  -32.3	 1315.5	  162.2	  623.1	 1453.3	    0.0	  200.0	    0.0	    0.0	    0.0	    0.0	  100.0	   16.3	    0.0	    0.0	    0.0	    0.0	    6.8	  1	 -150.0	 1350.0	   16.3	    0.0	    0.0	1	  117.2	 21	 1306.0	   10.6	
  236	  23.60	  -59.2	 1324.0	  162.6	  623.1	 1453.3	    0.0	  200.0	    0.0	    0.0	    0.0	    0.0	  100.0	   15.8	    0.0	    0.0	    0.0	    0.0	    6.8	  1	 -150.0	 1350.0	   15.8	    0.0	    0.0	1	   83.3	 21	 1304.3	   10.4	
  237	  23.70	  -62.5	 1325.0	   10.7	  598.4	 1448.2	    0.0	  200.0	    0.0	    0.0	    0.0	    0.0	  100.0	   15.4	    0.0	    0.0	    0.0	    0.0	    6.8	  1	 -150.0	 1350.0	   15.4	    0.0	    0.0	1	   81.9	 21	 1303.2	   10.3	
  238	  23.80	  -62.5	 1325.0	   10.6	  598.4	 1448.2	    0.0	  200.0	    0.0	    0.0	    0.0	    0.0	  100.0	   15.0	    0.0	    0.0	    0.0	    0.0	    6.9	  1	 -150.0	 1350.0	   15.0	    0.0	    0.0	1	   81.9	 21	 1301.6	   10.2	
  239	  23.90	  -62.5	 1325.0	   10.6	  623.1	 1453.3	    0.0	  200.0	    0.0	    0.0	    0.0	    0.0	  100.0	   14.5	    0.0	    0.0	    0.0	    0.0	    6.9	  1	 -150.0	 1350.0	   14.5	    0.0	    0.0	1	   82.2	 21	    0.0	   10.0	
  240	  24.00	  -62.5	 1325.0	   10.6	  598.4	 1448.2	    0.0	  200.0	    0.0	    0.0	    0.0	    0.0	  100.0	   14.1	    0.0	    0.0	    0.0	    0.0	    6.9	  1	 -150.0	 1350.0	   14.1	    0.0	    0.0	1	   81.9	 21	    0.0	    9.8	
  241	  24.10	  -62.5	 1325.0	   10.6	  598.4	 1448.2	    0.0	  200.0	    0.0	    0.0	    0.0	    0.0	  100.0	   13.6	    0.0	    0.0	    0.0	    0.0	    6.9	  1	 -150.0	 1350.0	   13.6	    0.0	    0.0	1	   81.9	 21	    0.0	    9.7	
  242	  24.20	  -62.5	 1325.0	   10.6	  597.8	 1454.0	    0.0	  200.0	    0.0	    0.0	    0.0	    0.0	  100.0	   13.2	    0.0	    0.0	    0.0	    0.0	    7.0	  1	 -150.0	 1350.0	   13.2	    0.0	    0.0	1	   82.3	 21	    0.0	    9.5	
  243	  24.30	  -62.5	 1325.0	   11.1	  598.4	 1448.2	    0.0	  200.0	    0.0	    0.0	    0.0	    0.0	  100.0	   12.7	    0.0	    0.0	    0.0	    0.0	    7.0	  1	 -150.0	 1350.0	   12.7	    0.0	    0.0	1	   81.9	 21	    0.0	    9.3	
  244	  24.40	  -62.5	 1325.0	   10.6	  598.7	 1453.9	    0.0	  200.0	    0.0	    0.0	    0.0	    0.0	  100.0	   12.3	    0.0	    0.0	    0.0	    0.0	    7.0	  1	 -150.0	 1350.0	   12.3	    0.0	    0.0	1	   82.3	 21	    0.0	    9.2	
  245	  24.50	  -62.5	 1325.0	   11.0	  598.7	 1453.9	    0.0	  200.0	    0.0	    0.0	    0.0	    0.0	  100.0	   11.8	    0.0	    0.0	    0.0	    0.0	    7.0	  1	 -150.0	 1350.0	   11.8	    0.0	    0.0	1	   82.3	 21	    0.0	    9.0	
  246	  24.60	  -62.5	 1325.0	   11.0	  598.7	 1453.9	    0.0	  200.0	    0.0	    0.0	    0.0	    0.0	  100.0	   11.4	    0.0	    0.0	    0.0	    0.0	    7.1	  1	 -150.0	 1350.0	   11.4	    0.0	    0.0	1	   82.3	 21	    0.0	    8.9	
  247	  24.70	  -62.5	 1325.0	   11.0	  598.7	 1453.9	    0.0	  200.0	    0.0	    0.0	    0.0	    0.0	  100.0	   11.0	    0.0	    0.0	    0.0	    0.0	    7.1	  1	 -150.0	 1350.0	   11.0	    0.0	    0.0	1	   82.3	 21	    0.0	    8.7	
  248	  24.80	  -62.5	 1325.0	   11.0	  598.7	 1453.9	    0.0	  200.0	    0.0	    0.0	    0.0	    0.0	  100.0	   10.5	    0.0	    0.0	    0.0	    0.0	    7.1	  1	 -150.0	 1350.0	   10.5	    0.0	    0.0	1	   82.3	 21	    0.0	    8.5	
  249	  24.90	  -62.5	 1325.0	   11.0	  589.2	 1453.5	    0.0	  200.0	    0.0	    0.0	    0.0	    0.0	  100.0	   10.1	    0.0	    0.0	    0.0	    0.0	    7.2	  1	 -150.0	 1250.0	   10.1	    0.0	    0.0	1	   96.8	 21	    0.0	    8.4	
  250	  25.00	  -78.7	 1312.4	 -142.1	  589.2	 1453.5	    0.0	  200.0	    0.0	    0.0	    0.0	    0.0	  100.0	    9.6	    0.0	    0.0	    0.0	    0.0	    7.2	  1	 -150.0	 1250.0	    9.6	    0.0	    0.0	1	   79.2	 21	    0.0	    8.2	
  251	  25.10	  -81.7	 1310.1	   11.9	  589.2	 1453.5	    0.0	  200.0	    0.0	    0.0	    0.0	    0.0	  100.0	    9.2	    0.0	    0.0	    0.0	    0.0	    7.2	  1	 -150.0	 1250.0	    9.2	    0.0	    0.0	1	   79.0	 21	    0.0	    8.1	
  252	  25.20	  -81.7	 1310.1	   12.1	  589.2	 1453.5	    0.0	  200.0	    0.0	    0.0	    0.0	    0.0	  100.0	    8.7	    0.0	    0.0	    0.0	    0.0	    7.2	  1	 -150.0	 1250.0	    8.7	    0.0	    0.0	1	   79.0	 21	    0.0	    7.9	
  253	  25.30	  -81.7	 1310.1	   12.1	  589.2	 1453.5	    0.0	  200.0	    0.0	    0.0	    0.0	    0.0	  100.0	    8.3	    0.0	    0.0	    0.0	    0.0	    7.3	  1	 -150.0	 1250.0	    8.3	    0.0	    0.0	1	   79.0	 21	    0.0	    7.7	
  254	  25.40	  -81.7	 1310.1	   12.1	  587.5	 1454.8	    0.0	  200.0	    0.0	    0.0	    0.0	    0.0	  100.0	    7.8	    0.0	    0.0	    0.0	    0.0	    7.3	  1	 -150.0	 1250.0	    7.8	    0.0	    0.0	1	   79.0	 21	    0.0	    7.6	
  255	  25.50	  -81.7	 1310.1	   12.2	  587.5	 1454.8	    0.0	  200.0	    0.0	    0.0	    0.0	    0.0	  100.0	    7.4	    0.0	    0.0	    0.0	    0.0	    7.3	  1	 -150.0	 1250.0	    7.4	    0.0	    0.0	1	   79.0	 21	    0.0	    7.4	
  256	  25.60	  -81.7	 1310.1	   12.2	  587.5	 1454.8	    0.0	  200.0	    0.0	    0.0	    0.0	    0.0	  100.0	    7.0	    0.0	    0.0	    0.0	    0.0	    7.4	  1	 -150.0	 1250.0	    7.0	    0.0	    0.0	1	   79.0	 21	    0.0	    7.2	
  257	  25.70	  -81.7	 1310.1	   12.2	  587.5	 1454.8	    0.0	  200.0	    0.0	    0.0	    0.0	    0.0	  100.0	    6.5	    0.0	    0.0	    0.0	    0.0	    7.4	  1	 -150.0	 1250.0	    6.5	    0.0	    0.0	1	   79.0	 21	    0.0	    7.1	
  258	  25.80	  -81.7	 1310.1	   12.2	  587.5	 1454.8	    0.0	  200.0	    0.0	    0.0	    0.0	    0.0	  100.0	    6.1	    0.0	    0.0	    0.0	    0.0	    7.4	  1	 -150.0	 1250.0	    6.1	    0.0	    0.0	1	   79.0	 21	    0.0	    6.9	
  259	  25.90	  -81.7	 1310.1	   12.2	  587.5	 1454.8	    0.0	  200.0	    0.0	    0.0	    0.0	    0.0	  100.0	    5.6	    0.0	    0.0	    0.0	    0.0	    7.4	  1	 -150.0	 1250.0	    5.6	    0.0	    0.0	1	   79.0	 21	    0.0	    6.8	
  260	  26.00	  -81.7	 1310.1	   12.2	  586.4	 1453.7	    0.0	  200.0	    0.0	    0.0	    0.0	    0.0	  100.0	    5.2	    0.0	    0.0	    0.0	    0.0	    7.5	  1	 -150.0	 1250.0	    5.2	    0.0	    0.0	1	   79.0	 21	    0.0	    6.6	
  261	  26.10	  -81.7	 1310.1	   12.1	  586.4	 1453.7	    0.0	  200.0	    0.0	    0.0	    0.0	    0.0	  100.0	    4.7	    0.0	    0.0	    0.0	    0.0	    7.5	  1	 -150.0	 1250.0	    4.7	    0.0	    0.0	1	   79.0	 21	    0.0	    6.4	
  262	  26.20	  -81.7	 1310.1	   12.1	  586.4	 1453.7	    0.0	  200.0	    0.0	    0.0	    0.0	    0.0	  100.0	    4.3	    0.0	    0.0	    0.0	    0.0	    7.5	  1	 -150.0	 1250.0	    4.3	    0.0	    0.0	1	   79.0	 21	    0.0	    6.3	
  263	  26.30	  -81.7	 1310.1	   12.1	  586.4	 1453.7	    0.0	  200.0	    0.0	    0.0	    0.0	    0.0	  100.0	    3.9	    0.0	    0.0	    0.0	    0.0	    7.6	  1	 -150.0	 1250.0	    3.9	    0.0	    0.0	1	   79.0	 21	    0.0	    6.1	
  264	  26.40	  -81.7	 1310.1	   12.1	  586.4	 1453.7	    0.0	  200.0	    0.0	    0.0	    0.0	    0.0	  100.0	    3.4	    0.0	    0.0	    0.0	    0.0	    7.6	  1	 -150.0	 1250.0	    3.4	    0.0	    0.0	1	   79.0	 21	    0.0	    6.0	
  265	  26.50	  -81.7	 1310.1	   12.1	  586.4	 1453.7	    0.0	  200.0	    0.0	    0.0	    0.0	    0.0	  100.0	    3.0	    0.0	    0.0	    0.0	    0.0	    7.6	  1	 -150.0	 1250.0	    3.0	    0.0	    0.0	1	   79.0	 21	    0.0	    5.8	
  266	  26.60	  -81.7	 1310.1	   12.1	  586.4	 1453.7	    0.0	  200.0	    0.0	    0.0	    0.0	    0.0	  100.0	    2.5	    0.0	    0.0	    0.0	    0.0	    7.7	  1	 -150.0	 1250.0	    2.5	    0.0	    0.0	1	   79.0	 21	    0.0	    5.7	
  267	  26.70	  -81.7	 1310.1	   12.1	  596.2	 1436.8	    0.0	  200.0	    0.0	    0.0	    0.0	    0.0	  100.0	    2.1	    0.0	    0.0	    0.0	    0.0	    7.7	  1	 -150.0	 1350.0	    2.1	    0.0	    0.0	1	   77.6	 21	    0.0	    5.5	
  268	  26.80	  -81.7	 1310.1	   10.6	  596.2	 1436.8	    0.0	  200.0	    0.0	    0.0	    0.0	    0.0	  100.0	    1.6	    0.0	    0.0	    0.0	    0.0	    7.8	  1	 -150.0	 1350.0	    1.6	    0.0	    0.0	1	   77.6	 21	    0.0	    5.4	
  269	  26.90	  -81.7	 1310.1	   10.6	  596.2	 1436.8	    0.0	  200.0	    0.0	    0.0	    0.0	    0.0	  100.0	    1.2	    0.0	    0.0	    0.0	    0.0	    7.8	  1	 -150.0	 1350.0	    1.2	    0.0	    0.0	1	   77.6	 21	    0.0	    5.2	
  270	  27.00	  -81.7	 1310.1	   10.6	  596.2	 1436.8	    0.0	  200.0	    0.0	    0.0	    0.0	    0.0	  100.0	    0.8	    0.0	    0.0	    0.0	    0.0	    7.8	  1	 -150.0	 1350.0	    0.8	    0.0	    0.0	1	   77.6	 21	    0.0	    5.1	
  271	  27.10	  -81.7	 1310.1	   10.6	  596.2	 1436.8	    0.0	  200.0	    0.0	    0.0	    0.0	    0.0	  100.0	    0.3	    0.0	    0.0	    0.0	    0.0	    7.9	  1	 -150.0	 1350.0	    0.3	    0.0	    0.0	1	   77.6	 21	    0.0	    5.0	
  272	  27.20	  -81.7	 1310.1	   10.6	  596.2	 1436.8	    0.0	  200.0	    0.0	    0.0	    0.0	    0.0	  100.0	    0.0	    0.0	    0.0	    0.0	    0.0	    7.9	  1	 -150.0	 1350.0	    0.0	    0.0	    0.0	1	   77.6	 21	    0.0	    5.0	
  273	  27.30	  -81.7	 1310.1	   10.6	  596.2	 1436.8	    0.0	  200.0	    0.0	    0.0	    0.0	    0.0	  100.0	    0.0	    0.0	    0.0	    0.0	    0.0	    7.9	  1	 -150.0	 1350.0	    0.0	    0.0	    0.0	1	   77.6	 21	    0.0	    5.0	
  274	  27.40	  -81.7	 1310.1	   10.6	  596.2	 1436.8	    0.0	  200.0	    0.0	    0.0	    0.0	    0.0	  100.0	    0.0	    0.0	    0.0	    0.0	    0.0	    8.0	  1	 -150.0	 1350.0	    0.0	    0.0	    0.0	1	   77.6	 21	    0.0	    5.0	
  275	  27.50	  -81.7	 1310.1	   10.6	  596.2	 1436.8	    0.0	  200.0	    0.0	    0.0	    0.0	    0.0	  100.0	    0.0	    0.0	    0.0	    0.0	    0.0	    8.0	  1	 -150.0	 1350.0	    0.0	    0.0	    0.0	1	   77.6	 21	    0.0	    5.0	
  276	  27.60	  -81.7	 1310.1	   10.6	  596.2	 1436.8	    0.0	  200.0	    0.0	    0.0	    0.0	    0.0	  100.0	    0.0	    0.0	    0.0	    0.0	    0.0	    8.0	  1	 -150.0	 1350.0	    0.0	    0.0	    0.0	1	   77.6	 21	    0.0	    5.0	
  277	  27.70	  -81.7	 1310.1	   10.6	  596.2	 1436.8	    0.0	  200.0	    0.0	    0.0	    0.0	    0.0	  100.0	    0.0	    0.0	    0.0	    0.0	    0.0	    8.1	  1	 -150.0	 1350.0	    0.0	    0.0	    0.0	1	   77.6	 21	    0.0	    5.0	
  278	  27.80	  -81.7	 1310.1	   10.6	  596.2	 1436.8	    0.0	  200.0	    0.0	    0.0	    0.0	    0.0	  100.0	    0.0	    0.0	    0.0	    0.0	    0.0	    8.1	  1	 -150.0	 1350.0	    0.0	    0.0	    0.0	1	   77.6	 21	    0.0	    5.0	
  279	  27.90	  -81.7	 1310.1	   10.6	  596.2	 1436.8	    0.0	  200.0	    0.0	    0.0	    0.0	    0.0	  100.0	    0.0	    0.0	    0.0	    0.0	    0.0	    8.1	  1	 -150.0	 1350.0	    0.0	    0.0	    0.0	1	   77.6	 21	    0.0	    5.0	
  280	  28.00	  -81.7	 1310.1	   10.6	  596.2	 1436.8	    0.0	  200.0	    0.0	    0.0	    0.0	    0.0	  100.0	    0.0	    0.0	    0.0	    0.0	    0.0	    8.2	  1	 -150.0	 1350.0	    0.0	    0.0	    0.0	1	   77.6	 21	    0.0	    5.0	
  281	  28.10	  -81.7	 1310.1	   10.6	  596.2	 1436.8	    0.0	  200.0	    0.0	    0.0	    0.0	    0.0	  100.0	    0.0	    0.0	    0.0	    0.0	    0.0	    8.2	  1	 -150.0	 1350.0	    0.0	    0.0	    0.0	1	   77.6	 21	    0.0	    5.0	
  282	  28.20	  -81.7	 1310.1	   10.6	  596.2	 1436.8	    0.0	  200.0	    0.0	    0.0	    0.0	    0.0	  100.0	    0.0	    0.0	    0.0	    0.0	    0.0	    8.2	  1	 -150.0	 1350.0	    0.0	    0.0	    0.0	1	   77.6	 21	    0.0	    5.0	
  283	  28.30	  -81.7	 1310.1	   10.6	  596.2	 1436.8	    0.0	  200.0	    0.0	    0.0	    0.0	    0.0	  100.0	    0.0	    0.0	    0.0	    0.0	    0.0	    8.3	  1	 -150.0	 1350.0	    0.0	    0.0	    0.0	1	   77.6	 21	    0.0	    5.0	
  284	  28.40	  -81.7	 1310.1	   10.6	  596.2	 1436.8	    0.0	  200.0	    0.0	    0.0	    0.0	    0.0	  100.0	    0.0	    0.0	    0.0	    0.0	    0.0	    8.3	  1	 -150.0	 1350.0	    0.0	    0.0	    0.0	1	   77.6	 21	    0.0	    5.0	
  285	  28.50	  -81.7	 1310.1	   10.6	  596.2	 1436.8	    0.0	  200.0	    0.0	    0.0	    0.0	    0.0	  100.0	    0.0	    0.0	    0.0	    0.0	    0.0	    8.4	  1	 -150.0	 1350.0	    0.0	    0.0	    0.0	1	   77.6	 21	    0.0	    5.0	
