    1	   4.97	    0.0	 1500.0	    0.0	    0.0	 1500.0	    0.0	  200.0	    0.0	 1500.0	    0.0	  200.0	  100.0	   99.5	    0.0	    0.0	    0.0	    0.0	    0.1	  1	 -750.0	 1550.0	   99.5	    0.0	    0.0	1	  521.2	 21	    0.0	    8.5	
    2	   5.07	    0.0	 1500.0	    0.0	    0.0	 1500.0	    0.0	  200.0	    0.0	 1500.0	    0.0	  200.0	  100.0	   99.0	    0.0	    0.0	    0.0	    0.0	    0.1	  1	 -750.0	 1550.0	   99.0	    0.0	    0.0	1	  396.0	 21	 1322.3	   12.2	
    3	   5.17	    0.0	 1500.0	    0.0	    0.0	 1500.0	    0.0	  200.0	    0.0	 1500.0	    0.0	  200.0	  100.0	   98.5	    0.0	    0.0	    0.0	    0.0	    0.2	  1	 -750.0	 1550.0	   98.5	    0.0	    0.0	1	  395.6	 21	 1321.9	   12.2	
    4	   5.27	    0.0	 1500.0	    0.0	    0.0	 1500.0	    0.0	  200.0	    0.0	 1500.0	    0.0	  200.0	  100.0	   98.0	    0.0	    0.0	    0.0	    0.0	    0.3	  1	 -750.0	 1550.0	   98.0	    0.0	    0.0	1	  395.1	 21	 1321.5	   12.2	
    5	   5.37	    0.0	 1500.0	    0.0	    0.0	 1500.0	    0.0	  200.0	    0.0	 1500.0	    0.0	  200.0	  100.0	   97.5	    0.0	    0.0	    0.0	    0.0	    0.3	  1	 -750.0	 1550.0	   97.5	    0.0	    0.0	1	  394.7	 21	 1321.2	   12.1	
    6	   5.47	    0.0	 1500.0	    0.0	    0.0	 1500.0	    0.0	  200.0	    0.0	 1500.0	    0.0	  200.0	  100.0	   97.0	    0.0	    0.0	    0.0	    0.0	    0.4	  1	 -750.0	 1550.0	   97.0	    0.0	    0.0	1	  394.2	 21	 1320.8	   12.1	
    7	   5.57	    0.0	 1500.0	    0.0	    0.0	 1500.0	    0.0	  200.0	    0.0	 1500.0	    0.0	  200.0	  100.0	   96.5	    0.0	    0.0	    0.0	    0.0	    0.5	  1	 -750.0	 1550.0	   96.5	    0.0	    0.0	1	  393.8	 21	 1320.4	   12.0	
    8	   5.67	    0.0	 1500.0	    0.0	    0.0	 1500.0	    0.0	  200.0	    0.0	 1500.0	    0.0	  200.0	  100.0	   96.0	    0.0	    0.0	    0.0	    0.0	    0.5	  1	 -750.0	 1550.0	   96.0	    0.0	    0.0	1	  393.3	 21	 1320.0	   12.0	
    9	   5.77	    0.0	 1500.0	    0.0	    0.0	 1500.0	    0.0	  200.0	    0.0	 1500.0	    0.0	  200.0	  100.0	   95.5	    0.0	    0.0	    0.0	    0.0	    0.6	  1	 -750.0	 1550.0	   95.5	    0.0	    0.0	1	  392.8	 21	 1319.7	   12.0	
   10	   5.87	    0.0	 1500.0	    0.0	    0.0	 1500.0	    0.0	  200.0	    0.0	 1500.0	    0.0	  200.0	  100.0	   95.0	    0.0	    0.0	    0.0	    0.0	    0.7	  1	 -750.0	 1550.0	   95.0	    0.0	    0.0	1	  392.4	 21	 1319.3	   11.9	
   11	   5.97	    0.0	 1500.0	    0.0	    0.0	 1500.0	    0.0	  200.0	    0.0	 1500.0	    0.0	  200.0	  100.0	   94.5	    0.0	    0.0	    0.0	    0.0	    0.7	  1	 -750.0	 1550.0	   94.5	    0.0	    0.0	1	  391.9	 21	 1318.9	   11.9	
   12	   6.08	    0.0	 1500.0	    0.0	    0.0	 1500.0	    0.0	  200.0	    0.0	 1500.0	    0.0	  200.0	  100.0	   94.0	    0.0	    0.0	    0.0	    0.0	    0.8	  1	 -750.0	 1550.0	   94.0	    0.0	    0.0	1	  391.5	 21	 1318.6	   11.9	
   13	   6.17	    0.0	 1500.0	    0.0	    0.0	 1500.0	    0.0	  200.0	    0.0	 1500.0	    0.0	  200.0	  100.0	   93.5	    0.0	    0.0	    0.0	    0.0	    0.9	  1	 -750.0	 1550.0	   93.5	    0.0	    0.0	1	  391.0	 21	 1318.2	   11.8	
   14	   6.27	    0.0	 1500.0	    0.0	    0.0	 1500.0	    0.0	  200.0	    0.0	 1500.0	    0.0	  200.0	  100.0	   93.0	    0.0	    0.0	    0.0	    0.0	    0.9	  1	 -750.0	 1550.0	   93.0	    0.0	    0.0	1	  390.6	 21	 1317.8	   11.8	
   15	   6.37	    0.0	 1500.0	    0.0	    0.0	 1500.0	    0.0	  200.0	    0.0	 1500.0	    0.0	  200.0	  100.0	   92.5	    0.0	    0.0	    0.0	    0.0	    1.0	  1	 -750.0	 1550.0	   92.5	    0.0	    0.0	1	  390.1	 21	 1317.5	   11.7	
   16	   6.47	    0.0	 1500.0	    0.0	    0.0	 1500.0	    0.0	  200.0	    0.0	 1500.0	    0.0	  200.0	  100.0	   92.0	    0.0	    0.0	    0.0	    0.0	    1.1	  1	 -750.0	 1550.0	   92.0	    0.0	    0.0	1	  389.7	 21	 1317.1	   11.7	
   17	   6.57	    0.0	 1500.0	    0.0	    0.0	 1500.0	    0.0	  200.0	    0.0	 1500.0	    0.0	  200.0	  100.0	   91.5	    0.0	    0.0	    0.0	    0.0	    1.2	  1	 -750.0	 1550.0	   91.5	    0.0	    0.0	1	  389.2	 21	 1316.7	   11.7	
   18	   6.67	    0.0	 1500.0	    0.0	    0.0	 1500.0	    0.0	  200.0	    0.0	 1500.0	    0.0	  200.0	  100.0	   91.0	    0.0	    0.0	    0.0	    0.0	    1.2	  1	 -750.0	 1550.0	   91.0	    0.0	    0.0	1	  388.7	 21	 1316.4	   11.6	
   19	   6.77	    0.0	 1500.0	    0.0	    0.0	 1500.0	    0.0	  200.0	    0.0	 1500.0	    0.0	  200.0	  100.0	   90.5	    0.0	    0.0	    0.0	    0.0	    1.3	  1	 -750.0	 1550.0	   90.5	    0.0	    0.0	1	  388.3	 21	 1316.0	   11.6	
   20	   6.87	    0.0	 1500.0	    0.0	    0.0	 1500.0	    0.0	  200.0	    0.0	 1500.0	    0.0	  200.0	  100.0	   90.0	    0.0	    0.0	    0.0	    0.0	    1.4	  1	 -750.0	 1550.0	   90.0	    0.0	    0.0	1	  387.8	 21	 1315.6	   11.6	
   21	   6.97	    0.0	 1500.0	    0.0	    0.0	 1500.0	    0.0	  200.0	    0.0	 1500.0	    0.0	  200.0	  100.0	   89.5	    0.0	    0.0	    0.0	    0.0	    1.4	  1	 -750.0	 1550.0	   89.5	    0.0	    0.0	1	  387.4	 21	 1315.3	   11.5	
   22	   7.07	    0.0	 1500.0	    0.0	    0.0	 1500.0	    0.0	  200.0	    0.0	 1500.0	    0.0	  200.0	  100.0	   89.0	    0.0	    0.0	    0.0	    0.0	    1.5	  1	 -750.0	 1550.0	   89.0	    0.0	    0.0	1	  386.9	 21	 1314.9	   11.5	
   23	   7.17	    0.0	 1500.0	    0.0	    0.0	 1500.0	    0.0	  200.0	    0.0	 1500.0	    0.0	  200.0	  100.0	   88.5	    0.0	    0.0	    0.0	    0.0	    1.6	  1	 -750.0	 1550.0	   88.5	    0.0	    0.0	1	  386.4	 21	 1314.5	   11.5	
   24	   7.27	    0.0	 1500.0	    0.0	    0.0	 1500.0	    0.0	  200.0	    0.0	 1500.0	    0.0	  200.0	  100.0	   88.0	    0.0	    0.0	    0.0	    0.0	    1.6	  1	 -750.0	 1550.0	   88.0	    0.0	    0.0	1	  386.0	 21	 1314.1	   11.4	
   25	   7.37	    0.0	 1500.0	    0.0	    0.0	 1500.0	    0.0	  200.0	    0.0	 1500.0	    0.0	  200.0	  100.0	   87.5	    0.0	    0.0	    0.0	    0.0	    1.7	  1	 -750.0	 1550.0	   87.5	    0.0	    0.0	1	  385.5	 21	 1313.8	   11.4	
   26	   7.47	    0.0	 1500.0	    0.0	    0.0	 1500.0	    0.0	  200.0	    0.0	 1500.0	    0.0	  200.0	  100.0	   87.0	    0.0	    0.0	    0.0	    0.0	    1.8	  1	 -750.0	 1550.0	   87.0	    0.0	    0.0	1	  385.1	 21	 1313.4	   11.3	
   27	   7.58	    0.0	 1500.0	    0.0	    0.0	 1500.0	    0.0	  200.0	    0.0	 1500.0	    0.0	  200.0	  100.0	   86.5	    0.0	    0.0	    0.0	    0.0	    1.8	  1	 -750.0	 1550.0	   86.5	    0.0	    0.0	1	  384.6	 21	 1313.0	   11.3	
   28	   7.67	    0.0	 1500.0	    0.0	    0.0	 1500.0	    0.0	  200.0	    0.0	 1500.0	    0.0	  200.0	  100.0	   86.0	    0.0	    0.0	    0.0	    0.0	    1.9	  1	 -750.0	 1550.0	   86.0	    0.0	    0.0	1	  384.1	 21	 1312.7	   11.3	
   29	   7.77	    0.0	 1500.0	    0.0	    0.0	 1500.0	    0.0	  200.0	    0.0	 1500.0	    0.0	  200.0	  100.0	   85.5	    0.0	    0.0	    0.0	    0.0	    2.0	  1	 -750.0	 1550.0	   85.5	    0.0	    0.0	1	  383.7	 21	 1312.3	   11.2	
   30	   7.87	    0.0	 1500.0	    0.0	    0.0	 1500.0	    0.0	  200.0	    0.0	 1500.0	    0.0	  200.0	  100.0	   85.0	    0.0	    0.0	    0.0	    0.0	    2.0	  1	 -750.0	 1550.0	   85.0	    0.0	    0.0	1	  383.2	 21	 1311.9	   11.2	
   31	   7.97	    0.0	 1500.0	    0.0	    0.0	 1500.0	    0.0	  200.0	    0.0	 1500.0	    0.0	  200.0	  100.0	   84.5	    0.0	    0.0	    0.0	    0.0	    2.1	  1	 -750.0	 1550.0	   84.5	    0.0	    0.0	1	  382.7	 21	 1311.6	   11.2	
   32	   8.07	    0.0	 1500.0	    0.0	    0.0	 1500.0	    0.0	  200.0	    0.0	 1500.0	    0.0	  200.0	  100.0	   84.0	    0.0	    0.0	    0.0	    0.0	    2.2	  1	 -750.0	 1550.0	   84.0	    0.0	    0.0	1	  382.3	 21	 1311.2	   11.1	
   33	   8.17	    0.0	 1500.0	    0.0	    0.0	 1500.0	    0.0	  200.0	    0.0	 1500.0	    0.0	  200.0	  100.0	   83.5	    0.0	    0.0	    0.0	    0.0	    2.2	  1	 -750.0	 1550.0	   83.5	    0.0	    0.0	1	  381.8	 21	 1310.8	   11.1	
   34	   8.27	    0.0	 1500.0	    0.0	    0.0	 1500.0	    0.0	  200.0	    0.0	 1500.0	    0.0	  200.0	  100.0	   83.0	    0.0	    0.0	    0.0	    0.0	    2.3	  1	 -750.0	 1550.0	   83.0	    0.0	    0.0	1	  381.3	 21	 1310.5	   11.0	
   35	   8.37	    0.0	 1500.0	    0.0	    0.0	 1500.0	    0.0	  200.0	    0.0	 1500.0	    0.0	  200.0	  100.0	   82.5	    0.0	    0.0	    0.0	    0.0	    2.4	  1	 -750.0	 1550.0	   82.5	    0.0	    0.0	1	  380.9	 21	 1310.1	   11.0	
   36	   8.47	    0.0	 1500.0	    0.0	    0.0	 1500.0	    0.0	  200.0	    0.0	 1500.0	    0.0	  200.0	  100.0	   82.0	    0.0	    0.0	    0.0	    0.0	    2.4	  1	 -750.0	 1550.0	   82.0	    0.0	    0.0	1	  380.4	 21	 1309.7	   11.0	
   37	   8.57	    0.0	 1500.0	    0.0	    0.0	 1500.0	    0.0	  200.0	    0.0	 1500.0	    0.0	  200.0	  100.0	   81.5	    0.0	    0.0	    0.0	    0.0	    2.5	  1	 -750.0	 1550.0	   81.5	    0.0	    0.0	1	  379.9	 21	 1309.4	   10.9	
   38	   8.67	    0.0	 1500.0	    0.0	    0.0	 1500.0	    0.0	  200.0	    0.0	 1500.0	    0.0	  200.0	  100.0	   81.0	    0.0	    0.0	    0.0	    0.0	    2.6	  1	 -750.0	 1550.0	   81.0	    0.0	    0.0	1	  379.5	 21	 1309.0	   10.9	
   39	   8.78	    0.0	 1500.0	    0.0	    0.0	 1500.0	    0.0	  200.0	    0.0	 1500.0	    0.0	  200.0	  100.0	   80.5	    0.0	    0.0	    0.0	    0.0	    2.6	  1	 -750.0	 1550.0	   80.5	    0.0	    0.0	1	  379.0	 21	 1308.6	   10.9	
   40	   8.87	    0.0	 1500.0	    0.0	    0.0	 1500.0	    0.0	  200.0	    0.0	 1500.0	    0.0	  200.0	  100.0	   80.0	    0.0	    0.0	    0.0	    0.0	    2.7	  1	 -750.0	 1550.0	   80.0	    0.0	    0.0	1	  378.5	 21	 1308.3	   10.8	
   41	   8.97	    0.0	 1500.0	    0.0	    0.0	 1500.0	    0.0	  200.0	    0.0	 1500.0	    0.0	  200.0	  100.0	   79.5	    0.0	    0.0	    0.0	    0.0	    2.8	  1	 -750.0	 1550.0	   79.5	    0.0	    0.0	1	  378.1	 21	 1307.9	   10.8	
   42	   9.07	    0.0	 1500.0	    0.0	    0.0	 1500.0	    0.0	  200.0	    0.0	 1500.0	    0.0	  200.0	  100.0	   79.0	    0.0	    0.0	    0.0	    0.0	    2.8	  1	 -750.0	 1550.0	   79.0	    0.0	    0.0	1	  377.6	 21	 1307.5	   10.8	
   43	   9.17	    0.0	 1500.0	    0.0	    0.0	 1500.0	    0.0	  200.0	    0.0	 1500.0	    0.0	  200.0	  100.0	   78.5	    0.0	    0.0	    0.0	    0.0	    2.9	  1	 -750.0	 1550.0	   78.5	    0.0	    0.0	1	  377.1	 21	 1307.1	   10.7	
   44	   9.27	    0.0	 1500.0	    0.0	    0.0	 1500.0	    0.0	  200.0	    0.0	 1500.0	    0.0	  200.0	  100.0	   78.0	    0.0	    0.0	    0.0	    0.0	    3.0	  1	 -750.0	 1550.0	   78.0	    0.0	    0.0	1	  376.7	 21	 1306.8	   10.7	
   45	   9.37	    0.0	 1500.0	    0.0	    0.0	 1500.0	    0.0	  200.0	    0.0	 1500.0	    0.0	  200.0	  100.0	   77.5	    0.0	    0.0	    0.0	    0.0	    3.1	  1	 -750.0	 1550.0	   77.5	    0.0	    0.0	1	  376.2	 21	 1306.4	   10.6	
   46	   9.47	    0.0	 1500.0	    0.0	    0.0	 1500.0	    0.0	  200.0	    0.0	 1500.0	    0.0	  200.0	  100.0	   77.0	    0.0	    0.0	    0.0	    0.0	    3.1	  1	 -750.0	 1550.0	   77.0	    0.0	    0.0	1	  375.7	 21	 1306.0	   10.6	
   47	   9.57	    0.0	 1500.0	    0.0	    0.0	 1500.0	    0.0	  200.0	    0.0	 1500.0	    0.0	  200.0	  100.0	   76.5	    0.0	    0.0	    0.0	    0.0	    3.2	  1	 -750.0	 1550.0	   76.5	    0.0	    0.0	1	  375.2	 21	 1305.7	   10.6	
   48	   9.67	    0.0	 1500.0	    0.0	    0.0	 1500.0	    0.0	  200.0	    0.0	 1500.0	    0.0	  200.0	  100.0	   76.0	    0.0	    0.0	    0.0	    0.0	    3.3	  1	 -750.0	 1550.0	   76.0	    0.0	    0.0	1	  374.8	 21	 1305.3	   10.5	
   49	   9.77	    0.0	 1500.0	    0.0	    0.0	 1500.0	    0.0	  200.0	    0.0	 1500.0	    0.0	  200.0	  100.0	   75.5	    0.0	    0.0	    0.0	    0.0	    3.3	  1	 -750.0	 1550.0	   75.5	    0.0	    0.0	1	  374.3	 21	 1304.9	   10.5	
   50	   9.87	    0.0	 1500.0	    0.0	    0.0	 1500.0	    0.0	  200.0	    0.0	 1500.0	    0.0	  200.0	  100.0	   75.0	    0.0	    0.0	    0.0	    0.0	    3.4	  1	 -750.0	 1550.0	   75.0	    0.0	    0.0	1	  373.8	 21	 1304.6	   10.5	
   51	   9.97	    0.0	 1500.0	    0.0	  819.4	 1340.8	    0.0	  200.0	    0.0	 1500.0	    0.0	  200.0	  100.0	   74.5	    0.0	    0.0	    0.0	    0.2	    3.5	  1	  750.0	 1150.0	   74.5	    0.0	    0.2	1	  484.4	 21	 1208.2	 -191.8	
   52	  10.07	    0.0	 1500.0	    0.0	  819.4	 1340.8	    0.0	  200.0	    0.0	 1500.0	    0.0	  200.0	  100.0	   74.0	    0.0	    0.0	    0.0	    0.4	    3.5	  1	  750.0	 2050.0	   74.0	    0.0	    0.4	1	  311.0	 21	 1398.8	   19.9	
   53	  10.17	    0.0	 1500.0	    0.0	  819.4	 1340.8	    0.0	  200.0	    0.0	 1500.0	    0.0	  200.0	  100.0	   73.5	    0.0	    0.0	    0.0	    0.5	    3.6	  1	  750.0	 2050.0	   73.5	    0.0	    0.5	1	  311.2	 21	 1397.9	   19.8	
   54	  10.27	    0.0	 1500.0	    0.0	  822.9	 1348.7	    0.0	  200.0	    0.0	 1500.0	    0.0	  200.0	  100.0	   73.0	    0.0	    0.0	    0.0	    0.7	    3.7	  1	  750.0	 2050.0	   73.0	    0.0	    0.7	1	  313.1	 21	 1396.9	   19.7	
   55	  10.37	    0.0	 1500.0	    0.0	  822.9	 1348.7	    0.0	  200.0	    0.0	 1500.0	    0.0	  200.0	  100.0	   72.5	    0.0	    0.0	    0.0	    0.9	    3.7	  1	  750.0	 2050.0	   72.5	    0.0	    0.9	1	  313.3	 21	 1396.0	   19.6	
   56	  10.47	    0.0	 1500.0	    0.0	  822.9	 1348.7	    0.0	  200.0	    0.0	 1500.0	    0.0	  200.0	  100.0	   72.0	    0.0	    0.0	    0.0	    1.1	    3.8	  1	  750.0	 2050.0	   72.0	    0.0	    1.1	1	  313.5	 21	 1395.1	   19.5	
   57	  10.57	    0.0	 1500.0	    0.0	  822.9	 1348.7	    0.0	  200.0	    0.0	 1500.0	    0.0	  200.0	  100.0	   71.5	    0.0	    0.0	    0.0	    1.2	    3.9	  1	  750.0	 2050.0	   71.5	    0.0	    1.2	1	  313.8	 21	 1394.3	   19.4	
   58	  10.67	    0.0	 1500.0	    0.0	  822.9	 1348.7	    0.0	  200.0	    0.0	 1500.0	    0.0	  200.0	  100.0	   71.0	    0.0	    0.0	    0.0	    1.4	    3.9	  1	  750.0	 2050.0	   71.0	    0.0	    1.4	1	  314.0	 21	 1393.4	   19.3	
   59	  10.78	    0.0	 1500.0	    0.0	  822.9	 1348.7	    0.0	  200.0	    0.0	 1500.0	    0.0	  200.0	  100.0	   70.5	    0.0	    0.0	    0.0	    1.6	    4.0	  1	  750.0	 2050.0	   70.5	    0.0	    1.6	1	  314.2	 21	 1392.6	   19.3	
   60	  10.87	    0.0	 1500.0	    0.0	  823.8	 1368.5	    0.0	  200.0	    0.0	 1500.0	    0.0	  200.0	  100.0	   70.0	    0.0	    0.0	    0.0	    1.8	    4.1	  1	  750.0	 2050.0	   70.0	    0.0	    1.8	1	  317.3	 21	 1391.8	   19.2	
   61	  10.97	    0.0	 1500.0	    0.0	  823.8	 1368.5	    0.0	  200.0	    0.0	 1500.0	    0.0	  200.0	  100.0	   69.5	    0.0	    0.0	    0.0	    2.0	    4.1	  1	  750.0	 2050.0	   69.5	    0.0	    2.0	1	  317.5	 21	 1391.0	   19.1	
   62	  11.07	    0.0	 1500.0	    0.0	  823.8	 1368.5	    0.0	  200.0	    0.0	 1500.0	    0.0	  200.0	  100.0	   69.0	    0.0	    0.0	    0.0	    2.1	    4.2	  1	  750.0	 2050.0	   69.0	    0.0	    2.1	1	  317.7	 21	 1390.1	   19.0	
   63	  11.17	    0.0	 1500.0	    0.0	  823.8	 1368.5	    0.0	  200.0	    0.0	 1500.0	    0.0	  200.0	  100.0	   68.5	    0.0	    0.0	    0.0	    2.3	    4.3	  1	  750.0	 2050.0	   68.5	    0.0	    2.3	1	  317.9	 21	 1389.3	   18.9	
   64	  11.27	    0.0	 1500.0	    0.0	  823.8	 1368.5	    0.0	  200.0	    0.0	 1500.0	    0.0	  200.0	  100.0	   68.0	    0.0	    0.0	    0.0	    2.5	    4.3	  1	  750.0	 2050.0	   68.0	    0.0	    2.5	1	  318.1	 21	 1388.5	   18.9	
   65	  11.37	    0.0	 1500.0	    0.0	  828.9	 1406.5	    0.0	  200.0	    0.0	 1500.0	    0.0	  200.0	  100.0	   67.5	    0.0	    0.0	    0.0	    2.7	    4.4	  1	  750.0	  750.0	   67.5	    0.0	    2.7	1	  321.9	 21	 1387.6	   18.8	
   66	  11.48	    0.0	 1500.0	    0.0	  828.9	 1406.5	    0.0	  200.0	    0.0	 1500.0	    0.0	  200.0	  100.0	   67.0	    0.0	    0.0	    0.0	    2.9	    4.5	  1	  750.0	  750.0	   67.0	    0.0	    2.9	1	  322.2	 21	 1386.8	   18.7	
   67	  11.57	    0.0	 1500.0	    0.0	  828.9	 1406.5	    0.0	  200.0	    0.0	 1500.0	    0.0	  200.0	  100.0	   66.5	    0.0	    0.0	    0.0	    3.0	    4.5	  1	  750.0	  750.0	   66.5	    0.0	    3.0	1	  322.4	 21	 1386.0	   18.6	
   68	  11.68	    0.0	 1500.0	    0.0	  828.9	 1406.5	    0.0	  200.0	    0.0	 1500.0	    0.0	  200.0	  100.0	   66.0	    0.0	    0.0	    0.0	    3.2	    4.6	  1	  750.0	  750.0	   66.0	    0.0	    3.2	1	  322.7	 21	 1385.2	   18.5	
   69	  11.77	    0.0	 1500.0	    0.0	  828.9	 1406.5	    0.0	  200.0	    0.0	 1500.0	    0.0	  200.0	  100.0	   65.5	    0.0	    0.0	    0.0	    3.4	    4.7	  1	  750.0	  750.0	   65.5	    0.0	    3.4	1	  323.0	 21	 1384.4	   18.4	
   70	  11.88	    0.0	 1500.0	    0.0	  828.9	 1406.5	    0.0	  200.0	    0.0	 1500.0	    0.0	  200.0	  100.0	   65.0	    0.0	    0.0	    0.0	    3.6	    4.7	  1	  750.0	  750.0	   65.0	    0.0	    3.6	1	  323.2	 21	 1383.6	   18.4	
   71	  11.97	    0.0	 1500.0	    0.0	  828.9	 1406.5	    0.0	  200.0	    0.0	 1500.0	    0.0	  200.0	  100.0	   64.5	    0.0	    0.0	    0.0	    3.7	    4.8	  1	  750.0	  750.0	   64.5	    0.0	    3.7	1	  323.5	 21	 1382.9	   18.3	
   72	  12.07	    0.0	 1500.0	    0.0	  828.9	 1406.5	    0.0	  200.0	    0.0	 1500.0	    0.0	  200.0	  100.0	   64.0	    0.0	    0.0	    0.0	    3.9	    4.9	  1	  750.0	  750.0	   64.0	    0.0	    3.9	1	  323.7	 21	 1382.1	   18.2	
   73	  12.17	    0.0	 1500.0	    0.0	  828.9	 1406.5	    0.0	  200.0	    0.0	 1500.0	    0.0	  200.0	  100.0	   63.5	    0.0	    0.0	    0.0	    4.1	    5.0	  1	  750.0	  750.0	   63.5	    0.0	    4.1	1	  324.0	 21	 1381.4	   18.1	
   74	  12.28	    0.0	 1500.0	    0.0	  828.9	 1406.5	    0.0	  200.0	    0.0	 1500.0	    0.0	  200.0	  100.0	   63.0	    0.0	    0.0	    0.0	    4.3	    5.0	  1	  750.0	  750.0	   63.0	    0.0	    4.3	1	  324.2	 21	 1380.6	   18.1	
   75	  12.37	    0.0	 1500.0	    0.0	  828.9	 1406.5	    0.0	  200.0	    0.0	 1500.0	    0.0	  200.0	  100.0	   62.5	    0.0	    0.0	    0.0	    4.5	    5.1	  1	  750.0	  750.0	   62.5	    0.0	    4.5	1	  324.5	 21	 1379.9	   18.0	
   76	  12.47	    0.0	 1500.0	    0.0	  828.9	 1406.5	    0.0	  200.0	    0.0	 1500.0	    0.0	  200.0	  100.0	   62.0	    0.0	    0.0	    0.0	    4.6	    5.2	  1	  750.0	  750.0	   62.0	    0.0	    4.6	1	  324.8	 21	 1379.2	   17.9	
   77	  12.57	    0.0	 1500.0	    0.0	  828.9	 1406.5	    0.0	  200.0	    0.0	 1500.0	    0.0	  200.0	  100.0	   61.5	    0.0	    0.0	    0.0	    4.8	    5.2	  1	  750.0	  750.0	   61.5	    0.0	    4.8	1	  325.0	 21	 1378.5	   17.8	
   78	  12.68	    0.0	 1500.0	    0.0	  828.9	 1406.5	    0.0	  200.0	    0.0	 1500.0	    0.0	  200.0	  100.0	   61.0	    0.0	    0.0	    0.0	    5.0	    5.3	  1	  750.0	  750.0	   61.0	    0.0	    5.0	1	  325.3	 21	 1377.7	   17.8	
   79	  12.77	    0.0	 1500.0	    0.0	  828.9	 1406.5	    0.0	  200.0	    0.0	 1500.0	    0.0	  200.0	  100.0	   60.5	    0.0	    0.0	    0.0	    5.2	    5.4	  1	  750.0	  750.0	   60.5	    0.0	    5.2	1	  325.5	 21	 1377.0	   17.7	
   80	  12.87	    0.0	 1500.0	    0.0	  828.9	 1406.5	    0.0	  200.0	    0.0	 1500.0	    0.0	  200.0	  100.0	   60.0	    0.0	    0.0	    0.0	    5.3	    5.4	  1	  750.0	  750.0	   60.0	    0.0	    5.3	1	  325.8	 21	 1376.4	   17.6	
   81	  12.97	    0.0	 1500.0	    0.0	  828.9	 1406.5	    0.0	  200.0	    0.0	 1500.0	    0.0	  200.0	  100.0	   59.5	    0.0	    0.0	    0.0	    5.5	    5.5	  1	  750.0	  750.0	   59.5	    0.0	    5.5	1	  326.0	 21	 1375.7	   17.6	
   82	  13.07	    0.0	 1500.0	    0.0	  794.0	 1277.1	    0.0	  200.0	    0.0	 1500.0	    0.0	  200.0	  100.0	   59.0	    0.0	    0.0	    0.0	    5.7	    5.6	  1	  750.0	  750.0	   59.0	    0.0	    5.7	1	  351.0	 21	 1375.4	   17.5	
   83	  13.17	    0.0	 1500.0	    0.0	  790.6	 1278.7	    0.0	  200.0	    0.0	 1500.0	    0.0	  200.0	  100.0	   58.5	    0.0	    0.0	    0.0	    5.9	    5.6	  1	  750.0	  750.0	   58.5	    0.0	    5.9	1	  339.3	 21	 1375.2	   17.5	
   84	  13.27	    0.0	 1500.0	    0.0	  790.6	 1278.7	    0.0	  200.0	    0.0	 1500.0	    0.0	  200.0	  100.0	   58.0	    0.0	    0.0	    0.0	    6.0	    5.7	  1	  750.0	  750.0	   58.0	    0.0	    6.0	1	  339.6	 21	 1374.5	   17.5	
   85	  13.37	    0.0	 1500.0	    0.0	  794.0	 1277.1	    0.0	  200.0	    0.0	 1500.0	    0.0	  200.0	  100.0	   57.5	    0.0	    0.0	    0.0	    6.2	    5.8	  1	  750.0	  750.0	   57.5	    0.0	    6.2	1	  340.4	 21	 1373.7	   17.4	
   86	  13.47	    0.0	 1500.0	    0.0	  790.6	 1278.7	    0.0	  200.0	    0.0	 1500.0	    0.0	  200.0	  100.0	   57.0	    0.0	    0.0	    0.0	    6.4	    5.8	  1	  750.0	  750.0	   57.0	    0.0	    6.4	1	  340.0	 21	 1373.2	   17.3	
   87	  13.57	    0.0	 1500.0	    0.0	  790.6	 1278.7	    0.0	  200.0	    0.0	 1500.0	    0.0	  200.0	  100.0	   56.5	    0.0	    0.0	    0.0	    6.6	    5.9	  1	  750.0	  750.0	   56.5	    0.0	    6.6	1	  340.2	 21	 1372.6	   17.3	
   88	  13.67	    0.0	 1500.0	    0.0	  809.2	 1299.8	    0.0	  200.0	    0.0	 1500.0	    0.0	  200.0	  100.0	   56.0	    0.0	    0.0	    0.0	    6.7	    6.0	  1	  750.0	  750.0	   56.0	    0.0	    6.7	1	  340.0	 21	 1371.4	   17.1	
   89	  13.78	    0.0	 1500.0	    0.0	  790.6	 1278.7	    0.0	  200.0	    0.0	 1500.0	    0.0	  200.0	  100.0	   55.5	    0.0	    0.0	    0.0	    6.9	    6.0	  1	  750.0	  750.0	   55.5	    0.0	    6.9	1	  340.7	 21	 1371.3	   17.1	
   90	  13.87	    0.0	 1500.0	    0.0	  809.2	 1299.8	    0.0	  200.0	    0.0	 1500.0	    0.0	  200.0	  100.0	   55.0	    0.0	    0.0	    0.0	    7.1	    6.1	  1	  750.0	  750.0	   55.0	    0.0	    7.1	1	  340.4	 21	 1370.1	   17.0	
   91	  13.97	    0.0	 1500.0	    0.0	  809.2	 1299.8	    0.0	  200.0	    0.0	 1500.0	    0.0	  200.0	  100.0	   54.5	    0.0	    0.0	    0.0	    7.3	    6.2	  1	  750.0	  750.0	   54.5	    0.0	    7.3	1	  340.7	 21	 1369.5	   17.0	
   92	  14.07	    0.0	 1500.0	    0.0	  809.2	 1299.8	    0.0	  200.0	    0.0	 1500.0	    0.0	  200.0	  100.0	   54.0	    0.0	    0.0	    0.0	    7.4	    6.2	  1	  750.0	  750.0	   54.0	    0.0	    7.4	1	  340.9	 21	 1369.0	   16.9	
   93	  14.17	    0.0	 1500.0	    0.0	  809.2	 1299.8	    0.0	  200.0	    0.0	 1500.0	    0.0	  200.0	  100.0	   53.5	    0.0	    0.0	    0.0	    7.6	    6.3	  1	  750.0	  750.0	   53.5	    0.0	    7.6	1	  341.1	 21	 1368.4	   16.8	
   94	  14.27	    0.0	 1500.0	    0.0	  809.2	 1299.8	    0.0	  200.0	    0.0	 1500.0	    0.0	  200.0	  100.0	   53.0	    0.0	    0.0	    0.0	    7.8	    6.4	  1	  750.0	  750.0	   53.0	    0.0	    7.8	1	  341.4	 21	 1367.8	   16.8	
   95	  14.37	    0.0	 1500.0	    0.0	  809.2	 1299.8	    0.0	  200.0	    0.0	 1500.0	    0.0	  200.0	  100.0	   52.5	    0.0	    0.0	    0.0	    8.0	    6.4	  1	  750.0	  750.0	   52.5	    0.0	    8.0	1	  341.6	 21	 1367.3	   16.7	
   96	  14.47	    0.0	 1500.0	    0.0	  809.2	 1299.8	    0.0	  200.0	    0.0	 1500.0	    0.0	  200.0	  100.0	   52.0	    0.0	    0.0	    0.0	    8.1	    6.5	  1	  750.0	  750.0	   52.0	    0.0	    8.1	1	  341.8	 21	 1366.7	   16.7	
   97	  14.57	    0.0	 1500.0	    0.0	  809.2	 1299.8	    0.0	  200.0	    0.0	 1500.0	    0.0	  200.0	  100.0	   51.5	    0.0	    0.0	    0.0	    8.3	    6.6	  1	  750.0	  750.0	   51.5	    0.0	    8.3	1	  342.0	 21	 1366.2	   16.6	
   98	  14.67	    0.0	 1500.0	    0.0	  809.2	 1299.8	    0.0	  200.0	    0.0	 1500.0	    0.0	  200.0	  100.0	   51.0	    0.0	    0.0	    0.0	    8.5	    6.6	  1	  750.0	  750.0	   51.0	    0.0	    8.5	1	  342.3	 21	 1365.7	   16.6	
   99	  14.77	    0.0	 1500.0	    0.0	  809.2	 1299.8	    0.0	  200.0	    0.0	 1500.0	    0.0	  200.0	  100.0	   50.5	    0.0	    0.0	    0.0	    8.7	    6.7	  1	  750.0	  750.0	   50.5	    0.0	    8.7	1	  342.5	 21	 1365.2	   16.5	
  100	  14.87	    0.0	 1500.0	    0.0	  809.2	 1299.8	    0.0	  200.0	    0.0	 1500.0	    0.0	  200.0	  100.0	   50.0	    0.0	    0.0	    0.0	    8.9	    6.8	  1	  750.0	  750.0	   50.0	    0.0	    8.9	1	  342.7	 21	 1364.7	   16.5	
  101	  14.97	    0.0	 1500.0	    0.0	 1043.2	 1533.3	    0.0	  200.0	    0.0	 1500.0	    0.0	  200.0	  100.0	   49.5	    0.0	    0.0	    0.0	    9.1	    6.9	  1	  750.0	 2250.0	   49.5	    0.0	    9.1	1	  387.4	 21	 1266.0	 -134.0	
  102	  15.07	    0.0	 1500.0	    0.0	 1043.2	 1533.3	    0.0	  200.0	    0.0	 1500.0	    0.0	  200.0	  100.0	   49.0	    0.0	    0.0	    0.0	    9.4	    6.9	  1	  750.0	  750.0	   49.0	    0.0	    9.4	1	  341.7	 21	 1355.4	   15.5	
  103	  15.18	    0.0	 1500.0	    0.0	 1043.2	 1533.3	    0.0	  200.0	    0.0	 1500.0	    0.0	  200.0	  100.0	   48.5	    0.0	    0.0	    0.0	    9.7	    7.0	  1	  750.0	  750.0	   48.5	    0.0	    9.7	1	  342.2	 21	 1355.2	   15.5	
  104	  15.27	    0.0	 1500.0	    0.0	 1043.2	 1533.3	    0.0	  200.0	    0.0	 1500.0	    0.0	  200.0	  100.0	   48.0	    0.0	    0.0	    0.0	    9.9	    7.1	  1	  750.0	  750.0	   48.0	    0.0	    9.9	1	  342.6	 21	 1355.0	   15.5	
  105	  15.37	    0.0	 1500.0	    0.0	 1043.2	 1533.3	    0.0	  200.0	    0.0	 1500.0	    0.0	  200.0	  100.0	   47.5	    0.0	    0.0	    0.0	   10.2	    7.1	  1	  750.0	  750.0	   47.5	    0.0	   10.2	1	  343.0	 21	 1354.8	   15.5	
  106	  15.47	    0.0	 1500.0	    0.0	 1160.5	 1568.0	    0.0	  200.0	    0.0	 1500.0	    0.0	  200.0	  100.0	   47.0	    0.0	    0.0	    0.0	   10.5	    7.2	  1	  750.0	 2250.0	   47.0	    0.0	   10.5	1	  377.7	 21	 1363.7	  -36.3	
  107	  15.57	    0.0	 1500.0	    0.0	 1160.5	 1568.0	    0.0	  200.0	    0.0	 1500.0	    0.0	  200.0	  100.0	   46.5	    0.0	    0.0	    0.0	   10.8	    7.3	  1	  750.0	 2250.0	   46.5	    0.0	   10.8	1	  367.0	 21	 1349.9	   15.0	
  108	  15.67	    0.0	 1500.0	    0.0	 1160.5	 1568.0	    0.0	  200.0	    0.0	 1500.0	    0.0	  200.0	  100.0	   46.0	    0.0	    0.0	    0.0	   11.1	    7.3	  1	  750.0	 2250.0	   46.0	    0.0	   11.1	1	  367.6	 21	 1349.9	   15.0	
  109	  15.77	    0.0	 1500.0	    0.0	 1160.5	 1568.0	    0.0	  200.0	    0.0	 1500.0	    0.0	  200.0	  100.0	   45.5	    0.0	    0.0	    0.0	   11.4	    7.4	  1	  750.0	 2250.0	   45.5	    0.0	   11.4	1	  368.1	 21	 1350.0	   15.0	
  110	  15.87	    0.0	 1500.0	    0.0	 1160.5	 1568.0	    0.0	  200.0	    0.0	 1500.0	    0.0	  200.0	  100.0	   45.0	    0.0	    0.0	    0.0	   11.8	    7.5	  1	  750.0	 2250.0	   45.0	    0.0	   11.8	1	  368.7	 21	 1350.1	   15.0	
  111	  15.97	    0.0	 1500.0	    0.0	 1160.5	 1568.0	    0.0	  200.0	    0.0	 1500.0	    0.0	  200.0	  100.0	   44.5	    0.0	    0.0	    0.0	   12.1	    7.5	  1	  750.0	 2250.0	   44.5	    0.0	   12.1	1	  369.2	 21	 1350.2	   15.0	
  112	  16.07	    0.0	 1500.0	    0.0	 1204.7	 1583.0	    0.0	  200.0	    0.0	 1500.0	    0.0	  200.0	  100.0	   44.0	    0.0	    0.0	    0.0	   12.4	    7.6	  1	  750.0	 2250.0	   44.0	    0.0	   12.4	1	  376.0	 21	 1348.6	   14.9	
  113	  16.17	    0.0	 1500.0	    0.0	 1204.7	 1583.0	    0.0	  200.0	    0.0	 1500.0	    0.0	  200.0	  100.0	   43.5	    0.0	    0.0	    0.0	   12.7	    7.7	  1	  750.0	 2250.0	   43.5	    0.0	   12.7	1	  376.6	 21	 1348.8	   14.9	
  114	  16.27	    0.0	 1500.0	    0.0	 1160.5	 1568.0	    0.0	  200.0	    0.0	 1500.0	    0.0	  200.0	  100.0	   43.0	    0.0	    0.0	    0.0	   13.1	    7.7	  1	  750.0	 2250.0	   43.0	    0.0	   13.1	1	  370.9	 21	 1350.7	   15.1	
  115	  16.37	    0.0	 1500.0	    0.0	 1204.7	 1583.0	    0.0	  200.0	    0.0	 1500.0	    0.0	  200.0	  100.0	   42.5	    0.0	    0.0	    0.0	   13.4	    7.8	  1	  750.0	 2250.0	   42.5	    0.0	   13.4	1	  377.8	 21	 1349.2	   14.9	
  116	  16.47	    0.0	 1500.0	    0.0	 1204.7	 1583.0	    0.0	  200.0	    0.0	 1500.0	    0.0	  200.0	  100.0	   42.0	    0.0	    0.0	    0.0	   13.7	    7.9	  1	  750.0	 2250.0	   42.0	    0.0	   13.7	1	  378.4	 21	 1349.4	   14.9	
  117	  16.57	    0.0	 1500.0	    0.0	 1201.2	 1579.2	    0.0	  200.0	    0.0	 1500.0	    0.0	  200.0	  100.0	   41.5	    0.0	    0.0	    0.0	   14.1	    7.9	  1	  750.0	 2250.0	   41.5	    0.0	   14.1	1	  378.1	 21	 1349.8	   15.0	
  118	  16.67	    0.0	 1500.0	    0.0	 1201.2	 1579.2	    0.0	  200.0	    0.0	 1500.0	    0.0	  200.0	  100.0	   41.0	    0.0	    0.0	    0.0	   14.4	    8.0	  1	  750.0	 2250.0	   41.0	    0.0	   14.4	1	  378.7	 21	 1350.1	   15.0	
  119	  16.77	    0.0	 1500.0	    0.0	 1201.2	 1579.2	    0.0	  200.0	    0.0	 1500.0	    0.0	  200.0	  100.0	   40.5	    0.0	    0.0	    0.0	   14.7	    8.1	  1	  750.0	 2250.0	   40.5	    0.0	   14.7	1	  379.3	 21	 1350.4	   15.0	
  120	  16.87	    0.0	 1500.0	    0.0	 1201.2	 1579.2	    0.0	  200.0	    0.0	 1500.0	    0.0	  200.0	  100.0	   40.0	    0.0	    0.0	    0.0	   15.1	    8.1	  1	  750.0	 2250.0	   40.0	    0.0	   15.1	1	  379.9	 21	 1350.7	   15.1	
  121	  16.97	    0.0	 1500.0	    0.0	 1193.3	 1552.5	    0.0	  200.0	    0.0	 1500.0	    0.0	  200.0	  100.0	   39.5	    0.0	    0.0	    0.0	   15.4	    8.2	  1	  750.0	  750.0	   39.5	    0.0	   15.4	1	  367.2	 21	 1351.4	   15.1	
  122	  17.08	    0.0	 1500.0	    0.0	 1193.3	 1552.5	    0.0	  200.0	    0.0	 1500.0	    0.0	  200.0	  100.0	   39.0	    0.0	    0.0	    0.0	   15.7	    8.3	  1	  750.0	  750.0	   39.0	    0.0	   15.7	1	  367.8	 21	 1351.7	   15.2	
  123	  17.17	    0.0	 1500.0	    0.0	 1204.7	 1583.0	    0.0	  200.0	    0.0	 1500.0	    0.0	  200.0	  100.0	   38.5	    0.0	    0.0	    0.0	   16.1	    8.3	  1	  750.0	 2250.0	   38.5	    0.0	   16.1	1	  382.5	 21	 1351.6	   15.2	
  124	  17.27	    0.0	 1500.0	    0.0	 1193.3	 1552.5	    0.0	  200.0	    0.0	 1500.0	    0.0	  200.0	  100.0	   38.0	    0.0	    0.0	    0.0	   16.4	    8.4	  1	  750.0	  750.0	   38.0	    0.0	   16.4	1	  369.0	 21	 1352.4	   15.2	
  125	  17.38	    0.0	 1500.0	    0.0	 1193.3	 1552.5	    0.0	  200.0	    0.0	 1500.0	    0.0	  200.0	  100.0	   37.5	    0.0	    0.0	    0.0	   16.7	    8.5	  1	  750.0	  750.0	   37.5	    0.0	   16.7	1	  369.6	 21	 1352.8	   15.3	
  126	  17.47	    0.0	 1500.0	    0.0	 1193.3	 1552.5	    0.0	  200.0	    0.0	 1500.0	    0.0	  200.0	  100.0	   37.0	    0.0	    0.0	    0.0	   17.1	    8.5	  1	  750.0	  750.0	   37.0	    0.0	   17.1	1	  370.2	 21	 1353.2	   15.3	
  127	  17.57	    0.0	 1500.0	    0.0	 1193.3	 1552.5	    0.0	  200.0	    0.0	 1500.0	    0.0	  200.0	  100.0	   36.5	    0.0	    0.0	    0.0	   17.4	    8.6	  1	  750.0	  750.0	   36.5	    0.0	   17.4	1	  370.8	 21	 1353.6	   15.4	
  128	  17.67	    0.0	 1500.0	    0.0	 1193.3	 1552.5	    0.0	  200.0	    0.0	 1500.0	    0.0	  200.0	  100.0	   36.0	    0.0	    0.0	    0.0	   17.7	    8.7	  1	  750.0	  750.0	   36.0	    0.0	   17.7	1	  371.4	 21	 1354.0	   15.4	
  129	  17.77	    0.0	 1500.0	    0.0	  898.8	 1374.0	    0.0	  200.0	    0.0	 1500.0	    0.0	  200.0	  100.0	   35.5	    0.0	    0.0	    0.0	   17.9	    8.8	  1	  750.0	  750.0	   35.5	    0.0	   17.9	1	  352.7	 21	 1366.0	   16.6	
  130	  17.87	    0.0	 1500.0	    0.0	  898.8	 1374.0	    0.0	  200.0	    0.0	 1500.0	    0.0	  200.0	  100.0	   35.0	    0.0	    0.0	    0.0	   18.1	    8.8	  1	  750.0	 2050.0	   35.0	    0.0	   18.1	1	  351.7	 21	 1361.5	   16.2	
  131	  17.97	    0.0	 1500.0	    0.0	  898.8	 1374.0	    0.0	  200.0	    0.0	 1500.0	    0.0	  200.0	  100.0	   34.5	    0.0	    0.0	    0.0	   18.3	    8.9	  1	  750.0	 2050.0	   34.5	    0.0	   18.3	1	  351.9	 21	 1361.6	   16.2	
  132	  18.07	    0.0	 1500.0	    0.0	  898.8	 1374.0	    0.0	  200.0	    0.0	 1500.0	    0.0	  200.0	  100.0	   34.0	    0.0	    0.0	    0.0	   18.6	    9.0	  1	  750.0	 2050.0	   34.0	    0.0	   18.6	1	  352.2	 21	 1361.8	   16.2	
  133	  18.17	    0.0	 1500.0	    0.0	  898.8	 1374.0	    0.0	  200.0	    0.0	 1500.0	    0.0	  200.0	  100.0	   33.5	    0.0	    0.0	    0.0	   18.8	    9.0	  1	  750.0	 2050.0	   33.5	    0.0	   18.8	1	  352.4	 21	 1361.9	   16.2	
  134	  18.27	    0.0	 1500.0	    0.0	  904.8	 1355.1	    0.0	  200.0	    0.0	 1500.0	    0.0	  200.0	  100.0	   33.0	    0.0	    0.0	    0.0	   19.0	    9.1	  1	  750.0	 2050.0	   33.0	    0.0	   19.0	1	  351.1	 21	 1361.9	   16.2	
  135	  18.37	    0.0	 1500.0	    0.0	  904.8	 1355.1	    0.0	  200.0	    0.0	 1500.0	    0.0	  200.0	  100.0	   32.5	    0.0	    0.0	    0.0	   19.2	    9.2	  1	  750.0	 2050.0	   32.5	    0.0	   19.2	1	  351.4	 21	 1362.1	   16.2	
  136	  18.47	    0.0	 1500.0	    0.0	  904.8	 1355.1	    0.0	  200.0	    0.0	 1500.0	    0.0	  200.0	  100.0	   32.0	    0.0	    0.0	    0.0	   19.4	    9.2	  1	  750.0	 2050.0	   32.0	    0.0	   19.4	1	  351.6	 21	 1362.3	   16.2	
  137	  18.57	    0.0	 1500.0	    0.0	  904.8	 1355.1	    0.0	  200.0	    0.0	 1500.0	    0.0	  200.0	  100.0	   31.5	    0.0	    0.0	    0.0	   19.6	    9.3	  1	  750.0	 2050.0	   31.5	    0.0	   19.6	1	  351.9	 21	 1362.6	   16.3	
  138	  18.68	    0.0	 1500.0	    0.0	  904.8	 1355.1	    0.0	  200.0	    0.0	 1500.0	    0.0	  200.0	  100.0	   31.0	    0.0	    0.0	    0.0	   19.8	    9.4	  1	  750.0	 2050.0	   31.0	    0.0	   19.8	1	  352.2	 21	 1362.8	   16.3	
  139	  18.77	    0.0	 1500.0	    0.0	  904.8	 1355.1	    0.0	  200.0	    0.0	 1500.0	    0.0	  200.0	  100.0	   30.5	    0.0	    0.0	    0.0	   20.0	    9.4	  1	  750.0	 2050.0	   30.5	    0.0	   20.0	1	  352.4	 21	 1363.1	   16.3	
  140	  18.87	    0.0	 1500.0	    0.0	  881.3	 1344.1	    0.0	  200.0	    0.0	 1500.0	    0.0	  200.0	  100.0	   30.0	    0.0	    0.0	    0.0	   20.2	    9.5	  1	  750.0	 2050.0	   30.0	    0.0	   20.2	1	  347.8	 21	 1363.8	   16.4	
  141	  18.97	    0.0	 1500.0	    0.0	  881.3	 1344.1	    0.0	  200.0	    0.0	 1500.0	    0.0	  200.0	  100.0	   29.5	    0.0	    0.0	    0.0	   20.4	    9.6	  1	  750.0	 2050.0	   29.5	    0.0	   20.4	1	  348.0	 21	 1364.1	   16.4	
  142	  19.07	    0.0	 1500.0	    0.0	  881.3	 1344.1	    0.0	  200.0	    0.0	 1500.0	    0.0	  200.0	  100.0	   29.0	    0.0	    0.0	    0.0	   20.6	    9.6	  1	  750.0	 2050.0	   29.0	    0.0	   20.6	1	  348.3	 21	 1364.4	   16.4	
  143	  19.17	    0.0	 1500.0	    0.0	  881.3	 1344.1	    0.0	  200.0	    0.0	 1500.0	    0.0	  200.0	  100.0	   28.5	    0.0	    0.0	    0.0	   20.8	    9.7	  1	  750.0	 2050.0	   28.5	    0.0	   20.8	1	  348.5	 21	 1364.7	   16.5	
  144	  19.27	    0.0	 1500.0	    0.0	  881.3	 1344.1	    0.0	  200.0	    0.0	 1500.0	    0.0	  200.0	  100.0	   28.0	    0.0	    0.0	    0.0	   21.0	    9.8	  1	  750.0	 2050.0	   28.0	    0.0	   21.0	1	  348.8	 21	 1365.1	   16.5	
  145	  19.37	    0.0	 1500.0	    0.0	  881.3	 1344.1	    0.0	  200.0	    0.0	 1500.0	    0.0	  200.0	  100.0	   27.5	    0.0	    0.0	    0.0	   21.2	    9.8	  1	  750.0	 2050.0	   27.5	    0.0	   21.2	1	  349.0	 21	 1365.5	   16.6	
  146	  19.47	    0.0	 1500.0	    0.0	  881.3	 1344.1	    0.0	  200.0	    0.0	 1500.0	    0.0	  200.0	  100.0	   27.0	    0.0	    0.0	    0.0	   21.4	    9.9	  1	  750.0	 2050.0	   27.0	    0.0	   21.4	1	  349.3	 21	 1365.9	   16.6	
  147	  19.57	    0.0	 1500.0	    0.0	  829.0	 1314.4	    0.0	  200.0	    0.0	 1500.0	    0.0	  200.0	  100.0	   26.5	    0.0	    0.0	    0.0	   21.6	   10.0	  1	  750.0	  750.0	   26.5	    0.0	   21.6	1	  363.7	 21	 1367.5	   16.7	
  148	  19.68	    0.0	 1500.0	    0.0	  829.0	 1314.4	    0.0	  200.0	    0.0	 1500.0	    0.0	  200.0	  100.0	   26.0	    0.0	    0.0	    0.0	   21.8	   10.0	  1	  750.0	  750.0	   26.0	    0.0	   21.8	1	  365.0	 21	 1367.4	   16.7	
  149	  19.77	    0.0	 1500.0	    0.0	  829.0	 1314.4	    0.0	  200.0	    0.0	 1500.0	    0.0	  200.0	  100.0	   25.5	    0.0	    0.0	    0.0	   22.0	   10.1	  1	  750.0	  750.0	   25.5	    0.0	   22.0	1	  365.3	 21	 1367.8	   16.8	
  150	  19.87	    0.0	 1500.0	    0.0	  881.3	 1344.1	    0.0	  200.0	    0.0	 1500.0	    0.0	  200.0	  100.0	   25.0	    0.0	    0.0	    0.0	   22.2	   10.2	  1	  750.0	 2050.0	   25.0	    0.0	   22.2	1	  354.1	 21	    0.0	    9.4	
  151	  19.97	    0.0	 1500.0	    0.0	  829.0	 1314.4	    0.0	  200.0	    0.0	 1500.0	    0.0	  200.0	  100.0	   24.5	    0.0	    0.0	    0.0	   22.4	   10.2	  1	  750.0	  750.0	   24.5	    0.0	   22.4	1	  364.8	 21	 1369.3	   16.9	
  152	  20.07	    0.0	 1500.0	    0.0	  829.0	 1314.4	    0.0	  200.0	    0.0	 1500.0	    0.0	  200.0	  100.0	   24.0	    0.0	    0.0	    0.0	   22.6	   10.3	  1	  750.0	  750.0	   24.0	    0.0	   22.6	1	  366.0	 21	 1369.4	   16.9	
  153	  20.17	    0.0	 1500.0	    0.0	  829.0	 1314.4	    0.0	  200.0	    0.0	 1500.0	    0.0	  200.0	  100.0	   23.5	    0.0	    0.0	    0.0	   22.7	   10.4	  1	  750.0	  750.0	   23.5	    0.0	   22.7	1	  366.3	 21	 1369.9	   17.0	
  154	  20.27	    0.0	 1500.0	    0.0	  808.3	 1302.5	    0.0	  200.0	    0.0	 1500.0	    0.0	  200.0	  100.0	   23.0	    0.0	    0.0	    0.0	   22.9	   10.4	  1	  750.0	  750.0	   23.0	    0.0	   22.9	1	  365.5	 21	 1370.7	   17.1	
  155	  20.37	    0.0	 1500.0	    0.0	  829.0	 1314.4	    0.0	  200.0	    0.0	 1500.0	    0.0	  200.0	  100.0	   22.5	    0.0	    0.0	    0.0	   23.1	   10.5	  1	  750.0	  750.0	   22.5	    0.0	   23.1	1	  366.7	 21	 1371.1	   17.1	
  156	  20.47	    0.0	 1500.0	    0.0	  808.3	 1302.5	    0.0	  200.0	    0.0	 1500.0	    0.0	  200.0	  100.0	   22.0	    0.0	    0.0	    0.0	   23.3	   10.6	  1	  750.0	  750.0	   22.0	    0.0	   23.3	1	  365.9	 21	 1371.9	   17.2	
  157	  20.57	    0.0	 1500.0	    0.0	  808.3	 1302.5	    0.0	  200.0	    0.0	 1500.0	    0.0	  200.0	  100.0	   21.5	    0.0	    0.0	    0.0	   23.5	   10.6	  1	  750.0	  750.0	   21.5	    0.0	   23.5	1	  366.2	 21	 1372.6	   17.3	
  158	  20.67	    0.0	 1500.0	    0.0	  808.3	 1302.5	    0.0	  200.0	    0.0	 1500.0	    0.0	  200.0	  100.0	   21.0	    0.0	    0.0	    0.0	   23.6	   10.7	  1	  750.0	  750.0	   21.0	    0.0	   23.6	1	  366.4	 21	 1373.3	   17.3	
  159	  20.77	    0.0	 1500.0	    0.0	  808.3	 1302.5	    0.0	  200.0	    0.0	 1500.0	    0.0	  200.0	  100.0	   20.5	    0.0	    0.0	    0.0	   23.8	   10.8	  1	  750.0	  750.0	   20.5	    0.0	   23.8	1	  366.6	 21	 1374.0	   17.4	
  160	  20.87	    0.0	 1500.0	    0.0	  771.8	 1257.4	    0.0	  200.0	    0.0	 1500.0	    0.0	  200.0	  100.0	   20.0	    0.0	    0.0	    0.0	   24.0	   10.9	  1	  750.0	  750.0	   20.0	    0.0	   24.0	1	  368.7	 21	 1375.1	   17.5	
  161	  20.97	    0.0	 1500.0	    0.0	  771.8	 1257.4	    0.0	  200.0	    0.0	 1500.0	    0.0	  200.0	  100.0	   19.5	    0.0	    0.0	    0.0	   24.1	   10.9	  1	  750.0	 1850.0	   19.5	    0.0	   24.1	1	  355.7	 21	 1375.7	   17.6	
  162	  21.07	    0.0	 1500.0	    0.0	  771.8	 1257.4	    0.0	  200.0	    0.0	 1500.0	    0.0	  200.0	  100.0	   19.0	    0.0	    0.0	    0.0	   24.3	   11.0	  1	  750.0	 1850.0	   19.0	    0.0	   24.3	1	  355.9	 21	 1376.5	   17.7	
  163	  21.17	    0.0	 1500.0	    0.0	  771.8	 1257.4	    0.0	  200.0	    0.0	 1500.0	    0.0	  200.0	  100.0	   18.5	    0.0	    0.0	    0.0	   24.5	   11.1	  1	  750.0	 1850.0	   18.5	    0.0	   24.5	1	  356.0	 21	 1377.4	   17.7	
  164	  21.27	    0.0	 1500.0	    0.0	  771.8	 1257.4	    0.0	  200.0	    0.0	 1500.0	    0.0	  200.0	  100.0	   18.0	    0.0	    0.0	    0.0	   24.6	   11.1	  1	  750.0	 1850.0	   18.0	    0.0	   24.6	1	  356.2	 21	 1378.2	   17.8	
  165	  21.37	    0.0	 1500.0	    0.0	  771.8	 1257.4	    0.0	  200.0	    0.0	 1500.0	    0.0	  200.0	  100.0	   17.5	    0.0	    0.0	    0.0	   24.8	   11.2	  1	  750.0	 1850.0	   17.5	    0.0	   24.8	1	  356.3	 21	 1379.1	   17.9	
  166	  21.47	    0.0	 1500.0	    0.0	  771.8	 1257.4	    0.0	  200.0	    0.0	 1500.0	    0.0	  200.0	  100.0	   17.0	    0.0	    0.0	    0.0	   25.0	   11.3	  1	  750.0	 1850.0	   17.0	    0.0	   25.0	1	  356.5	 21	 1380.1	   18.0	
  167	  21.57	    0.0	 1500.0	    0.0	  771.8	 1257.4	    0.0	  200.0	    0.0	 1500.0	    0.0	  200.0	  100.0	   16.5	    0.0	    0.0	    0.0	   25.2	   11.3	  1	  750.0	 1850.0	   16.5	    0.0	   25.2	1	  356.7	 21	 1381.1	   18.1	
  168	  21.67	    0.0	 1500.0	    0.0	  771.8	 1257.4	    0.0	  200.0	    0.0	 1500.0	    0.0	  200.0	  100.0	   16.0	    0.0	    0.0	    0.0	   25.3	   11.4	  1	  750.0	 1850.0	   16.0	    0.0	   25.3	1	  356.8	 21	 1382.1	   18.2	
  169	  21.77	    0.0	 1500.0	    0.0	  771.8	 1257.4	    0.0	  200.0	    0.0	 1500.0	    0.0	  200.0	  100.0	   15.5	    0.0	    0.0	    0.0	   25.5	   11.5	  1	  750.0	 1850.0	   15.5	    0.0	   25.5	1	  357.0	 21	 1383.2	   18.3	
  170	  21.87	    0.0	 1500.0	    0.0	  771.8	 1257.4	    0.0	  200.0	    0.0	 1500.0	    0.0	  200.0	  100.0	   15.0	    0.0	    0.0	    0.0	   25.7	   11.5	  1	  750.0	 1850.0	   15.0	    0.0	   25.7	1	  357.1	 21	 1384.3	   18.4	
  171	  21.97	    0.0	 1500.0	    0.0	  771.8	 1257.4	    0.0	  200.0	    0.0	 1500.0	    0.0	  200.0	  100.0	   14.5	    0.0	    0.0	    0.0	   25.8	   11.6	  1	  750.0	 1850.0	   14.5	    0.0	   25.8	1	  357.3	 21	 1385.5	   18.5	
  172	  22.07	    0.0	 1500.0	    0.0	  771.8	 1257.4	    0.0	  200.0	    0.0	 1500.0	    0.0	  200.0	  100.0	   14.0	    0.0	    0.0	    0.0	   26.0	   11.7	  1	  750.0	 1850.0	   14.0	    0.0	   26.0	1	  357.4	 21	 1386.7	   18.7	
  173	  22.17	    0.0	 1500.0	    0.0	  771.8	 1257.4	    0.0	  200.0	    0.0	 1500.0	    0.0	  200.0	  100.0	   13.5	    0.0	    0.0	    0.0	   26.2	   11.7	  1	  750.0	 1850.0	   13.5	    0.0	   26.2	1	  357.6	 21	 1387.9	   18.8	
  174	  22.28	    0.0	 1500.0	    0.0	  771.8	 1257.4	    0.0	  200.0	    0.0	 1500.0	    0.0	  200.0	  100.0	   13.0	    0.0	    0.0	    0.0	   26.3	   11.8	  1	  750.0	 1850.0	   13.0	    0.0	   26.3	1	  357.8	 21	 1389.2	   18.9	
  175	  22.37	    0.0	 1500.0	    0.0	  771.8	 1257.4	    0.0	  200.0	    0.0	 1500.0	    0.0	  200.0	  100.0	   12.5	    0.0	    0.0	    0.0	   26.5	   11.9	  1	  750.0	 1850.0	   12.5	    0.0	   26.5	1	  357.9	 21	 1390.5	   19.1	
  176	  22.47	    0.0	 1500.0	    0.0	  771.8	 1257.4	    0.0	  200.0	    0.0	 1500.0	    0.0	  200.0	  100.0	   12.0	    0.0	    0.0	    0.0	   26.7	   11.9	  1	  750.0	 1850.0	   12.0	    0.0	   26.7	1	  358.1	 21	 1391.9	   19.2	
  177	  22.57	    0.0	 1500.0	    0.0	  771.8	 1257.4	    0.0	  200.0	    0.0	 1500.0	    0.0	  200.0	  100.0	   11.5	    0.0	    0.0	    0.0	   26.8	   12.0	  1	  750.0	 1850.0	   11.5	    0.0	   26.8	1	  358.2	 21	 1393.4	   19.3	
  178	  22.67	    0.0	 1500.0	    0.0	  771.8	 1257.4	    0.0	  200.0	    0.0	 1500.0	    0.0	  200.0	  100.0	   11.0	    0.0	    0.0	    0.0	   27.0	   12.1	  1	  750.0	 1850.0	   11.0	    0.0	   27.0	1	  358.4	 21	 1394.9	   19.5	
  179	  22.77	    0.0	 1500.0	    0.0	  771.8	 1257.4	    0.0	  200.0	    0.0	 1500.0	    0.0	  200.0	  100.0	   10.5	    0.0	    0.0	    0.0	   27.2	   12.1	  1	  750.0	 1850.0	   10.5	    0.0	   27.2	1	  358.5	 21	 1396.4	   19.6	
  180	  22.87	    0.0	 1500.0	    0.0	  743.7	 1321.8	    0.0	  200.0	    0.0	 1500.0	    0.0	  200.0	  100.0	   10.0	    0.0	    0.0	    0.0	   27.3	   12.2	  1	  750.0	  750.0	   10.0	    0.0	   27.3	1	  358.7	 21	 1394.6	   19.5	
  181	  22.97	    0.0	 1500.0	    0.0	  743.7	 1321.8	    0.0	  200.0	    0.0	 1500.0	    0.0	  200.0	  100.0	    9.5	    0.0	    0.0	    0.0	   27.5	   12.3	  1	  750.0	  750.0	    9.5	    0.0	   27.5	1	  360.6	 21	 1399.7	   20.0	
  182	  23.07	    0.0	 1500.0	    0.0	  743.7	 1321.8	    0.0	  200.0	    0.0	 1500.0	    0.0	  200.0	  100.0	    9.0	    0.0	    0.0	    0.0	   27.6	   12.3	  1	  750.0	  750.0	    9.0	    0.0	   27.6	1	  360.8	 21	    0.0	    0.0	
  183	  23.17	    0.0	 1500.0	    0.0	  743.7	 1321.8	    0.0	  200.0	    0.0	 1500.0	    0.0	  200.0	  100.0	    8.5	    0.0	    0.0	    0.0	   27.8	   12.4	  1	  750.0	  750.0	    8.5	    0.0	   27.8	1	  361.0	 21	    0.0	    0.0	
  184	  23.27	    0.0	 1500.0	    0.0	  743.7	 1321.8	    0.0	  200.0	    0.0	 1500.0	    0.0	  200.0	  100.0	    8.0	    0.0	    0.0	    0.0	   27.9	   12.5	  1	  750.0	  750.0	    8.0	    0.0	   27.9	1	  361.2	 21	    0.0	    0.0	
  185	  23.37	    0.0	 1500.0	    0.0	  707.5	 1359.6	    0.0	  200.0	    0.0	 1500.0	    0.0	  200.0	  100.0	    7.5	    0.0	    0.0	    0.0	   28.1	   12.5	  1	  750.0	 1750.0	    7.5	    0.0	   28.1	1	  370.3	 21	    0.0	    0.0	
  186	  23.47	    0.0	 1500.0	    0.0	  707.5	 1359.6	    0.0	  200.0	    0.0	 1500.0	    0.0	  200.0	  100.0	    7.0	    0.0	    0.0	    0.0	   28.2	   12.6	  1	  750.0	  750.0	    7.0	    0.0	   28.2	1	  351.9	 21	    0.0	    0.0	
  187	  23.57	    0.0	 1500.0	    0.0	  707.5	 1359.6	    0.0	  200.0	    0.0	 1500.0	    0.0	  200.0	  100.0	    6.5	    0.0	    0.0	    0.0	   28.3	   12.7	  1	  750.0	  750.0	    6.5	    0.0	   28.3	1	  352.1	 21	    0.0	    0.0	
  188	  23.67	    0.0	 1500.0	    0.0	  707.5	 1359.6	    0.0	  200.0	    0.0	 1500.0	    0.0	  200.0	  100.0	    6.0	    0.0	    0.0	    0.0	   28.5	   12.8	  1	  750.0	  750.0	    6.0	    0.0	   28.5	1	  352.3	 21	    0.0	    0.0	
  189	  23.77	    0.0	 1500.0	    0.0	  707.5	 1359.6	    0.0	  200.0	    0.0	 1500.0	    0.0	  200.0	  100.0	    5.5	    0.0	    0.0	    0.0	   28.6	   12.8	  1	  750.0	  750.0	    5.5	    0.0	   28.6	1	  352.4	 21	    0.0	    0.0	
  190	  23.87	    0.0	 1500.0	    0.0	  691.1	 1355.0	    0.0	  200.0	    0.0	 1500.0	    0.0	  200.0	  100.0	    5.0	    0.0	    0.0	    0.0	   28.7	   12.9	  1	  750.0	  750.0	    5.0	    0.0	   28.7	1	  351.0	 21	    0.0	    0.0	
  191	  23.97	    0.0	 1500.0	    0.0	  691.1	 1355.0	    0.0	  200.0	    0.0	 1500.0	    0.0	  200.0	  100.0	    4.5	    0.0	    0.0	    0.0	   28.9	   13.0	  1	  750.0	  750.0	    4.5	    0.0	   28.9	1	  351.2	 21	    0.0	    0.0	
  192	  24.07	    0.0	 1500.0	    0.0	  691.1	 1355.0	    0.0	  200.0	    0.0	 1500.0	    0.0	  200.0	  100.0	    4.0	    0.0	    0.0	    0.0	   29.0	   13.0	  1	  750.0	  750.0	    4.0	    0.0	   29.0	1	  351.4	 21	    0.0	    0.0	
  193	  24.18	    0.0	 1500.0	    0.0	  691.1	 1355.0	    0.0	  200.0	    0.0	 1500.0	    0.0	  200.0	  100.0	    3.5	    0.0	    0.0	    0.0	   29.1	   13.1	  1	  750.0	  750.0	    3.5	    0.0	   29.1	1	  351.6	 21	    0.0	    0.0	
  194	  24.27	    0.0	 1500.0	    0.0	  692.5	 1347.2	    0.0	  200.0	    0.0	 1500.0	    0.0	  200.0	  100.0	    3.0	    0.0	    0.0	    0.0	   29.3	   13.2	  1	  750.0	 1850.0	    3.0	    0.0	   29.3	1	  356.7	 21	    0.0	    0.0	
  195	  24.38	    0.0	 1500.0	    0.0	  692.5	 1347.2	    0.0	  200.0	    0.0	 1500.0	    0.0	  200.0	  100.0	    2.5	    0.0	    0.0	    0.0	   29.4	   13.2	  1	  750.0	 1850.0	    2.5	    0.0	   29.4	1	  356.8	 21	    0.0	    0.0	
  196	  24.47	    0.0	 1500.0	    0.0	  692.5	 1347.2	    0.0	  200.0	    0.0	 1500.0	    0.0	  200.0	  100.0	    2.0	    0.0	    0.0	    0.0	   29.5	   13.3	  1	  750.0	 1850.0	    2.0	    0.0	   29.5	1	  356.9	 21	    0.0	    0.0	
  197	  24.57	    0.0	 1500.0	    0.0	  692.5	 1347.2	    0.0	  200.0	    0.0	 1500.0	    0.0	  200.0	  100.0	    1.5	    0.0	    0.0	    0.0	   29.7	   13.4	  1	  750.0	 1850.0	    1.5	    0.0	   29.7	1	  357.0	 21	    0.0	    0.0	
  198	  24.67	    0.0	 1500.0	    0.0	  692.5	 1347.2	    0.0	  200.0	    0.0	 1500.0	    0.0	  200.0	  100.0	    1.0	    0.0	    0.0	    0.0	   29.8	   13.4	  1	  750.0	 1850.0	    1.0	    0.0	   29.8	1	  357.1	 21	    0.0	    0.0	
  199	  24.77	    0.0	 1500.0	    0.0	  692.5	 1347.2	    0.0	  200.0	    0.0	 1500.0	    0.0	  200.0	  100.0	    0.5	    0.0	    0.0	    0.0	   29.9	   13.5	  1	  750.0	 1850.0	    0.5	    0.0	   29.9	1	  357.2	 21	    0.0	    0.0	
  200	  24.87	    0.0	 1500.0	    0.0	  692.8	 1341.6	    0.0	  200.0	    0.0	 1500.0	    0.0	  200.0	  100.0	    0.0	    0.0	    0.0	    0.0	   30.1	   13.6	  1	  750.0	 1850.0	    0.0	    0.0	   30.1	1	  356.8	 21	    0.0	    0.0	
  201	  24.97	    0.0	 1500.0	    0.0	  692.8	 1341.6	    0.0	  200.0	    0.0	 1500.0	    0.0	  200.0	  100.0	    0.0	    0.0	    0.0	    0.0	   30.2	   13.6	  1	  750.0	 1850.0	    0.0	    0.0	   30.2	1	  357.1	 21	    0.0	    0.0	
  202	  25.07	    0.0	 1500.0	    0.0	  692.8	 1341.6	    0.0	  200.0	    0.0	 1500.0	    0.0	  200.0	  100.0	    0.0	    0.0	    0.0	    0.0	   30.3	   13.7	  1	  750.0	 1850.0	    0.0	    0.0	   30.3	1	  357.3	 21	    0.0	    0.0	
  203	  25.17	    0.0	 1500.0	    0.0	  692.8	 1341.6	    0.0	  200.0	    0.0	 1500.0	    0.0	  200.0	  100.0	    0.0	    0.0	    0.0	    0.0	   30.5	   13.8	  1	  750.0	 1850.0	    0.0	    0.0	   30.5	1	  357.5	 21	    0.0	    0.0	
  204	  25.27	    0.0	 1500.0	    0.0	  692.8	 1341.6	    0.0	  200.0	    0.0	 1500.0	    0.0	  200.0	  100.0	    0.0	    0.0	    0.0	    0.0	   30.6	   13.8	  1	  750.0	 1850.0	    0.0	    0.0	   30.6	1	  357.8	 21	    0.0	    0.0	
  205	  25.37	    0.0	 1500.0	    0.0	  695.3	 1344.2	    0.0	  200.0	    0.0	 1500.0	    0.0	  200.0	  100.0	    0.0	    0.0	    0.0	    0.0	   30.7	   13.9	  1	  750.0	 1850.0	    0.0	    0.0	   30.7	1	  358.7	 21	    0.0	    0.0	
  206	  25.47	    0.0	 1500.0	    0.0	  695.3	 1344.2	    0.0	  200.0	    0.0	 1500.0	    0.0	  200.0	  100.0	    0.0	    0.0	    0.0	    0.0	   30.9	   14.0	  1	  750.0	 1850.0	    0.0	    0.0	   30.9	1	  358.9	 21	    0.0	    0.0	
  207	  25.57	    0.0	 1500.0	    0.0	  695.3	 1344.2	    0.0	  200.0	    0.0	 1500.0	    0.0	  200.0	  100.0	    0.0	    0.0	    0.0	    0.0	   31.0	   14.0	  1	  750.0	 1850.0	    0.0	    0.0	   31.0	1	  359.2	 21	    0.0	    0.0	
  208	  25.67	    0.0	 1500.0	    0.0	  695.3	 1344.2	    0.0	  200.0	    0.0	 1500.0	    0.0	  200.0	  100.0	    0.0	    0.0	    0.0	    0.0	   31.1	   14.1	  1	  750.0	 1850.0	    0.0	    0.0	   31.1	1	  359.4	 21	    0.0	    0.0	
  209	  25.77	    0.0	 1500.0	    0.0	  695.3	 1344.2	    0.0	  200.0	    0.0	 1500.0	    0.0	  200.0	  100.0	    0.0	    0.0	    0.0	    0.0	   31.3	   14.2	  1	  750.0	 1850.0	    0.0	    0.0	   31.3	1	  359.7	 21	    0.0	    0.0	
  210	  25.87	    0.0	 1500.0	    0.0	  695.3	 1344.2	    0.0	  200.0	    0.0	 1500.0	    0.0	  200.0	  100.0	    0.0	    0.0	    0.0	    0.0	   31.4	   14.2	  1	  750.0	 1850.0	    0.0	    0.0	   31.4	1	  359.9	 21	    0.0	    0.0	
  211	  25.97	    0.0	 1500.0	    0.0	  695.3	 1344.2	    0.0	  200.0	    0.0	 1500.0	    0.0	  200.0	  100.0	    0.0	    0.0	    0.0	    0.0	   31.5	   14.3	  1	  750.0	 1850.0	    0.0	    0.0	   31.5	1	  360.2	 21	    0.0	    0.0	
  212	  26.07	    0.0	 1500.0	    0.0	  695.3	 1344.2	    0.0	  200.0	    0.0	 1500.0	    0.0	  200.0	  100.0	    0.0	    0.0	    0.0	    0.0	   31.6	   14.4	  1	  750.0	 1850.0	    0.0	    0.0	   31.6	1	  360.4	 21	    0.0	    0.0	
  213	  26.17	    0.0	 1500.0	    0.0	  695.3	 1344.2	    0.0	  200.0	    0.0	 1500.0	    0.0	  200.0	  100.0	    0.0	    0.0	    0.0	    0.0	   31.8	   14.4	  1	  750.0	 1850.0	    0.0	    0.0	   31.8	1	  360.6	 21	    0.0	    0.0	
  214	  26.27	    0.0	 1500.0	    0.0	  695.3	 1344.2	    0.0	  200.0	    0.0	 1500.0	    0.0	  200.0	  100.0	    0.0	    0.0	    0.0	    0.0	   31.9	   14.5	  1	  750.0	 1850.0	    0.0	    0.0	   31.9	1	  360.9	 21	    0.0	    0.0	
  215	  26.37	    0.0	 1500.0	    0.0	  695.3	 1344.2	    0.0	  200.0	    0.0	 1500.0	    0.0	  200.0	  100.0	    0.0	    0.0	    0.0	    0.0	   32.0	   14.6	  1	  750.0	 1850.0	    0.0	    0.0	   32.0	1	  361.1	 21	    0.0	    0.0	
  216	  26.47	    0.0	 1500.0	    0.0	  701.8	 1345.2	    0.0	  200.0	    0.0	 1500.0	    0.0	  200.0	  100.0	    0.0	    0.0	    0.0	    0.0	   32.2	   14.7	  1	  750.0	 1250.0	    0.0	    0.0	   32.2	1	  397.9	 21	    0.0	    0.0	
  217	  26.57	    0.0	 1500.0	    0.0	  701.8	 1345.2	    0.0	  200.0	    0.0	 1500.0	    0.0	  200.0	  100.0	    0.0	    0.0	    0.0	    0.0	   32.3	   14.7	  1	  750.0	 1250.0	    0.0	    0.0	   32.3	1	  398.3	 21	    0.0	    0.0	
  218	  26.68	    0.0	 1500.0	    0.0	  701.8	 1345.2	    0.0	  200.0	    0.0	 1500.0	    0.0	  200.0	  100.0	    0.0	    0.0	    0.0	    0.0	   32.5	   14.8	  1	  750.0	 1250.0	    0.0	    0.0	   32.5	1	  398.7	 21	    0.0	    0.0	
  219	  26.77	    0.0	 1500.0	    0.0	  701.8	 1345.2	    0.0	  200.0	    0.0	 1500.0	    0.0	  200.0	  100.0	    0.0	    0.0	    0.0	    0.0	   32.6	   14.9	  1	  750.0	 1250.0	    0.0	    0.0	   32.6	1	  399.1	 21	    0.0	    0.0	
  220	  26.87	    0.0	 1500.0	    0.0	  701.8	 1345.2	    0.0	  200.0	    0.0	 1500.0	    0.0	  200.0	  100.0	    0.0	    0.0	    0.0	    0.0	   32.7	   14.9	  1	  750.0	 1250.0	    0.0	    0.0	   32.7	1	  399.5	 21	    0.0	    0.0	
  221	  26.98	    0.0	 1500.0	    0.0	  730.5	 1338.3	    0.0	  200.0	    0.0	 1500.0	    0.0	  200.0	  100.0	    0.0	    0.0	    0.0	    0.0	   32.9	   15.0	  1	  750.0	  750.0	    0.0	    0.0	   32.9	1	  365.6	 21	    0.0	    0.0	
  222	  27.07	    0.0	 1500.0	    0.0	  730.5	 1338.3	    0.0	  200.0	    0.0	 1500.0	    0.0	  200.0	  100.0	    0.0	    0.0	    0.0	    0.0	   33.0	   15.1	  1	  750.0	  750.0	    0.0	    0.0	   33.0	1	  365.8	 21	    0.0	    0.0	
  223	  27.17	    0.0	 1500.0	    0.0	  730.5	 1338.3	    0.0	  200.0	    0.0	 1500.0	    0.0	  200.0	  100.0	    0.0	    0.0	    0.0	    0.0	   33.2	   15.1	  1	  750.0	  750.0	    0.0	    0.0	   33.2	1	  366.1	 21	    0.0	    0.0	
  224	  27.27	    0.0	 1500.0	    0.0	  730.5	 1338.3	    0.0	  200.0	    0.0	 1500.0	    0.0	  200.0	  100.0	    0.0	    0.0	    0.0	    0.0	   33.3	   15.2	  1	  750.0	  750.0	    0.0	    0.0	   33.3	1	  366.4	 21	    0.0	    0.0	
  225	  27.37	    0.0	 1500.0	    0.0	  730.5	 1338.3	    0.0	  200.0	    0.0	 1500.0	    0.0	  200.0	  100.0	    0.0	    0.0	    0.0	    0.0	   33.5	   15.3	  1	  750.0	  750.0	    0.0	    0.0	   33.5	1	  366.7	 21	    0.0	    0.0	
  226	  27.48	    0.0	 1500.0	    0.0	  730.5	 1338.3	    0.0	  200.0	    0.0	 1500.0	    0.0	  200.0	  100.0	    0.0	    0.0	    0.0	    0.0	   33.6	   15.3	  1	  750.0	  750.0	    0.0	    0.0	   33.6	1	  367.0	 21	    0.0	    0.0	
  227	  27.57	    0.0	 1500.0	    0.0	  760.3	 1302.9	    0.0	  200.0	    0.0	 1500.0	    0.0	  200.0	  100.0	    0.0	    0.0	    0.0	    0.0	   33.8	   15.4	  1	  750.0	  750.0	    0.0	    0.0	   33.8	1	  376.0	 21	    0.0	    0.0	
  228	  27.67	    0.0	 1500.0	    0.0	  760.3	 1302.9	    0.0	  200.0	    0.0	 1500.0	    0.0	  200.0	  100.0	    0.0	    0.0	    0.0	    0.0	   33.9	   15.5	  1	  750.0	  750.0	    0.0	    0.0	   33.9	1	  376.4	 21	    0.0	    0.0	
  229	  27.77	    0.0	 1500.0	    0.0	  760.3	 1302.9	    0.0	  200.0	    0.0	 1500.0	    0.0	  200.0	  100.0	    0.0	    0.0	    0.0	    0.0	   34.1	   15.5	  1	  750.0	  750.0	    0.0	    0.0	   34.1	1	  376.7	 21	    0.0	    0.0	
  230	  27.87	    0.0	 1500.0	    0.0	  760.3	 1302.9	    0.0	  200.0	    0.0	 1500.0	    0.0	  200.0	  100.0	    0.0	    0.0	    0.0	    0.0	   34.2	   15.6	  1	  750.0	  750.0	    0.0	    0.0	   34.2	1	  377.1	 21	    0.0	    0.0	
  231	  27.97	    0.0	 1500.0	    0.0	  760.3	 1302.9	    0.0	  200.0	    0.0	 1500.0	    0.0	  200.0	  100.0	    0.0	    0.0	    0.0	    0.0	   34.4	   15.7	  1	  750.0	  750.0	    0.0	    0.0	   34.4	1	  377.4	 21	    0.0	    0.0	
  232	  28.07	    0.0	 1500.0	    0.0	  760.1	 1276.3	    0.0	  200.0	    0.0	 1500.0	    0.0	  200.0	  100.0	    0.0	    0.0	    0.0	    0.0	   34.6	   15.7	  1	  750.0	  750.0	    0.0	    0.0	   34.6	1	  381.4	 21	    0.0	    0.0	
  233	  28.17	    0.0	 1500.0	    0.0	  760.1	 1276.3	    0.0	  200.0	    0.0	 1500.0	    0.0	  200.0	  100.0	    0.0	    0.0	    0.0	    0.0	   34.7	   15.8	  1	  750.0	  750.0	    0.0	    0.0	   34.7	1	  381.7	 21	    0.0	    0.0	
  234	  28.27	    0.0	 1500.0	    0.0	  760.1	 1276.3	    0.0	  200.0	    0.0	 1500.0	    0.0	  200.0	  100.0	    0.0	    0.0	    0.0	    0.0	   34.9	   15.9	  1	  750.0	  750.0	    0.0	    0.0	   34.9	1	  382.1	 21	    0.0	    0.0	
  235	  28.37	    0.0	 1500.0	    0.0	  760.1	 1276.3	    0.0	  200.0	    0.0	 1500.0	    0.0	  200.0	  100.0	    0.0	    0.0	    0.0	    0.0	   35.0	   15.9	  1	  750.0	  750.0	    0.0	    0.0	   35.0	1	  382.5	 21	    0.0	    0.0	
  236	  28.47	    0.0	 1500.0	    0.0	  760.1	 1276.3	    0.0	  200.0	    0.0	 1500.0	    0.0	  200.0	  100.0	    0.0	    0.0	    0.0	    0.0	   35.2	   16.0	  1	  750.0	  750.0	    0.0	    0.0	   35.2	1	  382.8	 21	    0.0	    0.0	
  237	  28.57	    0.0	 1500.0	    0.0	  760.1	 1276.3	    0.0	  200.0	    0.0	 1500.0	    0.0	  200.0	  100.0	    0.0	    0.0	    0.0	    0.0	   35.4	   16.1	  1	  750.0	  750.0	    0.0	    0.0	   35.4	1	  383.2	 21	    0.0	    0.0	
  238	  28.67	    0.0	 1500.0	    0.0	  760.1	 1276.3	    0.0	  200.0	    0.0	 1500.0	    0.0	  200.0	  100.0	    0.0	    0.0	    0.0	    0.0	   35.5	   16.1	  1	  750.0	  750.0	    0.0	    0.0	   35.5	1	  383.5	 21	    0.0	    0.0	
  239	  28.77	    0.0	 1500.0	    0.0	  760.1	 1276.3	    0.0	  200.0	    0.0	 1500.0	    0.0	  200.0	  100.0	    0.0	    0.0	    0.0	    0.0	   35.7	   16.2	  1	  750.0	  750.0	    0.0	    0.0	   35.7	1	  383.9	 21	    0.0	    0.0	
  240	  28.87	    0.0	 1500.0	    0.0	  760.1	 1276.3	    0.0	  200.0	  749.4	 1260.2	    0.0	  200.0	  100.0	    0.0	    0.0	    0.0	    0.0	   35.4	   16.3	  1	 -450.0	 1650.0	    0.0	    0.0	   35.4	1	  387.3	 21	    0.0	    0.0	
  241	  28.97	    0.0	 1500.0	    0.0	  760.1	 1276.3	    0.0	  200.0	  749.4	 1260.2	    0.0	  200.0	  100.0	    0.0	    0.0	    0.0	    0.0	   35.4	   16.3	  1	 -450.0	 1650.0	    0.0	    0.0	   35.4	1	  385.6	 21	    0.0	    0.0	
  242	  29.07	    0.0	 1500.0	    0.0	  760.1	 1276.3	    0.0	  200.0	  749.4	 1260.2	    0.0	  200.0	  100.0	    0.0	    0.0	    0.0	    0.0	   35.4	   16.4	  1	 -450.0	 1650.0	    0.0	    0.0	   35.4	1	  385.6	 21	    0.0	    0.0	
  243	  29.17	    0.0	 1500.0	    0.0	  760.1	 1276.3	    0.0	  200.0	  749.4	 1260.2	    0.0	  200.0	  100.0	    0.0	    0.0	    0.0	    0.0	   35.4	   16.5	  1	 -450.0	 1650.0	    0.0	    0.0	   35.4	1	  385.6	 21	    0.0	    0.0	
  244	  29.27	    0.0	 1500.0	    0.0	  760.1	 1276.3	    0.0	  200.0	  749.4	 1260.2	    0.0	  200.0	  100.0	    0.0	    0.0	    0.0	    0.0	   35.4	   16.6	  1	 -450.0	 1650.0	    0.0	    0.0	   35.4	1	  385.7	 21	    0.0	    0.0	
  245	  29.37	    0.0	 1500.0	    0.0	  760.1	 1276.3	    0.0	  200.0	  749.4	 1260.2	    0.0	  200.0	  100.0	    0.0	    0.0	    0.0	    0.0	   35.4	   16.6	  1	 -450.0	 1650.0	    0.0	    0.0	   35.4	1	  385.7	 21	    0.0	    0.0	
  246	  29.47	    0.0	 1500.0	    0.0	  760.1	 1276.3	    0.0	  200.0	  749.4	 1260.2	    0.0	  200.0	  100.0	    0.0	    0.0	    0.0	    0.0	   35.4	   16.7	  1	 -450.0	 1650.0	    0.0	    0.0	   35.4	1	  385.7	 21	    0.0	    0.0	
  247	  29.57	    0.0	 1500.0	    0.0	  760.1	 1276.3	    0.0	  200.0	  749.4	 1260.2	    0.0	  200.0	  100.0	    0.0	    0.0	    0.0	    0.0	   35.4	   16.8	  1	 -450.0	 1650.0	    0.0	    0.0	   35.4	1	  385.7	 21	    0.0	    0.0	
  248	  29.67	    0.0	 1500.0	    0.0	  760.1	 1276.3	    0.0	  200.0	  749.4	 1260.2	    0.0	  200.0	  100.0	    0.0	    0.0	    0.0	    0.0	   35.4	   16.8	  1	 -450.0	 1650.0	    0.0	    0.0	   35.4	1	  385.7	 21	    0.0	    0.0	
  249	  29.77	    0.0	 1500.0	    0.0	  760.1	 1276.3	    0.0	  200.0	  749.4	 1260.2	    0.0	  200.0	  100.0	    0.0	    0.0	    0.0	    0.0	   35.4	   16.9	  1	 -450.0	 1650.0	    0.0	    0.0	   35.4	1	  385.7	 21	    0.0	    0.0	
  250	  29.87	    0.0	 1500.0	    0.0	  760.1	 1276.3	    0.0	  200.0	  749.4	 1260.2	    0.0	  200.0	  100.0	    0.0	    0.0	    0.0	    0.0	   35.4	   17.0	  1	 -450.0	 1650.0	    0.0	    0.0	   35.4	1	  385.7	 21	    0.0	    0.0	
  251	  29.97	    0.0	 1500.0	    0.0	  774.4	 1302.1	    0.0	  200.0	  749.4	 1260.2	    0.0	  200.0	  100.0	    0.0	    0.0	    0.0	    0.0	   35.4	   17.0	  1	 -450.0	 1650.0	    0.0	    0.0	   35.4	1	  385.6	 21	    0.0	    0.0	
  252	  30.07	    0.0	 1500.0	    0.0	  774.4	 1302.1	    0.0	  200.0	  749.4	 1260.2	    0.0	  200.0	  100.0	    0.0	    0.0	    0.0	    0.0	   35.4	   17.1	  1	 -450.0	 1650.0	    0.0	    0.0	   35.4	1	  385.7	 21	    0.0	    0.0	
  253	  30.17	    0.0	 1500.0	    0.0	  774.4	 1302.1	    0.0	  200.0	  749.4	 1260.2	    0.0	  200.0	  100.0	    0.0	    0.0	    0.0	    0.0	   35.4	   17.2	  1	 -450.0	 1650.0	    0.0	    0.0	   35.4	1	  385.7	 21	    0.0	    0.0	
  254	  30.27	    0.0	 1500.0	    0.0	  774.4	 1302.1	    0.0	  200.0	  749.4	 1260.2	    0.0	  200.0	  100.0	    0.0	    0.0	    0.0	    0.0	   35.4	   17.2	  1	 -450.0	 1650.0	    0.0	    0.0	   35.4	1	  385.7	 21	    0.0	    0.0	
  255	  30.38	    0.0	 1500.0	    0.0	  774.4	 1302.1	    0.0	  200.0	  749.4	 1260.2	    0.0	  200.0	  100.0	    0.0	    0.0	    0.0	    0.0	   35.4	   17.3	  1	 -450.0	 1650.0	    0.0	    0.0	   35.4	1	  385.7	 21	    0.0	    0.0	
  256	  30.47	    0.0	 1500.0	    0.0	  774.4	 1302.1	    0.0	  200.0	  749.4	 1260.2	    0.0	  200.0	  100.0	    0.0	    0.0	    0.0	    0.0	   35.4	   17.4	  1	 -450.0	 1650.0	    0.0	    0.0	   35.4	1	  385.7	 21	    0.0	    0.0	
  257	  30.57	    0.0	 1500.0	    0.0	  774.4	 1302.1	    0.0	  200.0	  749.4	 1260.2	    0.0	  200.0	  100.0	    0.0	    0.0	    0.0	    0.0	   35.4	   17.4	  1	 -450.0	 1650.0	    0.0	    0.0	   35.4	1	  385.7	 21	    0.0	    0.0	
  258	  30.67	    0.0	 1500.0	    0.0	  786.1	 1506.1	    0.0	  200.0	  749.4	 1260.2	    0.0	  200.0	  100.0	    0.0	    0.0	    0.0	    0.0	   35.4	   17.5	  1	 -250.0	 2050.0	    0.0	    0.0	   35.4	1	  335.7	 21	    0.0	    0.0	
  259	  30.77	    0.0	 1500.0	    0.0	  786.1	 1506.1	    0.0	  200.0	  749.4	 1260.2	    0.0	  200.0	  100.0	    0.0	    0.0	    0.0	    0.0	   35.4	   17.6	  1	 -250.0	 2050.0	    0.0	    0.0	   35.4	1	  335.7	 21	    0.0	    0.0	
  260	  30.87	    0.0	 1500.0	    0.0	  786.1	 1506.1	    0.0	  200.0	  749.4	 1260.2	    0.0	  200.0	  100.0	    0.0	    0.0	    0.0	    0.0	   35.4	   17.6	  1	 -250.0	 2050.0	    0.0	    0.0	   35.4	1	  335.7	 21	    0.0	    0.0	
  261	  30.97	    0.0	 1500.0	    0.0	  786.1	 1506.1	    0.0	  200.0	  749.4	 1260.2	    0.0	  200.0	  100.0	    0.0	    0.0	    0.0	    0.0	   35.4	   17.7	  1	 -250.0	 2050.0	    0.0	    0.0	   35.4	1	  335.7	 21	    0.0	    0.0	
  262	  31.07	    0.0	 1500.0	    0.0	  786.1	 1506.1	    0.0	  200.0	  749.4	 1260.2	    0.0	  200.0	  100.0	    0.0	    0.0	    0.0	    0.0	   35.4	   17.8	  1	 -250.0	 2050.0	    0.0	    0.0	   35.4	1	  335.7	 21	    0.0	    0.0	
  263	  31.17	    0.0	 1500.0	    0.0	  797.5	 1515.7	    0.0	  200.0	  749.4	 1260.2	    0.0	  200.0	  100.0	    0.0	    0.0	    0.0	    0.0	   35.4	   17.8	  1	 -250.0	 2050.0	    0.0	    0.0	   35.4	1	  334.6	 21	    0.0	    0.0	
  264	  31.27	    0.0	 1500.0	    0.0	  797.5	 1515.7	    0.0	  200.0	  749.4	 1260.2	    0.0	  200.0	  100.0	    0.0	    0.0	    0.0	    0.0	   35.4	   17.9	  1	 -250.0	 2050.0	    0.0	    0.0	   35.4	1	  334.6	 21	    0.0	    0.0	
  265	  31.37	    0.0	 1500.0	    0.0	  797.5	 1515.7	    0.0	  200.0	  749.4	 1260.2	    0.0	  200.0	  100.0	    0.0	    0.0	    0.0	    0.0	   35.4	   18.0	  1	 -250.0	 2050.0	    0.0	    0.0	   35.4	1	  334.6	 21	    0.0	    0.0	
  266	  31.47	    0.0	 1500.0	    0.0	  797.5	 1515.7	    0.0	  200.0	  749.4	 1260.2	    0.0	  200.0	  100.0	    0.0	    0.0	    0.0	    0.0	   35.4	   18.0	  1	 -250.0	 2050.0	    0.0	    0.0	   35.4	1	  334.6	 21	    0.0	    0.0	
  267	  31.57	    0.0	 1500.0	    0.0	  797.5	 1515.7	    0.0	  200.0	  749.4	 1260.2	    0.0	  200.0	  100.0	    0.0	    0.0	    0.0	    0.0	   35.4	   18.1	  1	 -250.0	 2050.0	    0.0	    0.0	   35.4	1	  334.6	 21	    0.0	    0.0	
  268	  31.67	    0.0	 1500.0	    0.0	  840.6	 1505.1	    0.0	  200.0	  749.4	 1260.2	    0.0	  200.0	  100.0	    0.0	    0.0	    0.0	    0.0	   35.4	   18.2	  1	 -150.0	 2150.0	    0.0	    0.0	   35.4	1	  325.0	 21	    0.0	    0.0	
  269	  31.77	    0.0	 1500.0	    0.0	  840.6	 1505.1	    0.0	  200.0	  749.4	 1260.2	    0.0	  200.0	  100.0	    0.0	    0.0	    0.0	    0.0	   35.5	   18.2	  1	 -150.0	 2150.0	    0.0	    0.0	   35.5	1	  325.0	 21	    0.0	    0.0	
  270	  31.87	    0.0	 1500.0	    0.0	  840.6	 1505.1	    0.0	  200.0	  749.4	 1260.2	    0.0	  200.0	  100.0	    0.0	    0.0	    0.0	    0.0	   35.5	   18.3	  1	 -150.0	 2150.0	    0.0	    0.0	   35.5	1	  325.0	 21	    0.0	    0.0	
  271	  31.97	    0.0	 1500.0	    0.0	  840.6	 1505.1	    0.0	  200.0	  749.4	 1260.2	    0.0	  200.0	  100.0	    0.0	    0.0	    0.0	    0.0	   35.5	   18.4	  1	 -150.0	 2150.0	    0.0	    0.0	   35.5	1	  325.1	 21	    0.0	    0.0	
  272	  32.07	    0.0	 1500.0	    0.0	  840.6	 1505.1	    0.0	  200.0	  749.4	 1260.2	    0.0	  200.0	  100.0	    0.0	    0.0	    0.0	    0.0	   35.5	   18.5	  1	 -150.0	 2150.0	    0.0	    0.0	   35.5	1	  325.1	 21	    0.0	    0.0	
  273	  32.17	    0.0	 1500.0	    0.0	  840.8	 1493.5	    0.0	  200.0	  749.4	 1260.2	    0.0	  200.0	  100.0	    0.0	    0.0	    0.0	    0.0	   35.5	   18.5	  1	 -150.0	 2150.0	    0.0	    0.0	   35.5	1	  326.8	 21	    0.0	    0.0	
  274	  32.27	    0.0	 1500.0	    0.0	  840.8	 1493.5	    0.0	  200.0	  749.4	 1260.2	    0.0	  200.0	  100.0	    0.0	    0.0	    0.0	    0.0	   35.6	   18.6	  1	 -150.0	 2150.0	    0.0	    0.0	   35.6	1	  326.8	 21	    0.0	    0.0	
  275	  32.38	    0.0	 1500.0	    0.0	  840.8	 1493.5	    0.0	  200.0	  749.4	 1260.2	    0.0	  200.0	  100.0	    0.0	    0.0	    0.0	    0.0	   35.6	   18.7	  1	 -150.0	 2150.0	    0.0	    0.0	   35.6	1	  326.8	 21	    0.0	    0.0	
  276	  32.47	    0.0	 1500.0	    0.0	  840.8	 1493.5	    0.0	  200.0	  749.4	 1260.2	    0.0	  200.0	  100.0	    0.0	    0.0	    0.0	    0.0	   35.6	   18.7	  1	 -150.0	 2150.0	    0.0	    0.0	   35.6	1	  326.8	 21	    0.0	    0.0	
  277	  32.58	    0.0	 1500.0	    0.0	  856.0	 1472.1	    0.0	  200.0	  749.4	 1260.2	    0.0	  200.0	  100.0	    0.0	    0.0	    0.0	    0.0	   35.6	   18.8	  1	 -250.0	 2050.0	    0.0	    0.0	   35.6	1	  341.7	 21	    0.0	    0.0	
  278	  32.67	    0.0	 1500.0	    0.0	  856.0	 1472.1	    0.0	  200.0	  749.4	 1260.2	    0.0	  200.0	  100.0	    0.0	    0.0	    0.0	    0.0	   35.7	   18.9	  1	 -250.0	 2050.0	    0.0	    0.0	   35.7	1	  341.7	 21	    0.0	    0.0	
  279	  32.77	    0.0	 1500.0	    0.0	  856.0	 1472.1	    0.0	  200.0	  749.4	 1260.2	    0.0	  200.0	  100.0	    0.0	    0.0	    0.0	    0.0	   35.7	   18.9	  1	 -250.0	 2050.0	    0.0	    0.0	   35.7	1	  341.8	 21	    0.0	    0.0	
  280	  32.87	    0.0	 1500.0	    0.0	  856.0	 1472.1	    0.0	  200.0	  749.4	 1260.2	    0.0	  200.0	  100.0	    0.0	    0.0	    0.0	    0.0	   35.7	   19.0	  1	 -250.0	 2050.0	    0.0	    0.0	   35.7	1	  341.8	 21	    0.0	    0.0	
  281	  32.97	    0.0	 1500.0	    0.0	  856.0	 1472.1	    0.0	  200.0	  749.4	 1260.2	    0.0	  200.0	  100.0	    0.0	    0.0	    0.0	    0.0	   35.7	   19.1	  1	 -250.0	 2050.0	    0.0	    0.0	   35.7	1	  341.8	 21	    0.0	    0.0	
  282	  33.07	    0.0	 1500.0	    0.0	  868.0	 1421.6	    0.0	  200.0	  749.4	 1260.2	    0.0	  200.0	  100.0	    0.0	    0.0	    0.0	    0.0	   35.8	   19.1	  1	 -250.0	 2050.0	    0.0	    0.0	   35.8	1	  348.3	 21	    0.0	    0.0	
  283	  33.17	    0.0	 1500.0	    0.0	  868.0	 1421.6	    0.0	  200.0	  749.4	 1260.2	    0.0	  200.0	  100.0	    0.0	    0.0	    0.0	    0.0	   35.8	   19.2	  1	 -250.0	 2050.0	    0.0	    0.0	   35.8	1	  348.3	 21	    0.0	    0.0	
  284	  33.27	    0.0	 1500.0	    0.0	  868.0	 1421.6	    0.0	  200.0	  749.4	 1260.2	    0.0	  200.0	  100.0	    0.0	    0.0	    0.0	    0.0	   35.8	   19.3	  1	 -250.0	 2050.0	    0.0	    0.0	   35.8	1	  348.4	 21	    0.0	    0.0	
  285	  33.37	    0.0	 1500.0	    0.0	  868.0	 1421.6	    0.0	  200.0	  749.4	 1260.2	    0.0	  200.0	  100.0	    0.0	    0.0	    0.0	    0.0	   35.9	   19.3	  1	 -250.0	 2050.0	    0.0	    0.0	   35.9	1	  348.4	 21	    0.0	    0.0	
  286	  33.47	    0.0	 1500.0	    0.0	  868.0	 1421.6	    0.0	  200.0	  749.4	 1260.2	    0.0	  200.0	  100.0	    0.0	    0.0	    0.0	    0.0	   35.9	   19.4	  1	 -250.0	 2050.0	    0.0	    0.0	   35.9	1	  348.4	 21	    0.0	    0.0	
  287	  33.57	    0.0	 1500.0	    0.0	  872.0	 1411.7	    0.0	  200.0	  749.4	 1260.2	    0.0	  200.0	  100.0	    0.0	    0.0	    0.0	    0.0	   35.9	   19.5	  1	 -250.0	 2050.0	    0.0	    0.0	   35.9	1	  349.7	 21	    0.0	    0.0	
  288	  33.67	    0.0	 1500.0	    0.0	  872.0	 1411.7	    0.0	  200.0	  749.4	 1260.2	    0.0	  200.0	  100.0	    0.0	    0.0	    0.0	    0.0	   36.0	   19.5	  1	 -250.0	 2050.0	    0.0	    0.0	   36.0	1	  349.8	 21	    0.0	    0.0	
  289	  33.77	    0.0	 1500.0	    0.0	  872.0	 1411.7	    0.0	  200.0	  749.4	 1260.2	    0.0	  200.0	  100.0	    0.0	    0.0	    0.0	    0.0	   36.0	   19.6	  1	 -250.0	 2050.0	    0.0	    0.0	   36.0	1	  349.8	 21	    0.0	    0.0	
  290	  33.87	    0.0	 1500.0	    0.0	  872.0	 1411.7	    0.0	  200.0	  749.4	 1260.2	    0.0	  200.0	  100.0	    0.0	    0.0	    0.0	    0.0	   36.0	   19.7	  1	 -250.0	 2050.0	    0.0	    0.0	   36.0	1	  349.9	 21	    0.0	    0.0	
  291	  33.97	    0.0	 1500.0	    0.0	  863.0	 1432.5	    0.0	  200.0	  749.4	 1260.2	    0.0	  200.0	  100.0	    0.0	    0.0	    0.0	    0.0	   36.1	   19.7	  1	 -250.0	 2050.0	    0.0	    0.0	   36.1	1	  347.3	 21	    0.0	    0.0	
  292	  34.08	    0.0	 1500.0	    0.0	  863.0	 1432.5	    0.0	  200.0	  749.4	 1260.2	    0.0	  200.0	  100.0	    0.0	    0.0	    0.0	    0.0	   36.1	   19.8	  1	 -250.0	 2050.0	    0.0	    0.0	   36.1	1	  347.3	 21	    0.0	    0.0	
  293	  34.17	    0.0	 1500.0	    0.0	  863.0	 1432.5	    0.0	  200.0	  749.4	 1260.2	    0.0	  200.0	  100.0	    0.0	    0.0	    0.0	    0.0	   36.1	   19.9	  1	 -250.0	 2050.0	    0.0	    0.0	   36.1	1	  347.4	 21	    0.0	    0.0	
  294	  34.27	    0.0	 1500.0	    0.0	  863.0	 1432.5	    0.0	  200.0	  749.4	 1260.2	    0.0	  200.0	  100.0	    0.0	    0.0	    0.0	    0.0	   36.2	   19.9	  1	 -250.0	 2050.0	    0.0	    0.0	   36.2	1	  347.4	 21	    0.0	    0.0	
  295	  34.37	    0.0	 1500.0	    0.0	  863.0	 1432.5	    0.0	  200.0	  749.4	 1260.2	    0.0	  200.0	  100.0	    0.0	    0.0	    0.0	    0.0	   36.2	   20.0	  1	 -250.0	 2050.0	    0.0	    0.0	   36.2	1	  347.5	 21	    0.0	    0.0	
  296	  34.47	    0.0	 1500.0	    0.0	  863.0	 1432.5	    0.0	  200.0	  749.4	 1260.2	    0.0	  200.0	  100.0	    0.0	    0.0	    0.0	    0.0	   36.2	   20.1	  1	 -250.0	 2050.0	    0.0	    0.0	   36.2	1	  347.5	 21	    0.0	    0.0	
  297	  34.57	    0.0	 1500.0	    0.0	  842.8	 1452.7	    0.0	  200.0	  749.4	 1260.2	    0.0	  200.0	  100.0	    0.0	    0.0	    0.0	    0.0	   36.2	   20.1	  1	 -250.0	 2050.0	    0.0	    0.0	   36.2	1	  344.8	 21	    0.0	    0.0	
  298	  34.67	    0.0	 1500.0	    0.0	  842.8	 1452.7	    0.0	  200.0	  749.4	 1260.2	    0.0	  200.0	  100.0	    0.0	    0.0	    0.0	    0.0	   36.3	   20.2	  1	 -250.0	 2050.0	    0.0	    0.0	   36.3	1	  344.8	 21	    0.0	    0.0	
  299	  34.77	    0.0	 1500.0	    0.0	  842.8	 1452.7	    0.0	  200.0	  749.4	 1260.2	    0.0	  200.0	  100.0	    0.0	    0.0	    0.0	    0.0	   36.3	   20.3	  1	 -250.0	 2050.0	    0.0	    0.0	   36.3	1	  344.8	 21	    0.0	    0.0	
  300	  34.87	    0.0	 1500.0	    0.0	  842.8	 1452.7	    0.0	  200.0	  749.4	 1260.2	    0.0	  200.0	  100.0	    0.0	    0.0	    0.0	    0.0	   36.3	   20.3	  1	 -250.0	 2050.0	    0.0	    0.0	   36.3	1	  344.8	 21	    0.0	    0.0	
  301	  34.97	    0.0	 1500.0	    0.0	  842.8	 1452.7	    0.0	  200.0	  749.4	 1260.2	    0.0	  200.0	  100.0	    0.0	    0.0	    0.0	    0.0	   36.3	   20.4	  1	 -250.0	 2050.0	    0.0	    0.0	   36.3	1	  344.9	 21	    0.0	    0.0	
  302	  35.07	    0.0	 1500.0	    0.0	  840.5	 1441.2	    0.0	  200.0	  749.4	 1260.2	    0.0	  200.0	  100.0	    0.0	    0.0	    0.0	    0.0	   36.4	   20.5	  1	 -250.0	 2050.0	    0.0	    0.0	   36.4	1	  346.3	 21	    0.0	    0.0	
  303	  35.17	    0.0	 1500.0	    0.0	  840.5	 1441.2	    0.0	  200.0	  749.4	 1260.2	    0.0	  200.0	  100.0	    0.0	    0.0	    0.0	    0.0	   36.4	   20.6	  1	 -250.0	 2050.0	    0.0	    0.0	   36.4	1	  346.4	 21	    0.0	    0.0	
  304	  35.27	    0.0	 1500.0	    0.0	  840.5	 1441.2	    0.0	  200.0	  749.4	 1260.2	    0.0	  200.0	  100.0	    0.0	    0.0	    0.0	    0.0	   36.4	   20.6	  1	 -250.0	 2050.0	    0.0	    0.0	   36.4	1	  346.4	 21	    0.0	    0.0	
  305	  35.37	    0.0	 1500.0	    0.0	  840.5	 1441.2	    0.0	  200.0	  749.4	 1260.2	    0.0	  200.0	  100.0	    0.0	    0.0	    0.0	    0.0	   36.4	   20.7	  1	 -250.0	 2050.0	    0.0	    0.0	   36.4	1	  346.4	 21	    0.0	    0.0	
  306	  35.47	    0.0	 1500.0	    0.0	  840.5	 1441.2	    0.0	  200.0	  749.4	 1260.2	    0.0	  200.0	  100.0	    0.0	    0.0	    0.0	    0.0	   36.4	   20.8	  1	 -250.0	 2050.0	    0.0	    0.0	   36.4	1	  346.5	 21	    0.0	    0.0	
  307	  35.57	    0.0	 1500.0	    0.0	  850.8	 1387.4	    0.0	  200.0	  749.4	 1260.2	    0.0	  200.0	  100.0	    0.0	    0.0	    0.0	    0.0	   36.5	   20.8	  1	 -250.0	 2050.0	    0.0	    0.0	   36.5	1	  353.2	 21	    0.0	    0.0	
  308	  35.67	    0.0	 1500.0	    0.0	  850.8	 1387.4	    0.0	  200.0	  749.4	 1260.2	    0.0	  200.0	  100.0	    0.0	    0.0	    0.0	    0.0	   36.5	   20.9	  1	 -250.0	 2050.0	    0.0	    0.0	   36.5	1	  353.3	 21	    0.0	    0.0	
  309	  35.77	    0.0	 1500.0	    0.0	  850.8	 1387.4	    0.0	  200.0	  749.4	 1260.2	    0.0	  200.0	  100.0	    0.0	    0.0	    0.0	    0.0	   36.5	   21.0	  1	 -250.0	 2050.0	    0.0	    0.0	   36.5	1	  353.3	 21	    0.0	    0.0	
  310	  35.87	    0.0	 1500.0	    0.0	  850.8	 1387.4	    0.0	  200.0	  749.4	 1260.2	    0.0	  200.0	  100.0	    0.0	    0.0	    0.0	    0.0	   36.5	   21.0	  1	 -250.0	 2050.0	    0.0	    0.0	   36.5	1	  353.4	 21	    0.0	    0.0	
  311	  35.97	    0.0	 1500.0	    0.0	  850.8	 1387.4	    0.0	  200.0	  749.4	 1260.2	    0.0	  200.0	  100.0	    0.0	    0.0	    0.0	    0.0	   36.6	   21.1	  1	 -250.0	 2050.0	    0.0	    0.0	   36.6	1	  353.4	 21	    0.0	    0.0	
  312	  36.07	    0.0	 1500.0	    0.0	  854.0	 1341.3	    0.0	  200.0	  749.4	 1260.2	    0.0	  200.0	  100.0	    0.0	    0.0	    0.0	    0.0	   36.6	   21.2	  1	 -450.0	 1650.0	    0.0	    0.0	   36.6	1	  391.4	 21	    0.0	    0.0	
  313	  36.17	    0.0	 1500.0	    0.0	  854.0	 1341.3	    0.0	  200.0	  749.4	 1260.2	    0.0	  200.0	  100.0	    0.0	    0.0	    0.0	    0.0	   36.6	   21.2	  1	 -450.0	 1650.0	    0.0	    0.0	   36.6	1	  391.5	 21	    0.0	    0.0	
  314	  36.27	    0.0	 1500.0	    0.0	  854.0	 1341.3	    0.0	  200.0	  749.4	 1260.2	    0.0	  200.0	  100.0	    0.0	    0.0	    0.0	    0.0	   36.7	   21.3	  1	 -450.0	 1650.0	    0.0	    0.0	   36.7	1	  391.6	 21	    0.0	    0.0	
  315	  36.37	    0.0	 1500.0	    0.0	  854.0	 1341.3	    0.0	  200.0	  749.4	 1260.2	    0.0	  200.0	  100.0	    0.0	    0.0	    0.0	    0.0	   36.7	   21.4	  1	 -450.0	 1650.0	    0.0	    0.0	   36.7	1	  391.6	 21	    0.0	    0.0	
  316	  36.47	    0.0	 1500.0	    0.0	  854.0	 1341.3	    0.0	  200.0	  749.4	 1260.2	    0.0	  200.0	  100.0	    0.0	    0.0	    0.0	    0.0	   36.7	   21.4	  1	 -450.0	 1650.0	    0.0	    0.0	   36.7	1	  391.7	 21	    0.0	    0.0	
  317	  36.57	    0.0	 1500.0	    0.0	  839.5	 1333.0	    0.0	  200.0	  749.4	 1260.2	    0.0	  200.0	  100.0	    0.0	    0.0	    0.0	    0.0	   36.8	   21.5	  1	 -450.0	 1650.0	    0.0	    0.0	   36.8	1	  391.4	 21	    0.0	    0.0	
  318	  36.67	    0.0	 1500.0	    0.0	  839.5	 1333.0	    0.0	  200.0	  749.4	 1260.2	    0.0	  200.0	  100.0	    0.0	    0.0	    0.0	    0.0	   36.8	   21.6	  1	 -450.0	 1650.0	    0.0	    0.0	   36.8	1	  391.4	 21	    0.0	    0.0	
  319	  36.77	    0.0	 1500.0	    0.0	  839.5	 1333.0	    0.0	  200.0	  749.4	 1260.2	    0.0	  200.0	  100.0	    0.0	    0.0	    0.0	    0.0	   36.8	   21.6	  1	 -450.0	 1650.0	    0.0	    0.0	   36.8	1	  391.5	 21	    0.0	    0.0	
  320	  36.87	    0.0	 1500.0	    0.0	  839.5	 1333.0	    0.0	  200.0	  749.4	 1260.2	    0.0	  200.0	  100.0	    0.0	    0.0	    0.0	    0.0	   36.8	   21.7	  1	 -450.0	 1650.0	    0.0	    0.0	   36.8	1	  391.5	 21	    0.0	    0.0	
