    1	   0.10	    0.0	 1500.0	    0.0	    0.0	    0.0	    0.0	    0.0	    0.0	    0.0	    0.0	    0.0	  100.0	  100.0	    0.0	    0.0	    0.0	    0.0	    0.0	  1	-1000.0	  500.0	  100.0	    0.0	    0.0	1	  526.8	 21	 1371.8	  -28.2	
    2	   0.20	  -16.7	 1491.1	 -151.9	    0.0	    0.0	    0.0	    0.0	    0.0	    0.0	    0.0	    0.0	  100.0	   99.7	    0.0	    0.0	    0.0	    0.0	    0.1	  1	  -50.0	 1250.0	   99.7	    0.0	    0.0	1	  217.7	 21	 1390.2	   19.0	
    3	   0.30	  -22.8	 1456.9	  -96.1	    0.0	    0.0	    0.0	    0.0	    0.0	    0.0	    0.0	    0.0	  100.0	   99.5	    0.0	    0.0	    0.0	    0.0	    0.1	  1	  -50.0	 1250.0	   99.5	    0.0	    0.0	1	  181.6	 21	 1389.8	   19.0	
    4	   0.40	  -27.4	 1413.7	  -96.2	    0.0	    0.0	    0.0	    0.0	    0.0	    0.0	    0.0	    0.0	  100.0	   99.2	    0.0	    0.0	    0.0	    0.0	    0.1	  1	  -50.0	 1250.0	   99.2	    0.0	    0.0	1	  150.2	 21	 1389.4	   18.9	
    5	   0.50	  -32.5	 1378.8	  -98.5	    0.0	    0.0	    0.0	    0.0	    0.0	    0.0	    0.0	    0.0	  100.0	   98.9	    0.0	    0.0	    0.0	    0.0	    0.2	  1	  -50.0	 1250.0	   98.9	    0.0	    0.0	1	  117.3	 21	    0.0	    0.0	
    6	   0.60	  -35.9	 1349.4	  -96.2	    0.0	    0.0	    0.0	    0.0	    0.0	    0.0	    0.0	    0.0	  100.0	   98.6	    0.0	    0.0	    0.0	    0.0	    0.2	  1	  -50.0	 1250.0	   98.6	    0.0	    0.0	1	   90.0	 21	    0.0	    0.0	
    7	   0.70	  -36.3	 1346.1	  -98.1	    0.0	    0.0	    0.0	    0.0	    0.0	    0.0	    0.0	    0.0	  100.0	   98.3	    0.0	    0.0	    0.0	    0.0	    0.2	  1	  -50.0	 1250.0	   98.3	    0.0	    0.0	1	   87.0	 21	    0.0	    0.0	
    8	   0.80	  -36.3	 1346.1	  -98.1	    0.0	    0.0	    0.0	    0.0	    0.0	    0.0	    0.0	    0.0	  100.0	   98.0	    0.0	    0.0	    0.0	    0.0	    0.3	  1	  -50.0	 1250.0	   98.0	    0.0	    0.0	1	   87.0	 21	    0.0	    0.0	
    9	   0.90	  -36.3	 1346.1	  -98.1	    0.0	    0.0	    0.0	    0.0	    0.0	    0.0	    0.0	    0.0	  100.0	   97.7	    0.0	    0.0	    0.0	    0.0	    0.3	  1	  -50.0	 1250.0	   97.7	    0.0	    0.0	1	   87.0	 21	    0.0	    0.0	
   10	   1.00	  -36.3	 1346.1	  -98.1	    0.0	    0.0	    0.0	    0.0	    0.0	    0.0	    0.0	    0.0	  100.0	   97.4	    0.0	    0.0	    0.0	    0.0	    0.4	  1	  -50.0	 1250.0	   97.4	    0.0	    0.0	1	   87.0	 21	    0.0	    0.0	
   11	   1.10	  -36.3	 1346.1	  -98.1	    0.0	    0.0	    0.0	    0.0	    0.0	    0.0	    0.0	    0.0	  100.0	   97.1	    0.0	    0.0	    0.0	    0.0	    0.4	  1	  -50.0	 1250.0	   97.1	    0.0	    0.0	1	   87.0	 21	    0.0	    0.0	
   12	   1.20	  -36.3	 1346.1	  -98.1	    0.0	    0.0	    0.0	    0.0	    0.0	    0.0	    0.0	    0.0	  100.0	   96.8	    0.0	    0.0	    0.0	    0.0	    0.4	  1	  -50.0	 1250.0	   96.8	    0.0	    0.0	1	   87.0	 21	 1399.9	   20.0	
   13	   1.30	  -36.3	 1346.1	  -98.1	    0.0	    0.0	    0.0	    0.0	    0.0	    0.0	    0.0	    0.0	  100.0	   96.5	    0.0	    0.0	    0.0	    0.0	    0.5	  1	  -50.0	 1250.0	   96.5	    0.0	    0.0	1	   87.0	 21	 1399.4	   19.9	
   14	   1.40	  -36.3	 1346.1	  -98.1	    0.0	    0.0	    0.0	    0.0	    0.0	    0.0	    0.0	    0.0	  100.0	   96.2	    0.0	    0.0	    0.0	    0.0	    0.5	  1	  -50.0	 1250.0	   96.2	    0.0	    0.0	1	   87.0	 21	 1399.0	   19.9	
   15	   1.50	  -36.3	 1346.1	  -98.1	    0.0	    0.0	    0.0	    0.0	    0.0	    0.0	    0.0	    0.0	  100.0	   95.9	    0.0	    0.0	    0.0	    0.0	    0.5	  1	  -50.0	 1250.0	   95.9	    0.0	    0.0	1	   87.0	 21	 1398.5	   19.9	
   16	   1.60	  -36.3	 1346.1	  -98.1	    0.0	    0.0	    0.0	    0.0	    0.0	    0.0	    0.0	    0.0	  100.0	   95.6	    0.0	    0.0	    0.0	    0.0	    0.6	  1	  -50.0	 1250.0	   95.6	    0.0	    0.0	1	   87.0	 21	 1398.0	   19.8	
   17	   1.70	  -36.3	 1346.1	  -98.1	    0.0	    0.0	    0.0	    0.0	    0.0	    0.0	    0.0	    0.0	  100.0	   95.3	    0.0	    0.0	    0.0	    0.0	    0.6	  1	  -50.0	 1250.0	   95.3	    0.0	    0.0	1	   87.0	 21	 1397.6	   19.8	
   18	   1.80	  -36.3	 1346.1	  -98.1	    0.0	    0.0	    0.0	    0.0	    0.0	    0.0	    0.0	    0.0	  100.0	   95.0	    0.0	    0.0	    0.0	    0.0	    0.7	  1	  -50.0	 1250.0	   95.0	    0.0	    0.0	1	   87.0	 21	 1397.1	   19.7	
   19	   1.90	  -36.3	 1346.1	  -98.1	    0.0	    0.0	    0.0	    0.0	    0.0	    0.0	    0.0	    0.0	  100.0	   94.7	    0.0	    0.0	    0.0	    0.0	    0.7	  1	  -50.0	 1250.0	   94.7	    0.0	    0.0	1	   87.0	 21	 1396.6	   19.7	
   20	   2.00	  -36.3	 1346.1	  -98.1	    0.0	    0.0	    0.0	    0.0	    0.0	    0.0	    0.0	    0.0	  100.0	   94.5	    0.0	    0.0	    0.0	    0.0	    0.7	  1	  -50.0	 1250.0	   94.5	    0.0	    0.0	1	   87.0	 21	 1396.2	   19.6	
   21	   2.10	  -36.3	 1346.1	  -98.1	    0.0	    0.0	    0.0	    0.0	    0.0	    0.0	    0.0	    0.0	  100.0	   94.2	    0.0	    0.0	    0.0	    0.0	    0.8	  1	  -50.0	 1250.0	   94.2	    0.0	    0.0	1	   87.0	 21	 1395.7	   19.6	
   22	   2.20	  -36.3	 1346.1	  -98.1	    0.0	    0.0	    0.0	    0.0	    0.0	    0.0	    0.0	    0.0	  100.0	   93.9	    0.0	    0.0	    0.0	    0.0	    0.8	  1	  -50.0	 1250.0	   93.9	    0.0	    0.0	1	   87.0	 21	 1395.3	   19.5	
   23	   2.30	  -36.3	 1346.1	  -98.1	    0.0	    0.0	    0.0	    0.0	    0.0	    0.0	    0.0	    0.0	  100.0	   93.6	    0.0	    0.0	    0.0	    0.0	    0.8	  1	  -50.0	 1250.0	   93.6	    0.0	    0.0	1	   87.0	 21	 1394.8	   19.5	
   24	   2.40	  -36.3	 1346.1	  -98.1	    0.0	    0.0	    0.0	    0.0	    0.0	    0.0	    0.0	    0.0	  100.0	   93.3	    0.0	    0.0	    0.0	    0.0	    0.9	  1	  -50.0	 1250.0	   93.3	    0.0	    0.0	1	   87.0	 21	 1394.3	   19.4	
   25	   2.50	  -36.3	 1346.1	  -98.1	    0.0	    0.0	    0.0	    0.0	    0.0	    0.0	    0.0	    0.0	  100.0	   93.0	    0.0	    0.0	    0.0	    0.0	    0.9	  1	  -50.0	 1250.0	   93.0	    0.0	    0.0	1	   87.0	 21	 1393.9	   19.4	
   26	   2.60	  -36.3	 1346.1	  -98.1	    0.0	    0.0	    0.0	    0.0	    0.0	    0.0	    0.0	    0.0	  100.0	   92.7	    0.0	    0.0	    0.0	    0.0	    0.9	  1	  -50.0	 1250.0	   92.7	    0.0	    0.0	1	   87.0	 21	 1393.4	   19.3	
   27	   2.70	  -36.3	 1346.1	  -98.1	    0.0	    0.0	    0.0	    0.0	    0.0	    0.0	    0.0	    0.0	  100.0	   92.4	    0.0	    0.0	    0.0	    0.0	    1.0	  1	  -50.0	 1250.0	   92.4	    0.0	    0.0	1	   87.0	 21	 1392.9	   19.3	
   28	   2.80	  -36.3	 1346.1	  -98.1	    0.0	    0.0	    0.0	    0.0	    0.0	    0.0	    0.0	    0.0	  100.0	   92.1	    0.0	    0.0	    0.0	    0.0	    1.0	  1	  -50.0	 1250.0	   92.1	    0.0	    0.0	1	   87.0	 21	 1392.5	   19.2	
   29	   2.90	  -36.3	 1346.1	  -98.1	    0.0	    0.0	    0.0	    0.0	    0.0	    0.0	    0.0	    0.0	  100.0	   91.8	    0.0	    0.0	    0.0	    0.0	    1.1	  1	  -50.0	 1250.0	   91.8	    0.0	    0.0	1	   87.0	 21	 1392.0	   19.2	
   30	   3.00	  -36.3	 1346.1	  -98.1	    0.0	    0.0	    0.0	    0.0	    0.0	    0.0	    0.0	    0.0	  100.0	   91.5	    0.0	    0.0	    0.0	    0.0	    1.1	  1	  -50.0	 1250.0	   91.5	    0.0	    0.0	1	   87.0	 21	 1391.5	   19.2	
   31	   3.10	  -36.3	 1346.1	  -98.1	    0.0	    0.0	    0.0	    0.0	    0.0	    0.0	    0.0	    0.0	  100.0	   91.2	    0.0	    0.0	    0.0	    0.0	    1.1	  1	  -50.0	 1250.0	   91.2	    0.0	    0.0	1	   87.0	 21	 1391.1	   19.1	
   32	   3.20	  -36.3	 1346.1	  -98.1	    0.0	    0.0	    0.0	    0.0	    0.0	    0.0	    0.0	    0.0	  100.0	   90.9	    0.0	    0.0	    0.0	    0.0	    1.2	  1	  -50.0	 1250.0	   90.9	    0.0	    0.0	1	   87.0	 21	 1390.6	   19.1	
   33	   3.30	  -36.3	 1346.1	  -98.1	    0.0	    0.0	    0.0	    0.0	    0.0	    0.0	    0.0	    0.0	  100.0	   90.6	    0.0	    0.0	    0.0	    0.0	    1.2	  1	  -50.0	 1250.0	   90.6	    0.0	    0.0	1	   87.0	 21	 1390.1	   19.0	
   34	   3.40	  -36.3	 1346.1	  -98.1	    0.0	    0.0	    0.0	    0.0	    0.0	    0.0	    0.0	    0.0	  100.0	   90.3	    0.0	    0.0	    0.0	    0.0	    1.2	  1	  -50.0	 1250.0	   90.3	    0.0	    0.0	1	   87.0	 21	 1389.7	   19.0	
   35	   3.50	  -36.3	 1346.1	  -98.1	    0.0	    0.0	    0.0	    0.0	    0.0	    0.0	    0.0	    0.0	  100.0	   90.0	    0.0	    0.0	    0.0	    0.0	    1.3	  1	  -50.0	 1250.0	   90.0	    0.0	    0.0	1	   87.0	 21	 1389.2	   18.9	
   36	   3.60	  -36.3	 1346.1	  -98.1	    0.0	    0.0	    0.0	    0.0	    0.0	    0.0	    0.0	    0.0	  100.0	   89.7	    0.0	    0.0	    0.0	    0.0	    1.3	  1	  -50.0	 1250.0	   89.7	    0.0	    0.0	1	   87.0	 21	 1388.7	   18.9	
   37	   3.70	  -36.3	 1346.1	  -98.1	    0.0	    0.0	    0.0	    0.0	    0.0	    0.0	    0.0	    0.0	  100.0	   89.4	    0.0	    0.0	    0.0	    0.0	    1.4	  1	  -50.0	 1250.0	   89.4	    0.0	    0.0	1	   87.0	 21	 1388.3	   18.8	
   38	   3.80	  -36.3	 1346.1	  -98.1	    0.0	    0.0	    0.0	    0.0	    0.0	    0.0	    0.0	    0.0	  100.0	   89.1	    0.0	    0.0	    0.0	    0.0	    1.4	  1	  -50.0	 1250.0	   89.1	    0.0	    0.0	1	   87.0	 21	 1387.8	   18.8	
   39	   3.90	  -36.3	 1346.1	  -98.1	    0.0	    0.0	    0.0	    0.0	    0.0	    0.0	    0.0	    0.0	  100.0	   88.8	    0.0	    0.0	    0.0	    0.0	    1.4	  1	  -50.0	 1250.0	   88.8	    0.0	    0.0	1	   87.0	 21	 1387.4	   18.7	
   40	   4.00	  -36.3	 1346.1	  -98.1	    0.0	    0.0	    0.0	    0.0	    0.0	    0.0	    0.0	    0.0	  100.0	   88.5	    0.0	    0.0	    0.0	    0.0	    1.5	  1	  -50.0	 1250.0	   88.5	    0.0	    0.0	1	   87.0	 21	 1386.9	   18.7	
   41	   4.10	  -36.3	 1346.1	  -98.1	    0.0	    0.0	    0.0	    0.0	    0.0	    0.0	    0.0	    0.0	  100.0	   88.2	    0.0	    0.0	    0.0	    0.0	    1.5	  1	  -50.0	 1250.0	   88.2	    0.0	    0.0	1	   87.0	 21	 1386.4	   18.6	
   42	   4.20	  -36.3	 1346.1	  -98.1	    0.0	    0.0	    0.0	    0.0	    0.0	    0.0	    0.0	    0.0	  100.0	   87.9	    0.0	    0.0	    0.0	    0.0	    1.5	  1	  -50.0	 1250.0	   87.9	    0.0	    0.0	1	   87.0	 21	 1386.0	   18.6	
   43	   4.30	  -36.3	 1346.1	  -98.1	    0.0	    0.0	    0.0	    0.0	    0.0	    0.0	    0.0	    0.0	  100.0	   87.6	    0.0	    0.0	    0.0	    0.0	    1.6	  1	  -50.0	 1250.0	   87.6	    0.0	    0.0	1	   87.0	 21	 1385.5	   18.5	
   44	   4.40	  -36.3	 1346.1	  -98.1	    0.0	    0.0	    0.0	    0.0	    0.0	    0.0	    0.0	    0.0	  100.0	   87.3	    0.0	    0.0	    0.0	    0.0	    1.6	  1	  -50.0	 1250.0	   87.3	    0.0	    0.0	1	   87.0	 21	 1385.0	   18.5	
   45	   4.50	  -36.3	 1346.1	  -98.1	    0.0	    0.0	    0.0	    0.0	    0.0	    0.0	    0.0	    0.0	  100.0	   87.0	    0.0	    0.0	    0.0	    0.0	    1.7	  1	  -50.0	 1250.0	   87.0	    0.0	    0.0	1	   87.0	 21	 1384.6	   18.5	
   46	   4.60	  -36.3	 1346.1	  -98.1	    0.0	    0.0	    0.0	    0.0	    0.0	    0.0	    0.0	    0.0	  100.0	   86.7	    0.0	    0.0	    0.0	    0.0	    1.7	  1	  -50.0	 1250.0	   86.7	    0.0	    0.0	1	   87.0	 21	 1384.1	   18.4	
   47	   4.70	  -36.3	 1346.1	  -98.1	    0.0	    0.0	    0.0	    0.0	    0.0	    0.0	    0.0	    0.0	  100.0	   86.4	    0.0	    0.0	    0.0	    0.0	    1.7	  1	  -50.0	 1250.0	   86.4	    0.0	    0.0	1	   87.0	 21	 1383.6	   18.4	
   48	   4.80	  -36.3	 1346.1	  -98.1	    0.0	    0.0	    0.0	    0.0	    0.0	    0.0	    0.0	    0.0	  100.0	   86.1	    0.0	    0.0	    0.0	    0.0	    1.8	  1	  -50.0	 1250.0	   86.1	    0.0	    0.0	1	   87.0	 21	 1383.2	   18.3	
   49	   4.90	  -36.3	 1346.1	  -98.1	    0.0	    0.0	    0.0	    0.0	    0.0	    0.0	    0.0	    0.0	  100.0	   85.8	    0.0	    0.0	    0.0	    0.0	    1.8	  1	  -50.0	 1250.0	   85.8	    0.0	    0.0	1	   87.0	 21	 1382.7	   18.3	
   50	   5.00	  -36.3	 1346.1	  -98.1	    0.0	    0.0	    0.0	    0.0	    0.0	    0.0	    0.0	    0.0	  100.0	   85.5	    0.0	    0.0	    0.0	    0.0	    1.8	  1	  -50.0	 1250.0	   85.5	    0.0	    0.0	1	   87.0	 21	 1382.2	   18.2	
   51	   5.10	  -36.3	 1346.1	  -98.1	    0.0	    0.0	    0.0	    0.0	    0.0	    0.0	    0.0	    0.0	  100.0	   85.2	    0.0	    0.0	    0.0	    0.0	    1.9	  1	  -50.0	 1250.0	   85.2	    0.0	    0.0	1	   87.0	 21	 1381.8	   18.2	
   52	   5.20	  -36.3	 1346.1	  -98.1	    0.0	    0.0	    0.0	    0.0	    0.0	    0.0	    0.0	    0.0	  100.0	   84.9	    0.0	    0.0	    0.0	    0.0	    1.9	  1	  -50.0	 1250.0	   84.9	    0.0	    0.0	1	   87.0	 21	 1381.3	   18.1	
   53	   5.30	  -36.3	 1346.1	  -98.1	    0.0	    0.0	    0.0	    0.0	    0.0	    0.0	    0.0	    0.0	  100.0	   84.6	    0.0	    0.0	    0.0	    0.0	    1.9	  1	  -50.0	 1250.0	   84.6	    0.0	    0.0	1	   87.0	 21	 1380.8	   18.1	
   54	   5.40	  -36.3	 1346.1	  -98.1	    0.0	    0.0	    0.0	    0.0	    0.0	    0.0	    0.0	    0.0	  100.0	   84.3	    0.0	    0.0	    0.0	    0.0	    2.0	  1	  -50.0	 1250.0	   84.3	    0.0	    0.0	1	   87.0	 21	 1380.4	   18.0	
   55	   5.50	  -36.3	 1346.1	  -98.1	    0.0	    0.0	    0.0	    0.0	    0.0	    0.0	    0.0	    0.0	  100.0	   84.0	    0.0	    0.0	    0.0	    0.0	    2.0	  1	  -50.0	 1250.0	   84.0	    0.0	    0.0	1	   87.0	 21	 1379.9	   18.0	
   56	   5.60	  -36.3	 1346.1	  -98.1	    0.0	    0.0	    0.0	    0.0	    0.0	    0.0	    0.0	    0.0	  100.0	   83.8	    0.0	    0.0	    0.0	    0.0	    2.1	  1	  -50.0	 1250.0	   83.8	    0.0	    0.0	1	   87.0	 21	 1379.5	   17.9	
   57	   5.70	  -36.3	 1346.1	  -98.1	    0.0	    0.0	    0.0	    0.0	    0.0	    0.0	    0.0	    0.0	  100.0	   83.5	    0.0	    0.0	    0.0	    0.0	    2.1	  1	  -50.0	 1250.0	   83.5	    0.0	    0.0	1	   87.0	 21	 1379.0	   17.9	
   58	   5.80	  -36.3	 1346.1	  -98.1	    0.0	    0.0	    0.0	    0.0	    0.0	    0.0	    0.0	    0.0	  100.0	   83.2	    0.0	    0.0	    0.0	    0.0	    2.1	  1	  -50.0	 1250.0	   83.2	    0.0	    0.0	1	   87.0	 21	 1378.5	   17.9	
   59	   5.90	  -36.3	 1346.1	  -98.1	    0.0	    0.0	    0.0	    0.0	    0.0	    0.0	    0.0	    0.0	  100.0	   82.9	    0.0	    0.0	    0.0	    0.0	    2.2	  1	  -50.0	 1250.0	   82.9	    0.0	    0.0	1	   87.0	 21	 1378.1	   17.8	
   60	   6.00	  -36.3	 1346.1	  -98.1	    0.0	    0.0	    0.0	    0.0	    0.0	    0.0	    0.0	    0.0	  100.0	   82.6	    0.0	    0.0	    0.0	    0.0	    2.2	  1	  -50.0	 1250.0	   82.6	    0.0	    0.0	1	   87.0	 21	 1377.6	   17.8	
   61	   6.10	  -36.3	 1346.1	  -98.1	    0.0	    0.0	    0.0	    0.0	    0.0	    0.0	    0.0	    0.0	  100.0	   82.3	    0.0	    0.0	    0.0	    0.0	    2.2	  1	  -50.0	 1250.0	   82.3	    0.0	    0.0	1	   87.0	 21	 1377.1	   17.7	
   62	   6.20	  -36.3	 1346.1	  -98.1	    0.0	    0.0	    0.0	    0.0	    0.0	    0.0	    0.0	    0.0	  100.0	   82.0	    0.0	    0.0	    0.0	    0.0	    2.3	  1	  -50.0	 1250.0	   82.0	    0.0	    0.0	1	   87.0	 21	 1376.7	   17.7	
   63	   6.30	  -36.3	 1346.1	  -98.1	    0.0	    0.0	    0.0	    0.0	    0.0	    0.0	    0.0	    0.0	  100.0	   81.7	    0.0	    0.0	    0.0	    0.0	    2.3	  1	  -50.0	 1250.0	   81.7	    0.0	    0.0	1	   87.0	 21	 1376.2	   17.6	
   64	   6.40	  -36.3	 1346.1	  -98.1	    0.0	    0.0	    0.0	    0.0	    0.0	    0.0	    0.0	    0.0	  100.0	   81.4	    0.0	    0.0	    0.0	    0.0	    2.4	  1	  -50.0	 1250.0	   81.4	    0.0	    0.0	1	   87.0	 21	 1375.7	   17.6	
   65	   6.50	  -36.3	 1346.1	  -98.1	    0.0	    0.0	    0.0	    0.0	    0.0	    0.0	    0.0	    0.0	  100.0	   81.1	    0.0	    0.0	    0.0	    0.0	    2.4	  1	  -50.0	 1250.0	   81.1	    0.0	    0.0	1	   87.0	 21	 1375.3	   17.5	
   66	   6.60	  -36.3	 1346.1	  -98.1	    0.0	    0.0	    0.0	    0.0	    0.0	    0.0	    0.0	    0.0	  100.0	   80.8	    0.0	    0.0	    0.0	    0.0	    2.4	  1	  -50.0	 1250.0	   80.8	    0.0	    0.0	1	   87.0	 21	 1374.8	   17.5	
   67	   6.70	  -36.3	 1346.1	  -98.1	    0.0	    0.0	    0.0	    0.0	    0.0	    0.0	    0.0	    0.0	  100.0	   80.5	    0.0	    0.0	    0.0	    0.0	    2.5	  1	  -50.0	 1250.0	   80.5	    0.0	    0.0	1	   87.0	 21	 1374.3	   17.4	
   68	   6.80	  -36.3	 1346.1	  -98.1	    0.0	    0.0	    0.0	    0.0	    0.0	    0.0	    0.0	    0.0	  100.0	   80.2	    0.0	    0.0	    0.0	    0.0	    2.5	  1	  -50.0	 1250.0	   80.2	    0.0	    0.0	1	   87.0	 21	 1373.9	   17.4	
   69	   6.90	  -36.3	 1346.1	  -98.1	    0.0	    0.0	    0.0	    0.0	    0.0	    0.0	    0.0	    0.0	  100.0	   79.9	    0.0	    0.0	    0.0	    0.0	    2.5	  1	  -50.0	 1250.0	   79.9	    0.0	    0.0	1	   87.0	 21	 1373.4	   17.3	
   70	   7.00	  -36.3	 1346.1	  -98.1	    0.0	    0.0	    0.0	    0.0	    0.0	    0.0	    0.0	    0.0	  100.0	   79.6	    0.0	    0.0	    0.0	    0.0	    2.6	  1	  -50.0	 1250.0	   79.6	    0.0	    0.0	1	   87.0	 21	 1372.9	   17.3	
   71	   7.10	  -36.3	 1346.1	  -98.1	    0.0	    0.0	    0.0	    0.0	    0.0	    0.0	    0.0	    0.0	  100.0	   79.3	    0.0	    0.0	    0.0	    0.0	    2.6	  1	  -50.0	 1250.0	   79.3	    0.0	    0.0	1	   87.0	 21	 1372.5	   17.2	
   72	   7.20	  -36.3	 1346.1	  -98.1	    0.0	    0.0	    0.0	    0.0	    0.0	    0.0	    0.0	    0.0	  100.0	   79.0	    0.0	    0.0	    0.0	    0.0	    2.7	  1	  -50.0	 1250.0	   79.0	    0.0	    0.0	1	   87.0	 21	 1372.0	   17.2	
   73	   7.30	  -36.3	 1346.1	  -98.1	    0.0	    0.0	    0.0	    0.0	    0.0	    0.0	    0.0	    0.0	  100.0	   78.7	    0.0	    0.0	    0.0	    0.0	    2.7	  1	  -50.0	 1250.0	   78.7	    0.0	    0.0	1	   87.0	 21	 1371.6	   17.2	
   74	   7.40	  -36.3	 1346.1	  -98.1	    0.0	    0.0	    0.0	    0.0	    0.0	    0.0	    0.0	    0.0	  100.0	   78.4	    0.0	    0.0	    0.0	    0.0	    2.7	  1	  -50.0	 1250.0	   78.4	    0.0	    0.0	1	   87.0	 21	 1371.1	   17.1	
   75	   7.50	  -36.3	 1346.1	  -98.1	    0.0	    0.0	    0.0	    0.0	    0.0	    0.0	    0.0	    0.0	  100.0	   78.1	    0.0	    0.0	    0.0	    0.0	    2.8	  1	  -50.0	 1250.0	   78.1	    0.0	    0.0	1	   87.0	 21	 1370.6	   17.1	
   76	   7.60	  -36.3	 1346.1	  -98.1	    0.0	    0.0	    0.0	    0.0	    0.0	    0.0	    0.0	    0.0	  100.0	   77.8	    0.0	    0.0	    0.0	    0.0	    2.8	  1	  -50.0	 1250.0	   77.8	    0.0	    0.0	1	   87.0	 21	 1370.2	   17.0	
   77	   7.70	  -36.3	 1346.1	  -98.1	    0.0	    0.0	    0.0	    0.0	    0.0	    0.0	    0.0	    0.0	  100.0	   77.5	    0.0	    0.0	    0.0	    0.0	    2.8	  1	  -50.0	 1250.0	   77.5	    0.0	    0.0	1	   87.0	 21	 1369.7	   17.0	
   78	   7.80	  -36.3	 1346.1	  -98.1	    0.0	    0.0	    0.0	    0.0	    0.0	    0.0	    0.0	    0.0	  100.0	   77.2	    0.0	    0.0	    0.0	    0.0	    2.9	  1	  -50.0	 1250.0	   77.2	    0.0	    0.0	1	   87.0	 21	 1369.2	   16.9	
   79	   7.90	  -36.3	 1346.1	  -98.1	    0.0	    0.0	    0.0	    0.0	    0.0	    0.0	    0.0	    0.0	  100.0	   76.9	    0.0	    0.0	    0.0	    0.0	    2.9	  1	  -50.0	 1250.0	   76.9	    0.0	    0.0	1	   87.0	 21	 1368.8	   16.9	
   80	   8.00	  -36.3	 1346.1	  -98.1	    0.0	    0.0	    0.0	    0.0	    0.0	    0.0	    0.0	    0.0	  100.0	   76.6	    0.0	    0.0	    0.0	    0.0	    2.9	  1	  -50.0	 1250.0	   76.6	    0.0	    0.0	1	   87.0	 21	 1368.3	   16.8	
   81	   8.10	  -36.3	 1346.1	  -98.1	    0.0	    0.0	    0.0	    0.0	    0.0	    0.0	    0.0	    0.0	  100.0	   76.3	    0.0	    0.0	    0.0	    0.0	    3.0	  1	  -50.0	 1250.0	   76.3	    0.0	    0.0	1	   87.0	 21	 1367.8	   16.8	
   82	   8.20	  -36.3	 1346.1	  -98.1	    0.0	    0.0	    0.0	    0.0	    0.0	    0.0	    0.0	    0.0	  100.0	   76.0	    0.0	    0.0	    0.0	    0.0	    3.0	  1	  -50.0	 1250.0	   76.0	    0.0	    0.0	1	   87.0	 21	 1367.4	   16.7	
   83	   8.30	  -36.3	 1346.1	  -98.1	    0.0	    0.0	    0.0	    0.0	    0.0	    0.0	    0.0	    0.0	  100.0	   75.7	    0.0	    0.0	    0.0	    0.0	    3.1	  1	  -50.0	 1250.0	   75.7	    0.0	    0.0	1	   87.0	 21	 1366.9	   16.7	
   84	   8.40	  -36.3	 1346.1	  -98.1	    0.0	    0.0	    0.0	    0.0	    0.0	    0.0	    0.0	    0.0	  100.0	   75.4	    0.0	    0.0	    0.0	    0.0	    3.1	  1	  -50.0	 1250.0	   75.4	    0.0	    0.0	1	   87.0	 21	 1366.4	   16.6	
   85	   8.50	  -36.3	 1346.1	  -98.1	    0.0	    0.0	    0.0	    0.0	    0.0	    0.0	    0.0	    0.0	  100.0	   75.1	    0.0	    0.0	    0.0	    0.0	    3.1	  1	  -50.0	 1250.0	   75.1	    0.0	    0.0	1	   87.0	 21	 1366.0	   16.6	
   86	   8.60	  -36.3	 1346.1	  -98.1	    0.0	    0.0	    0.0	    0.0	    0.0	    0.0	    0.0	    0.0	  100.0	   74.8	    0.0	    0.0	    0.0	    0.0	    3.2	  1	  -50.0	 1250.0	   74.8	    0.0	    0.0	1	   87.0	 21	 1365.5	   16.6	
   87	   8.70	  -36.3	 1346.1	  -98.1	    0.0	    0.0	    0.0	    0.0	    0.0	    0.0	    0.0	    0.0	  100.0	   74.5	    0.0	    0.0	    0.0	    0.0	    3.2	  1	  -50.0	 1250.0	   74.5	    0.0	    0.0	1	   87.0	 21	 1365.0	   16.5	
   88	   8.80	  -36.3	 1346.1	  -98.1	    0.0	    0.0	    0.0	    0.0	    0.0	    0.0	    0.0	    0.0	  100.0	   74.2	    0.0	    0.0	    0.0	    0.0	    3.2	  1	  -50.0	 1250.0	   74.2	    0.0	    0.0	1	   87.0	 21	 1364.6	   16.5	
   89	   8.90	  -36.3	 1346.1	  -98.1	    0.0	    0.0	    0.0	    0.0	    0.0	    0.0	    0.0	    0.0	  100.0	   73.9	    0.0	    0.0	    0.0	    0.0	    3.3	  1	  -50.0	 1250.0	   73.9	    0.0	    0.0	1	   87.0	 21	 1364.1	   16.4	
   90	   9.00	  -36.3	 1346.1	  -98.1	    0.0	    0.0	    0.0	    0.0	    0.0	    0.0	    0.0	    0.0	  100.0	   73.6	    0.0	    0.0	    0.0	    0.0	    3.3	  1	  -50.0	 1250.0	   73.6	    0.0	    0.0	1	   87.0	 21	 1363.6	   16.4	
   91	   9.10	  -36.3	 1346.1	  -98.1	    0.0	    0.0	    0.0	    0.0	    0.0	    0.0	    0.0	    0.0	  100.0	   73.3	    0.0	    0.0	    0.0	    0.0	    3.4	  1	  -50.0	 1250.0	   73.3	    0.0	    0.0	1	   87.0	 21	 1363.2	   16.3	
   92	   9.20	  -36.3	 1346.1	  -98.1	    0.0	    0.0	    0.0	    0.0	    0.0	    0.0	    0.0	    0.0	  100.0	   73.1	    0.0	    0.0	    0.0	    0.0	    3.4	  1	  -50.0	 1250.0	   73.1	    0.0	    0.0	1	   87.0	 21	 1362.7	   16.3	
   93	   9.30	  -36.3	 1346.1	  -98.1	    0.0	    0.0	    0.0	    0.0	    0.0	    0.0	    0.0	    0.0	  100.0	   72.8	    0.0	    0.0	    0.0	    0.0	    3.4	  1	  -50.0	 1250.0	   72.8	    0.0	    0.0	1	   87.0	 21	 1362.3	   16.2	
   94	   9.40	  -36.3	 1346.1	  -98.1	    0.0	    0.0	    0.0	    0.0	    0.0	    0.0	    0.0	    0.0	  100.0	   72.5	    0.0	    0.0	    0.0	    0.0	    3.5	  1	  -50.0	 1250.0	   72.5	    0.0	    0.0	1	   87.0	 21	 1361.8	   16.2	
   95	   9.50	  -36.3	 1346.1	  -98.1	    0.0	    0.0	    0.0	    0.0	    0.0	    0.0	    0.0	    0.0	  100.0	   72.2	    0.0	    0.0	    0.0	    0.0	    3.5	  1	  -50.0	 1250.0	   72.2	    0.0	    0.0	1	   87.0	 21	 1361.3	   16.1	
   96	   9.60	  -36.3	 1346.1	  -98.1	    0.0	    0.0	    0.0	    0.0	    0.0	    0.0	    0.0	    0.0	  100.0	   71.9	    0.0	    0.0	    0.0	    0.0	    3.5	  1	  -50.0	 1250.0	   71.9	    0.0	    0.0	1	   87.0	 21	 1360.9	   16.1	
   97	   9.70	  -36.3	 1346.1	  -98.1	    0.0	    0.0	    0.0	    0.0	    0.0	    0.0	    0.0	    0.0	  100.0	   71.6	    0.0	    0.0	    0.0	    0.0	    3.6	  1	  -50.0	 1250.0	   71.6	    0.0	    0.0	1	   87.0	 21	 1360.4	   16.0	
   98	   9.80	  -36.3	 1346.1	  -98.1	    0.0	    0.0	    0.0	    0.0	    0.0	    0.0	    0.0	    0.0	  100.0	   71.3	    0.0	    0.0	    0.0	    0.0	    3.6	  1	  -50.0	 1250.0	   71.3	    0.0	    0.0	1	   87.0	 21	 1359.9	   16.0	
   99	   9.90	  -36.3	 1346.1	  -98.1	    0.0	    0.0	    0.0	    0.0	    0.0	    0.0	    0.0	    0.0	  100.0	   71.0	    0.0	    0.0	    0.0	    0.0	    3.7	  1	  -50.0	 1250.0	   71.0	    0.0	    0.0	1	   87.0	 21	 1359.5	   15.9	
  100	  10.00	  -36.3	 1346.1	  -98.1	    0.0	    0.0	    0.0	    0.0	    0.0	    0.0	    0.0	    0.0	  100.0	   70.7	    0.0	    0.0	    0.0	    0.0	    3.7	  1	  -50.0	 1250.0	   70.7	    0.0	    0.0	1	   87.0	 21	 1359.0	   15.9	
  101	  10.10	  -36.3	 1346.1	  -98.1	    0.0	    0.0	    0.0	    0.0	    0.0	    0.0	    0.0	    0.0	  100.0	   70.4	    0.0	    0.0	    0.0	    0.0	    3.7	  1	  -50.0	 1250.0	   70.4	    0.0	    0.0	1	   87.0	 21	 1358.5	   15.9	
  102	  10.20	  -36.3	 1346.1	  -98.1	    0.0	    0.0	    0.0	    0.0	    0.0	    0.0	    0.0	    0.0	  100.0	   70.1	    0.0	    0.0	    0.0	    0.0	    3.8	  1	  -50.0	 1250.0	   70.1	    0.0	    0.0	1	   87.0	 21	 1358.1	   15.8	
  103	  10.30	  -36.3	 1346.1	  -98.1	    0.0	    0.0	    0.0	    0.0	    0.0	    0.0	    0.0	    0.0	  100.0	   69.8	    0.0	    0.0	    0.0	    0.0	    3.8	  1	  -50.0	 1250.0	   69.8	    0.0	    0.0	1	   87.0	 21	 1357.6	   15.8	
  104	  10.40	  -36.3	 1346.1	  -98.1	    0.0	    0.0	    0.0	    0.0	    0.0	    0.0	    0.0	    0.0	  100.0	   69.5	    0.0	    0.0	    0.0	    0.0	    3.8	  1	  -50.0	 1250.0	   69.5	    0.0	    0.0	1	   87.0	 21	 1357.1	   15.7	
  105	  10.50	  -36.3	 1346.1	  -98.1	    0.0	    0.0	    0.0	    0.0	    0.0	    0.0	    0.0	    0.0	  100.0	   69.2	    0.0	    0.0	    0.0	    0.0	    3.9	  1	  -50.0	 1250.0	   69.2	    0.0	    0.0	1	   87.0	 21	 1356.7	   15.7	
  106	  10.60	  -36.3	 1346.1	  -98.1	    0.0	    0.0	    0.0	    0.0	    0.0	    0.0	    0.0	    0.0	  100.0	   68.9	    0.0	    0.0	    0.0	    0.0	    3.9	  1	  -50.0	 1250.0	   68.9	    0.0	    0.0	1	   87.0	 21	 1356.2	   15.6	
  107	  10.70	  -36.3	 1346.1	  -98.1	    0.0	    0.0	    0.0	    0.0	    0.0	    0.0	    0.0	    0.0	  100.0	   68.6	    0.0	    0.0	    0.0	    0.0	    3.9	  1	  -50.0	 1250.0	   68.6	    0.0	    0.0	1	   87.0	 21	 1355.7	   15.6	
  108	  10.80	  -36.3	 1346.1	  -98.1	    0.0	    0.0	    0.0	    0.0	    0.0	    0.0	    0.0	    0.0	  100.0	   68.3	    0.0	    0.0	    0.0	    0.0	    4.0	  1	  -50.0	 1250.0	   68.3	    0.0	    0.0	1	   87.0	 21	 1355.3	   15.5	
  109	  10.90	  -36.3	 1346.1	  -98.1	    0.0	    0.0	    0.0	    0.0	    0.0	    0.0	    0.0	    0.0	  100.0	   68.0	    0.0	    0.0	    0.0	    0.0	    4.0	  1	  -50.0	 1250.0	   68.0	    0.0	    0.0	1	   87.0	 21	 1354.8	   15.5	
  110	  11.00	  -36.3	 1346.1	  -98.1	    0.0	    0.0	    0.0	    0.0	    0.0	    0.0	    0.0	    0.0	  100.0	   67.7	    0.0	    0.0	    0.0	    0.0	    4.1	  1	  -50.0	 1250.0	   67.7	    0.0	    0.0	1	   87.0	 21	 1354.4	   15.4	
  111	  11.10	  -36.3	 1346.1	  -98.1	    0.0	    0.0	    0.0	    0.0	    0.0	    0.0	    0.0	    0.0	  100.0	   67.4	    0.0	    0.0	    0.0	    0.0	    4.1	  1	  -50.0	 1250.0	   67.4	    0.0	    0.0	1	   87.0	 21	 1353.9	   15.4	
  112	  11.20	  -36.3	 1346.1	  -98.1	    0.0	    0.0	    0.0	    0.0	    0.0	    0.0	    0.0	    0.0	  100.0	   67.1	    0.0	    0.0	    0.0	    0.0	    4.1	  1	  -50.0	 1250.0	   67.1	    0.0	    0.0	1	   87.0	 21	 1353.4	   15.3	
  113	  11.30	  -36.3	 1346.1	  -98.1	    0.0	    0.0	    0.0	    0.0	    0.0	    0.0	    0.0	    0.0	  100.0	   66.8	    0.0	    0.0	    0.0	    0.0	    4.2	  1	  -50.0	 1250.0	   66.8	    0.0	    0.0	1	   87.0	 21	 1353.0	   15.3	
  114	  11.40	  -36.3	 1346.1	  -98.1	    0.0	    0.0	    0.0	    0.0	    0.0	    0.0	    0.0	    0.0	  100.0	   66.5	    0.0	    0.0	    0.0	    0.0	    4.2	  1	  -50.0	 1250.0	   66.5	    0.0	    0.0	1	   87.0	 21	 1352.5	   15.2	
  115	  11.50	  -36.3	 1346.1	  -98.1	    0.0	    0.0	    0.0	    0.0	    0.0	    0.0	    0.0	    0.0	  100.0	   66.2	    0.0	    0.0	    0.0	    0.0	    4.2	  1	  -50.0	 1250.0	   66.2	    0.0	    0.0	1	   87.0	 21	 1352.0	   15.2	
  116	  11.60	  -36.3	 1346.1	  -98.1	    0.0	    0.0	    0.0	    0.0	    0.0	    0.0	    0.0	    0.0	  100.0	   65.9	    0.0	    0.0	    0.0	    0.0	    4.3	  1	  -50.0	 1250.0	   65.9	    0.0	    0.0	1	   87.0	 21	 1351.6	   15.2	
  117	  11.70	  -36.3	 1346.1	  -98.1	    0.0	    0.0	    0.0	    0.0	    0.0	    0.0	    0.0	    0.0	  100.0	   65.6	    0.0	    0.0	    0.0	    0.0	    4.3	  1	  -50.0	 1250.0	   65.6	    0.0	    0.0	1	   87.0	 21	 1351.1	   15.1	
  118	  11.80	  -36.3	 1346.1	  -98.1	    0.0	    0.0	    0.0	    0.0	    0.0	    0.0	    0.0	    0.0	  100.0	   65.3	    0.0	    0.0	    0.0	    0.0	    4.4	  1	  -50.0	 1250.0	   65.3	    0.0	    0.0	1	   87.0	 21	 1350.6	   15.1	
  119	  11.90	  -36.3	 1346.1	  -98.1	    0.0	    0.0	    0.0	    0.0	    0.0	    0.0	    0.0	    0.0	  100.0	   65.0	    0.0	    0.0	    0.0	    0.0	    4.4	  1	  -50.0	 1250.0	   65.0	    0.0	    0.0	1	   87.0	 21	 1350.2	   15.0	
  120	  12.00	  -36.3	 1346.1	  -98.1	    0.0	    0.0	    0.0	    0.0	    0.0	    0.0	    0.0	    0.0	  100.0	   64.7	    0.0	    0.0	    0.0	    0.0	    4.4	  1	  -50.0	 1250.0	   64.7	    0.0	    0.0	1	   87.0	 21	 1349.7	   15.0	
  121	  12.10	  -36.3	 1346.1	  -98.1	    0.0	    0.0	    0.0	    0.0	    0.0	    0.0	    0.0	    0.0	  100.0	   64.4	    0.0	    0.0	    0.0	    0.0	    4.5	  1	  -50.0	 1250.0	   64.4	    0.0	    0.0	1	   87.0	 21	 1349.2	   14.9	
  122	  12.20	  -36.3	 1346.1	  -98.1	    0.0	    0.0	    0.0	    0.0	    0.0	    0.0	    0.0	    0.0	  100.0	   64.1	    0.0	    0.0	    0.0	    0.0	    4.5	  1	  -50.0	 1250.0	   64.1	    0.0	    0.0	1	   87.0	 21	 1348.8	   14.9	
  123	  12.30	  -36.3	 1346.1	  -98.1	    0.0	    0.0	    0.0	    0.0	    0.0	    0.0	    0.0	    0.0	  100.0	   63.8	    0.0	    0.0	    0.0	    0.0	    4.5	  1	  -50.0	 1250.0	   63.8	    0.0	    0.0	1	   87.0	 21	 1348.3	   14.8	
  124	  12.40	  -36.3	 1346.1	  -98.1	    0.0	    0.0	    0.0	    0.0	    0.0	    0.0	    0.0	    0.0	  100.0	   63.5	    0.0	    0.0	    0.0	    0.0	    4.6	  1	  -50.0	 1250.0	   63.5	    0.0	    0.0	1	   87.0	 21	 1347.8	   14.8	
  125	  12.50	  -36.3	 1346.1	  -98.1	    0.0	    0.0	    0.0	    0.0	    0.0	    0.0	    0.0	    0.0	  100.0	   63.2	    0.0	    0.0	    0.0	    0.0	    4.6	  1	  -50.0	 1250.0	   63.2	    0.0	    0.0	1	   87.0	 21	 1347.4	   14.7	
  126	  12.60	  -36.3	 1346.1	  -98.1	    0.0	    0.0	    0.0	    0.0	    0.0	    0.0	    0.0	    0.0	  100.0	   62.9	    0.0	    0.0	    0.0	    0.0	    4.7	  1	  -50.0	 1250.0	   62.9	    0.0	    0.0	1	   87.0	 21	 1346.9	   14.7	
  127	  12.70	  -36.3	 1346.1	  -98.1	    0.0	    0.0	    0.0	    0.0	    0.0	    0.0	    0.0	    0.0	  100.0	   62.7	    0.0	    0.0	    0.0	    0.0	    4.7	  1	  -50.0	 1250.0	   62.7	    0.0	    0.0	1	   87.0	 21	 1346.5	   14.6	
  128	  12.80	  -36.3	 1346.1	  -98.1	    0.0	    0.0	    0.0	    0.0	    0.0	    0.0	    0.0	    0.0	  100.0	   62.4	    0.0	    0.0	    0.0	    0.0	    4.7	  1	  -50.0	 1250.0	   62.4	    0.0	    0.0	1	   87.0	 21	 1346.0	   14.6	
  129	  12.90	  -36.3	 1346.1	  -98.1	    0.0	    0.0	    0.0	    0.0	    0.0	    0.0	    0.0	    0.0	  100.0	   62.1	    0.0	    0.0	    0.0	    0.0	    4.8	  1	  -50.0	 1250.0	   62.1	    0.0	    0.0	1	   87.0	 21	 1345.5	   14.6	
  130	  13.00	  -36.3	 1346.1	  -98.1	    0.0	    0.0	    0.0	    0.0	    0.0	    0.0	    0.0	    0.0	  100.0	   61.8	    0.0	    0.0	    0.0	    0.0	    4.8	  1	  -50.0	 1250.0	   61.8	    0.0	    0.0	1	   87.0	 21	 1345.1	   14.5	
  131	  13.10	  -36.3	 1346.1	  -98.1	    0.0	    0.0	    0.0	    0.0	    0.0	    0.0	    0.0	    0.0	  100.0	   61.5	    0.0	    0.0	    0.0	    0.0	    4.8	  1	  -50.0	 1250.0	   61.5	    0.0	    0.0	1	   87.0	 21	 1344.6	   14.5	
  132	  13.20	  -36.3	 1346.1	  -98.1	    0.0	    0.0	    0.0	    0.0	    0.0	    0.0	    0.0	    0.0	  100.0	   61.2	    0.0	    0.0	    0.0	    0.0	    4.9	  1	  -50.0	 1250.0	   61.2	    0.0	    0.0	1	   87.0	 21	 1344.1	   14.4	
  133	  13.30	  -36.3	 1346.1	  -98.1	    0.0	    0.0	    0.0	    0.0	    0.0	    0.0	    0.0	    0.0	  100.0	   60.9	    0.0	    0.0	    0.0	    0.0	    4.9	  1	  -50.0	 1250.0	   60.9	    0.0	    0.0	1	   87.0	 21	 1343.7	   14.4	
  134	  13.40	  -36.3	 1346.1	  -98.1	    0.0	    0.0	    0.0	    0.0	    0.0	    0.0	    0.0	    0.0	  100.0	   60.6	    0.0	    0.0	    0.0	    0.0	    4.9	  1	  -50.0	 1250.0	   60.6	    0.0	    0.0	1	   87.0	 21	 1343.2	   14.3	
  135	  13.50	  -36.3	 1346.1	  -98.1	    0.0	    0.0	    0.0	    0.0	    0.0	    0.0	    0.0	    0.0	  100.0	   60.3	    0.0	    0.0	    0.0	    0.0	    5.0	  1	  -50.0	 1250.0	   60.3	    0.0	    0.0	1	   87.0	 21	 1342.7	   14.3	
  136	  13.60	  -36.3	 1346.1	  -98.1	    0.0	    0.0	    0.0	    0.0	    0.0	    0.0	    0.0	    0.0	  100.0	   60.0	    0.0	    0.0	    0.0	    0.0	    5.0	  1	  -50.0	 1250.0	   60.0	    0.0	    0.0	1	   87.0	 21	 1342.3	   14.2	
  137	  13.70	  -36.3	 1346.1	  -98.1	    0.0	    0.0	    0.0	    0.0	    0.0	    0.0	    0.0	    0.0	  100.0	   59.7	    0.0	    0.0	    0.0	    0.0	    5.1	  1	  -50.0	 1250.0	   59.7	    0.0	    0.0	1	   87.0	 21	 1341.8	   14.2	
  138	  13.80	  -36.3	 1346.1	  -98.1	    0.0	    0.0	    0.0	    0.0	    0.0	    0.0	    0.0	    0.0	  100.0	   59.4	    0.0	    0.0	    0.0	    0.0	    5.1	  1	  -50.0	 1250.0	   59.4	    0.0	    0.0	1	   87.0	 21	 1341.3	   14.1	
  139	  13.90	  -36.3	 1346.1	  -98.1	    0.0	    0.0	    0.0	    0.0	    0.0	    0.0	    0.0	    0.0	  100.0	   59.1	    0.0	    0.0	    0.0	    0.0	    5.1	  1	  -50.0	 1250.0	   59.1	    0.0	    0.0	1	   87.0	 21	 1340.9	   14.1	
  140	  14.00	  -36.3	 1346.1	  -98.1	    0.0	    0.0	    0.0	    0.0	    0.0	    0.0	    0.0	    0.0	  100.0	   58.8	    0.0	    0.0	    0.0	    0.0	    5.2	  1	  -50.0	 1250.0	   58.8	    0.0	    0.0	1	   87.0	 21	 1340.4	   14.0	
  141	  14.10	  -36.3	 1346.1	  -98.1	    0.0	    0.0	    0.0	    0.0	    0.0	    0.0	    0.0	    0.0	  100.0	   58.5	    0.0	    0.0	    0.0	    0.0	    5.2	  1	  -50.0	 1250.0	   58.5	    0.0	    0.0	1	   87.0	 21	 1339.9	   14.0	
  142	  14.20	  -36.3	 1346.1	  -98.1	    0.0	    0.0	    0.0	    0.0	    0.0	    0.0	    0.0	    0.0	  100.0	   58.2	    0.0	    0.0	    0.0	    0.0	    5.2	  1	  -50.0	 1250.0	   58.2	    0.0	    0.0	1	   87.0	 21	 1339.5	   13.9	
  143	  14.30	  -36.3	 1346.1	  -98.1	    0.0	    0.0	    0.0	    0.0	    0.0	    0.0	    0.0	    0.0	  100.0	   57.9	    0.0	    0.0	    0.0	    0.0	    5.3	  1	  -50.0	 1250.0	   57.9	    0.0	    0.0	1	   87.0	 21	 1339.0	   13.9	
  144	  14.40	  -36.3	 1346.1	  -98.1	    0.0	    0.0	    0.0	    0.0	    0.0	    0.0	    0.0	    0.0	  100.0	   57.6	    0.0	    0.0	    0.0	    0.0	    5.3	  1	  -50.0	 1250.0	   57.6	    0.0	    0.0	1	   87.0	 21	 1338.6	   13.9	
  145	  14.50	  -36.3	 1346.1	  -98.1	    0.0	    0.0	    0.0	    0.0	    0.0	    0.0	    0.0	    0.0	  100.0	   57.3	    0.0	    0.0	    0.0	    0.0	    5.4	  1	  -50.0	 1250.0	   57.3	    0.0	    0.0	1	   87.0	 21	 1338.1	   13.8	
  146	  14.60	  -36.3	 1346.1	  -98.1	    0.0	    0.0	    0.0	    0.0	    0.0	    0.0	    0.0	    0.0	  100.0	   57.0	    0.0	    0.0	    0.0	    0.0	    5.4	  1	  -50.0	 1250.0	   57.0	    0.0	    0.0	1	   87.0	 21	 1337.6	   13.8	
  147	  14.70	  -36.3	 1346.1	  -98.1	    0.0	    0.0	    0.0	    0.0	    0.0	    0.0	    0.0	    0.0	  100.0	   56.7	    0.0	    0.0	    0.0	    0.0	    5.4	  1	  -50.0	 1250.0	   56.7	    0.0	    0.0	1	   87.0	 21	 1337.2	   13.7	
  148	  14.80	  -36.3	 1346.1	  -98.1	    0.0	    0.0	    0.0	    0.0	    0.0	    0.0	    0.0	    0.0	  100.0	   56.4	    0.0	    0.0	    0.0	    0.0	    5.5	  1	  -50.0	 1250.0	   56.4	    0.0	    0.0	1	   87.0	 21	 1336.7	   13.7	
  149	  14.90	  -36.3	 1346.1	  -98.1	    0.0	    0.0	    0.0	    0.0	    0.0	    0.0	    0.0	    0.0	  100.0	   56.1	    0.0	    0.0	    0.0	    0.0	    5.5	  1	  -50.0	 1250.0	   56.1	    0.0	    0.0	1	   87.0	 21	 1336.2	   13.6	
  150	  15.00	  -36.3	 1346.1	  -98.1	    0.0	    0.0	    0.0	    0.0	    0.0	    0.0	    0.0	    0.0	  100.0	   55.8	    0.0	    0.0	    0.0	    0.0	    5.5	  1	  -50.0	 1250.0	   55.8	    0.0	    0.0	1	   87.0	 21	 1335.8	   13.6	
  151	  15.10	  -36.3	 1346.1	  -98.1	    0.0	    0.0	    0.0	    0.0	    0.0	    0.0	    0.0	    0.0	  100.0	   55.5	    0.0	    0.0	    0.0	    0.0	    5.6	  1	  -50.0	 1250.0	   55.5	    0.0	    0.0	1	   87.0	 21	 1335.3	   13.5	
  152	  15.20	  -36.3	 1346.1	  -98.1	    0.0	    0.0	    0.0	    0.0	    0.0	    0.0	    0.0	    0.0	  100.0	   55.2	    0.0	    0.0	    0.0	    0.0	    5.6	  1	  -50.0	 1250.0	   55.2	    0.0	    0.0	1	   87.0	 21	 1334.8	   13.5	
  153	  15.30	  -36.3	 1346.1	  -98.1	    0.0	    0.0	    0.0	    0.0	    0.0	    0.0	    0.0	    0.0	  100.0	   54.9	    0.0	    0.0	    0.0	    0.0	    5.6	  1	  -50.0	 1250.0	   54.9	    0.0	    0.0	1	   87.0	 21	 1334.4	   13.4	
  154	  15.40	  -36.3	 1346.1	  -98.1	    0.0	    0.0	    0.0	    0.0	    0.0	    0.0	    0.0	    0.0	  100.0	   54.6	    0.0	    0.0	    0.0	    0.0	    5.7	  1	  -50.0	 1250.0	   54.6	    0.0	    0.0	1	   87.0	 21	 1333.9	   13.4	
  155	  15.50	  -36.3	 1346.1	  -98.1	    0.0	    0.0	    0.0	    0.0	    0.0	    0.0	    0.0	    0.0	  100.0	   54.3	    0.0	    0.0	    0.0	    0.0	    5.7	  1	  -50.0	 1250.0	   54.3	    0.0	    0.0	1	   87.0	 21	 1333.4	   13.3	
  156	  15.60	  -36.3	 1346.1	  -98.1	    0.0	    0.0	    0.0	    0.0	    0.0	    0.0	    0.0	    0.0	  100.0	   54.0	    0.0	    0.0	    0.0	    0.0	    5.8	  1	  -50.0	 1250.0	   54.0	    0.0	    0.0	1	   87.0	 21	 1333.0	   13.3	
  157	  15.70	  -36.3	 1346.1	  -98.1	    0.0	    0.0	    0.0	    0.0	    0.0	    0.0	    0.0	    0.0	  100.0	   53.7	    0.0	    0.0	    0.0	    0.0	    5.8	  1	  -50.0	 1250.0	   53.7	    0.0	    0.0	1	   87.0	 21	 1332.5	   13.3	
  158	  15.80	  -36.3	 1346.1	  -98.1	    0.0	    0.0	    0.0	    0.0	    0.0	    0.0	    0.0	    0.0	  100.0	   53.4	    0.0	    0.0	    0.0	    0.0	    5.8	  1	  -50.0	 1250.0	   53.4	    0.0	    0.0	1	   87.0	 21	 1332.0	   13.2	
  159	  15.90	  -36.3	 1346.1	  -98.1	    0.0	    0.0	    0.0	    0.0	    0.0	    0.0	    0.0	    0.0	  100.0	   53.1	    0.0	    0.0	    0.0	    0.0	    5.9	  1	  -50.0	 1250.0	   53.1	    0.0	    0.0	1	   87.0	 21	 1331.6	   13.2	
  160	  16.00	  -36.3	 1346.1	  -98.1	    0.0	    0.0	    0.0	    0.0	    0.0	    0.0	    0.0	    0.0	  100.0	   52.8	    0.0	    0.0	    0.0	    0.0	    5.9	  1	  -50.0	 1250.0	   52.8	    0.0	    0.0	1	   87.0	 21	 1331.1	   13.1	
  161	  16.10	  -36.3	 1346.1	  -98.1	    0.0	    0.0	    0.0	    0.0	    0.0	    0.0	    0.0	    0.0	  100.0	   52.5	    0.0	    0.0	    0.0	    0.0	    5.9	  1	  -50.0	 1250.0	   52.5	    0.0	    0.0	1	   87.0	 21	 1330.7	   13.1	
  162	  16.20	  -36.3	 1346.1	  -98.1	    0.0	    0.0	    0.0	    0.0	    0.0	    0.0	    0.0	    0.0	  100.0	   52.2	    0.0	    0.0	    0.0	    0.0	    6.0	  1	  -50.0	 1250.0	   52.2	    0.0	    0.0	1	   87.0	 21	 1330.2	   13.0	
  163	  16.30	  -36.3	 1346.1	  -98.1	    0.0	    0.0	    0.0	    0.0	    0.0	    0.0	    0.0	    0.0	  100.0	   52.0	    0.0	    0.0	    0.0	    0.0	    6.0	  1	  -50.0	 1250.0	   52.0	    0.0	    0.0	1	   87.0	 21	 1329.7	   13.0	
  164	  16.40	  -36.3	 1346.1	  -98.1	    0.0	    0.0	    0.0	    0.0	    0.0	    0.0	    0.0	    0.0	  100.0	   51.7	    0.0	    0.0	    0.0	    0.0	    6.1	  1	  -50.0	 1250.0	   51.7	    0.0	    0.0	1	   87.0	 21	 1329.3	   12.9	
  165	  16.50	  -36.3	 1346.1	  -98.1	    0.0	    0.0	    0.0	    0.0	    0.0	    0.0	    0.0	    0.0	  100.0	   51.4	    0.0	    0.0	    0.0	    0.0	    6.1	  1	  -50.0	 1250.0	   51.4	    0.0	    0.0	1	   87.0	 21	 1328.8	   12.9	
  166	  16.60	  -36.3	 1346.1	  -98.1	    0.0	    0.0	    0.0	    0.0	    0.0	    0.0	    0.0	    0.0	  100.0	   51.1	    0.0	    0.0	    0.0	    0.0	    6.1	  1	  -50.0	 1250.0	   51.1	    0.0	    0.0	1	   87.0	 21	 1328.3	   12.8	
  167	  16.70	  -36.3	 1346.1	  -98.1	    0.0	    0.0	    0.0	    0.0	    0.0	    0.0	    0.0	    0.0	  100.0	   50.8	    0.0	    0.0	    0.0	    0.0	    6.2	  1	  -50.0	 1250.0	   50.8	    0.0	    0.0	1	   87.0	 21	 1327.9	   12.8	
  168	  16.80	  -36.3	 1346.1	  -98.1	    0.0	    0.0	    0.0	    0.0	    0.0	    0.0	    0.0	    0.0	  100.0	   50.5	    0.0	    0.0	    0.0	    0.0	    6.2	  1	  -50.0	 1250.0	   50.5	    0.0	    0.0	1	   87.0	 21	 1327.4	   12.7	
  169	  16.90	  -36.3	 1346.1	  -98.1	    0.0	    0.0	    0.0	    0.0	    0.0	    0.0	    0.0	    0.0	  100.0	   50.2	    0.0	    0.0	    0.0	    0.0	    6.2	  1	  -50.0	 1250.0	   50.2	    0.0	    0.0	1	   87.0	 21	 1326.9	   12.7	
  170	  17.00	  -36.3	 1346.1	  -98.1	    0.0	    0.0	    0.0	    0.0	    0.0	    0.0	    0.0	    0.0	  100.0	   49.9	    0.0	    0.0	    0.0	    0.0	    6.3	  1	  -50.0	 1250.0	   49.9	    0.0	    0.0	1	   87.0	 21	 1326.5	   12.6	
  171	  17.10	  -36.3	 1346.1	  -98.1	    0.0	    0.0	    0.0	    0.0	    0.0	    0.0	    0.0	    0.0	  100.0	   49.6	    0.0	    0.0	    0.0	    0.0	    6.3	  1	  -50.0	 1250.0	   49.6	    0.0	    0.0	1	   87.0	 21	 1326.0	   12.6	
  172	  17.20	  -36.3	 1346.1	  -98.1	    0.0	    0.0	    0.0	    0.0	    0.0	    0.0	    0.0	    0.0	  100.0	   49.3	    0.0	    0.0	    0.0	    0.0	    6.4	  1	  -50.0	 1250.0	   49.3	    0.0	    0.0	1	   87.0	 21	 1325.5	   12.6	
  173	  17.30	  -36.3	 1346.1	  -98.1	    0.0	    0.0	    0.0	    0.0	    0.0	    0.0	    0.0	    0.0	  100.0	   49.0	    0.0	    0.0	    0.0	    0.0	    6.4	  1	  -50.0	 1250.0	   49.0	    0.0	    0.0	1	   87.0	 21	 1325.1	   12.5	
  174	  17.40	  -36.3	 1346.1	  -98.1	    0.0	    0.0	    0.0	    0.0	    0.0	    0.0	    0.0	    0.0	  100.0	   48.7	    0.0	    0.0	    0.0	    0.0	    6.4	  1	  -50.0	 1250.0	   48.7	    0.0	    0.0	1	   87.0	 21	 1324.6	   12.5	
  175	  17.50	  -36.3	 1346.1	  -98.1	    0.0	    0.0	    0.0	    0.0	    0.0	    0.0	    0.0	    0.0	  100.0	   48.4	    0.0	    0.0	    0.0	    0.0	    6.5	  1	  -50.0	 1250.0	   48.4	    0.0	    0.0	1	   87.0	 21	 1324.1	   12.4	
  176	  17.60	  -36.3	 1346.1	  -98.1	    0.0	    0.0	    0.0	    0.0	    0.0	    0.0	    0.0	    0.0	  100.0	   48.1	    0.0	    0.0	    0.0	    0.0	    6.5	  1	  -50.0	 1250.0	   48.1	    0.0	    0.0	1	   87.0	 21	 1323.7	   12.4	
  177	  17.70	  -36.3	 1346.1	  -98.1	    0.0	    0.0	    0.0	    0.0	    0.0	    0.0	    0.0	    0.0	  100.0	   47.8	    0.0	    0.0	    0.0	    0.0	    6.5	  1	  -50.0	 1250.0	   47.8	    0.0	    0.0	1	   87.0	 21	 1323.2	   12.3	
  178	  17.80	  -36.3	 1346.1	  -98.1	    0.0	    0.0	    0.0	    0.0	    0.0	    0.0	    0.0	    0.0	  100.0	   47.5	    0.0	    0.0	    0.0	    0.0	    6.6	  1	  -50.0	 1250.0	   47.5	    0.0	    0.0	1	   87.0	 21	 1322.8	   12.3	
  179	  17.90	  -36.3	 1346.1	  -98.1	    0.0	    0.0	    0.0	    0.0	    0.0	    0.0	    0.0	    0.0	  100.0	   47.2	    0.0	    0.0	    0.0	    0.0	    6.6	  1	  -50.0	 1250.0	   47.2	    0.0	    0.0	1	   87.0	 21	 1322.3	   12.2	
  180	  18.00	  -36.3	 1346.1	  -98.1	    0.0	    0.0	    0.0	    0.0	    0.0	    0.0	    0.0	    0.0	  100.0	   46.9	    0.0	    0.0	    0.0	    0.0	    6.6	  1	  -50.0	 1250.0	   46.9	    0.0	    0.0	1	   87.0	 21	 1321.8	   12.2	
  181	  18.10	  -36.3	 1346.1	  -98.1	    0.0	    0.0	    0.0	    0.0	    0.0	    0.0	    0.0	    0.0	  100.0	   46.6	    0.0	    0.0	    0.0	    0.0	    6.7	  1	  -50.0	 1250.0	   46.6	    0.0	    0.0	1	   87.0	 21	 1321.4	   12.1	
  182	  18.20	  -36.3	 1346.1	  -98.1	    0.0	    0.0	    0.0	    0.0	    0.0	    0.0	    0.0	    0.0	  100.0	   46.3	    0.0	    0.0	    0.0	    0.0	    6.7	  1	  -50.0	 1250.0	   46.3	    0.0	    0.0	1	   87.0	 21	 1320.9	   12.1	
  183	  18.30	  -36.3	 1346.1	  -98.1	    0.0	    0.0	    0.0	    0.0	    0.0	    0.0	    0.0	    0.0	  100.0	   46.0	    0.0	    0.0	    0.0	    0.0	    6.8	  1	  -50.0	 1250.0	   46.0	    0.0	    0.0	1	   87.0	 21	 1320.4	   12.0	
  184	  18.40	  -36.3	 1346.1	  -98.1	    0.0	    0.0	    0.0	    0.0	    0.0	    0.0	    0.0	    0.0	  100.0	   45.7	    0.0	    0.0	    0.0	    0.0	    6.8	  1	  -50.0	 1250.0	   45.7	    0.0	    0.0	1	   87.0	 21	 1320.0	   12.0	
  185	  18.50	  -36.3	 1346.1	  -98.1	    0.0	    0.0	    0.0	    0.0	    0.0	    0.0	    0.0	    0.0	  100.0	   45.4	    0.0	    0.0	    0.0	    0.0	    6.8	  1	  -50.0	 1250.0	   45.4	    0.0	    0.0	1	   87.0	 21	 1319.5	   12.0	
  186	  18.60	  -36.3	 1346.1	  -98.1	    0.0	    0.0	    0.0	    0.0	    0.0	    0.0	    0.0	    0.0	  100.0	   45.1	    0.0	    0.0	    0.0	    0.0	    6.9	  1	  -50.0	 1250.0	   45.1	    0.0	    0.0	1	   87.0	 21	 1319.0	   11.9	
  187	  18.70	  -36.3	 1346.1	  -98.1	    0.0	    0.0	    0.0	    0.0	    0.0	    0.0	    0.0	    0.0	  100.0	   44.8	    0.0	    0.0	    0.0	    0.0	    6.9	  1	  -50.0	 1250.0	   44.8	    0.0	    0.0	1	   87.0	 21	 1318.6	   11.9	
  188	  18.80	  -36.3	 1346.1	  -98.1	    0.0	    0.0	    0.0	    0.0	    0.0	    0.0	    0.0	    0.0	  100.0	   44.5	    0.0	    0.0	    0.0	    0.0	    6.9	  1	  -50.0	 1250.0	   44.5	    0.0	    0.0	1	   87.0	 21	 1318.1	   11.8	
  189	  18.90	  -36.3	 1346.1	  -98.1	    0.0	    0.0	    0.0	    0.0	    0.0	    0.0	    0.0	    0.0	  100.0	   44.2	    0.0	    0.0	    0.0	    0.0	    7.0	  1	  -50.0	 1250.0	   44.2	    0.0	    0.0	1	   87.0	 21	 1317.6	   11.8	
  190	  19.00	  -36.3	 1346.1	  -98.1	    0.0	    0.0	    0.0	    0.0	    0.0	    0.0	    0.0	    0.0	  100.0	   43.9	    0.0	    0.0	    0.0	    0.0	    7.0	  1	  -50.0	 1250.0	   43.9	    0.0	    0.0	1	   87.0	 21	 1317.2	   11.7	
  191	  19.10	  -36.3	 1346.1	  -98.1	    0.0	    0.0	    0.0	    0.0	    0.0	    0.0	    0.0	    0.0	  100.0	   43.6	    0.0	    0.0	    0.0	    0.0	    7.1	  1	  -50.0	 1250.0	   43.6	    0.0	    0.0	1	   87.0	 21	 1316.7	   11.7	
  192	  19.20	  -36.3	 1346.1	  -98.1	    0.0	    0.0	    0.0	    0.0	    0.0	    0.0	    0.0	    0.0	  100.0	   43.3	    0.0	    0.0	    0.0	    0.0	    7.1	  1	  -50.0	 1250.0	   43.3	    0.0	    0.0	1	   87.0	 21	 1316.2	   11.6	
  193	  19.30	  -36.3	 1346.1	  -98.1	    0.0	    0.0	    0.0	    0.0	    0.0	    0.0	    0.0	    0.0	  100.0	   43.0	    0.0	    0.0	    0.0	    0.0	    7.1	  1	  -50.0	 1250.0	   43.0	    0.0	    0.0	1	   87.0	 21	 1315.8	   11.6	
  194	  19.40	  -36.3	 1346.1	  -98.1	    0.0	    0.0	    0.0	    0.0	    0.0	    0.0	    0.0	    0.0	  100.0	   42.7	    0.0	    0.0	    0.0	    0.0	    7.2	  1	  -50.0	 1250.0	   42.7	    0.0	    0.0	1	   87.0	 21	 1315.3	   11.5	
  195	  19.50	  -36.3	 1346.1	  -98.1	    0.0	    0.0	    0.0	    0.0	    0.0	    0.0	    0.0	    0.0	  100.0	   42.4	    0.0	    0.0	    0.0	    0.0	    7.2	  1	  -50.0	 1250.0	   42.4	    0.0	    0.0	1	   87.0	 21	 1314.9	   11.5	
  196	  19.60	  -36.3	 1346.1	  -98.1	    0.0	    0.0	    0.0	    0.0	    0.0	    0.0	    0.0	    0.0	  100.0	   42.1	    0.0	    0.0	    0.0	    0.0	    7.2	  1	  -50.0	 1250.0	   42.1	    0.0	    0.0	1	   87.0	 21	 1314.4	   11.4	
  197	  19.70	  -36.3	 1346.1	  -98.1	    0.0	    0.0	    0.0	    0.0	    0.0	    0.0	    0.0	    0.0	  100.0	   41.8	    0.0	    0.0	    0.0	    0.0	    7.3	  1	  -50.0	 1250.0	   41.8	    0.0	    0.0	1	   87.0	 21	 1313.9	   11.4	
  198	  19.80	  -36.3	 1346.1	  -98.1	    0.0	    0.0	    0.0	    0.0	    0.0	    0.0	    0.0	    0.0	  100.0	   41.5	    0.0	    0.0	    0.0	    0.0	    7.3	  1	  -50.0	 1250.0	   41.5	    0.0	    0.0	1	   87.0	 21	 1313.5	   11.3	
  199	  19.90	  -36.3	 1346.1	  -98.1	    0.0	    0.0	    0.0	    0.0	    0.0	    0.0	    0.0	    0.0	  100.0	   41.3	    0.0	    0.0	    0.0	    0.0	    7.4	  1	  -50.0	 1250.0	   41.3	    0.0	    0.0	1	   87.0	 21	 1313.0	   11.3	
  200	  20.00	  -36.3	 1346.1	  -98.1	    0.0	    0.0	    0.0	    0.0	    0.0	    0.0	    0.0	    0.0	  100.0	   41.0	    0.0	    0.0	    0.0	    0.0	    7.4	  1	  -50.0	 1250.0	   41.0	    0.0	    0.0	1	   87.0	 21	 1312.5	   11.3	
  201	  20.10	  -36.3	 1346.1	  -98.1	    0.0	    0.0	    0.0	    0.0	    0.0	    0.0	    0.0	    0.0	  100.0	   40.7	    0.0	    0.0	    0.0	    0.0	    7.4	  1	  -50.0	 1250.0	   40.7	    0.0	    0.0	1	   87.0	 21	 1312.1	   11.2	
  202	  20.20	  -36.3	 1346.1	  -98.1	    0.0	    0.0	    0.0	    0.0	    0.0	    0.0	    0.0	    0.0	  100.0	   40.4	    0.0	    0.0	    0.0	    0.0	    7.5	  1	  -50.0	 1250.0	   40.4	    0.0	    0.0	1	   87.0	 21	 1311.6	   11.2	
  203	  20.30	  -36.3	 1346.1	  -98.1	    0.0	    0.0	    0.0	    0.0	    0.0	    0.0	    0.0	    0.0	  100.0	   40.1	    0.0	    0.0	    0.0	    0.0	    7.5	  1	  -50.0	 1250.0	   40.1	    0.0	    0.0	1	   87.0	 21	 1311.1	   11.1	
  204	  20.40	  -36.3	 1346.1	  -98.1	    0.0	    0.0	    0.0	    0.0	    0.0	    0.0	    0.0	    0.0	  100.0	   39.8	    0.0	    0.0	    0.0	    0.0	    7.5	  1	  -50.0	 1250.0	   39.8	    0.0	    0.0	1	   87.0	 21	 1310.7	   11.1	
  205	  20.50	  -36.3	 1346.1	  -98.1	    0.0	    0.0	    0.0	    0.0	    0.0	    0.0	    0.0	    0.0	  100.0	   39.5	    0.0	    0.0	    0.0	    0.0	    7.6	  1	  -50.0	 1250.0	   39.5	    0.0	    0.0	1	   87.0	 21	 1310.2	   11.0	
  206	  20.60	  -36.3	 1346.1	  -98.1	    0.0	    0.0	    0.0	    0.0	    0.0	    0.0	    0.0	    0.0	  100.0	   39.2	    0.0	    0.0	    0.0	    0.0	    7.6	  1	  -50.0	 1250.0	   39.2	    0.0	    0.0	1	   87.0	 21	 1309.7	   11.0	
  207	  20.70	  -36.3	 1346.1	  -98.1	    0.0	    0.0	    0.0	    0.0	    0.0	    0.0	    0.0	    0.0	  100.0	   38.9	    0.0	    0.0	    0.0	    0.0	    7.6	  1	  -50.0	 1250.0	   38.9	    0.0	    0.0	1	   87.0	 21	 1309.3	   10.9	
  208	  20.80	  -36.3	 1346.1	  -98.1	    0.0	    0.0	    0.0	    0.0	    0.0	    0.0	    0.0	    0.0	  100.0	   38.6	    0.0	    0.0	    0.0	    0.0	    7.7	  1	  -50.0	 1250.0	   38.6	    0.0	    0.0	1	   87.0	 21	 1308.8	   10.9	
  209	  20.90	  -36.3	 1346.1	  -98.1	    0.0	    0.0	    0.0	    0.0	    0.0	    0.0	    0.0	    0.0	  100.0	   38.3	    0.0	    0.0	    0.0	    0.0	    7.7	  1	  -50.0	 1250.0	   38.3	    0.0	    0.0	1	   87.0	 21	 1308.3	   10.8	
  210	  21.00	  -36.3	 1346.1	  -98.1	    0.0	    0.0	    0.0	    0.0	    0.0	    0.0	    0.0	    0.0	  100.0	   38.0	    0.0	    0.0	    0.0	    0.0	    7.8	  1	  -50.0	 1250.0	   38.0	    0.0	    0.0	1	   87.0	 21	 1307.9	   10.8	
  211	  21.10	  -36.3	 1346.1	  -98.1	    0.0	    0.0	    0.0	    0.0	    0.0	    0.0	    0.0	    0.0	  100.0	   37.7	    0.0	    0.0	    0.0	    0.0	    7.8	  1	  -50.0	 1250.0	   37.7	    0.0	    0.0	1	   87.0	 21	 1307.4	   10.7	
  212	  21.20	  -36.3	 1346.1	  -98.1	    0.0	    0.0	    0.0	    0.0	    0.0	    0.0	    0.0	    0.0	  100.0	   37.4	    0.0	    0.0	    0.0	    0.0	    7.8	  1	  -50.0	 1250.0	   37.4	    0.0	    0.0	1	   87.0	 21	 1307.0	   10.7	
  213	  21.30	  -36.3	 1346.1	  -98.1	    0.0	    0.0	    0.0	    0.0	    0.0	    0.0	    0.0	    0.0	  100.0	   37.1	    0.0	    0.0	    0.0	    0.0	    7.9	  1	  -50.0	 1250.0	   37.1	    0.0	    0.0	1	   87.0	 21	 1306.5	   10.6	
  214	  21.40	  -36.3	 1346.1	  -98.1	    0.0	    0.0	    0.0	    0.0	    0.0	    0.0	    0.0	    0.0	  100.0	   36.8	    0.0	    0.0	    0.0	    0.0	    7.9	  1	  -50.0	 1250.0	   36.8	    0.0	    0.0	1	   87.0	 21	 1306.0	   10.6	
  215	  21.50	  -36.3	 1346.1	  -98.1	    0.0	    0.0	    0.0	    0.0	    0.0	    0.0	    0.0	    0.0	  100.0	   36.5	    0.0	    0.0	    0.0	    0.0	    7.9	  1	  -50.0	 1250.0	   36.5	    0.0	    0.0	1	   87.0	 21	 1305.6	   10.6	
  216	  21.60	  -36.3	 1346.1	  -98.1	    0.0	    0.0	    0.0	    0.0	    0.0	    0.0	    0.0	    0.0	  100.0	   36.2	    0.0	    0.0	    0.0	    0.0	    8.0	  1	  -50.0	 1250.0	   36.2	    0.0	    0.0	1	   87.0	 21	 1305.1	   10.5	
  217	  21.70	  -36.3	 1346.1	  -98.1	    0.0	    0.0	    0.0	    0.0	    0.0	    0.0	    0.0	    0.0	  100.0	   35.9	    0.0	    0.0	    0.0	    0.0	    8.0	  1	  -50.0	 1250.0	   35.9	    0.0	    0.0	1	   87.0	 21	 1304.6	   10.5	
  218	  21.80	  -36.3	 1346.1	  -98.1	    0.0	    0.0	    0.0	    0.0	    0.0	    0.0	    0.0	    0.0	  100.0	   35.6	    0.0	    0.0	    0.0	    0.0	    8.1	  1	  -50.0	 1250.0	   35.6	    0.0	    0.0	1	   87.0	 21	 1304.2	   10.4	
  219	  21.90	  -36.3	 1346.1	  -98.1	    0.0	    0.0	    0.0	    0.0	    0.0	    0.0	    0.0	    0.0	  100.0	   35.3	    0.0	    0.0	    0.0	    0.0	    8.1	  1	  -50.0	 1250.0	   35.3	    0.0	    0.0	1	   87.0	 21	 1303.7	   10.4	
  220	  22.00	  -36.3	 1346.1	  -98.1	    0.0	    0.0	    0.0	    0.0	    0.0	    0.0	    0.0	    0.0	  100.0	   35.0	    0.0	    0.0	    0.0	    0.0	    8.1	  1	  -50.0	 1250.0	   35.0	    0.0	    0.0	1	   87.0	 21	 1303.2	   10.3	
  221	  22.10	  -36.3	 1346.1	  -98.1	    0.0	    0.0	    0.0	    0.0	    0.0	    0.0	    0.0	    0.0	  100.0	   34.7	    0.0	    0.0	    0.0	    0.0	    8.2	  1	  -50.0	 1250.0	   34.7	    0.0	    0.0	1	   87.0	 21	 1302.8	   10.3	
  222	  22.20	  -36.3	 1346.1	  -98.1	    0.0	    0.0	    0.0	    0.0	    0.0	    0.0	    0.0	    0.0	  100.0	   34.4	    0.0	    0.0	    0.0	    0.0	    8.2	  1	  -50.0	 1250.0	   34.4	    0.0	    0.0	1	   87.0	 21	 1302.3	   10.2	
  223	  22.30	  -36.3	 1346.1	  -98.1	    0.0	    0.0	    0.0	    0.0	    0.0	    0.0	    0.0	    0.0	  100.0	   34.1	    0.0	    0.0	    0.0	    0.0	    8.2	  1	  -50.0	 1250.0	   34.1	    0.0	    0.0	1	   87.0	 21	 1301.8	   10.2	
  224	  22.40	  -36.3	 1346.1	  -98.1	    0.0	    0.0	    0.0	    0.0	    0.0	    0.0	    0.0	    0.0	  100.0	   33.8	    0.0	    0.0	    0.0	    0.0	    8.3	  1	  -50.0	 1250.0	   33.8	    0.0	    0.0	1	   87.0	 21	 1301.4	   10.1	
  225	  22.50	  -36.3	 1346.1	  -98.1	    0.0	    0.0	    0.0	    0.0	    0.0	    0.0	    0.0	    0.0	  100.0	   33.5	    0.0	    0.0	    0.0	    0.0	    8.3	  1	  -50.0	 1250.0	   33.5	    0.0	    0.0	1	   87.0	 21	 1300.9	   10.1	
  226	  22.60	  -36.3	 1346.1	  -98.1	    0.0	    0.0	    0.0	    0.0	    0.0	    0.0	    0.0	    0.0	  100.0	   33.2	    0.0	    0.0	    0.0	    0.0	    8.3	  1	  -50.0	 1250.0	   33.2	    0.0	    0.0	1	   87.0	 21	 1300.5	   10.0	
  227	  22.70	  -36.3	 1346.1	  -98.1	    0.0	    0.0	    0.0	    0.0	    0.0	    0.0	    0.0	    0.0	  100.0	   32.9	    0.0	    0.0	    0.0	    0.0	    8.4	  1	  -50.0	 1250.0	   32.9	    0.0	    0.0	1	   87.0	 21	    0.0	   10.0	
  228	  22.80	  -36.3	 1346.1	  -98.1	    0.0	    0.0	    0.0	    0.0	    0.0	    0.0	    0.0	    0.0	  100.0	   32.6	    0.0	    0.0	    0.0	    0.0	    8.4	  1	  -50.0	 1250.0	   32.6	    0.0	    0.0	1	   87.0	 21	    0.0	   10.0	
  229	  22.90	  -36.3	 1346.1	  -98.1	    0.0	    0.0	    0.0	    0.0	    0.0	    0.0	    0.0	    0.0	  100.0	   32.3	    0.0	    0.0	    0.0	    0.0	    8.5	  1	  -50.0	 1250.0	   32.3	    0.0	    0.0	1	   87.0	 21	    0.0	    9.9	
  230	  23.00	  -36.3	 1346.1	  -98.1	    0.0	    0.0	    0.0	    0.0	    0.0	    0.0	    0.0	    0.0	  100.0	   32.0	    0.0	    0.0	    0.0	    0.0	    8.5	  1	  -50.0	 1250.0	   32.0	    0.0	    0.0	1	   87.0	 21	    0.0	    9.9	
  231	  23.10	  -36.3	 1346.1	  -98.1	    0.0	    0.0	    0.0	    0.0	    0.0	    0.0	    0.0	    0.0	  100.0	   31.7	    0.0	    0.0	    0.0	    0.0	    8.5	  1	  -50.0	 1250.0	   31.7	    0.0	    0.0	1	   87.0	 21	    0.0	    9.8	
  232	  23.20	  -36.3	 1346.1	  -98.1	    0.0	    0.0	    0.0	    0.0	    0.0	    0.0	    0.0	    0.0	  100.0	   31.4	    0.0	    0.0	    0.0	    0.0	    8.6	  1	  -50.0	 1250.0	   31.4	    0.0	    0.0	1	   87.0	 21	    0.0	    9.8	
  233	  23.30	  -36.3	 1346.1	  -98.1	    0.0	    0.0	    0.0	    0.0	    0.0	    0.0	    0.0	    0.0	  100.0	   31.1	    0.0	    0.0	    0.0	    0.0	    8.6	  1	  -50.0	 1250.0	   31.1	    0.0	    0.0	1	   87.0	 21	    0.0	    9.7	
  234	  23.40	  -36.3	 1346.1	  -98.1	    0.0	    0.0	    0.0	    0.0	    0.0	    0.0	    0.0	    0.0	  100.0	   30.8	    0.0	    0.0	    0.0	    0.0	    8.6	  1	  -50.0	 1250.0	   30.8	    0.0	    0.0	1	   87.0	 21	    0.0	    9.7	
  235	  23.50	  -36.3	 1346.1	  -98.1	    0.0	    0.0	    0.0	    0.0	    0.0	    0.0	    0.0	    0.0	  100.0	   30.6	    0.0	    0.0	    0.0	    0.0	    8.7	  1	  -50.0	 1250.0	   30.6	    0.0	    0.0	1	   87.0	 21	    0.0	    9.6	
  236	  23.60	  -36.3	 1346.1	  -98.1	    0.0	    0.0	    0.0	    0.0	    0.0	    0.0	    0.0	    0.0	  100.0	   30.3	    0.0	    0.0	    0.0	    0.0	    8.7	  1	  -50.0	 1250.0	   30.3	    0.0	    0.0	1	   87.0	 21	    0.0	    9.6	
  237	  23.70	  -36.3	 1346.1	  -98.1	    0.0	    0.0	    0.0	    0.0	    0.0	    0.0	    0.0	    0.0	  100.0	   30.0	    0.0	    0.0	    0.0	    0.0	    8.8	  1	  -50.0	 1250.0	   30.0	    0.0	    0.0	1	   87.0	 21	    0.0	    9.5	
  238	  23.80	  -36.3	 1346.1	  -98.1	    0.0	    0.0	    0.0	    0.0	    0.0	    0.0	    0.0	    0.0	  100.0	   29.7	    0.0	    0.0	    0.0	    0.0	    8.8	  1	  -50.0	 1250.0	   29.7	    0.0	    0.0	1	   87.0	 21	    0.0	    9.5	
  239	  23.90	  -36.3	 1346.1	  -98.1	    0.0	    0.0	    0.0	    0.0	    0.0	    0.0	    0.0	    0.0	  100.0	   29.4	    0.0	    0.0	    0.0	    0.0	    8.8	  1	  -50.0	 1250.0	   29.4	    0.0	    0.0	1	   87.0	 21	    0.0	    9.4	
  240	  24.00	  -36.3	 1346.1	  -98.1	    0.0	    0.0	    0.0	    0.0	    0.0	    0.0	    0.0	    0.0	  100.0	   29.1	    0.0	    0.0	    0.0	    0.0	    8.9	  1	  -50.0	 1250.0	   29.1	    0.0	    0.0	1	   87.0	 21	    0.0	    9.4	
  241	  24.10	  -36.3	 1346.1	  -98.1	    0.0	    0.0	    0.0	    0.0	    0.0	    0.0	    0.0	    0.0	  100.0	   28.8	    0.0	    0.0	    0.0	    0.0	    8.9	  1	  -50.0	 1250.0	   28.8	    0.0	    0.0	1	   87.0	 21	    0.0	    9.3	
  242	  24.20	  -36.3	 1346.1	  -98.1	    0.0	    0.0	    0.0	    0.0	    0.0	    0.0	    0.0	    0.0	  100.0	   28.5	    0.0	    0.0	    0.0	    0.0	    8.9	  1	  -50.0	 1250.0	   28.5	    0.0	    0.0	1	   87.0	 21	    0.0	    9.3	
  243	  24.30	  -36.3	 1346.1	  -98.1	    0.0	    0.0	    0.0	    0.0	    0.0	    0.0	    0.0	    0.0	  100.0	   28.2	    0.0	    0.0	    0.0	    0.0	    9.0	  1	  -50.0	 1250.0	   28.2	    0.0	    0.0	1	   87.0	 21	    0.0	    9.3	
  244	  24.40	  -36.3	 1346.1	  -98.1	    0.0	    0.0	    0.0	    0.0	    0.0	    0.0	    0.0	    0.0	  100.0	   27.9	    0.0	    0.0	    0.0	    0.0	    9.0	  1	  -50.0	 1250.0	   27.9	    0.0	    0.0	1	   87.0	 21	    0.0	    9.2	
  245	  24.50	  -36.3	 1346.1	  -98.1	    0.0	    0.0	    0.0	    0.0	    0.0	    0.0	    0.0	    0.0	  100.0	   27.6	    0.0	    0.0	    0.0	    0.0	    9.1	  1	  -50.0	 1250.0	   27.6	    0.0	    0.0	1	   87.0	 21	    0.0	    9.2	
  246	  24.60	  -36.3	 1346.1	  -98.1	    0.0	    0.0	    0.0	    0.0	    0.0	    0.0	    0.0	    0.0	  100.0	   27.3	    0.0	    0.0	    0.0	    0.0	    9.1	  1	  -50.0	 1250.0	   27.3	    0.0	    0.0	1	   87.0	 21	    0.0	    9.1	
  247	  24.70	  -36.3	 1346.1	  -98.1	    0.0	    0.0	    0.0	    0.0	    0.0	    0.0	    0.0	    0.0	  100.0	   27.0	    0.0	    0.0	    0.0	    0.0	    9.1	  1	  -50.0	 1250.0	   27.0	    0.0	    0.0	1	   87.0	 21	    0.0	    9.1	
  248	  24.80	  -36.3	 1346.1	  -98.1	    0.0	    0.0	    0.0	    0.0	    0.0	    0.0	    0.0	    0.0	  100.0	   26.7	    0.0	    0.0	    0.0	    0.0	    9.2	  1	  -50.0	 1250.0	   26.7	    0.0	    0.0	1	   87.0	 21	    0.0	    9.0	
  249	  24.90	  -36.3	 1346.1	  -98.1	    0.0	    0.0	    0.0	    0.0	    0.0	    0.0	    0.0	    0.0	  100.0	   26.4	    0.0	    0.0	    0.0	    0.0	    9.2	  1	  -50.0	 1250.0	   26.4	    0.0	    0.0	1	   87.0	 21	    0.0	    9.0	
  250	  25.00	  -36.3	 1346.1	  -98.1	    0.0	    0.0	    0.0	    0.0	    0.0	    0.0	    0.0	    0.0	  100.0	   26.1	    0.0	    0.0	    0.0	    0.0	    9.2	  1	  -50.0	 1250.0	   26.1	    0.0	    0.0	1	   87.0	 21	    0.0	    8.9	
  251	  25.10	  -36.3	 1346.1	  -98.1	    0.0	    0.0	    0.0	    0.0	    0.0	    0.0	    0.0	    0.0	  100.0	   25.8	    0.0	    0.0	    0.0	    0.0	    9.3	  1	  -50.0	 1250.0	   25.8	    0.0	    0.0	1	   87.0	 21	    0.0	    8.9	
  252	  25.20	  -36.3	 1346.1	  -98.1	    0.0	    0.0	    0.0	    0.0	    0.0	    0.0	    0.0	    0.0	  100.0	   25.5	    0.0	    0.0	    0.0	    0.0	    9.3	  1	  -50.0	 1250.0	   25.5	    0.0	    0.0	1	   87.0	 21	    0.0	    8.8	
  253	  25.30	  -36.3	 1346.1	  -98.1	    0.0	    0.0	    0.0	    0.0	    0.0	    0.0	    0.0	    0.0	  100.0	   25.2	    0.0	    0.0	    0.0	    0.0	    9.3	  1	  -50.0	 1250.0	   25.2	    0.0	    0.0	1	   87.0	 21	    0.0	    8.8	
  254	  25.40	  -36.3	 1346.1	  -98.1	    0.0	    0.0	    0.0	    0.0	    0.0	    0.0	    0.0	    0.0	  100.0	   24.9	    0.0	    0.0	    0.0	    0.0	    9.4	  1	  -50.0	 1250.0	   24.9	    0.0	    0.0	1	   87.0	 21	    0.0	    8.7	
  255	  25.50	  -36.3	 1346.1	  -98.1	    0.0	    0.0	    0.0	    0.0	    0.0	    0.0	    0.0	    0.0	  100.0	   24.6	    0.0	    0.0	    0.0	    0.0	    9.4	  1	  -50.0	 1250.0	   24.6	    0.0	    0.0	1	   87.0	 21	    0.0	    8.7	
  256	  25.60	  -36.3	 1346.1	  -98.1	    0.0	    0.0	    0.0	    0.0	    0.0	    0.0	    0.0	    0.0	  100.0	   24.3	    0.0	    0.0	    0.0	    0.0	    9.5	  1	  -50.0	 1250.0	   24.3	    0.0	    0.0	1	   87.0	 21	    0.0	    8.7	
  257	  25.70	  -36.3	 1346.1	  -98.1	    0.0	    0.0	    0.0	    0.0	    0.0	    0.0	    0.0	    0.0	  100.0	   24.0	    0.0	    0.0	    0.0	    0.0	    9.5	  1	  -50.0	 1250.0	   24.0	    0.0	    0.0	1	   87.0	 21	    0.0	    8.6	
  258	  25.80	  -36.3	 1346.1	  -98.1	    0.0	    0.0	    0.0	    0.0	    0.0	    0.0	    0.0	    0.0	  100.0	   23.7	    0.0	    0.0	    0.0	    0.0	    9.5	  1	  -50.0	 1250.0	   23.7	    0.0	    0.0	1	   87.0	 21	    0.0	    8.6	
  259	  25.90	  -36.3	 1346.1	  -98.1	    0.0	    0.0	    0.0	    0.0	    0.0	    0.0	    0.0	    0.0	  100.0	   23.4	    0.0	    0.0	    0.0	    0.0	    9.6	  1	  -50.0	 1250.0	   23.4	    0.0	    0.0	1	   87.0	 21	    0.0	    8.5	
  260	  26.00	  -36.3	 1346.1	  -98.1	    0.0	    0.0	    0.0	    0.0	    0.0	    0.0	    0.0	    0.0	  100.0	   23.1	    0.0	    0.0	    0.0	    0.0	    9.6	  1	  -50.0	 1250.0	   23.1	    0.0	    0.0	1	   87.0	 21	    0.0	    8.5	
  261	  26.10	  -36.3	 1346.1	  -98.1	    0.0	    0.0	    0.0	    0.0	    0.0	    0.0	    0.0	    0.0	  100.0	   22.8	    0.0	    0.0	    0.0	    0.0	    9.6	  1	  -50.0	 1250.0	   22.8	    0.0	    0.0	1	   87.0	 21	    0.0	    8.4	
  262	  26.20	  -36.3	 1346.1	  -98.1	    0.0	    0.0	    0.0	    0.0	    0.0	    0.0	    0.0	    0.0	  100.0	   22.5	    0.0	    0.0	    0.0	    0.0	    9.7	  1	  -50.0	 1250.0	   22.5	    0.0	    0.0	1	   87.0	 21	    0.0	    8.4	
  263	  26.30	  -36.3	 1346.1	  -98.1	    0.0	    0.0	    0.0	    0.0	    0.0	    0.0	    0.0	    0.0	  100.0	   22.2	    0.0	    0.0	    0.0	    0.0	    9.7	  1	  -50.0	 1250.0	   22.2	    0.0	    0.0	1	   87.0	 21	    0.0	    8.3	
  264	  26.40	  -36.3	 1346.1	  -98.1	    0.0	    0.0	    0.0	    0.0	    0.0	    0.0	    0.0	    0.0	  100.0	   21.9	    0.0	    0.0	    0.0	    0.0	    9.8	  1	  -50.0	 1350.0	   21.9	    0.0	    0.0	1	   16.9	 21	    0.0	    8.3	
  265	  26.50	  -36.3	 1346.1	  164.0	    0.0	    0.0	    0.0	    0.0	    0.0	    0.0	    0.0	    0.0	  100.0	   21.6	    0.0	    0.0	    0.0	    0.0	    9.8	  1	  -50.0	 1350.0	   21.6	    0.0	    0.0	1	   16.9	 21	    0.0	    8.2	
  266	  26.60	  -36.3	 1346.1	  164.0	    0.0	    0.0	    0.0	    0.0	    0.0	    0.0	    0.0	    0.0	  100.0	   21.3	    0.0	    0.0	    0.0	    0.0	    9.8	  1	  -50.0	 1350.0	   21.3	    0.0	    0.0	1	   16.9	 21	    0.0	    8.2	
  267	  26.70	  -36.3	 1346.1	  164.0	    0.0	    0.0	    0.0	    0.0	    0.0	    0.0	    0.0	    0.0	  100.0	   21.0	    0.0	    0.0	    0.0	    0.0	    9.9	  1	  -50.0	 1350.0	   21.0	    0.0	    0.0	1	   16.9	 21	    0.0	    8.1	
  268	  26.80	  -36.3	 1346.1	  164.0	    0.0	    0.0	    0.0	    0.0	    0.0	    0.0	    0.0	    0.0	  100.0	   20.7	    0.0	    0.0	    0.0	    0.0	    9.9	  1	  -50.0	 1350.0	   20.7	    0.0	    0.0	1	   16.9	 21	    0.0	    8.1	
  269	  26.90	  -36.3	 1346.1	  164.0	    0.0	    0.0	    0.0	    0.0	    0.0	    0.0	    0.0	    0.0	  100.0	   20.4	    0.0	    0.0	    0.0	    0.0	    9.9	  1	  -50.0	 1350.0	   20.4	    0.0	    0.0	1	   16.9	 21	    0.0	    8.0	
  270	  27.00	  -36.3	 1346.1	  164.0	    0.0	    0.0	    0.0	    0.0	    0.0	    0.0	    0.0	    0.0	  100.0	   20.2	    0.0	    0.0	    0.0	    0.0	   10.0	  1	  -50.0	 1350.0	   20.2	    0.0	    0.0	1	   16.9	 21	    0.0	    8.0	
  271	  27.10	  -36.3	 1346.1	  164.0	    0.0	    0.0	    0.0	    0.0	    0.0	    0.0	    0.0	    0.0	  100.0	   19.9	    0.0	    0.0	    0.0	    0.0	   10.0	  1	  -50.0	 1350.0	   19.9	    0.0	    0.0	1	   16.9	 21	    0.0	    8.0	
  272	  27.20	  -36.3	 1346.1	  164.0	    0.0	    0.0	    0.0	    0.0	    0.0	    0.0	    0.0	    0.0	  100.0	   19.6	    0.0	    0.0	    0.0	    0.0	   10.1	  1	  -50.0	 1350.0	   19.6	    0.0	    0.0	1	   16.9	 21	    0.0	    7.9	
  273	  27.30	  -36.3	 1346.1	  164.0	    0.0	    0.0	    0.0	    0.0	    0.0	    0.0	    0.0	    0.0	  100.0	   19.3	    0.0	    0.0	    0.0	    0.0	   10.1	  1	  -50.0	 1350.0	   19.3	    0.0	    0.0	1	   16.9	 21	    0.0	    7.9	
  274	  27.40	  -36.3	 1346.1	  164.0	    0.0	    0.0	    0.0	    0.0	    0.0	    0.0	    0.0	    0.0	  100.0	   19.0	    0.0	    0.0	    0.0	    0.0	   10.1	  1	  -50.0	 1350.0	   19.0	    0.0	    0.0	1	   16.9	 21	    0.0	    7.8	
  275	  27.50	  -36.3	 1346.1	  164.0	    0.0	    0.0	    0.0	    0.0	    0.0	    0.0	    0.0	    0.0	  100.0	   18.7	    0.0	    0.0	    0.0	    0.0	   10.2	  1	  -50.0	 1350.0	   18.7	    0.0	    0.0	1	   16.9	 21	    0.0	    7.8	
  276	  27.60	  -36.3	 1346.1	  164.0	    0.0	    0.0	    0.0	    0.0	    0.0	    0.0	    0.0	    0.0	  100.0	   18.4	    0.0	    0.0	    0.0	    0.0	   10.2	  1	  -50.0	 1350.0	   18.4	    0.0	    0.0	1	   16.9	 21	    0.0	    7.7	
  277	  27.70	  -36.3	 1346.1	  164.0	    0.0	    0.0	    0.0	    0.0	    0.0	    0.0	    0.0	    0.0	  100.0	   18.1	    0.0	    0.0	    0.0	    0.0	   10.2	  1	  -50.0	 1350.0	   18.1	    0.0	    0.0	1	   16.9	 21	    0.0	    7.7	
  278	  27.80	  -36.3	 1346.1	  164.0	    0.0	    0.0	    0.0	    0.0	    0.0	    0.0	    0.0	    0.0	  100.0	   17.8	    0.0	    0.0	    0.0	    0.0	   10.3	  1	  -50.0	 1350.0	   17.8	    0.0	    0.0	1	   16.9	 21	    0.0	    7.6	
  279	  27.90	  -36.3	 1346.1	  164.0	    0.0	    0.0	    0.0	    0.0	    0.0	    0.0	    0.0	    0.0	  100.0	   17.5	    0.0	    0.0	    0.0	    0.0	   10.3	  1	  -50.0	 1350.0	   17.5	    0.0	    0.0	1	   16.9	 21	    0.0	    7.6	
  280	  28.00	  -36.3	 1346.1	  164.0	    0.0	    0.0	    0.0	    0.0	    0.0	    0.0	    0.0	    0.0	  100.0	   17.2	    0.0	    0.0	    0.0	    0.0	   10.3	  1	  -50.0	 1350.0	   17.2	    0.0	    0.0	1	   16.9	 21	    0.0	    7.5	
  281	  28.10	  -36.3	 1346.1	  164.0	    0.0	    0.0	    0.0	    0.0	    0.0	    0.0	    0.0	    0.0	  100.0	   16.9	    0.0	    0.0	    0.0	    0.0	   10.4	  1	  -50.0	 1350.0	   16.9	    0.0	    0.0	1	   16.9	 21	    0.0	    7.5	
  282	  28.20	  -36.3	 1346.1	  164.0	    0.0	    0.0	    0.0	    0.0	    0.0	    0.0	    0.0	    0.0	  100.0	   16.6	    0.0	    0.0	    0.0	    0.0	   10.4	  1	  -50.0	 1350.0	   16.6	    0.0	    0.0	1	   16.9	 21	    0.0	    7.4	
  283	  28.30	  -36.3	 1346.1	  164.0	    0.0	    0.0	    0.0	    0.0	    0.0	    0.0	    0.0	    0.0	  100.0	   16.3	    0.0	    0.0	    0.0	    0.0	   10.5	  1	  -50.0	 1350.0	   16.3	    0.0	    0.0	1	   16.9	 21	    0.0	    7.4	
  284	  28.40	  -36.3	 1346.1	  164.0	    0.0	    0.0	    0.0	    0.0	    0.0	    0.0	    0.0	    0.0	  100.0	   16.0	    0.0	    0.0	    0.0	    0.0	   10.5	  1	  -50.0	 1350.0	   16.0	    0.0	    0.0	1	   16.9	 21	    0.0	    7.4	
  285	  28.50	  -36.3	 1346.1	  164.0	    0.0	    0.0	    0.0	    0.0	    0.0	    0.0	    0.0	    0.0	  100.0	   15.7	    0.0	    0.0	    0.0	    0.0	   10.5	  1	  -50.0	 1350.0	   15.7	    0.0	    0.0	1	   16.9	 21	    0.0	    7.3	
  286	  28.60	  -36.3	 1346.1	  164.0	    0.0	    0.0	    0.0	    0.0	    0.0	    0.0	    0.0	    0.0	  100.0	   15.4	    0.0	    0.0	    0.0	    0.0	   10.6	  1	  -50.0	 1350.0	   15.4	    0.0	    0.0	1	   16.9	 21	    0.0	    7.3	
  287	  28.70	  -36.3	 1346.1	  164.0	    0.0	    0.0	    0.0	    0.0	    0.0	    0.0	    0.0	    0.0	  100.0	   15.1	    0.0	    0.0	    0.0	    0.0	   10.6	  1	  -50.0	 1350.0	   15.1	    0.0	    0.0	1	   16.9	 21	    0.0	    7.2	
  288	  28.80	  -36.3	 1346.1	  164.0	    0.0	    0.0	    0.0	    0.0	    0.0	    0.0	    0.0	    0.0	  100.0	   14.8	    0.0	    0.0	    0.0	    0.0	   10.6	  1	  -50.0	 1350.0	   14.8	    0.0	    0.0	1	   16.9	 21	    0.0	    7.2	
  289	  28.90	  -36.3	 1346.1	  164.0	    0.0	    0.0	    0.0	    0.0	    0.0	    0.0	    0.0	    0.0	  100.0	   14.5	    0.0	    0.0	    0.0	    0.0	   10.7	  1	  -50.0	 1350.0	   14.5	    0.0	    0.0	1	   16.9	 21	    0.0	    7.1	
  290	  29.00	  -36.3	 1346.1	  164.0	    0.0	    0.0	    0.0	    0.0	    0.0	    0.0	    0.0	    0.0	  100.0	   14.2	    0.0	    0.0	    0.0	    0.0	   10.7	  1	  -50.0	 1350.0	   14.2	    0.0	    0.0	1	   16.9	 21	    0.0	    7.1	
  291	  29.10	  -36.3	 1346.1	  164.0	    0.0	    0.0	    0.0	    0.0	    0.0	    0.0	    0.0	    0.0	  100.0	   13.9	    0.0	    0.0	    0.0	    0.0	   10.8	  1	  -50.0	 1350.0	   13.9	    0.0	    0.0	1	   16.9	 21	    0.0	    7.0	
  292	  29.20	  -36.3	 1346.1	  164.0	    0.0	    0.0	    0.0	    0.0	    0.0	    0.0	    0.0	    0.0	  100.0	   13.6	    0.0	    0.0	    0.0	    0.0	   10.8	  1	  -50.0	 1350.0	   13.6	    0.0	    0.0	1	   16.9	 21	    0.0	    7.0	
  293	  29.30	  -36.3	 1346.1	  164.0	    0.0	    0.0	    0.0	    0.0	    0.0	    0.0	    0.0	    0.0	  100.0	   13.3	    0.0	    0.0	    0.0	    0.0	   10.8	  1	  -50.0	 1350.0	   13.3	    0.0	    0.0	1	   16.9	 21	    0.0	    6.9	
  294	  29.40	  -36.3	 1346.1	  164.0	    0.0	    0.0	    0.0	    0.0	    0.0	    0.0	    0.0	    0.0	  100.0	   13.0	    0.0	    0.0	    0.0	    0.0	   10.9	  1	  -50.0	 1350.0	   13.0	    0.0	    0.0	1	   16.9	 21	    0.0	    6.9	
  295	  29.50	  -36.3	 1346.1	  164.0	    0.0	    0.0	    0.0	    0.0	    0.0	    0.0	    0.0	    0.0	  100.0	   12.7	    0.0	    0.0	    0.0	    0.0	   10.9	  1	  -50.0	 1350.0	   12.7	    0.0	    0.0	1	   16.9	 21	    0.0	    6.8	
  296	  29.60	  -36.3	 1346.1	  164.0	 1549.2	 1289.4	    0.0	  200.0	    0.0	    0.0	    0.0	    0.0	  100.0	   13.0	    0.0	    0.0	    0.0	    0.1	   10.9	  1	  -50.0	 1350.0	   13.0	    0.0	    0.1	1	   16.9	 21	 1220.9	 -179.1	
  297	  29.70	  -36.3	 1346.1	  -88.5	 1549.2	 1289.4	    0.0	  200.0	    0.0	    0.0	    0.0	    0.0	  100.0	   12.7	    0.0	    0.0	    0.0	    0.2	   11.0	  1	  -50.0	 1350.0	   12.7	    0.0	    0.2	1	   16.9	 21	    0.0	    7.4	
  298	  29.80	  -36.3	 1346.1	  -88.5	 1549.2	 1289.4	    0.0	  200.0	    0.0	    0.0	    0.0	    0.0	  100.0	   12.5	    0.0	    0.0	    0.0	    0.3	   11.0	  1	  -50.0	 1350.0	   12.5	    0.0	    0.3	1	   16.9	 21	    0.0	    7.5	
  299	  29.90	  -36.3	 1346.1	  -88.5	 1549.2	 1289.4	    0.0	  200.0	    0.0	    0.0	    0.0	    0.0	  100.0	   12.3	    0.0	    0.0	    0.0	    0.4	   11.1	  1	  -50.0	 1350.0	   12.3	    0.0	    0.4	1	   16.9	 21	    0.0	    7.6	
  300	  30.00	  -36.3	 1346.1	  -88.5	 1549.2	 1289.4	    0.0	  200.0	    0.0	    0.0	    0.0	    0.0	  100.0	   12.1	    0.0	    0.0	    0.0	    0.5	   11.1	  1	  -50.0	 1350.0	   12.1	    0.0	    0.5	1	   16.9	 21	    0.0	    7.8	
  301	  30.10	  -36.3	 1346.1	  -88.5	 1602.4	 1311.2	    0.0	  200.0	    0.0	    0.0	    0.0	    0.0	  100.0	   11.9	    0.0	    0.0	    0.0	    0.7	   11.1	  1	  -50.0	 1350.0	   11.9	    0.0	    0.7	1	   16.9	 21	    0.0	   -3.7	
  302	  30.20	  -36.3	 1346.1	  -88.5	 1602.4	 1311.2	    0.0	  200.0	    0.0	    0.0	    0.0	    0.0	  100.0	   11.6	    0.0	    0.0	    0.0	    0.8	   11.2	  1	  -50.0	 1350.0	   11.6	    0.0	    0.8	1	   16.9	 21	    0.0	    7.9	
  303	  30.30	  -36.3	 1346.1	  -88.5	 1602.4	 1311.2	    0.0	  200.0	    0.0	    0.0	    0.0	    0.0	  100.0	   11.4	    0.0	    0.0	    0.0	    0.9	   11.2	  1	  -50.0	 1350.0	   11.4	    0.0	    0.9	1	   16.9	 21	    0.0	    8.1	
  304	  30.40	  -36.3	 1346.1	  -88.5	 1602.4	 1311.2	    0.0	  200.0	    0.0	    0.0	    0.0	    0.0	  100.0	   11.2	    0.0	    0.0	    0.0	    1.1	   11.2	  1	  -50.0	 1350.0	   11.2	    0.0	    1.1	1	   16.9	 21	    0.0	    8.2	
  305	  30.50	  -36.3	 1346.1	  -88.5	 1602.4	 1311.2	    0.0	  200.0	    0.0	    0.0	    0.0	    0.0	  100.0	   11.0	    0.0	    0.0	    0.0	    1.2	   11.3	  1	  -50.0	 1350.0	   11.0	    0.0	    1.2	1	   16.9	 21	    0.0	    8.4	
  306	  30.60	  -36.3	 1346.1	  -88.5	 1602.4	 1311.2	    0.0	  200.0	    0.0	    0.0	    0.0	    0.0	  100.0	   10.8	    0.0	    0.0	    0.0	    1.3	   11.3	  1	  -50.0	 1350.0	   10.8	    0.0	    1.3	1	   16.9	 21	    0.0	    8.5	
  307	  30.70	  -36.3	 1346.1	  -88.5	 1621.3	 1321.9	    0.0	  200.0	    0.0	    0.0	    0.0	    0.0	  100.0	   10.6	    0.0	    0.0	    0.0	    1.5	   11.3	  1	  -50.0	 1350.0	   10.6	    0.0	    1.5	1	   16.9	 21	    0.0	    8.7	
  308	  30.80	  -36.3	 1346.1	  -88.5	 1621.3	 1321.9	    0.0	  200.0	    0.0	    0.0	    0.0	    0.0	  100.0	   10.4	    0.0	    0.0	    0.0	    1.6	   11.4	  1	  -50.0	 1350.0	   10.4	    0.0	    1.6	1	   16.9	 21	    0.0	    8.8	
  309	  30.90	  -36.3	 1346.1	  -88.5	 1621.3	 1321.9	    0.0	  200.0	    0.0	    0.0	    0.0	    0.0	  100.0	   10.2	    0.0	    0.0	    0.0	    1.7	   11.4	  1	  -50.0	 1350.0	   10.2	    0.0	    1.7	1	   16.9	 21	    0.0	    9.0	
  310	  31.00	  -36.3	 1346.1	  -88.5	 1621.3	 1321.9	    0.0	  200.0	    0.0	    0.0	    0.0	    0.0	  100.0	    9.9	    0.0	    0.0	    0.0	    1.9	   11.5	  1	  -50.0	 1350.0	    9.9	    0.0	    1.9	1	   16.9	 21	    0.0	    9.2	
  311	  31.10	  -36.3	 1346.1	  -88.5	 1626.2	 1324.6	    0.0	  200.0	    0.0	    0.0	    0.0	    0.0	  100.0	    9.7	    0.0	    0.0	    0.0	    2.0	   11.5	  1	  -50.0	 1350.0	    9.7	    0.0	    2.0	1	   16.9	 21	    0.0	    9.4	
  312	  31.20	  -36.3	 1346.1	  -88.5	 1626.2	 1324.6	    0.0	  200.0	    0.0	    0.0	    0.0	    0.0	  100.0	    9.5	    0.0	    0.0	    0.0	    2.2	   11.5	  1	  -50.0	 1350.0	    9.5	    0.0	    2.2	1	   16.9	 21	    0.0	    9.6	
  313	  31.30	  -36.3	 1346.1	  -88.5	 1626.2	 1324.6	    0.0	  200.0	    0.0	    0.0	    0.0	    0.0	  100.0	    9.3	    0.0	    0.0	    0.0	    2.3	   11.6	  1	  -50.0	 1350.0	    9.3	    0.0	    2.3	1	   16.9	 21	    0.0	    9.8	
  314	  31.40	  -36.3	 1346.1	  -88.5	 1626.2	 1324.6	    0.0	  200.0	    0.0	    0.0	    0.0	    0.0	  100.0	    9.1	    0.0	    0.0	    0.0	    2.4	   11.6	  1	  -50.0	 1350.0	    9.1	    0.0	    2.4	1	   16.9	 21	    0.0	   10.0	
  315	  31.50	  -36.3	 1346.1	  -88.5	 1626.2	 1324.6	    0.0	  200.0	    0.0	    0.0	    0.0	    0.0	  100.0	    8.9	    0.0	    0.0	    0.0	    2.6	   11.6	  1	  -50.0	 1350.0	    8.9	    0.0	    2.6	1	   16.9	 21	 1301.9	   10.2	
  316	  31.60	  -36.3	 1346.1	  -88.5	 1626.2	 1324.6	    0.0	  200.0	    0.0	    0.0	    0.0	    0.0	  100.0	    8.7	    0.0	    0.0	    0.0	    2.7	   11.7	  1	  -50.0	 1350.0	    8.7	    0.0	    2.7	1	   16.9	 21	 1303.9	   10.4	
  317	  31.70	  -36.3	 1346.1	  -88.5	 1617.5	 1334.5	    0.0	  200.0	    0.0	    0.0	    0.0	    0.0	  100.0	    8.5	    0.0	    0.0	    0.0	    2.9	   11.7	  1	  -50.0	 1350.0	    8.5	    0.0	    2.9	1	   16.9	 21	 1306.1	   10.6	
  318	  31.80	  -36.3	 1346.1	  -88.5	 1617.5	 1334.5	    0.0	  200.0	    0.0	    0.0	    0.0	    0.0	  100.0	    8.3	    0.0	    0.0	    0.0	    3.0	   11.8	  1	  -50.0	 1350.0	    8.3	    0.0	    3.0	1	   16.9	 21	 1308.2	   10.8	
  319	  31.90	  -36.3	 1346.1	  -88.5	 1617.5	 1334.5	    0.0	  200.0	    0.0	    0.0	    0.0	    0.0	  100.0	    8.1	    0.0	    0.0	    0.0	    3.1	   11.8	  1	  -50.0	 1350.0	    8.1	    0.0	    3.1	1	   16.9	 21	 1310.3	   11.0	
  320	  32.00	  -36.3	 1346.1	  -88.5	 1617.5	 1334.5	    0.0	  200.0	    0.0	    0.0	    0.0	    0.0	  100.0	    7.9	    0.0	    0.0	    0.0	    3.3	   11.8	  1	  -50.0	 1350.0	    7.9	    0.0	    3.3	1	   16.9	 21	 1312.5	   11.2	
  321	  32.10	  -36.3	 1346.1	  -88.5	 1617.5	 1334.5	    0.0	  200.0	    0.0	    0.0	    0.0	    0.0	  100.0	    7.6	    0.0	    0.0	    0.0	    3.4	   11.9	  1	  -50.0	 1350.0	    7.6	    0.0	    3.4	1	   16.9	 21	 1314.7	   11.5	
  322	  32.20	  -36.3	 1346.1	  -88.5	 1597.3	 1354.3	    0.0	  200.0	    0.0	    0.0	    0.0	    0.0	  100.0	    7.4	    0.0	    0.0	    0.0	    3.5	   11.9	  1	  -50.0	 1350.0	    7.4	    0.0	    3.5	1	   16.9	 21	 1317.1	   11.7	
  323	  32.30	  -36.3	 1346.1	  -88.5	 1597.3	 1354.3	    0.0	  200.0	    0.0	    0.0	    0.0	    0.0	  100.0	    7.2	    0.0	    0.0	    0.0	    3.7	   11.9	  1	  -50.0	 1350.0	    7.2	    0.0	    3.7	1	   16.9	 21	 1319.3	   11.9	
  324	  32.40	  -36.3	 1346.1	  -88.5	 1597.3	 1354.3	    0.0	  200.0	    0.0	    0.0	    0.0	    0.0	  100.0	    7.0	    0.0	    0.0	    0.0	    3.8	   12.0	  1	  -50.0	 1350.0	    7.0	    0.0	    3.8	1	   16.9	 21	 1321.5	   12.2	
  325	  32.50	  -36.3	 1346.1	  -88.5	 1597.3	 1354.3	    0.0	  200.0	    0.0	    0.0	    0.0	    0.0	  100.0	    6.8	    0.0	    0.0	    0.0	    3.9	   12.0	  1	  -50.0	 1350.0	    6.8	    0.0	    3.9	1	   16.9	 21	 1323.8	   12.4	
  326	  32.60	  -36.3	 1346.1	  -88.5	 1597.3	 1354.3	    0.0	  200.0	    0.0	    0.0	    0.0	    0.0	  100.0	    6.6	    0.0	    0.0	    0.0	    4.1	   12.0	  1	  -50.0	 1350.0	    6.6	    0.0	    4.1	1	   16.9	 21	 1326.1	   12.6	
  327	  32.70	  -36.3	 1346.1	  -88.5	 1597.3	 1354.3	    0.0	  200.0	    0.0	    0.0	    0.0	    0.0	  100.0	    6.4	    0.0	    0.0	    0.0	    4.2	   12.1	  1	  -50.0	 1350.0	    6.4	    0.0	    4.2	1	   16.9	 21	 1328.5	   12.9	
  328	  32.80	  -36.3	 1346.1	  -88.5	 1597.3	 1354.3	    0.0	  200.0	    0.0	    0.0	    0.0	    0.0	  100.0	    6.1	    0.0	    0.0	    0.0	    4.3	   12.1	  1	  -50.0	 1350.0	    6.1	    0.0	    4.3	1	   16.9	 21	 1331.0	   13.1	
  329	  32.90	  -36.3	 1346.1	  -88.5	 1549.0	 1383.9	    0.0	  200.0	    0.0	    0.0	    0.0	    0.0	  100.0	    5.9	    0.0	    0.0	    0.0	    4.4	   12.2	  1	  -50.0	 1350.0	    5.9	    0.0	    4.4	1	   16.9	 21	 1334.1	   13.4	
  330	  33.00	  -36.3	 1346.1	  -88.5	 1549.0	 1383.9	    0.0	  200.0	    0.0	    0.0	    0.0	    0.0	  100.0	    5.7	    0.0	    0.0	    0.0	    4.5	   12.2	  1	  -50.0	 1350.0	    5.7	    0.0	    4.5	1	   16.9	 21	 1336.2	   13.6	
  331	  33.10	  -36.3	 1346.1	  -88.5	 1549.0	 1383.9	    0.0	  200.0	    0.0	    0.0	    0.0	    0.0	  100.0	    5.4	    0.0	    0.0	    0.0	    4.6	   12.2	  1	  -50.0	 1350.0	    5.4	    0.0	    4.6	1	   16.9	 21	 1338.6	   13.9	
  332	  33.20	  -36.3	 1346.1	  -88.5	 1549.0	 1383.9	    0.0	  200.0	    0.0	    0.0	    0.0	    0.0	  100.0	    5.2	    0.0	    0.0	    0.0	    4.7	   12.3	  1	  -50.0	 1350.0	    5.2	    0.0	    4.7	1	   16.9	 21	 1341.2	   14.1	
  333	  33.30	  -36.3	 1346.1	  -88.5	 1549.0	 1383.9	    0.0	  200.0	    0.0	    0.0	    0.0	    0.0	  100.0	    5.0	    0.0	    0.0	    0.0	    4.8	   12.3	  1	  -50.0	 1350.0	    5.0	    0.0	    4.8	1	   16.9	 21	 1343.8	   14.4	
  334	  33.40	  -36.3	 1346.1	  -88.5	 1549.0	 1383.9	    0.0	  200.0	    0.0	    0.0	    0.0	    0.0	  100.0	    4.7	    0.0	    0.0	    0.0	    5.0	   12.3	  1	  -50.0	 1350.0	    4.7	    0.0	    5.0	1	   16.9	 21	 1346.5	   14.7	
  335	  33.50	  -36.3	 1346.1	  -88.5	 1549.0	 1383.9	    0.0	  200.0	    0.0	    0.0	    0.0	    0.0	  100.0	    4.5	    0.0	    0.0	    0.0	    5.1	   12.4	  1	  -50.0	 1350.0	    4.5	    0.0	    5.1	1	   16.9	 21	 1349.3	   14.9	
  336	  33.60	  -36.3	 1346.1	  -88.5	 1549.0	 1383.9	    0.0	  200.0	    0.0	    0.0	    0.0	    0.0	  100.0	    4.3	    0.0	    0.0	    0.0	    5.2	   12.4	  1	  -50.0	 1350.0	    4.3	    0.0	    5.2	1	   16.9	 21	 1352.2	   15.2	
  337	  33.70	  -36.3	 1346.1	  -88.5	 1549.0	 1383.9	    0.0	  200.0	    0.0	    0.0	    0.0	    0.0	  100.0	    4.0	    0.0	    0.0	    0.0	    5.3	   12.5	  1	  -50.0	 1350.0	    4.0	    0.0	    5.3	1	   16.9	 21	 1355.1	   15.5	
  338	  33.80	  -36.3	 1346.1	  -88.5	 1549.0	 1383.9	    0.0	  200.0	    0.0	    0.0	    0.0	    0.0	  100.0	    3.8	    0.0	    0.0	    0.0	    5.4	   12.5	  1	  -50.0	 1350.0	    3.8	    0.0	    5.4	1	   16.9	 21	 1358.2	   15.8	
  339	  33.90	  -36.3	 1346.1	  -88.5	 1100.6	 1274.7	    0.0	  200.0	    0.0	    0.0	    0.0	    0.0	  100.0	    3.4	    0.0	    0.0	    0.0	    5.3	   12.5	  1	  -50.0	 1350.0	    3.4	    0.0	    5.3	1	   16.9	 21	 1363.6	   16.4	
  340	  34.00	  -36.3	 1346.1	  164.0	 1100.6	 1274.7	    0.0	  200.0	    0.0	    0.0	    0.0	    0.0	  100.0	    3.0	    0.0	    0.0	    0.0	    5.2	   12.6	  1	  -50.0	 1350.0	    3.0	    0.0	    5.2	1	   16.9	 21	 1365.5	   16.5	
  341	  34.10	  -36.3	 1346.1	  164.0	 1100.6	 1274.7	    0.0	  200.0	    0.0	    0.0	    0.0	    0.0	  100.0	    2.7	    0.0	    0.0	    0.0	    5.1	   12.6	  1	  -50.0	 1350.0	    2.7	    0.0	    5.1	1	   16.9	 21	 1368.5	   16.9	
  342	  34.20	  -36.3	 1346.1	  164.0	 1100.6	 1274.7	    0.0	  200.0	    0.0	    0.0	    0.0	    0.0	  100.0	    2.3	    0.0	    0.0	    0.0	    5.0	   12.6	  1	  -50.0	 1350.0	    2.3	    0.0	    5.0	1	   16.9	 21	 1372.0	   17.2	
  343	  34.30	  -36.3	 1346.1	  164.0	 1100.6	 1274.7	    0.0	  200.0	    0.0	    0.0	    0.0	    0.0	  100.0	    2.0	    0.0	    0.0	    0.0	    4.9	   12.7	  1	  -50.0	 1350.0	    2.0	    0.0	    4.9	1	   16.9	 21	 1375.9	   17.6	
  344	  34.40	  -36.3	 1346.1	  164.0	 1100.6	 1274.7	    0.0	  200.0	    0.0	    0.0	    0.0	    0.0	  100.0	    1.6	    0.0	    0.0	    0.0	    4.8	   12.7	  1	  -50.0	 1350.0	    1.6	    0.0	    4.8	1	   16.9	 21	 1380.5	   18.0	
  345	  34.50	  -36.3	 1346.1	  164.0	  621.8	 1301.8	    0.0	  200.0	    0.0	    0.0	    0.0	    0.0	  100.0	    1.1	    0.0	    0.0	    0.0	    4.5	   12.8	  1	 -150.0	 1350.0	    1.1	    0.0	    4.5	1	  100.8	 21	 1386.8	   18.7	
  346	  34.60	  -57.5	 1347.5	  176.1	  621.8	 1301.8	    0.0	  200.0	    0.0	    0.0	    0.0	    0.0	  100.0	    0.7	    0.0	    0.0	    0.0	    4.3	   12.8	  1	 -150.0	 1350.0	    0.7	    0.0	    4.3	1	   83.1	 21	 1393.5	   19.4	
  347	  34.70	  -59.6	 1347.6	   -3.8	  621.8	 1301.8	    0.0	  200.0	    0.0	    0.0	    0.0	    0.0	  100.0	    0.2	    0.0	    0.0	    0.0	    4.0	   12.8	  1	 -150.0	 1350.0	    0.2	    0.0	    4.0	1	   81.8	 21	    0.0	    0.0	
  348	  34.80	  -59.6	 1347.6	   -3.8	  621.8	 1301.8	    0.0	  200.0	    0.0	    0.0	    0.0	    0.0	  100.0	    0.0	    0.0	    0.0	    0.0	    3.7	   12.9	  1	 -150.0	 1350.0	    0.0	    0.0	    3.7	1	   81.8	 21	    0.0	    0.0	
  349	  34.90	  -59.6	 1347.6	   -3.8	 1602.4	 1311.2	    0.0	  200.0	    0.0	    0.0	    0.0	    0.0	  100.0	    0.1	    0.0	    0.0	    0.0	    3.8	   12.9	  1	  -50.0	 1350.0	    0.1	    0.0	    3.8	1	    9.2	 21	    0.0	    0.0	
  350	  35.00	  -59.6	 1347.6	  -87.5	  484.8	 1296.0	    0.0	  200.0	    0.0	    0.0	    0.0	    0.0	  100.0	    0.0	    0.0	    0.0	    0.0	    3.5	   12.9	  1	 -250.0	 1450.0	    0.0	    0.0	    3.5	1	  193.9	 21	    0.0	    0.0	
  351	  35.10	  -76.1	 1356.4	  151.9	  484.8	 1296.0	    0.0	  200.0	    0.0	    0.0	    0.0	    0.0	  100.0	    0.0	    0.0	    0.0	    0.0	    3.2	   13.0	  1	 -250.0	 1450.0	    0.0	    0.0	    3.2	1	  181.5	 21	    0.0	    0.0	
  352	  35.20	 -112.9	 1377.8	  149.6	  484.8	 1296.0	    0.0	  200.0	    0.0	    0.0	    0.0	    0.0	  100.0	    0.0	    0.0	    0.0	    0.0	    2.9	   13.0	  1	 -250.0	 1450.0	    0.0	    0.0	    2.9	1	  144.5	 21	 1398.5	   19.9	
  353	  35.30	 -143.9	 1393.8	  153.6	  484.8	 1296.0	    0.0	  200.0	    0.0	    0.0	    0.0	    0.0	  100.0	    0.0	    0.0	    0.0	    0.0	    2.6	   13.0	  1	 -250.0	 1450.0	    0.0	    0.0	    2.6	1	  114.2	 21	 1394.0	   19.4	
  354	  35.40	 -168.7	 1408.0	  149.5	  485.8	 1287.6	    0.0	  200.0	    0.0	    0.0	    0.0	    0.0	  100.0	    0.0	    0.0	    0.0	    0.0	    2.3	   13.1	  1	 -250.0	 1450.0	    0.0	    0.0	    2.3	1	   87.6	 21	 1388.5	   18.9	
  355	  35.50	 -172.4	 1410.2	  -10.4	  485.8	 1287.6	    0.0	  200.0	    0.0	    0.0	    0.0	    0.0	  100.0	    0.0	    0.0	    0.0	    0.0	    1.9	   13.1	  1	 -250.0	 1450.0	    0.0	    0.0	    1.9	1	   79.7	 21	 1382.0	   18.2	
  356	  35.60	 -172.4	 1410.2	  -10.6	  485.8	 1287.6	    0.0	  200.0	    0.0	    0.0	    0.0	    0.0	  100.0	    0.0	    0.0	    0.0	    0.0	    1.6	   13.1	  1	 -250.0	 1450.0	    0.0	    0.0	    1.6	1	   79.7	 21	 1373.8	   17.4	
  357	  35.70	 -172.4	 1410.2	  -10.6	  485.8	 1287.6	    0.0	  200.0	    0.0	    0.0	    0.0	    0.0	  100.0	    0.0	    0.0	    0.0	    0.0	    1.3	   13.2	  1	 -250.0	 1450.0	    0.0	    0.0	    1.3	1	   79.7	 21	 1363.4	   16.3	
  358	  35.80	 -172.4	 1410.2	  -10.6	  485.8	 1287.6	    0.0	  200.0	    0.0	    0.0	    0.0	    0.0	  100.0	    0.0	    0.0	    0.0	    0.0	    1.0	   13.2	  1	 -250.0	 1450.0	    0.0	    0.0	    1.0	1	   79.7	 21	 1349.8	   15.0	
  359	  35.90	 -172.4	 1410.2	  -10.6	  491.9	 1282.3	    0.0	  200.0	    0.0	    0.0	    0.0	    0.0	  100.0	    0.0	    0.0	    0.0	    0.0	    0.7	   13.2	  1	 -250.0	 1450.0	    0.0	    0.0	    0.7	1	   79.6	 21	 1331.2	   13.1	
  360	  36.00	 -172.4	 1410.2	  -10.9	  491.9	 1282.3	    0.0	  200.0	    0.0	    0.0	    0.0	    0.0	  100.0	    0.0	    0.0	    0.0	    0.0	    0.4	   13.2	  1	 -250.0	 1450.0	    0.0	    0.0	    0.4	1	   79.6	 21	 1304.1	   10.4	
  361	  36.10	 -172.4	 1410.2	  -10.9	  491.9	 1282.3	    0.0	  200.0	    0.0	    0.0	    0.0	    0.0	  100.0	    0.0	    0.0	    0.0	    0.0	    0.1	   13.3	  1	 -250.0	 1450.0	    0.0	    0.0	    0.1	1	   79.6	 21	    0.0	    6.1	
  362	  36.20	 -172.4	 1410.2	  -10.9	  491.9	 1282.3	    0.0	  200.0	    0.0	    0.0	    0.0	    0.0	  100.0	    0.0	    0.0	    0.0	    0.0	    0.0	   13.3	  1	 -250.0	 1450.0	    0.0	    0.0	    0.0	1	   79.6	 21	    0.0	    5.0	
  363	  36.30	 -172.4	 1410.2	  -10.9	  491.9	 1282.3	    0.0	  200.0	    0.0	    0.0	    0.0	    0.0	  100.0	    0.0	    0.0	    0.0	    0.0	    0.0	   13.3	  1	 -250.0	 1450.0	    0.0	    0.0	    0.0	1	   79.6	 21	    0.0	    5.0	
  364	  36.40	 -172.4	 1410.2	  -10.9	  493.7	 1292.9	    0.0	  200.0	    0.0	    0.0	    0.0	    0.0	  100.0	    0.0	    0.0	    0.0	    0.0	    0.0	   13.4	  1	 -250.0	 1450.0	    0.0	    0.0	    0.0	1	   79.6	 21	    0.0	    5.0	
  365	  36.50	 -172.4	 1410.2	  -10.0	  492.8	 1293.2	    0.0	  200.0	    0.0	    0.0	    0.0	    0.0	  100.0	    0.0	    0.0	    0.0	    0.0	    0.0	   13.4	  1	 -250.0	 1450.0	    0.0	    0.0	    0.0	1	   79.6	 21	    0.0	    5.0	
  366	  36.60	 -172.4	 1410.2	  -10.0	  492.8	 1293.2	    0.0	  200.0	    0.0	    0.0	    0.0	    0.0	  100.0	    0.0	    0.0	    0.0	    0.0	    0.0	   13.4	  1	 -250.0	 1450.0	    0.0	    0.0	    0.0	1	   79.6	 21	    0.0	    5.0	
  367	  36.70	 -172.4	 1410.2	  -10.0	  492.8	 1293.2	    0.0	  200.0	    0.0	    0.0	    0.0	    0.0	  100.0	    0.0	    0.0	    0.0	    0.0	    0.0	   13.4	  1	 -250.0	 1450.0	    0.0	    0.0	    0.0	1	   79.6	 21	    0.0	    5.0	
  368	  36.80	 -172.4	 1410.2	  -10.0	  492.8	 1293.2	    0.0	  200.0	    0.0	    0.0	    0.0	    0.0	  100.0	    0.0	    0.0	    0.0	    0.0	    0.0	   13.5	  1	 -250.0	 1450.0	    0.0	    0.0	    0.0	1	   79.6	 21	    0.0	    5.0	
  369	  36.90	 -172.4	 1410.2	  -10.0	  492.8	 1293.2	    0.0	  200.0	    0.0	    0.0	    0.0	    0.0	  100.0	    0.0	    0.0	    0.0	    0.0	    0.0	   13.5	  1	 -250.0	 1450.0	    0.0	    0.0	    0.0	1	   79.6	 21	    0.0	    5.0	
  370	  37.00	 -172.4	 1410.2	  -10.0	  485.4	 1283.7	    0.0	  200.0	    0.0	    0.0	    0.0	    0.0	  100.0	    0.0	    0.0	    0.0	    0.0	    0.0	   13.5	  1	 -250.0	 1450.0	    0.0	    0.0	    0.0	1	   79.7	 21	    0.0	    5.0	
  371	  37.10	 -172.4	 1410.2	  -10.9	  485.4	 1283.7	    0.0	  200.0	    0.0	    0.0	    0.0	    0.0	  100.0	    0.0	    0.0	    0.0	    0.0	    0.0	   13.6	  1	 -250.0	 1450.0	    0.0	    0.0	    0.0	1	   79.7	 21	    0.0	    5.0	
  372	  37.20	 -172.4	 1410.2	  -10.9	  485.4	 1283.7	    0.0	  200.0	    0.0	    0.0	    0.0	    0.0	  100.0	    0.0	    0.0	    0.0	    0.0	    0.0	   13.6	  1	 -250.0	 1450.0	    0.0	    0.0	    0.0	1	   79.7	 21	    0.0	    5.0	
  373	  37.30	 -172.4	 1410.2	  -10.9	  485.4	 1283.7	    0.0	  200.0	    0.0	    0.0	    0.0	    0.0	  100.0	    0.0	    0.0	    0.0	    0.0	    0.0	   13.6	  1	 -250.0	 1450.0	    0.0	    0.0	    0.0	1	   79.7	 21	    0.0	    5.0	
  374	  37.40	 -172.4	 1410.2	  -10.9	  485.4	 1283.7	    0.0	  200.0	    0.0	    0.0	    0.0	    0.0	  100.0	    0.0	    0.0	    0.0	    0.0	    0.0	   13.6	  1	 -250.0	 1450.0	    0.0	    0.0	    0.0	1	   79.7	 21	    0.0	    5.0	
  375	  37.50	 -172.4	 1410.2	  -10.9	  485.4	 1283.7	    0.0	  200.0	    0.0	    0.0	    0.0	    0.0	  100.0	    0.0	    0.0	    0.0	    0.0	    0.0	   13.7	  1	 -250.0	 1450.0	    0.0	    0.0	    0.0	1	   79.7	 21	    0.0	    5.0	
  376	  37.60	 -172.4	 1410.2	  -10.9	  483.1	 1279.5	    0.0	  200.0	    0.0	    0.0	    0.0	    0.0	  100.0	    0.0	    0.0	    0.0	    0.0	    0.0	   13.7	  1	 -250.0	 1450.0	    0.0	    0.0	    0.0	1	   79.6	 21	    0.0	    5.0	
  377	  37.70	 -172.4	 1410.2	  -11.3	  483.1	 1279.5	    0.0	  200.0	    0.0	    0.0	    0.0	    0.0	  100.0	    0.0	    0.0	    0.0	    0.0	    0.0	   13.7	  1	 -250.0	 1450.0	    0.0	    0.0	    0.0	1	   79.6	 21	    0.0	    5.0	
  378	  37.80	 -172.4	 1410.2	  -11.3	  483.1	 1279.5	    0.0	  200.0	    0.0	    0.0	    0.0	    0.0	  100.0	    0.0	    0.0	    0.0	    0.0	    0.0	   13.8	  1	 -250.0	 1450.0	    0.0	    0.0	    0.0	1	   79.6	 21	    0.0	    5.0	
  379	  37.90	 -172.4	 1410.2	  -11.3	  483.1	 1279.5	    0.0	  200.0	    0.0	    0.0	    0.0	    0.0	  100.0	    0.0	    0.0	    0.0	    0.0	    0.0	   13.8	  1	 -250.0	 1450.0	    0.0	    0.0	    0.0	1	   79.6	 21	    0.0	    5.0	
  380	  38.00	 -172.4	 1410.2	  -11.3	  483.1	 1279.5	    0.0	  200.0	    0.0	    0.0	    0.0	    0.0	  100.0	    0.0	    0.0	    0.0	    0.0	    0.0	   13.8	  1	 -250.0	 1450.0	    0.0	    0.0	    0.0	1	   79.6	 21	    0.0	    5.0	
  381	  38.10	 -172.4	 1410.2	  -11.3	  495.5	 1292.3	    0.0	  200.0	    0.0	    0.0	    0.0	    0.0	  100.0	    0.0	    0.0	    0.0	    0.0	    0.0	   13.8	  1	 -250.0	 1450.0	    0.0	    0.0	    0.0	1	   79.6	 21	    0.0	    5.0	
  382	  38.20	 -172.4	 1410.2	  -10.0	  495.5	 1292.3	    0.0	  200.0	    0.0	    0.0	    0.0	    0.0	  100.0	    0.0	    0.0	    0.0	    0.0	    0.0	   13.9	  1	 -250.0	 1450.0	    0.0	    0.0	    0.0	1	   79.6	 21	    0.0	    5.0	
  383	  38.30	 -172.4	 1410.2	  -10.0	  495.5	 1292.3	    0.0	  200.0	    0.0	    0.0	    0.0	    0.0	  100.0	    0.0	    0.0	    0.0	    0.0	    0.0	   13.9	  1	 -250.0	 1450.0	    0.0	    0.0	    0.0	1	   79.6	 21	    0.0	    5.0	
  384	  38.40	 -172.4	 1410.2	  -10.0	  495.5	 1292.3	    0.0	  200.0	    0.0	    0.0	    0.0	    0.0	  100.0	    0.0	    0.0	    0.0	    0.0	    0.0	   13.9	  1	 -250.0	 1450.0	    0.0	    0.0	    0.0	1	   79.6	 21	    0.0	    5.0	
  385	  38.50	 -172.4	 1410.2	  -10.0	  495.5	 1292.3	    0.0	  200.0	    0.0	    0.0	    0.0	    0.0	  100.0	    0.0	    0.0	    0.0	    0.0	    0.0	   14.0	  1	 -250.0	 1450.0	    0.0	    0.0	    0.0	1	   79.6	 21	    0.0	    5.0	
  386	  38.60	 -172.4	 1410.2	  -10.0	  519.6	 1330.9	    0.0	  200.0	    0.0	    0.0	    0.0	    0.0	  100.0	    0.0	    0.0	    0.0	    0.0	    0.0	   14.0	  1	 -250.0	 1450.0	    0.0	    0.0	    0.0	1	   79.6	 21	    0.0	    5.0	
  387	  38.70	 -172.4	 1410.2	   -6.5	  519.6	 1330.9	    0.0	  200.0	    0.0	    0.0	    0.0	    0.0	  100.0	    0.0	    0.0	    0.0	    0.0	    0.0	   14.0	  1	 -250.0	 1450.0	    0.0	    0.0	    0.0	1	   79.6	 21	    0.0	    5.0	
  388	  38.80	 -172.4	 1410.2	   -6.5	  519.6	 1330.9	    0.0	  200.0	    0.0	    0.0	    0.0	    0.0	  100.0	    0.0	    0.0	    0.0	    0.0	    0.0	   14.0	  1	 -250.0	 1450.0	    0.0	    0.0	    0.0	1	   79.6	 21	    0.0	    5.0	
  389	  38.90	 -172.4	 1410.2	   -6.5	  519.6	 1330.9	    0.0	  200.0	    0.0	    0.0	    0.0	    0.0	  100.0	    0.0	    0.0	    0.0	    0.0	    0.0	   14.1	  1	 -250.0	 1450.0	    0.0	    0.0	    0.0	1	   79.6	 21	    0.0	    5.0	
  390	  39.00	 -172.4	 1410.2	   -6.5	  519.6	 1330.9	    0.0	  200.0	    0.0	    0.0	    0.0	    0.0	  100.0	    0.0	    0.0	    0.0	    0.0	    0.0	   14.1	  1	 -250.0	 1450.0	    0.0	    0.0	    0.0	1	   79.6	 21	    0.0	    5.0	
  391	  39.10	 -172.4	 1410.2	   -6.5	  505.5	 1336.4	    0.0	  200.0	    0.0	    0.0	    0.0	    0.0	  100.0	    0.0	    0.0	    0.0	    0.0	    0.0	   14.1	  1	 -250.0	 1450.0	    0.0	    0.0	    0.0	1	   79.7	 21	    0.0	    5.0	
  392	  39.20	 -172.4	 1410.2	   -6.2	  505.5	 1336.4	    0.0	  200.0	    0.0	    0.0	    0.0	    0.0	  100.0	    0.0	    0.0	    0.0	    0.0	    0.0	   14.2	  1	 -250.0	 1450.0	    0.0	    0.0	    0.0	1	   79.7	 21	    0.0	    5.0	
  393	  39.30	 -172.4	 1410.2	   -6.2	  505.5	 1336.4	    0.0	  200.0	    0.0	    0.0	    0.0	    0.0	  100.0	    0.0	    0.0	    0.0	    0.0	    0.0	   14.2	  1	 -250.0	 1450.0	    0.0	    0.0	    0.0	1	   79.7	 21	    0.0	    5.0	
