    1	   0.10	    0.0	 1500.0	    0.0	    0.0	    0.0	    0.0	    0.0	    0.0	    0.0	    0.0	    0.0	  100.0	  100.0	    0.0	    0.0	    0.0	    0.0	    0.0	  1	-1000.0	  500.0	  100.0	    0.0	    0.0	1	  526.8	 21	 1371.8	  -28.2	
    2	   0.20	  -17.4	 1490.7	 -151.9	    0.0	    0.0	    0.0	    0.0	    0.0	    0.0	    0.0	    0.0	  100.0	   99.7	    0.0	    0.0	    0.0	    0.0	    0.1	  1	  -50.0	 1250.0	   99.7	    0.0	    0.0	1	  216.1	 21	 1390.1	   19.0	
    3	   0.30	  -23.8	 1457.5	  -96.7	    0.0	    0.0	    0.0	    0.0	    0.0	    0.0	    0.0	    0.0	  100.0	   99.5	    0.0	    0.0	    0.0	    0.0	    0.1	  1	  -50.0	 1250.0	   99.5	    0.0	    0.0	1	  181.5	 21	 1389.7	   19.0	
    4	   0.40	  -28.4	 1413.4	  -95.8	    0.0	    0.0	    0.0	    0.0	    0.0	    0.0	    0.0	    0.0	  100.0	   99.2	    0.0	    0.0	    0.0	    0.0	    0.1	  1	  -50.0	 1250.0	   99.2	    0.0	    0.0	1	  150.1	 21	 1389.3	   18.9	
    5	   0.50	  -33.3	 1378.5	  -98.3	    0.0	    0.0	    0.0	    0.0	    0.0	    0.0	    0.0	    0.0	  100.0	   98.9	    0.0	    0.0	    0.0	    0.0	    0.2	  1	  -50.0	 1250.0	   98.9	    0.0	    0.0	1	  117.4	 21	    0.0	    0.0	
    6	   0.60	  -36.5	 1349.6	  -95.9	    0.0	    0.0	    0.0	    0.0	    0.0	    0.0	    0.0	    0.0	  100.0	   98.6	    0.0	    0.0	    0.0	    0.0	    0.2	  1	  -50.0	 1250.0	   98.6	    0.0	    0.0	1	   91.6	 21	    0.0	    0.0	
    7	   0.70	  -40.3	 1326.7	 -100.1	    0.0	    0.0	    0.0	    0.0	    0.0	    0.0	    0.0	    0.0	  100.0	   98.3	    0.0	    0.0	    0.0	    0.0	    0.2	  1	  -50.0	 1250.0	   98.3	    0.0	    0.0	1	   63.2	 21	    0.0	    0.0	
    8	   0.80	  -40.6	 1324.9	  -97.2	    0.0	    0.0	    0.0	    0.0	    0.0	    0.0	    0.0	    0.0	  100.0	   98.0	    0.0	    0.0	    0.0	    0.0	    0.3	  1	  -50.0	 1250.0	   98.0	    0.0	    0.0	1	   63.2	 21	    0.0	    0.0	
    9	   0.90	  -40.6	 1324.9	  -97.2	    0.0	    0.0	    0.0	    0.0	    0.0	    0.0	    0.0	    0.0	  100.0	   97.7	    0.0	    0.0	    0.0	    0.0	    0.3	  1	  -50.0	 1250.0	   97.7	    0.0	    0.0	1	   63.2	 21	    0.0	    0.0	
   10	   1.00	  -40.6	 1324.9	  -97.2	    0.0	    0.0	    0.0	    0.0	    0.0	    0.0	    0.0	    0.0	  100.0	   97.4	    0.0	    0.0	    0.0	    0.0	    0.4	  1	  -50.0	 1250.0	   97.4	    0.0	    0.0	1	   63.2	 21	    0.0	    0.0	
   11	   1.10	  -40.6	 1324.9	  -97.2	    0.0	    0.0	    0.0	    0.0	    0.0	    0.0	    0.0	    0.0	  100.0	   97.1	    0.0	    0.0	    0.0	    0.0	    0.4	  1	  -50.0	 1250.0	   97.1	    0.0	    0.0	1	   63.2	 21	    0.0	    0.0	
   12	   1.20	  -40.6	 1324.9	  -97.2	    0.0	    0.0	    0.0	    0.0	    0.0	    0.0	    0.0	    0.0	  100.0	   96.8	    0.0	    0.0	    0.0	    0.0	    0.4	  1	  -50.0	 1250.0	   96.8	    0.0	    0.0	1	   63.2	 21	 1399.8	   20.0	
   13	   1.30	  -40.6	 1324.9	  -97.2	    0.0	    0.0	    0.0	    0.0	    0.0	    0.0	    0.0	    0.0	  100.0	   96.5	    0.0	    0.0	    0.0	    0.0	    0.5	  1	  -50.0	 1250.0	   96.5	    0.0	    0.0	1	   63.2	 21	 1399.3	   19.9	
   14	   1.40	  -40.6	 1324.9	  -97.2	    0.0	    0.0	    0.0	    0.0	    0.0	    0.0	    0.0	    0.0	  100.0	   96.2	    0.0	    0.0	    0.0	    0.0	    0.5	  1	  -50.0	 1250.0	   96.2	    0.0	    0.0	1	   63.2	 21	 1398.8	   19.9	
   15	   1.50	  -40.6	 1324.9	  -97.2	    0.0	    0.0	    0.0	    0.0	    0.0	    0.0	    0.0	    0.0	  100.0	   95.9	    0.0	    0.0	    0.0	    0.0	    0.5	  1	  -50.0	 1250.0	   95.9	    0.0	    0.0	1	   63.2	 21	 1398.4	   19.8	
   16	   1.60	  -40.6	 1324.9	  -97.2	    0.0	    0.0	    0.0	    0.0	    0.0	    0.0	    0.0	    0.0	  100.0	   95.6	    0.0	    0.0	    0.0	    0.0	    0.6	  1	  -50.0	 1250.0	   95.6	    0.0	    0.0	1	   63.2	 21	 1397.9	   19.8	
   17	   1.70	  -40.6	 1324.9	  -97.2	    0.0	    0.0	    0.0	    0.0	    0.0	    0.0	    0.0	    0.0	  100.0	   95.3	    0.0	    0.0	    0.0	    0.0	    0.6	  1	  -50.0	 1250.0	   95.3	    0.0	    0.0	1	   63.2	 21	 1397.4	   19.7	
   18	   1.80	  -40.6	 1324.9	  -97.2	    0.0	    0.0	    0.0	    0.0	    0.0	    0.0	    0.0	    0.0	  100.0	   95.0	    0.0	    0.0	    0.0	    0.0	    0.6	  1	  -50.0	 1250.0	   95.0	    0.0	    0.0	1	   63.2	 21	 1396.9	   19.7	
   19	   1.90	  -40.6	 1324.9	  -97.2	    0.0	    0.0	    0.0	    0.0	    0.0	    0.0	    0.0	    0.0	  100.0	   94.7	    0.0	    0.0	    0.0	    0.0	    0.7	  1	  -50.0	 1250.0	   94.7	    0.0	    0.0	1	   63.2	 21	 1396.5	   19.6	
   20	   2.00	  -40.6	 1324.9	  -97.2	    0.0	    0.0	    0.0	    0.0	    0.0	    0.0	    0.0	    0.0	  100.0	   94.4	    0.0	    0.0	    0.0	    0.0	    0.7	  1	  -50.0	 1250.0	   94.4	    0.0	    0.0	1	   63.2	 21	 1396.0	   19.6	
   21	   2.10	  -40.6	 1324.9	  -97.2	    0.0	    0.0	    0.0	    0.0	    0.0	    0.0	    0.0	    0.0	  100.0	   94.1	    0.0	    0.0	    0.0	    0.0	    0.8	  1	  -50.0	 1250.0	   94.1	    0.0	    0.0	1	   63.2	 21	 1395.5	   19.6	
   22	   2.20	  -40.6	 1324.9	  -97.2	    0.0	    0.0	    0.0	    0.0	    0.0	    0.0	    0.0	    0.0	  100.0	   93.8	    0.0	    0.0	    0.0	    0.0	    0.8	  1	  -50.0	 1250.0	   93.8	    0.0	    0.0	1	   63.2	 21	 1395.0	   19.5	
   23	   2.30	  -40.6	 1324.9	  -97.2	    0.0	    0.0	    0.0	    0.0	    0.0	    0.0	    0.0	    0.0	  100.0	   93.5	    0.0	    0.0	    0.0	    0.0	    0.8	  1	  -50.0	 1250.0	   93.5	    0.0	    0.0	1	   63.2	 21	 1394.6	   19.5	
   24	   2.40	  -40.6	 1324.9	  -97.2	    0.0	    0.0	    0.0	    0.0	    0.0	    0.0	    0.0	    0.0	  100.0	   93.2	    0.0	    0.0	    0.0	    0.0	    0.9	  1	  -50.0	 1250.0	   93.2	    0.0	    0.0	1	   63.2	 21	 1394.1	   19.4	
   25	   2.50	  -40.6	 1324.9	  -97.2	    0.0	    0.0	    0.0	    0.0	    0.0	    0.0	    0.0	    0.0	  100.0	   92.9	    0.0	    0.0	    0.0	    0.0	    0.9	  1	  -50.0	 1250.0	   92.9	    0.0	    0.0	1	   63.2	 21	 1393.6	   19.4	
   26	   2.60	  -40.6	 1324.9	  -97.2	    0.0	    0.0	    0.0	    0.0	    0.0	    0.0	    0.0	    0.0	  100.0	   92.6	    0.0	    0.0	    0.0	    0.0	    0.9	  1	  -50.0	 1250.0	   92.6	    0.0	    0.0	1	   63.2	 21	 1393.1	   19.3	
   27	   2.70	  -40.6	 1324.9	  -97.2	    0.0	    0.0	    0.0	    0.0	    0.0	    0.0	    0.0	    0.0	  100.0	   92.3	    0.0	    0.0	    0.0	    0.0	    1.0	  1	  -50.0	 1250.0	   92.3	    0.0	    0.0	1	   63.2	 21	 1392.7	   19.3	
   28	   2.80	  -40.6	 1324.9	  -97.2	    0.0	    0.0	    0.0	    0.0	    0.0	    0.0	    0.0	    0.0	  100.0	   92.0	    0.0	    0.0	    0.0	    0.0	    1.0	  1	  -50.0	 1250.0	   92.0	    0.0	    0.0	1	   63.2	 21	 1392.2	   19.2	
   29	   2.90	  -40.6	 1324.9	  -97.2	    0.0	    0.0	    0.0	    0.0	    0.0	    0.0	    0.0	    0.0	  100.0	   91.6	    0.0	    0.0	    0.0	    0.0	    1.1	  1	  -50.0	 1250.0	   91.6	    0.0	    0.0	1	   63.2	 21	 1391.7	   19.2	
   30	   3.00	  -40.6	 1324.9	  -97.2	    0.0	    0.0	    0.0	    0.0	    0.0	    0.0	    0.0	    0.0	  100.0	   91.3	    0.0	    0.0	    0.0	    0.0	    1.1	  1	  -50.0	 1250.0	   91.3	    0.0	    0.0	1	   63.2	 21	 1391.3	   19.1	
   31	   3.10	  -40.6	 1324.9	  -97.2	    0.0	    0.0	    0.0	    0.0	    0.0	    0.0	    0.0	    0.0	  100.0	   91.0	    0.0	    0.0	    0.0	    0.0	    1.1	  1	  -50.0	 1250.0	   91.0	    0.0	    0.0	1	   63.2	 21	 1390.8	   19.1	
   32	   3.20	  -40.6	 1324.9	  -97.2	    0.0	    0.0	    0.0	    0.0	    0.0	    0.0	    0.0	    0.0	  100.0	   90.7	    0.0	    0.0	    0.0	    0.0	    1.2	  1	  -50.0	 1250.0	   90.7	    0.0	    0.0	1	   63.2	 21	 1390.3	   19.0	
   33	   3.30	  -40.6	 1324.9	  -97.2	    0.0	    0.0	    0.0	    0.0	    0.0	    0.0	    0.0	    0.0	  100.0	   90.4	    0.0	    0.0	    0.0	    0.0	    1.2	  1	  -50.0	 1250.0	   90.4	    0.0	    0.0	1	   63.2	 21	 1389.8	   19.0	
   34	   3.40	  -40.6	 1324.9	  -97.2	    0.0	    0.0	    0.0	    0.0	    0.0	    0.0	    0.0	    0.0	  100.0	   90.1	    0.0	    0.0	    0.0	    0.0	    1.2	  1	  -50.0	 1250.0	   90.1	    0.0	    0.0	1	   63.2	 21	 1389.4	   18.9	
   35	   3.50	  -40.6	 1324.9	  -97.2	    0.0	    0.0	    0.0	    0.0	    0.0	    0.0	    0.0	    0.0	  100.0	   89.8	    0.0	    0.0	    0.0	    0.0	    1.3	  1	  -50.0	 1250.0	   89.8	    0.0	    0.0	1	   63.2	 21	 1388.9	   18.9	
   36	   3.60	  -40.6	 1324.9	  -97.2	    0.0	    0.0	    0.0	    0.0	    0.0	    0.0	    0.0	    0.0	  100.0	   89.5	    0.0	    0.0	    0.0	    0.0	    1.3	  1	  -50.0	 1250.0	   89.5	    0.0	    0.0	1	   63.2	 21	 1388.4	   18.8	
   37	   3.70	  -40.6	 1324.9	  -97.2	    0.0	    0.0	    0.0	    0.0	    0.0	    0.0	    0.0	    0.0	  100.0	   89.2	    0.0	    0.0	    0.0	    0.0	    1.3	  1	  -50.0	 1250.0	   89.2	    0.0	    0.0	1	   63.2	 21	 1387.9	   18.8	
   38	   3.80	  -40.6	 1324.9	  -97.2	    0.0	    0.0	    0.0	    0.0	    0.0	    0.0	    0.0	    0.0	  100.0	   88.9	    0.0	    0.0	    0.0	    0.0	    1.4	  1	  -50.0	 1250.0	   88.9	    0.0	    0.0	1	   63.2	 21	 1387.5	   18.7	
   39	   3.90	  -40.6	 1324.9	  -97.2	    0.0	    0.0	    0.0	    0.0	    0.0	    0.0	    0.0	    0.0	  100.0	   88.6	    0.0	    0.0	    0.0	    0.0	    1.4	  1	  -50.0	 1250.0	   88.6	    0.0	    0.0	1	   63.2	 21	 1387.0	   18.7	
   40	   4.00	  -40.6	 1324.9	  -97.2	    0.0	    0.0	    0.0	    0.0	    0.0	    0.0	    0.0	    0.0	  100.0	   88.3	    0.0	    0.0	    0.0	    0.0	    1.5	  1	  -50.0	 1250.0	   88.3	    0.0	    0.0	1	   63.2	 21	 1386.5	   18.7	
   41	   4.10	  -40.6	 1324.9	  -97.2	    0.0	    0.0	    0.0	    0.0	    0.0	    0.0	    0.0	    0.0	  100.0	   88.0	    0.0	    0.0	    0.0	    0.0	    1.5	  1	  -50.0	 1250.0	   88.0	    0.0	    0.0	1	   63.2	 21	 1386.0	   18.6	
   42	   4.20	  -40.6	 1324.9	  -97.2	    0.0	    0.0	    0.0	    0.0	    0.0	    0.0	    0.0	    0.0	  100.0	   87.7	    0.0	    0.0	    0.0	    0.0	    1.5	  1	  -50.0	 1250.0	   87.7	    0.0	    0.0	1	   63.2	 21	 1385.6	   18.6	
   43	   4.30	  -40.6	 1324.9	  -97.2	    0.0	    0.0	    0.0	    0.0	    0.0	    0.0	    0.0	    0.0	  100.0	   87.4	    0.0	    0.0	    0.0	    0.0	    1.6	  1	  -50.0	 1250.0	   87.4	    0.0	    0.0	1	   63.2	 21	 1385.1	   18.5	
   44	   4.40	  -40.6	 1324.9	  -97.2	    0.0	    0.0	    0.0	    0.0	    0.0	    0.0	    0.0	    0.0	  100.0	   87.1	    0.0	    0.0	    0.0	    0.0	    1.6	  1	  -50.0	 1250.0	   87.1	    0.0	    0.0	1	   63.2	 21	 1384.6	   18.5	
   45	   4.50	  -40.6	 1324.9	  -97.2	    0.0	    0.0	    0.0	    0.0	    0.0	    0.0	    0.0	    0.0	  100.0	   86.8	    0.0	    0.0	    0.0	    0.0	    1.6	  1	  -50.0	 1250.0	   86.8	    0.0	    0.0	1	   63.2	 21	 1384.2	   18.4	
   46	   4.60	  -40.6	 1324.9	  -97.2	    0.0	    0.0	    0.0	    0.0	    0.0	    0.0	    0.0	    0.0	  100.0	   86.5	    0.0	    0.0	    0.0	    0.0	    1.7	  1	  -50.0	 1250.0	   86.5	    0.0	    0.0	1	   63.2	 21	 1383.7	   18.4	
   47	   4.70	  -40.6	 1324.9	  -97.2	    0.0	    0.0	    0.0	    0.0	    0.0	    0.0	    0.0	    0.0	  100.0	   86.2	    0.0	    0.0	    0.0	    0.0	    1.7	  1	  -50.0	 1250.0	   86.2	    0.0	    0.0	1	   63.2	 21	 1383.2	   18.3	
   48	   4.80	  -40.6	 1324.9	  -97.2	    0.0	    0.0	    0.0	    0.0	    0.0	    0.0	    0.0	    0.0	  100.0	   85.9	    0.0	    0.0	    0.0	    0.0	    1.8	  1	  -50.0	 1250.0	   85.9	    0.0	    0.0	1	   63.2	 21	 1382.7	   18.3	
   49	   4.90	  -40.6	 1324.9	  -97.2	    0.0	    0.0	    0.0	    0.0	    0.0	    0.0	    0.0	    0.0	  100.0	   85.6	    0.0	    0.0	    0.0	    0.0	    1.8	  1	  -50.0	 1250.0	   85.6	    0.0	    0.0	1	   63.2	 21	 1382.3	   18.2	
   50	   5.00	  -40.6	 1324.9	  -97.2	    0.0	    0.0	    0.0	    0.0	    0.0	    0.0	    0.0	    0.0	  100.0	   85.3	    0.0	    0.0	    0.0	    0.0	    1.8	  1	  -50.0	 1250.0	   85.3	    0.0	    0.0	1	   63.2	 21	 1381.8	   18.2	
   51	   5.10	  -40.6	 1324.9	  -97.2	    0.0	    0.0	    0.0	    0.0	    0.0	    0.0	    0.0	    0.0	  100.0	   85.0	    0.0	    0.0	    0.0	    0.0	    1.9	  1	  -50.0	 1250.0	   85.0	    0.0	    0.0	1	   63.2	 21	 1381.3	   18.1	
   52	   5.20	  -40.6	 1324.9	  -97.2	    0.0	    0.0	    0.0	    0.0	    0.0	    0.0	    0.0	    0.0	  100.0	   84.7	    0.0	    0.0	    0.0	    0.0	    1.9	  1	  -50.0	 1250.0	   84.7	    0.0	    0.0	1	   63.2	 21	 1380.8	   18.1	
   53	   5.30	  -40.6	 1324.9	  -97.2	    0.0	    0.0	    0.0	    0.0	    0.0	    0.0	    0.0	    0.0	  100.0	   84.4	    0.0	    0.0	    0.0	    0.0	    1.9	  1	  -50.0	 1250.0	   84.4	    0.0	    0.0	1	   63.2	 21	 1380.4	   18.0	
   54	   5.40	  -40.6	 1324.9	  -97.2	    0.0	    0.0	    0.0	    0.0	    0.0	    0.0	    0.0	    0.0	  100.0	   84.1	    0.0	    0.0	    0.0	    0.0	    2.0	  1	  -50.0	 1250.0	   84.1	    0.0	    0.0	1	   63.2	 21	 1379.9	   18.0	
   55	   5.50	  -40.6	 1324.9	  -97.2	    0.0	    0.0	    0.0	    0.0	    0.0	    0.0	    0.0	    0.0	  100.0	   83.8	    0.0	    0.0	    0.0	    0.0	    2.0	  1	  -50.0	 1250.0	   83.8	    0.0	    0.0	1	   63.2	 21	 1379.4	   17.9	
   56	   5.60	  -40.6	 1324.9	  -97.2	    0.0	    0.0	    0.0	    0.0	    0.0	    0.0	    0.0	    0.0	  100.0	   83.5	    0.0	    0.0	    0.0	    0.0	    2.0	  1	  -50.0	 1250.0	   83.5	    0.0	    0.0	1	   63.2	 21	 1378.9	   17.9	
   57	   5.70	  -40.6	 1324.9	  -97.2	    0.0	    0.0	    0.0	    0.0	    0.0	    0.0	    0.0	    0.0	  100.0	   83.2	    0.0	    0.0	    0.0	    0.0	    2.1	  1	  -50.0	 1250.0	   83.2	    0.0	    0.0	1	   63.2	 21	 1378.5	   17.8	
   58	   5.80	  -40.6	 1324.9	  -97.2	    0.0	    0.0	    0.0	    0.0	    0.0	    0.0	    0.0	    0.0	  100.0	   82.9	    0.0	    0.0	    0.0	    0.0	    2.1	  1	  -50.0	 1250.0	   82.9	    0.0	    0.0	1	   63.2	 21	 1378.0	   17.8	
   59	   5.90	  -40.6	 1324.9	  -97.2	    0.0	    0.0	    0.0	    0.0	    0.0	    0.0	    0.0	    0.0	  100.0	   82.6	    0.0	    0.0	    0.0	    0.0	    2.2	  1	  -50.0	 1250.0	   82.6	    0.0	    0.0	1	   63.2	 21	 1377.5	   17.8	
   60	   6.00	  -40.6	 1324.9	  -97.2	    0.0	    0.0	    0.0	    0.0	    0.0	    0.0	    0.0	    0.0	  100.0	   82.3	    0.0	    0.0	    0.0	    0.0	    2.2	  1	  -50.0	 1250.0	   82.3	    0.0	    0.0	1	   63.2	 21	 1377.1	   17.7	
   61	   6.10	  -40.6	 1324.9	  -97.2	    0.0	    0.0	    0.0	    0.0	    0.0	    0.0	    0.0	    0.0	  100.0	   82.0	    0.0	    0.0	    0.0	    0.0	    2.2	  1	  -50.0	 1250.0	   82.0	    0.0	    0.0	1	   63.2	 21	 1376.6	   17.7	
   62	   6.20	  -40.6	 1324.9	  -97.2	    0.0	    0.0	    0.0	    0.0	    0.0	    0.0	    0.0	    0.0	  100.0	   81.7	    0.0	    0.0	    0.0	    0.0	    2.3	  1	  -50.0	 1250.0	   81.7	    0.0	    0.0	1	   63.2	 21	 1376.1	   17.6	
   63	   6.30	  -40.6	 1324.9	  -97.2	    0.0	    0.0	    0.0	    0.0	    0.0	    0.0	    0.0	    0.0	  100.0	   81.4	    0.0	    0.0	    0.0	    0.0	    2.3	  1	  -50.0	 1250.0	   81.4	    0.0	    0.0	1	   63.2	 21	 1375.6	   17.6	
   64	   6.40	  -40.6	 1324.9	  -97.2	    0.0	    0.0	    0.0	    0.0	    0.0	    0.0	    0.0	    0.0	  100.0	   81.0	    0.0	    0.0	    0.0	    0.0	    2.3	  1	  -50.0	 1250.0	   81.0	    0.0	    0.0	1	   63.2	 21	 1375.2	   17.5	
   65	   6.50	  -40.6	 1324.9	  -97.2	    0.0	    0.0	    0.0	    0.0	    0.0	    0.0	    0.0	    0.0	  100.0	   80.7	    0.0	    0.0	    0.0	    0.0	    2.4	  1	  -50.0	 1250.0	   80.7	    0.0	    0.0	1	   63.2	 21	 1374.7	   17.5	
   66	   6.60	  -40.6	 1324.9	  -97.2	    0.0	    0.0	    0.0	    0.0	    0.0	    0.0	    0.0	    0.0	  100.0	   80.4	    0.0	    0.0	    0.0	    0.0	    2.4	  1	  -50.0	 1250.0	   80.4	    0.0	    0.0	1	   63.2	 21	 1374.2	   17.4	
   67	   6.70	  -40.6	 1324.9	  -97.2	    0.0	    0.0	    0.0	    0.0	    0.0	    0.0	    0.0	    0.0	  100.0	   80.1	    0.0	    0.0	    0.0	    0.0	    2.5	  1	  -50.0	 1250.0	   80.1	    0.0	    0.0	1	   63.2	 21	 1373.7	   17.4	
   68	   6.80	  -40.6	 1324.9	  -97.2	    0.0	    0.0	    0.0	    0.0	    0.0	    0.0	    0.0	    0.0	  100.0	   79.8	    0.0	    0.0	    0.0	    0.0	    2.5	  1	  -50.0	 1250.0	   79.8	    0.0	    0.0	1	   63.2	 21	 1373.3	   17.3	
   69	   6.90	  -40.6	 1324.9	  -97.2	    0.0	    0.0	    0.0	    0.0	    0.0	    0.0	    0.0	    0.0	  100.0	   79.5	    0.0	    0.0	    0.0	    0.0	    2.5	  1	  -50.0	 1250.0	   79.5	    0.0	    0.0	1	   63.2	 21	 1372.8	   17.3	
   70	   7.00	  -40.6	 1324.9	  -97.2	    0.0	    0.0	    0.0	    0.0	    0.0	    0.0	    0.0	    0.0	  100.0	   79.2	    0.0	    0.0	    0.0	    0.0	    2.6	  1	  -50.0	 1250.0	   79.2	    0.0	    0.0	1	   63.2	 21	 1372.3	   17.2	
   71	   7.10	  -40.6	 1324.9	  -97.2	    0.0	    0.0	    0.0	    0.0	    0.0	    0.0	    0.0	    0.0	  100.0	   78.9	    0.0	    0.0	    0.0	    0.0	    2.6	  1	  -50.0	 1250.0	   78.9	    0.0	    0.0	1	   63.2	 21	 1371.8	   17.2	
   72	   7.20	  -40.6	 1324.9	  -97.2	    0.0	    0.0	    0.0	    0.0	    0.0	    0.0	    0.0	    0.0	  100.0	   78.6	    0.0	    0.0	    0.0	    0.0	    2.6	  1	  -50.0	 1250.0	   78.6	    0.0	    0.0	1	   63.2	 21	 1371.4	   17.1	
   73	   7.30	  -40.6	 1324.9	  -97.2	    0.0	    0.0	    0.0	    0.0	    0.0	    0.0	    0.0	    0.0	  100.0	   78.3	    0.0	    0.0	    0.0	    0.0	    2.7	  1	  -50.0	 1250.0	   78.3	    0.0	    0.0	1	   63.2	 21	 1370.9	   17.1	
   74	   7.40	  -40.6	 1324.9	  -97.2	    0.0	    0.0	    0.0	    0.0	    0.0	    0.0	    0.0	    0.0	  100.0	   78.0	    0.0	    0.0	    0.0	    0.0	    2.7	  1	  -50.0	 1250.0	   78.0	    0.0	    0.0	1	   63.2	 21	 1370.4	   17.0	
   75	   7.50	  -40.6	 1324.9	  -97.2	    0.0	    0.0	    0.0	    0.0	    0.0	    0.0	    0.0	    0.0	  100.0	   77.7	    0.0	    0.0	    0.0	    0.0	    2.7	  1	  -50.0	 1250.0	   77.7	    0.0	    0.0	1	   63.2	 21	 1370.0	   17.0	
   76	   7.60	  -40.6	 1324.9	  -97.2	    0.0	    0.0	    0.0	    0.0	    0.0	    0.0	    0.0	    0.0	  100.0	   77.4	    0.0	    0.0	    0.0	    0.0	    2.8	  1	  -50.0	 1250.0	   77.4	    0.0	    0.0	1	   63.2	 21	 1369.5	   16.9	
   77	   7.70	  -40.6	 1324.9	  -97.2	    0.0	    0.0	    0.0	    0.0	    0.0	    0.0	    0.0	    0.0	  100.0	   77.1	    0.0	    0.0	    0.0	    0.0	    2.8	  1	  -50.0	 1250.0	   77.1	    0.0	    0.0	1	   63.2	 21	 1369.0	   16.9	
   78	   7.80	  -40.6	 1324.9	  -97.2	    0.0	    0.0	    0.0	    0.0	    0.0	    0.0	    0.0	    0.0	  100.0	   76.8	    0.0	    0.0	    0.0	    0.0	    2.9	  1	  -50.0	 1250.0	   76.8	    0.0	    0.0	1	   63.2	 21	 1368.5	   16.9	
   79	   7.90	  -40.6	 1324.9	  -97.2	    0.0	    0.0	    0.0	    0.0	    0.0	    0.0	    0.0	    0.0	  100.0	   76.5	    0.0	    0.0	    0.0	    0.0	    2.9	  1	  -50.0	 1250.0	   76.5	    0.0	    0.0	1	   63.2	 21	 1368.1	   16.8	
   80	   8.00	  -40.6	 1324.9	  -97.2	    0.0	    0.0	    0.0	    0.0	    0.0	    0.0	    0.0	    0.0	  100.0	   76.2	    0.0	    0.0	    0.0	    0.0	    2.9	  1	  -50.0	 1250.0	   76.2	    0.0	    0.0	1	   63.2	 21	 1367.6	   16.8	
   81	   8.10	  -40.6	 1324.9	  -97.2	    0.0	    0.0	    0.0	    0.0	    0.0	    0.0	    0.0	    0.0	  100.0	   75.9	    0.0	    0.0	    0.0	    0.0	    3.0	  1	  -50.0	 1250.0	   75.9	    0.0	    0.0	1	   63.2	 21	 1367.1	   16.7	
   82	   8.20	  -40.6	 1324.9	  -97.2	    0.0	    0.0	    0.0	    0.0	    0.0	    0.0	    0.0	    0.0	  100.0	   75.6	    0.0	    0.0	    0.0	    0.0	    3.0	  1	  -50.0	 1250.0	   75.6	    0.0	    0.0	1	   63.2	 21	 1366.6	   16.7	
   83	   8.30	  -40.6	 1324.9	  -97.2	    0.0	    0.0	    0.0	    0.0	    0.0	    0.0	    0.0	    0.0	  100.0	   75.3	    0.0	    0.0	    0.0	    0.0	    3.0	  1	  -50.0	 1250.0	   75.3	    0.0	    0.0	1	   63.2	 21	 1366.2	   16.6	
   84	   8.40	  -40.6	 1324.9	  -97.2	    0.0	    0.0	    0.0	    0.0	    0.0	    0.0	    0.0	    0.0	  100.0	   75.0	    0.0	    0.0	    0.0	    0.0	    3.1	  1	  -50.0	 1250.0	   75.0	    0.0	    0.0	1	   63.2	 21	 1365.7	   16.6	
   85	   8.50	  -40.6	 1324.9	  -97.2	    0.0	    0.0	    0.0	    0.0	    0.0	    0.0	    0.0	    0.0	  100.0	   74.7	    0.0	    0.0	    0.0	    0.0	    3.1	  1	  -50.0	 1250.0	   74.7	    0.0	    0.0	1	   63.2	 21	 1365.2	   16.5	
   86	   8.60	  -40.6	 1324.9	  -97.2	    0.0	    0.0	    0.0	    0.0	    0.0	    0.0	    0.0	    0.0	  100.0	   74.4	    0.0	    0.0	    0.0	    0.0	    3.2	  1	  -50.0	 1250.0	   74.4	    0.0	    0.0	1	   63.2	 21	 1364.7	   16.5	
   87	   8.70	  -40.6	 1324.9	  -97.2	    0.0	    0.0	    0.0	    0.0	    0.0	    0.0	    0.0	    0.0	  100.0	   74.1	    0.0	    0.0	    0.0	    0.0	    3.2	  1	  -50.0	 1250.0	   74.1	    0.0	    0.0	1	   63.2	 21	 1364.3	   16.4	
   88	   8.80	  -40.6	 1324.9	  -97.2	    0.0	    0.0	    0.0	    0.0	    0.0	    0.0	    0.0	    0.0	  100.0	   73.8	    0.0	    0.0	    0.0	    0.0	    3.2	  1	  -50.0	 1250.0	   73.8	    0.0	    0.0	1	   63.2	 21	 1363.8	   16.4	
   89	   8.90	  -40.6	 1324.9	  -97.2	    0.0	    0.0	    0.0	    0.0	    0.0	    0.0	    0.0	    0.0	  100.0	   73.5	    0.0	    0.0	    0.0	    0.0	    3.3	  1	  -50.0	 1250.0	   73.5	    0.0	    0.0	1	   63.2	 21	 1363.3	   16.3	
   90	   9.00	  -40.6	 1324.9	  -97.2	    0.0	    0.0	    0.0	    0.0	    0.0	    0.0	    0.0	    0.0	  100.0	   73.2	    0.0	    0.0	    0.0	    0.0	    3.3	  1	  -50.0	 1250.0	   73.2	    0.0	    0.0	1	   63.2	 21	 1362.9	   16.3	
   91	   9.10	  -40.6	 1324.9	  -97.2	    0.0	    0.0	    0.0	    0.0	    0.0	    0.0	    0.0	    0.0	  100.0	   72.9	    0.0	    0.0	    0.0	    0.0	    3.3	  1	  -50.0	 1250.0	   72.9	    0.0	    0.0	1	   63.2	 21	 1362.4	   16.2	
   92	   9.20	  -40.6	 1324.9	  -97.2	    0.0	    0.0	    0.0	    0.0	    0.0	    0.0	    0.0	    0.0	  100.0	   72.6	    0.0	    0.0	    0.0	    0.0	    3.4	  1	  -50.0	 1250.0	   72.6	    0.0	    0.0	1	   63.2	 21	 1361.9	   16.2	
   93	   9.30	  -40.6	 1324.9	  -97.2	    0.0	    0.0	    0.0	    0.0	    0.0	    0.0	    0.0	    0.0	  100.0	   72.3	    0.0	    0.0	    0.0	    0.0	    3.4	  1	  -50.0	 1250.0	   72.3	    0.0	    0.0	1	   63.2	 21	 1361.4	   16.1	
   94	   9.40	  -40.6	 1324.9	  -97.2	    0.0	    0.0	    0.0	    0.0	    0.0	    0.0	    0.0	    0.0	  100.0	   72.0	    0.0	    0.0	    0.0	    0.0	    3.4	  1	  -50.0	 1250.0	   72.0	    0.0	    0.0	1	   63.2	 21	 1361.0	   16.1	
   95	   9.50	  -40.6	 1324.9	  -97.2	    0.0	    0.0	    0.0	    0.0	    0.0	    0.0	    0.0	    0.0	  100.0	   71.7	    0.0	    0.0	    0.0	    0.0	    3.5	  1	  -50.0	 1250.0	   71.7	    0.0	    0.0	1	   63.2	 21	 1360.5	   16.0	
   96	   9.60	  -40.6	 1324.9	  -97.2	    0.0	    0.0	    0.0	    0.0	    0.0	    0.0	    0.0	    0.0	  100.0	   71.4	    0.0	    0.0	    0.0	    0.0	    3.5	  1	  -50.0	 1250.0	   71.4	    0.0	    0.0	1	   63.2	 21	 1360.0	   16.0	
   97	   9.70	  -40.6	 1324.9	  -97.2	    0.0	    0.0	    0.0	    0.0	    0.0	    0.0	    0.0	    0.0	  100.0	   71.1	    0.0	    0.0	    0.0	    0.0	    3.6	  1	  -50.0	 1250.0	   71.1	    0.0	    0.0	1	   63.2	 21	 1359.5	   16.0	
   98	   9.80	  -40.6	 1324.9	  -97.2	    0.0	    0.0	    0.0	    0.0	    0.0	    0.0	    0.0	    0.0	  100.0	   70.8	    0.0	    0.0	    0.0	    0.0	    3.6	  1	  -50.0	 1250.0	   70.8	    0.0	    0.0	1	   63.2	 21	 1359.1	   15.9	
   99	   9.90	  -40.6	 1324.9	  -97.2	    0.0	    0.0	    0.0	    0.0	    0.0	    0.0	    0.0	    0.0	  100.0	   70.4	    0.0	    0.0	    0.0	    0.0	    3.6	  1	  -50.0	 1250.0	   70.4	    0.0	    0.0	1	   63.2	 21	 1358.6	   15.9	
  100	  10.00	  -40.6	 1324.9	  -97.2	    0.0	    0.0	    0.0	    0.0	    0.0	    0.0	    0.0	    0.0	  100.0	   70.1	    0.0	    0.0	    0.0	    0.0	    3.7	  1	  -50.0	 1250.0	   70.1	    0.0	    0.0	1	   63.2	 21	 1358.1	   15.8	
  101	  10.10	  -40.6	 1324.9	  -97.2	    0.0	    0.0	    0.0	    0.0	    0.0	    0.0	    0.0	    0.0	  100.0	   69.8	    0.0	    0.0	    0.0	    0.0	    3.7	  1	  -50.0	 1250.0	   69.8	    0.0	    0.0	1	   63.2	 21	 1357.6	   15.8	
  102	  10.20	  -40.6	 1324.9	  -97.2	    0.0	    0.0	    0.0	    0.0	    0.0	    0.0	    0.0	    0.0	  100.0	   69.5	    0.0	    0.0	    0.0	    0.0	    3.7	  1	  -50.0	 1250.0	   69.5	    0.0	    0.0	1	   63.2	 21	 1357.2	   15.7	
  103	  10.30	  -40.6	 1324.9	  -97.2	    0.0	    0.0	    0.0	    0.0	    0.0	    0.0	    0.0	    0.0	  100.0	   69.2	    0.0	    0.0	    0.0	    0.0	    3.8	  1	  -50.0	 1250.0	   69.2	    0.0	    0.0	1	   63.2	 21	 1356.7	   15.7	
  104	  10.40	  -40.6	 1324.9	  -97.2	    0.0	    0.0	    0.0	    0.0	    0.0	    0.0	    0.0	    0.0	  100.0	   68.9	    0.0	    0.0	    0.0	    0.0	    3.8	  1	  -50.0	 1250.0	   68.9	    0.0	    0.0	1	   63.2	 21	 1356.2	   15.6	
  105	  10.50	  -40.6	 1324.9	  -97.2	    0.0	    0.0	    0.0	    0.0	    0.0	    0.0	    0.0	    0.0	  100.0	   68.6	    0.0	    0.0	    0.0	    0.0	    3.9	  1	  -50.0	 1250.0	   68.6	    0.0	    0.0	1	   63.2	 21	 1355.8	   15.6	
  106	  10.60	  -40.6	 1324.9	  -97.2	    0.0	    0.0	    0.0	    0.0	    0.0	    0.0	    0.0	    0.0	  100.0	   68.3	    0.0	    0.0	    0.0	    0.0	    3.9	  1	  -50.0	 1250.0	   68.3	    0.0	    0.0	1	   63.2	 21	 1355.3	   15.5	
  107	  10.70	  -40.6	 1324.9	  -97.2	    0.0	    0.0	    0.0	    0.0	    0.0	    0.0	    0.0	    0.0	  100.0	   68.0	    0.0	    0.0	    0.0	    0.0	    3.9	  1	  -50.0	 1250.0	   68.0	    0.0	    0.0	1	   63.2	 21	 1354.8	   15.5	
  108	  10.80	  -40.6	 1324.9	  -97.2	    0.0	    0.0	    0.0	    0.0	    0.0	    0.0	    0.0	    0.0	  100.0	   67.7	    0.0	    0.0	    0.0	    0.0	    4.0	  1	  -50.0	 1250.0	   67.7	    0.0	    0.0	1	   63.2	 21	 1354.3	   15.4	
  109	  10.90	  -40.6	 1324.9	  -97.2	    0.0	    0.0	    0.0	    0.0	    0.0	    0.0	    0.0	    0.0	  100.0	   67.4	    0.0	    0.0	    0.0	    0.0	    4.0	  1	  -50.0	 1250.0	   67.4	    0.0	    0.0	1	   63.2	 21	 1353.9	   15.4	
  110	  11.00	  -40.6	 1324.9	  -97.2	    0.0	    0.0	    0.0	    0.0	    0.0	    0.0	    0.0	    0.0	  100.0	   67.1	    0.0	    0.0	    0.0	    0.0	    4.0	  1	  -50.0	 1250.0	   67.1	    0.0	    0.0	1	   63.2	 21	 1353.4	   15.3	
  111	  11.10	  -40.6	 1324.9	  -97.2	    0.0	    0.0	    0.0	    0.0	    0.0	    0.0	    0.0	    0.0	  100.0	   66.8	    0.0	    0.0	    0.0	    0.0	    4.1	  1	  -50.0	 1250.0	   66.8	    0.0	    0.0	1	   63.2	 21	 1352.9	   15.3	
  112	  11.20	  -40.6	 1324.9	  -97.2	    0.0	    0.0	    0.0	    0.0	    0.0	    0.0	    0.0	    0.0	  100.0	   66.5	    0.0	    0.0	    0.0	    0.0	    4.1	  1	  -50.0	 1250.0	   66.5	    0.0	    0.0	1	   63.2	 21	 1352.4	   15.2	
  113	  11.30	  -40.6	 1324.9	  -97.2	    0.0	    0.0	    0.0	    0.0	    0.0	    0.0	    0.0	    0.0	  100.0	   66.2	    0.0	    0.0	    0.0	    0.0	    4.1	  1	  -50.0	 1250.0	   66.2	    0.0	    0.0	1	   63.2	 21	 1352.0	   15.2	
  114	  11.40	  -40.6	 1324.9	  -97.2	    0.0	    0.0	    0.0	    0.0	    0.0	    0.0	    0.0	    0.0	  100.0	   65.9	    0.0	    0.0	    0.0	    0.0	    4.2	  1	  -50.0	 1250.0	   65.9	    0.0	    0.0	1	   63.2	 21	 1351.5	   15.1	
  115	  11.50	  -40.6	 1324.9	  -97.2	    0.0	    0.0	    0.0	    0.0	    0.0	    0.0	    0.0	    0.0	  100.0	   65.6	    0.0	    0.0	    0.0	    0.0	    4.2	  1	  -50.0	 1250.0	   65.6	    0.0	    0.0	1	   63.2	 21	 1351.0	   15.1	
  116	  11.60	  -40.6	 1324.9	  -97.2	    0.0	    0.0	    0.0	    0.0	    0.0	    0.0	    0.0	    0.0	  100.0	   65.3	    0.0	    0.0	    0.0	    0.0	    4.3	  1	  -50.0	 1250.0	   65.3	    0.0	    0.0	1	   63.2	 21	 1350.5	   15.1	
  117	  11.70	  -40.6	 1324.9	  -97.2	    0.0	    0.0	    0.0	    0.0	    0.0	    0.0	    0.0	    0.0	  100.0	   65.0	    0.0	    0.0	    0.0	    0.0	    4.3	  1	  -50.0	 1250.0	   65.0	    0.0	    0.0	1	   63.2	 21	 1350.1	   15.0	
  118	  11.80	  -40.6	 1324.9	  -97.2	    0.0	    0.0	    0.0	    0.0	    0.0	    0.0	    0.0	    0.0	  100.0	   64.7	    0.0	    0.0	    0.0	    0.0	    4.3	  1	  -50.0	 1250.0	   64.7	    0.0	    0.0	1	   63.2	 21	 1349.6	   15.0	
  119	  11.90	  -40.6	 1324.9	  -97.2	    0.0	    0.0	    0.0	    0.0	    0.0	    0.0	    0.0	    0.0	  100.0	   64.4	    0.0	    0.0	    0.0	    0.0	    4.4	  1	  -50.0	 1250.0	   64.4	    0.0	    0.0	1	   63.2	 21	 1349.1	   14.9	
  120	  12.00	  -40.6	 1324.9	  -97.2	    0.0	    0.0	    0.0	    0.0	    0.0	    0.0	    0.0	    0.0	  100.0	   64.1	    0.0	    0.0	    0.0	    0.0	    4.4	  1	  -50.0	 1250.0	   64.1	    0.0	    0.0	1	   63.2	 21	 1348.7	   14.9	
  121	  12.10	  -40.6	 1324.9	  -97.2	    0.0	    0.0	    0.0	    0.0	    0.0	    0.0	    0.0	    0.0	  100.0	   63.8	    0.0	    0.0	    0.0	    0.0	    4.4	  1	  -50.0	 1250.0	   63.8	    0.0	    0.0	1	   63.2	 21	 1348.2	   14.8	
  122	  12.20	  -40.6	 1324.9	  -97.2	    0.0	    0.0	    0.0	    0.0	    0.0	    0.0	    0.0	    0.0	  100.0	   63.5	    0.0	    0.0	    0.0	    0.0	    4.5	  1	  -50.0	 1250.0	   63.5	    0.0	    0.0	1	   63.2	 21	 1347.7	   14.8	
  123	  12.30	  -40.6	 1324.9	  -97.2	    0.0	    0.0	    0.0	    0.0	    0.0	    0.0	    0.0	    0.0	  100.0	   63.2	    0.0	    0.0	    0.0	    0.0	    4.5	  1	  -50.0	 1250.0	   63.2	    0.0	    0.0	1	   63.2	 21	 1347.2	   14.7	
  124	  12.40	  -40.6	 1324.9	  -97.2	    0.0	    0.0	    0.0	    0.0	    0.0	    0.0	    0.0	    0.0	  100.0	   62.9	    0.0	    0.0	    0.0	    0.0	    4.6	  1	  -50.0	 1250.0	   62.9	    0.0	    0.0	1	   63.2	 21	 1346.8	   14.7	
  125	  12.50	  -40.6	 1324.9	  -97.2	    0.0	    0.0	    0.0	    0.0	    0.0	    0.0	    0.0	    0.0	  100.0	   62.6	    0.0	    0.0	    0.0	    0.0	    4.6	  1	  -50.0	 1250.0	   62.6	    0.0	    0.0	1	   63.2	 21	 1346.3	   14.6	
  126	  12.60	  -40.6	 1324.9	  -97.2	    0.0	    0.0	    0.0	    0.0	    0.0	    0.0	    0.0	    0.0	  100.0	   62.3	    0.0	    0.0	    0.0	    0.0	    4.6	  1	  -50.0	 1250.0	   62.3	    0.0	    0.0	1	   63.2	 21	 1345.8	   14.6	
  127	  12.70	  -40.6	 1324.9	  -97.2	    0.0	    0.0	    0.0	    0.0	    0.0	    0.0	    0.0	    0.0	  100.0	   62.0	    0.0	    0.0	    0.0	    0.0	    4.7	  1	  -50.0	 1250.0	   62.0	    0.0	    0.0	1	   63.2	 21	 1345.3	   14.5	
  128	  12.80	  -40.6	 1324.9	  -97.2	    0.0	    0.0	    0.0	    0.0	    0.0	    0.0	    0.0	    0.0	  100.0	   61.7	    0.0	    0.0	    0.0	    0.0	    4.7	  1	  -50.0	 1250.0	   61.7	    0.0	    0.0	1	   63.2	 21	 1344.9	   14.5	
  129	  12.90	  -40.6	 1324.9	  -97.2	    0.0	    0.0	    0.0	    0.0	    0.0	    0.0	    0.0	    0.0	  100.0	   61.4	    0.0	    0.0	    0.0	    0.0	    4.7	  1	  -50.0	 1250.0	   61.4	    0.0	    0.0	1	   63.2	 21	 1344.4	   14.4	
  130	  13.00	  -40.6	 1324.9	  -97.2	    0.0	    0.0	    0.0	    0.0	    0.0	    0.0	    0.0	    0.0	  100.0	   61.1	    0.0	    0.0	    0.0	    0.0	    4.8	  1	  -50.0	 1250.0	   61.1	    0.0	    0.0	1	   63.2	 21	 1343.9	   14.4	
  131	  13.10	  -40.6	 1324.9	  -97.2	    0.0	    0.0	    0.0	    0.0	    0.0	    0.0	    0.0	    0.0	  100.0	   60.8	    0.0	    0.0	    0.0	    0.0	    4.8	  1	  -50.0	 1250.0	   60.8	    0.0	    0.0	1	   63.2	 21	 1343.4	   14.3	
  132	  13.20	  -40.6	 1324.9	  -97.2	    0.0	    0.0	    0.0	    0.0	    0.0	    0.0	    0.0	    0.0	  100.0	   60.5	    0.0	    0.0	    0.0	    0.0	    4.8	  1	  -50.0	 1250.0	   60.5	    0.0	    0.0	1	   63.2	 21	 1343.0	   14.3	
  133	  13.30	  -40.6	 1324.9	  -97.2	    0.0	    0.0	    0.0	    0.0	    0.0	    0.0	    0.0	    0.0	  100.0	   60.2	    0.0	    0.0	    0.0	    0.0	    4.9	  1	  -50.0	 1250.0	   60.2	    0.0	    0.0	1	   63.2	 21	 1342.5	   14.3	
  134	  13.40	  -40.6	 1324.9	  -97.2	    0.0	    0.0	    0.0	    0.0	    0.0	    0.0	    0.0	    0.0	  100.0	   59.9	    0.0	    0.0	    0.0	    0.0	    4.9	  1	  -50.0	 1250.0	   59.9	    0.0	    0.0	1	   63.2	 21	 1342.0	   14.2	
  135	  13.50	  -40.6	 1324.9	  -97.2	    0.0	    0.0	    0.0	    0.0	    0.0	    0.0	    0.0	    0.0	  100.0	   59.5	    0.0	    0.0	    0.0	    0.0	    5.0	  1	  -50.0	 1250.0	   59.5	    0.0	    0.0	1	   63.2	 21	 1341.6	   14.2	
  136	  13.60	  -40.6	 1324.9	  -97.2	    0.0	    0.0	    0.0	    0.0	    0.0	    0.0	    0.0	    0.0	  100.0	   59.2	    0.0	    0.0	    0.0	    0.0	    5.0	  1	  -50.0	 1250.0	   59.2	    0.0	    0.0	1	   63.2	 21	 1341.1	   14.1	
  137	  13.70	  -40.6	 1324.9	  -97.2	    0.0	    0.0	    0.0	    0.0	    0.0	    0.0	    0.0	    0.0	  100.0	   58.9	    0.0	    0.0	    0.0	    0.0	    5.0	  1	  -50.0	 1250.0	   58.9	    0.0	    0.0	1	   63.2	 21	 1340.6	   14.1	
  138	  13.80	  -40.6	 1324.9	  -97.2	    0.0	    0.0	    0.0	    0.0	    0.0	    0.0	    0.0	    0.0	  100.0	   58.6	    0.0	    0.0	    0.0	    0.0	    5.1	  1	  -50.0	 1250.0	   58.6	    0.0	    0.0	1	   63.2	 21	 1340.1	   14.0	
  139	  13.90	  -40.6	 1324.9	  -97.2	    0.0	    0.0	    0.0	    0.0	    0.0	    0.0	    0.0	    0.0	  100.0	   58.3	    0.0	    0.0	    0.0	    0.0	    5.1	  1	  -50.0	 1250.0	   58.3	    0.0	    0.0	1	   63.2	 21	 1339.7	   14.0	
  140	  14.00	  -40.6	 1324.9	  -97.2	    0.0	    0.0	    0.0	    0.0	    0.0	    0.0	    0.0	    0.0	  100.0	   58.0	    0.0	    0.0	    0.0	    0.0	    5.1	  1	  -50.0	 1250.0	   58.0	    0.0	    0.0	1	   63.2	 21	 1339.2	   13.9	
  141	  14.10	  -40.6	 1324.9	  -97.2	    0.0	    0.0	    0.0	    0.0	    0.0	    0.0	    0.0	    0.0	  100.0	   57.7	    0.0	    0.0	    0.0	    0.0	    5.2	  1	  -50.0	 1250.0	   57.7	    0.0	    0.0	1	   63.2	 21	 1338.7	   13.9	
  142	  14.20	  -40.6	 1324.9	  -97.2	    0.0	    0.0	    0.0	    0.0	    0.0	    0.0	    0.0	    0.0	  100.0	   57.4	    0.0	    0.0	    0.0	    0.0	    5.2	  1	  -50.0	 1250.0	   57.4	    0.0	    0.0	1	   63.2	 21	 1338.2	   13.8	
  143	  14.30	  -40.6	 1324.9	  -97.2	    0.0	    0.0	    0.0	    0.0	    0.0	    0.0	    0.0	    0.0	  100.0	   57.1	    0.0	    0.0	    0.0	    0.0	    5.3	  1	  -50.0	 1250.0	   57.1	    0.0	    0.0	1	   63.2	 21	 1337.8	   13.8	
  144	  14.40	  -40.6	 1324.9	  -97.2	    0.0	    0.0	    0.0	    0.0	    0.0	    0.0	    0.0	    0.0	  100.0	   56.8	    0.0	    0.0	    0.0	    0.0	    5.3	  1	  -50.0	 1250.0	   56.8	    0.0	    0.0	1	   63.2	 21	 1337.3	   13.7	
  145	  14.50	  -40.6	 1324.9	  -97.2	    0.0	    0.0	    0.0	    0.0	    0.0	    0.0	    0.0	    0.0	  100.0	   56.5	    0.0	    0.0	    0.0	    0.0	    5.3	  1	  -50.0	 1250.0	   56.5	    0.0	    0.0	1	   63.2	 21	 1336.8	   13.7	
  146	  14.60	  -40.6	 1324.9	  -97.2	    0.0	    0.0	    0.0	    0.0	    0.0	    0.0	    0.0	    0.0	  100.0	   56.2	    0.0	    0.0	    0.0	    0.0	    5.4	  1	  -50.0	 1250.0	   56.2	    0.0	    0.0	1	   63.2	 21	 1336.3	   13.6	
  147	  14.70	  -40.6	 1324.9	  -97.2	    0.0	    0.0	    0.0	    0.0	    0.0	    0.0	    0.0	    0.0	  100.0	   55.9	    0.0	    0.0	    0.0	    0.0	    5.4	  1	  -50.0	 1250.0	   55.9	    0.0	    0.0	1	   63.2	 21	 1335.9	   13.6	
  148	  14.80	  -40.6	 1324.9	  -97.2	    0.0	    0.0	    0.0	    0.0	    0.0	    0.0	    0.0	    0.0	  100.0	   55.6	    0.0	    0.0	    0.0	    0.0	    5.4	  1	  -50.0	 1250.0	   55.6	    0.0	    0.0	1	   63.2	 21	 1335.4	   13.5	
  149	  14.90	  -40.6	 1324.9	  -97.2	    0.0	    0.0	    0.0	    0.0	    0.0	    0.0	    0.0	    0.0	  100.0	   55.3	    0.0	    0.0	    0.0	    0.0	    5.5	  1	  -50.0	 1250.0	   55.3	    0.0	    0.0	1	   63.2	 21	 1334.9	   13.5	
  150	  15.00	  -40.6	 1324.9	  -97.2	    0.0	    0.0	    0.0	    0.0	    0.0	    0.0	    0.0	    0.0	  100.0	   55.0	    0.0	    0.0	    0.0	    0.0	    5.5	  1	  -50.0	 1250.0	   55.0	    0.0	    0.0	1	   63.2	 21	 1334.5	   13.4	
  151	  15.10	  -40.6	 1324.9	  -97.2	    0.0	    0.0	    0.0	    0.0	    0.0	    0.0	    0.0	    0.0	  100.0	   54.7	    0.0	    0.0	    0.0	    0.0	    5.5	  1	  -50.0	 1250.0	   54.7	    0.0	    0.0	1	   63.2	 21	 1334.0	   13.4	
  152	  15.20	  -40.6	 1324.9	  -97.2	    0.0	    0.0	    0.0	    0.0	    0.0	    0.0	    0.0	    0.0	  100.0	   54.4	    0.0	    0.0	    0.0	    0.0	    5.6	  1	  -50.0	 1250.0	   54.4	    0.0	    0.0	1	   63.2	 21	 1333.5	   13.4	
  153	  15.30	  -40.6	 1324.9	  -97.2	    0.0	    0.0	    0.0	    0.0	    0.0	    0.0	    0.0	    0.0	  100.0	   54.1	    0.0	    0.0	    0.0	    0.0	    5.6	  1	  -50.0	 1250.0	   54.1	    0.0	    0.0	1	   63.2	 21	 1333.0	   13.3	
  154	  15.40	  -40.6	 1324.9	  -97.2	    0.0	    0.0	    0.0	    0.0	    0.0	    0.0	    0.0	    0.0	  100.0	   53.8	    0.0	    0.0	    0.0	    0.0	    5.7	  1	  -50.0	 1250.0	   53.8	    0.0	    0.0	1	   63.2	 21	 1332.6	   13.3	
  155	  15.50	  -40.6	 1324.9	  -97.2	    0.0	    0.0	    0.0	    0.0	    0.0	    0.0	    0.0	    0.0	  100.0	   53.5	    0.0	    0.0	    0.0	    0.0	    5.7	  1	  -50.0	 1250.0	   53.5	    0.0	    0.0	1	   63.2	 21	 1332.1	   13.2	
  156	  15.60	  -40.6	 1324.9	  -97.2	    0.0	    0.0	    0.0	    0.0	    0.0	    0.0	    0.0	    0.0	  100.0	   53.2	    0.0	    0.0	    0.0	    0.0	    5.7	  1	  -50.0	 1250.0	   53.2	    0.0	    0.0	1	   63.2	 21	 1331.6	   13.2	
  157	  15.70	  -40.6	 1324.9	  -97.2	    0.0	    0.0	    0.0	    0.0	    0.0	    0.0	    0.0	    0.0	  100.0	   52.9	    0.0	    0.0	    0.0	    0.0	    5.8	  1	  -50.0	 1250.0	   52.9	    0.0	    0.0	1	   63.2	 21	 1331.1	   13.1	
  158	  15.80	  -40.6	 1324.9	  -97.2	    0.0	    0.0	    0.0	    0.0	    0.0	    0.0	    0.0	    0.0	  100.0	   52.6	    0.0	    0.0	    0.0	    0.0	    5.8	  1	  -50.0	 1250.0	   52.6	    0.0	    0.0	1	   63.2	 21	 1330.7	   13.1	
  159	  15.90	  -40.6	 1324.9	  -97.2	    0.0	    0.0	    0.0	    0.0	    0.0	    0.0	    0.0	    0.0	  100.0	   52.3	    0.0	    0.0	    0.0	    0.0	    5.8	  1	  -50.0	 1250.0	   52.3	    0.0	    0.0	1	   63.2	 21	 1330.2	   13.0	
  160	  16.00	  -40.6	 1324.9	  -97.2	    0.0	    0.0	    0.0	    0.0	    0.0	    0.0	    0.0	    0.0	  100.0	   52.0	    0.0	    0.0	    0.0	    0.0	    5.9	  1	  -50.0	 1250.0	   52.0	    0.0	    0.0	1	   63.2	 21	 1329.7	   13.0	
  161	  16.10	  -40.6	 1324.9	  -97.2	    0.0	    0.0	    0.0	    0.0	    0.0	    0.0	    0.0	    0.0	  100.0	   51.7	    0.0	    0.0	    0.0	    0.0	    5.9	  1	  -50.0	 1250.0	   51.7	    0.0	    0.0	1	   63.2	 21	 1329.2	   12.9	
  162	  16.20	  -40.6	 1324.9	  -97.2	    0.0	    0.0	    0.0	    0.0	    0.0	    0.0	    0.0	    0.0	  100.0	   51.4	    0.0	    0.0	    0.0	    0.0	    6.0	  1	  -50.0	 1250.0	   51.4	    0.0	    0.0	1	   63.2	 21	 1328.8	   12.9	
  163	  16.30	  -40.6	 1324.9	  -97.2	    0.0	    0.0	    0.0	    0.0	    0.0	    0.0	    0.0	    0.0	  100.0	   51.1	    0.0	    0.0	    0.0	    0.0	    6.0	  1	  -50.0	 1250.0	   51.1	    0.0	    0.0	1	   63.2	 21	 1328.3	   12.8	
  164	  16.40	  -40.6	 1324.9	  -97.2	    0.0	    0.0	    0.0	    0.0	    0.0	    0.0	    0.0	    0.0	  100.0	   50.8	    0.0	    0.0	    0.0	    0.0	    6.0	  1	  -50.0	 1250.0	   50.8	    0.0	    0.0	1	   63.2	 21	 1327.8	   12.8	
  165	  16.50	  -40.6	 1324.9	  -97.2	    0.0	    0.0	    0.0	    0.0	    0.0	    0.0	    0.0	    0.0	  100.0	   50.5	    0.0	    0.0	    0.0	    0.0	    6.1	  1	  -50.0	 1250.0	   50.5	    0.0	    0.0	1	   63.2	 21	 1327.4	   12.7	
  166	  16.60	  -40.6	 1324.9	  -97.2	    0.0	    0.0	    0.0	    0.0	    0.0	    0.0	    0.0	    0.0	  100.0	   50.2	    0.0	    0.0	    0.0	    0.0	    6.1	  1	  -50.0	 1250.0	   50.2	    0.0	    0.0	1	   63.2	 21	 1326.9	   12.7	
  167	  16.70	  -40.6	 1324.9	  -97.2	    0.0	    0.0	    0.0	    0.0	    0.0	    0.0	    0.0	    0.0	  100.0	   49.9	    0.0	    0.0	    0.0	    0.0	    6.1	  1	  -50.0	 1250.0	   49.9	    0.0	    0.0	1	   63.2	 21	 1326.4	   12.6	
  168	  16.80	  -40.6	 1324.9	  -97.2	    0.0	    0.0	    0.0	    0.0	    0.0	    0.0	    0.0	    0.0	  100.0	   49.6	    0.0	    0.0	    0.0	    0.0	    6.2	  1	  -50.0	 1250.0	   49.6	    0.0	    0.0	1	   63.2	 21	 1325.9	   12.6	
  169	  16.90	  -40.6	 1324.9	  -97.2	 1148.7	 1414.0	    0.0	  200.0	    0.0	    0.0	    0.0	    0.0	  100.0	   49.7	    0.0	    0.0	    0.0	    0.0	    6.2	  1	 1000.0	 2450.0	   49.7	    0.0	    0.0	1	  448.0	 21	 1208.9	 -191.1	
  170	  17.00	  -28.5	 1340.3	   51.9	 1148.7	 1414.0	    0.0	  200.0	    0.0	    0.0	    0.0	    0.0	  100.0	   49.3	    0.0	    0.0	    0.0	    0.0	    6.2	  1	  350.0	 1350.0	   49.3	    0.0	    0.0	1	  294.6	 21	 1383.7	   18.4	
  171	  17.10	   16.9	 1352.8	   12.6	 1148.7	 1414.0	    0.0	  200.0	    0.0	    0.0	    0.0	    0.0	  100.0	   49.0	    0.0	    0.0	    0.0	    0.0	    6.3	  1	  350.0	 1350.0	   49.0	    0.0	    0.0	1	  290.2	 21	 1392.4	   19.2	
  172	  17.20	   83.8	 1362.3	    7.5	 1148.7	 1414.0	    0.0	  200.0	    0.0	    0.0	    0.0	    0.0	  100.0	   48.6	    0.0	    0.0	    0.0	    0.0	    6.3	  1	  350.0	 1350.0	   48.6	    0.0	    0.0	1	  247.2	 21	 1391.3	   19.1	
  173	  17.30	  140.5	 1362.4	   -1.3	 1148.7	 1414.0	    0.0	  200.0	    0.0	    0.0	    0.0	    0.0	  100.0	   48.2	    0.0	    0.0	    0.0	    0.0	    6.3	  1	  350.0	 1350.0	   48.2	    0.0	    0.0	1	  195.6	 21	 1399.1	   19.9	
  174	  17.40	  188.5	 1360.5	   -2.3	 1284.1	 1410.8	    0.0	  200.0	    0.0	    0.0	    0.0	    0.0	  100.0	   47.9	    0.0	    0.0	    0.0	    0.0	    6.3	  1	  550.0	 1250.0	   47.9	    0.0	    0.0	1	  345.5	 21	 1324.4	  -75.6	
  175	  17.50	  258.4	 1341.0	  -17.2	 1284.1	 1410.8	    0.0	  200.0	    0.0	    0.0	    0.0	    0.0	  100.0	   47.5	    0.0	    0.0	    0.0	    0.0	    6.3	  1	  550.0	 1250.0	   47.5	    0.0	    0.0	1	  278.5	 21	 1393.9	   19.4	
  176	  17.60	  322.1	 1321.0	  -17.5	 1284.1	 1410.8	    0.0	  200.0	    0.0	    0.0	    0.0	    0.0	  100.0	   47.1	    0.0	    0.0	    0.0	    0.0	    6.3	  1	  550.0	 1250.0	   47.1	    0.0	    0.0	1	  215.9	 21	    0.0	    0.0	
  177	  17.70	  374.5	 1305.3	  -16.5	 1284.1	 1410.8	    0.0	  200.0	    0.0	    0.0	    0.0	    0.0	  100.0	   46.7	    0.0	    0.0	    0.0	    0.0	    6.3	  1	  550.0	 1250.0	   46.7	    0.0	    0.0	1	  165.7	 21	 1399.6	   20.0	
  178	  17.80	  414.9	 1292.7	  -17.6	 1284.1	 1410.8	    0.0	  200.0	    0.0	    0.0	    0.0	    0.0	  100.0	   46.3	    0.0	    0.0	    0.0	    0.0	    6.2	  1	  550.0	 1250.0	   46.3	    0.0	    0.0	1	  133.5	 21	    0.0	    0.0	
  179	  17.90	  445.5	 1283.5	  -16.4	 1329.9	 1424.2	    0.0	  200.0	    0.0	    0.0	    0.0	    0.0	  100.0	   45.9	    0.0	    0.0	    0.0	    0.0	    6.2	  1	  550.0	 1350.0	   45.9	    0.0	    0.0	1	  116.4	 21	 1400.0	   20.0	
  180	  18.00	  468.3	 1294.7	   35.7	 1329.9	 1424.2	    0.0	  200.0	    0.0	    0.0	    0.0	    0.0	  100.0	   45.5	    0.0	    0.0	    0.0	    0.0	    6.1	  1	  550.0	 1350.0	   45.5	    0.0	    0.0	1	   90.6	 21	 1398.6	   19.9	
  181	  18.10	  486.0	 1307.8	   36.7	 1329.9	 1424.2	    0.0	  200.0	    0.0	    0.0	    0.0	    0.0	  100.0	   45.1	    0.0	    0.0	    0.0	    0.0	    6.1	  1	  550.0	 1350.0	   45.1	    0.0	    0.0	1	   71.2	 21	 1398.3	   19.8	
  182	  18.20	  488.3	 1309.6	    7.9	 1329.9	 1424.2	    0.0	  200.0	    0.0	    0.0	    0.0	    0.0	  100.0	   44.7	    0.0	    0.0	    0.0	    0.0	    6.0	  1	  550.0	 1350.0	   44.7	    0.0	    0.0	1	   71.2	 21	 1396.9	   19.7	
  183	  18.30	  488.3	 1309.6	    7.8	 1329.9	 1424.2	    0.0	  200.0	    0.0	    0.0	    0.0	    0.0	  100.0	   44.3	    0.0	    0.0	    0.0	    0.0	    6.0	  1	  550.0	 1350.0	   44.3	    0.0	    0.0	1	   71.2	 21	 1395.5	   19.5	
  184	  18.40	  488.3	 1309.6	    7.8	 1329.9	 1424.2	    0.0	  200.0	    0.0	    0.0	    0.0	    0.0	  100.0	   43.9	    0.0	    0.0	    0.0	    0.0	    5.9	  1	  550.0	 1350.0	   43.9	    0.0	    0.0	1	   71.2	 21	 1394.1	   19.4	
  185	  18.50	  488.3	 1309.6	    7.8	 1336.1	 1415.8	    0.0	  200.0	    0.0	    0.0	    0.0	    0.0	  100.0	   43.5	    0.0	    0.0	    0.0	    0.0	    5.9	  1	  550.0	 1350.0	   43.5	    0.0	    0.0	1	   71.2	 21	 1392.3	   19.2	
  186	  18.60	  488.3	 1309.6	    7.1	 1336.1	 1415.8	    0.0	  200.0	    0.0	    0.0	    0.0	    0.0	  100.0	   43.0	    0.0	    0.0	    0.0	    0.0	    5.9	  1	  550.0	 1350.0	   43.0	    0.0	    0.0	1	   71.2	 21	 1390.9	   19.1	
  187	  18.70	  488.3	 1309.6	    7.1	 1336.1	 1415.8	    0.0	  200.0	    0.0	    0.0	    0.0	    0.0	  100.0	   42.6	    0.0	    0.0	    0.0	    0.0	    5.9	  1	  550.0	 1350.0	   42.6	    0.0	    0.0	1	   71.2	 21	 1389.6	   19.0	
  188	  18.80	  488.3	 1309.6	    7.1	 1336.1	 1415.8	    0.0	  200.0	    0.0	    0.0	    0.0	    0.0	  100.0	   42.2	    0.0	    0.0	    0.0	    0.0	    5.9	  1	  550.0	 1350.0	   42.2	    0.0	    0.0	1	   71.2	 21	 1388.2	   18.8	
  189	  18.90	  488.3	 1309.6	    7.1	 1336.1	 1415.8	    0.0	  200.0	    0.0	    0.0	    0.0	    0.0	  100.0	   41.8	    0.0	    0.0	    0.0	    0.0	    5.9	  1	  550.0	 1350.0	   41.8	    0.0	    0.0	1	   71.2	 21	 1386.8	   18.7	
  190	  19.00	  488.3	 1309.6	    7.1	 1331.7	 1400.0	    0.0	  200.0	    0.0	    0.0	    0.0	    0.0	  100.0	   41.4	    0.0	    0.0	    0.0	    0.0	    5.9	  1	  550.0	 1350.0	   41.4	    0.0	    0.0	1	   71.2	 21	 1385.8	   18.6	
  191	  19.10	  488.3	 1309.6	    6.1	 1331.7	 1400.0	    0.0	  200.0	    0.0	    0.0	    0.0	    0.0	  100.0	   41.0	    0.0	    0.0	    0.0	    0.0	    5.9	  1	  550.0	 1350.0	   41.0	    0.0	    0.0	1	   71.2	 21	 1384.4	   18.4	
  192	  19.20	  488.3	 1309.6	    6.1	 1331.7	 1400.0	    0.0	  200.0	    0.0	    0.0	    0.0	    0.0	  100.0	   40.6	    0.0	    0.0	    0.0	    0.0	    5.9	  1	  550.0	 1350.0	   40.6	    0.0	    0.0	1	   71.2	 21	 1383.0	   18.3	
  193	  19.30	  488.3	 1309.6	    6.1	 1331.7	 1400.0	    0.0	  200.0	    0.0	    0.0	    0.0	    0.0	  100.0	   40.1	    0.0	    0.0	    0.0	    0.0	    5.9	  1	  550.0	 1350.0	   40.1	    0.0	    0.0	1	   71.2	 21	 1381.6	   18.2	
  194	  19.40	  488.3	 1309.6	    6.1	 1331.7	 1400.0	    0.0	  200.0	    0.0	    0.0	    0.0	    0.0	  100.0	   39.7	    0.0	    0.0	    0.0	    0.0	    5.9	  1	  550.0	 1350.0	   39.7	    0.0	    0.0	1	   71.2	 21	 1380.2	   18.0	
  195	  19.50	  488.3	 1309.6	    6.1	 1327.1	 1378.9	    0.0	  200.0	    0.0	    0.0	    0.0	    0.0	  100.0	   39.3	    0.0	    0.0	    0.0	    0.0	    6.0	  1	  550.0	 1350.0	   39.3	    0.0	    0.0	1	   71.2	 21	 1379.2	   17.9	
  196	  19.60	  488.3	 1309.6	    4.7	 1327.1	 1378.9	    0.0	  200.0	    0.0	    0.0	    0.0	    0.0	  100.0	   38.9	    0.0	    0.0	    0.0	    0.0	    6.0	  1	  550.0	 1350.0	   38.9	    0.0	    0.0	1	   71.2	 21	 1377.8	   17.8	
  197	  19.70	  488.3	 1309.6	    4.7	 1327.1	 1378.9	    0.0	  200.0	    0.0	    0.0	    0.0	    0.0	  100.0	   38.5	    0.0	    0.0	    0.0	    0.0	    6.0	  1	  550.0	 1350.0	   38.5	    0.0	    0.0	1	   71.2	 21	 1376.4	   17.6	
  198	  19.80	  488.3	 1309.6	    4.7	 1327.1	 1378.9	    0.0	  200.0	    0.0	    0.0	    0.0	    0.0	  100.0	   38.1	    0.0	    0.0	    0.0	    0.0	    6.0	  1	  550.0	 1350.0	   38.1	    0.0	    0.0	1	   71.2	 21	 1375.0	   17.5	
  199	  19.90	  488.3	 1309.6	    4.7	 1327.1	 1378.9	    0.0	  200.0	    0.0	    0.0	    0.0	    0.0	  100.0	   37.7	    0.0	    0.0	    0.0	    0.0	    6.1	  1	  550.0	 1350.0	   37.7	    0.0	    0.0	1	   71.2	 21	 1373.6	   17.4	
  200	  20.00	  488.3	 1309.6	    4.7	 1306.8	 1343.5	    0.0	  200.0	    0.0	    0.0	    0.0	    0.0	  100.0	   37.2	    0.0	    0.0	    0.0	    0.0	    6.1	  1	  550.0	 1350.0	   37.2	    0.0	    0.0	1	   71.2	 21	 1373.4	   17.3	
  201	  20.10	  488.3	 1309.6	    2.4	 1306.8	 1343.5	    0.0	  200.0	    0.0	    0.0	    0.0	    0.0	  100.0	   36.8	    0.0	    0.0	    0.0	    0.0	    6.1	  1	  550.0	 1350.0	   36.8	    0.0	    0.0	1	   71.2	 21	 1372.0	   17.2	
  202	  20.20	  488.3	 1309.6	    2.4	 1306.8	 1343.5	    0.0	  200.0	    0.0	    0.0	    0.0	    0.0	  100.0	   36.4	    0.0	    0.0	    0.0	    0.0	    6.1	  1	  550.0	 1350.0	   36.4	    0.0	    0.0	1	   71.2	 21	 1370.5	   17.1	
  203	  20.30	  488.3	 1309.6	    2.4	 1306.8	 1343.5	    0.0	  200.0	    0.0	    0.0	    0.0	    0.0	  100.0	   36.0	    0.0	    0.0	    0.0	    0.0	    6.2	  1	  550.0	 1350.0	   36.0	    0.0	    0.0	1	   71.2	 21	 1369.1	   16.9	
  204	  20.40	  488.3	 1309.6	    2.4	 1300.0	 1309.8	    0.0	  200.0	    0.0	    0.0	    0.0	    0.0	  100.0	   35.6	    0.0	    0.0	    0.0	    0.0	    6.2	  1	  550.0	 1350.0	   35.6	    0.0	    0.0	1	   71.2	 21	 1368.0	   16.8	
  205	  20.50	  488.3	 1309.6	    0.0	 1300.0	 1309.8	    0.0	  200.0	    0.0	    0.0	    0.0	    0.0	  100.0	   35.1	    0.0	    0.0	    0.0	    0.0	    6.2	  1	  550.0	 1350.0	   35.1	    0.0	    0.0	1	   71.2	 21	 1366.6	   16.7	
  206	  20.60	  488.3	 1309.6	    0.0	 1300.0	 1309.8	    0.0	  200.0	    0.0	    0.0	    0.0	    0.0	  100.0	   34.7	    0.0	    0.0	    0.0	    0.0	    6.3	  1	  550.0	 1350.0	   34.7	    0.0	    0.0	1	   71.2	 21	 1365.1	   16.5	
  207	  20.70	  488.3	 1309.6	    0.0	 1300.0	 1309.8	    0.0	  200.0	    0.0	    0.0	    0.0	    0.0	  100.0	   34.3	    0.0	    0.0	    0.0	    0.0	    6.3	  1	  550.0	 1350.0	   34.3	    0.0	    0.0	1	   71.2	 21	 1363.7	   16.4	
  208	  20.80	  488.3	 1309.6	    0.0	 1300.0	 1309.8	    0.0	  200.0	    0.0	    0.0	    0.0	    0.0	  100.0	   33.9	    0.0	    0.0	    0.0	    0.0	    6.3	  1	  550.0	 1350.0	   33.9	    0.0	    0.0	1	   71.2	 21	 1362.3	   16.2	
  209	  20.90	  488.3	 1309.6	    0.0	 1300.0	 1309.8	    0.0	  200.0	    0.0	    0.0	    0.0	    0.0	  100.0	   33.4	    0.0	    0.0	    0.0	    0.0	    6.3	  1	  550.0	 1350.0	   33.4	    0.0	    0.0	1	   71.2	 21	 1360.8	   16.1	
  210	  21.00	  488.3	 1309.6	    0.0	 1290.0	 1305.9	    0.0	  200.0	    0.0	    0.0	    0.0	    0.0	  100.0	   33.0	    0.0	    0.0	    0.0	    0.0	    6.4	  1	  450.0	 1350.0	   33.0	    0.0	    0.0	1	   52.9	 21	 1359.9	   16.0	
  211	  21.10	  488.3	 1309.6	   -0.3	 1290.0	 1305.9	    0.0	  200.0	    0.0	    0.0	    0.0	    0.0	  100.0	   32.6	    0.0	    0.0	    0.0	    0.0	    6.4	  1	  450.0	 1350.0	   32.6	    0.0	    0.0	1	   52.9	 21	 1358.4	   15.8	
  212	  21.20	  488.3	 1309.6	   -0.3	 1292.8	 1305.5	    0.0	  200.0	    0.0	    0.0	    0.0	    0.0	  100.0	   32.2	    0.0	    0.0	    0.0	    0.0	    6.4	  1	  450.0	 1350.0	   32.2	    0.0	    0.0	1	   52.9	 21	 1356.8	   15.7	
  213	  21.30	  488.3	 1309.6	   -0.3	 1292.8	 1305.5	    0.0	  200.0	    0.0	    0.0	    0.0	    0.0	  100.0	   31.8	    0.0	    0.0	    0.0	    0.0	    6.5	  1	  450.0	 1350.0	   31.8	    0.0	    0.0	1	   52.9	 21	 1355.4	   15.5	
  214	  21.40	  488.3	 1309.6	   -0.3	 1292.8	 1305.5	    0.0	  200.0	    0.0	    0.0	    0.0	    0.0	  100.0	   31.3	    0.0	    0.0	    0.0	    0.0	    6.5	  1	  450.0	 1350.0	   31.3	    0.0	    0.0	1	   52.9	 21	 1354.0	   15.4	
  215	  21.50	  488.3	 1309.6	   -0.3	 1292.8	 1305.5	    0.0	  200.0	    0.0	    0.0	    0.0	    0.0	  100.0	   30.9	    0.0	    0.0	    0.0	    0.0	    6.5	  1	  450.0	 1350.0	   30.9	    0.0	    0.0	1	   52.9	 21	 1352.5	   15.3	
  216	  21.60	  488.3	 1309.6	   -0.3	 1240.3	 1310.1	    0.0	  200.0	    0.0	    0.0	    0.0	    0.0	  100.0	   30.5	    0.0	    0.0	    0.0	    0.0	    6.6	  1	  450.0	 1350.0	   30.5	    0.0	    0.0	1	   52.9	 21	 1355.7	   15.6	
  217	  21.70	  488.3	 1309.6	    0.0	 1240.3	 1310.1	    0.0	  200.0	    0.0	    0.0	    0.0	    0.0	  100.0	   30.0	    0.0	    0.0	    0.0	    0.0	    6.6	  1	  450.0	 1350.0	   30.0	    0.0	    0.0	1	   52.9	 21	 1351.9	   15.2	
  218	  21.80	  488.3	 1309.6	    0.0	 1240.3	 1310.1	    0.0	  200.0	    0.0	    0.0	    0.0	    0.0	  100.0	   29.6	    0.0	    0.0	    0.0	    0.0	    6.6	  1	  450.0	 1350.0	   29.6	    0.0	    0.0	1	   52.9	 21	 1350.4	   15.0	
  219	  21.90	  488.3	 1309.6	    0.0	 1240.3	 1310.1	    0.0	  200.0	    0.0	    0.0	    0.0	    0.0	  100.0	   29.2	    0.0	    0.0	    0.0	    0.0	    6.7	  1	  450.0	 1350.0	   29.2	    0.0	    0.0	1	   52.9	 21	 1348.9	   14.9	
  220	  22.00	  488.3	 1309.6	    0.0	 1240.3	 1310.1	    0.0	  200.0	    0.0	    0.0	    0.0	    0.0	  100.0	   28.7	    0.0	    0.0	    0.0	    0.0	    6.7	  1	  450.0	 1350.0	   28.7	    0.0	    0.0	1	   52.9	 21	 1347.4	   14.7	
  221	  22.10	  488.3	 1309.6	    0.0	 1240.3	 1310.1	    0.0	  200.0	    0.0	    0.0	    0.0	    0.0	  100.0	   28.3	    0.0	    0.0	    0.0	    0.0	    6.7	  1	  450.0	 1350.0	   28.3	    0.0	    0.0	1	   52.9	 21	 1345.9	   14.6	
  222	  22.20	  488.3	 1309.6	    0.0	 1240.3	 1310.1	    0.0	  200.0	    0.0	    0.0	    0.0	    0.0	  100.0	   27.9	    0.0	    0.0	    0.0	    0.0	    6.8	  1	  450.0	 1350.0	   27.9	    0.0	    0.0	1	   52.9	 21	 1344.3	   14.4	
  223	  22.30	  488.3	 1309.6	    0.0	 1240.3	 1310.1	    0.0	  200.0	    0.0	    0.0	    0.0	    0.0	  100.0	   27.5	    0.0	    0.0	    0.0	    0.0	    6.8	  1	  450.0	 1350.0	   27.5	    0.0	    0.0	1	   52.9	 21	 1342.8	   14.3	
  224	  22.40	  488.3	 1309.6	    0.0	 1240.3	 1310.1	    0.0	  200.0	    0.0	    0.0	    0.0	    0.0	  100.0	   27.0	    0.0	    0.0	    0.0	    0.0	    6.8	  1	  450.0	 1350.0	   27.0	    0.0	    0.0	1	   52.9	 21	 1341.3	   14.1	
  225	  22.50	  488.3	 1309.6	    0.0	 1240.3	 1310.1	    0.0	  200.0	    0.0	    0.0	    0.0	    0.0	  100.0	   26.6	    0.0	    0.0	    0.0	    0.0	    6.9	  1	  450.0	 1350.0	   26.6	    0.0	    0.0	1	   52.9	 21	 1339.8	   14.0	
  226	  22.60	  488.3	 1309.6	    0.0	 1240.3	 1310.1	    0.0	  200.0	    0.0	    0.0	    0.0	    0.0	  100.0	   26.2	    0.0	    0.0	    0.0	    0.0	    6.9	  1	  450.0	 1350.0	   26.2	    0.0	    0.0	1	   52.9	 21	 1338.3	   13.8	
  227	  22.70	  488.3	 1309.6	    0.0	 1240.3	 1310.1	    0.0	  200.0	    0.0	    0.0	    0.0	    0.0	  100.0	   25.7	    0.0	    0.0	    0.0	    0.0	    7.0	  1	  450.0	 1350.0	   25.7	    0.0	    0.0	1	   52.9	 21	 1336.8	   13.7	
  228	  22.80	  488.3	 1309.6	    0.0	 1240.3	 1310.1	    0.0	  200.0	    0.0	    0.0	    0.0	    0.0	  100.0	   25.3	    0.0	    0.0	    0.0	    0.0	    7.0	  1	  450.0	 1350.0	   25.3	    0.0	    0.0	1	   52.9	 21	 1335.3	   13.5	
  229	  22.90	  488.3	 1309.6	    0.0	 1240.3	 1310.1	    0.0	  200.0	    0.0	    0.0	    0.0	    0.0	  100.0	   24.9	    0.0	    0.0	    0.0	    0.0	    7.0	  1	  450.0	 1350.0	   24.9	    0.0	    0.0	1	   52.9	 21	 1333.8	   13.4	
  230	  23.00	  488.3	 1309.6	    0.0	 1240.3	 1310.1	    0.0	  200.0	    0.0	    0.0	    0.0	    0.0	  100.0	   24.4	    0.0	    0.0	    0.0	    0.0	    7.1	  1	  450.0	 1350.0	   24.4	    0.0	    0.0	1	   52.9	 21	 1332.3	   13.2	
  231	  23.10	  488.3	 1309.6	    0.0	 1240.3	 1310.1	    0.0	  200.0	    0.0	    0.0	    0.0	    0.0	  100.0	   24.0	    0.0	    0.0	    0.0	    0.0	    7.1	  1	  450.0	 1350.0	   24.0	    0.0	    0.0	1	   52.9	 21	 1330.7	   13.1	
  232	  23.20	  488.3	 1309.6	    0.0	 1240.3	 1310.1	    0.0	  200.0	    0.0	    0.0	    0.0	    0.0	  100.0	   23.6	    0.0	    0.0	    0.0	    0.0	    7.1	  1	  450.0	 1350.0	   23.6	    0.0	    0.0	1	   52.9	 21	 1329.2	   12.9	
  233	  23.30	  488.3	 1309.6	    0.0	 1240.3	 1310.1	    0.0	  200.0	    0.0	    0.0	    0.0	    0.0	  100.0	   23.1	    0.0	    0.0	    0.0	    0.0	    7.2	  1	  450.0	 1350.0	   23.1	    0.0	    0.0	1	   52.9	 21	 1327.7	   12.8	
  234	  23.40	  488.3	 1309.6	    0.0	 1240.3	 1310.1	    0.0	  200.0	    0.0	    0.0	    0.0	    0.0	  100.0	   22.7	    0.0	    0.0	    0.0	    0.0	    7.2	  1	  450.0	 1350.0	   22.7	    0.0	    0.0	1	   52.9	 21	 1326.2	   12.6	
  235	  23.50	  488.3	 1309.6	    0.0	 1240.3	 1310.1	    0.0	  200.0	    0.0	    0.0	    0.0	    0.0	  100.0	   22.3	    0.0	    0.0	    0.0	    0.0	    7.3	  1	  450.0	 1350.0	   22.3	    0.0	    0.0	1	   52.9	 21	 1324.7	   12.5	
  236	  23.60	  488.3	 1309.6	    0.0	 1240.3	 1310.1	    0.0	  200.0	    0.0	    0.0	    0.0	    0.0	  100.0	   21.8	    0.0	    0.0	    0.0	    0.0	    7.3	  1	  450.0	 1350.0	   21.8	    0.0	    0.0	1	   52.9	 21	 1323.2	   12.3	
  237	  23.70	  488.3	 1309.6	    0.0	 1240.3	 1310.1	    0.0	  200.0	    0.0	    0.0	    0.0	    0.0	  100.0	   21.4	    0.0	    0.0	    0.0	    0.0	    7.3	  1	  450.0	 1350.0	   21.4	    0.0	    0.0	1	   52.9	 21	 1321.7	   12.2	
  238	  23.80	  488.3	 1309.6	    0.0	 1240.3	 1310.1	    0.0	  200.0	    0.0	    0.0	    0.0	    0.0	  100.0	   21.0	    0.0	    0.0	    0.0	    0.0	    7.4	  1	  450.0	 1350.0	   21.0	    0.0	    0.0	1	   52.9	 21	 1320.2	   12.0	
  239	  23.90	  488.3	 1309.6	    0.0	 1240.3	 1310.1	    0.0	  200.0	    0.0	    0.0	    0.0	    0.0	  100.0	   20.5	    0.0	    0.0	    0.0	    0.0	    7.4	  1	  450.0	 1350.0	   20.5	    0.0	    0.0	1	   52.9	 21	 1318.7	   11.9	
  240	  24.00	  488.3	 1309.6	    0.0	 1240.3	 1310.1	    0.0	  200.0	    0.0	    0.0	    0.0	    0.0	  100.0	   20.1	    0.0	    0.0	    0.0	    0.0	    7.4	  1	  450.0	 1350.0	   20.1	    0.0	    0.0	1	   52.9	 21	 1317.2	   11.7	
  241	  24.10	  488.3	 1309.6	    0.0	 1240.3	 1310.1	    0.0	  200.0	    0.0	    0.0	    0.0	    0.0	  100.0	   19.7	    0.0	    0.0	    0.0	    0.0	    7.5	  1	  450.0	 1350.0	   19.7	    0.0	    0.0	1	   52.9	 21	 1315.6	   11.6	
  242	  24.20	  488.3	 1309.6	    0.0	 1240.3	 1310.1	    0.0	  200.0	    0.0	    0.0	    0.0	    0.0	  100.0	   19.2	    0.0	    0.0	    0.0	    0.0	    7.5	  1	  450.0	 1350.0	   19.2	    0.0	    0.0	1	   52.9	 21	 1314.1	   11.4	
  243	  24.30	  488.3	 1309.6	    0.0	 1240.3	 1310.1	    0.0	  200.0	    0.0	    0.0	    0.0	    0.0	  100.0	   18.8	    0.0	    0.0	    0.0	    0.0	    7.6	  1	  450.0	 1350.0	   18.8	    0.0	    0.0	1	   52.9	 21	 1312.6	   11.3	
  244	  24.40	  488.3	 1309.6	    0.0	 1240.3	 1310.1	    0.0	  200.0	    0.0	    0.0	    0.0	    0.0	  100.0	   18.4	    0.0	    0.0	    0.0	    0.0	    7.6	  1	  450.0	 1350.0	   18.4	    0.0	    0.0	1	   52.9	 21	 1311.1	   11.1	
  245	  24.50	  488.3	 1309.6	    0.0	 1240.3	 1310.1	    0.0	  200.0	    0.0	    0.0	    0.0	    0.0	  100.0	   18.0	    0.0	    0.0	    0.0	    0.0	    7.6	  1	  450.0	 1350.0	   18.0	    0.0	    0.0	1	   52.9	 21	 1309.6	   11.0	
  246	  24.60	  488.3	 1309.6	    0.0	 1240.3	 1310.1	    0.0	  200.0	    0.0	    0.0	    0.0	    0.0	  100.0	   17.5	    0.0	    0.0	    0.0	    0.0	    7.7	  1	  450.0	 1350.0	   17.5	    0.0	    0.0	1	   52.9	 21	 1308.1	   10.8	
  247	  24.70	  488.3	 1309.6	    0.0	 1240.3	 1310.1	    0.0	  200.0	    0.0	    0.0	    0.0	    0.0	  100.0	   17.1	    0.0	    0.0	    0.0	    0.0	    7.7	  1	  450.0	 1350.0	   17.1	    0.0	    0.0	1	   52.9	 21	 1306.6	   10.7	
  248	  24.80	  488.3	 1309.6	    0.0	 1240.3	 1310.1	    0.0	  200.0	    0.0	    0.0	    0.0	    0.0	  100.0	   16.7	    0.0	    0.0	    0.0	    0.0	    7.8	  1	  450.0	 1350.0	   16.7	    0.0	    0.0	1	   52.9	 21	 1305.1	   10.5	
  249	  24.90	  488.3	 1309.6	    0.0	 1240.3	 1310.1	    0.0	  200.0	    0.0	    0.0	    0.0	    0.0	  100.0	   16.2	    0.0	    0.0	    0.0	    0.0	    7.8	  1	  450.0	 1350.0	   16.2	    0.0	    0.0	1	   52.9	 21	 1303.6	   10.4	
  250	  25.00	  488.3	 1309.6	    0.0	 1240.3	 1310.1	    0.0	  200.0	    0.0	    0.0	    0.0	    0.0	  100.0	   15.8	    0.0	    0.0	    0.0	    0.0	    7.8	  1	  450.0	 1350.0	   15.8	    0.0	    0.0	1	   52.9	 21	 1302.1	   10.2	
  251	  25.10	  488.3	 1309.6	    0.0	 1240.3	 1310.1	    0.0	  200.0	    0.0	    0.0	    0.0	    0.0	  100.0	   15.4	    0.0	    0.0	    0.0	    0.0	    7.9	  1	  450.0	 1350.0	   15.4	    0.0	    0.0	1	   52.9	 21	 1300.6	   10.1	
  252	  25.20	  488.3	 1309.6	    0.0	 1240.3	 1310.1	    0.0	  200.0	    0.0	    0.0	    0.0	    0.0	  100.0	   14.9	    0.0	    0.0	    0.0	    0.0	    7.9	  1	  450.0	 1350.0	   14.9	    0.0	    0.0	1	   52.9	 21	    0.0	    9.9	
  253	  25.30	  488.3	 1309.6	    0.0	 1240.3	 1310.1	    0.0	  200.0	    0.0	    0.0	    0.0	    0.0	  100.0	   14.5	    0.0	    0.0	    0.0	    0.0	    7.9	  1	  450.0	 1350.0	   14.5	    0.0	    0.0	1	   52.9	 21	    0.0	    9.8	
  254	  25.40	  488.3	 1309.6	    0.0	 1240.3	 1310.1	    0.0	  200.0	    0.0	    0.0	    0.0	    0.0	  100.0	   14.1	    0.0	    0.0	    0.0	    0.0	    8.0	  1	  450.0	 1350.0	   14.1	    0.0	    0.0	1	   52.9	 21	    0.0	    9.6	
  255	  25.50	  488.3	 1309.6	    0.0	 1240.3	 1310.1	    0.0	  200.0	    0.0	    0.0	    0.0	    0.0	  100.0	   13.6	    0.0	    0.0	    0.0	    0.0	    8.0	  1	  450.0	 1350.0	   13.6	    0.0	    0.0	1	   52.9	 21	    0.0	    9.5	
  256	  25.60	  488.3	 1309.6	    0.0	 1240.3	 1310.1	    0.0	  200.0	    0.0	    0.0	    0.0	    0.0	  100.0	   13.2	    0.0	    0.0	    0.0	    0.0	    8.1	  1	  450.0	 1350.0	   13.2	    0.0	    0.0	1	   52.9	 21	    0.0	    9.3	
  257	  25.70	  488.3	 1309.6	    0.0	 1240.3	 1310.1	    0.0	  200.0	    0.0	    0.0	    0.0	    0.0	  100.0	   12.8	    0.0	    0.0	    0.0	    0.0	    8.1	  1	  450.0	 1350.0	   12.8	    0.0	    0.0	1	   52.9	 21	    0.0	    9.2	
  258	  25.80	  488.3	 1309.6	    0.0	 1240.3	 1310.1	    0.0	  200.0	    0.0	    0.0	    0.0	    0.0	  100.0	   12.3	    0.0	    0.0	    0.0	    0.0	    8.1	  1	  450.0	 1350.0	   12.3	    0.0	    0.0	1	   52.9	 21	    0.0	    9.0	
  259	  25.90	  488.3	 1309.6	    0.0	 1240.3	 1310.1	    0.0	  200.0	    0.0	    0.0	    0.0	    0.0	  100.0	   11.9	    0.0	    0.0	    0.0	    0.0	    8.2	  1	  450.0	 1350.0	   11.9	    0.0	    0.0	1	   52.9	 21	    0.0	    8.9	
  260	  26.00	  488.3	 1309.6	    0.0	 1240.3	 1310.1	    0.0	  200.0	    0.0	    0.0	    0.0	    0.0	  100.0	   11.5	    0.0	    0.0	    0.0	    0.0	    8.2	  1	  450.0	 1350.0	   11.5	    0.0	    0.0	1	   52.9	 21	    0.0	    8.7	
  261	  26.10	  488.3	 1309.6	    0.0	 1240.3	 1310.1	    0.0	  200.0	    0.0	    0.0	    0.0	    0.0	  100.0	   11.0	    0.0	    0.0	    0.0	    0.0	    8.3	  1	  450.0	 1350.0	   11.0	    0.0	    0.0	1	   52.9	 21	    0.0	    8.5	
  262	  26.20	  488.3	 1309.6	    0.0	 1240.3	 1310.1	    0.0	  200.0	    0.0	    0.0	    0.0	    0.0	  100.0	   10.6	    0.0	    0.0	    0.0	    0.0	    8.3	  1	  450.0	 1350.0	   10.6	    0.0	    0.0	1	   52.9	 21	    0.0	    8.4	
  263	  26.30	  488.3	 1309.6	    0.0	 1240.3	 1310.1	    0.0	  200.0	    0.0	    0.0	    0.0	    0.0	  100.0	   10.2	    0.0	    0.0	    0.0	    0.0	    8.3	  1	  450.0	 1350.0	   10.2	    0.0	    0.0	1	   52.9	 21	    0.0	    8.2	
  264	  26.40	  488.3	 1309.6	    0.0	 1240.3	 1310.1	    0.0	  200.0	    0.0	    0.0	    0.0	    0.0	  100.0	    9.7	    0.0	    0.0	    0.0	    0.0	    8.4	  1	  450.0	 1350.0	    9.7	    0.0	    0.0	1	   52.9	 21	    0.0	    8.1	
  265	  26.50	  488.3	 1309.6	    0.0	 1240.3	 1310.1	    0.0	  200.0	    0.0	    0.0	    0.0	    0.0	  100.0	    9.3	    0.0	    0.0	    0.0	    0.0	    8.4	  1	  450.0	 1350.0	    9.3	    0.0	    0.0	1	   52.9	 21	    0.0	    7.9	
  266	  26.60	  488.3	 1309.6	    0.0	 1240.3	 1310.1	    0.0	  200.0	    0.0	    0.0	    0.0	    0.0	  100.0	    8.9	    0.0	    0.0	    0.0	    0.0	    8.5	  1	  450.0	 1350.0	    8.9	    0.0	    0.0	1	   52.9	 21	    0.0	    7.8	
  267	  26.70	  488.3	 1309.6	    0.0	 1240.3	 1310.1	    0.0	  200.0	    0.0	    0.0	    0.0	    0.0	  100.0	    8.5	    0.0	    0.0	    0.0	    0.0	    8.5	  1	  450.0	 1350.0	    8.5	    0.0	    0.0	1	   52.9	 21	    0.0	    7.6	
  268	  26.80	  488.3	 1309.6	    0.0	 1240.3	 1310.1	    0.0	  200.0	    0.0	    0.0	    0.0	    0.0	  100.0	    8.0	    0.0	    0.0	    0.0	    0.0	    8.5	  1	  450.0	 1350.0	    8.0	    0.0	    0.0	1	   52.9	 21	    0.0	    7.5	
  269	  26.90	  488.3	 1309.6	    0.0	 1240.3	 1310.1	    0.0	  200.0	    0.0	    0.0	    0.0	    0.0	  100.0	    7.6	    0.0	    0.0	    0.0	    0.0	    8.6	  1	  450.0	 1350.0	    7.6	    0.0	    0.0	1	   52.9	 21	    0.0	    7.4	
  270	  27.00	  488.3	 1309.6	    0.0	 1240.3	 1310.1	    0.0	  200.0	    0.0	    0.0	    0.0	    0.0	  100.0	    7.2	    0.0	    0.0	    0.0	    0.0	    8.6	  1	  450.0	 1350.0	    7.2	    0.0	    0.0	1	   52.9	 21	    0.0	    7.2	
  271	  27.10	  488.3	 1309.6	    0.0	 1240.3	 1310.1	    0.0	  200.0	    0.0	    0.0	    0.0	    0.0	  100.0	    6.7	    0.0	    0.0	    0.0	    0.0	    8.7	  1	  450.0	 1350.0	    6.7	    0.0	    0.0	1	   52.9	 21	    0.0	    7.1	
  272	  27.20	  488.3	 1309.6	    0.0	 1240.3	 1310.1	    0.0	  200.0	    0.0	    0.0	    0.0	    0.0	  100.0	    6.3	    0.0	    0.0	    0.0	    0.0	    8.7	  1	  450.0	 1350.0	    6.3	    0.0	    0.0	1	   52.9	 21	    0.0	    6.9	
  273	  27.30	  488.3	 1309.6	    0.0	 1240.3	 1310.1	    0.0	  200.0	    0.0	    0.0	    0.0	    0.0	  100.0	    5.9	    0.0	    0.0	    0.0	    0.0	    8.7	  1	  450.0	 1350.0	    5.9	    0.0	    0.0	1	   52.9	 21	    0.0	    6.8	
  274	  27.40	  488.3	 1309.6	    0.0	 1240.3	 1310.1	    0.0	  200.0	    0.0	    0.0	    0.0	    0.0	  100.0	    5.4	    0.0	    0.0	    0.0	    0.0	    8.8	  1	  450.0	 1350.0	    5.4	    0.0	    0.0	1	   52.9	 21	    0.0	    6.6	
  275	  27.50	  488.3	 1309.6	    0.0	 1240.3	 1310.1	    0.0	  200.0	    0.0	    0.0	    0.0	    0.0	  100.0	    5.0	    0.0	    0.0	    0.0	    0.0	    8.8	  1	  450.0	 1350.0	    5.0	    0.0	    0.0	1	   52.9	 21	    0.0	    6.5	
  276	  27.60	  488.3	 1309.6	    0.0	 1240.3	 1310.1	    0.0	  200.0	    0.0	    0.0	    0.0	    0.0	  100.0	    4.6	    0.0	    0.0	    0.0	    0.0	    8.9	  1	  450.0	 1350.0	    4.6	    0.0	    0.0	1	   52.9	 21	    0.0	    6.3	
  277	  27.70	  488.3	 1309.6	    0.0	 1240.3	 1310.1	    0.0	  200.0	    0.0	    0.0	    0.0	    0.0	  100.0	    4.1	    0.0	    0.0	    0.0	    0.0	    8.9	  1	  450.0	 1350.0	    4.1	    0.0	    0.0	1	   52.9	 21	    0.0	    6.2	
  278	  27.80	  488.3	 1309.6	    0.0	 1240.3	 1310.1	    0.0	  200.0	    0.0	    0.0	    0.0	    0.0	  100.0	    3.7	    0.0	    0.0	    0.0	    0.0	    8.9	  1	  450.0	 1350.0	    3.7	    0.0	    0.0	1	   52.9	 21	    0.0	    6.0	
  279	  27.90	  488.3	 1309.6	    0.0	 1240.3	 1310.1	    0.0	  200.0	    0.0	    0.0	    0.0	    0.0	  100.0	    3.3	    0.0	    0.0	    0.0	    0.0	    9.0	  1	  450.0	 1350.0	    3.3	    0.0	    0.0	1	   52.9	 21	    0.0	    5.9	
  280	  28.00	  488.3	 1309.6	    0.0	 1240.3	 1310.1	    0.0	  200.0	    0.0	    0.0	    0.0	    0.0	  100.0	    2.8	    0.0	    0.0	    0.0	    0.0	    9.0	  1	  450.0	 1350.0	    2.8	    0.0	    0.0	1	   52.9	 21	    0.0	    5.7	
  281	  28.10	  488.3	 1309.6	    0.0	 1240.3	 1310.1	    0.0	  200.0	    0.0	    0.0	    0.0	    0.0	  100.0	    2.4	    0.0	    0.0	    0.0	    0.0	    9.1	  1	  450.0	 1350.0	    2.4	    0.0	    0.0	1	   52.9	 21	    0.0	    5.6	
  282	  28.20	  488.3	 1309.6	    0.0	 1240.3	 1310.1	    0.0	  200.0	    0.0	    0.0	    0.0	    0.0	  100.0	    2.0	    0.0	    0.0	    0.0	    0.0	    9.1	  1	  450.0	 1350.0	    2.0	    0.0	    0.0	1	   52.9	 21	    0.0	    5.5	
  283	  28.30	  488.3	 1309.6	    0.0	 1240.3	 1310.1	    0.0	  200.0	    0.0	    0.0	    0.0	    0.0	  100.0	    1.5	    0.0	    0.0	    0.0	    0.0	    9.1	  1	  450.0	 1350.0	    1.5	    0.0	    0.0	1	   52.9	 21	    0.0	    5.3	
  284	  28.40	  488.3	 1309.6	    0.0	 1240.3	 1310.1	    0.0	  200.0	    0.0	    0.0	    0.0	    0.0	  100.0	    1.1	    0.0	    0.0	    0.0	    0.0	    9.2	  1	  450.0	 1350.0	    1.1	    0.0	    0.0	1	   52.9	 21	    0.0	    5.2	
  285	  28.50	  488.3	 1309.6	    0.0	 1240.3	 1310.1	    0.0	  200.0	    0.0	    0.0	    0.0	    0.0	  100.0	    0.7	    0.0	    0.0	    0.0	    0.0	    9.2	  1	  450.0	 1350.0	    0.7	    0.0	    0.0	1	   52.9	 21	    0.0	    5.1	
  286	  28.60	  488.3	 1309.6	    0.0	 1240.3	 1310.1	    0.0	  200.0	    0.0	    0.0	    0.0	    0.0	  100.0	    0.3	    0.0	    0.0	    0.0	    0.0	    9.3	  1	  450.0	 1350.0	    0.3	    0.0	    0.0	1	   52.9	 21	    0.0	    5.0	
  287	  28.70	  488.3	 1309.6	    0.0	 1240.3	 1310.1	    0.0	  200.0	    0.0	    0.0	    0.0	    0.0	  100.0	    0.0	    0.0	    0.0	    0.0	    0.0	    9.3	  1	  450.0	 1350.0	    0.0	    0.0	    0.0	1	   52.9	 21	    0.0	    5.0	
  288	  28.80	  488.3	 1309.6	    0.0	 1240.3	 1310.1	    0.0	  200.0	    0.0	    0.0	    0.0	    0.0	  100.0	    0.0	    0.0	    0.0	    0.0	    0.0	    9.3	  1	  450.0	 1350.0	    0.0	    0.0	    0.0	1	   52.9	 21	    0.0	    5.0	
  289	  28.90	  488.3	 1309.6	    0.0	 1240.3	 1310.1	    0.0	  200.0	    0.0	    0.0	    0.0	    0.0	  100.0	    0.0	    0.0	    0.0	    0.0	    0.0	    9.4	  1	  450.0	 1350.0	    0.0	    0.0	    0.0	1	   52.9	 21	    0.0	    5.0	
  290	  29.00	  488.3	 1309.6	    0.0	 1240.3	 1310.1	    0.0	  200.0	    0.0	    0.0	    0.0	    0.0	  100.0	    0.0	    0.0	    0.0	    0.0	    0.0	    9.4	  1	  450.0	 1350.0	    0.0	    0.0	    0.0	1	   52.9	 21	    0.0	    5.0	
  291	  29.10	  488.3	 1309.6	    0.0	 1240.3	 1310.1	    0.0	  200.0	    0.0	    0.0	    0.0	    0.0	  100.0	    0.0	    0.0	    0.0	    0.0	    0.0	    9.4	  1	  450.0	 1350.0	    0.0	    0.0	    0.0	1	   52.9	 21	    0.0	    5.0	
  292	  29.20	  488.3	 1309.6	    0.0	 1240.3	 1310.1	    0.0	  200.0	    0.0	    0.0	    0.0	    0.0	  100.0	    0.0	    0.0	    0.0	    0.0	    0.0	    9.5	  1	  450.0	 1350.0	    0.0	    0.0	    0.0	1	   52.9	 21	    0.0	    5.0	
  293	  29.30	  488.3	 1309.6	    0.0	 1240.3	 1310.1	    0.0	  200.0	    0.0	    0.0	    0.0	    0.0	  100.0	    0.0	    0.0	    0.0	    0.0	    0.0	    9.5	  1	  450.0	 1350.0	    0.0	    0.0	    0.0	1	   52.9	 21	    0.0	    5.0	
  294	  29.40	  488.3	 1309.6	    0.0	 1240.3	 1310.1	    0.0	  200.0	    0.0	    0.0	    0.0	    0.0	  100.0	    0.0	    0.0	    0.0	    0.0	    0.0	    9.6	  1	  450.0	 1350.0	    0.0	    0.0	    0.0	1	   52.9	 21	    0.0	    5.0	
  295	  29.50	  488.3	 1309.6	    0.0	 1240.3	 1310.1	    0.0	  200.0	    0.0	    0.0	    0.0	    0.0	  100.0	    0.0	    0.0	    0.0	    0.0	    0.0	    9.6	  1	  450.0	 1350.0	    0.0	    0.0	    0.0	1	   52.9	 21	    0.0	    5.0	
  296	  29.60	  488.3	 1309.6	    0.0	 1240.3	 1310.1	    0.0	  200.0	    0.0	    0.0	    0.0	    0.0	  100.0	    0.0	    0.0	    0.0	    0.0	    0.0	    9.7	  1	  450.0	 1350.0	    0.0	    0.0	    0.0	1	   52.9	 21	    0.0	    5.0	
  297	  29.70	  488.3	 1309.6	    0.0	 1240.3	 1310.1	    0.0	  200.0	    0.0	    0.0	    0.0	    0.0	  100.0	    0.0	    0.0	    0.0	    0.0	    0.0	    9.7	  1	  450.0	 1350.0	    0.0	    0.0	    0.0	1	   52.9	 21	    0.0	    5.0	
  298	  29.80	  488.3	 1309.6	    0.0	 1240.3	 1310.1	    0.0	  200.0	    0.0	    0.0	    0.0	    0.0	  100.0	    0.0	    0.0	    0.0	    0.0	    0.0	    9.7	  1	  450.0	 1350.0	    0.0	    0.0	    0.0	1	   52.9	 21	    0.0	    5.0	
  299	  29.90	  488.3	 1309.6	    0.0	 1240.3	 1310.1	    0.0	  200.0	    0.0	    0.0	    0.0	    0.0	  100.0	    0.0	    0.0	    0.0	    0.0	    0.0	    9.8	  1	  450.0	 1350.0	    0.0	    0.0	    0.0	1	   52.9	 21	    0.0	    5.0	
  300	  30.00	  488.3	 1309.6	    0.0	 1240.3	 1310.1	    0.0	  200.0	    0.0	    0.0	    0.0	    0.0	  100.0	    0.0	    0.0	    0.0	    0.0	    0.0	    9.8	  1	  450.0	 1350.0	    0.0	    0.0	    0.0	1	   52.9	 21	    0.0	    5.0	
  301	  30.10	  488.3	 1309.6	    0.0	 1240.3	 1310.1	    0.0	  200.0	    0.0	    0.0	    0.0	    0.0	  100.0	    0.0	    0.0	    0.0	    0.0	    0.0	    9.9	  1	  450.0	 1350.0	    0.0	    0.0	    0.0	1	   52.9	 21	    0.0	    5.0	
  302	  30.20	  488.3	 1309.6	    0.0	 1240.3	 1310.1	    0.0	  200.0	    0.0	    0.0	    0.0	    0.0	  100.0	    0.0	    0.0	    0.0	    0.0	    0.0	    9.9	  1	  450.0	 1350.0	    0.0	    0.0	    0.0	1	   52.9	 21	    0.0	    5.0	
  303	  30.30	  488.3	 1309.6	    0.0	 1240.3	 1310.1	    0.0	  200.0	    0.0	    0.0	    0.0	    0.0	  100.0	    0.0	    0.0	    0.0	    0.0	    0.0	    9.9	  1	  450.0	 1350.0	    0.0	    0.0	    0.0	1	   52.9	 21	    0.0	    5.0	
  304	  30.40	  488.3	 1309.6	    0.0	 1240.3	 1310.1	    0.0	  200.0	    0.0	    0.0	    0.0	    0.0	  100.0	    0.0	    0.0	    0.0	    0.0	    0.0	   10.0	  1	  450.0	 1350.0	    0.0	    0.0	    0.0	1	   52.9	 21	    0.0	    5.0	
  305	  30.50	  488.3	 1309.6	    0.0	 1240.3	 1310.1	    0.0	  200.0	    0.0	    0.0	    0.0	    0.0	  100.0	    0.0	    0.0	    0.0	    0.0	    0.0	   10.0	  1	  450.0	 1350.0	    0.0	    0.0	    0.0	1	   52.9	 21	    0.0	    5.0	
  306	  30.60	  488.3	 1309.6	    0.0	 1240.3	 1310.1	    0.0	  200.0	    0.0	    0.0	    0.0	    0.0	  100.0	    0.0	    0.0	    0.0	    0.0	    0.0	   10.1	  1	  450.0	 1350.0	    0.0	    0.0	    0.0	1	   52.9	 21	    0.0	    5.0	
  307	  30.70	  488.3	 1309.6	    0.0	 1240.3	 1310.1	    0.0	  200.0	    0.0	    0.0	    0.0	    0.0	  100.0	    0.0	    0.0	    0.0	    0.0	    0.0	   10.1	  1	  450.0	 1350.0	    0.0	    0.0	    0.0	1	   52.9	 21	    0.0	    5.0	
  308	  30.80	  488.3	 1309.6	    0.0	 1240.3	 1310.1	    0.0	  200.0	    0.0	    0.0	    0.0	    0.0	  100.0	    0.0	    0.0	    0.0	    0.0	    0.0	   10.1	  1	  450.0	 1350.0	    0.0	    0.0	    0.0	1	   52.9	 21	    0.0	    5.0	
  309	  30.90	  488.3	 1309.6	    0.0	 1240.3	 1310.1	    0.0	  200.0	    0.0	    0.0	    0.0	    0.0	  100.0	    0.0	    0.0	    0.0	    0.0	    0.0	   10.2	  1	  450.0	 1350.0	    0.0	    0.0	    0.0	1	   52.9	 21	    0.0	    5.0	
  310	  31.00	  488.3	 1309.6	    0.0	 1240.3	 1310.1	    0.0	  200.0	    0.0	    0.0	    0.0	    0.0	  100.0	    0.0	    0.0	    0.0	    0.0	    0.0	   10.2	  1	  450.0	 1350.0	    0.0	    0.0	    0.0	1	   52.9	 21	    0.0	    5.0	
  311	  31.10	  488.3	 1309.6	    0.0	 1240.3	 1310.1	    0.0	  200.0	    0.0	    0.0	    0.0	    0.0	  100.0	    0.0	    0.0	    0.0	    0.0	    0.0	   10.3	  1	  450.0	 1350.0	    0.0	    0.0	    0.0	1	   52.9	 21	    0.0	    5.0	
  312	  31.20	  488.3	 1309.6	    0.0	 1240.3	 1310.1	    0.0	  200.0	    0.0	    0.0	    0.0	    0.0	  100.0	    0.0	    0.0	    0.0	    0.0	    0.0	   10.3	  1	  450.0	 1350.0	    0.0	    0.0	    0.0	1	   52.9	 21	    0.0	    5.0	
  313	  31.30	  488.3	 1309.6	    0.0	 1240.3	 1310.1	    0.0	  200.0	    0.0	    0.0	    0.0	    0.0	  100.0	    0.0	    0.0	    0.0	    0.0	    0.0	   10.3	  1	  450.0	 1350.0	    0.0	    0.0	    0.0	1	   52.9	 21	    0.0	    5.0	
  314	  31.40	  488.3	 1309.6	    0.0	 1240.3	 1310.1	    0.0	  200.0	    0.0	    0.0	    0.0	    0.0	  100.0	    0.0	    0.0	    0.0	    0.0	    0.0	   10.4	  1	  450.0	 1350.0	    0.0	    0.0	    0.0	1	   52.9	 21	    0.0	    5.0	
  315	  31.50	  488.3	 1309.6	    0.0	 1240.3	 1310.1	    0.0	  200.0	    0.0	    0.0	    0.0	    0.0	  100.0	    0.0	    0.0	    0.0	    0.0	    0.0	   10.4	  1	  450.0	 1350.0	    0.0	    0.0	    0.0	1	   52.9	 21	    0.0	    5.0	
  316	  31.60	  488.3	 1309.6	    0.0	 1240.3	 1310.1	    0.0	  200.0	    0.0	    0.0	    0.0	    0.0	  100.0	    0.0	    0.0	    0.0	    0.0	    0.0	   10.5	  1	  450.0	 1350.0	    0.0	    0.0	    0.0	1	   52.9	 21	    0.0	    5.0	
  317	  31.70	  488.3	 1309.6	    0.0	 1240.3	 1310.1	    0.0	  200.0	    0.0	    0.0	    0.0	    0.0	  100.0	    0.0	    0.0	    0.0	    0.0	    0.0	   10.5	  1	  450.0	 1350.0	    0.0	    0.0	    0.0	1	   52.9	 21	    0.0	    5.0	
  318	  31.80	  488.3	 1309.6	    0.0	 1240.3	 1310.1	    0.0	  200.0	    0.0	    0.0	    0.0	    0.0	  100.0	    0.0	    0.0	    0.0	    0.0	    0.0	   10.5	  1	  450.0	 1350.0	    0.0	    0.0	    0.0	1	   52.9	 21	    0.0	    5.0	
  319	  31.90	  488.3	 1309.6	    0.0	 1240.3	 1310.1	    0.0	  200.0	    0.0	    0.0	    0.0	    0.0	  100.0	    0.0	    0.0	    0.0	    0.0	    0.0	   10.6	  1	  450.0	 1350.0	    0.0	    0.0	    0.0	1	   52.9	 21	    0.0	    5.0	
  320	  32.00	  488.3	 1309.6	    0.0	 1240.3	 1310.1	    0.0	  200.0	    0.0	    0.0	    0.0	    0.0	  100.0	    0.0	    0.0	    0.0	    0.0	    0.0	   10.6	  1	  450.0	 1350.0	    0.0	    0.0	    0.0	1	   52.9	 21	    0.0	    5.0	
  321	  32.10	  488.3	 1309.6	    0.0	 1240.3	 1310.1	    0.0	  200.0	    0.0	    0.0	    0.0	    0.0	  100.0	    0.0	    0.0	    0.0	    0.0	    0.0	   10.7	  1	  450.0	 1350.0	    0.0	    0.0	    0.0	1	   52.9	 21	    0.0	    5.0	
  322	  32.20	  488.3	 1309.6	    0.0	 1240.3	 1310.1	    0.0	  200.0	    0.0	    0.0	    0.0	    0.0	  100.0	    0.0	    0.0	    0.0	    0.0	    0.0	   10.7	  1	  450.0	 1350.0	    0.0	    0.0	    0.0	1	   52.9	 21	    0.0	    5.0	
  323	  32.30	  488.3	 1309.6	    0.0	 1240.3	 1310.1	    0.0	  200.0	    0.0	    0.0	    0.0	    0.0	  100.0	    0.0	    0.0	    0.0	    0.0	    0.0	   10.7	  1	  450.0	 1350.0	    0.0	    0.0	    0.0	1	   52.9	 21	    0.0	    5.0	
  324	  32.40	  488.3	 1309.6	    0.0	 1240.3	 1310.1	    0.0	  200.0	    0.0	    0.0	    0.0	    0.0	  100.0	    0.0	    0.0	    0.0	    0.0	    0.0	   10.8	  1	  450.0	 1350.0	    0.0	    0.0	    0.0	1	   52.9	 21	    0.0	    5.0	
  325	  32.50	  488.3	 1309.6	    0.0	 1240.3	 1310.1	    0.0	  200.0	    0.0	    0.0	    0.0	    0.0	  100.0	    0.0	    0.0	    0.0	    0.0	    0.0	   10.8	  1	  450.0	 1350.0	    0.0	    0.0	    0.0	1	   52.9	 21	    0.0	    5.0	
  326	  32.60	  488.3	 1309.6	    0.0	 1240.3	 1310.1	    0.0	  200.0	    0.0	    0.0	    0.0	    0.0	  100.0	    0.0	    0.0	    0.0	    0.0	    0.0	   10.9	  1	  450.0	 1350.0	    0.0	    0.0	    0.0	1	   52.9	 21	    0.0	    5.0	
  327	  32.70	  488.3	 1309.6	    0.0	 1240.3	 1310.1	    0.0	  200.0	    0.0	    0.0	    0.0	    0.0	  100.0	    0.0	    0.0	    0.0	    0.0	    0.0	   10.9	  1	  450.0	 1350.0	    0.0	    0.0	    0.0	1	   52.9	 21	    0.0	    5.0	
  328	  32.80	  488.3	 1309.6	    0.0	 1240.3	 1310.1	    0.0	  200.0	    0.0	    0.0	    0.0	    0.0	  100.0	    0.0	    0.0	    0.0	    0.0	    0.0	   10.9	  1	  450.0	 1350.0	    0.0	    0.0	    0.0	1	   52.9	 21	    0.0	    5.0	
  329	  32.90	  488.3	 1309.6	    0.0	 1240.3	 1310.1	    0.0	  200.0	    0.0	    0.0	    0.0	    0.0	  100.0	    0.0	    0.0	    0.0	    0.0	    0.0	   11.0	  1	  450.0	 1350.0	    0.0	    0.0	    0.0	1	   52.9	 21	    0.0	    5.0	
  330	  33.00	  488.3	 1309.6	    0.0	 1240.3	 1310.1	    0.0	  200.0	    0.0	    0.0	    0.0	    0.0	  100.0	    0.0	    0.0	    0.0	    0.0	    0.0	   11.0	  1	  450.0	 1350.0	    0.0	    0.0	    0.0	1	   52.9	 21	    0.0	    5.0	
  331	  33.10	  488.3	 1309.6	    0.0	 1240.3	 1310.1	    0.0	  200.0	    0.0	    0.0	    0.0	    0.0	  100.0	    0.0	    0.0	    0.0	    0.0	    0.0	   11.1	  1	  450.0	 1350.0	    0.0	    0.0	    0.0	1	   52.9	 21	    0.0	    5.0	
  332	  33.20	  488.3	 1309.6	    0.0	 1240.3	 1310.1	    0.0	  200.0	    0.0	    0.0	    0.0	    0.0	  100.0	    0.0	    0.0	    0.0	    0.0	    0.0	   11.1	  1	  450.0	 1350.0	    0.0	    0.0	    0.0	1	   52.9	 21	    0.0	    5.0	
  333	  33.30	  488.3	 1309.6	    0.0	 1240.3	 1310.1	    0.0	  200.0	    0.0	    0.0	    0.0	    0.0	  100.0	    0.0	    0.0	    0.0	    0.0	    0.0	   11.1	  1	  450.0	 1350.0	    0.0	    0.0	    0.0	1	   52.9	 21	    0.0	    5.0	
