    1	   0.10	    0.0	 1500.0	    0.0	    0.0	    0.0	    0.0	    0.0	    0.0	    0.0	    0.0	    0.0	  100.0	  100.0	    0.0	    0.0	    0.0	    0.0	    0.1	  1	 -750.0	  750.0	  100.0	    0.0	    0.0	1	  516.9	 21	 1371.8	  -28.2	
    2	   0.20	  -18.9	 1491.1	 -154.9	    0.0	    0.0	    0.0	    0.0	    0.0	    0.0	    0.0	    0.0	  100.0	   99.7	    0.0	    0.0	    0.0	    0.0	    0.1	  1	  -50.0	 1250.0	   99.7	    0.0	    0.0	1	  200.5	 21	 1390.1	   19.0	
    3	   0.30	  -24.3	 1459.0	  -96.7	    0.0	    0.0	    0.0	    0.0	    0.0	    0.0	    0.0	    0.0	  100.0	   99.5	    0.0	    0.0	    0.0	    0.0	    0.2	  1	  -50.0	 1250.0	   99.5	    0.0	    0.0	1	  173.3	 21	 1389.7	   19.0	
    4	   0.40	  -29.6	 1416.4	  -97.2	    0.0	    0.0	    0.0	    0.0	    0.0	    0.0	    0.0	    0.0	  100.0	   99.2	    0.0	    0.0	    0.0	    0.0	    0.3	  1	  -50.0	 1250.0	   99.2	    0.0	    0.0	1	  129.3	 21	 1389.3	   18.9	
    5	   0.50	  -33.1	 1386.1	  -96.5	    0.0	    0.0	    0.0	    0.0	    0.0	    0.0	    0.0	    0.0	  100.0	   98.9	    0.0	    0.0	    0.0	    0.0	    0.3	  1	  -50.0	 1250.0	   98.9	    0.0	    0.0	1	  102.2	 21	    0.0	    0.0	
    6	   0.60	  -36.0	 1360.9	  -96.7	    0.0	    0.0	    0.0	    0.0	    0.0	    0.0	    0.0	    0.0	  100.0	   98.6	    0.0	    0.0	    0.0	    0.0	    0.4	  1	  -50.0	 1250.0	   98.6	    0.0	    0.0	1	   69.5	 21	    0.0	    0.0	
    7	   0.70	  -36.3	 1358.9	  -97.2	    0.0	    0.0	    0.0	    0.0	    0.0	    0.0	    0.0	    0.0	  100.0	   98.3	    0.0	    0.0	    0.0	    0.0	    0.5	  1	  -50.0	 1250.0	   98.3	    0.0	    0.0	1	   69.0	 21	    0.0	    0.0	
    8	   0.80	  -36.3	 1358.9	  -97.2	    0.0	    0.0	    0.0	    0.0	    0.0	    0.0	    0.0	    0.0	  100.0	   98.0	    0.0	    0.0	    0.0	    0.0	    0.5	  1	  -50.0	 1250.0	   98.0	    0.0	    0.0	1	   69.0	 21	    0.0	    0.0	
    9	   0.90	  -36.3	 1358.9	  -97.2	    0.0	    0.0	    0.0	    0.0	    0.0	    0.0	    0.0	    0.0	  100.0	   97.7	    0.0	    0.0	    0.0	    0.0	    0.6	  1	  -50.0	 1250.0	   97.7	    0.0	    0.0	1	   69.0	 21	    0.0	    0.0	
   10	   1.00	  -36.3	 1358.9	  -97.2	    0.0	    0.0	    0.0	    0.0	    0.0	    0.0	    0.0	    0.0	  100.0	   97.4	    0.0	    0.0	    0.0	    0.0	    0.7	  1	  -50.0	 1250.0	   97.4	    0.0	    0.0	1	   69.0	 21	    0.0	    0.0	
   11	   1.10	  -36.3	 1358.9	  -97.2	    0.0	    0.0	    0.0	    0.0	    0.0	    0.0	    0.0	    0.0	  100.0	   97.1	    0.0	    0.0	    0.0	    0.0	    0.7	  1	  -50.0	 1250.0	   97.1	    0.0	    0.0	1	   69.0	 21	    0.0	    0.0	
   12	   1.20	  -36.3	 1358.9	  -97.2	    0.0	    0.0	    0.0	    0.0	    0.0	    0.0	    0.0	    0.0	  100.0	   96.9	    0.0	    0.0	    0.0	    0.0	    0.8	  1	  -50.0	 1250.0	   96.9	    0.0	    0.0	1	   69.0	 21	 1399.8	   20.0	
   13	   1.30	  -36.3	 1358.9	  -97.2	    0.0	    0.0	    0.0	    0.0	    0.0	    0.0	    0.0	    0.0	  100.0	   96.6	    0.0	    0.0	    0.0	    0.0	    0.9	  1	  -50.0	 1250.0	   96.6	    0.0	    0.0	1	   69.0	 21	 1399.4	   19.9	
   14	   1.40	  -36.3	 1358.9	  -97.2	    0.0	    0.0	    0.0	    0.0	    0.0	    0.0	    0.0	    0.0	  100.0	   96.3	    0.0	    0.0	    0.0	    0.0	    0.9	  1	  -50.0	 1250.0	   96.3	    0.0	    0.0	1	   69.0	 21	 1398.9	   19.9	
   15	   1.50	  -36.3	 1358.9	  -97.2	    0.0	    0.0	    0.0	    0.0	    0.0	    0.0	    0.0	    0.0	  100.0	   96.0	    0.0	    0.0	    0.0	    0.0	    1.0	  1	  -50.0	 1250.0	   96.0	    0.0	    0.0	1	   69.0	 21	 1398.5	   19.8	
   16	   1.60	  -36.3	 1358.9	  -97.2	    0.0	    0.0	    0.0	    0.0	    0.0	    0.0	    0.0	    0.0	  100.0	   95.7	    0.0	    0.0	    0.0	    0.0	    1.1	  1	  -50.0	 1250.0	   95.7	    0.0	    0.0	1	   69.0	 21	 1398.0	   19.8	
   17	   1.70	  -36.3	 1358.9	  -97.2	    0.0	    0.0	    0.0	    0.0	    0.0	    0.0	    0.0	    0.0	  100.0	   95.4	    0.0	    0.0	    0.0	    0.0	    1.1	  1	  -50.0	 1250.0	   95.4	    0.0	    0.0	1	   69.0	 21	 1397.6	   19.8	
   18	   1.80	  -36.3	 1358.9	  -97.2	    0.0	    0.0	    0.0	    0.0	    0.0	    0.0	    0.0	    0.0	  100.0	   95.1	    0.0	    0.0	    0.0	    0.0	    1.2	  1	  -50.0	 1250.0	   95.1	    0.0	    0.0	1	   69.0	 21	 1397.1	   19.7	
   19	   1.90	  -36.3	 1358.9	  -97.2	    0.0	    0.0	    0.0	    0.0	    0.0	    0.0	    0.0	    0.0	  100.0	   94.8	    0.0	    0.0	    0.0	    0.0	    1.3	  1	  -50.0	 1250.0	   94.8	    0.0	    0.0	1	   69.0	 21	 1396.6	   19.7	
   20	   2.00	  -36.3	 1358.9	  -97.2	    0.0	    0.0	    0.0	    0.0	    0.0	    0.0	    0.0	    0.0	  100.0	   94.5	    0.0	    0.0	    0.0	    0.0	    1.3	  1	  -50.0	 1250.0	   94.5	    0.0	    0.0	1	   69.0	 21	 1396.2	   19.6	
   21	   2.10	  -36.3	 1358.9	  -97.2	    0.0	    0.0	    0.0	    0.0	    0.0	    0.0	    0.0	    0.0	  100.0	   94.2	    0.0	    0.0	    0.0	    0.0	    1.4	  1	  -50.0	 1250.0	   94.2	    0.0	    0.0	1	   69.0	 21	 1395.7	   19.6	
   22	   2.20	  -36.3	 1358.9	  -97.2	    0.0	    0.0	    0.0	    0.0	    0.0	    0.0	    0.0	    0.0	  100.0	   93.9	    0.0	    0.0	    0.0	    0.0	    1.5	  1	  -50.0	 1250.0	   93.9	    0.0	    0.0	1	   69.0	 21	 1395.3	   19.5	
   23	   2.30	  -36.3	 1358.9	  -97.2	    0.0	    0.0	    0.0	    0.0	    0.0	    0.0	    0.0	    0.0	  100.0	   93.6	    0.0	    0.0	    0.0	    0.0	    1.6	  1	  -50.0	 1250.0	   93.6	    0.0	    0.0	1	   69.0	 21	 1394.8	   19.5	
   24	   2.40	  -36.3	 1358.9	  -97.2	    0.0	    0.0	    0.0	    0.0	    0.0	    0.0	    0.0	    0.0	  100.0	   93.3	    0.0	    0.0	    0.0	    0.0	    1.6	  1	  -50.0	 1250.0	   93.3	    0.0	    0.0	1	   69.0	 21	 1394.3	   19.4	
   25	   2.50	  -36.3	 1358.9	  -97.2	    0.0	    0.0	    0.0	    0.0	    0.0	    0.0	    0.0	    0.0	  100.0	   93.0	    0.0	    0.0	    0.0	    0.0	    1.7	  1	  -50.0	 1250.0	   93.0	    0.0	    0.0	1	   69.0	 21	 1393.9	   19.4	
   26	   2.60	  -36.3	 1358.9	  -97.2	    0.0	    0.0	    0.0	    0.0	    0.0	    0.0	    0.0	    0.0	  100.0	   92.7	    0.0	    0.0	    0.0	    0.0	    1.8	  1	  -50.0	 1250.0	   92.7	    0.0	    0.0	1	   69.0	 21	 1393.4	   19.3	
   27	   2.70	  -36.3	 1358.9	  -97.2	    0.0	    0.0	    0.0	    0.0	    0.0	    0.0	    0.0	    0.0	  100.0	   92.4	    0.0	    0.0	    0.0	    0.0	    1.8	  1	  -50.0	 1250.0	   92.4	    0.0	    0.0	1	   69.0	 21	 1393.0	   19.3	
   28	   2.80	  -36.3	 1358.9	  -97.2	    0.0	    0.0	    0.0	    0.0	    0.0	    0.0	    0.0	    0.0	  100.0	   92.2	    0.0	    0.0	    0.0	    0.0	    1.9	  1	  -50.0	 1250.0	   92.2	    0.0	    0.0	1	   69.0	 21	 1392.5	   19.3	
   29	   2.90	  -36.3	 1358.9	  -97.2	    0.0	    0.0	    0.0	    0.0	    0.0	    0.0	    0.0	    0.0	  100.0	   91.9	    0.0	    0.0	    0.0	    0.0	    2.0	  1	  -50.0	 1250.0	   91.9	    0.0	    0.0	1	   69.0	 21	 1392.0	   19.2	
   30	   3.00	  -36.3	 1358.9	  -97.2	    0.0	    0.0	    0.0	    0.0	    0.0	    0.0	    0.0	    0.0	  100.0	   91.6	    0.0	    0.0	    0.0	    0.0	    2.0	  1	  -50.0	 1250.0	   91.6	    0.0	    0.0	1	   69.0	 21	 1391.6	   19.2	
   31	   3.10	  -36.3	 1358.9	  -97.2	    0.0	    0.0	    0.0	    0.0	    0.0	    0.0	    0.0	    0.0	  100.0	   91.3	    0.0	    0.0	    0.0	    0.0	    2.1	  1	  -50.0	 1250.0	   91.3	    0.0	    0.0	1	   69.0	 21	 1391.1	   19.1	
   32	   3.20	  -36.3	 1358.9	  -97.2	    0.0	    0.0	    0.0	    0.0	    0.0	    0.0	    0.0	    0.0	  100.0	   91.0	    0.0	    0.0	    0.0	    0.0	    2.2	  1	  -50.0	 1250.0	   91.0	    0.0	    0.0	1	   69.0	 21	 1390.7	   19.1	
   33	   3.30	  -36.3	 1358.9	  -97.2	    0.0	    0.0	    0.0	    0.0	    0.0	    0.0	    0.0	    0.0	  100.0	   90.7	    0.0	    0.0	    0.0	    0.0	    2.2	  1	  -50.0	 1250.0	   90.7	    0.0	    0.0	1	   69.0	 21	 1390.2	   19.0	
   34	   3.40	  -36.3	 1358.9	  -97.2	    0.0	    0.0	    0.0	    0.0	    0.0	    0.0	    0.0	    0.0	  100.0	   90.4	    0.0	    0.0	    0.0	    0.0	    2.3	  1	  -50.0	 1250.0	   90.4	    0.0	    0.0	1	   69.0	 21	 1389.7	   19.0	
   35	   3.50	  -36.3	 1358.9	  -97.2	    0.0	    0.0	    0.0	    0.0	    0.0	    0.0	    0.0	    0.0	  100.0	   90.1	    0.0	    0.0	    0.0	    0.0	    2.4	  1	  -50.0	 1250.0	   90.1	    0.0	    0.0	1	   69.0	 21	 1389.3	   18.9	
   36	   3.60	  -36.3	 1358.9	  -97.2	    0.0	    0.0	    0.0	    0.0	    0.0	    0.0	    0.0	    0.0	  100.0	   89.8	    0.0	    0.0	    0.0	    0.0	    2.4	  1	  -50.0	 1250.0	   89.8	    0.0	    0.0	1	   69.0	 21	 1388.8	   18.9	
   37	   3.70	  -36.3	 1358.9	  -97.2	    0.0	    0.0	    0.0	    0.0	    0.0	    0.0	    0.0	    0.0	  100.0	   89.5	    0.0	    0.0	    0.0	    0.0	    2.5	  1	  -50.0	 1250.0	   89.5	    0.0	    0.0	1	   69.0	 21	 1388.4	   18.8	
   38	   3.80	  -36.3	 1358.9	  -97.2	    0.0	    0.0	    0.0	    0.0	    0.0	    0.0	    0.0	    0.0	  100.0	   89.2	    0.0	    0.0	    0.0	    0.0	    2.6	  1	  -50.0	 1250.0	   89.2	    0.0	    0.0	1	   69.0	 21	 1387.9	   18.8	
   39	   3.90	  -36.3	 1358.9	  -97.2	    0.0	    0.0	    0.0	    0.0	    0.0	    0.0	    0.0	    0.0	  100.0	   88.9	    0.0	    0.0	    0.0	    0.0	    2.6	  1	  -50.0	 1250.0	   88.9	    0.0	    0.0	1	   69.0	 21	 1387.5	   18.7	
   40	   4.00	  -36.3	 1358.9	  -97.2	    0.0	    0.0	    0.0	    0.0	    0.0	    0.0	    0.0	    0.0	  100.0	   88.6	    0.0	    0.0	    0.0	    0.0	    2.7	  1	  -50.0	 1250.0	   88.6	    0.0	    0.0	1	   69.0	 21	 1387.0	   18.7	
   41	   4.10	  -36.3	 1358.9	  -97.2	    0.0	    0.0	    0.0	    0.0	    0.0	    0.0	    0.0	    0.0	  100.0	   88.3	    0.0	    0.0	    0.0	    0.0	    2.8	  1	  -50.0	 1250.0	   88.3	    0.0	    0.0	1	   69.0	 21	 1386.5	   18.7	
   42	   4.20	  -36.3	 1358.9	  -97.2	    0.0	    0.0	    0.0	    0.0	    0.0	    0.0	    0.0	    0.0	  100.0	   88.0	    0.0	    0.0	    0.0	    0.0	    2.8	  1	  -50.0	 1250.0	   88.0	    0.0	    0.0	1	   69.0	 21	 1386.1	   18.6	
   43	   4.30	  -36.3	 1358.9	  -97.2	    0.0	    0.0	    0.0	    0.0	    0.0	    0.0	    0.0	    0.0	  100.0	   87.7	    0.0	    0.0	    0.0	    0.0	    2.9	  1	  -50.0	 1250.0	   87.7	    0.0	    0.0	1	   69.0	 21	 1385.6	   18.6	
   44	   4.40	  -36.3	 1358.9	  -97.2	    0.0	    0.0	    0.0	    0.0	    0.0	    0.0	    0.0	    0.0	  100.0	   87.5	    0.0	    0.0	    0.0	    0.0	    3.0	  1	  -50.0	 1250.0	   87.5	    0.0	    0.0	1	   69.0	 21	 1385.2	   18.5	
   45	   4.50	  -36.3	 1358.9	  -97.2	    0.0	    0.0	    0.0	    0.0	    0.0	    0.0	    0.0	    0.0	  100.0	   87.2	    0.0	    0.0	    0.0	    0.0	    3.0	  1	  -50.0	 1250.0	   87.2	    0.0	    0.0	1	   69.0	 21	 1384.7	   18.5	
   46	   4.60	  -36.3	 1358.9	  -97.2	    0.0	    0.0	    0.0	    0.0	    0.0	    0.0	    0.0	    0.0	  100.0	   86.9	    0.0	    0.0	    0.0	    0.0	    3.1	  1	  -50.0	 1250.0	   86.9	    0.0	    0.0	1	   69.0	 21	 1384.2	   18.4	
   47	   4.70	  -36.3	 1358.9	  -97.2	    0.0	    0.0	    0.0	    0.0	    0.0	    0.0	    0.0	    0.0	  100.0	   86.6	    0.0	    0.0	    0.0	    0.0	    3.2	  1	  -50.0	 1250.0	   86.6	    0.0	    0.0	1	   69.0	 21	 1383.8	   18.4	
   48	   4.80	  -36.3	 1358.9	  -97.2	    0.0	    0.0	    0.0	    0.0	    0.0	    0.0	    0.0	    0.0	  100.0	   86.3	    0.0	    0.0	    0.0	    0.0	    3.2	  1	  -50.0	 1250.0	   86.3	    0.0	    0.0	1	   69.0	 21	 1383.3	   18.3	
   49	   4.90	  -36.3	 1358.9	  -97.2	    0.0	    0.0	    0.0	    0.0	    0.0	    0.0	    0.0	    0.0	  100.0	   86.0	    0.0	    0.0	    0.0	    0.0	    3.3	  1	  -50.0	 1250.0	   86.0	    0.0	    0.0	1	   69.0	 21	 1382.9	   18.3	
   50	   5.00	  -36.3	 1358.9	  -97.2	    0.0	    0.0	    0.0	    0.0	    0.0	    0.0	    0.0	    0.0	  100.0	   85.7	    0.0	    0.0	    0.0	    0.0	    3.4	  1	  -50.0	 1250.0	   85.7	    0.0	    0.0	1	   69.0	 21	 1382.4	   18.2	
   51	   5.10	  -36.3	 1358.9	  -97.2	    0.0	    0.0	    0.0	    0.0	    0.0	    0.0	    0.0	    0.0	  100.0	   85.4	    0.0	    0.0	    0.0	    0.0	    3.4	  1	  -50.0	 1250.0	   85.4	    0.0	    0.0	1	   69.0	 21	 1381.9	   18.2	
   52	   5.20	  -36.3	 1358.9	  -97.2	    0.0	    0.0	    0.0	    0.0	    0.0	    0.0	    0.0	    0.0	  100.0	   85.1	    0.0	    0.0	    0.0	    0.0	    3.5	  1	  -50.0	 1250.0	   85.1	    0.0	    0.0	1	   69.0	 21	 1381.5	   18.1	
   53	   5.30	  -36.3	 1358.9	  -97.2	    0.0	    0.0	    0.0	    0.0	    0.0	    0.0	    0.0	    0.0	  100.0	   84.8	    0.0	    0.0	    0.0	    0.0	    3.6	  1	  -50.0	 1250.0	   84.8	    0.0	    0.0	1	   69.0	 21	 1381.0	   18.1	
   54	   5.40	  -36.3	 1358.9	  -97.2	    0.0	    0.0	    0.0	    0.0	    0.0	    0.0	    0.0	    0.0	  100.0	   84.5	    0.0	    0.0	    0.0	    0.0	    3.6	  1	  -50.0	 1250.0	   84.5	    0.0	    0.0	1	   69.0	 21	 1380.6	   18.1	
   55	   5.50	  -36.3	 1358.9	  -97.2	    0.0	    0.0	    0.0	    0.0	    0.0	    0.0	    0.0	    0.0	  100.0	   84.2	    0.0	    0.0	    0.0	    0.0	    3.7	  1	  -50.0	 1250.0	   84.2	    0.0	    0.0	1	   69.0	 21	 1380.1	   18.0	
   56	   5.60	  -36.3	 1358.9	  -97.2	    0.0	    0.0	    0.0	    0.0	    0.0	    0.0	    0.0	    0.0	  100.0	   83.9	    0.0	    0.0	    0.0	    0.0	    3.8	  1	  -50.0	 1250.0	   83.9	    0.0	    0.0	1	   69.0	 21	 1379.6	   18.0	
   57	   5.70	  -36.3	 1358.9	  -97.2	    0.0	    0.0	    0.0	    0.0	    0.0	    0.0	    0.0	    0.0	  100.0	   83.6	    0.0	    0.0	    0.0	    0.0	    3.8	  1	  -50.0	 1250.0	   83.6	    0.0	    0.0	1	   69.0	 21	 1379.2	   17.9	
   58	   5.80	  -36.3	 1358.9	  -97.2	    0.0	    0.0	    0.0	    0.0	    0.0	    0.0	    0.0	    0.0	  100.0	   83.3	    0.0	    0.0	    0.0	    0.0	    3.9	  1	  -50.0	 1250.0	   83.3	    0.0	    0.0	1	   69.0	 21	 1378.7	   17.9	
   59	   5.90	  -36.3	 1358.9	  -97.2	    0.0	    0.0	    0.0	    0.0	    0.0	    0.0	    0.0	    0.0	  100.0	   83.0	    0.0	    0.0	    0.0	    0.0	    4.0	  1	  -50.0	 1250.0	   83.0	    0.0	    0.0	1	   69.0	 21	 1378.3	   17.8	
   60	   6.00	  -36.3	 1358.9	  -97.2	    0.0	    0.0	    0.0	    0.0	    0.0	    0.0	    0.0	    0.0	  100.0	   82.8	    0.0	    0.0	    0.0	    0.0	    4.0	  1	  -50.0	 1250.0	   82.8	    0.0	    0.0	1	   69.0	 21	 1377.8	   17.8	
   61	   6.10	  -36.3	 1358.9	  -97.2	    0.0	    0.0	    0.0	    0.0	    0.0	    0.0	    0.0	    0.0	  100.0	   82.5	    0.0	    0.0	    0.0	    0.0	    4.1	  1	  -50.0	 1250.0	   82.5	    0.0	    0.0	1	   69.0	 21	 1377.4	   17.7	
   62	   6.20	  -36.3	 1358.9	  -97.2	    0.0	    0.0	    0.0	    0.0	    0.0	    0.0	    0.0	    0.0	  100.0	   82.2	    0.0	    0.0	    0.0	    0.0	    4.2	  1	  -50.0	 1250.0	   82.2	    0.0	    0.0	1	   69.0	 21	 1376.9	   17.7	
   63	   6.30	  -36.3	 1358.9	  -97.2	    0.0	    0.0	    0.0	    0.0	    0.0	    0.0	    0.0	    0.0	  100.0	   81.9	    0.0	    0.0	    0.0	    0.0	    4.3	  1	  -50.0	 1250.0	   81.9	    0.0	    0.0	1	   69.0	 21	 1376.4	   17.6	
   64	   6.40	  -36.3	 1358.9	  -97.2	    0.0	    0.0	    0.0	    0.0	    0.0	    0.0	    0.0	    0.0	  100.0	   81.6	    0.0	    0.0	    0.0	    0.0	    4.3	  1	  -50.0	 1250.0	   81.6	    0.0	    0.0	1	   69.0	 21	 1376.0	   17.6	
   65	   6.50	  -36.3	 1358.9	  -97.2	    0.0	    0.0	    0.0	    0.0	    0.0	    0.0	    0.0	    0.0	  100.0	   81.3	    0.0	    0.0	    0.0	    0.0	    4.4	  1	  -50.0	 1250.0	   81.3	    0.0	    0.0	1	   69.0	 21	 1375.5	   17.6	
   66	   6.60	  -36.3	 1358.9	  -97.2	    0.0	    0.0	    0.0	    0.0	    0.0	    0.0	    0.0	    0.0	  100.0	   81.0	    0.0	    0.0	    0.0	    0.0	    4.5	  1	  -50.0	 1250.0	   81.0	    0.0	    0.0	1	   69.0	 21	 1375.1	   17.5	
   67	   6.70	  -36.3	 1358.9	  -97.2	    0.0	    0.0	    0.0	    0.0	    0.0	    0.0	    0.0	    0.0	  100.0	   80.7	    0.0	    0.0	    0.0	    0.0	    4.5	  1	  -50.0	 1250.0	   80.7	    0.0	    0.0	1	   69.0	 21	 1374.6	   17.5	
   68	   6.80	  -36.3	 1358.9	  -97.2	    0.0	    0.0	    0.0	    0.0	    0.0	    0.0	    0.0	    0.0	  100.0	   80.4	    0.0	    0.0	    0.0	    0.0	    4.6	  1	  -50.0	 1250.0	   80.4	    0.0	    0.0	1	   69.0	 21	 1374.1	   17.4	
   69	   6.90	  -36.3	 1358.9	  -97.2	    0.0	    0.0	    0.0	    0.0	    0.0	    0.0	    0.0	    0.0	  100.0	   80.1	    0.0	    0.0	    0.0	    0.0	    4.7	  1	  -50.0	 1250.0	   80.1	    0.0	    0.0	1	   69.0	 21	 1373.7	   17.4	
   70	   7.00	  -36.3	 1358.9	  -97.2	    0.0	    0.0	    0.0	    0.0	    0.0	    0.0	    0.0	    0.0	  100.0	   79.8	    0.0	    0.0	    0.0	    0.0	    4.7	  1	  -50.0	 1250.0	   79.8	    0.0	    0.0	1	   69.0	 21	 1373.2	   17.3	
   71	   7.10	  -36.3	 1358.9	  -97.2	    0.0	    0.0	    0.0	    0.0	    0.0	    0.0	    0.0	    0.0	  100.0	   79.5	    0.0	    0.0	    0.0	    0.0	    4.8	  1	  -50.0	 1250.0	   79.5	    0.0	    0.0	1	   69.0	 21	 1372.8	   17.3	
   72	   7.20	  -36.3	 1358.9	  -97.2	    0.0	    0.0	    0.0	    0.0	    0.0	    0.0	    0.0	    0.0	  100.0	   79.2	    0.0	    0.0	    0.0	    0.0	    4.9	  1	  -50.0	 1250.0	   79.2	    0.0	    0.0	1	   69.0	 21	 1372.3	   17.2	
   73	   7.30	  -36.3	 1358.9	  -97.2	    0.0	    0.0	    0.0	    0.0	    0.0	    0.0	    0.0	    0.0	  100.0	   78.9	    0.0	    0.0	    0.0	    0.0	    4.9	  1	  -50.0	 1250.0	   78.9	    0.0	    0.0	1	   69.0	 21	 1371.8	   17.2	
   74	   7.40	  -36.3	 1358.9	  -97.2	    0.0	    0.0	    0.0	    0.0	    0.0	    0.0	    0.0	    0.0	  100.0	   78.6	    0.0	    0.0	    0.0	    0.0	    5.0	  1	  -50.0	 1250.0	   78.6	    0.0	    0.0	1	   69.0	 21	 1371.4	   17.1	
   75	   7.50	  -36.3	 1358.9	  -97.2	    0.0	    0.0	    0.0	    0.0	    0.0	    0.0	    0.0	    0.0	  100.0	   78.3	    0.0	    0.0	    0.0	    0.0	    5.1	  1	  -50.0	 1250.0	   78.3	    0.0	    0.0	1	   69.0	 21	 1370.9	   17.1	
   76	   7.60	  -36.3	 1358.9	  -97.2	    0.0	    0.0	    0.0	    0.0	    0.0	    0.0	    0.0	    0.0	  100.0	   78.1	    0.0	    0.0	    0.0	    0.0	    5.1	  1	  -50.0	 1250.0	   78.1	    0.0	    0.0	1	   69.0	 21	 1370.5	   17.0	
   77	   7.70	  -36.3	 1358.9	  -97.2	    0.0	    0.0	    0.0	    0.0	    0.0	    0.0	    0.0	    0.0	  100.0	   77.8	    0.0	    0.0	    0.0	    0.0	    5.2	  1	  -50.0	 1250.0	   77.8	    0.0	    0.0	1	   69.0	 21	 1370.0	   17.0	
   78	   7.80	  -36.3	 1358.9	  -97.2	    0.0	    0.0	    0.0	    0.0	    0.0	    0.0	    0.0	    0.0	  100.0	   77.5	    0.0	    0.0	    0.0	    0.0	    5.3	  1	  -50.0	 1250.0	   77.5	    0.0	    0.0	1	   69.0	 21	 1369.5	   17.0	
   79	   7.90	  -36.3	 1358.9	  -97.2	    0.0	    0.0	    0.0	    0.0	    0.0	    0.0	    0.0	    0.0	  100.0	   77.2	    0.0	    0.0	    0.0	    0.0	    5.3	  1	  -50.0	 1250.0	   77.2	    0.0	    0.0	1	   69.0	 21	 1369.1	   16.9	
   80	   8.00	  -36.3	 1358.9	  -97.2	    0.0	    0.0	    0.0	    0.0	    0.0	    0.0	    0.0	    0.0	  100.0	   76.9	    0.0	    0.0	    0.0	    0.0	    5.4	  1	  -50.0	 1250.0	   76.9	    0.0	    0.0	1	   69.0	 21	 1368.6	   16.9	
   81	   8.10	  -36.3	 1358.9	  -97.2	    0.0	    0.0	    0.0	    0.0	    0.0	    0.0	    0.0	    0.0	  100.0	   76.6	    0.0	    0.0	    0.0	    0.0	    5.5	  1	  -50.0	 1250.0	   76.6	    0.0	    0.0	1	   69.0	 21	 1368.2	   16.8	
   82	   8.20	  -36.3	 1358.9	  -97.2	    0.0	    0.0	    0.0	    0.0	    0.0	    0.0	    0.0	    0.0	  100.0	   76.3	    0.0	    0.0	    0.0	    0.0	    5.5	  1	  -50.0	 1250.0	   76.3	    0.0	    0.0	1	   69.0	 21	 1367.7	   16.8	
   83	   8.30	  -36.3	 1358.9	  -97.2	    0.0	    0.0	    0.0	    0.0	    0.0	    0.0	    0.0	    0.0	  100.0	   76.0	    0.0	    0.0	    0.0	    0.0	    5.6	  1	  -50.0	 1250.0	   76.0	    0.0	    0.0	1	   69.0	 21	 1367.3	   16.7	
   84	   8.40	  -36.3	 1358.9	  -97.2	    0.0	    0.0	    0.0	    0.0	    0.0	    0.0	    0.0	    0.0	  100.0	   75.7	    0.0	    0.0	    0.0	    0.0	    5.7	  1	  -50.0	 1250.0	   75.7	    0.0	    0.0	1	   69.0	 21	 1366.8	   16.7	
   85	   8.50	  -36.3	 1358.9	  -97.2	    0.0	    0.0	    0.0	    0.0	    0.0	    0.0	    0.0	    0.0	  100.0	   75.4	    0.0	    0.0	    0.0	    0.0	    5.7	  1	  -50.0	 1250.0	   75.4	    0.0	    0.0	1	   69.0	 21	 1366.3	   16.6	
   86	   8.60	  -36.3	 1358.9	  -97.2	    0.0	    0.0	    0.0	    0.0	    0.0	    0.0	    0.0	    0.0	  100.0	   75.1	    0.0	    0.0	    0.0	    0.0	    5.8	  1	  -50.0	 1250.0	   75.1	    0.0	    0.0	1	   69.0	 21	 1365.9	   16.6	
   87	   8.70	  -36.3	 1358.9	  -97.2	    0.0	    0.0	    0.0	    0.0	    0.0	    0.0	    0.0	    0.0	  100.0	   74.8	    0.0	    0.0	    0.0	    0.0	    5.9	  1	  -50.0	 1250.0	   74.8	    0.0	    0.0	1	   69.0	 21	 1365.4	   16.5	
   88	   8.80	  -36.3	 1358.9	  -97.2	    0.0	    0.0	    0.0	    0.0	    0.0	    0.0	    0.0	    0.0	  100.0	   74.5	    0.0	    0.0	    0.0	    0.0	    5.9	  1	  -50.0	 1250.0	   74.5	    0.0	    0.0	1	   69.0	 21	 1365.0	   16.5	
   89	   8.90	  -36.3	 1358.9	  -97.2	    0.0	    0.0	    0.0	    0.0	    0.0	    0.0	    0.0	    0.0	  100.0	   74.2	    0.0	    0.0	    0.0	    0.0	    6.0	  1	  -50.0	 1250.0	   74.2	    0.0	    0.0	1	   69.0	 21	 1364.5	   16.4	
   90	   9.00	  -36.3	 1358.9	  -97.2	    0.0	    0.0	    0.0	    0.0	    0.0	    0.0	    0.0	    0.0	  100.0	   73.9	    0.0	    0.0	    0.0	    0.0	    6.1	  1	  -50.0	 1250.0	   73.9	    0.0	    0.0	1	   69.0	 21	 1364.0	   16.4	
   91	   9.10	  -36.3	 1358.9	  -97.2	    0.0	    0.0	    0.0	    0.0	    0.0	    0.0	    0.0	    0.0	  100.0	   73.6	    0.0	    0.0	    0.0	    0.0	    6.1	  1	  -50.0	 1250.0	   73.6	    0.0	    0.0	1	   69.0	 21	 1363.6	   16.4	
   92	   9.20	  -36.3	 1358.9	  -97.2	    0.0	    0.0	    0.0	    0.0	    0.0	    0.0	    0.0	    0.0	  100.0	   73.4	    0.0	    0.0	    0.0	    0.0	    6.2	  1	  -50.0	 1250.0	   73.4	    0.0	    0.0	1	   69.0	 21	 1363.1	   16.3	
   93	   9.30	  -36.3	 1358.9	  -97.2	    0.0	    0.0	    0.0	    0.0	    0.0	    0.0	    0.0	    0.0	  100.0	   73.1	    0.0	    0.0	    0.0	    0.0	    6.3	  1	  -50.0	 1250.0	   73.1	    0.0	    0.0	1	   69.0	 21	 1362.7	   16.3	
   94	   9.40	  -36.3	 1358.9	  -97.2	    0.0	    0.0	    0.0	    0.0	    0.0	    0.0	    0.0	    0.0	  100.0	   72.8	    0.0	    0.0	    0.0	    0.0	    6.3	  1	  -50.0	 1250.0	   72.8	    0.0	    0.0	1	   69.0	 21	 1362.2	   16.2	
   95	   9.50	  -36.3	 1358.9	  -97.2	    0.0	    0.0	    0.0	    0.0	    0.0	    0.0	    0.0	    0.0	  100.0	   72.5	    0.0	    0.0	    0.0	    0.0	    6.4	  1	  -50.0	 1250.0	   72.5	    0.0	    0.0	1	   69.0	 21	 1361.7	   16.2	
   96	   9.60	  -36.3	 1358.9	  -97.2	    0.0	    0.0	    0.0	    0.0	    0.0	    0.0	    0.0	    0.0	  100.0	   72.2	    0.0	    0.0	    0.0	    0.0	    6.5	  1	  -50.0	 1250.0	   72.2	    0.0	    0.0	1	   69.0	 21	 1361.3	   16.1	
   97	   9.70	  -36.3	 1358.9	  -97.2	    0.0	    0.0	    0.0	    0.0	    0.0	    0.0	    0.0	    0.0	  100.0	   71.9	    0.0	    0.0	    0.0	    0.0	    6.5	  1	  -50.0	 1250.0	   71.9	    0.0	    0.0	1	   69.0	 21	 1360.8	   16.1	
   98	   9.80	  -36.3	 1358.9	  -97.2	    0.0	    0.0	    0.0	    0.0	    0.0	    0.0	    0.0	    0.0	  100.0	   71.6	    0.0	    0.0	    0.0	    0.0	    6.6	  1	  -50.0	 1250.0	   71.6	    0.0	    0.0	1	   69.0	 21	 1360.4	   16.0	
   99	   9.90	  -36.3	 1358.9	  -97.2	    0.0	    0.0	    0.0	    0.0	    0.0	    0.0	    0.0	    0.0	  100.0	   71.3	    0.0	    0.0	    0.0	    0.0	    6.7	  1	  -50.0	 1250.0	   71.3	    0.0	    0.0	1	   69.0	 21	 1359.9	   16.0	
  100	  10.00	  -36.3	 1358.9	  -97.2	    0.0	    0.0	    0.0	    0.0	    0.0	    0.0	    0.0	    0.0	  100.0	   71.0	    0.0	    0.0	    0.0	    0.0	    6.8	  1	  -50.0	 1250.0	   71.0	    0.0	    0.0	1	   69.0	 21	 1359.4	   15.9	
  101	  10.10	  -36.3	 1358.9	  -97.2	    0.0	    0.0	    0.0	    0.0	    0.0	    0.0	    0.0	    0.0	  100.0	   70.7	    0.0	    0.0	    0.0	    0.0	    6.8	  1	  -50.0	 1250.0	   70.7	    0.0	    0.0	1	   69.0	 21	 1359.0	   15.9	
  102	  10.20	  -36.3	 1358.9	  -97.2	    0.0	    0.0	    0.0	    0.0	    0.0	    0.0	    0.0	    0.0	  100.0	   70.4	    0.0	    0.0	    0.0	    0.0	    6.9	  1	  -50.0	 1250.0	   70.4	    0.0	    0.0	1	   69.0	 21	 1358.5	   15.9	
  103	  10.30	  -36.3	 1358.9	  -97.2	    0.0	    0.0	    0.0	    0.0	    0.0	    0.0	    0.0	    0.0	  100.0	   70.1	    0.0	    0.0	    0.0	    0.0	    7.0	  1	  -50.0	 1250.0	   70.1	    0.0	    0.0	1	   69.0	 21	 1358.1	   15.8	
  104	  10.40	  -36.3	 1358.9	  -97.2	    0.0	    0.0	    0.0	    0.0	    0.0	    0.0	    0.0	    0.0	  100.0	   69.8	    0.0	    0.0	    0.0	    0.0	    7.0	  1	  -50.0	 1250.0	   69.8	    0.0	    0.0	1	   69.0	 21	 1357.6	   15.8	
  105	  10.50	  -36.3	 1358.9	  -97.2	    0.0	    0.0	    0.0	    0.0	    0.0	    0.0	    0.0	    0.0	  100.0	   69.5	    0.0	    0.0	    0.0	    0.0	    7.1	  1	  -50.0	 1250.0	   69.5	    0.0	    0.0	1	   69.0	 21	 1357.2	   15.7	
  106	  10.60	  -36.3	 1358.9	  -97.2	    0.0	    0.0	    0.0	    0.0	    0.0	    0.0	    0.0	    0.0	  100.0	   69.2	    0.0	    0.0	    0.0	    0.0	    7.2	  1	  -50.0	 1250.0	   69.2	    0.0	    0.0	1	   69.0	 21	 1356.7	   15.7	
  107	  10.70	  -36.3	 1358.9	  -97.2	    0.0	    0.0	    0.0	    0.0	    0.0	    0.0	    0.0	    0.0	  100.0	   68.9	    0.0	    0.0	    0.0	    0.0	    7.2	  1	  -50.0	 1250.0	   68.9	    0.0	    0.0	1	   69.0	 21	 1356.2	   15.6	
  108	  10.80	  -36.3	 1358.9	  -97.2	    0.0	    0.0	    0.0	    0.0	    0.0	    0.0	    0.0	    0.0	  100.0	   68.7	    0.0	    0.0	    0.0	    0.0	    7.3	  1	  -50.0	 1250.0	   68.7	    0.0	    0.0	1	   69.0	 21	 1355.8	   15.6	
  109	  10.90	  -36.3	 1358.9	  -97.2	    0.0	    0.0	    0.0	    0.0	    0.0	    0.0	    0.0	    0.0	  100.0	   68.4	    0.0	    0.0	    0.0	    0.0	    7.4	  1	  -50.0	 1250.0	   68.4	    0.0	    0.0	1	   69.0	 21	 1355.3	   15.5	
  110	  11.00	  -36.3	 1358.9	  -97.2	    0.0	    0.0	    0.0	    0.0	    0.0	    0.0	    0.0	    0.0	  100.0	   68.1	    0.0	    0.0	    0.0	    0.0	    7.4	  1	  -50.0	 1250.0	   68.1	    0.0	    0.0	1	   69.0	 21	 1354.9	   15.5	
  111	  11.10	  -36.3	 1358.9	  -97.2	    0.0	    0.0	    0.0	    0.0	    0.0	    0.0	    0.0	    0.0	  100.0	   67.8	    0.0	    0.0	    0.0	    0.0	    7.5	  1	  -50.0	 1250.0	   67.8	    0.0	    0.0	1	   69.0	 21	 1354.4	   15.4	
  112	  11.20	  -36.3	 1358.9	  -97.2	    0.0	    0.0	    0.0	    0.0	    0.0	    0.0	    0.0	    0.0	  100.0	   67.5	    0.0	    0.0	    0.0	    0.0	    7.6	  1	  -50.0	 1250.0	   67.5	    0.0	    0.0	1	   69.0	 21	 1353.9	   15.4	
  113	  11.30	  -36.3	 1358.9	  -97.2	    0.0	    0.0	    0.0	    0.0	    0.0	    0.0	    0.0	    0.0	  100.0	   67.2	    0.0	    0.0	    0.0	    0.0	    7.6	  1	  -50.0	 1250.0	   67.2	    0.0	    0.0	1	   69.0	 21	 1353.5	   15.3	
  114	  11.40	  -36.3	 1358.9	  -97.2	    0.0	    0.0	    0.0	    0.0	    0.0	    0.0	    0.0	    0.0	  100.0	   66.9	    0.0	    0.0	    0.0	    0.0	    7.7	  1	  -50.0	 1250.0	   66.9	    0.0	    0.0	1	   69.0	 21	 1353.0	   15.3	
  115	  11.50	  -36.3	 1358.9	  -97.2	    0.0	    0.0	    0.0	    0.0	    0.0	    0.0	    0.0	    0.0	  100.0	   66.6	    0.0	    0.0	    0.0	    0.0	    7.8	  1	  -50.0	 1250.0	   66.6	    0.0	    0.0	1	   69.0	 21	 1352.6	   15.3	
  116	  11.60	  -36.3	 1358.9	  -97.2	    0.0	    0.0	    0.0	    0.0	    0.0	    0.0	    0.0	    0.0	  100.0	   66.3	    0.0	    0.0	    0.0	    0.0	    7.8	  1	  -50.0	 1250.0	   66.3	    0.0	    0.0	1	   69.0	 21	 1352.1	   15.2	
  117	  11.70	  -36.3	 1358.9	  -97.2	    0.0	    0.0	    0.0	    0.0	    0.0	    0.0	    0.0	    0.0	  100.0	   66.0	    0.0	    0.0	    0.0	    0.0	    7.9	  1	  -50.0	 1250.0	   66.0	    0.0	    0.0	1	   69.0	 21	 1351.6	   15.2	
  118	  11.80	  -36.3	 1358.9	  -97.2	    0.0	    0.0	    0.0	    0.0	    0.0	    0.0	    0.0	    0.0	  100.0	   65.7	    0.0	    0.0	    0.0	    0.0	    8.0	  1	  -50.0	 1250.0	   65.7	    0.0	    0.0	1	   69.0	 21	 1351.2	   15.1	
  119	  11.90	  -36.3	 1358.9	  -97.2	    0.0	    0.0	    0.0	    0.0	    0.0	    0.0	    0.0	    0.0	  100.0	   65.4	    0.0	    0.0	    0.0	    0.0	    8.0	  1	  -50.0	 1250.0	   65.4	    0.0	    0.0	1	   69.0	 21	 1350.7	   15.1	
  120	  12.00	  -36.3	 1358.9	  -97.2	    0.0	    0.0	    0.0	    0.0	    0.0	    0.0	    0.0	    0.0	  100.0	   65.1	    0.0	    0.0	    0.0	    0.0	    8.1	  1	  -50.0	 1250.0	   65.1	    0.0	    0.0	1	   69.0	 21	 1350.3	   15.0	
  121	  12.10	  -36.3	 1358.9	  -97.2	    0.0	    0.0	    0.0	    0.0	    0.0	    0.0	    0.0	    0.0	  100.0	   64.8	    0.0	    0.0	    0.0	    0.0	    8.2	  1	  -50.0	 1250.0	   64.8	    0.0	    0.0	1	   69.0	 21	 1349.8	   15.0	
  122	  12.20	  -36.3	 1358.9	  -97.2	    0.0	    0.0	    0.0	    0.0	    0.0	    0.0	    0.0	    0.0	  100.0	   64.5	    0.0	    0.0	    0.0	    0.0	    8.2	  1	  -50.0	 1250.0	   64.5	    0.0	    0.0	1	   69.0	 21	 1349.3	   14.9	
  123	  12.30	  -36.3	 1358.9	  -97.2	    0.0	    0.0	    0.0	    0.0	    0.0	    0.0	    0.0	    0.0	  100.0	   64.2	    0.0	    0.0	    0.0	    0.0	    8.3	  1	  -50.0	 1250.0	   64.2	    0.0	    0.0	1	   69.0	 21	 1348.9	   14.9	
  124	  12.40	  -36.3	 1358.9	  -97.2	    0.0	    0.0	    0.0	    0.0	    0.0	    0.0	    0.0	    0.0	  100.0	   64.0	    0.0	    0.0	    0.0	    0.0	    8.4	  1	  -50.0	 1250.0	   64.0	    0.0	    0.0	1	   69.0	 21	 1348.4	   14.8	
  125	  12.50	  -36.3	 1358.9	  -97.2	    0.0	    0.0	    0.0	    0.0	    0.0	    0.0	    0.0	    0.0	  100.0	   63.7	    0.0	    0.0	    0.0	    0.0	    8.4	  1	  -50.0	 1250.0	   63.7	    0.0	    0.0	1	   69.0	 21	 1348.0	   14.8	
  126	  12.60	  -36.3	 1358.9	  -97.2	    0.0	    0.0	    0.0	    0.0	    0.0	    0.0	    0.0	    0.0	  100.0	   63.4	    0.0	    0.0	    0.0	    0.0	    8.5	  1	  -50.0	 1250.0	   63.4	    0.0	    0.0	1	   69.0	 21	 1347.5	   14.8	
  127	  12.70	  -36.3	 1358.9	  -97.2	    0.0	    0.0	    0.0	    0.0	    0.0	    0.0	    0.0	    0.0	  100.0	   63.1	    0.0	    0.0	    0.0	    0.0	    8.6	  1	  -50.0	 1250.0	   63.1	    0.0	    0.0	1	   69.0	 21	 1347.1	   14.7	
  128	  12.80	  -36.3	 1358.9	  -97.2	    0.0	    0.0	    0.0	    0.0	    0.0	    0.0	    0.0	    0.0	  100.0	   62.8	    0.0	    0.0	    0.0	    0.0	    8.6	  1	  -50.0	 1250.0	   62.8	    0.0	    0.0	1	   69.0	 21	 1346.6	   14.7	
  129	  12.90	  -36.3	 1358.9	  -97.2	    0.0	    0.0	    0.0	    0.0	    0.0	    0.0	    0.0	    0.0	  100.0	   62.5	    0.0	    0.0	    0.0	    0.0	    8.7	  1	  -50.0	 1250.0	   62.5	    0.0	    0.0	1	   69.0	 21	 1346.1	   14.6	
  130	  13.00	  -36.3	 1358.9	  -97.2	    0.0	    0.0	    0.0	    0.0	    0.0	    0.0	    0.0	    0.0	  100.0	   62.2	    0.0	    0.0	    0.0	    0.0	    8.8	  1	  -50.0	 1250.0	   62.2	    0.0	    0.0	1	   69.0	 21	 1345.7	   14.6	
  131	  13.10	  -36.3	 1358.9	  -97.2	    0.0	    0.0	    0.0	    0.0	    0.0	    0.0	    0.0	    0.0	  100.0	   61.9	    0.0	    0.0	    0.0	    0.0	    8.8	  1	  -50.0	 1250.0	   61.9	    0.0	    0.0	1	   69.0	 21	 1345.2	   14.5	
  132	  13.20	  -36.3	 1358.9	  -97.2	    0.0	    0.0	    0.0	    0.0	    0.0	    0.0	    0.0	    0.0	  100.0	   61.6	    0.0	    0.0	    0.0	    0.0	    8.9	  1	  -50.0	 1250.0	   61.6	    0.0	    0.0	1	   69.0	 21	 1344.8	   14.5	
  133	  13.30	  -36.3	 1358.9	  -97.2	    0.0	    0.0	    0.0	    0.0	    0.0	    0.0	    0.0	    0.0	  100.0	   61.3	    0.0	    0.0	    0.0	    0.0	    9.0	  1	  -50.0	 1250.0	   61.3	    0.0	    0.0	1	   69.0	 21	 1344.3	   14.4	
  134	  13.40	  -36.3	 1358.9	  -97.2	    0.0	    0.0	    0.0	    0.0	    0.0	    0.0	    0.0	    0.0	  100.0	   61.0	    0.0	    0.0	    0.0	    0.0	    9.0	  1	  -50.0	 1250.0	   61.0	    0.0	    0.0	1	   69.0	 21	 1343.8	   14.4	
  135	  13.50	  -36.3	 1358.9	  -97.2	    0.0	    0.0	    0.0	    0.0	    0.0	    0.0	    0.0	    0.0	  100.0	   60.7	    0.0	    0.0	    0.0	    0.0	    9.1	  1	  -50.0	 1250.0	   60.7	    0.0	    0.0	1	   69.0	 21	 1343.4	   14.3	
  136	  13.60	  -36.3	 1358.9	  -97.2	    0.0	    0.0	    0.0	    0.0	    0.0	    0.0	    0.0	    0.0	  100.0	   60.4	    0.0	    0.0	    0.0	    0.0	    9.2	  1	  -50.0	 1250.0	   60.4	    0.0	    0.0	1	   69.0	 21	 1342.9	   14.3	
  137	  13.70	  -36.3	 1358.9	  -97.2	    0.0	    0.0	    0.0	    0.0	    0.0	    0.0	    0.0	    0.0	  100.0	   60.1	    0.0	    0.0	    0.0	    0.0	    9.3	  1	  -50.0	 1250.0	   60.1	    0.0	    0.0	1	   69.0	 21	 1342.5	   14.2	
  138	  13.80	  -36.3	 1358.9	  -97.2	    0.0	    0.0	    0.0	    0.0	    0.0	    0.0	    0.0	    0.0	  100.0	   59.8	    0.0	    0.0	    0.0	    0.0	    9.3	  1	  -50.0	 1250.0	   59.8	    0.0	    0.0	1	   69.0	 21	 1342.0	   14.2	
  139	  13.90	  -36.3	 1358.9	  -97.2	    0.0	    0.0	    0.0	    0.0	    0.0	    0.0	    0.0	    0.0	  100.0	   59.5	    0.0	    0.0	    0.0	    0.0	    9.4	  1	  -50.0	 1250.0	   59.5	    0.0	    0.0	1	   69.0	 21	 1341.5	   14.2	
  140	  14.00	  -36.3	 1358.9	  -97.2	    0.0	    0.0	    0.0	    0.0	    0.0	    0.0	    0.0	    0.0	  100.0	   59.3	    0.0	    0.0	    0.0	    0.0	    9.5	  1	  -50.0	 1250.0	   59.3	    0.0	    0.0	1	   69.0	 21	 1341.1	   14.1	
  141	  14.10	  -36.3	 1358.9	  -97.2	    0.0	    0.0	    0.0	    0.0	    0.0	    0.0	    0.0	    0.0	  100.0	   59.0	    0.0	    0.0	    0.0	    0.0	    9.5	  1	  -50.0	 1250.0	   59.0	    0.0	    0.0	1	   69.0	 21	 1340.6	   14.1	
  142	  14.20	  -36.3	 1358.9	  -97.2	    0.0	    0.0	    0.0	    0.0	    0.0	    0.0	    0.0	    0.0	  100.0	   58.7	    0.0	    0.0	    0.0	    0.0	    9.6	  1	  -50.0	 1250.0	   58.7	    0.0	    0.0	1	   69.0	 21	 1340.2	   14.0	
  143	  14.30	  -36.3	 1358.9	  -97.2	    0.0	    0.0	    0.0	    0.0	    0.0	    0.0	    0.0	    0.0	  100.0	   58.4	    0.0	    0.0	    0.0	    0.0	    9.7	  1	  -50.0	 1250.0	   58.4	    0.0	    0.0	1	   69.0	 21	 1339.7	   14.0	
  144	  14.40	  -36.3	 1358.9	  -97.2	    0.0	    0.0	    0.0	    0.0	    0.0	    0.0	    0.0	    0.0	  100.0	   58.1	    0.0	    0.0	    0.0	    0.0	    9.7	  1	  -50.0	 1250.0	   58.1	    0.0	    0.0	1	   69.0	 21	 1339.2	   13.9	
  145	  14.50	  -36.3	 1358.9	  -97.2	    0.0	    0.0	    0.0	    0.0	    0.0	    0.0	    0.0	    0.0	  100.0	   57.8	    0.0	    0.0	    0.0	    0.0	    9.8	  1	  -50.0	 1250.0	   57.8	    0.0	    0.0	1	   69.0	 21	 1338.8	   13.9	
  146	  14.60	  -36.3	 1358.9	  -97.2	    0.0	    0.0	    0.0	    0.0	    0.0	    0.0	    0.0	    0.0	  100.0	   57.5	    0.0	    0.0	    0.0	    0.0	    9.9	  1	  -50.0	 1250.0	   57.5	    0.0	    0.0	1	   69.0	 21	 1338.3	   13.8	
  147	  14.70	  -36.3	 1358.9	  -97.2	    0.0	    0.0	    0.0	    0.0	    0.0	    0.0	    0.0	    0.0	  100.0	   57.2	    0.0	    0.0	    0.0	    0.0	    9.9	  1	  -50.0	 1250.0	   57.2	    0.0	    0.0	1	   69.0	 21	 1337.9	   13.8	
  148	  14.80	  -36.3	 1358.9	  -97.2	    0.0	    0.0	    0.0	    0.0	    0.0	    0.0	    0.0	    0.0	  100.0	   56.9	    0.0	    0.0	    0.0	    0.0	   10.0	  1	  -50.0	 1250.0	   56.9	    0.0	    0.0	1	   69.0	 21	 1337.4	   13.7	
  149	  14.90	  -36.3	 1358.9	  -97.2	    0.0	    0.0	    0.0	    0.0	    0.0	    0.0	    0.0	    0.0	  100.0	   56.6	    0.0	    0.0	    0.0	    0.0	   10.1	  1	  -50.0	 1250.0	   56.6	    0.0	    0.0	1	   69.0	 21	 1337.0	   13.7	
  150	  15.00	  -36.3	 1358.9	  -97.2	    0.0	    0.0	    0.0	    0.0	    0.0	    0.0	    0.0	    0.0	  100.0	   56.3	    0.0	    0.0	    0.0	    0.0	   10.1	  1	  -50.0	 1250.0	   56.3	    0.0	    0.0	1	   69.0	 21	 1336.5	   13.6	
  151	  15.10	  -36.3	 1358.9	  -97.2	    0.0	    0.0	    0.0	    0.0	    0.0	    0.0	    0.0	    0.0	  100.0	   56.0	    0.0	    0.0	    0.0	    0.0	   10.2	  1	  -50.0	 1250.0	   56.0	    0.0	    0.0	1	   69.0	 21	 1336.0	   13.6	
  152	  15.20	  -36.3	 1358.9	  -97.2	    0.0	    0.0	    0.0	    0.0	    0.0	    0.0	    0.0	    0.0	  100.0	   55.7	    0.0	    0.0	    0.0	    0.0	   10.3	  1	  -50.0	 1250.0	   55.7	    0.0	    0.0	1	   69.0	 21	 1335.6	   13.6	
  153	  15.30	  -36.3	 1358.9	  -97.2	    0.0	    0.0	    0.0	    0.0	    0.0	    0.0	    0.0	    0.0	  100.0	   55.4	    0.0	    0.0	    0.0	    0.0	   10.3	  1	  -50.0	 1250.0	   55.4	    0.0	    0.0	1	   69.0	 21	 1335.1	   13.5	
  154	  15.40	  -36.3	 1358.9	  -97.2	    0.0	    0.0	    0.0	    0.0	    0.0	    0.0	    0.0	    0.0	  100.0	   55.1	    0.0	    0.0	    0.0	    0.0	   10.4	  1	  -50.0	 1250.0	   55.1	    0.0	    0.0	1	   69.0	 21	 1334.7	   13.5	
  155	  15.50	  -36.3	 1358.9	  -97.2	    0.0	    0.0	    0.0	    0.0	    0.0	    0.0	    0.0	    0.0	  100.0	   54.8	    0.0	    0.0	    0.0	    0.0	   10.5	  1	  -50.0	 1250.0	   54.8	    0.0	    0.0	1	   69.0	 21	 1334.2	   13.4	
  156	  15.60	  -36.3	 1358.9	  -97.2	    0.0	    0.0	    0.0	    0.0	    0.0	    0.0	    0.0	    0.0	  100.0	   54.6	    0.0	    0.0	    0.0	    0.0	   10.5	  1	  -50.0	 1250.0	   54.6	    0.0	    0.0	1	   69.0	 21	 1333.7	   13.4	
  157	  15.70	  -36.3	 1358.9	  -97.2	    0.0	    0.0	    0.0	    0.0	    0.0	    0.0	    0.0	    0.0	  100.0	   54.3	    0.0	    0.0	    0.0	    0.0	   10.6	  1	  -50.0	 1250.0	   54.3	    0.0	    0.0	1	   69.0	 21	 1333.3	   13.3	
  158	  15.80	  -36.3	 1358.9	  -97.2	    0.0	    0.0	    0.0	    0.0	    0.0	    0.0	    0.0	    0.0	  100.0	   54.0	    0.0	    0.0	    0.0	    0.0	   10.7	  1	  -50.0	 1250.0	   54.0	    0.0	    0.0	1	   69.0	 21	 1332.8	   13.3	
  159	  15.90	  -36.3	 1358.9	  -97.2	    0.0	    0.0	    0.0	    0.0	    0.0	    0.0	    0.0	    0.0	  100.0	   53.7	    0.0	    0.0	    0.0	    0.0	   10.7	  1	  -50.0	 1250.0	   53.7	    0.0	    0.0	1	   69.0	 21	 1332.4	   13.2	
  160	  16.00	  -36.3	 1358.9	  -97.2	    0.0	    0.0	    0.0	    0.0	    0.0	    0.0	    0.0	    0.0	  100.0	   53.4	    0.0	    0.0	    0.0	    0.0	   10.8	  1	  -50.0	 1250.0	   53.4	    0.0	    0.0	1	   69.0	 21	 1331.9	   13.2	
  161	  16.10	  -36.3	 1358.9	  -97.2	    0.0	    0.0	    0.0	    0.0	    0.0	    0.0	    0.0	    0.0	  100.0	   53.1	    0.0	    0.0	    0.0	    0.0	   10.9	  1	  -50.0	 1250.0	   53.1	    0.0	    0.0	1	   69.0	 21	 1331.4	   13.1	
  162	  16.20	  -36.3	 1358.9	  -97.2	    0.0	    0.0	    0.0	    0.0	    0.0	    0.0	    0.0	    0.0	  100.0	   52.8	    0.0	    0.0	    0.0	    0.0	   10.9	  1	  -50.0	 1250.0	   52.8	    0.0	    0.0	1	   69.0	 21	 1331.0	   13.1	
  163	  16.30	  -36.3	 1358.9	  -97.2	    0.0	    0.0	    0.0	    0.0	    0.0	    0.0	    0.0	    0.0	  100.0	   52.5	    0.0	    0.0	    0.0	    0.0	   11.0	  1	  -50.0	 1250.0	   52.5	    0.0	    0.0	1	   69.0	 21	 1330.5	   13.1	
  164	  16.40	  -36.3	 1358.9	  -97.2	    0.0	    0.0	    0.0	    0.0	    0.0	    0.0	    0.0	    0.0	  100.0	   52.2	    0.0	    0.0	    0.0	    0.0	   11.1	  1	  -50.0	 1250.0	   52.2	    0.0	    0.0	1	   69.0	 21	 1330.1	   13.0	
  165	  16.50	  -36.3	 1358.9	  -97.2	    0.0	    0.0	    0.0	    0.0	    0.0	    0.0	    0.0	    0.0	  100.0	   51.9	    0.0	    0.0	    0.0	    0.0	   11.1	  1	  -50.0	 1250.0	   51.9	    0.0	    0.0	1	   69.0	 21	 1329.6	   13.0	
  166	  16.60	  -36.3	 1358.9	  -97.2	    0.0	    0.0	    0.0	    0.0	    0.0	    0.0	    0.0	    0.0	  100.0	   51.6	    0.0	    0.0	    0.0	    0.0	   11.2	  1	  -50.0	 1250.0	   51.6	    0.0	    0.0	1	   69.0	 21	 1329.2	   12.9	
  167	  16.70	  -36.3	 1358.9	  -97.2	    0.0	    0.0	    0.0	    0.0	    0.0	    0.0	    0.0	    0.0	  100.0	   51.3	    0.0	    0.0	    0.0	    0.0	   11.3	  1	  -50.0	 1250.0	   51.3	    0.0	    0.0	1	   69.0	 21	 1328.7	   12.9	
