    1	  14.44	    0.0	 1500.0	    0.0	    0.0	 1500.0	    0.0	  200.0	    0.0	 1500.0	    0.0	  200.0	  100.0	   99.7	    0.0	    0.0	    0.0	    0.0	    0.1	  1	 -750.0	 1550.0	   99.7	    0.0	    0.0	1	  521.5	 21	    0.0	    7.7	
    2	  14.54	    0.0	 1500.0	    0.0	    0.0	 1500.0	    0.0	  200.0	    0.0	 1500.0	    0.0	  200.0	  100.0	   99.2	    0.0	    0.0	    0.0	    0.0	    0.1	  1	 -750.0	 1550.0	   99.2	    0.0	    0.0	1	  396.2	 21	 1305.5	   10.5	
    3	  14.64	    0.0	 1500.0	    0.0	    0.0	 1500.0	    0.0	  200.0	    0.0	 1500.0	    0.0	  200.0	  100.0	   98.7	    0.0	    0.0	    0.0	    0.0	    0.2	  1	 -750.0	 1550.0	   98.7	    0.0	    0.0	1	  395.8	 21	 1305.2	   10.5	
    4	  14.74	    0.0	 1500.0	    0.0	    0.0	 1500.0	    0.0	  200.0	    0.0	 1500.0	    0.0	  200.0	  100.0	   98.2	    0.0	    0.0	    0.0	    0.0	    0.3	  1	 -750.0	 1550.0	   98.2	    0.0	    0.0	1	  395.3	 21	 1304.9	   10.5	
    5	  14.84	    0.0	 1500.0	    0.0	    0.0	 1500.0	    0.0	  200.0	    0.0	 1500.0	    0.0	  200.0	  100.0	   97.7	    0.0	    0.0	    0.0	    0.0	    0.3	  1	 -750.0	 1550.0	   97.7	    0.0	    0.0	1	  394.9	 21	 1304.6	   10.5	
    6	  14.94	    0.0	 1500.0	    0.0	    0.0	 1500.0	    0.0	  200.0	    0.0	 1500.0	    0.0	  200.0	  100.0	   97.2	    0.0	    0.0	    0.0	    0.0	    0.4	  1	 -750.0	 1550.0	   97.2	    0.0	    0.0	1	  394.4	 21	 1304.3	   10.4	
    7	  15.04	    0.0	 1500.0	    0.0	    0.0	 1500.0	    0.0	  200.0	    0.0	 1500.0	    0.0	  200.0	  100.0	   96.7	    0.0	    0.0	    0.0	    0.0	    0.5	  1	 -750.0	 1550.0	   96.7	    0.0	    0.0	1	  394.0	 21	 1304.1	   10.4	
    8	  15.14	    0.0	 1500.0	    0.0	    0.0	 1500.0	    0.0	  200.0	    0.0	 1500.0	    0.0	  200.0	  100.0	   96.2	    0.0	    0.0	    0.0	    0.0	    0.5	  1	 -750.0	 1550.0	   96.2	    0.0	    0.0	1	  393.5	 21	 1303.8	   10.4	
    9	  15.24	    0.0	 1500.0	    0.0	    0.0	 1500.0	    0.0	  200.0	    0.0	 1500.0	    0.0	  200.0	  100.0	   95.7	    0.0	    0.0	    0.0	    0.0	    0.6	  1	 -750.0	 1550.0	   95.7	    0.0	    0.0	1	  393.1	 21	 1303.5	   10.3	
   10	  15.35	    0.0	 1500.0	    0.0	    0.0	 1500.0	    0.0	  200.0	    0.0	 1500.0	    0.0	  200.0	  100.0	   95.2	    0.0	    0.0	    0.0	    0.0	    0.7	  1	 -750.0	 1550.0	   95.2	    0.0	    0.0	1	  392.6	 21	 1303.2	   10.3	
   11	  15.45	    0.0	 1500.0	    0.0	    0.0	 1500.0	    0.0	  200.0	    0.0	 1500.0	    0.0	  200.0	  100.0	   94.7	    0.0	    0.0	    0.0	    0.0	    0.7	  1	 -750.0	 1550.0	   94.7	    0.0	    0.0	1	  392.2	 21	 1302.9	   10.3	
   12	  15.54	    0.0	 1500.0	    0.0	    0.0	 1500.0	    0.0	  200.0	    0.0	 1500.0	    0.0	  200.0	  100.0	   94.2	    0.0	    0.0	    0.0	    0.0	    0.8	  1	 -750.0	 1550.0	   94.2	    0.0	    0.0	1	  391.7	 21	 1302.6	   10.3	
   13	  15.64	    0.0	 1500.0	    0.0	    0.0	 1500.0	    0.0	  200.0	    0.0	 1500.0	    0.0	  200.0	  100.0	   93.7	    0.0	    0.0	    0.0	    0.0	    0.9	  1	 -750.0	 1550.0	   93.7	    0.0	    0.0	1	  391.2	 21	 1302.4	   10.2	
   14	  15.75	    0.0	 1500.0	    0.0	    0.0	 1500.0	    0.0	  200.0	    0.0	 1500.0	    0.0	  200.0	  100.0	   93.2	    0.0	    0.0	    0.0	    0.0	    0.9	  1	 -750.0	 1550.0	   93.2	    0.0	    0.0	1	  390.8	 21	 1302.1	   10.2	
   15	  15.84	    0.0	 1500.0	    0.0	    0.0	 1500.0	    0.0	  200.0	    0.0	 1500.0	    0.0	  200.0	  100.0	   92.7	    0.0	    0.0	    0.0	    0.0	    1.0	  1	 -750.0	 1550.0	   92.7	    0.0	    0.0	1	  390.3	 21	 1301.8	   10.2	
   16	  15.95	    0.0	 1500.0	    0.0	    0.0	 1500.0	    0.0	  200.0	    0.0	 1500.0	    0.0	  200.0	  100.0	   92.2	    0.0	    0.0	    0.0	    0.0	    1.1	  1	 -750.0	 1550.0	   92.2	    0.0	    0.0	1	  389.9	 21	 1301.5	   10.2	
   17	  16.04	    0.0	 1500.0	    0.0	    0.0	 1500.0	    0.0	  200.0	    0.0	 1500.0	    0.0	  200.0	  100.0	   91.7	    0.0	    0.0	    0.0	    0.0	    1.2	  1	 -750.0	 1550.0	   91.7	    0.0	    0.0	1	  389.4	 21	 1301.2	   10.1	
   18	  16.15	    0.0	 1500.0	    0.0	    0.0	 1500.0	    0.0	  200.0	    0.0	 1500.0	    0.0	  200.0	  100.0	   91.2	    0.0	    0.0	    0.0	    0.0	    1.2	  1	 -750.0	 1550.0	   91.2	    0.0	    0.0	1	  389.0	 21	 1301.0	   10.1	
   19	  16.25	    0.0	 1500.0	    0.0	    0.0	 1500.0	    0.0	  200.0	    0.0	 1500.0	    0.0	  200.0	  100.0	   90.7	    0.0	    0.0	    0.0	    0.0	    1.3	  1	 -750.0	 1550.0	   90.7	    0.0	    0.0	1	  388.5	 21	 1300.7	   10.1	
   20	  16.34	    0.0	 1500.0	    0.0	    0.0	 1500.0	    0.0	  200.0	    0.0	 1500.0	    0.0	  200.0	  100.0	   90.2	    0.0	    0.0	    0.0	    0.0	    1.4	  1	 -750.0	 1550.0	   90.2	    0.0	    0.0	1	  388.0	 21	 1300.4	   10.0	
   21	  16.44	    0.0	 1500.0	    0.0	    0.0	 1500.0	    0.0	  200.0	    0.0	 1500.0	    0.0	  200.0	  100.0	   89.7	    0.0	    0.0	    0.0	    0.0	    1.4	  1	 -750.0	 1550.0	   89.7	    0.0	    0.0	1	  387.6	 21	 1300.1	   10.0	
   22	  16.54	    0.0	 1500.0	    0.0	    0.0	 1500.0	    0.0	  200.0	    0.0	 1500.0	    0.0	  200.0	  100.0	   89.2	    0.0	    0.0	    0.0	    0.0	    1.5	  1	 -750.0	 1550.0	   89.2	    0.0	    0.0	1	  387.1	 21	    0.0	   10.0	
   23	  16.64	    0.0	 1500.0	    0.0	    0.0	 1500.0	    0.0	  200.0	    0.0	 1500.0	    0.0	  200.0	  100.0	   88.7	    0.0	    0.0	    0.0	    0.0	    1.6	  1	 -750.0	 1550.0	   88.7	    0.0	    0.0	1	  386.7	 21	    0.0	   10.0	
   24	  16.74	    0.0	 1500.0	    0.0	    0.0	 1500.0	    0.0	  200.0	    0.0	 1500.0	    0.0	  200.0	  100.0	   88.2	    0.0	    0.0	    0.0	    0.0	    1.6	  1	 -750.0	 1550.0	   88.2	    0.0	    0.0	1	  386.2	 21	    0.0	    9.9	
   25	  16.84	    0.0	 1500.0	    0.0	    0.0	 1500.0	    0.0	  200.0	    0.0	 1500.0	    0.0	  200.0	  100.0	   87.7	    0.0	    0.0	    0.0	    0.0	    1.7	  1	 -750.0	 1550.0	   87.7	    0.0	    0.0	1	  385.7	 21	    0.0	    9.9	
   26	  16.94	    0.0	 1500.0	    0.0	    0.0	 1500.0	    0.0	  200.0	    0.0	 1500.0	    0.0	  200.0	  100.0	   87.2	    0.0	    0.0	    0.0	    0.0	    1.8	  1	 -750.0	 1550.0	   87.2	    0.0	    0.0	1	  385.3	 21	    0.0	    9.9	
   27	  17.04	    0.0	 1500.0	    0.0	    0.0	 1500.0	    0.0	  200.0	    0.0	 1500.0	    0.0	  200.0	  100.0	   86.7	    0.0	    0.0	    0.0	    0.0	    1.8	  1	 -750.0	 1550.0	   86.7	    0.0	    0.0	1	  384.8	 21	    0.0	    9.8	
   28	  17.14	    0.0	 1500.0	    0.0	    0.0	 1500.0	    0.0	  200.0	    0.0	 1500.0	    0.0	  200.0	  100.0	   86.2	    0.0	    0.0	    0.0	    0.0	    1.9	  1	 -750.0	 1550.0	   86.2	    0.0	    0.0	1	  384.4	 21	    0.0	    9.8	
   29	  17.24	    0.0	 1500.0	    0.0	    0.0	 1500.0	    0.0	  200.0	    0.0	 1500.0	    0.0	  200.0	  100.0	   85.7	    0.0	    0.0	    0.0	    0.0	    2.0	  1	 -750.0	 1550.0	   85.7	    0.0	    0.0	1	  383.9	 21	    0.0	    9.8	
   30	  17.34	    0.0	 1500.0	    0.0	    0.0	 1500.0	    0.0	  200.0	    0.0	 1500.0	    0.0	  200.0	  100.0	   85.2	    0.0	    0.0	    0.0	    0.0	    2.0	  1	 -750.0	 1550.0	   85.2	    0.0	    0.0	1	  383.4	 21	    0.0	    9.8	
   31	  17.44	    0.0	 1500.0	    0.0	    0.0	 1500.0	    0.0	  200.0	    0.0	 1500.0	    0.0	  200.0	  100.0	   84.7	    0.0	    0.0	    0.0	    0.0	    2.1	  1	 -750.0	 1550.0	   84.7	    0.0	    0.0	1	  383.0	 21	    0.0	    9.7	
   32	  17.54	    0.0	 1500.0	    0.0	    0.0	 1500.0	    0.0	  200.0	    0.0	 1500.0	    0.0	  200.0	  100.0	   84.2	    0.0	    0.0	    0.0	    0.0	    2.2	  1	 -750.0	 1550.0	   84.2	    0.0	    0.0	1	  382.5	 21	    0.0	    9.7	
   33	  17.64	    0.0	 1500.0	    0.0	    0.0	 1500.0	    0.0	  200.0	    0.0	 1500.0	    0.0	  200.0	  100.0	   83.7	    0.0	    0.0	    0.0	    0.0	    2.2	  1	 -750.0	 1550.0	   83.7	    0.0	    0.0	1	  382.0	 21	    0.0	    9.7	
   34	  17.74	    0.0	 1500.0	    0.0	    0.0	 1500.0	    0.0	  200.0	    0.0	 1500.0	    0.0	  200.0	  100.0	   83.2	    0.0	    0.0	    0.0	    0.0	    2.3	  1	 -750.0	 1550.0	   83.2	    0.0	    0.0	1	  381.6	 21	    0.0	    9.6	
   35	  17.84	    0.0	 1500.0	    0.0	    0.0	 1500.0	    0.0	  200.0	    0.0	 1500.0	    0.0	  200.0	  100.0	   82.7	    0.0	    0.0	    0.0	    0.0	    2.4	  1	 -750.0	 1550.0	   82.7	    0.0	    0.0	1	  381.1	 21	    0.0	    9.6	
   36	  17.94	    0.0	 1500.0	    0.0	    0.0	 1500.0	    0.0	  200.0	    0.0	 1500.0	    0.0	  200.0	  100.0	   82.2	    0.0	    0.0	    0.0	    0.0	    2.4	  1	 -750.0	 1550.0	   82.2	    0.0	    0.0	1	  380.6	 21	    0.0	    9.6	
   37	  18.04	    0.0	 1500.0	    0.0	    0.0	 1500.0	    0.0	  200.0	    0.0	 1500.0	    0.0	  200.0	  100.0	   81.7	    0.0	    0.0	    0.0	    0.0	    2.5	  1	 -750.0	 1550.0	   81.7	    0.0	    0.0	1	  380.2	 21	    0.0	    9.6	
   38	  18.14	    0.0	 1500.0	    0.0	    0.0	 1500.0	    0.0	  200.0	    0.0	 1500.0	    0.0	  200.0	  100.0	   81.2	    0.0	    0.0	    0.0	    0.0	    2.6	  1	 -750.0	 1550.0	   81.2	    0.0	    0.0	1	  379.7	 21	    0.0	    9.5	
   39	  18.24	    0.0	 1500.0	    0.0	    0.0	 1500.0	    0.0	  200.0	    0.0	 1500.0	    0.0	  200.0	  100.0	   80.7	    0.0	    0.0	    0.0	    0.0	    2.6	  1	 -750.0	 1550.0	   80.7	    0.0	    0.0	1	  379.2	 21	    0.0	    9.5	
   40	  18.34	    0.0	 1500.0	    0.0	    0.0	 1500.0	    0.0	  200.0	    0.0	 1500.0	    0.0	  200.0	  100.0	   80.2	    0.0	    0.0	    0.0	    0.0	    2.7	  1	 -750.0	 1550.0	   80.2	    0.0	    0.0	1	  378.8	 21	    0.0	    9.5	
   41	  18.44	    0.0	 1500.0	    0.0	    0.0	 1500.0	    0.0	  200.0	    0.0	 1500.0	    0.0	  200.0	  100.0	   79.7	    0.0	    0.0	    0.0	    0.0	    2.8	  1	 -750.0	 1550.0	   79.7	    0.0	    0.0	1	  378.3	 21	    0.0	    9.4	
   42	  18.54	    0.0	 1500.0	    0.0	    0.0	 1500.0	    0.0	  200.0	    0.0	 1500.0	    0.0	  200.0	  100.0	   79.2	    0.0	    0.0	    0.0	    0.0	    2.8	  1	 -750.0	 1550.0	   79.2	    0.0	    0.0	1	  377.8	 21	    0.0	    9.4	
   43	  18.64	    0.0	 1500.0	    0.0	    0.0	 1500.0	    0.0	  200.0	    0.0	 1500.0	    0.0	  200.0	  100.0	   78.7	    0.0	    0.0	    0.0	    0.0	    2.9	  1	 -750.0	 1550.0	   78.7	    0.0	    0.0	1	  377.4	 21	    0.0	    9.4	
   44	  18.74	    0.0	 1500.0	    0.0	    0.0	 1500.0	    0.0	  200.0	    0.0	 1500.0	    0.0	  200.0	  100.0	   78.2	    0.0	    0.0	    0.0	    0.0	    3.0	  1	 -750.0	 1550.0	   78.2	    0.0	    0.0	1	  376.9	 21	    0.0	    9.4	
   45	  18.84	    0.0	 1500.0	    0.0	    0.0	 1500.0	    0.0	  200.0	    0.0	 1500.0	    0.0	  200.0	  100.0	   77.7	    0.0	    0.0	    0.0	    0.0	    3.1	  1	 -750.0	 1550.0	   77.7	    0.0	    0.0	1	  376.4	 21	    0.0	    9.3	
   46	  18.95	    0.0	 1500.0	    0.0	    0.0	 1500.0	    0.0	  200.0	    0.0	 1500.0	    0.0	  200.0	  100.0	   77.2	    0.0	    0.0	    0.0	    0.0	    3.1	  1	 -750.0	 1550.0	   77.2	    0.0	    0.0	1	  375.9	 21	    0.0	    9.3	
   47	  19.04	    0.0	 1500.0	    0.0	    0.0	 1500.0	    0.0	  200.0	    0.0	 1500.0	    0.0	  200.0	  100.0	   76.7	    0.0	    0.0	    0.0	    0.0	    3.2	  1	 -750.0	 1550.0	   76.7	    0.0	    0.0	1	  375.5	 21	    0.0	    9.3	
   48	  19.14	    0.0	 1500.0	    0.0	    0.0	 1500.0	    0.0	  200.0	    0.0	 1500.0	    0.0	  200.0	  100.0	   76.2	    0.0	    0.0	    0.0	    0.0	    3.3	  1	 -750.0	 1550.0	   76.2	    0.0	    0.0	1	  375.0	 21	    0.0	    9.2	
   49	  19.24	    0.0	 1500.0	    0.0	    0.0	 1500.0	    0.0	  200.0	    0.0	 1500.0	    0.0	  200.0	  100.0	   75.7	    0.0	    0.0	    0.0	    0.0	    3.3	  1	 -750.0	 1550.0	   75.7	    0.0	    0.0	1	  374.5	 21	    0.0	    9.2	
   50	  19.34	    0.0	 1500.0	    0.0	    0.0	 1500.0	    0.0	  200.0	    0.0	 1500.0	    0.0	  200.0	  100.0	   75.2	    0.0	    0.0	    0.0	    0.0	    3.4	  1	 -750.0	 1550.0	   75.2	    0.0	    0.0	1	  374.1	 21	    0.0	    9.2	
   51	  19.44	    0.0	 1500.0	    0.0	    0.0	 1500.0	    0.0	  200.0	    0.0	 1500.0	    0.0	  200.0	  100.0	   74.7	    0.0	    0.0	    0.0	    0.0	    3.5	  1	 -750.0	 1550.0	   74.7	    0.0	    0.0	1	  373.6	 21	    0.0	    9.2	
   52	  19.54	    0.0	 1500.0	    0.0	    0.0	 1500.0	    0.0	  200.0	    0.0	 1500.0	    0.0	  200.0	  100.0	   74.2	    0.0	    0.0	    0.0	    0.0	    3.5	  1	 -750.0	 1550.0	   74.2	    0.0	    0.0	1	  373.1	 21	    0.0	    9.1	
   53	  19.64	    0.0	 1500.0	    0.0	    0.0	 1500.0	    0.0	  200.0	    0.0	 1500.0	    0.0	  200.0	  100.0	   73.7	    0.0	    0.0	    0.0	    0.0	    3.6	  1	 -750.0	 1550.0	   73.7	    0.0	    0.0	1	  372.6	 21	    0.0	    9.1	
   54	  19.74	    0.0	 1500.0	    0.0	    0.0	 1500.0	    0.0	  200.0	    0.0	 1500.0	    0.0	  200.0	  100.0	   73.2	    0.0	    0.0	    0.0	    0.0	    3.7	  1	 -750.0	 1550.0	   73.2	    0.0	    0.0	1	  372.2	 21	    0.0	    9.1	
   55	  19.84	    0.0	 1500.0	    0.0	    0.0	 1500.0	    0.0	  200.0	    0.0	 1500.0	    0.0	  200.0	  100.0	   72.7	    0.0	    0.0	    0.0	    0.0	    3.7	  1	 -750.0	 1550.0	   72.7	    0.0	    0.0	1	  371.7	 21	    0.0	    9.1	
   56	  19.94	    0.0	 1500.0	    0.0	    0.0	 1500.0	    0.0	  200.0	    0.0	 1500.0	    0.0	  200.0	  100.0	   72.2	    0.0	    0.0	    0.0	    0.0	    3.8	  1	 -750.0	 1550.0	   72.2	    0.0	    0.0	1	  371.2	 21	    0.0	    9.0	
   57	  20.04	    0.0	 1500.0	    0.0	    0.0	 1500.0	    0.0	  200.0	    0.0	 1500.0	    0.0	  200.0	  100.0	   71.7	    0.0	    0.0	    0.0	    0.0	    3.9	  1	 -750.0	 1550.0	   71.7	    0.0	    0.0	1	  370.7	 21	    0.0	    9.0	
   58	  20.14	    0.0	 1500.0	    0.0	    0.0	 1500.0	    0.0	  200.0	    0.0	 1500.0	    0.0	  200.0	  100.0	   71.2	    0.0	    0.0	    0.0	    0.0	    3.9	  1	 -750.0	 1550.0	   71.2	    0.0	    0.0	1	  370.3	 21	    0.0	    9.0	
   59	  20.24	    0.0	 1500.0	    0.0	    0.0	 1500.0	    0.0	  200.0	    0.0	 1500.0	    0.0	  200.0	  100.0	   70.7	    0.0	    0.0	    0.0	    0.0	    4.0	  1	 -750.0	 1550.0	   70.7	    0.0	    0.0	1	  369.8	 21	    0.0	    8.9	
   60	  20.34	    0.0	 1500.0	    0.0	    0.0	 1500.0	    0.0	  200.0	    0.0	 1500.0	    0.0	  200.0	  100.0	   70.2	    0.0	    0.0	    0.0	    0.0	    4.1	  1	 -750.0	 1550.0	   70.2	    0.0	    0.0	1	  369.3	 21	    0.0	    8.9	
   61	  20.44	    0.0	 1500.0	    0.0	    0.0	 1500.0	    0.0	  200.0	    0.0	 1500.0	    0.0	  200.0	  100.0	   69.7	    0.0	    0.0	    0.0	    0.0	    4.1	  1	 -750.0	 1550.0	   69.7	    0.0	    0.0	1	  368.8	 21	    0.0	    8.9	
   62	  20.54	    0.0	 1500.0	    0.0	    0.0	 1500.0	    0.0	  200.0	    0.0	 1500.0	    0.0	  200.0	  100.0	   69.2	    0.0	    0.0	    0.0	    0.0	    4.2	  1	 -750.0	 1550.0	   69.2	    0.0	    0.0	1	  368.4	 21	    0.0	    8.9	
   63	  20.64	    0.0	 1500.0	    0.0	    0.0	 1500.0	    0.0	  200.0	    0.0	 1500.0	    0.0	  200.0	  100.0	   68.7	    0.0	    0.0	    0.0	    0.0	    4.3	  1	 -750.0	 1550.0	   68.7	    0.0	    0.0	1	  367.9	 21	    0.0	    8.8	
   64	  20.74	    0.0	 1500.0	    0.0	    0.0	 1500.0	    0.0	  200.0	    0.0	 1500.0	    0.0	  200.0	  100.0	   68.2	    0.0	    0.0	    0.0	    0.0	    4.3	  1	 -750.0	 1550.0	   68.2	    0.0	    0.0	1	  367.4	 21	    0.0	    8.8	
   65	  20.84	    0.0	 1500.0	    0.0	    0.0	 1500.0	    0.0	  200.0	    0.0	 1500.0	    0.0	  200.0	  100.0	   67.7	    0.0	    0.0	    0.0	    0.0	    4.4	  1	 -750.0	 1550.0	   67.7	    0.0	    0.0	1	  366.9	 21	    0.0	    8.8	
   66	  20.94	    0.0	 1500.0	    0.0	    0.0	 1500.0	    0.0	  200.0	    0.0	 1500.0	    0.0	  200.0	  100.0	   67.2	    0.0	    0.0	    0.0	    0.0	    4.5	  1	 -750.0	 1550.0	   67.2	    0.0	    0.0	1	  366.5	 21	    0.0	    8.7	
   67	  21.04	    0.0	 1500.0	    0.0	    0.0	 1500.0	    0.0	  200.0	    0.0	 1500.0	    0.0	  200.0	  100.0	   66.7	    0.0	    0.0	    0.0	    0.0	    4.5	  1	 -750.0	 1550.0	   66.7	    0.0	    0.0	1	  366.0	 21	    0.0	    8.7	
   68	  21.14	    0.0	 1500.0	    0.0	    0.0	 1500.0	    0.0	  200.0	    0.0	 1500.0	    0.0	  200.0	  100.0	   66.2	    0.0	    0.0	    0.0	    0.0	    4.6	  1	 -750.0	 1550.0	   66.2	    0.0	    0.0	1	  365.5	 21	    0.0	    8.7	
   69	  21.24	    0.0	 1500.0	    0.0	    0.0	 1500.0	    0.0	  200.0	    0.0	 1500.0	    0.0	  200.0	  100.0	   65.7	    0.0	    0.0	    0.0	    0.0	    4.7	  1	 -750.0	 1550.0	   65.7	    0.0	    0.0	1	  365.0	 21	    0.0	    8.7	
   70	  21.34	    0.0	 1500.0	    0.0	    0.0	 1500.0	    0.0	  200.0	    0.0	 1500.0	    0.0	  200.0	  100.0	   65.2	    0.0	    0.0	    0.0	    0.0	    4.7	  1	 -750.0	 1550.0	   65.2	    0.0	    0.0	1	  364.5	 21	    0.0	    8.6	
   71	  21.45	    0.0	 1500.0	    0.0	    0.0	 1500.0	    0.0	  200.0	    0.0	 1500.0	    0.0	  200.0	  100.0	   64.7	    0.0	    0.0	    0.0	    0.0	    4.8	  1	 -750.0	 1550.0	   64.7	    0.0	    0.0	1	  364.1	 21	    0.0	    8.6	
   72	  21.54	    0.0	 1500.0	    0.0	    0.0	 1500.0	    0.0	  200.0	    0.0	 1500.0	    0.0	  200.0	  100.0	   64.2	    0.0	    0.0	    0.0	    0.0	    4.9	  1	 -750.0	 1550.0	   64.2	    0.0	    0.0	1	  363.6	 21	    0.0	    8.6	
   73	  21.64	    0.0	 1500.0	    0.0	    0.0	 1500.0	    0.0	  200.0	    0.0	 1500.0	    0.0	  200.0	  100.0	   63.7	    0.0	    0.0	    0.0	    0.0	    5.0	  1	 -750.0	 1550.0	   63.7	    0.0	    0.0	1	  363.1	 21	    0.0	    8.5	
   74	  21.74	    0.0	 1500.0	    0.0	    0.0	 1500.0	    0.0	  200.0	    0.0	 1500.0	    0.0	  200.0	  100.0	   63.2	    0.0	    0.0	    0.0	    0.0	    5.0	  1	 -750.0	 1550.0	   63.2	    0.0	    0.0	1	  362.6	 21	    0.0	    8.5	
   75	  21.84	    0.0	 1500.0	    0.0	    0.0	 1500.0	    0.0	  200.0	    0.0	 1500.0	    0.0	  200.0	  100.0	   62.7	    0.0	    0.0	    0.0	    0.0	    5.1	  1	 -750.0	 1550.0	   62.7	    0.0	    0.0	1	  362.1	 21	    0.0	    8.5	
   76	  21.94	    0.0	 1500.0	    0.0	    0.0	 1500.0	    0.0	  200.0	    0.0	 1500.0	    0.0	  200.0	  100.0	   62.2	    0.0	    0.0	    0.0	    0.0	    5.2	  1	 -750.0	 1550.0	   62.2	    0.0	    0.0	1	  361.7	 21	    0.0	    8.5	
   77	  22.05	    0.0	 1500.0	    0.0	    0.0	 1500.0	    0.0	  200.0	    0.0	 1500.0	    0.0	  200.0	  100.0	   61.7	    0.0	    0.0	    0.0	    0.0	    5.2	  1	 -750.0	 1550.0	   61.7	    0.0	    0.0	1	  361.2	 21	    0.0	    8.4	
   78	  22.14	    0.0	 1500.0	    0.0	    0.0	 1500.0	    0.0	  200.0	    0.0	 1500.0	    0.0	  200.0	  100.0	   61.2	    0.0	    0.0	    0.0	    0.0	    5.3	  1	 -750.0	 1550.0	   61.2	    0.0	    0.0	1	  360.7	 21	    0.0	    8.4	
   79	  22.24	    0.0	 1500.0	    0.0	    0.0	 1500.0	    0.0	  200.0	    0.0	 1500.0	    0.0	  200.0	  100.0	   60.7	    0.0	    0.0	    0.0	    0.0	    5.4	  1	 -750.0	 1550.0	   60.7	    0.0	    0.0	1	  360.2	 21	    0.0	    8.4	
   80	  22.34	    0.0	 1500.0	    0.0	    0.0	 1500.0	    0.0	  200.0	    0.0	 1500.0	    0.0	  200.0	  100.0	   60.2	    0.0	    0.0	    0.0	    0.0	    5.4	  1	 -750.0	 1550.0	   60.2	    0.0	    0.0	1	  359.7	 21	    0.0	    8.3	
   81	  22.44	    0.0	 1500.0	    0.0	    0.0	 1500.0	    0.0	  200.0	    0.0	 1500.0	    0.0	  200.0	  100.0	   59.7	    0.0	    0.0	    0.0	    0.0	    5.5	  1	 -750.0	 1550.0	   59.7	    0.0	    0.0	1	  359.3	 21	    0.0	    8.3	
   82	  22.54	    0.0	 1500.0	    0.0	    0.0	 1500.0	    0.0	  200.0	    0.0	 1500.0	    0.0	  200.0	  100.0	   59.2	    0.0	    0.0	    0.0	    0.0	    5.6	  1	 -750.0	 1550.0	   59.2	    0.0	    0.0	1	  358.8	 21	    0.0	    8.3	
   83	  22.64	    0.0	 1500.0	    0.0	    0.0	 1500.0	    0.0	  200.0	    0.0	 1500.0	    0.0	  200.0	  100.0	   58.7	    0.0	    0.0	    0.0	    0.0	    5.6	  1	 -750.0	 1550.0	   58.7	    0.0	    0.0	1	  358.3	 21	    0.0	    8.3	
   84	  22.75	    0.0	 1500.0	    0.0	    0.0	 1500.0	    0.0	  200.0	    0.0	 1500.0	    0.0	  200.0	  100.0	   58.2	    0.0	    0.0	    0.0	    0.0	    5.7	  1	 -750.0	 1550.0	   58.2	    0.0	    0.0	1	  357.8	 21	    0.0	    8.2	
   85	  22.84	    0.0	 1500.0	    0.0	 -770.4	  786.2	    0.0	  200.0	    0.0	 1500.0	    0.0	  200.0	  100.0	   58.2	    0.0	    0.0	    0.0	    0.3	    5.8	  1	 -750.0	  750.0	   58.2	    0.0	    0.3	1	  472.7	 21	    0.0	    5.6	
   86	  22.94	    0.0	 1500.0	    0.0	 -760.4	  797.4	    0.0	  200.0	    0.0	 1500.0	    0.0	  200.0	  100.0	   57.8	    0.0	    0.0	    0.0	    0.5	    5.8	  1	 -750.0	 1450.0	   57.8	    0.0	    0.5	1	  300.0	 21	    0.0	    7.6	
   87	  23.04	    0.0	 1500.0	    0.0	 -770.4	  786.2	    0.0	  200.0	    0.0	 1500.0	    0.0	  200.0	  100.0	   57.4	    0.0	    0.0	    0.0	    0.8	    5.9	  1	 -750.0	 1450.0	   57.4	    0.0	    0.8	1	  300.0	 21	    0.0	    7.6	
   88	  23.14	    0.0	 1500.0	    0.0	 -770.4	  786.2	    0.0	  200.0	    0.0	 1500.0	    0.0	  200.0	  100.0	   57.1	    0.0	    0.0	    0.0	    1.1	    6.0	  1	 -750.0	 1450.0	   57.1	    0.0	    1.1	1	  300.0	 21	    0.0	    7.7	
   89	  23.25	    0.0	 1500.0	    0.0	 -770.4	  786.2	    0.0	  200.0	    0.0	 1500.0	    0.0	  200.0	  100.0	   56.7	    0.0	    0.0	    0.0	    1.3	    6.0	  1	 -750.0	 1450.0	   56.7	    0.0	    1.3	1	  300.0	 21	    0.0	    7.7	
   90	  23.34	    0.0	 1500.0	    0.0	 -789.8	  788.1	    0.0	  200.0	    0.0	 1500.0	    0.0	  200.0	  100.0	   56.3	    0.0	    0.0	    0.0	    1.6	    6.1	  1	 -250.0	  750.0	   56.3	    0.0	    1.6	1	  390.2	 21	    0.0	    7.8	
   91	  23.44	    0.0	 1500.0	    0.0	 -789.8	  788.1	    0.0	  200.0	    0.0	 1500.0	    0.0	  200.0	  100.0	   55.9	    0.0	    0.0	    0.0	    1.9	    6.2	  1	 -250.0	  750.0	   55.9	    0.0	    1.9	1	  390.8	 21	    0.0	    7.8	
   92	  23.54	    0.0	 1500.0	    0.0	 -789.8	  788.1	    0.0	  200.0	    0.0	 1500.0	    0.0	  200.0	  100.0	   55.6	    0.0	    0.0	    0.0	    2.1	    6.2	  1	 -250.0	  750.0	   55.6	    0.0	    2.1	1	  391.4	 21	    0.0	    7.9	
   93	  23.64	    0.0	 1500.0	    0.0	 -789.8	  788.1	    0.0	  200.0	    0.0	 1500.0	    0.0	  200.0	  100.0	   55.2	    0.0	    0.0	    0.0	    2.4	    6.3	  1	 -250.0	  750.0	   55.2	    0.0	    2.4	1	  391.9	 21	    0.0	    8.0	
   94	  23.74	    0.0	 1500.0	    0.0	 -785.6	  803.3	    0.0	  200.0	    0.0	 1500.0	    0.0	  200.0	  100.0	   54.8	    0.0	    0.0	    0.0	    2.7	    6.4	  1	 -250.0	  750.0	   54.8	    0.0	    2.7	1	  390.3	 21	    0.0	    8.1	
   95	  23.84	    0.0	 1500.0	    0.0	 -785.6	  803.3	    0.0	  200.0	    0.0	 1500.0	    0.0	  200.0	  100.0	   54.5	    0.0	    0.0	    0.0	    2.9	    6.4	  1	 -250.0	  750.0	   54.5	    0.0	    2.9	1	  390.8	 21	    0.0	    8.1	
   96	  23.94	    0.0	 1500.0	    0.0	 -785.6	  803.3	    0.0	  200.0	    0.0	 1500.0	    0.0	  200.0	  100.0	   54.1	    0.0	    0.0	    0.0	    3.2	    6.5	  1	 -250.0	  750.0	   54.1	    0.0	    3.2	1	  391.3	 21	    0.0	    8.2	
   97	  24.05	    0.0	 1500.0	    0.0	 -785.6	  803.3	    0.0	  200.0	    0.0	 1500.0	    0.0	  200.0	  100.0	   53.7	    0.0	    0.0	    0.0	    3.5	    6.6	  1	 -250.0	  750.0	   53.7	    0.0	    3.5	1	  391.9	 21	    0.0	    8.3	
   98	  24.14	    0.0	 1500.0	    0.0	 -785.6	  803.3	    0.0	  200.0	    0.0	 1500.0	    0.0	  200.0	  100.0	   53.4	    0.0	    0.0	    0.0	    3.7	    6.6	  1	 -250.0	  750.0	   53.4	    0.0	    3.7	1	  392.4	 21	    0.0	    8.3	
   99	  24.25	    0.0	 1500.0	    0.0	 -782.2	  804.1	    0.0	  200.0	    0.0	 1500.0	    0.0	  200.0	  100.0	   53.0	    0.0	    0.0	    0.0	    4.0	    6.7	  1	 -250.0	  750.0	   53.0	    0.0	    4.0	1	  392.7	 21	    0.0	    8.4	
  100	  24.34	    0.0	 1500.0	    0.0	 -782.2	  804.1	    0.0	  200.0	    0.0	 1500.0	    0.0	  200.0	  100.0	   52.6	    0.0	    0.0	    0.0	    4.3	    6.8	  1	 -250.0	  750.0	   52.6	    0.0	    4.3	1	  393.2	 21	    0.0	    8.5	
  101	  24.45	    0.0	 1500.0	    0.0	 -782.2	  804.1	    0.0	  200.0	    0.0	 1500.0	    0.0	  200.0	  100.0	   52.2	    0.0	    0.0	    0.0	    4.5	    6.9	  1	 -250.0	  750.0	   52.2	    0.0	    4.5	1	  393.7	 21	    0.0	    8.6	
  102	  24.55	    0.0	 1500.0	    0.0	 -782.2	  804.1	    0.0	  200.0	    0.0	 1500.0	    0.0	  200.0	  100.0	   51.9	    0.0	    0.0	    0.0	    4.8	    6.9	  1	 -250.0	  750.0	   51.9	    0.0	    4.8	1	  394.2	 21	    0.0	    8.6	
  103	  24.64	    0.0	 1500.0	    0.0	 -785.6	  803.3	    0.0	  200.0	    0.0	 1500.0	    0.0	  200.0	  100.0	   51.5	    0.0	    0.0	    0.0	    5.1	    7.0	  1	 -250.0	  750.0	   51.5	    0.0	    5.1	1	  395.0	 21	    0.0	    8.7	
  104	  24.74	    0.0	 1500.0	    0.0	 -779.5	  800.7	    0.0	  200.0	    0.0	 1500.0	    0.0	  200.0	  100.0	   51.1	    0.0	    0.0	    0.0	    5.3	    7.1	  1	 -250.0	  750.0	   51.1	    0.0	    5.3	1	  395.6	 21	    0.0	    8.8	
  105	  24.84	    0.0	 1500.0	    0.0	 -779.5	  800.7	    0.0	  200.0	    0.0	 1500.0	    0.0	  200.0	  100.0	   50.7	    0.0	    0.0	    0.0	    5.6	    7.1	  1	 -250.0	  750.0	   50.7	    0.0	    5.6	1	  396.1	 21	    0.0	    8.8	
  106	  24.94	    0.0	 1500.0	    0.0	 -779.5	  800.7	    0.0	  200.0	    0.0	 1500.0	    0.0	  200.0	  100.0	   50.4	    0.0	    0.0	    0.0	    5.9	    7.2	  1	 -250.0	  750.0	   50.4	    0.0	    5.9	1	  396.7	 21	    0.0	    8.9	
  107	  25.04	    0.0	 1500.0	    0.0	 -779.5	  800.7	    0.0	  200.0	    0.0	 1500.0	    0.0	  200.0	  100.0	   50.0	    0.0	    0.0	    0.0	    6.1	    7.3	  1	 -250.0	  750.0	   50.0	    0.0	    6.1	1	  397.2	 21	    0.0	    9.0	
  108	  25.14	    0.0	 1500.0	    0.0	 -779.5	  800.7	    0.0	  200.0	    0.0	 1500.0	    0.0	  200.0	  100.0	   49.6	    0.0	    0.0	    0.0	    6.4	    7.3	  1	 -250.0	  750.0	   49.6	    0.0	    6.4	1	  397.7	 21	    0.0	    9.1	
  109	  25.25	    0.0	 1500.0	    0.0	 -779.5	  800.7	    0.0	  200.0	    0.0	 1500.0	    0.0	  200.0	  100.0	   49.3	    0.0	    0.0	    0.0	    6.7	    7.4	  1	 -250.0	  750.0	   49.3	    0.0	    6.7	1	  398.2	 21	    0.0	    9.1	
  110	  25.34	    0.0	 1500.0	    0.0	 -785.2	  800.5	    0.0	  200.0	    0.0	 1500.0	    0.0	  200.0	  100.0	   48.9	    0.0	    0.0	    0.0	    6.9	    7.5	  1	 -250.0	  750.0	   48.9	    0.0	    6.9	1	  399.0	 21	    0.0	    9.2	
  111	  25.45	    0.0	 1500.0	    0.0	 -785.2	  800.5	    0.0	  200.0	    0.0	 1500.0	    0.0	  200.0	  100.0	   48.5	    0.0	    0.0	    0.0	    7.2	    7.5	  1	 -250.0	  750.0	   48.5	    0.0	    7.2	1	  399.5	 21	    0.0	    9.3	
  112	  25.55	    0.0	 1500.0	    0.0	 -785.2	  800.5	    0.0	  200.0	    0.0	 1500.0	    0.0	  200.0	  100.0	   48.1	    0.0	    0.0	    0.0	    7.5	    7.6	  1	 -250.0	  750.0	   48.1	    0.0	    7.5	1	  400.1	 21	    0.0	    9.3	
  113	  25.64	    0.0	 1500.0	    0.0	 -785.2	  800.5	    0.0	  200.0	    0.0	 1500.0	    0.0	  200.0	  100.0	   47.8	    0.0	    0.0	    0.0	    7.7	    7.7	  1	 -250.0	  750.0	   47.8	    0.0	    7.7	1	  400.6	 21	    0.0	    9.4	
  114	  25.74	    0.0	 1500.0	    0.0	 -800.3	  830.1	    0.0	  200.0	    0.0	 1500.0	    0.0	  200.0	  100.0	   47.4	    0.0	    0.0	    0.0	    8.0	    7.7	  1	 -750.0	 1450.0	   47.4	    0.0	    8.0	1	  300.0	 21	    0.0	    9.5	
  115	  25.84	    0.0	 1500.0	    0.0	 -800.3	  830.1	    0.0	  200.0	    0.0	 1500.0	    0.0	  200.0	  100.0	   47.0	    0.0	    0.0	    0.0	    8.3	    7.8	  1	 -750.0	 1450.0	   47.0	    0.0	    8.3	1	  300.0	 21	    0.0	    9.6	
  116	  25.94	    0.0	 1500.0	    0.0	 -785.2	  800.5	    0.0	  200.0	    0.0	 1500.0	    0.0	  200.0	  100.0	   46.7	    0.0	    0.0	    0.0	    8.5	    7.9	  1	 -250.0	  750.0	   46.7	    0.0	    8.5	1	  402.1	 21	    0.0	    9.7	
  117	  26.04	    0.0	 1500.0	    0.0	 -800.3	  830.1	    0.0	  200.0	    0.0	 1500.0	    0.0	  200.0	  100.0	   46.3	    0.0	    0.0	    0.0	    8.8	    7.9	  1	 -750.0	 1450.0	   46.3	    0.0	    8.8	1	  300.0	 21	    0.0	    9.7	
  118	  26.14	    0.0	 1500.0	    0.0	 -800.3	  830.1	    0.0	  200.0	    0.0	 1500.0	    0.0	  200.0	  100.0	   45.9	    0.0	    0.0	    0.0	    9.1	    8.0	  1	 -750.0	 1450.0	   45.9	    0.0	    9.1	1	  300.0	 21	    0.0	    9.8	
