    1	   0.10	    0.0	 1500.0	    0.0	    0.0	    0.0	    0.0	    0.0	    0.0	    0.0	    0.0	    0.0	  100.0	  100.0	    0.0	    0.0	    0.0	    0.0	    0.0	  1	-1000.0	  500.0	  100.0	    0.0	    0.0	1	  526.8	 21	 1371.8	  -28.2	
    2	   0.20	  -17.1	 1490.9	 -151.9	    0.0	    0.0	    0.0	    0.0	    0.0	    0.0	    0.0	    0.0	  100.0	   99.7	    0.0	    0.0	    0.0	    0.0	    0.1	  1	  -50.0	 1250.0	   99.7	    0.0	    0.0	1	  217.7	 21	 1390.1	   19.0	
    3	   0.30	  -22.9	 1457.7	  -96.0	    0.0	    0.0	    0.0	    0.0	    0.0	    0.0	    0.0	    0.0	  100.0	   99.5	    0.0	    0.0	    0.0	    0.0	    0.1	  1	  -50.0	 1250.0	   99.5	    0.0	    0.0	1	  181.5	 21	 1389.8	   19.0	
    4	   0.40	  -27.6	 1414.0	  -96.1	    0.0	    0.0	    0.0	    0.0	    0.0	    0.0	    0.0	    0.0	  100.0	   99.2	    0.0	    0.0	    0.0	    0.0	    0.1	  1	  -50.0	 1250.0	   99.2	    0.0	    0.0	1	  150.3	 21	 1389.4	   18.9	
    5	   0.50	  -32.6	 1379.1	  -98.4	    0.0	    0.0	    0.0	    0.0	    0.0	    0.0	    0.0	    0.0	  100.0	   98.9	    0.0	    0.0	    0.0	    0.0	    0.2	  1	  -50.0	 1250.0	   98.9	    0.0	    0.0	1	  117.3	 21	    0.0	    0.0	
    6	   0.60	  -35.9	 1349.8	  -96.1	    0.0	    0.0	    0.0	    0.0	    0.0	    0.0	    0.0	    0.0	  100.0	   98.6	    0.0	    0.0	    0.0	    0.0	    0.2	  1	  -50.0	 1250.0	   98.6	    0.0	    0.0	1	   90.0	 21	    0.0	    0.0	
    7	   0.70	  -36.3	 1346.4	  -98.0	    0.0	    0.0	    0.0	    0.0	    0.0	    0.0	    0.0	    0.0	  100.0	   98.3	    0.0	    0.0	    0.0	    0.0	    0.2	  1	  -50.0	 1250.0	   98.3	    0.0	    0.0	1	   87.1	 21	    0.0	    0.0	
    8	   0.80	  -36.3	 1346.4	  -98.1	    0.0	    0.0	    0.0	    0.0	    0.0	    0.0	    0.0	    0.0	  100.0	   98.0	    0.0	    0.0	    0.0	    0.0	    0.3	  1	  -50.0	 1250.0	   98.0	    0.0	    0.0	1	   87.1	 21	    0.0	    0.0	
    9	   0.90	  -36.3	 1346.4	  -98.1	    0.0	    0.0	    0.0	    0.0	    0.0	    0.0	    0.0	    0.0	  100.0	   97.7	    0.0	    0.0	    0.0	    0.0	    0.3	  1	  -50.0	 1250.0	   97.7	    0.0	    0.0	1	   87.1	 21	    0.0	    0.0	
   10	   1.00	  -36.3	 1346.4	  -98.1	    0.0	    0.0	    0.0	    0.0	    0.0	    0.0	    0.0	    0.0	  100.0	   97.4	    0.0	    0.0	    0.0	    0.0	    0.4	  1	  -50.0	 1250.0	   97.4	    0.0	    0.0	1	   87.1	 21	    0.0	    0.0	
   11	   1.10	  -36.3	 1346.4	  -98.1	    0.0	    0.0	    0.0	    0.0	    0.0	    0.0	    0.0	    0.0	  100.0	   97.1	    0.0	    0.0	    0.0	    0.0	    0.4	  1	  -50.0	 1250.0	   97.1	    0.0	    0.0	1	   87.1	 21	    0.0	    0.0	
   12	   1.20	  -36.3	 1346.4	  -98.1	    0.0	    0.0	    0.0	    0.0	    0.0	    0.0	    0.0	    0.0	  100.0	   96.8	    0.0	    0.0	    0.0	    0.0	    0.4	  1	  -50.0	 1250.0	   96.8	    0.0	    0.0	1	   87.1	 21	 1399.9	   20.0	
   13	   1.30	  -36.3	 1346.4	  -98.1	    0.0	    0.0	    0.0	    0.0	    0.0	    0.0	    0.0	    0.0	  100.0	   96.5	    0.0	    0.0	    0.0	    0.0	    0.5	  1	  -50.0	 1250.0	   96.5	    0.0	    0.0	1	   87.1	 21	 1399.4	   19.9	
   14	   1.40	  -36.3	 1346.4	  -98.1	    0.0	    0.0	    0.0	    0.0	    0.0	    0.0	    0.0	    0.0	  100.0	   96.2	    0.0	    0.0	    0.0	    0.0	    0.5	  1	  -50.0	 1250.0	   96.2	    0.0	    0.0	1	   87.1	 21	 1398.9	   19.9	
   15	   1.50	  -36.3	 1346.4	  -98.1	    0.0	    0.0	    0.0	    0.0	    0.0	    0.0	    0.0	    0.0	  100.0	   95.9	    0.0	    0.0	    0.0	    0.0	    0.5	  1	  -50.0	 1250.0	   95.9	    0.0	    0.0	1	   87.1	 21	 1398.5	   19.8	
   16	   1.60	  -36.3	 1346.4	  -98.1	    0.0	    0.0	    0.0	    0.0	    0.0	    0.0	    0.0	    0.0	  100.0	   95.6	    0.0	    0.0	    0.0	    0.0	    0.6	  1	  -50.0	 1250.0	   95.6	    0.0	    0.0	1	   87.1	 21	 1398.0	   19.8	
   17	   1.70	  -36.3	 1346.4	  -98.1	    0.0	    0.0	    0.0	    0.0	    0.0	    0.0	    0.0	    0.0	  100.0	   95.3	    0.0	    0.0	    0.0	    0.0	    0.6	  1	  -50.0	 1250.0	   95.3	    0.0	    0.0	1	   87.1	 21	 1397.5	   19.8	
   18	   1.80	  -36.3	 1346.4	  -98.1	    0.0	    0.0	    0.0	    0.0	    0.0	    0.0	    0.0	    0.0	  100.0	   95.0	    0.0	    0.0	    0.0	    0.0	    0.7	  1	  -50.0	 1250.0	   95.0	    0.0	    0.0	1	   87.1	 21	 1397.1	   19.7	
   19	   1.90	  -36.3	 1346.4	  -98.1	    0.0	    0.0	    0.0	    0.0	    0.0	    0.0	    0.0	    0.0	  100.0	   94.8	    0.0	    0.0	    0.0	    0.0	    0.7	  1	  -50.0	 1250.0	   94.8	    0.0	    0.0	1	   87.1	 21	 1396.6	   19.7	
   20	   2.00	  -36.3	 1346.4	  -98.1	    0.0	    0.0	    0.0	    0.0	    0.0	    0.0	    0.0	    0.0	  100.0	   94.5	    0.0	    0.0	    0.0	    0.0	    0.7	  1	  -50.0	 1250.0	   94.5	    0.0	    0.0	1	   87.1	 21	 1396.1	   19.6	
   21	   2.10	  -36.3	 1346.4	  -98.1	    0.0	    0.0	    0.0	    0.0	    0.0	    0.0	    0.0	    0.0	  100.0	   94.2	    0.0	    0.0	    0.0	    0.0	    0.8	  1	  -50.0	 1250.0	   94.2	    0.0	    0.0	1	   87.1	 21	 1395.7	   19.6	
   22	   2.20	  -36.3	 1346.4	  -98.1	    0.0	    0.0	    0.0	    0.0	    0.0	    0.0	    0.0	    0.0	  100.0	   93.9	    0.0	    0.0	    0.0	    0.0	    0.8	  1	  -50.0	 1250.0	   93.9	    0.0	    0.0	1	   87.1	 21	 1395.2	   19.5	
   23	   2.30	  -36.3	 1346.4	  -98.1	    0.0	    0.0	    0.0	    0.0	    0.0	    0.0	    0.0	    0.0	  100.0	   93.6	    0.0	    0.0	    0.0	    0.0	    0.8	  1	  -50.0	 1250.0	   93.6	    0.0	    0.0	1	   87.1	 21	 1394.8	   19.5	
   24	   2.40	  -36.3	 1346.4	  -98.1	    0.0	    0.0	    0.0	    0.0	    0.0	    0.0	    0.0	    0.0	  100.0	   93.3	    0.0	    0.0	    0.0	    0.0	    0.9	  1	  -50.0	 1250.0	   93.3	    0.0	    0.0	1	   87.1	 21	 1394.3	   19.4	
   25	   2.50	  -36.3	 1346.4	  -98.1	    0.0	    0.0	    0.0	    0.0	    0.0	    0.0	    0.0	    0.0	  100.0	   93.0	    0.0	    0.0	    0.0	    0.0	    0.9	  1	  -50.0	 1250.0	   93.0	    0.0	    0.0	1	   87.1	 21	 1393.8	   19.4	
   26	   2.60	  -36.3	 1346.4	  -98.1	    0.0	    0.0	    0.0	    0.0	    0.0	    0.0	    0.0	    0.0	  100.0	   92.7	    0.0	    0.0	    0.0	    0.0	    0.9	  1	  -50.0	 1250.0	   92.7	    0.0	    0.0	1	   87.1	 21	 1393.4	   19.3	
   27	   2.70	  -36.3	 1346.4	  -98.1	    0.0	    0.0	    0.0	    0.0	    0.0	    0.0	    0.0	    0.0	  100.0	   92.4	    0.0	    0.0	    0.0	    0.0	    1.0	  1	  -50.0	 1250.0	   92.4	    0.0	    0.0	1	   87.1	 21	 1392.9	   19.3	
   28	   2.80	  -36.3	 1346.4	  -98.1	    0.0	    0.0	    0.0	    0.0	    0.0	    0.0	    0.0	    0.0	  100.0	   92.1	    0.0	    0.0	    0.0	    0.0	    1.0	  1	  -50.0	 1250.0	   92.1	    0.0	    0.0	1	   87.1	 21	 1392.4	   19.2	
   29	   2.90	  -36.3	 1346.4	  -98.1	    0.0	    0.0	    0.0	    0.0	    0.0	    0.0	    0.0	    0.0	  100.0	   91.8	    0.0	    0.0	    0.0	    0.0	    1.1	  1	  -50.0	 1250.0	   91.8	    0.0	    0.0	1	   87.1	 21	 1392.0	   19.2	
   30	   3.00	  -36.3	 1346.4	  -98.1	    0.0	    0.0	    0.0	    0.0	    0.0	    0.0	    0.0	    0.0	  100.0	   91.5	    0.0	    0.0	    0.0	    0.0	    1.1	  1	  -50.0	 1250.0	   91.5	    0.0	    0.0	1	   87.1	 21	 1391.5	   19.2	
   31	   3.10	  -36.3	 1346.4	  -98.1	    0.0	    0.0	    0.0	    0.0	    0.0	    0.0	    0.0	    0.0	  100.0	   91.2	    0.0	    0.0	    0.0	    0.0	    1.1	  1	  -50.0	 1250.0	   91.2	    0.0	    0.0	1	   87.1	 21	 1391.0	   19.1	
   32	   3.20	  -36.3	 1346.4	  -98.1	    0.0	    0.0	    0.0	    0.0	    0.0	    0.0	    0.0	    0.0	  100.0	   90.9	    0.0	    0.0	    0.0	    0.0	    1.2	  1	  -50.0	 1250.0	   90.9	    0.0	    0.0	1	   87.1	 21	 1390.6	   19.1	
   33	   3.30	  -36.3	 1346.4	  -98.1	    0.0	    0.0	    0.0	    0.0	    0.0	    0.0	    0.0	    0.0	  100.0	   90.6	    0.0	    0.0	    0.0	    0.0	    1.2	  1	  -50.0	 1250.0	   90.6	    0.0	    0.0	1	   87.1	 21	 1390.1	   19.0	
   34	   3.40	  -36.3	 1346.4	  -98.1	    0.0	    0.0	    0.0	    0.0	    0.0	    0.0	    0.0	    0.0	  100.0	   90.3	    0.0	    0.0	    0.0	    0.0	    1.2	  1	  -50.0	 1250.0	   90.3	    0.0	    0.0	1	   87.1	 21	 1389.6	   19.0	
   35	   3.50	  -36.3	 1346.4	  -98.1	    0.0	    0.0	    0.0	    0.0	    0.0	    0.0	    0.0	    0.0	  100.0	   90.0	    0.0	    0.0	    0.0	    0.0	    1.3	  1	  -50.0	 1250.0	   90.0	    0.0	    0.0	1	   87.1	 21	 1389.2	   18.9	
   36	   3.60	  -36.3	 1346.4	  -98.1	    0.0	    0.0	    0.0	    0.0	    0.0	    0.0	    0.0	    0.0	  100.0	   89.7	    0.0	    0.0	    0.0	    0.0	    1.3	  1	  -50.0	 1250.0	   89.7	    0.0	    0.0	1	   87.1	 21	 1388.7	   18.9	
   37	   3.70	  -36.3	 1346.4	  -98.1	    0.0	    0.0	    0.0	    0.0	    0.0	    0.0	    0.0	    0.0	  100.0	   89.4	    0.0	    0.0	    0.0	    0.0	    1.4	  1	  -50.0	 1250.0	   89.4	    0.0	    0.0	1	   87.1	 21	 1388.3	   18.8	
   38	   3.80	  -36.3	 1346.4	  -98.1	    0.0	    0.0	    0.0	    0.0	    0.0	    0.0	    0.0	    0.0	  100.0	   89.1	    0.0	    0.0	    0.0	    0.0	    1.4	  1	  -50.0	 1250.0	   89.1	    0.0	    0.0	1	   87.1	 21	 1387.8	   18.8	
   39	   3.90	  -36.3	 1346.4	  -98.1	    0.0	    0.0	    0.0	    0.0	    0.0	    0.0	    0.0	    0.0	  100.0	   88.8	    0.0	    0.0	    0.0	    0.0	    1.4	  1	  -50.0	 1250.0	   88.8	    0.0	    0.0	1	   87.1	 21	 1387.3	   18.7	
   40	   4.00	  -36.3	 1346.4	  -98.1	    0.0	    0.0	    0.0	    0.0	    0.0	    0.0	    0.0	    0.0	  100.0	   88.5	    0.0	    0.0	    0.0	    0.0	    1.5	  1	  -50.0	 1250.0	   88.5	    0.0	    0.0	1	   87.1	 21	 1386.9	   18.7	
   41	   4.10	  -36.3	 1346.4	  -98.1	    0.0	    0.0	    0.0	    0.0	    0.0	    0.0	    0.0	    0.0	  100.0	   88.2	    0.0	    0.0	    0.0	    0.0	    1.5	  1	  -50.0	 1250.0	   88.2	    0.0	    0.0	1	   87.1	 21	 1386.4	   18.6	
   42	   4.20	  -36.3	 1346.4	  -98.1	    0.0	    0.0	    0.0	    0.0	    0.0	    0.0	    0.0	    0.0	  100.0	   87.9	    0.0	    0.0	    0.0	    0.0	    1.5	  1	  -50.0	 1250.0	   87.9	    0.0	    0.0	1	   87.1	 21	 1385.9	   18.6	
   43	   4.30	  -36.3	 1346.4	  -98.1	    0.0	    0.0	    0.0	    0.0	    0.0	    0.0	    0.0	    0.0	  100.0	   87.6	    0.0	    0.0	    0.0	    0.0	    1.6	  1	  -50.0	 1250.0	   87.6	    0.0	    0.0	1	   87.1	 21	 1385.5	   18.5	
   44	   4.40	  -36.3	 1346.4	  -98.1	    0.0	    0.0	    0.0	    0.0	    0.0	    0.0	    0.0	    0.0	  100.0	   87.3	    0.0	    0.0	    0.0	    0.0	    1.6	  1	  -50.0	 1250.0	   87.3	    0.0	    0.0	1	   87.1	 21	 1385.0	   18.5	
   45	   4.50	  -36.3	 1346.4	  -98.1	    0.0	    0.0	    0.0	    0.0	    0.0	    0.0	    0.0	    0.0	  100.0	   87.0	    0.0	    0.0	    0.0	    0.0	    1.7	  1	  -50.0	 1250.0	   87.0	    0.0	    0.0	1	   87.1	 21	 1384.5	   18.5	
   46	   4.60	  -36.3	 1346.4	  -98.1	    0.0	    0.0	    0.0	    0.0	    0.0	    0.0	    0.0	    0.0	  100.0	   86.7	    0.0	    0.0	    0.0	    0.0	    1.7	  1	  -50.0	 1250.0	   86.7	    0.0	    0.0	1	   87.1	 21	 1384.1	   18.4	
   47	   4.70	  -36.3	 1346.4	  -98.1	    0.0	    0.0	    0.0	    0.0	    0.0	    0.0	    0.0	    0.0	  100.0	   86.4	    0.0	    0.0	    0.0	    0.0	    1.7	  1	  -50.0	 1250.0	   86.4	    0.0	    0.0	1	   87.1	 21	 1383.6	   18.4	
   48	   4.80	  -36.3	 1346.4	  -98.1	    0.0	    0.0	    0.0	    0.0	    0.0	    0.0	    0.0	    0.0	  100.0	   86.1	    0.0	    0.0	    0.0	    0.0	    1.8	  1	  -50.0	 1250.0	   86.1	    0.0	    0.0	1	   87.1	 21	 1383.1	   18.3	
   49	   4.90	  -36.3	 1346.4	  -98.1	    0.0	    0.0	    0.0	    0.0	    0.0	    0.0	    0.0	    0.0	  100.0	   85.8	    0.0	    0.0	    0.0	    0.0	    1.8	  1	  -50.0	 1250.0	   85.8	    0.0	    0.0	1	   87.1	 21	 1382.7	   18.3	
   50	   5.00	  -36.3	 1346.4	  -98.1	    0.0	    0.0	    0.0	    0.0	    0.0	    0.0	    0.0	    0.0	  100.0	   85.5	    0.0	    0.0	    0.0	    0.0	    1.8	  1	  -50.0	 1250.0	   85.5	    0.0	    0.0	1	   87.1	 21	 1382.2	   18.2	
   51	   5.10	  -36.3	 1346.4	  -98.1	    0.0	    0.0	    0.0	    0.0	    0.0	    0.0	    0.0	    0.0	  100.0	   85.2	    0.0	    0.0	    0.0	    0.0	    1.9	  1	  -50.0	 1250.0	   85.2	    0.0	    0.0	1	   87.1	 21	 1381.7	   18.2	
   52	   5.20	  -36.3	 1346.4	  -98.1	    0.0	    0.0	    0.0	    0.0	    0.0	    0.0	    0.0	    0.0	  100.0	   84.9	    0.0	    0.0	    0.0	    0.0	    1.9	  1	  -50.0	 1250.0	   84.9	    0.0	    0.0	1	   87.1	 21	 1381.3	   18.1	
   53	   5.30	  -36.3	 1346.4	  -98.1	    0.0	    0.0	    0.0	    0.0	    0.0	    0.0	    0.0	    0.0	  100.0	   84.6	    0.0	    0.0	    0.0	    0.0	    1.9	  1	  -50.0	 1250.0	   84.6	    0.0	    0.0	1	   87.1	 21	 1380.8	   18.1	
   54	   5.40	  -36.3	 1346.4	  -98.1	    0.0	    0.0	    0.0	    0.0	    0.0	    0.0	    0.0	    0.0	  100.0	   84.4	    0.0	    0.0	    0.0	    0.0	    2.0	  1	  -50.0	 1250.0	   84.4	    0.0	    0.0	1	   87.1	 21	 1380.4	   18.0	
   55	   5.50	  -36.3	 1346.4	  -98.1	    0.0	    0.0	    0.0	    0.0	    0.0	    0.0	    0.0	    0.0	  100.0	   84.1	    0.0	    0.0	    0.0	    0.0	    2.0	  1	  -50.0	 1250.0	   84.1	    0.0	    0.0	1	   87.1	 21	 1379.9	   18.0	
   56	   5.60	  -36.3	 1346.4	  -98.1	    0.0	    0.0	    0.0	    0.0	    0.0	    0.0	    0.0	    0.0	  100.0	   83.8	    0.0	    0.0	    0.0	    0.0	    2.1	  1	  -50.0	 1250.0	   83.8	    0.0	    0.0	1	   87.1	 21	 1379.4	   17.9	
   57	   5.70	  -36.3	 1346.4	  -98.1	    0.0	    0.0	    0.0	    0.0	    0.0	    0.0	    0.0	    0.0	  100.0	   83.5	    0.0	    0.0	    0.0	    0.0	    2.1	  1	  -50.0	 1250.0	   83.5	    0.0	    0.0	1	   87.1	 21	 1379.0	   17.9	
   58	   5.80	  -36.3	 1346.4	  -98.1	    0.0	    0.0	    0.0	    0.0	    0.0	    0.0	    0.0	    0.0	  100.0	   83.2	    0.0	    0.0	    0.0	    0.0	    2.1	  1	  -50.0	 1250.0	   83.2	    0.0	    0.0	1	   87.1	 21	 1378.5	   17.8	
   59	   5.90	  -36.3	 1346.4	  -98.1	    0.0	    0.0	    0.0	    0.0	    0.0	    0.0	    0.0	    0.0	  100.0	   82.9	    0.0	    0.0	    0.0	    0.0	    2.2	  1	  -50.0	 1250.0	   82.9	    0.0	    0.0	1	   87.1	 21	 1378.0	   17.8	
   60	   6.00	  -36.3	 1346.4	  -98.1	    0.0	    0.0	    0.0	    0.0	    0.0	    0.0	    0.0	    0.0	  100.0	   82.6	    0.0	    0.0	    0.0	    0.0	    2.2	  1	  -50.0	 1250.0	   82.6	    0.0	    0.0	1	   87.1	 21	 1377.6	   17.8	
   61	   6.10	  -36.3	 1346.4	  -98.1	    0.0	    0.0	    0.0	    0.0	    0.0	    0.0	    0.0	    0.0	  100.0	   82.3	    0.0	    0.0	    0.0	    0.0	    2.2	  1	  -50.0	 1250.0	   82.3	    0.0	    0.0	1	   87.1	 21	 1377.1	   17.7	
   62	   6.20	  -36.3	 1346.4	  -98.1	    0.0	    0.0	    0.0	    0.0	    0.0	    0.0	    0.0	    0.0	  100.0	   82.0	    0.0	    0.0	    0.0	    0.0	    2.3	  1	  -50.0	 1250.0	   82.0	    0.0	    0.0	1	   87.1	 21	 1376.6	   17.7	
   63	   6.30	  -36.3	 1346.4	  -98.1	    0.0	    0.0	    0.0	    0.0	    0.0	    0.0	    0.0	    0.0	  100.0	   81.7	    0.0	    0.0	    0.0	    0.0	    2.3	  1	  -50.0	 1250.0	   81.7	    0.0	    0.0	1	   87.1	 21	 1376.2	   17.6	
   64	   6.40	  -36.3	 1346.4	  -98.1	    0.0	    0.0	    0.0	    0.0	    0.0	    0.0	    0.0	    0.0	  100.0	   81.4	    0.0	    0.0	    0.0	    0.0	    2.4	  1	  -50.0	 1250.0	   81.4	    0.0	    0.0	1	   87.1	 21	 1375.7	   17.6	
   65	   6.50	  -36.3	 1346.4	  -98.1	    0.0	    0.0	    0.0	    0.0	    0.0	    0.0	    0.0	    0.0	  100.0	   81.1	    0.0	    0.0	    0.0	    0.0	    2.4	  1	  -50.0	 1250.0	   81.1	    0.0	    0.0	1	   87.1	 21	 1375.2	   17.5	
   66	   6.60	  -36.3	 1346.4	  -98.1	    0.0	    0.0	    0.0	    0.0	    0.0	    0.0	    0.0	    0.0	  100.0	   80.8	    0.0	    0.0	    0.0	    0.0	    2.4	  1	  -50.0	 1250.0	   80.8	    0.0	    0.0	1	   87.1	 21	 1374.8	   17.5	
   67	   6.70	  -36.3	 1346.4	  -98.1	    0.0	    0.0	    0.0	    0.0	    0.0	    0.0	    0.0	    0.0	  100.0	   80.5	    0.0	    0.0	    0.0	    0.0	    2.5	  1	  -50.0	 1250.0	   80.5	    0.0	    0.0	1	   87.1	 21	 1374.3	   17.4	
   68	   6.80	  -36.3	 1346.4	  -98.1	    0.0	    0.0	    0.0	    0.0	    0.0	    0.0	    0.0	    0.0	  100.0	   80.2	    0.0	    0.0	    0.0	    0.0	    2.5	  1	  -50.0	 1250.0	   80.2	    0.0	    0.0	1	   87.1	 21	 1373.9	   17.4	
   69	   6.90	  -36.3	 1346.4	  -98.1	    0.0	    0.0	    0.0	    0.0	    0.0	    0.0	    0.0	    0.0	  100.0	   79.9	    0.0	    0.0	    0.0	    0.0	    2.5	  1	  -50.0	 1250.0	   79.9	    0.0	    0.0	1	   87.1	 21	 1373.4	   17.3	
   70	   7.00	  -36.3	 1346.4	  -98.1	    0.0	    0.0	    0.0	    0.0	    0.0	    0.0	    0.0	    0.0	  100.0	   79.6	    0.0	    0.0	    0.0	    0.0	    2.6	  1	  -50.0	 1250.0	   79.6	    0.0	    0.0	1	   87.1	 21	 1372.9	   17.3	
   71	   7.10	  -36.3	 1346.4	  -98.1	    0.0	    0.0	    0.0	    0.0	    0.0	    0.0	    0.0	    0.0	  100.0	   79.3	    0.0	    0.0	    0.0	    0.0	    2.6	  1	  -50.0	 1250.0	   79.3	    0.0	    0.0	1	   87.1	 21	 1372.5	   17.2	
   72	   7.20	  -36.3	 1346.4	  -98.1	    0.0	    0.0	    0.0	    0.0	    0.0	    0.0	    0.0	    0.0	  100.0	   79.0	    0.0	    0.0	    0.0	    0.0	    2.7	  1	  -50.0	 1250.0	   79.0	    0.0	    0.0	1	   87.1	 21	 1372.0	   17.2	
   73	   7.30	  -36.3	 1346.4	  -98.1	    0.0	    0.0	    0.0	    0.0	    0.0	    0.0	    0.0	    0.0	  100.0	   78.7	    0.0	    0.0	    0.0	    0.0	    2.7	  1	  -50.0	 1250.0	   78.7	    0.0	    0.0	1	   87.1	 21	 1371.5	   17.2	
   74	   7.40	  -36.3	 1346.4	  -98.1	    0.0	    0.0	    0.0	    0.0	    0.0	    0.0	    0.0	    0.0	  100.0	   78.4	    0.0	    0.0	    0.0	    0.0	    2.7	  1	  -50.0	 1250.0	   78.4	    0.0	    0.0	1	   87.1	 21	 1371.1	   17.1	
   75	   7.50	  -36.3	 1346.4	  -98.1	    0.0	    0.0	    0.0	    0.0	    0.0	    0.0	    0.0	    0.0	  100.0	   78.1	    0.0	    0.0	    0.0	    0.0	    2.8	  1	  -50.0	 1250.0	   78.1	    0.0	    0.0	1	   87.1	 21	 1370.6	   17.1	
   76	   7.60	  -36.3	 1346.4	  -98.1	    0.0	    0.0	    0.0	    0.0	    0.0	    0.0	    0.0	    0.0	  100.0	   77.8	    0.0	    0.0	    0.0	    0.0	    2.8	  1	  -50.0	 1250.0	   77.8	    0.0	    0.0	1	   87.1	 21	 1370.1	   17.0	
   77	   7.70	  -36.3	 1346.4	  -98.1	    0.0	    0.0	    0.0	    0.0	    0.0	    0.0	    0.0	    0.0	  100.0	   77.5	    0.0	    0.0	    0.0	    0.0	    2.8	  1	  -50.0	 1250.0	   77.5	    0.0	    0.0	1	   87.1	 21	 1369.7	   17.0	
   78	   7.80	  -36.3	 1346.4	  -98.1	    0.0	    0.0	    0.0	    0.0	    0.0	    0.0	    0.0	    0.0	  100.0	   77.2	    0.0	    0.0	    0.0	    0.0	    2.9	  1	  -50.0	 1250.0	   77.2	    0.0	    0.0	1	   87.1	 21	 1369.2	   16.9	
   79	   7.90	  -36.3	 1346.4	  -98.1	    0.0	    0.0	    0.0	    0.0	    0.0	    0.0	    0.0	    0.0	  100.0	   76.9	    0.0	    0.0	    0.0	    0.0	    2.9	  1	  -50.0	 1250.0	   76.9	    0.0	    0.0	1	   87.1	 21	 1368.7	   16.9	
   80	   8.00	  -36.3	 1346.4	  -98.1	    0.0	    0.0	    0.0	    0.0	    0.0	    0.0	    0.0	    0.0	  100.0	   76.6	    0.0	    0.0	    0.0	    0.0	    2.9	  1	  -50.0	 1250.0	   76.6	    0.0	    0.0	1	   87.1	 21	 1368.3	   16.8	
   81	   8.10	  -36.3	 1346.4	  -98.1	    0.0	    0.0	    0.0	    0.0	    0.0	    0.0	    0.0	    0.0	  100.0	   76.3	    0.0	    0.0	    0.0	    0.0	    3.0	  1	  -50.0	 1250.0	   76.3	    0.0	    0.0	1	   87.1	 21	 1367.8	   16.8	
   82	   8.20	  -36.3	 1346.4	  -98.1	    0.0	    0.0	    0.0	    0.0	    0.0	    0.0	    0.0	    0.0	  100.0	   76.0	    0.0	    0.0	    0.0	    0.0	    3.0	  1	  -50.0	 1250.0	   76.0	    0.0	    0.0	1	   87.1	 21	 1367.3	   16.7	
   83	   8.30	  -36.3	 1346.4	  -98.1	    0.0	    0.0	    0.0	    0.0	    0.0	    0.0	    0.0	    0.0	  100.0	   75.7	    0.0	    0.0	    0.0	    0.0	    3.1	  1	  -50.0	 1250.0	   75.7	    0.0	    0.0	1	   87.1	 21	 1366.9	   16.7	
   84	   8.40	  -36.3	 1346.4	  -98.1	    0.0	    0.0	    0.0	    0.0	    0.0	    0.0	    0.0	    0.0	  100.0	   75.4	    0.0	    0.0	    0.0	    0.0	    3.1	  1	  -50.0	 1250.0	   75.4	    0.0	    0.0	1	   87.1	 21	 1366.4	   16.6	
   85	   8.50	  -36.3	 1346.4	  -98.1	    0.0	    0.0	    0.0	    0.0	    0.0	    0.0	    0.0	    0.0	  100.0	   75.1	    0.0	    0.0	    0.0	    0.0	    3.1	  1	  -50.0	 1250.0	   75.1	    0.0	    0.0	1	   87.1	 21	 1366.0	   16.6	
   86	   8.60	  -36.3	 1346.4	  -98.1	    0.0	    0.0	    0.0	    0.0	    0.0	    0.0	    0.0	    0.0	  100.0	   74.8	    0.0	    0.0	    0.0	    0.0	    3.2	  1	  -50.0	 1250.0	   74.8	    0.0	    0.0	1	   87.1	 21	 1365.5	   16.5	
   87	   8.70	  -36.3	 1346.4	  -98.1	    0.0	    0.0	    0.0	    0.0	    0.0	    0.0	    0.0	    0.0	  100.0	   74.5	    0.0	    0.0	    0.0	    0.0	    3.2	  1	  -50.0	 1250.0	   74.5	    0.0	    0.0	1	   87.1	 21	 1365.0	   16.5	
   88	   8.80	  -36.3	 1346.4	  -98.1	    0.0	    0.0	    0.0	    0.0	    0.0	    0.0	    0.0	    0.0	  100.0	   74.2	    0.0	    0.0	    0.0	    0.0	    3.2	  1	  -50.0	 1250.0	   74.2	    0.0	    0.0	1	   87.1	 21	 1364.6	   16.5	
   89	   8.90	  -36.3	 1346.4	  -98.1	    0.0	    0.0	    0.0	    0.0	    0.0	    0.0	    0.0	    0.0	  100.0	   74.0	    0.0	    0.0	    0.0	    0.0	    3.3	  1	  -50.0	 1250.0	   74.0	    0.0	    0.0	1	   87.1	 21	 1364.1	   16.4	
   90	   9.00	  -36.3	 1346.4	  -98.1	    0.0	    0.0	    0.0	    0.0	    0.0	    0.0	    0.0	    0.0	  100.0	   73.7	    0.0	    0.0	    0.0	    0.0	    3.3	  1	  -50.0	 1250.0	   73.7	    0.0	    0.0	1	   87.1	 21	 1363.6	   16.4	
   91	   9.10	  -36.3	 1346.4	  -98.1	    0.0	    0.0	    0.0	    0.0	    0.0	    0.0	    0.0	    0.0	  100.0	   73.4	    0.0	    0.0	    0.0	    0.0	    3.4	  1	  -50.0	 1250.0	   73.4	    0.0	    0.0	1	   87.1	 21	 1363.2	   16.3	
   92	   9.20	  -36.3	 1346.4	  -98.1	    0.0	    0.0	    0.0	    0.0	    0.0	    0.0	    0.0	    0.0	  100.0	   73.1	    0.0	    0.0	    0.0	    0.0	    3.4	  1	  -50.0	 1250.0	   73.1	    0.0	    0.0	1	   87.1	 21	 1362.7	   16.3	
   93	   9.30	  -36.3	 1346.4	  -98.1	    0.0	    0.0	    0.0	    0.0	    0.0	    0.0	    0.0	    0.0	  100.0	   72.8	    0.0	    0.0	    0.0	    0.0	    3.4	  1	  -50.0	 1250.0	   72.8	    0.0	    0.0	1	   87.1	 21	 1362.2	   16.2	
   94	   9.40	  -36.3	 1346.4	  -98.1	    0.0	    0.0	    0.0	    0.0	    0.0	    0.0	    0.0	    0.0	  100.0	   72.5	    0.0	    0.0	    0.0	    0.0	    3.5	  1	  -50.0	 1250.0	   72.5	    0.0	    0.0	1	   87.1	 21	 1361.8	   16.2	
   95	   9.50	  -36.3	 1346.4	  -98.1	    0.0	    0.0	    0.0	    0.0	    0.0	    0.0	    0.0	    0.0	  100.0	   72.2	    0.0	    0.0	    0.0	    0.0	    3.5	  1	  -50.0	 1250.0	   72.2	    0.0	    0.0	1	   87.1	 21	 1361.3	   16.1	
   96	   9.60	  -36.3	 1346.4	  -98.1	    0.0	    0.0	    0.0	    0.0	    0.0	    0.0	    0.0	    0.0	  100.0	   71.9	    0.0	    0.0	    0.0	    0.0	    3.5	  1	  -50.0	 1250.0	   71.9	    0.0	    0.0	1	   87.1	 21	 1360.8	   16.1	
   97	   9.70	  -36.3	 1346.4	  -98.1	    0.0	    0.0	    0.0	    0.0	    0.0	    0.0	    0.0	    0.0	  100.0	   71.6	    0.0	    0.0	    0.0	    0.0	    3.6	  1	  -50.0	 1250.0	   71.6	    0.0	    0.0	1	   87.1	 21	 1360.4	   16.0	
   98	   9.80	  -36.3	 1346.4	  -98.1	    0.0	    0.0	    0.0	    0.0	    0.0	    0.0	    0.0	    0.0	  100.0	   71.3	    0.0	    0.0	    0.0	    0.0	    3.6	  1	  -50.0	 1250.0	   71.3	    0.0	    0.0	1	   87.1	 21	 1359.9	   16.0	
   99	   9.90	  -36.3	 1346.4	  -98.1	    0.0	    0.0	    0.0	    0.0	    0.0	    0.0	    0.0	    0.0	  100.0	   71.0	    0.0	    0.0	    0.0	    0.0	    3.7	  1	  -50.0	 1250.0	   71.0	    0.0	    0.0	1	   87.1	 21	 1359.5	   15.9	
  100	  10.00	  -36.3	 1346.4	  -98.1	    0.0	    0.0	    0.0	    0.0	    0.0	    0.0	    0.0	    0.0	  100.0	   70.7	    0.0	    0.0	    0.0	    0.0	    3.7	  1	  -50.0	 1250.0	   70.7	    0.0	    0.0	1	   87.1	 21	 1359.0	   15.9	
  101	  10.10	  -36.3	 1346.4	  -98.1	    0.0	    0.0	    0.0	    0.0	    0.0	    0.0	    0.0	    0.0	  100.0	   70.4	    0.0	    0.0	    0.0	    0.0	    3.7	  1	  -50.0	 1250.0	   70.4	    0.0	    0.0	1	   87.1	 21	 1358.5	   15.9	
  102	  10.20	  -36.3	 1346.4	  -98.1	    0.0	    0.0	    0.0	    0.0	    0.0	    0.0	    0.0	    0.0	  100.0	   70.1	    0.0	    0.0	    0.0	    0.0	    3.8	  1	  -50.0	 1250.0	   70.1	    0.0	    0.0	1	   87.1	 21	 1358.1	   15.8	
  103	  10.30	  -36.3	 1346.4	  -98.1	    0.0	    0.0	    0.0	    0.0	    0.0	    0.0	    0.0	    0.0	  100.0	   69.8	    0.0	    0.0	    0.0	    0.0	    3.8	  1	  -50.0	 1250.0	   69.8	    0.0	    0.0	1	   87.1	 21	 1357.6	   15.8	
  104	  10.40	  -36.3	 1346.4	  -98.1	    0.0	    0.0	    0.0	    0.0	    0.0	    0.0	    0.0	    0.0	  100.0	   69.5	    0.0	    0.0	    0.0	    0.0	    3.8	  1	  -50.0	 1250.0	   69.5	    0.0	    0.0	1	   87.1	 21	 1357.1	   15.7	
  105	  10.50	  -36.3	 1346.4	  -98.1	    0.0	    0.0	    0.0	    0.0	    0.0	    0.0	    0.0	    0.0	  100.0	   69.2	    0.0	    0.0	    0.0	    0.0	    3.9	  1	  -50.0	 1250.0	   69.2	    0.0	    0.0	1	   87.1	 21	 1356.7	   15.7	
  106	  10.60	  -36.3	 1346.4	  -98.1	    0.0	    0.0	    0.0	    0.0	    0.0	    0.0	    0.0	    0.0	  100.0	   68.9	    0.0	    0.0	    0.0	    0.0	    3.9	  1	  -50.0	 1250.0	   68.9	    0.0	    0.0	1	   87.1	 21	 1356.2	   15.6	
  107	  10.70	  -36.3	 1346.4	  -98.1	    0.0	    0.0	    0.0	    0.0	    0.0	    0.0	    0.0	    0.0	  100.0	   68.6	    0.0	    0.0	    0.0	    0.0	    3.9	  1	  -50.0	 1250.0	   68.6	    0.0	    0.0	1	   87.1	 21	 1355.7	   15.6	
  108	  10.80	  -36.3	 1346.4	  -98.1	    0.0	    0.0	    0.0	    0.0	    0.0	    0.0	    0.0	    0.0	  100.0	   68.3	    0.0	    0.0	    0.0	    0.0	    4.0	  1	  -50.0	 1250.0	   68.3	    0.0	    0.0	1	   87.1	 21	 1355.3	   15.5	
  109	  10.90	  -36.3	 1346.4	  -98.1	    0.0	    0.0	    0.0	    0.0	    0.0	    0.0	    0.0	    0.0	  100.0	   68.0	    0.0	    0.0	    0.0	    0.0	    4.0	  1	  -50.0	 1250.0	   68.0	    0.0	    0.0	1	   87.1	 21	 1354.8	   15.5	
  110	  11.00	  -36.3	 1346.4	  -98.1	    0.0	    0.0	    0.0	    0.0	    0.0	    0.0	    0.0	    0.0	  100.0	   67.7	    0.0	    0.0	    0.0	    0.0	    4.1	  1	  -50.0	 1250.0	   67.7	    0.0	    0.0	1	   87.1	 21	 1354.3	   15.4	
  111	  11.10	  -36.3	 1346.4	  -98.1	    0.0	    0.0	    0.0	    0.0	    0.0	    0.0	    0.0	    0.0	  100.0	   67.4	    0.0	    0.0	    0.0	    0.0	    4.1	  1	  -50.0	 1250.0	   67.4	    0.0	    0.0	1	   87.1	 21	 1353.9	   15.4	
  112	  11.20	  -36.3	 1346.4	  -98.1	    0.0	    0.0	    0.0	    0.0	    0.0	    0.0	    0.0	    0.0	  100.0	   67.1	    0.0	    0.0	    0.0	    0.0	    4.1	  1	  -50.0	 1250.0	   67.1	    0.0	    0.0	1	   87.1	 21	 1353.4	   15.3	
  113	  11.30	  -36.3	 1346.4	  -98.1	    0.0	    0.0	    0.0	    0.0	    0.0	    0.0	    0.0	    0.0	  100.0	   66.8	    0.0	    0.0	    0.0	    0.0	    4.2	  1	  -50.0	 1250.0	   66.8	    0.0	    0.0	1	   87.1	 21	 1352.9	   15.3	
  114	  11.40	  -36.3	 1346.4	  -98.1	    0.0	    0.0	    0.0	    0.0	    0.0	    0.0	    0.0	    0.0	  100.0	   66.5	    0.0	    0.0	    0.0	    0.0	    4.2	  1	  -50.0	 1250.0	   66.5	    0.0	    0.0	1	   87.1	 21	 1352.5	   15.2	
  115	  11.50	  -36.3	 1346.4	  -98.1	    0.0	    0.0	    0.0	    0.0	    0.0	    0.0	    0.0	    0.0	  100.0	   66.2	    0.0	    0.0	    0.0	    0.0	    4.2	  1	  -50.0	 1250.0	   66.2	    0.0	    0.0	1	   87.1	 21	 1352.0	   15.2	
  116	  11.60	  -36.3	 1346.4	  -98.1	    0.0	    0.0	    0.0	    0.0	    0.0	    0.0	    0.0	    0.0	  100.0	   65.9	    0.0	    0.0	    0.0	    0.0	    4.3	  1	  -50.0	 1250.0	   65.9	    0.0	    0.0	1	   87.1	 21	 1351.6	   15.2	
  117	  11.70	  -36.3	 1346.4	  -98.1	    0.0	    0.0	    0.0	    0.0	    0.0	    0.0	    0.0	    0.0	  100.0	   65.6	    0.0	    0.0	    0.0	    0.0	    4.3	  1	  -50.0	 1250.0	   65.6	    0.0	    0.0	1	   87.1	 21	 1351.1	   15.1	
  118	  11.80	  -36.3	 1346.4	  -98.1	    0.0	    0.0	    0.0	    0.0	    0.0	    0.0	    0.0	    0.0	  100.0	   65.3	    0.0	    0.0	    0.0	    0.0	    4.4	  1	  -50.0	 1250.0	   65.3	    0.0	    0.0	1	   87.1	 21	 1350.6	   15.1	
  119	  11.90	  -36.3	 1346.4	  -98.1	    0.0	    0.0	    0.0	    0.0	    0.0	    0.0	    0.0	    0.0	  100.0	   65.0	    0.0	    0.0	    0.0	    0.0	    4.4	  1	  -50.0	 1250.0	   65.0	    0.0	    0.0	1	   87.1	 21	 1350.2	   15.0	
  120	  12.00	  -36.3	 1346.4	  -98.1	    0.0	    0.0	    0.0	    0.0	    0.0	    0.0	    0.0	    0.0	  100.0	   64.7	    0.0	    0.0	    0.0	    0.0	    4.4	  1	  -50.0	 1250.0	   64.7	    0.0	    0.0	1	   87.1	 21	 1349.7	   15.0	
  121	  12.10	  -36.3	 1346.4	  -98.1	    0.0	    0.0	    0.0	    0.0	    0.0	    0.0	    0.0	    0.0	  100.0	   64.4	    0.0	    0.0	    0.0	    0.0	    4.5	  1	  -50.0	 1250.0	   64.4	    0.0	    0.0	1	   87.1	 21	 1349.2	   14.9	
  122	  12.20	  -36.3	 1346.4	  -98.1	    0.0	    0.0	    0.0	    0.0	    0.0	    0.0	    0.0	    0.0	  100.0	   64.1	    0.0	    0.0	    0.0	    0.0	    4.5	  1	  -50.0	 1250.0	   64.1	    0.0	    0.0	1	   87.1	 21	 1348.8	   14.9	
  123	  12.30	  -36.3	 1346.4	  -98.1	    0.0	    0.0	    0.0	    0.0	    0.0	    0.0	    0.0	    0.0	  100.0	   63.8	    0.0	    0.0	    0.0	    0.0	    4.5	  1	  -50.0	 1250.0	   63.8	    0.0	    0.0	1	   87.1	 21	 1348.3	   14.8	
  124	  12.40	  -36.3	 1346.4	  -98.1	    0.0	    0.0	    0.0	    0.0	    0.0	    0.0	    0.0	    0.0	  100.0	   63.6	    0.0	    0.0	    0.0	    0.0	    4.6	  1	  -50.0	 1250.0	   63.6	    0.0	    0.0	1	   87.1	 21	 1347.8	   14.8	
  125	  12.50	  -36.3	 1346.4	  -98.1	    0.0	    0.0	    0.0	    0.0	    0.0	    0.0	    0.0	    0.0	  100.0	   63.3	    0.0	    0.0	    0.0	    0.0	    4.6	  1	  -50.0	 1250.0	   63.3	    0.0	    0.0	1	   87.1	 21	 1347.4	   14.7	
  126	  12.60	  -36.3	 1346.4	  -98.1	    0.0	    0.0	    0.0	    0.0	    0.0	    0.0	    0.0	    0.0	  100.0	   63.0	    0.0	    0.0	    0.0	    0.0	    4.7	  1	  -50.0	 1250.0	   63.0	    0.0	    0.0	1	   87.1	 21	 1346.9	   14.7	
  127	  12.70	  -36.3	 1346.4	  -98.1	    0.0	    0.0	    0.0	    0.0	    0.0	    0.0	    0.0	    0.0	  100.0	   62.7	    0.0	    0.0	    0.0	    0.0	    4.7	  1	  -50.0	 1250.0	   62.7	    0.0	    0.0	1	   87.1	 21	 1346.4	   14.6	
  128	  12.80	  -36.3	 1346.4	  -98.1	    0.0	    0.0	    0.0	    0.0	    0.0	    0.0	    0.0	    0.0	  100.0	   62.4	    0.0	    0.0	    0.0	    0.0	    4.7	  1	  -50.0	 1250.0	   62.4	    0.0	    0.0	1	   87.1	 21	 1346.0	   14.6	
  129	  12.90	  -36.3	 1346.4	  -98.1	    0.0	    0.0	    0.0	    0.0	    0.0	    0.0	    0.0	    0.0	  100.0	   62.1	    0.0	    0.0	    0.0	    0.0	    4.8	  1	  -50.0	 1250.0	   62.1	    0.0	    0.0	1	   87.1	 21	 1345.5	   14.6	
  130	  13.00	  -36.3	 1346.4	  -98.1	    0.0	    0.0	    0.0	    0.0	    0.0	    0.0	    0.0	    0.0	  100.0	   61.8	    0.0	    0.0	    0.0	    0.0	    4.8	  1	  -50.0	 1250.0	   61.8	    0.0	    0.0	1	   87.1	 21	 1345.1	   14.5	
  131	  13.10	  -36.3	 1346.4	  -98.1	    0.0	    0.0	    0.0	    0.0	    0.0	    0.0	    0.0	    0.0	  100.0	   61.5	    0.0	    0.0	    0.0	    0.0	    4.8	  1	  -50.0	 1250.0	   61.5	    0.0	    0.0	1	   87.1	 21	 1344.6	   14.5	
  132	  13.20	  -36.3	 1346.4	  -98.1	    0.0	    0.0	    0.0	    0.0	    0.0	    0.0	    0.0	    0.0	  100.0	   61.2	    0.0	    0.0	    0.0	    0.0	    4.9	  1	  -50.0	 1250.0	   61.2	    0.0	    0.0	1	   87.1	 21	 1344.1	   14.4	
  133	  13.30	  -36.3	 1346.4	  -98.1	    0.0	    0.0	    0.0	    0.0	    0.0	    0.0	    0.0	    0.0	  100.0	   60.9	    0.0	    0.0	    0.0	    0.0	    4.9	  1	  -50.0	 1250.0	   60.9	    0.0	    0.0	1	   87.1	 21	 1343.7	   14.4	
  134	  13.40	  -36.3	 1346.4	  -98.1	    0.0	    0.0	    0.0	    0.0	    0.0	    0.0	    0.0	    0.0	  100.0	   60.6	    0.0	    0.0	    0.0	    0.0	    4.9	  1	  -50.0	 1250.0	   60.6	    0.0	    0.0	1	   87.1	 21	 1343.2	   14.3	
  135	  13.50	  -36.3	 1346.4	  -98.1	    0.0	    0.0	    0.0	    0.0	    0.0	    0.0	    0.0	    0.0	  100.0	   60.3	    0.0	    0.0	    0.0	    0.0	    5.0	  1	  -50.0	 1250.0	   60.3	    0.0	    0.0	1	   87.1	 21	 1342.7	   14.3	
  136	  13.60	  -36.3	 1346.4	  -98.1	    0.0	    0.0	    0.0	    0.0	    0.0	    0.0	    0.0	    0.0	  100.0	   60.0	    0.0	    0.0	    0.0	    0.0	    5.0	  1	  -50.0	 1250.0	   60.0	    0.0	    0.0	1	   87.1	 21	 1342.3	   14.2	
  137	  13.70	  -36.3	 1346.4	  -98.1	    0.0	    0.0	    0.0	    0.0	    0.0	    0.0	    0.0	    0.0	  100.0	   59.7	    0.0	    0.0	    0.0	    0.0	    5.1	  1	  -50.0	 1250.0	   59.7	    0.0	    0.0	1	   87.1	 21	 1341.8	   14.2	
  138	  13.80	  -36.3	 1346.4	  -98.1	    0.0	    0.0	    0.0	    0.0	    0.0	    0.0	    0.0	    0.0	  100.0	   59.4	    0.0	    0.0	    0.0	    0.0	    5.1	  1	  -50.0	 1250.0	   59.4	    0.0	    0.0	1	   87.1	 21	 1341.3	   14.1	
  139	  13.90	  -36.3	 1346.4	  -98.1	    0.0	    0.0	    0.0	    0.0	    0.0	    0.0	    0.0	    0.0	  100.0	   59.1	    0.0	    0.0	    0.0	    0.0	    5.1	  1	  -50.0	 1250.0	   59.1	    0.0	    0.0	1	   87.1	 21	 1340.9	   14.1	
  140	  14.00	  -36.3	 1346.4	  -98.1	    0.0	    0.0	    0.0	    0.0	    0.0	    0.0	    0.0	    0.0	  100.0	   58.8	    0.0	    0.0	    0.0	    0.0	    5.2	  1	  -50.0	 1250.0	   58.8	    0.0	    0.0	1	   87.1	 21	 1340.4	   14.0	
  141	  14.10	  -36.3	 1346.4	  -98.1	    0.0	    0.0	    0.0	    0.0	    0.0	    0.0	    0.0	    0.0	  100.0	   58.5	    0.0	    0.0	    0.0	    0.0	    5.2	  1	  -50.0	 1250.0	   58.5	    0.0	    0.0	1	   87.1	 21	 1339.9	   14.0	
  142	  14.20	  -36.3	 1346.4	  -98.1	    0.0	    0.0	    0.0	    0.0	    0.0	    0.0	    0.0	    0.0	  100.0	   58.2	    0.0	    0.0	    0.0	    0.0	    5.2	  1	  -50.0	 1250.0	   58.2	    0.0	    0.0	1	   87.1	 21	 1339.5	   13.9	
  143	  14.30	  -36.3	 1346.4	  -98.1	    0.0	    0.0	    0.0	    0.0	    0.0	    0.0	    0.0	    0.0	  100.0	   57.9	    0.0	    0.0	    0.0	    0.0	    5.3	  1	  -50.0	 1250.0	   57.9	    0.0	    0.0	1	   87.1	 21	 1339.0	   13.9	
  144	  14.40	  -36.3	 1346.4	  -98.1	    0.0	    0.0	    0.0	    0.0	    0.0	    0.0	    0.0	    0.0	  100.0	   57.6	    0.0	    0.0	    0.0	    0.0	    5.3	  1	  -50.0	 1250.0	   57.6	    0.0	    0.0	1	   87.1	 21	 1338.5	   13.9	
  145	  14.50	  -36.3	 1346.4	  -98.1	    0.0	    0.0	    0.0	    0.0	    0.0	    0.0	    0.0	    0.0	  100.0	   57.3	    0.0	    0.0	    0.0	    0.0	    5.4	  1	  -50.0	 1250.0	   57.3	    0.0	    0.0	1	   87.1	 21	 1338.1	   13.8	
  146	  14.60	  -36.3	 1346.4	  -98.1	    0.0	    0.0	    0.0	    0.0	  441.2	 1352.9	    0.0	  200.0	  100.0	   57.0	    0.0	    0.0	    0.0	    0.0	    5.4	  1	 -550.0	  550.0	   57.0	    0.0	    0.0	1	  388.0	 21	 1337.6	   13.8	
  147	  14.70	  -75.6	 1335.6	 -164.6	    0.0	    0.0	    0.0	    0.0	  441.2	 1352.9	    0.0	  200.0	  100.0	   56.7	    0.0	    0.0	    0.0	    0.3	    5.4	  1	 -550.0	  550.0	   56.7	    0.0	    0.3	1	  388.2	 21	 1337.8	   13.8	
  148	  14.80	 -158.9	 1307.6	 -161.2	    0.0	    0.0	    0.0	    0.0	  441.2	 1352.9	    0.0	  200.0	  100.0	   56.4	    0.0	    0.0	    0.0	    0.6	    5.5	  1	 -550.0	  550.0	   56.4	    0.0	    0.6	1	  393.2	 21	 1337.3	   13.7	
  149	  14.90	 -241.9	 1267.6	 -152.9	    0.0	    0.0	    0.0	    0.0	  441.2	 1352.9	    0.0	  200.0	  100.0	   56.1	    0.0	    0.0	    0.0	    0.9	    5.5	  1	 -550.0	  550.0	   56.1	    0.0	    0.9	1	  391.0	 21	 1343.7	   14.4	
  150	  15.00	 -313.3	 1219.6	 -144.6	 1462.4	 1367.3	    0.0	  200.0	  441.2	 1352.9	    0.0	  200.0	  100.0	   56.4	    0.0	    0.0	    0.0	    1.3	    5.5	  1	 1000.0	 2450.0	   56.4	    0.0	    1.3	1	  400.1	 21	    0.0	    0.0	
  151	  15.10	 -365.8	 1232.5	  155.9	 1462.4	 1367.3	    0.0	  200.0	  441.2	 1352.9	    0.0	  200.0	  100.0	   56.2	    0.0	    0.0	    0.0	    1.7	    5.5	  1	 1000.0	  550.0	   56.2	    0.0	    1.7	1	  383.4	 21	    0.0	    0.0	
  152	  15.20	 -387.5	 1211.1	 -117.8	 1462.4	 1367.3	    0.0	  200.0	  441.2	 1352.9	    0.0	  200.0	  100.0	   56.1	    0.0	    0.0	    0.0	    2.2	    5.5	  1	 1000.0	  550.0	   56.1	    0.0	    2.2	1	  384.9	 21	    0.0	    0.0	
  153	  15.30	 -427.4	 1132.9	 -117.0	 1462.4	 1367.3	    0.0	  200.0	  441.2	 1352.9	    0.0	  200.0	  100.0	   56.0	    0.0	    0.0	    0.0	    2.6	    5.4	  1	 1000.0	  550.0	   56.0	    0.0	    2.6	1	  396.3	 21	    0.0	    0.0	
  154	  15.40	 -454.3	 1046.0	 -105.7	 1484.9	 1365.8	    0.0	  200.0	  441.2	 1352.9	    0.0	  200.0	  100.0	   55.8	    0.0	    0.0	    0.0	    3.1	    5.4	  1	 1000.0	  550.0	   55.8	    0.0	    3.1	1	  404.7	 21	    0.0	    0.0	
  155	  15.50	 -464.4	  958.6	  -95.8	 1484.9	 1365.8	    0.0	  200.0	  441.2	 1352.9	    0.0	  200.0	  100.0	   55.7	    0.0	    0.0	    0.0	    3.5	    5.3	  1	 1000.0	  550.0	   55.7	    0.0	    3.5	1	  411.4	 21	    0.0	    0.0	
  156	  15.60	 -461.6	  865.1	  -87.2	 1484.9	 1365.8	    0.0	  200.0	  441.2	 1352.9	    0.0	  200.0	  100.0	   55.6	    0.0	    0.0	    0.0	    3.9	    5.2	  1	 1000.0	  550.0	   55.6	    0.0	    3.9	1	  341.8	 21	    0.0	    0.0	
  157	  15.70	 -446.8	  787.2	  -77.3	 1489.6	 1365.5	    0.0	  200.0	  441.2	 1352.9	    0.0	  200.0	  100.0	   55.5	    0.0	    0.0	    0.0	    4.3	    5.2	  1	 1000.0	  550.0	   55.5	    0.0	    4.3	1	  282.6	 21	    0.0	    0.0	
  158	  15.80	 -424.7	  728.0	  -68.1	 1489.6	 1365.5	    0.0	  200.0	  441.2	 1352.9	    0.0	  200.0	  100.0	   55.4	    0.0	    0.0	    0.0	    4.7	    5.1	  1	 1000.0	  550.0	   55.4	    0.0	    4.7	1	  237.7	 21	    0.0	    0.0	
  159	  15.90	 -398.3	  678.1	  -61.1	 1489.6	 1365.5	    0.0	  200.0	  441.2	 1352.9	    0.0	  200.0	  100.0	   55.3	    0.0	    0.0	    0.0	    5.1	    5.1	  1	 1000.0	  550.0	   55.3	    0.0	    5.1	1	  197.1	 21	    0.0	    0.0	
  160	  16.00	 -373.1	  640.2	  -55.6	 1489.6	 1365.5	    0.0	  200.0	  441.2	 1352.9	    0.0	  200.0	  100.0	   55.2	    0.0	    0.0	    0.0	    5.5	    5.1	  1	 1000.0	  550.0	   55.2	    0.0	    5.5	1	  168.2	 21	    0.0	    0.0	
  161	  16.10	 -347.0	  608.7	  -49.5	 1489.6	 1365.5	    0.0	  200.0	  441.2	 1352.9	    0.0	  200.0	  100.0	   55.1	    0.0	    0.0	    0.0	    5.9	    5.2	  1	 1000.0	  550.0	   55.1	    0.0	    5.9	1	  144.1	 21	    0.0	    0.0	
  162	  16.20	 -321.9	  584.0	  -43.4	 1489.6	 1365.5	    0.0	  200.0	  441.2	 1352.9	    0.0	  200.0	  100.0	   55.0	    0.0	    0.0	    0.0	    6.3	    5.2	  1	 1000.0	  550.0	   55.0	    0.0	    6.3	1	  105.6	 21	    0.0	    0.0	
  163	  16.30	 -304.5	  565.8	  -46.8	 1489.6	 1365.5	    0.0	  200.0	  441.2	 1352.9	    0.0	  200.0	  100.0	   54.9	    0.0	    0.0	    0.0	    6.7	    5.2	  1	 1000.0	  550.0	   54.9	    0.0	    6.7	1	   92.2	 21	    0.0	    0.0	
  164	  16.40	 -287.4	  550.7	  -40.5	 1472.4	 1349.4	    0.0	  200.0	  441.2	 1352.9	    0.0	  200.0	  100.0	   54.7	    0.0	    0.0	    0.0	    7.1	    5.3	  1	 1000.0	  550.0	   54.7	    0.0	    7.1	1	   81.3	 21	    0.0	    0.0	
  165	  16.50	 -285.4	  548.9	   -0.0	 1472.4	 1349.4	    0.0	  200.0	  441.2	 1352.9	    0.0	  200.0	  100.0	   54.6	    0.0	    0.0	    0.0	    7.4	    5.3	  1	 1000.0	  550.0	   54.6	    0.0	    7.4	1	   80.1	 21	    0.0	    0.0	
  166	  16.60	 -285.4	  548.9	    0.0	 1472.4	 1349.4	    0.0	  200.0	  441.2	 1352.9	    0.0	  200.0	  100.0	   54.5	    0.0	    0.0	    0.0	    7.8	    5.3	  1	 1000.0	  550.0	   54.5	    0.0	    7.8	1	   80.1	 21	    0.0	    0.0	
  167	  16.70	 -285.4	  548.9	    0.0	 1472.4	 1349.4	    0.0	  200.0	  441.2	 1352.9	    0.0	  200.0	  100.0	   54.4	    0.0	    0.0	    0.0	    8.2	    5.4	  1	 1000.0	  550.0	   54.4	    0.0	    8.2	1	   80.1	 21	    0.0	    0.0	
  168	  16.80	 -285.4	  548.9	    0.0	 1472.4	 1349.4	    0.0	  200.0	  441.2	 1352.9	    0.0	  200.0	  100.0	   54.2	    0.0	    0.0	    0.0	    8.5	    5.4	  1	 1000.0	  550.0	   54.2	    0.0	    8.5	1	   80.1	 21	    0.0	    0.0	
  169	  16.90	 -285.4	  548.9	    0.0	 1464.1	 1312.6	    0.0	  200.0	  441.2	 1352.9	    0.0	  200.0	  100.0	   54.1	    0.0	    0.0	    0.0	    8.9	    5.5	  1	 1000.0	  550.0	   54.1	    0.0	    8.9	1	   80.1	 21	  580.9	-1191.0	
  170	  17.00	 -285.4	  548.9	   23.6	 1464.1	 1312.6	    0.0	  200.0	  441.2	 1352.9	    0.0	  200.0	  100.0	   54.0	    0.0	    0.0	    0.0	    9.2	    5.5	  1	 1000.0	  550.0	   54.0	    0.0	    9.2	1	   80.1	 21	  591.2	-1087.6	
  171	  17.10	 -285.4	  548.9	   23.6	 1464.1	 1312.6	    0.0	  200.0	  441.2	 1352.9	    0.0	  200.0	  100.0	   53.8	    0.0	    0.0	    0.0	    9.6	    5.6	  1	 1000.0	  550.0	   53.8	    0.0	    9.6	1	   80.1	 21	  601.1	 -989.0	
  172	  17.20	 -285.4	  548.9	   23.6	 1464.1	 1312.6	    0.0	  200.0	  441.2	 1352.9	    0.0	  200.0	  100.0	   53.7	    0.0	    0.0	    0.0	   10.0	    5.6	  1	 1000.0	  550.0	   53.7	    0.0	   10.0	1	   80.1	 21	  610.5	 -894.7	
  173	  17.30	 -285.4	  548.9	   23.6	 1464.1	 1312.6	    0.0	  200.0	  441.2	 1352.9	    0.0	  200.0	  100.0	   53.6	    0.0	    0.0	    0.0	   10.3	    5.6	  1	 1000.0	  550.0	   53.6	    0.0	   10.3	1	   80.1	 21	 1280.7	 -119.3	
  174	  17.40	 -285.4	  548.9	   23.6	 1464.1	 1312.6	    0.0	  200.0	  441.2	 1352.9	    0.0	  200.0	  100.0	   53.4	    0.0	    0.0	    0.0	   10.7	    5.7	  1	 1000.0	  550.0	   53.4	    0.0	   10.7	1	   80.1	 21	 1285.4	 -114.6	
  175	  17.50	 -285.4	  548.9	   23.6	 1464.1	 1312.6	    0.0	  200.0	  441.2	 1352.9	    0.0	  200.0	  100.0	   53.3	    0.0	    0.0	    0.0	   11.0	    5.7	  1	 1000.0	  550.0	   53.3	    0.0	   11.0	1	   80.1	 21	 1290.5	 -109.5	
  176	  17.60	 -285.4	  548.9	   23.6	 1464.1	 1312.6	    0.0	  200.0	  441.2	 1352.9	    0.0	  200.0	  100.0	   53.2	    0.0	    0.0	    0.0	   11.4	    5.8	  1	 1000.0	  550.0	   53.2	    0.0	   11.4	1	   80.1	 21	 1295.6	 -104.4	
  177	  17.70	 -285.4	  548.9	   23.6	 1464.1	 1312.6	    0.0	  200.0	  441.2	 1352.9	    0.0	  200.0	  100.0	   53.0	    0.0	    0.0	    0.0	   11.8	    5.8	  1	 1000.0	  550.0	   53.0	    0.0	   11.8	1	   80.1	 21	 1301.0	  -99.0	
  178	  17.80	 -285.4	  548.9	   23.6	 1464.1	 1312.6	    0.0	  200.0	  441.2	 1352.9	    0.0	  200.0	  100.0	   52.9	    0.0	    0.0	    0.0	   12.1	    5.9	  1	 1000.0	  550.0	   52.9	    0.0	   12.1	1	   80.1	 21	 1306.3	  -93.7	
  179	  17.90	 -285.4	  548.9	   23.6	 1464.1	 1312.6	    0.0	  200.0	  441.2	 1352.9	    0.0	  200.0	  100.0	   52.8	    0.0	    0.0	    0.0	   12.5	    5.9	  1	 1000.0	  550.0	   52.8	    0.0	   12.5	1	   80.1	 21	 1311.4	  -88.6	
  180	  18.00	 -285.4	  548.9	   23.6	 1464.1	 1312.6	    0.0	  200.0	  441.2	 1352.9	    0.0	  200.0	  100.0	   52.6	    0.0	    0.0	    0.0	   12.8	    6.0	  1	 1000.0	  550.0	   52.6	    0.0	   12.8	1	   80.1	 21	 1316.5	  -83.5	
  181	  18.10	 -285.4	  548.9	   23.6	 1464.1	 1312.6	    0.0	  200.0	  441.2	 1352.9	    0.0	  200.0	  100.0	   52.5	    0.0	    0.0	    0.0	   13.2	    6.0	  1	 1000.0	  550.0	   52.5	    0.0	   13.2	1	   80.1	 21	 1321.5	  -78.5	
  182	  18.20	 -285.4	  548.9	   23.6	 1446.7	 1260.1	    0.0	  200.0	  441.2	 1352.9	    0.0	  200.0	  100.0	   52.3	    0.0	    0.0	    0.0	   13.6	    6.1	  1	 1000.0	  500.0	   52.3	    0.0	   13.6	1	  100.2	 21	 1357.5	  -42.5	
  183	  18.30	 -266.8	  539.7	  -26.5	 1446.7	 1260.1	    0.0	  200.0	  441.2	 1352.9	    0.0	  200.0	  100.0	   52.2	    0.0	    0.0	    0.0	   13.9	    6.1	  1	 1000.0	  500.0	   52.2	    0.0	   13.9	1	   92.3	 21	 1347.0	  -53.0	
  184	  18.40	 -246.8	  530.9	  -23.0	 1446.7	 1260.1	    0.0	  200.0	  441.2	 1352.9	    0.0	  200.0	  100.0	   52.0	    0.0	    0.0	    0.0	   14.2	    6.1	  1	 1000.0	  500.0	   52.0	    0.0	   14.2	1	   84.6	 21	 1351.2	  -48.8	
  185	  18.50	 -244.2	  529.8	   23.3	 1446.7	 1260.1	    0.0	  200.0	  441.2	 1352.9	    0.0	  200.0	  100.0	   51.9	    0.0	    0.0	    0.0	   14.6	    6.2	  1	 1000.0	  500.0	   51.9	    0.0	   14.6	1	   84.3	 21	 1354.2	  -45.8	
  186	  18.60	 -244.2	  529.8	   23.4	 1446.7	 1260.1	    0.0	  200.0	  441.2	 1352.9	    0.0	  200.0	  100.0	   51.7	    0.0	    0.0	    0.0	   14.9	    6.2	  1	 1000.0	  500.0	   51.7	    0.0	   14.9	1	   77.5	 21	 1356.5	  -43.5	
  187	  18.70	 -244.2	  529.8	   23.4	 1399.0	 1258.4	    0.0	  200.0	  441.2	 1352.9	    0.0	  200.0	  100.0	   51.6	    0.0	    0.0	    0.0	   15.2	    6.3	  1	 1000.0	  500.0	   51.6	    0.0	   15.2	1	   81.6	 21	 1362.0	  -38.0	
  188	  18.80	 -244.2	  529.8	   23.9	 1399.0	 1258.4	    0.0	  200.0	  441.2	 1352.9	    0.0	  200.0	  100.0	   51.4	    0.0	    0.0	    0.0	   15.6	    6.3	  1	 1000.0	  500.0	   51.4	    0.0	   15.6	1	   82.2	 21	 1364.0	  -36.0	
  189	  18.90	 -244.2	  529.8	   23.9	 1399.0	 1258.4	    0.0	  200.0	  441.2	 1352.9	    0.0	  200.0	  100.0	   51.2	    0.0	    0.0	    0.0	   15.9	    6.4	  1	 1000.0	  500.0	   51.2	    0.0	   15.9	1	   82.7	 21	 1366.0	  -34.0	
  190	  19.00	 -244.2	  529.8	   23.9	 1399.0	 1258.4	    0.0	  200.0	  441.2	 1352.9	    0.0	  200.0	  100.0	   51.1	    0.0	    0.0	    0.0	   16.2	    6.4	  1	 1000.0	  500.0	   51.1	    0.0	   16.2	1	   83.3	 21	 1368.0	  -32.0	
  191	  19.10	 -244.2	  529.8	   23.9	 1399.0	 1258.4	    0.0	  200.0	  441.2	 1352.9	    0.0	  200.0	  100.0	   50.9	    0.0	    0.0	    0.0	   16.5	    6.5	  1	 1000.0	  500.0	   50.9	    0.0	   16.5	1	   83.9	 21	 1370.0	  -30.0	
  192	  19.20	 -244.2	  529.8	   23.9	 1399.0	 1258.4	    0.0	  200.0	  441.2	 1352.9	    0.0	  200.0	  100.0	   50.7	    0.0	    0.0	    0.0	   16.8	    6.5	  1	 1000.0	  500.0	   50.7	    0.0	   16.8	1	   84.5	 21	    0.0	    3.1	
  193	  19.30	 -244.2	  529.8	   23.9	 1149.0	 1385.5	    0.0	  200.0	  441.2	 1352.9	    0.0	  200.0	  100.0	   50.5	    0.0	    0.0	    0.0	   17.1	    6.6	  1	 1000.0	  750.0	   50.5	    0.0	   17.1	1	   83.5	 21	    0.0	    4.0	
  194	  19.40	 -244.2	  529.8	   31.6	 1149.0	 1385.5	    0.0	  200.0	  441.2	 1352.9	    0.0	  200.0	  100.0	   50.2	    0.0	    0.0	    0.0	   17.3	    6.6	  1	 1000.0	  750.0	   50.2	    0.0	   17.3	1	   81.8	 21	    0.0	    3.9	
  195	  19.50	 -244.2	  529.8	   31.6	 1149.0	 1385.5	    0.0	  200.0	  441.2	 1352.9	    0.0	  200.0	  100.0	   50.0	    0.0	    0.0	    0.0	   17.6	    6.7	  1	 1000.0	  750.0	   50.0	    0.0	   17.6	1	   82.1	 21	    0.0	    4.0	
  196	  19.60	 -244.2	  529.8	   31.6	 1149.0	 1385.5	    0.0	  200.0	  441.2	 1352.9	    0.0	  200.0	  100.0	   49.8	    0.0	    0.0	    0.0	   17.8	    6.7	  1	 1000.0	  750.0	   49.8	    0.0	   17.8	1	   82.4	 21	    0.0	    4.2	
  197	  19.70	 -244.2	  529.8	   31.6	 1149.0	 1385.5	    0.0	  200.0	  441.2	 1352.9	    0.0	  200.0	  100.0	   49.6	    0.0	    0.0	    0.0	   18.1	    6.8	  1	 1000.0	  750.0	   49.6	    0.0	   18.1	1	   82.6	 21	    0.0	    4.3	
  198	  19.80	 -244.2	  529.8	   31.6	 1149.0	 1385.5	    0.0	  200.0	  441.2	 1352.9	    0.0	  200.0	  100.0	   49.4	    0.0	    0.0	    0.0	   18.4	    6.8	  1	 1000.0	  750.0	   49.4	    0.0	   18.4	1	   82.9	 21	    0.0	    4.4	
  199	  19.90	 -244.2	  529.8	   31.6	 1149.0	 1385.5	    0.0	  200.0	  441.2	 1352.9	    0.0	  200.0	  100.0	   49.2	    0.0	    0.0	    0.0	   18.6	    6.9	  1	 1000.0	  750.0	   49.2	    0.0	   18.6	1	   83.2	 21	    0.0	    4.5	
  200	  20.00	 -244.2	  529.8	   31.6	 1149.0	 1385.5	    0.0	  200.0	  441.2	 1352.9	    0.0	  200.0	  100.0	   49.0	    0.0	    0.0	    0.0	   18.9	    6.9	  1	 1000.0	  750.0	   49.0	    0.0	   18.9	1	   83.5	 21	    0.0	    4.6	
  201	  20.10	 -244.2	  529.8	   31.6	 1149.0	 1385.5	    0.0	  200.0	  441.2	 1352.9	    0.0	  200.0	  100.0	   48.7	    0.0	    0.0	    0.0	   19.1	    7.0	  1	 1000.0	  750.0	   48.7	    0.0	   19.1	1	   83.8	 21	    0.0	    4.7	
  202	  20.20	 -244.2	  529.8	   31.6	 1149.0	 1385.5	    0.0	  200.0	  441.2	 1352.9	    0.0	  200.0	  100.0	   48.5	    0.0	    0.0	    0.0	   19.4	    7.0	  1	 1000.0	  750.0	   48.5	    0.0	   19.4	1	   84.1	 21	    0.0	    4.8	
  203	  20.30	 -244.2	  529.8	   31.6	 1149.0	 1385.5	    0.0	  200.0	  441.2	 1352.9	    0.0	  200.0	  100.0	   48.3	    0.0	    0.0	    0.0	   19.6	    7.1	  1	 1000.0	  750.0	   48.3	    0.0	   19.6	1	   84.3	 21	    0.0	    5.0	
  204	  20.40	 -244.2	  529.8	   31.6	 1149.0	 1385.5	    0.0	  200.0	  441.2	 1352.9	    0.0	  200.0	  100.0	   48.1	    0.0	    0.0	    0.0	   19.9	    7.1	  1	 1000.0	  750.0	   48.1	    0.0	   19.9	1	   84.6	 21	    0.0	    5.1	
  205	  20.50	 -244.2	  529.8	   31.6	 1149.0	 1385.5	    0.0	  200.0	  441.2	 1352.9	    0.0	  200.0	  100.0	   47.9	    0.0	    0.0	    0.0	   20.1	    7.2	  1	 1000.0	  750.0	   47.9	    0.0	   20.1	1	   84.9	 21	    0.0	    5.2	
  206	  20.60	 -244.2	  529.8	   31.6	 1149.0	 1385.5	    0.0	  200.0	  441.2	 1352.9	    0.0	  200.0	  100.0	   47.7	    0.0	    0.0	    0.0	   20.4	    7.2	  1	 1000.0	  750.0	   47.7	    0.0	   20.4	1	   85.2	 21	    0.0	    5.3	
  207	  20.70	 -244.2	  529.8	   31.6	 1149.0	 1385.5	    0.0	  200.0	  441.2	 1352.9	    0.0	  200.0	  100.0	   47.4	    0.0	    0.0	    0.0	   20.6	    7.3	  1	 1000.0	  750.0	   47.4	    0.0	   20.6	1	   85.5	 21	    0.0	    5.4	
  208	  20.80	 -244.2	  529.8	   31.6	 1149.0	 1385.5	    0.0	  200.0	  441.2	 1352.9	    0.0	  200.0	  100.0	   47.2	    0.0	    0.0	    0.0	   20.9	    7.3	  1	 1000.0	  750.0	   47.2	    0.0	   20.9	1	   85.8	 21	    0.0	    5.5	
  209	  20.90	 -244.2	  529.8	   31.6	 1149.0	 1385.5	    0.0	  200.0	  441.2	 1352.9	    0.0	  200.0	  100.0	   47.0	    0.0	    0.0	    0.0	   21.1	    7.4	  1	 1000.0	  750.0	   47.0	    0.0	   21.1	1	   86.0	 21	    0.0	    5.6	
  210	  21.00	 -244.2	  529.8	   31.6	 1149.0	 1385.5	    0.0	  200.0	  441.2	 1352.9	    0.0	  200.0	  100.0	   46.8	    0.0	    0.0	    0.0	   21.4	    7.4	  1	 1000.0	  750.0	   46.8	    0.0	   21.4	1	   86.3	 21	    0.0	    5.8	
  211	  21.10	 -244.2	  529.8	   31.6	 1149.0	 1385.5	    0.0	  200.0	  441.2	 1352.9	    0.0	  200.0	  100.0	   46.6	    0.0	    0.0	    0.0	   21.6	    7.5	  1	 1000.0	  750.0	   46.6	    0.0	   21.6	1	   86.6	 21	    0.0	    5.9	
  212	  21.20	 -244.2	  529.8	   31.6	 1149.0	 1385.5	    0.0	  200.0	  585.0	 1319.6	    0.0	  200.0	  100.0	   46.4	    0.0	    0.0	    0.0	   21.8	    7.5	  1	 1000.0	  850.0	   46.4	    0.0	   21.8	1	  110.4	 21	    0.0	    6.1	
  213	  21.30	 -222.7	  524.3	  -14.3	 1149.0	 1385.5	    0.0	  200.0	  585.0	 1319.6	    0.0	  200.0	  100.0	   46.1	    0.0	    0.0	    0.0	   22.0	    7.6	  1	 1000.0	  850.0	   46.1	    0.0	   22.0	1	  103.3	 21	    0.0	    6.1	
  214	  21.40	 -198.0	  518.8	  -12.4	 1149.0	 1385.5	    0.0	  200.0	  585.0	 1319.6	    0.0	  200.0	  100.0	   45.9	    0.0	    0.0	    0.0	   22.3	    7.6	  1	 1000.0	  850.0	   45.9	    0.0	   22.3	1	   88.1	 21	    0.0	    5.6	
  215	  21.50	 -195.0	  518.1	   32.8	 1149.0	 1385.5	    0.0	  200.0	  585.0	 1319.6	    0.0	  200.0	  100.0	   45.7	    0.0	    0.0	    0.0	   22.5	    7.7	  1	 1000.0	  850.0	   45.7	    0.0	   22.5	1	   86.6	 21	    0.0	    5.7	
  216	  21.60	 -195.0	  518.1	   32.8	 1149.0	 1385.5	    0.0	  200.0	  585.0	 1319.6	    0.0	  200.0	  100.0	   45.5	    0.0	    0.0	    0.0	   22.7	    7.7	  1	 1000.0	  850.0	   45.5	    0.0	   22.7	1	   86.8	 21	    0.0	    5.8	
  217	  21.70	 -195.0	  518.1	   32.8	 1149.0	 1385.5	    0.0	  200.0	  477.0	 1326.0	    0.0	  200.0	  100.0	   45.2	    0.0	    0.0	    0.0	   26.0	    7.8	  1	 1000.0	  650.0	   45.2	    0.0	   26.0	1	   50.5	 21	    0.0	    0.0	
  218	  21.80	 -195.0	  518.1	   32.8	 1149.0	 1385.5	    0.0	  200.0	  477.0	 1326.0	    0.0	  200.0	  100.0	   45.0	    0.0	    0.0	    0.0	   26.3	    7.8	  1	 1000.0	  650.0	   45.0	    0.0	   26.3	1	   53.7	 21	  640.4	 -596.3	
  219	  21.90	 -195.0	  518.1	   32.8	 1149.0	 1385.5	    0.0	  200.0	  477.0	 1326.0	    0.0	  200.0	  100.0	   44.8	    0.0	    0.0	    0.0	   26.5	    7.9	  1	 1000.0	  650.0	   44.8	    0.0	   26.5	1	   54.0	 21	  645.3	 -546.5	
  220	  22.00	 -195.0	  518.1	   32.8	 1149.0	 1385.5	    0.0	  200.0	  477.0	 1326.0	    0.0	  200.0	  100.0	   44.6	    0.0	    0.0	    0.0	   26.8	    7.9	  1	 1000.0	  650.0	   44.6	    0.0	   26.8	1	   54.2	 21	  649.6	 -503.6	
  221	  22.10	 -195.0	  518.1	   32.8	  440.0	 1308.1	    0.0	  200.0	  477.0	 1326.0	    0.0	  200.0	  100.0	   44.1	    0.0	    0.0	    0.0	   26.8	    7.9	  1	 -450.0	  500.0	   44.1	    0.0	   26.8	1	  234.2	 21	  557.0	-1429.9	
  222	  22.20	 -213.9	  516.8	 -175.9	  440.0	 1308.1	    0.0	  200.0	  477.0	 1326.0	    0.0	  200.0	  100.0	   43.7	    0.0	    0.0	    0.0	   26.7	    8.0	  1	 -350.0	  500.0	   43.7	    0.0	   26.7	1	  123.9	 21	  579.1	-1208.8	
  223	  22.30	 -242.6	  513.3	 -172.8	  440.0	 1308.1	    0.0	  200.0	  477.0	 1326.0	    0.0	  200.0	  100.0	   43.4	    0.0	    0.0	    0.0	   26.7	    8.0	  1	 -350.0	  500.0	   43.4	    0.0	   26.7	1	  100.5	 21	  590.5	-1094.7	
  224	  22.40	 -267.1	  510.3	 -173.0	  440.0	 1308.1	    0.0	  200.0	  477.0	 1326.0	    0.0	  200.0	  100.0	   43.0	    0.0	    0.0	    0.0	   26.7	    8.1	  1	 -450.0	  500.0	   43.0	    0.0	   26.7	1	  165.2	 21	  601.3	 -986.9	
  225	  22.50	 -305.2	  507.9	 -176.8	  440.0	 1308.1	    0.0	  200.0	  477.0	 1326.0	    0.0	  200.0	  100.0	   42.6	    0.0	    0.0	    0.0	   26.7	    8.1	  1	 -450.0	  500.0	   42.6	    0.0	   26.7	1	  131.7	 21	  612.1	 -878.6	
  226	  22.60	 -337.3	  506.2	 -176.8	  432.6	 1303.8	    0.0	  200.0	  477.0	 1326.0	    0.0	  200.0	  100.0	   42.3	    0.0	    0.0	    0.0	   26.7	    8.2	  1	 -450.0	  500.0	   42.3	    0.0	   26.7	1	  102.1	 21	  620.4	 -795.6	
  227	  22.70	 -363.1	  504.7	 -176.8	  432.6	 1303.8	    0.0	  200.0	  477.0	 1326.0	    0.0	  200.0	  100.0	   41.9	    0.0	    0.0	    0.0	   26.7	    8.2	  1	 -450.0	  500.0	   41.9	    0.0	   26.7	1	   82.5	 21	  628.5	 -714.5	
  228	  22.80	 -367.0	  504.5	 -176.9	  432.6	 1303.8	    0.0	  200.0	  477.0	 1326.0	    0.0	  200.0	  100.0	   41.6	    0.0	    0.0	    0.0	   26.6	    8.3	  1	 -450.0	  500.0	   41.6	    0.0	   26.6	1	   74.7	 21	  635.3	 -647.4	
  229	  22.90	 -367.0	  504.5	 -176.9	  432.6	 1303.8	    0.0	  200.0	  477.0	 1326.0	    0.0	  200.0	  100.0	   41.2	    0.0	    0.0	    0.0	   26.6	    8.3	  1	 -450.0	  500.0	   41.2	    0.0	   26.6	1	   74.7	 21	  641.7	 -582.7	
  230	  23.00	 -367.0	  504.5	 -176.9	  432.6	 1303.8	    0.0	  200.0	  477.0	 1326.0	    0.0	  200.0	  100.0	   40.9	    0.0	    0.0	    0.0	   26.6	    8.4	  1	 -450.0	  500.0	   40.9	    0.0	   26.6	1	   74.7	 21	  647.3	 -527.4	
  231	  23.10	 -367.0	  504.5	 -176.9	  437.6	 1301.1	    0.0	  200.0	  477.0	 1326.0	    0.0	  200.0	  100.0	   40.5	    0.0	    0.0	    0.0	   26.6	    8.5	  1	 -450.0	  500.0	   40.5	    0.0	   26.6	1	   74.7	 21	  652.5	 -474.9	
  232	  23.20	 -367.0	  504.5	 -176.9	  437.6	 1301.1	    0.0	  200.0	  477.0	 1326.0	    0.0	  200.0	  100.0	   40.2	    0.0	    0.0	    0.0	   26.6	    8.5	  1	 -450.0	  500.0	   40.2	    0.0	   26.6	1	   74.7	 21	  656.9	 -431.0	
  233	  23.30	 -367.0	  504.5	 -176.9	  437.6	 1301.1	    0.0	  200.0	  477.0	 1326.0	    0.0	  200.0	  100.0	   39.8	    0.0	    0.0	    0.0	   26.5	    8.6	  1	 -450.0	  500.0	   39.8	    0.0	   26.5	1	   74.7	 21	  661.3	 -387.2	
  234	  23.40	 -367.0	  504.5	 -176.9	  437.6	 1301.1	    0.0	  200.0	  477.0	 1326.0	    0.0	  200.0	  100.0	   39.5	    0.0	    0.0	    0.0	   26.5	    8.6	  1	 -450.0	  500.0	   39.5	    0.0	   26.5	1	   74.7	 21	  664.9	 -350.7	
  235	  23.50	 -367.0	  504.5	 -176.9	  438.5	 1303.7	    0.0	  200.0	  477.0	 1326.0	    0.0	  200.0	  100.0	   39.1	    0.0	    0.0	    0.0	   26.5	    8.7	  1	 -450.0	  500.0	   39.1	    0.0	   26.5	1	   74.7	 21	  668.5	 -315.2	
  236	  23.60	 -367.0	  504.5	 -176.9	  438.5	 1303.7	    0.0	  200.0	  477.0	 1326.0	    0.0	  200.0	  100.0	   38.8	    0.0	    0.0	    0.0	   26.5	    8.7	  1	 -450.0	  500.0	   38.8	    0.0	   26.5	1	   74.7	 21	  671.4	 -286.4	
  237	  23.70	 -367.0	  504.5	 -176.9	  437.6	 1304.0	    0.0	  200.0	  477.0	 1326.0	    0.0	  200.0	  100.0	   38.4	    0.0	    0.0	    0.0	   26.5	    8.8	  1	 -450.0	  500.0	   38.4	    0.0	   26.5	1	   74.7	 21	  674.3	 -256.8	
  238	  23.80	 -367.0	  504.5	 -176.9	  437.6	 1304.0	    0.0	  200.0	  477.0	 1326.0	    0.0	  200.0	  100.0	   38.1	    0.0	    0.0	    0.0	   26.4	    8.8	  1	 -450.0	  500.0	   38.1	    0.0	   26.4	1	   74.7	 21	  676.6	 -233.6	
  239	  23.90	 -367.0	  504.5	 -176.9	  437.6	 1304.0	    0.0	  200.0	  477.0	 1326.0	    0.0	  200.0	  100.0	   37.7	    0.0	    0.0	    0.0	   26.4	    8.9	  1	 -450.0	  500.0	   37.7	    0.0	   26.4	1	   74.7	 21	  679.1	 -209.4	
  240	  24.00	 -367.0	  504.5	 -176.9	  437.6	 1304.0	    0.0	  200.0	  477.0	 1326.0	    0.0	  200.0	  100.0	   37.4	    0.0	    0.0	    0.0	   26.4	    8.9	  1	 -450.0	  500.0	   37.4	    0.0	   26.4	1	   74.7	 21	 1210.0	 -190.0	
  241	  24.10	 -367.0	  504.5	 -176.9	  437.6	 1304.0	    0.0	  200.0	  477.0	 1326.0	    0.0	  200.0	  100.0	   37.0	    0.0	    0.0	    0.0	   26.4	    9.0	  1	 -450.0	  500.0	   37.0	    0.0	   26.4	1	   74.7	 21	 1389.6	   19.0	
  242	  24.20	 -367.0	  504.5	 -176.9	  430.2	 1302.7	    0.0	  200.0	  477.0	 1326.0	    0.0	  200.0	  100.0	   36.7	    0.0	    0.0	    0.0	   26.4	    9.0	  1	 -450.0	  500.0	   36.7	    0.0	   26.4	1	   74.7	 21	 1389.4	   18.9	
  243	  24.30	 -367.0	  504.5	 -176.9	  430.2	 1302.7	    0.0	  200.0	  477.0	 1326.0	    0.0	  200.0	  100.0	   36.3	    0.0	    0.0	    0.0	   26.3	    9.1	  1	 -450.0	  500.0	   36.3	    0.0	   26.3	1	   74.7	 21	 1389.1	   18.9	
  244	  24.40	 -367.0	  504.5	 -176.9	  431.1	 1302.4	    0.0	  200.0	  477.0	 1326.0	    0.0	  200.0	  100.0	   35.9	    0.0	    0.0	    0.0	   26.3	    9.1	  1	 -450.0	  500.0	   35.9	    0.0	   26.3	1	   74.7	 21	 1388.7	   18.9	
  245	  24.50	 -367.0	  504.5	 -176.9	  431.1	 1302.4	    0.0	  200.0	  477.0	 1326.0	    0.0	  200.0	  100.0	   35.6	    0.0	    0.0	    0.0	   26.3	    9.2	  1	 -450.0	  500.0	   35.6	    0.0	   26.3	1	   74.7	 21	 1388.4	   18.8	
  246	  24.60	 -367.0	  504.5	 -176.9	  431.1	 1302.4	    0.0	  200.0	  477.0	 1326.0	    0.0	  200.0	  100.0	   35.2	    0.0	    0.0	    0.0	   26.3	    9.2	  1	 -450.0	  500.0	   35.2	    0.0	   26.3	1	   74.7	 21	 1388.1	   18.8	
  247	  24.70	 -367.0	  504.5	 -176.9	  431.1	 1302.4	    0.0	  200.0	  477.0	 1326.0	    0.0	  200.0	  100.0	   34.9	    0.0	    0.0	    0.0	   26.2	    9.3	  1	 -450.0	  500.0	   34.9	    0.0	   26.2	1	   74.7	 21	 1387.8	   18.8	
  248	  24.80	 -367.0	  504.5	 -176.9	  431.1	 1302.4	    0.0	  200.0	  477.0	 1326.0	    0.0	  200.0	  100.0	   34.5	    0.0	    0.0	    0.0	   26.2	    9.3	  1	 -450.0	  500.0	   34.5	    0.0	   26.2	1	   74.7	 21	 1387.4	   18.7	
  249	  24.90	 -367.0	  504.5	 -176.9	  426.4	 1295.3	    0.0	  200.0	  477.0	 1326.0	    0.0	  200.0	  100.0	   34.2	    0.0	    0.0	    0.0	   26.2	    9.4	  1	 -450.0	  500.0	   34.2	    0.0	   26.2	1	   74.7	 21	 1387.4	   18.7	
  250	  25.00	 -367.0	  504.5	 -176.9	  426.4	 1295.3	    0.0	  200.0	  477.0	 1326.0	    0.0	  200.0	  100.0	   33.8	    0.0	    0.0	    0.0	   26.2	    9.4	  1	 -450.0	  500.0	   33.8	    0.0	   26.2	1	   74.7	 21	 1387.1	   18.7	
  251	  25.10	 -367.0	  504.5	 -176.9	  426.4	 1295.3	    0.0	  200.0	  477.0	 1326.0	    0.0	  200.0	  100.0	   33.5	    0.0	    0.0	    0.0	   26.1	    9.5	  1	 -450.0	  500.0	   33.5	    0.0	   26.1	1	   74.7	 21	 1386.8	   18.7	
  252	  25.20	 -367.0	  504.5	 -176.9	  426.4	 1295.3	    0.0	  200.0	  477.0	 1326.0	    0.0	  200.0	  100.0	   33.1	    0.0	    0.0	    0.0	   26.1	    9.5	  1	 -450.0	  500.0	   33.1	    0.0	   26.1	1	   74.7	 21	 1386.5	   18.7	
  253	  25.30	 -367.0	  504.5	 -176.9	  426.4	 1295.3	    0.0	  200.0	  477.0	 1326.0	    0.0	  200.0	  100.0	   32.8	    0.0	    0.0	    0.0	   26.1	    9.6	  1	 -450.0	  500.0	   32.8	    0.0	   26.1	1	   74.7	 21	 1386.2	   18.6	
  254	  25.40	 -367.0	  504.5	 -176.9	  426.4	 1295.3	    0.0	  200.0	  477.0	 1326.0	    0.0	  200.0	  100.0	   32.4	    0.0	    0.0	    0.0	   26.1	    9.6	  1	 -450.0	  500.0	   32.4	    0.0	   26.1	1	   74.7	 21	 1385.9	   18.6	
  255	  25.50	 -367.0	  504.5	 -176.9	  426.4	 1295.3	    0.0	  200.0	  477.0	 1326.0	    0.0	  200.0	  100.0	   32.1	    0.0	    0.0	    0.0	   26.0	    9.7	  1	 -450.0	  500.0	   32.1	    0.0	   26.0	1	   74.7	 21	 1385.7	   18.6	
  256	  25.60	 -367.0	  504.5	 -176.9	  426.4	 1295.3	    0.0	  200.0	  477.0	 1326.0	    0.0	  200.0	  100.0	   31.7	    0.0	    0.0	    0.0	   26.0	    9.7	  1	 -450.0	  500.0	   31.7	    0.0	   26.0	1	   74.7	 21	 1385.4	   18.5	
  257	  25.70	 -367.0	  504.5	 -176.9	  426.4	 1295.3	    0.0	  200.0	  477.0	 1326.0	    0.0	  200.0	  100.0	   31.3	    0.0	    0.0	    0.0	   26.0	    9.8	  1	 -450.0	  500.0	   31.3	    0.0	   26.0	1	   74.7	 21	 1385.2	   18.5	
  258	  25.80	 -367.0	  504.5	 -176.9	  426.4	 1295.3	    0.0	  200.0	  477.0	 1326.0	    0.0	  200.0	  100.0	   31.0	    0.0	    0.0	    0.0	   26.0	    9.9	  1	 -450.0	  500.0	   31.0	    0.0	   26.0	1	   74.7	 21	 1384.9	   18.5	
  259	  25.90	 -367.0	  504.5	 -176.9	  426.4	 1295.3	    0.0	  200.0	  477.0	 1326.0	    0.0	  200.0	  100.0	   30.6	    0.0	    0.0	    0.0	   25.9	    9.9	  1	 -450.0	  500.0	   30.6	    0.0	   25.9	1	   74.7	 21	 1384.7	   18.5	
  260	  26.00	 -367.0	  504.5	 -176.9	  426.4	 1295.3	    0.0	  200.0	  477.0	 1326.0	    0.0	  200.0	  100.0	   30.3	    0.0	    0.0	    0.0	   25.9	   10.0	  1	 -450.0	  500.0	   30.3	    0.0	   25.9	1	   74.7	 21	 1384.4	   18.4	
  261	  26.10	 -367.0	  504.5	 -176.9	  426.4	 1295.3	    0.0	  200.0	  477.0	 1326.0	    0.0	  200.0	  100.0	   29.9	    0.0	    0.0	    0.0	   25.9	   10.0	  1	 -450.0	  500.0	   29.9	    0.0	   25.9	1	   74.7	 21	 1384.2	   18.4	
  262	  26.20	 -367.0	  504.5	 -176.9	  426.4	 1295.3	    0.0	  200.0	  477.0	 1326.0	    0.0	  200.0	  100.0	   29.6	    0.0	    0.0	    0.0	   25.9	   10.1	  1	 -450.0	  500.0	   29.6	    0.0	   25.9	1	   74.7	 21	 1384.0	   18.4	
  263	  26.30	 -367.0	  504.5	 -176.9	  426.4	 1295.3	    0.0	  200.0	  477.0	 1326.0	    0.0	  200.0	  100.0	   29.2	    0.0	    0.0	    0.0	   25.8	   10.1	  1	 -450.0	  500.0	   29.2	    0.0	   25.8	1	   74.7	 21	 1383.8	   18.4	
  264	  26.40	 -367.0	  504.5	 -176.9	  426.4	 1295.3	    0.0	  200.0	  477.0	 1326.0	    0.0	  200.0	  100.0	   28.9	    0.0	    0.0	    0.0	   25.8	   10.2	  1	 -450.0	  500.0	   28.9	    0.0	   25.8	1	   74.7	 21	 1383.6	   18.4	
  265	  26.50	 -367.0	  504.5	 -176.9	  426.4	 1295.3	    0.0	  200.0	  477.0	 1326.0	    0.0	  200.0	  100.0	   28.5	    0.0	    0.0	    0.0	   25.8	   10.2	  1	 -450.0	  500.0	   28.5	    0.0	   25.8	1	   74.7	 21	 1383.5	   18.3	
  266	  26.60	 -367.0	  504.5	 -176.9	  426.4	 1295.3	    0.0	  200.0	  477.0	 1326.0	    0.0	  200.0	  100.0	   28.1	    0.0	    0.0	    0.0	   25.8	   10.3	  1	 -450.0	  500.0	   28.1	    0.0	   25.8	1	   74.7	 21	 1383.3	   18.3	
  267	  26.70	 -367.0	  504.5	 -176.9	  426.4	 1295.3	    0.0	  200.0	  477.0	 1326.0	    0.0	  200.0	  100.0	   27.8	    0.0	    0.0	    0.0	   25.7	   10.3	  1	 -450.0	  500.0	   27.8	    0.0	   25.7	1	   74.7	 21	 1383.1	   18.3	
  268	  26.80	 -367.0	  504.5	 -176.9	  426.4	 1295.3	    0.0	  200.0	  477.0	 1326.0	    0.0	  200.0	  100.0	   27.4	    0.0	    0.0	    0.0	   25.7	   10.4	  1	 -450.0	  500.0	   27.4	    0.0	   25.7	1	   74.7	 21	 1383.0	   18.3	
  269	  26.90	 -367.0	  504.5	 -176.9	  426.4	 1295.3	    0.0	  200.0	  477.0	 1326.0	    0.0	  200.0	  100.0	   27.1	    0.0	    0.0	    0.0	   25.7	   10.4	  1	 -450.0	  500.0	   27.1	    0.0	   25.7	1	   74.7	 21	 1382.8	   18.3	
  270	  27.00	 -367.0	  504.5	 -176.9	  426.4	 1295.3	    0.0	  200.0	  477.0	 1326.0	    0.0	  200.0	  100.0	   26.7	    0.0	    0.0	    0.0	   25.7	   10.5	  1	 -450.0	  500.0	   26.7	    0.0	   25.7	1	   74.7	 21	 1382.7	   18.3	
  271	  27.10	 -367.0	  504.5	 -176.9	  426.4	 1295.3	    0.0	  200.0	  477.0	 1326.0	    0.0	  200.0	  100.0	   26.4	    0.0	    0.0	    0.0	   25.6	   10.5	  1	 -450.0	  500.0	   26.4	    0.0	   25.6	1	   74.7	 21	 1382.6	   18.3	
  272	  27.20	 -367.0	  504.5	 -176.9	  426.4	 1295.3	    0.0	  200.0	  477.0	 1326.0	    0.0	  200.0	  100.0	   26.0	    0.0	    0.0	    0.0	   25.6	   10.6	  1	 -450.0	  500.0	   26.0	    0.0	   25.6	1	   74.7	 21	 1382.5	   18.2	
  273	  27.30	 -367.0	  504.5	 -176.9	  426.4	 1295.3	    0.0	  200.0	  477.0	 1326.0	    0.0	  200.0	  100.0	   25.7	    0.0	    0.0	    0.0	   25.6	   10.6	  1	 -450.0	  500.0	   25.7	    0.0	   25.6	1	   74.7	 21	 1382.4	   18.2	
  274	  27.40	 -367.0	  504.5	 -176.9	  426.4	 1295.3	    0.0	  200.0	  477.0	 1326.0	    0.0	  200.0	  100.0	   25.3	    0.0	    0.0	    0.0	   25.6	   10.7	  1	 -450.0	  500.0	   25.3	    0.0	   25.6	1	   74.7	 21	 1382.3	   18.2	
  275	  27.50	 -367.0	  504.5	 -176.9	  426.4	 1295.3	    0.0	  200.0	  477.0	 1326.0	    0.0	  200.0	  100.0	   25.0	    0.0	    0.0	    0.0	   25.5	   10.7	  1	 -450.0	  500.0	   25.0	    0.0	   25.5	1	   74.7	 21	 1382.2	   18.2	
  276	  27.60	 -367.0	  504.5	 -176.9	  426.4	 1295.3	    0.0	  200.0	  477.0	 1326.0	    0.0	  200.0	  100.0	   24.6	    0.0	    0.0	    0.0	   25.5	   10.8	  1	 -450.0	  500.0	   24.6	    0.0	   25.5	1	   74.7	 21	 1382.2	   18.2	
  277	  27.70	 -367.0	  504.5	 -176.9	  426.4	 1295.3	    0.0	  200.0	  477.0	 1326.0	    0.0	  200.0	  100.0	   24.2	    0.0	    0.0	    0.0	   25.5	   10.8	  1	 -450.0	  500.0	   24.2	    0.0	   25.5	1	   74.7	 21	 1382.1	   18.2	
  278	  27.80	 -367.0	  504.5	 -176.9	  426.4	 1295.3	    0.0	  200.0	  477.0	 1326.0	    0.0	  200.0	  100.0	   23.9	    0.0	    0.0	    0.0	   25.4	   10.9	  1	 -450.0	  500.0	   23.9	    0.0	   25.4	1	   74.7	 21	 1382.1	   18.2	
  279	  27.90	 -367.0	  504.5	 -176.9	  426.4	 1295.3	    0.0	  200.0	  477.0	 1326.0	    0.0	  200.0	  100.0	   23.5	    0.0	    0.0	    0.0	   25.4	   11.0	  1	 -450.0	  500.0	   23.5	    0.0	   25.4	1	   74.7	 21	 1382.1	   18.2	
  280	  28.00	 -367.0	  504.5	 -176.9	  426.4	 1295.3	    0.0	  200.0	  477.0	 1326.0	    0.0	  200.0	  100.0	   23.2	    0.0	    0.0	    0.0	   25.4	   11.0	  1	 -450.0	  500.0	   23.2	    0.0	   25.4	1	   74.7	 21	 1382.1	   18.2	
  281	  28.10	 -367.0	  504.5	 -176.9	  426.4	 1295.3	    0.0	  200.0	  477.0	 1326.0	    0.0	  200.0	  100.0	   22.8	    0.0	    0.0	    0.0	   25.4	   11.1	  1	 -450.0	  500.0	   22.8	    0.0	   25.4	1	   74.7	 21	 1382.1	   18.2	
  282	  28.20	 -367.0	  504.5	 -176.9	  426.4	 1295.3	    0.0	  200.0	  477.0	 1326.0	    0.0	  200.0	  100.0	   22.5	    0.0	    0.0	    0.0	   25.3	   11.1	  1	 -450.0	  500.0	   22.5	    0.0	   25.3	1	   74.7	 21	 1382.1	   18.2	
  283	  28.30	 -367.0	  504.5	 -176.9	  426.4	 1295.3	    0.0	  200.0	  477.0	 1326.0	    0.0	  200.0	  100.0	   22.1	    0.0	    0.0	    0.0	   25.3	   11.2	  1	 -450.0	  500.0	   22.1	    0.0	   25.3	1	   74.7	 21	 1382.2	   18.2	
  284	  28.40	 -367.0	  504.5	 -176.9	  426.4	 1295.3	    0.0	  200.0	  477.0	 1326.0	    0.0	  200.0	  100.0	   21.8	    0.0	    0.0	    0.0	   25.3	   11.2	  1	 -450.0	  500.0	   21.8	    0.0	   25.3	1	   74.7	 21	 1382.2	   18.2	
  285	  28.50	 -367.0	  504.5	 -176.9	  426.4	 1295.3	    0.0	  200.0	  477.0	 1326.0	    0.0	  200.0	  100.0	   21.4	    0.0	    0.0	    0.0	   25.3	   11.3	  1	 -450.0	  500.0	   21.4	    0.0	   25.3	1	   74.7	 21	 1382.3	   18.2	
  286	  28.60	 -367.0	  504.5	 -176.9	  426.4	 1295.3	    0.0	  200.0	  477.0	 1326.0	    0.0	  200.0	  100.0	   21.1	    0.0	    0.0	    0.0	   25.2	   11.3	  1	 -450.0	  500.0	   21.1	    0.0	   25.2	1	   74.7	 21	 1382.4	   18.2	
  287	  28.70	 -367.0	  504.5	 -176.9	  426.4	 1295.3	    0.0	  200.0	  477.0	 1326.0	    0.0	  200.0	  100.0	   20.7	    0.0	    0.0	    0.0	   25.2	   11.4	  1	 -450.0	  500.0	   20.7	    0.0	   25.2	1	   74.7	 21	 1382.5	   18.2	
  288	  28.80	 -367.0	  504.5	 -176.9	  426.4	 1295.3	    0.0	  200.0	  477.0	 1326.0	    0.0	  200.0	  100.0	   20.3	    0.0	    0.0	    0.0	   25.2	   11.4	  1	 -450.0	  500.0	   20.3	    0.0	   25.2	1	   74.7	 21	 1382.6	   18.3	
  289	  28.90	 -367.0	  504.5	 -176.9	  426.4	 1295.3	    0.0	  200.0	  477.0	 1326.0	    0.0	  200.0	  100.0	   20.0	    0.0	    0.0	    0.0	   25.2	   11.5	  1	 -450.0	  500.0	   20.0	    0.0	   25.2	1	   74.7	 21	 1382.7	   18.3	
  290	  29.00	 -367.0	  504.5	 -176.9	  426.4	 1295.3	    0.0	  200.0	  477.0	 1326.0	    0.0	  200.0	  100.0	   19.6	    0.0	    0.0	    0.0	   25.1	   11.5	  1	 -450.0	  500.0	   19.6	    0.0	   25.1	1	   74.7	 21	 1382.9	   18.3	
  291	  29.10	 -367.0	  504.5	 -176.9	  426.4	 1295.3	    0.0	  200.0	  477.0	 1326.0	    0.0	  200.0	  100.0	   19.3	    0.0	    0.0	    0.0	   25.1	   11.6	  1	 -450.0	  500.0	   19.3	    0.0	   25.1	1	   74.7	 21	 1383.0	   18.3	
  292	  29.20	 -367.0	  504.5	 -176.9	  426.4	 1295.3	    0.0	  200.0	  477.0	 1326.0	    0.0	  200.0	  100.0	   18.9	    0.0	    0.0	    0.0	   25.1	   11.6	  1	 -450.0	  500.0	   18.9	    0.0	   25.1	1	   74.7	 21	 1383.2	   18.3	
  293	  29.30	 -367.0	  504.5	 -176.9	  426.4	 1295.3	    0.0	  200.0	  477.0	 1326.0	    0.0	  200.0	  100.0	   18.6	    0.0	    0.0	    0.0	   25.1	   11.7	  1	 -450.0	  500.0	   18.6	    0.0	   25.1	1	   74.7	 21	 1383.4	   18.3	
