    1	   0.10	    0.0	    0.0	    0.0	    0.0	    0.0	    0.0	    0.0	    0.0	    0.0	    0.0	    0.0	  100.0	   99.9	    0.0	    0.0	    0.0	    0.0	    0.1	  1	 -750.0	  750.0	   99.9	    0.0	    0.0	1	  967.7	 21	    0.0	    5.0	
    2	   0.20	    0.0	    0.0	  -91.1	    0.0	    0.0	    0.0	    0.0	    0.0	    0.0	    0.0	    0.0	  100.0	   99.4	    0.0	    0.0	    0.0	    0.0	    0.1	  1	  -50.0	 1250.0	   99.4	    0.0	    0.0	1	 1173.9	 21	    0.0	    5.0	
    3	   0.30	    0.0	    0.0	  -90.0	    0.0	    0.0	    0.0	    0.0	    0.0	    0.0	    0.0	    0.0	  100.0	   98.9	    0.0	    0.0	    0.0	    0.0	    0.2	  1	  -50.0	 1250.0	   98.9	    0.0	    0.0	1	 1173.9	 21	    0.0	    5.0	
    4	   0.40	    0.0	    0.0	  -90.0	    0.0	    0.0	    0.0	    0.0	    0.0	    0.0	    0.0	    0.0	  100.0	   98.4	    0.0	    0.0	    0.0	    0.0	    0.3	  1	  -50.0	 1250.0	   98.4	    0.0	    0.0	1	 1173.9	 21	    0.0	    5.0	
    5	   0.50	    0.0	    0.0	  -90.0	    0.0	    0.0	    0.0	    0.0	    0.0	    0.0	    0.0	    0.0	  100.0	   97.9	    0.0	    0.0	    0.0	    0.0	    0.4	  1	  -50.0	 1250.0	   97.9	    0.0	    0.0	1	 1173.9	 21	    0.0	    5.0	
    6	   0.60	    0.0	    0.0	  -90.0	    0.0	    0.0	    0.0	    0.0	    0.0	    0.0	    0.0	    0.0	  100.0	   97.4	    0.0	    0.0	    0.0	    0.0	    0.4	  1	  -50.0	 1250.0	   97.4	    0.0	    0.0	1	 1173.9	 21	    0.0	    5.0	
    7	   0.70	    0.0	    0.0	  -90.0	    0.0	    0.0	    0.0	    0.0	    0.0	    0.0	    0.0	    0.0	  100.0	   96.9	    0.0	    0.0	    0.0	    0.0	    0.5	  1	  -50.0	 1250.0	   96.9	    0.0	    0.0	1	 1173.9	 21	    0.0	    5.0	
    8	   0.80	    0.0	    0.0	  -90.0	    0.0	    0.0	    0.0	    0.0	    0.0	    0.0	    0.0	    0.0	  100.0	   96.4	    0.0	    0.0	    0.0	    0.0	    0.6	  1	  -50.0	 1250.0	   96.4	    0.0	    0.0	1	 1173.9	 21	    0.0	    5.0	
    9	   0.90	    0.0	    0.0	  -90.0	    0.0	    0.0	    0.0	    0.0	    0.0	    0.0	    0.0	    0.0	  100.0	   95.9	    0.0	    0.0	    0.0	    0.0	    0.6	  1	  -50.0	 1250.0	   95.9	    0.0	    0.0	1	 1173.9	 21	    0.0	    5.0	
   10	   1.00	    0.0	    0.0	  -90.0	    0.0	    0.0	    0.0	    0.0	    0.0	    0.0	    0.0	    0.0	  100.0	   95.4	    0.0	    0.0	    0.0	    0.0	    0.7	  1	  -50.0	 1250.0	   95.4	    0.0	    0.0	1	 1173.9	 21	    0.0	    5.0	
   11	   1.10	    0.0	    0.0	  -90.0	    0.0	    0.0	    0.0	    0.0	    0.0	    0.0	    0.0	    0.0	  100.0	   94.9	    0.0	    0.0	    0.0	    0.0	    0.8	  1	  -50.0	 1250.0	   94.9	    0.0	    0.0	1	 1173.9	 21	    0.0	    5.0	
   12	   1.20	    0.0	    0.0	  -90.0	    0.0	    0.0	    0.0	    0.0	    0.0	    0.0	    0.0	    0.0	  100.0	   94.4	    0.0	    0.0	    0.0	    0.0	    0.9	  1	  -50.0	 1250.0	   94.4	    0.0	    0.0	1	 1173.9	 21	    0.0	    5.0	
   13	   1.30	    0.0	    0.0	  -90.0	    0.0	    0.0	    0.0	    0.0	    0.0	    0.0	    0.0	    0.0	  100.0	   93.9	    0.0	    0.0	    0.0	    0.0	    0.9	  1	  -50.0	 1250.0	   93.9	    0.0	    0.0	1	 1173.9	 21	    0.0	    5.0	
   14	   1.40	    0.0	    0.0	  -90.0	    0.0	    0.0	    0.0	    0.0	    0.0	    0.0	    0.0	    0.0	  100.0	   93.4	    0.0	    0.0	    0.0	    0.0	    1.0	  1	  -50.0	 1250.0	   93.4	    0.0	    0.0	1	 1173.9	 21	    0.0	    5.0	
   15	   1.50	    0.0	    0.0	  -90.0	    0.0	    0.0	    0.0	    0.0	    0.0	    0.0	    0.0	    0.0	  100.0	   92.9	    0.0	    0.0	    0.0	    0.0	    1.1	  1	  -50.0	 1250.0	   92.9	    0.0	    0.0	1	 1173.9	 21	    0.0	    5.0	
   16	   1.60	    0.0	    0.0	  -90.0	    0.0	    0.0	    0.0	    0.0	    0.0	    0.0	    0.0	    0.0	  100.0	   92.4	    0.0	    0.0	    0.0	    0.0	    1.1	  1	  -50.0	 1250.0	   92.4	    0.0	    0.0	1	 1173.9	 21	    0.0	    5.0	
   17	   1.70	    0.0	    0.0	  -90.0	    0.0	    0.0	    0.0	    0.0	    0.0	    0.0	    0.0	    0.0	  100.0	   91.9	    0.0	    0.0	    0.0	    0.0	    1.2	  1	  -50.0	 1250.0	   91.9	    0.0	    0.0	1	 1173.9	 21	    0.0	    5.0	
   18	   1.80	    0.0	    0.0	  -90.0	    0.0	    0.0	    0.0	    0.0	    0.0	    0.0	    0.0	    0.0	  100.0	   91.4	    0.0	    0.0	    0.0	    0.0	    1.3	  1	  -50.0	 1250.0	   91.4	    0.0	    0.0	1	 1173.9	 21	    0.0	    5.0	
   19	   1.90	    0.0	    0.0	  -90.0	    0.0	    0.0	    0.0	    0.0	    0.0	    0.0	    0.0	    0.0	  100.0	   90.9	    0.0	    0.0	    0.0	    0.0	    1.4	  1	  -50.0	 1250.0	   90.9	    0.0	    0.0	1	 1173.9	 21	    0.0	    5.0	
   20	   2.00	    0.0	    0.0	  -90.0	    0.0	    0.0	    0.0	    0.0	    0.0	    0.0	    0.0	    0.0	  100.0	   90.4	    0.0	    0.0	    0.0	    0.0	    1.4	  1	  -50.0	 1250.0	   90.4	    0.0	    0.0	1	 1173.9	 21	    0.0	    5.0	
   21	   2.10	    0.0	    0.0	  -90.0	    0.0	    0.0	    0.0	    0.0	    0.0	    0.0	    0.0	    0.0	  100.0	   89.9	    0.0	    0.0	    0.0	    0.0	    1.5	  1	  -50.0	 1250.0	   89.9	    0.0	    0.0	1	 1173.9	 21	    0.0	    5.0	
   22	   2.20	    0.0	    0.0	  -90.0	    0.0	    0.0	    0.0	    0.0	    0.0	    0.0	    0.0	    0.0	  100.0	   89.4	    0.0	    0.0	    0.0	    0.0	    1.6	  1	  -50.0	 1250.0	   89.4	    0.0	    0.0	1	 1173.9	 21	    0.0	    5.0	
   23	   2.30	    0.0	    0.0	  -90.0	    0.0	    0.0	    0.0	    0.0	    0.0	    0.0	    0.0	    0.0	  100.0	   88.9	    0.0	    0.0	    0.0	    0.0	    1.6	  1	  -50.0	 1250.0	   88.9	    0.0	    0.0	1	 1173.9	 21	    0.0	    5.0	
   24	   2.40	    0.0	    0.0	  -90.0	    0.0	    0.0	    0.0	    0.0	    0.0	    0.0	    0.0	    0.0	  100.0	   88.4	    0.0	    0.0	    0.0	    0.0	    1.7	  1	  -50.0	 1250.0	   88.4	    0.0	    0.0	1	 1173.9	 21	    0.0	    5.0	
   25	   2.50	    0.0	    0.0	  -90.0	    0.0	    0.0	    0.0	    0.0	    0.0	    0.0	    0.0	    0.0	  100.0	   87.9	    0.0	    0.0	    0.0	    0.0	    1.8	  1	  -50.0	 1250.0	   87.9	    0.0	    0.0	1	 1173.9	 21	    0.0	    5.0	
   26	   2.60	    0.0	    0.0	  -90.0	    0.0	    0.0	    0.0	    0.0	    0.0	    0.0	    0.0	    0.0	  100.0	   87.4	    0.0	    0.0	    0.0	    0.0	    1.9	  1	  -50.0	 1250.0	   87.4	    0.0	    0.0	1	 1173.9	 21	    0.0	    5.0	
   27	   2.70	    0.0	    0.0	  -90.0	    0.0	    0.0	    0.0	    0.0	    0.0	    0.0	    0.0	    0.0	  100.0	   86.9	    0.0	    0.0	    0.0	    0.0	    1.9	  1	  -50.0	 1250.0	   86.9	    0.0	    0.0	1	 1173.9	 21	    0.0	    5.0	
   28	   2.80	    0.0	    0.0	  -90.0	    0.0	    0.0	    0.0	    0.0	    0.0	    0.0	    0.0	    0.0	  100.0	   86.4	    0.0	    0.0	    0.0	    0.0	    2.0	  1	  -50.0	 1250.0	   86.4	    0.0	    0.0	1	 1173.9	 21	    0.0	    5.0	
   29	   2.90	    0.0	    0.0	  -90.0	    0.0	    0.0	    0.0	    0.0	    0.0	    0.0	    0.0	    0.0	  100.0	   85.9	    0.0	    0.0	    0.0	    0.0	    2.1	  1	  -50.0	 1250.0	   85.9	    0.0	    0.0	1	 1173.9	 21	    0.0	    5.0	
   30	   3.00	    0.0	    0.0	  -90.0	    0.0	    0.0	    0.0	    0.0	    0.0	    0.0	    0.0	    0.0	  100.0	   85.4	    0.0	    0.0	    0.0	    0.0	    2.1	  1	  -50.0	 1250.0	   85.4	    0.0	    0.0	1	 1173.9	 21	    0.0	    5.0	
   31	   3.10	    0.0	    0.0	  -90.0	    0.0	    0.0	    0.0	    0.0	    0.0	    0.0	    0.0	    0.0	  100.0	   84.9	    0.0	    0.0	    0.0	    0.0	    2.2	  1	  -50.0	 1250.0	   84.9	    0.0	    0.0	1	 1173.9	 21	    0.0	    5.0	
   32	   3.20	    0.0	    0.0	  -90.0	    0.0	    0.0	    0.0	    0.0	    0.0	    0.0	    0.0	    0.0	  100.0	   84.4	    0.0	    0.0	    0.0	    0.0	    2.3	  1	  -50.0	 1250.0	   84.4	    0.0	    0.0	1	 1173.9	 21	    0.0	    5.0	
   33	   3.30	    0.0	    0.0	  -90.0	    0.0	    0.0	    0.0	    0.0	    0.0	    0.0	    0.0	    0.0	  100.0	   83.9	    0.0	    0.0	    0.0	    0.0	    2.4	  1	  -50.0	 1250.0	   83.9	    0.0	    0.0	1	 1173.9	 21	    0.0	    5.0	
   34	   3.40	    0.0	    0.0	  -90.0	    0.0	    0.0	    0.0	    0.0	    0.0	    0.0	    0.0	    0.0	  100.0	   83.4	    0.0	    0.0	    0.0	    0.0	    2.4	  1	  -50.0	 1250.0	   83.4	    0.0	    0.0	1	 1173.9	 21	    0.0	    5.0	
   35	   3.50	    0.0	    0.0	  -90.0	    0.0	    0.0	    0.0	    0.0	    0.0	    0.0	    0.0	    0.0	  100.0	   82.9	    0.0	    0.0	    0.0	    0.0	    2.5	  1	  -50.0	 1250.0	   82.9	    0.0	    0.0	1	 1173.1	 21	    0.0	    5.0	
   36	   3.60	    0.0	    0.0	  -91.0	    0.0	    0.0	    0.0	    0.0	    0.0	    0.0	    0.0	    0.0	  100.0	   82.4	    0.0	    0.0	    0.0	    0.0	    2.6	  1	  -50.0	 1250.0	   82.4	    0.0	    0.0	1	 1172.3	 21	    0.0	    5.0	
   37	   3.70	    0.0	 1500.0	  -92.5	    0.0	 1500.0	    0.0	  200.0	    0.0	 1500.0	    0.0	  200.0	  100.0	   90.2	    0.0	    0.0	    0.0	    0.0	    2.4	  1	  -50.0	 2250.0	   90.2	    0.0	    0.0	1	  508.3	 21	 1207.2	 -192.8	
   38	   3.80	    0.0	 1500.0	   89.3	    0.0	 1500.0	    0.0	  200.0	    0.0	 1500.0	    0.0	  200.0	  100.0	   89.7	    0.0	    0.0	    0.0	    0.0	    2.5	  1	 -750.0	 1550.0	   89.7	    0.0	    0.0	1	  387.6	 21	    0.0	    0.0	
   39	   3.90	    0.0	 1500.0	  102.4	    0.0	 1500.0	    0.0	  200.0	    0.0	 1500.0	    0.0	  200.0	  100.0	   89.2	    0.0	    0.0	    0.0	    0.0	    2.5	  1	 -750.0	 1550.0	   89.2	    0.0	    0.0	1	  387.1	 21	    0.0	    0.0	
   40	   4.00	    0.0	 1500.0	  107.8	    0.0	 1500.0	    0.0	  200.0	    0.0	 1500.0	    0.0	  200.0	  100.0	   88.7	    0.0	    0.0	    0.0	    0.0	    2.6	  1	 -750.0	 1550.0	   88.7	    0.0	    0.0	1	  386.6	 21	    0.0	    0.0	
   41	   4.10	    0.0	 1500.0	  110.6	    0.0	 1500.0	    0.0	  200.0	    0.0	 1500.0	    0.0	  200.0	  100.0	   88.2	    0.0	    0.0	    0.0	    0.0	    2.7	  1	 -750.0	 1550.0	   88.2	    0.0	    0.0	1	  386.2	 21	    0.0	    0.0	
   42	   4.20	    0.0	 1500.0	  112.3	    0.0	 1500.0	    0.0	  200.0	    0.0	 1500.0	    0.0	  200.0	  100.0	   87.7	    0.0	    0.0	    0.0	    0.0	    2.7	  1	 -750.0	 1550.0	   87.7	    0.0	    0.0	1	  385.7	 21	    0.0	    0.0	
   43	   4.30	    0.0	 1500.0	  113.6	    0.0	 1500.0	    0.0	  200.0	    0.0	 1500.0	    0.0	  200.0	  100.0	   87.2	    0.0	    0.0	    0.0	    0.0	    2.8	  1	 -750.0	 1550.0	   87.2	    0.0	    0.0	1	  385.2	 21	    0.0	    0.0	
   44	   4.40	    0.0	 1500.0	  114.9	    0.0	 1500.0	    0.0	  200.0	    0.0	 1500.0	    0.0	  200.0	  100.0	   86.7	    0.0	    0.0	    0.0	    0.0	    2.9	  1	 -750.0	 1550.0	   86.7	    0.0	    0.0	1	  384.8	 21	    0.0	    0.0	
   45	   4.50	    0.0	 1500.0	  116.5	    0.0	 1500.0	    0.0	  200.0	    0.0	 1500.0	    0.0	  200.0	  100.0	   86.2	    0.0	    0.0	    0.0	    0.0	    2.9	  1	 -750.0	 1550.0	   86.2	    0.0	    0.0	1	  384.3	 21	    0.0	    0.0	
   46	   4.60	    0.0	 1500.0	  119.0	    0.0	 1500.0	    0.0	  200.0	    0.0	 1500.0	    0.0	  200.0	  100.0	   85.7	    0.0	    0.0	    0.0	    0.0	    3.0	  1	 -750.0	 1550.0	   85.7	    0.0	    0.0	1	  383.9	 21	    0.0	    0.0	
   47	   4.70	    0.0	 1500.0	  123.8	    0.0	 1500.0	    0.0	  200.0	    0.0	 1500.0	    0.0	  200.0	  100.0	   85.2	    0.0	    0.0	    0.0	    0.0	    3.1	  1	 -750.0	 1550.0	   85.2	    0.0	    0.0	1	  383.4	 21	    0.0	    0.0	
   48	   4.80	    0.0	 1500.0	  133.6	    0.0	 1500.0	    0.0	  200.0	    0.0	 1500.0	    0.0	  200.0	  100.0	   84.7	    0.0	    0.0	    0.0	    0.0	    3.1	  1	 -750.0	 1550.0	   84.7	    0.0	    0.0	1	  382.9	 21	    0.0	    0.0	
   49	   4.90	    0.0	 1500.0	  150.3	    0.0	 1500.0	    0.0	  200.0	    0.0	 1500.0	    0.0	  200.0	  100.0	   84.2	    0.0	    0.0	    0.0	    0.0	    3.2	  1	 -750.0	 1550.0	   84.2	    0.0	    0.0	1	  382.5	 21	    0.0	    0.0	
   50	   5.00	    0.0	 1500.0	  164.8	    0.0	 1500.0	    0.0	  200.0	    0.0	 1500.0	    0.0	  200.0	  100.0	   83.7	    0.0	    0.0	    0.0	    0.0	    3.3	  1	 -750.0	 1550.0	   83.7	    0.0	    0.0	1	  382.0	 21	    0.0	    0.0	
   51	   5.10	    0.0	 1500.0	  170.9	    0.0	 1500.0	    0.0	  200.0	    0.0	 1500.0	    0.0	  200.0	  100.0	   83.2	    0.0	    0.0	    0.0	    0.0	    3.3	  1	 -750.0	 1550.0	   83.2	    0.0	    0.0	1	  381.5	 21	    0.0	    0.0	
   52	   5.20	    0.0	 1500.0	  172.7	    0.0	 1500.0	    0.0	  200.0	    0.0	 1500.0	    0.0	  200.0	  100.0	   82.7	    0.0	    0.0	    0.0	    0.0	    3.4	  1	 -750.0	 1550.0	   82.7	    0.0	    0.0	1	  381.1	 21	    0.0	    0.0	
   53	   5.30	    0.0	 1500.0	  173.2	    0.0	 1500.0	    0.0	  200.0	    0.0	 1500.0	    0.0	  200.0	  100.0	   82.2	    0.0	    0.0	    0.0	    0.0	    3.5	  1	 -750.0	 1550.0	   82.2	    0.0	    0.0	1	  380.6	 21	    0.0	    0.0	
   54	   5.40	    0.0	 1500.0	  173.3	    0.0	 1500.0	    0.0	  200.0	    0.0	 1500.0	    0.0	  200.0	  100.0	   81.7	    0.0	    0.0	    0.0	    0.0	    3.5	  1	 -750.0	 1550.0	   81.7	    0.0	    0.0	1	  380.1	 21	    0.0	    0.0	
   55	   5.50	    0.0	 1500.0	  173.3	    0.0	 1500.0	    0.0	  200.0	    0.0	 1500.0	    0.0	  200.0	  100.0	   81.2	    0.0	    0.0	    0.0	    0.0	    3.6	  1	 -750.0	 1550.0	   81.2	    0.0	    0.0	1	  379.7	 21	    0.0	    0.0	
   56	   5.60	    0.0	 1500.0	  173.2	    0.0	 1500.0	    0.0	  200.0	    0.0	 1500.0	    0.0	  200.0	  100.0	   80.7	    0.0	    0.0	    0.0	    0.0	    3.7	  1	 -750.0	 1550.0	   80.7	    0.0	    0.0	1	  379.2	 21	    0.0	    0.0	
   57	   5.70	    0.0	 1500.0	  173.0	    0.0	 1500.0	    0.0	  200.0	    0.0	 1500.0	    0.0	  200.0	  100.0	   80.2	    0.0	    0.0	    0.0	    0.0	    3.7	  1	 -750.0	 1550.0	   80.2	    0.0	    0.0	1	  378.7	 21	    0.0	    0.0	
   58	   5.80	    0.0	 1500.0	  172.6	    0.0	 1500.0	    0.0	  200.0	    0.0	 1500.0	    0.0	  200.0	  100.0	   79.7	    0.0	    0.0	    0.0	    0.0	    3.8	  1	 -750.0	 1550.0	   79.7	    0.0	    0.0	1	  378.3	 21	    0.0	    0.0	
   59	   5.90	    0.0	 1500.0	  171.6	    0.0	 1500.0	    0.0	  200.0	    0.0	 1500.0	    0.0	  200.0	  100.0	   79.2	    0.0	    0.0	    0.0	    0.0	    3.9	  1	 -750.0	 1550.0	   79.2	    0.0	    0.0	1	  377.8	 21	    0.0	    0.0	
   60	   6.00	    0.0	 1500.0	  168.1	    0.0	 1500.0	    0.0	  200.0	    0.0	 1500.0	    0.0	  200.0	  100.0	   78.7	    0.0	    0.0	    0.0	    0.0	    3.9	  1	 -750.0	 1550.0	   78.7	    0.0	    0.0	1	  377.3	 21	    0.0	    0.0	
   61	   6.10	    0.0	 1500.0	   30.2	    0.0	 1500.0	    0.0	  200.0	    0.0	 1500.0	    0.0	  200.0	  100.0	   78.2	    0.0	    0.0	    0.0	    0.0	    4.0	  1	 -750.0	 1550.0	   78.2	    0.0	    0.0	1	  376.9	 21	    0.0	    0.0	
   62	   6.20	    0.0	 1500.0	    2.6	    0.0	 1500.0	    0.0	  200.0	    0.0	 1500.0	    0.0	  200.0	  100.0	   77.7	    0.0	    0.0	    0.0	    0.0	    4.1	  1	 -750.0	 1550.0	   77.7	    0.0	    0.0	1	  376.4	 21	    0.0	    0.0	
   63	   6.30	    0.0	 1500.0	    2.6	    0.0	 1500.0	    0.0	  200.0	    0.0	 1500.0	    0.0	  200.0	  100.0	   77.2	    0.0	    0.0	    0.0	    0.0	    4.1	  1	 -750.0	 1550.0	   77.2	    0.0	    0.0	1	  375.9	 21	    0.0	    0.0	
   64	   6.40	    0.0	 1500.0	    2.6	    0.0	 1500.0	    0.0	  200.0	    0.0	 1500.0	    0.0	  200.0	  100.0	   76.7	    0.0	    0.0	    0.0	    0.0	    4.2	  1	 -750.0	 1550.0	   76.7	    0.0	    0.0	1	  375.4	 21	    0.0	    0.0	
   65	   6.50	    0.0	 1500.0	    2.6	    0.0	 1500.0	    0.0	  200.0	    0.0	 1500.0	    0.0	  200.0	  100.0	   76.2	    0.0	    0.0	    0.0	    0.0	    4.3	  1	 -750.0	 1550.0	   76.2	    0.0	    0.0	1	  375.0	 21	    0.0	    0.0	
   66	   6.60	    0.0	 1500.0	    2.6	    0.0	 1500.0	    0.0	  200.0	    0.0	 1500.0	    0.0	  200.0	  100.0	   75.7	    0.0	    0.0	    0.0	    0.0	    4.3	  1	 -750.0	 1550.0	   75.7	    0.0	    0.0	1	  374.5	 21	    0.0	    0.0	
   67	   6.70	    0.0	 1500.0	    2.6	    0.0	 1500.0	    0.0	  200.0	    0.0	 1500.0	    0.0	  200.0	  100.0	   75.2	    0.0	    0.0	    0.0	    0.0	    4.4	  1	 -750.0	 1550.0	   75.2	    0.0	    0.0	1	  374.0	 21	    0.0	    0.0	
   68	   6.80	    0.0	 1500.0	    2.6	    0.0	 1500.0	    0.0	  200.0	    0.0	 1500.0	    0.0	  200.0	  100.0	   74.7	    0.0	    0.0	    0.0	    0.0	    4.5	  1	 -750.0	 1550.0	   74.7	    0.0	    0.0	1	  373.6	 21	    0.0	    0.0	
   69	   6.90	    0.0	 1500.0	    2.6	    0.0	 1500.0	    0.0	  200.0	    0.0	 1500.0	    0.0	  200.0	  100.0	   74.2	    0.0	    0.0	    0.0	    0.0	    4.6	  1	 -750.0	 1550.0	   74.2	    0.0	    0.0	1	  373.1	 21	    0.0	    0.0	
   70	   7.00	    0.0	 1500.0	    2.6	    0.0	 1500.0	    0.0	  200.0	    0.0	 1500.0	    0.0	  200.0	  100.0	   73.7	    0.0	    0.0	    0.0	    0.0	    4.6	  1	 -750.0	 1550.0	   73.7	    0.0	    0.0	1	  372.6	 21	    0.0	    0.0	
   71	   7.10	    0.0	 1500.0	    2.6	    0.0	 1500.0	    0.0	  200.0	    0.0	 1500.0	    0.0	  200.0	  100.0	   73.2	    0.0	    0.0	    0.0	    0.0	    4.7	  1	 -750.0	 1550.0	   73.2	    0.0	    0.0	1	  372.1	 21	    0.0	    0.0	
   72	   7.20	    0.0	 1500.0	    2.6	    0.0	 1500.0	    0.0	  200.0	    0.0	 1500.0	    0.0	  200.0	  100.0	   72.7	    0.0	    0.0	    0.0	    0.0	    4.8	  1	 -750.0	 1550.0	   72.7	    0.0	    0.0	1	  371.7	 21	    0.0	    0.0	
   73	   7.30	    0.0	 1500.0	    2.6	    0.0	 1500.0	    0.0	  200.0	    0.0	 1500.0	    0.0	  200.0	  100.0	   72.2	    0.0	    0.0	    0.0	    0.0	    4.8	  1	 -750.0	 1550.0	   72.2	    0.0	    0.0	1	  371.2	 21	    0.0	    0.0	
   74	   7.40	    0.0	 1500.0	    2.6	    0.0	 1500.0	    0.0	  200.0	    0.0	 1500.0	    0.0	  200.0	  100.0	   71.7	    0.0	    0.0	    0.0	    0.0	    4.9	  1	 -750.0	 1550.0	   71.7	    0.0	    0.0	1	  370.7	 21	    0.0	    0.0	
   75	   7.50	    0.0	 1500.0	    2.7	    0.0	 1500.0	    0.0	  200.0	    0.0	 1500.0	    0.0	  200.0	  100.0	   71.2	    0.0	    0.0	    0.0	    0.0	    5.0	  1	 -750.0	 1550.0	   71.2	    0.0	    0.0	1	  370.2	 21	    0.0	    0.0	
   76	   7.60	    0.0	 1500.0	    2.7	    0.0	 1500.0	    0.0	  200.0	    0.0	 1500.0	    0.0	  200.0	  100.0	   70.7	    0.0	    0.0	    0.0	    0.0	    5.0	  1	 -750.0	 1550.0	   70.7	    0.0	    0.0	1	  369.8	 21	    0.0	    0.0	
   77	   7.70	    0.0	 1500.0	    2.7	    0.0	 1500.0	    0.0	  200.0	    0.0	 1500.0	    0.0	  200.0	  100.0	   70.2	    0.0	    0.0	    0.0	    0.0	    5.1	  1	 -750.0	 1550.0	   70.2	    0.0	    0.0	1	  369.3	 21	    0.0	    0.0	
   78	   7.80	    0.0	 1500.0	    2.7	    0.0	 1500.0	    0.0	  200.0	    0.0	 1500.0	    0.0	  200.0	  100.0	   69.7	    0.0	    0.0	    0.0	    0.0	    5.2	  1	 -750.0	 1550.0	   69.7	    0.0	    0.0	1	  368.8	 21	    0.0	    0.0	
   79	   7.90	    0.0	 1500.0	    2.7	    0.0	 1500.0	    0.0	  200.0	    0.0	 1500.0	    0.0	  200.0	  100.0	   69.2	    0.0	    0.0	    0.0	    0.0	    5.2	  1	 -750.0	 1550.0	   69.2	    0.0	    0.0	1	  368.3	 21	    0.0	    0.0	
   80	   8.00	    0.0	 1500.0	    2.7	    0.0	 1500.0	    0.0	  200.0	    0.0	 1500.0	    0.0	  200.0	  100.0	   68.7	    0.0	    0.0	    0.0	    0.0	    5.3	  1	 -750.0	 1550.0	   68.7	    0.0	    0.0	1	  367.9	 21	    0.0	    0.0	
   81	   8.10	    0.0	 1500.0	    2.7	    0.0	 1500.0	    0.0	  200.0	    0.0	 1500.0	    0.0	  200.0	  100.0	   68.2	    0.0	    0.0	    0.0	    0.0	    5.4	  1	 -750.0	 1550.0	   68.2	    0.0	    0.0	1	  367.4	 21	    0.0	    0.0	
   82	   8.20	    0.0	 1500.0	    2.7	    0.0	 1500.0	    0.0	  200.0	    0.0	 1500.0	    0.0	  200.0	  100.0	   67.7	    0.0	    0.0	    0.0	    0.0	    5.4	  1	 -750.0	 1550.0	   67.7	    0.0	    0.0	1	  366.9	 21	    0.0	    0.0	
   83	   8.30	    0.0	 1500.0	    2.7	    0.0	 1500.0	    0.0	  200.0	    0.0	 1500.0	    0.0	  200.0	  100.0	   67.2	    0.0	    0.0	    0.0	    0.0	    5.5	  1	 -750.0	 1550.0	   67.2	    0.0	    0.0	1	  366.4	 21	    0.0	    0.0	
   84	   8.40	    0.0	 1500.0	    2.7	    0.0	 1500.0	    0.0	  200.0	    0.0	 1500.0	    0.0	  200.0	  100.0	   66.7	    0.0	    0.0	    0.0	    0.0	    5.6	  1	 -750.0	 1550.0	   66.7	    0.0	    0.0	1	  366.0	 21	    0.0	    0.0	
   85	   8.50	    0.0	 1500.0	    2.8	    0.0	 1500.0	    0.0	  200.0	    0.0	 1500.0	    0.0	  200.0	  100.0	   66.2	    0.0	    0.0	    0.0	    0.0	    5.6	  1	 -750.0	 1550.0	   66.2	    0.0	    0.0	1	  365.5	 21	    0.0	    0.0	
   86	   8.60	    0.0	 1500.0	    2.8	    0.0	 1500.0	    0.0	  200.0	    0.0	 1500.0	    0.0	  200.0	  100.0	   65.7	    0.0	    0.0	    0.0	    0.0	    5.7	  1	 -750.0	 1550.0	   65.7	    0.0	    0.0	1	  365.0	 21	    0.0	    0.0	
   87	   8.70	    0.0	 1500.0	    2.9	    0.0	 1500.0	    0.0	  200.0	    0.0	 1500.0	    0.0	  200.0	  100.0	   65.2	    0.0	    0.0	    0.0	    0.0	    5.8	  1	 -750.0	 1550.0	   65.2	    0.0	    0.0	1	  364.5	 21	    0.0	    0.0	
   88	   8.80	    0.0	 1500.0	    2.9	    0.0	 1500.0	    0.0	  200.0	    0.0	 1500.0	    0.0	  200.0	  100.0	   64.7	    0.0	    0.0	    0.0	    0.0	    5.8	  1	 -750.0	 1550.0	   64.7	    0.0	    0.0	1	  364.0	 21	    0.0	    0.0	
   89	   8.90	    0.0	 1500.0	    3.0	    0.0	 1500.0	    0.0	  200.0	    0.0	 1500.0	    0.0	  200.0	  100.0	   64.2	    0.0	    0.0	    0.0	    0.0	    5.9	  1	 -750.0	 1550.0	   64.2	    0.0	    0.0	1	  363.6	 21	    0.0	    0.0	
   90	   9.00	    0.0	 1500.0	    3.1	    0.0	 1500.0	    0.0	  200.0	    0.0	 1500.0	    0.0	  200.0	  100.0	   63.7	    0.0	    0.0	    0.0	    0.0	    6.0	  1	 -750.0	 1550.0	   63.7	    0.0	    0.0	1	  363.1	 21	    0.0	    0.0	
   91	   9.10	    0.0	 1500.0	    3.3	    0.0	 1500.0	    0.0	  200.0	    0.0	 1500.0	    0.0	  200.0	  100.0	   63.2	    0.0	    0.0	    0.0	    0.0	    6.0	  1	 -750.0	 1550.0	   63.2	    0.0	    0.0	1	  362.6	 21	    0.0	    0.0	
   92	   9.20	    0.0	 1500.0	    3.4	    0.0	 1500.0	    0.0	  200.0	    0.0	 1500.0	    0.0	  200.0	  100.0	   62.7	    0.0	    0.0	    0.0	    0.0	    6.1	  1	 -750.0	 1550.0	   62.7	    0.0	    0.0	1	  362.1	 21	    0.0	    0.0	
   93	   9.30	    0.0	 1500.0	    3.7	    0.0	 1500.0	    0.0	  200.0	    0.0	 1500.0	    0.0	  200.0	  100.0	   62.2	    0.0	    0.0	    0.0	    0.0	    6.2	  1	 -750.0	 1550.0	   62.2	    0.0	    0.0	1	  361.6	 21	    0.0	    0.0	
   94	   9.40	    0.0	 1500.0	    4.0	    0.0	 1500.0	    0.0	  200.0	    0.0	 1500.0	    0.0	  200.0	  100.0	   61.7	    0.0	    0.0	    0.0	    0.0	    6.2	  1	 -750.0	 1550.0	   61.7	    0.0	    0.0	1	  361.1	 21	    0.0	    0.0	
   95	   9.50	    0.0	 1500.0	    4.4	    0.0	 1500.0	    0.0	  200.0	    0.0	 1500.0	    0.0	  200.0	  100.0	   61.2	    0.0	    0.0	    0.0	    0.0	    6.3	  1	 -750.0	 1550.0	   61.2	    0.0	    0.0	1	  360.7	 21	    0.0	    0.0	
   96	   9.60	    0.0	 1500.0	    4.9	    0.0	 1500.0	    0.0	  200.0	    0.0	 1500.0	    0.0	  200.0	  100.0	   60.7	    0.0	    0.0	    0.0	    0.0	    6.4	  1	 -750.0	 1550.0	   60.7	    0.0	    0.0	1	  360.2	 21	    0.0	    0.0	
   97	   9.70	    0.0	 1500.0	    5.6	    0.0	 1500.0	    0.0	  200.0	    0.0	 1500.0	    0.0	  200.0	  100.0	   60.2	    0.0	    0.0	    0.0	    0.0	    6.5	  1	 -750.0	 1550.0	   60.2	    0.0	    0.0	1	  359.7	 21	    0.0	    0.0	
   98	   9.80	    0.0	 1500.0	    6.4	    0.0	 1500.0	    0.0	  200.0	    0.0	 1500.0	    0.0	  200.0	  100.0	   59.7	    0.0	    0.0	    0.0	    0.0	    6.5	  1	 -750.0	 1550.0	   59.7	    0.0	    0.0	1	  359.2	 21	    0.0	    0.0	
   99	   9.90	    0.0	 1500.0	    7.6	    0.0	 1500.0	    0.0	  200.0	    0.0	 1500.0	    0.0	  200.0	  100.0	   59.2	    0.0	    0.0	    0.0	    0.0	    6.6	  1	 -750.0	 1550.0	   59.2	    0.0	    0.0	1	  358.7	 21	    0.0	    0.0	
  100	  10.00	    0.0	 1500.0	    9.0	    0.0	 1500.0	    0.0	  200.0	    0.0	 1500.0	    0.0	  200.0	  100.0	   58.7	    0.0	    0.0	    0.0	    0.0	    6.7	  1	 -750.0	 1550.0	   58.7	    0.0	    0.0	1	  358.3	 21	    0.0	    0.0	
  101	  10.10	    0.0	 1500.0	   10.9	    0.0	 1500.0	    0.0	  200.0	    0.0	 1500.0	    0.0	  200.0	  100.0	   58.2	    0.0	    0.0	    0.0	    0.0	    6.7	  1	 -750.0	 1550.0	   58.2	    0.0	    0.0	1	  357.8	 21	    0.0	    0.0	
  102	  10.20	    0.0	 1500.0	   13.3	    0.0	 1500.0	    0.0	  200.0	    0.0	 1500.0	    0.0	  200.0	  100.0	   57.7	    0.0	    0.0	    0.0	    0.0	    6.8	  1	 -750.0	 1550.0	   57.7	    0.0	    0.0	1	  357.3	 21	    0.0	    0.0	
  103	  10.30	    0.0	 1500.0	   16.3	    0.0	 1500.0	    0.0	  200.0	    0.0	 1500.0	    0.0	  200.0	  100.0	   57.2	    0.0	    0.0	    0.0	    0.0	    6.9	  1	 -750.0	 1550.0	   57.2	    0.0	    0.0	1	  356.8	 21	    0.0	    0.0	
  104	  10.40	    0.0	 1500.0	   20.1	    0.0	 1500.0	    0.0	  200.0	    0.0	 1500.0	    0.0	  200.0	  100.0	   56.7	    0.0	    0.0	    0.0	    0.0	    6.9	  1	 -750.0	 1550.0	   56.7	    0.0	    0.0	1	  356.3	 21	    0.0	    0.0	
  105	  10.50	    0.0	 1500.0	   24.4	    0.0	 1500.0	    0.0	  200.0	    0.0	 1500.0	    0.0	  200.0	  100.0	   56.2	    0.0	    0.0	    0.0	    0.0	    7.0	  1	 -750.0	 1550.0	   56.2	    0.0	    0.0	1	  355.8	 21	    0.0	    0.0	
  106	  10.60	    0.0	 1500.0	   29.5	    0.0	 1500.0	    0.0	  200.0	    0.0	 1500.0	    0.0	  200.0	  100.0	   55.7	    0.0	    0.0	    0.0	    0.0	    7.1	  1	 -750.0	 1550.0	   55.7	    0.0	    0.0	1	  355.3	 21	    0.0	    0.0	
  107	  10.70	    0.0	 1500.0	   35.6	    0.0	 1500.0	    0.0	  200.0	    0.0	 1500.0	    0.0	  200.0	  100.0	   55.2	    0.0	    0.0	    0.0	    0.0	    7.1	  1	 -750.0	 1550.0	   55.2	    0.0	    0.0	1	  354.9	 21	    0.0	    0.0	
  108	  10.80	    0.0	 1500.0	   42.4	    0.0	 1500.0	    0.0	  200.0	    0.0	 1500.0	    0.0	  200.0	  100.0	   54.7	    0.0	    0.0	    0.0	    0.0	    7.2	  1	 -750.0	 1550.0	   54.7	    0.0	    0.0	1	  354.4	 21	    0.0	    0.0	
  109	  10.90	    0.0	 1500.0	   49.5	    0.0	 1500.0	    0.0	  200.0	    0.0	 1500.0	    0.0	  200.0	  100.0	   54.2	    0.0	    0.0	    0.0	    0.0	    7.3	  1	 -750.0	 1550.0	   54.2	    0.0	    0.0	1	  353.9	 21	    0.0	    0.0	
  110	  11.00	    0.0	 1500.0	   56.6	    0.0	 1500.0	    0.0	  200.0	    0.0	 1500.0	    0.0	  200.0	  100.0	   53.7	    0.0	    0.0	    0.0	    0.0	    7.3	  1	 -750.0	 1550.0	   53.7	    0.0	    0.0	1	  353.4	 21	    0.0	    0.0	
  111	  11.10	    0.0	 1500.0	   63.2	    0.0	 1500.0	    0.0	  200.0	    0.0	 1500.0	    0.0	  200.0	  100.0	   53.2	    0.0	    0.0	    0.0	    0.0	    7.4	  1	 -750.0	 1550.0	   53.2	    0.0	    0.0	1	  352.9	 21	    0.0	    0.0	
  112	  11.20	    0.0	 1500.0	   69.0	    0.0	 1500.0	    0.0	  200.0	    0.0	 1500.0	    0.0	  200.0	  100.0	   52.7	    0.0	    0.0	    0.0	    0.0	    7.5	  1	 -750.0	 1550.0	   52.7	    0.0	    0.0	1	  352.4	 21	    0.0	    0.0	
  113	  11.30	    0.0	 1500.0	   73.9	    0.0	 1500.0	    0.0	  200.0	    0.0	 1500.0	    0.0	  200.0	  100.0	   52.2	    0.0	    0.0	    0.0	    0.0	    7.5	  1	 -750.0	 1550.0	   52.2	    0.0	    0.0	1	  351.9	 21	    0.0	    0.0	
  114	  11.40	    0.0	 1500.0	   77.9	    0.0	 1500.0	    0.0	  200.0	    0.0	 1500.0	    0.0	  200.0	  100.0	   51.7	    0.0	    0.0	    0.0	    0.0	    7.6	  1	 -750.0	 1550.0	   51.7	    0.0	    0.0	1	  351.4	 21	    0.0	    0.0	
  115	  11.50	    0.0	 1500.0	   81.1	    0.0	 1500.0	    0.0	  200.0	    0.0	 1500.0	    0.0	  200.0	  100.0	   51.2	    0.0	    0.0	    0.0	    0.0	    7.7	  1	 -750.0	 1550.0	   51.2	    0.0	    0.0	1	  351.0	 21	    0.0	    0.0	
  116	  11.60	    0.0	 1500.0	   83.6	    0.0	 1500.0	    0.0	  200.0	    0.0	 1500.0	    0.0	  200.0	  100.0	   50.7	    0.0	    0.0	    0.0	    0.0	    7.7	  1	 -750.0	 1550.0	   50.7	    0.0	    0.0	1	  350.5	 21	    0.0	    0.0	
  117	  11.70	    0.0	 1500.0	 -177.7	    0.0	 1500.0	    0.0	  200.0	    0.0	 1500.0	    0.0	  200.0	  100.0	   50.2	    0.0	    0.0	    0.0	    0.0	    7.8	  1	 -750.0	 1550.0	   50.2	    0.0	    0.0	1	  350.0	 21	    0.0	    0.0	
  118	  11.80	    0.0	 1500.0	 -177.7	    0.0	 1500.0	    0.0	  200.0	    0.0	 1500.0	    0.0	  200.0	  100.0	   49.7	    0.0	    0.0	    0.0	    0.0	    7.9	  1	 -750.0	 1550.0	   49.7	    0.0	    0.0	1	  349.5	 21	    0.0	    0.0	
  119	  11.90	    0.0	 1500.0	 -177.7	    0.0	 1500.0	    0.0	  200.0	    0.0	 1500.0	    0.0	  200.0	  100.0	   49.2	    0.0	    0.0	    0.0	    0.0	    7.9	  1	 -750.0	 1550.0	   49.2	    0.0	    0.0	1	  349.0	 21	    0.0	    0.0	
  120	  12.00	    0.0	 1500.0	 -177.7	    0.0	 1500.0	    0.0	  200.0	    0.0	 1500.0	    0.0	  200.0	  100.0	   48.7	    0.0	    0.0	    0.0	    0.0	    8.0	  1	 -750.0	 1550.0	   48.7	    0.0	    0.0	1	  348.5	 21	    0.0	    0.0	
  121	  12.10	    0.0	 1500.0	 -177.7	    0.0	 1500.0	    0.0	  200.0	    0.0	 1500.0	    0.0	  200.0	  100.0	   48.2	    0.0	    0.0	    0.0	    0.0	    8.1	  1	 -750.0	 1550.0	   48.2	    0.0	    0.0	1	  348.0	 21	    0.0	    0.0	
  122	  12.20	    0.0	 1500.0	 -177.7	    0.0	 1500.0	    0.0	  200.0	    0.0	 1500.0	    0.0	  200.0	  100.0	   47.7	    0.0	    0.0	    0.0	    0.0	    8.1	  1	 -750.0	 1550.0	   47.7	    0.0	    0.0	1	  347.5	 21	    0.0	    0.0	
  123	  12.30	    0.0	 1500.0	 -177.7	    0.0	 1500.0	    0.0	  200.0	    0.0	 1500.0	    0.0	  200.0	  100.0	   47.2	    0.0	    0.0	    0.0	    0.0	    8.2	  1	 -750.0	 1550.0	   47.2	    0.0	    0.0	1	  347.0	 21	    0.0	    0.0	
  124	  12.40	    0.0	 1500.0	 -177.7	    0.0	 1500.0	    0.0	  200.0	    0.0	 1500.0	    0.0	  200.0	  100.0	   46.7	    0.0	    0.0	    0.0	    0.0	    8.3	  1	 -750.0	 1550.0	   46.7	    0.0	    0.0	1	  346.6	 21	    0.0	    0.0	
  125	  12.50	    0.0	 1500.0	 -177.7	    0.0	 1500.0	    0.0	  200.0	    0.0	 1500.0	    0.0	  200.0	  100.0	   46.2	    0.0	    0.0	    0.0	    0.0	    8.4	  1	 -750.0	 1550.0	   46.2	    0.0	    0.0	1	  346.1	 21	    0.0	    0.0	
  126	  12.60	    0.0	 1500.0	 -177.7	    0.0	 1500.0	    0.0	  200.0	    0.0	 1500.0	    0.0	  200.0	  100.0	   45.7	    0.0	    0.0	    0.0	    0.0	    8.4	  1	 -750.0	 1550.0	   45.7	    0.0	    0.0	1	  345.6	 21	    0.0	    0.0	
  127	  12.70	    0.0	 1500.0	 -177.7	    0.0	 1500.0	    0.0	  200.0	    0.0	 1500.0	    0.0	  200.0	  100.0	   45.2	    0.0	    0.0	    0.0	    0.0	    8.5	  1	 -750.0	 1550.0	   45.2	    0.0	    0.0	1	  345.1	 21	    0.0	    0.0	
  128	  12.80	    0.0	 1500.0	 -177.7	    0.0	 1500.0	    0.0	  200.0	    0.0	 1500.0	    0.0	  200.0	  100.0	   44.7	    0.0	    0.0	    0.0	    0.0	    8.6	  1	 -750.0	 1550.0	   44.7	    0.0	    0.0	1	  344.6	 21	    0.0	    0.0	
  129	  12.90	    0.0	 1500.0	 -177.7	    0.0	 1500.0	    0.0	  200.0	    0.0	 1500.0	    0.0	  200.0	  100.0	   44.2	    0.0	    0.0	    0.0	    0.0	    8.6	  1	 -750.0	 1550.0	   44.2	    0.0	    0.0	1	  344.1	 21	    0.0	    0.0	
  130	  13.00	    0.0	 1500.0	 -177.7	    0.0	 1500.0	    0.0	  200.0	    0.0	 1500.0	    0.0	  200.0	  100.0	   43.7	    0.0	    0.0	    0.0	    0.0	    8.7	  1	 -750.0	 1550.0	   43.7	    0.0	    0.0	1	  343.6	 21	    0.0	    0.0	
  131	  13.10	    0.0	 1500.0	 -177.7	    0.0	 1500.0	    0.0	  200.0	    0.0	 1500.0	    0.0	  200.0	  100.0	   43.2	    0.0	    0.0	    0.0	    0.0	    8.8	  1	 -750.0	 1550.0	   43.2	    0.0	    0.0	1	  343.1	 21	    0.0	    0.0	
  132	  13.20	    0.0	 1500.0	 -177.8	    0.0	 1500.0	    0.0	  200.0	    0.0	 1500.0	    0.0	  200.0	  100.0	   42.7	    0.0	    0.0	    0.0	    0.0	    8.8	  1	 -750.0	 1550.0	   42.7	    0.0	    0.0	1	  342.6	 21	    0.0	    0.0	
  133	  13.30	    0.0	 1500.0	 -177.8	    0.0	 1500.0	    0.0	  200.0	    0.0	 1500.0	    0.0	  200.0	  100.0	   42.2	    0.0	    0.0	    0.0	    0.0	    8.9	  1	 -750.0	 1550.0	   42.2	    0.0	    0.0	1	  342.1	 21	    0.0	    0.0	
  134	  13.40	    0.0	 1500.0	 -177.9	    0.0	 1500.0	    0.0	  200.0	    0.0	 1500.0	    0.0	  200.0	  100.0	   41.7	    0.0	    0.0	    0.0	    0.0	    9.0	  1	 -750.0	 1550.0	   41.7	    0.0	    0.0	1	  341.6	 21	    0.0	    0.0	
  135	  13.50	    0.0	 1500.0	 -178.1	    0.0	 1500.0	    0.0	  200.0	    0.0	 1500.0	    0.0	  200.0	  100.0	   41.2	    0.0	    0.0	    0.0	    0.0	    9.0	  1	 -750.0	 1550.0	   41.2	    0.0	    0.0	1	  341.1	 21	    0.0	    0.0	
  136	  13.60	    0.0	 1500.0	    2.8	    0.0	 1500.0	    0.0	  200.0	    0.0	 1500.0	    0.0	  200.0	  100.0	   40.7	    0.0	    0.0	    0.0	    0.0	    9.1	  1	 -750.0	 1550.0	   40.7	    0.0	    0.0	1	  340.6	 21	    0.0	    0.0	
  137	  13.70	    0.0	 1500.0	    2.3	    0.0	 1500.0	    0.0	  200.0	    0.0	 1500.0	    0.0	  200.0	  100.0	   40.2	    0.0	    0.0	    0.0	    0.0	    9.2	  1	 -750.0	 1550.0	   40.2	    0.0	    0.0	1	  340.2	 21	    0.0	    0.0	
  138	  13.80	    0.0	 1500.0	    2.3	    0.0	 1500.0	    0.0	  200.0	    0.0	 1500.0	    0.0	  200.0	  100.0	   39.7	    0.0	    0.0	    0.0	    0.0	    9.2	  1	 -750.0	 1550.0	   39.7	    0.0	    0.0	1	  339.7	 21	    0.0	    0.0	
  139	  13.90	    0.0	 1500.0	    2.3	    0.0	 1500.0	    0.0	  200.0	    0.0	 1500.0	    0.0	  200.0	  100.0	   39.2	    0.0	    0.0	    0.0	    0.0	    9.3	  1	 -750.0	 1550.0	   39.2	    0.0	    0.0	1	  339.2	 21	    0.0	    0.0	
  140	  14.00	    0.0	 1500.0	    2.3	    0.0	 1500.0	    0.0	  200.0	    0.0	 1500.0	    0.0	  200.0	  100.0	   38.7	    0.0	    0.0	    0.0	    0.0	    9.4	  1	 -750.0	 1550.0	   38.7	    0.0	    0.0	1	  338.7	 21	    0.0	    0.0	
  141	  14.10	    0.0	 1500.0	    2.3	    0.0	 1500.0	    0.0	  200.0	    0.0	 1500.0	    0.0	  200.0	  100.0	   38.2	    0.0	    0.0	    0.0	    0.0	    9.4	  1	 -750.0	 1550.0	   38.2	    0.0	    0.0	1	  338.2	 21	    0.0	    0.0	
  142	  14.20	    0.0	 1500.0	    2.3	    0.0	 1500.0	    0.0	  200.0	    0.0	 1500.0	    0.0	  200.0	  100.0	   37.7	    0.0	    0.0	    0.0	    0.0	    9.5	  1	 -750.0	 1550.0	   37.7	    0.0	    0.0	1	  337.7	 21	    0.0	    0.0	
  143	  14.30	    0.0	 1500.0	    2.3	    0.0	 1500.0	    0.0	  200.0	    0.0	 1500.0	    0.0	  200.0	  100.0	   37.2	    0.0	    0.0	    0.0	    0.0	    9.6	  1	 -750.0	 1550.0	   37.2	    0.0	    0.0	1	  337.2	 21	    0.0	    0.0	
  144	  14.40	    0.0	 1500.0	    2.3	    0.0	 1500.0	    0.0	  200.0	    0.0	 1500.0	    0.0	  200.0	  100.0	   36.7	    0.0	    0.0	    0.0	    0.0	    9.6	  1	 -750.0	 1550.0	   36.7	    0.0	    0.0	1	  336.7	 21	    0.0	    0.0	
  145	  14.50	    0.0	 1500.0	    2.3	    0.0	 1500.0	    0.0	  200.0	    0.0	 1500.0	    0.0	  200.0	  100.0	   36.2	    0.0	    0.0	    0.0	    0.0	    9.7	  1	 -750.0	 1550.0	   36.2	    0.0	    0.0	1	  336.2	 21	    0.0	    0.0	
  146	  14.60	    0.0	 1500.0	    2.3	    0.0	 1500.0	    0.0	  200.0	    0.0	 1500.0	    0.0	  200.0	  100.0	   35.7	    0.0	    0.0	    0.0	    0.0	    9.8	  1	 -750.0	 1550.0	   35.7	    0.0	    0.0	1	  335.7	 21	    0.0	    0.0	
  147	  14.70	    0.0	 1500.0	    2.3	    0.0	 1500.0	    0.0	  200.0	    0.0	 1500.0	    0.0	  200.0	  100.0	   35.2	    0.0	    0.0	    0.0	    0.0	    9.8	  1	 -750.0	 1550.0	   35.2	    0.0	    0.0	1	  335.2	 21	 1399.3	   19.9	
  148	  14.80	    0.0	 1500.0	    2.3	    0.0	 1500.0	    0.0	  200.0	    0.0	 1500.0	    0.0	  200.0	  100.0	   34.7	    0.0	    0.0	    0.0	    0.0	    9.9	  1	 -750.0	 1550.0	   34.7	    0.0	    0.0	1	  334.7	 21	 1397.1	   19.7	
  149	  14.90	    0.0	 1500.0	    2.3	    0.0	 1500.0	    0.0	  200.0	    0.0	 1500.0	    0.0	  200.0	  100.0	   34.2	    0.0	    0.0	    0.0	    0.0	   10.0	  1	 -750.0	 1550.0	   34.2	    0.0	    0.0	1	  334.2	 21	 1395.0	   19.5	
  150	  15.00	    0.0	 1500.0	    2.3	    0.0	 1500.0	    0.0	  200.0	    0.0	 1500.0	    0.0	  200.0	  100.0	   33.7	    0.0	    0.0	    0.0	    0.0	   10.0	  1	 -750.0	 1550.0	   33.7	    0.0	    0.0	1	  333.7	 21	 1392.8	   19.3	
  151	  15.10	    0.0	 1500.0	    2.3	    0.0	 1500.0	    0.0	  200.0	    0.0	 1500.0	    0.0	  200.0	  100.0	   33.2	    0.0	    0.0	    0.0	    0.0	   10.1	  1	 -750.0	 1550.0	   33.2	    0.0	    0.0	1	  333.2	 21	 1390.6	   19.1	
  152	  15.20	  372.8	 1582.3	    2.3	    0.0	 1500.0	    0.0	  200.0	    0.0	 1500.0	    0.0	  200.0	  100.0	   32.7	    0.0	    0.0	    0.0	    0.0	   10.1	  1	  750.0	 1550.0	   32.7	    0.0	    0.0	1	  299.8	 21	 1384.4	   18.4	
  153	  15.30	  372.8	 1582.3	    9.9	    0.0	 1500.0	    0.0	  200.0	    0.0	 1500.0	    0.0	  200.0	  100.0	   32.2	    0.0	    0.0	    0.0	    0.0	   10.1	  1	  750.0	 1550.0	   32.2	    0.0	    0.0	1	  299.8	 21	 1382.3	   18.2	
  154	  15.40	  372.8	 1582.3	    9.9	    0.0	 1500.0	    0.0	  200.0	    0.0	 1500.0	    0.0	  200.0	  100.0	   31.8	    0.0	    0.0	    0.0	    0.0	   10.1	  1	  750.0	 1550.0	   31.8	    0.0	    0.0	1	  299.8	 21	 1380.3	   18.0	
  155	  15.50	  372.8	 1582.3	    9.9	  760.4	 1320.2	    0.0	  200.0	    0.0	 1500.0	    0.0	  200.0	  100.0	   40.8	    0.0	    0.0	    0.0	    0.0	   10.1	  1	  750.0	 1350.0	   40.8	    0.0	    0.0	1	  396.1	 21	 1209.9	 -190.1	
  156	  15.60	  372.8	 1582.3	   35.4	  760.4	 1320.2	    0.0	  200.0	    0.0	 1500.0	    0.0	  200.0	  100.0	   40.4	    0.0	    0.0	    0.0	    0.0	   10.2	  1	  750.0	 2050.0	   40.4	    0.0	    0.0	1	  321.0	 21	    0.0	    0.0	
  157	  15.70	  372.8	 1582.3	   38.3	  774.5	 1326.1	    0.0	  200.0	    0.0	 1500.0	    0.0	  200.0	  100.0	   39.9	    0.0	    0.0	    0.0	    0.1	   10.2	  1	  750.0	 2050.0	   39.9	    0.0	    0.1	1	  318.6	 21	    0.0	    0.0	
  158	  15.80	  372.8	 1582.3	   38.1	  774.5	 1326.1	    0.0	  200.0	    0.0	 1500.0	    0.0	  200.0	  100.0	   39.4	    0.0	    0.0	    0.0	    0.1	   10.3	  1	  750.0	 2050.0	   39.4	    0.0	    0.1	1	  318.3	 21	    0.0	    0.0	
  159	  15.90	  372.8	 1582.3	   38.1	  774.5	 1326.1	    0.0	  200.0	    0.0	 1500.0	    0.0	  200.0	  100.0	   38.9	    0.0	    0.0	    0.0	    0.1	   10.3	  1	  750.0	 2050.0	   38.9	    0.0	    0.1	1	  318.0	 21	    0.0	    0.0	
  160	  16.00	  372.8	 1582.3	   38.1	  774.5	 1326.1	    0.0	  200.0	    0.0	 1500.0	    0.0	  200.0	  100.0	   38.5	    0.0	    0.0	    0.0	    0.1	   10.4	  1	  750.0	 2050.0	   38.5	    0.0	    0.1	1	  317.7	 21	    0.0	    0.0	
  161	  16.10	  372.8	 1582.3	   38.0	  774.5	 1326.1	    0.0	  200.0	    0.0	 1500.0	    0.0	  200.0	  100.0	   38.0	    0.0	    0.0	    0.0	    0.1	   10.4	  1	  750.0	 2050.0	   38.0	    0.0	    0.1	1	  317.4	 21	    0.0	    0.0	
  162	  16.20	  372.8	 1582.3	   37.9	  819.8	 1356.4	    0.0	  200.0	    0.0	 1500.0	    0.0	  200.0	  100.0	   38.6	    0.0	    0.0	    0.0	    0.2	   10.5	  1	  750.0	 2050.0	   38.6	    0.0	    0.2	1	  304.3	 21	 1385.6	  -14.4	
  163	  16.30	  372.8	 1582.3	   34.6	  819.8	 1356.4	    0.0	  200.0	    0.0	 1500.0	    0.0	  200.0	  100.0	   38.1	    0.0	    0.0	    0.0	    0.2	   10.6	  1	  750.0	 2050.0	   38.1	    0.0	    0.2	1	  309.6	 21	    0.0	    0.0	
  164	  16.40	  372.8	 1582.3	   36.7	  819.8	 1356.4	    0.0	  200.0	    0.0	 1500.0	    0.0	  200.0	  100.0	   37.7	    0.0	    0.0	    0.0	    0.2	   10.6	  1	  750.0	 2050.0	   37.7	    0.0	    0.2	1	  309.3	 21	    0.0	    0.0	
  165	  16.50	  372.8	 1582.3	   37.2	  819.8	 1356.4	    0.0	  200.0	    0.0	 1500.0	    0.0	  200.0	  100.0	   37.2	    0.0	    0.0	    0.0	    0.3	   10.7	  1	  750.0	 2050.0	   37.2	    0.0	    0.3	1	  309.1	 21	 1398.4	   19.8	
  166	  16.60	  372.8	 1582.3	   37.2	  856.9	 1378.3	    0.0	  200.0	    0.0	 1500.0	    0.0	  200.0	  100.0	   36.7	    0.0	    0.0	    0.0	    0.3	   10.8	  1	  750.0	 2050.0	   36.7	    0.0	    0.3	1	  303.0	 21	 1395.5	   19.6	
  167	  16.70	  372.8	 1582.3	   18.6	  862.1	 1376.1	    0.0	  200.0	    0.0	 1500.0	    0.0	  200.0	  100.0	   36.3	    0.0	    0.0	    0.0	    0.3	   10.8	  1	  750.0	 2050.0	   36.3	    0.0	    0.3	1	  302.7	 21	 1393.5	   19.3	
  168	  16.80	  372.8	 1582.3	 -126.9	  862.1	 1376.1	    0.0	  200.0	    0.0	 1500.0	    0.0	  200.0	  100.0	   35.8	    0.0	    0.0	    0.0	    0.4	   10.9	  1	  750.0	 2050.0	   35.8	    0.0	    0.4	1	  302.5	 21	 1391.7	   19.2	
  169	  16.90	  372.8	 1582.3	 -138.9	  862.1	 1376.1	    0.0	  200.0	    0.0	 1500.0	    0.0	  200.0	  100.0	   35.3	    0.0	    0.0	    0.0	    0.4	   11.0	  1	  750.0	 2050.0	   35.3	    0.0	    0.4	1	  302.3	 21	 1389.9	   19.0	
  170	  17.00	  372.8	 1582.3	 -138.9	  862.1	 1376.1	    0.0	  200.0	    0.0	 1500.0	    0.0	  200.0	  100.0	   34.9	    0.0	    0.0	    0.0	    0.4	   11.0	  1	  750.0	 2050.0	   34.9	    0.0	    0.4	1	  302.1	 21	 1388.1	   18.8	
  171	  17.10	  372.8	 1582.3	 -138.9	  860.1	 1367.0	    0.0	  200.0	    0.0	 1500.0	    0.0	  200.0	  100.0	   34.4	    0.0	    0.0	    0.0	    0.5	   11.1	  1	  750.0	 2050.0	   34.4	    0.0	    0.5	1	  303.3	 21	 1386.3	   18.6	
  172	  17.20	  372.8	 1582.3	 -138.4	  860.1	 1367.0	    0.0	  200.0	    0.0	 1500.0	    0.0	  200.0	  100.0	   33.9	    0.0	    0.0	    0.0	    0.5	   11.2	  1	  750.0	 2050.0	   33.9	    0.0	    0.5	1	  303.0	 21	 1384.5	   18.4	
  173	  17.30	  372.8	 1582.3	 -138.4	  860.1	 1367.0	    0.0	  200.0	    0.0	 1500.0	    0.0	  200.0	  100.0	   33.5	    0.0	    0.0	    0.0	    0.5	   11.2	  1	  750.0	 2050.0	   33.5	    0.0	    0.5	1	  302.8	 21	 1382.7	   18.3	
  174	  17.40	  372.8	 1582.3	 -138.4	  860.1	 1367.0	    0.0	  200.0	    0.0	 1500.0	    0.0	  200.0	  100.0	   33.0	    0.0	    0.0	    0.0	    0.6	   11.3	  1	  750.0	 2050.0	   33.0	    0.0	    0.6	1	  302.6	 21	 1381.0	   18.1	
  175	  17.50	  372.8	 1582.3	 -138.3	  850.1	 1376.9	    0.0	  200.0	    0.0	 1500.0	    0.0	  200.0	  100.0	   32.5	    0.0	    0.0	    0.0	    0.6	   11.4	  1	  750.0	 2050.0	   32.5	    0.0	    0.6	1	  301.8	 21	 1379.6	   18.0	
  176	  17.60	  372.8	 1582.3	 -142.2	  850.1	 1376.9	    0.0	  200.0	    0.0	 1500.0	    0.0	  200.0	  100.0	   32.1	    0.0	    0.0	    0.0	    0.7	   11.4	  1	  750.0	 2050.0	   32.1	    0.0	    0.7	1	  301.6	 21	 1377.9	   17.8	
  177	  17.70	  372.8	 1582.3	 -142.1	  850.1	 1376.9	    0.0	  200.0	    0.0	 1500.0	    0.0	  200.0	  100.0	   31.6	    0.0	    0.0	    0.0	    0.7	   11.5	  1	  750.0	 2050.0	   31.6	    0.0	    0.7	1	  301.4	 21	 1376.1	   17.6	
  178	  17.80	  372.8	 1582.3	 -142.1	  850.1	 1376.9	    0.0	  200.0	    0.0	 1500.0	    0.0	  200.0	  100.0	   31.1	    0.0	    0.0	    0.0	    0.7	   11.6	  1	  750.0	 2050.0	   31.1	    0.0	    0.7	1	  301.2	 21	 1374.3	   17.4	
  179	  17.90	  372.8	 1582.3	 -142.0	  844.4	 1382.5	    0.0	  200.0	    0.0	 1500.0	    0.0	  200.0	  100.0	   30.7	    0.0	    0.0	    0.0	    0.7	   11.6	  1	  750.0	 2050.0	   30.7	    0.0	    0.7	1	  300.7	 21	 1372.8	   17.3	
  180	  18.00	  372.8	 1582.3	 -148.2	  844.4	 1382.5	    0.0	  200.0	    0.0	 1500.0	    0.0	  200.0	  100.0	   30.2	    0.0	    0.0	    0.0	    0.8	   11.7	  1	  750.0	 2050.0	   30.2	    0.0	    0.8	1	  300.5	 21	 1371.0	   17.1	
  181	  18.10	  372.8	 1582.3	 -148.0	  844.4	 1382.5	    0.0	  200.0	    0.0	 1500.0	    0.0	  200.0	  100.0	   29.7	    0.0	    0.0	    0.0	    0.8	   11.8	  1	  750.0	 2050.0	   29.7	    0.0	    0.8	1	  300.3	 21	 1369.3	   16.9	
  182	  18.20	  372.8	 1582.3	 -147.9	  844.4	 1382.5	    0.0	  200.0	    0.0	 1500.0	    0.0	  200.0	  100.0	   29.3	    0.0	    0.0	    0.0	    0.8	   11.8	  1	  750.0	 2050.0	   29.3	    0.0	    0.8	1	  300.1	 21	 1367.6	   16.8	
  183	  18.30	  372.8	 1582.3	 -147.6	  851.8	 1384.8	    0.0	  200.0	    0.0	 1500.0	    0.0	  200.0	  100.0	   28.8	    0.0	    0.0	    0.0	    0.9	   11.9	  1	  750.0	 2050.0	   28.8	    0.0	    0.9	1	  299.1	 21	 1365.6	   16.6	
  184	  18.40	  372.8	 1582.3	 -139.2	  851.8	 1384.8	    0.0	  200.0	    0.0	 1500.0	    0.0	  200.0	  100.0	   28.3	    0.0	    0.0	    0.0	    0.9	   12.0	  1	  750.0	 2050.0	   28.3	    0.0	    0.9	1	  298.9	 21	 1363.9	   16.4	
  185	  18.50	  372.8	 1582.3	 -138.8	  844.4	 1382.5	    0.0	  200.0	    0.0	 1500.0	    0.0	  200.0	  100.0	   27.9	    0.0	    0.0	    0.0	    0.9	   12.0	  1	  750.0	 2050.0	   27.9	    0.0	    0.9	1	  299.4	 21	 1362.4	   16.2	
  186	  18.60	  372.8	 1582.3	 -151.8	  851.8	 1384.8	    0.0	  200.0	    0.0	 1500.0	    0.0	  200.0	  100.0	   27.4	    0.0	    0.0	    0.0	    1.0	   12.1	  1	  750.0	 2050.0	   27.4	    0.0	    1.0	1	  298.5	 21	 1360.5	   16.1	
  187	  18.70	  372.8	 1582.3	 -133.6	  851.8	 1384.8	    0.0	  200.0	    0.0	 1500.0	    0.0	  200.0	  100.0	   26.9	    0.0	    0.0	    0.0	    1.0	   12.2	  1	  750.0	 2050.0	   26.9	    0.0	    1.0	1	  298.3	 21	 1358.8	   15.9	
  188	  18.80	  372.8	 1582.3	 -132.8	  851.8	 1384.8	    0.0	  200.0	    0.0	 1500.0	    0.0	  200.0	  100.0	   26.5	    0.0	    0.0	    0.0	    1.0	   12.3	  1	  750.0	 2050.0	   26.5	    0.0	    1.0	1	  298.1	 21	 1357.2	   15.7	
  189	  18.90	  372.8	 1582.3	 -131.7	  855.4	 1380.1	    0.0	  200.0	    0.0	 1500.0	    0.0	  200.0	  100.0	   26.0	    0.0	    0.0	    0.0	    1.1	   12.3	  1	  750.0	 2050.0	   26.0	    0.0	    1.1	1	  298.3	 21	 1355.4	   15.5	
  190	  19.00	  372.8	 1582.3	  -88.8	  855.4	 1380.1	    0.0	  200.0	    0.0	 1500.0	    0.0	  200.0	  100.0	   25.5	    0.0	    0.0	    0.0	    1.1	   12.4	  1	  750.0	 2050.0	   25.5	    0.0	    1.1	1	  298.1	 21	 1353.8	   15.4	
  191	  19.10	  372.8	 1582.3	  -88.1	  855.4	 1380.1	    0.0	  200.0	    0.0	 1500.0	    0.0	  200.0	  100.0	   25.1	    0.0	    0.0	    0.0	    1.1	   12.5	  1	  750.0	 2050.0	   25.1	    0.0	    1.1	1	  297.8	 21	 1352.1	   15.2	
  192	  19.20	  372.8	 1582.3	  -87.2	  852.0	 1371.7	    0.0	  200.0	    0.0	 1500.0	    0.0	  200.0	  100.0	   24.6	    0.0	    0.0	    0.0	    1.2	   12.5	  1	  750.0	 2050.0	   24.6	    0.0	    1.2	1	  298.8	 21	 1350.5	   15.1	
  193	  19.30	  372.8	 1582.3	  -70.2	  852.0	 1371.7	    0.0	  200.0	    0.0	 1500.0	    0.0	  200.0	  100.0	   24.1	    0.0	    0.0	    0.0	    1.2	   12.6	  1	  750.0	 2050.0	   24.1	    0.0	    1.2	1	  298.6	 21	 1348.9	   14.9	
  194	  19.40	  372.8	 1582.3	  -69.7	  852.0	 1371.7	    0.0	  200.0	    0.0	 1500.0	    0.0	  200.0	  100.0	   23.7	    0.0	    0.0	    0.0	    1.2	   12.7	  1	  750.0	 2050.0	   23.7	    0.0	    1.2	1	  298.4	 21	 1347.4	   14.7	
  195	  19.50	  372.8	 1582.3	  -69.1	  852.0	 1371.7	    0.0	  200.0	    0.0	 1500.0	    0.0	  200.0	  100.0	   23.2	    0.0	    0.0	    0.0	    1.3	   12.7	  1	  750.0	 2050.0	   23.2	    0.0	    1.3	1	  298.2	 21	 1345.8	   14.6	
  196	  19.60	  372.8	 1582.3	  -68.4	  852.0	 1371.7	    0.0	  200.0	    0.0	 1500.0	    0.0	  200.0	  100.0	   22.7	    0.0	    0.0	    0.0	    1.3	   12.8	  1	  750.0	 2150.0	   22.7	    0.0	    1.3	1	  303.5	 21	 1344.2	   14.4	
  197	  19.70	  372.8	 1582.3	  141.5	  857.2	 1364.9	    0.0	  200.0	    0.0	 1500.0	    0.0	  200.0	  100.0	   22.3	    0.0	    0.0	    0.0	    1.3	   12.9	  1	  750.0	 2050.0	   22.3	    0.0	    1.3	1	  298.2	 21	 1342.6	   14.3	
  198	  19.80	  372.8	 1582.3	  -53.9	  857.2	 1364.9	    0.0	  200.0	    0.0	 1500.0	    0.0	  200.0	  100.0	   21.8	    0.0	    0.0	    0.0	    1.4	   12.9	  1	  750.0	 2150.0	   21.8	    0.0	    1.4	1	  303.4	 21	 1341.1	   14.1	
  199	  19.90	  372.8	 1582.3	   37.8	  857.2	 1364.9	    0.0	  200.0	    0.0	 1500.0	    0.0	  200.0	  100.0	   21.3	    0.0	    0.0	    0.0	    1.4	   13.0	  1	  750.0	 2150.0	   21.3	    0.0	    1.4	1	  303.1	 21	 1339.6	   14.0	
  200	  20.00	  372.8	 1582.3	   39.3	  857.2	 1364.9	    0.0	  200.0	    0.0	 1500.0	    0.0	  200.0	  100.0	   20.9	    0.0	    0.0	    0.0	    1.4	   13.1	  1	  750.0	 2150.0	   20.9	    0.0	    1.4	1	  302.8	 21	 1338.1	   13.8	
  201	  20.10	  372.8	 1582.3	   39.2	  858.5	 1365.5	    0.0	  200.0	    0.0	 1500.0	    0.0	  200.0	  100.0	   20.4	    0.0	    0.0	    0.0	    1.5	   13.1	  1	  750.0	 2150.0	   20.4	    0.0	    1.5	1	  302.4	 21	 1336.7	   13.7	
  202	  20.20	  372.8	 1582.3	   39.1	  858.5	 1365.5	    0.0	  200.0	    0.0	 1500.0	    0.0	  200.0	  100.0	   19.9	    0.0	    0.0	    0.0	    1.5	   13.2	  1	  750.0	 2150.0	   19.9	    0.0	    1.5	1	  302.1	 21	 1335.3	   13.5	
  203	  20.30	  372.8	 1582.3	   39.0	  858.5	 1365.5	    0.0	  200.0	    0.0	 1500.0	    0.0	  200.0	  100.0	   19.5	    0.0	    0.0	    0.0	    1.6	   13.3	  1	  750.0	 2150.0	   19.5	    0.0	    1.6	1	  301.8	 21	 1333.9	   13.4	
  204	  20.40	  372.8	 1582.3	   38.9	  858.5	 1365.5	    0.0	  200.0	    0.0	 1500.0	    0.0	  200.0	  100.0	   19.0	    0.0	    0.0	    0.0	    1.6	   13.3	  1	  750.0	 2150.0	   19.0	    0.0	    1.6	1	  301.5	 21	 1332.5	   13.3	
  205	  20.50	  372.8	 1582.3	   38.8	  858.5	 1365.5	    0.0	  200.0	    0.0	 1500.0	    0.0	  200.0	  100.0	   18.5	    0.0	    0.0	    0.0	    1.6	   13.4	  1	  750.0	 2150.0	   18.5	    0.0	    1.6	1	  301.2	 21	 1331.2	   13.1	
  206	  20.60	  372.8	 1582.3	   38.7	  863.0	 1360.1	    0.0	  200.0	    0.0	 1500.0	    0.0	  200.0	  100.0	   18.1	    0.0	    0.0	    0.0	    1.7	   13.5	  1	  750.0	 2150.0	   18.1	    0.0	    1.7	1	  301.2	 21	 1329.8	   13.0	
  207	  20.70	  372.8	 1582.3	   32.8	  863.0	 1360.1	    0.0	  200.0	    0.0	 1500.0	    0.0	  200.0	  100.0	   17.6	    0.0	    0.0	    0.0	    1.7	   13.5	  1	  750.0	 2150.0	   17.6	    0.0	    1.7	1	  300.9	 21	 1328.6	   12.9	
  208	  20.80	  372.8	 1582.3	   27.5	  863.0	 1360.1	    0.0	  200.0	    0.0	 1500.0	    0.0	  200.0	  100.0	   17.1	    0.0	    0.0	    0.0	    1.7	   13.6	  1	  750.0	 2150.0	   17.1	    0.0	    1.7	1	  300.6	 21	 1327.3	   12.7	
  209	  20.90	  372.8	 1582.3	  -71.6	  863.0	 1360.1	    0.0	  200.0	    0.0	 1500.0	    0.0	  200.0	  100.0	   16.7	    0.0	    0.0	    0.0	    1.8	   13.7	  1	  750.0	 2150.0	   16.7	    0.0	    1.8	1	  300.3	 21	 1326.2	   12.6	
  210	  21.00	  372.8	 1582.3	 -141.0	  861.1	 1359.8	    0.0	  200.0	    0.0	 1500.0	    0.0	  200.0	  100.0	   16.2	    0.0	    0.0	    0.0	    1.8	   13.7	  1	  750.0	 2150.0	   16.2	    0.0	    1.8	1	  300.1	 21	 1325.0	   12.5	
  211	  21.10	  372.8	 1582.3	 -141.0	  861.1	 1359.8	    0.0	  200.0	    0.0	 1500.0	    0.0	  200.0	  100.0	   15.8	    0.0	    0.0	    0.0	    1.9	   13.8	  1	  750.0	 2150.0	   15.8	    0.0	    1.9	1	  299.8	 21	 1323.9	   12.4	
  212	  21.20	  372.8	 1582.3	 -141.0	  861.1	 1359.8	    0.0	  200.0	    0.0	 1500.0	    0.0	  200.0	  100.0	   15.3	    0.0	    0.0	    0.0	    1.9	   13.9	  1	  750.0	 2150.0	   15.3	    0.0	    1.9	1	  299.5	 21	 1322.9	   12.3	
  213	  21.30	  372.8	 1582.3	 -141.0	  861.1	 1359.8	    0.0	  200.0	    0.0	 1500.0	    0.0	  200.0	  100.0	   14.8	    0.0	    0.0	    0.0	    1.9	   13.9	  1	  750.0	 2150.0	   14.8	    0.0	    1.9	1	  299.2	 21	 1321.9	   12.2	
  214	  21.40	  372.8	 1582.3	 -141.0	  858.9	 1359.7	    0.0	  200.0	    0.0	 1500.0	    0.0	  200.0	  100.0	   14.4	    0.0	    0.0	    0.0	    2.0	   14.0	  1	  750.0	 2150.0	   14.4	    0.0	    2.0	1	  299.0	 21	 1320.9	   12.1	
  215	  21.50	  372.8	 1582.3	 -141.2	  858.9	 1359.7	    0.0	  200.0	    0.0	 1500.0	    0.0	  200.0	  100.0	   13.9	    0.0	    0.0	    0.0	    2.0	   14.1	  1	  750.0	 2150.0	   13.9	    0.0	    2.0	1	  298.7	 21	 1320.0	   12.0	
  216	  21.60	  372.8	 1582.3	 -141.1	  860.6	 1358.9	    0.0	  200.0	    0.0	 1500.0	    0.0	  200.0	  100.0	   13.4	    0.0	    0.0	    0.0	    2.0	   14.1	  1	  750.0	 2150.0	   13.4	    0.0	    2.0	1	  298.4	 21	 1319.1	   11.9	
  217	  21.70	  372.8	 1582.3	 -140.6	  860.6	 1358.9	    0.0	  200.0	    0.0	 1500.0	    0.0	  200.0	  100.0	   13.0	    0.0	    0.0	    0.0	    2.1	   14.2	  1	  750.0	 2150.0	   13.0	    0.0	    2.1	1	  298.1	 21	 1318.4	   11.8	
  218	  21.80	  372.8	 1582.3	 -140.5	  860.6	 1358.9	    0.0	  200.0	    0.0	 1500.0	    0.0	  200.0	  100.0	   12.5	    0.0	    0.0	    0.0	    2.1	   14.3	  1	  750.0	 2150.0	   12.5	    0.0	    2.1	1	  297.8	 21	 1317.6	   11.8	
  219	  21.90	  372.8	 1582.3	 -140.4	  860.6	 1358.9	    0.0	  200.0	    0.0	 1500.0	    0.0	  200.0	  100.0	   12.0	    0.0	    0.0	    0.0	    2.2	   14.3	  1	  750.0	 2150.0	   12.0	    0.0	    2.2	1	  297.5	 21	 1317.0	   11.7	
  220	  22.00	  372.8	 1582.3	 -140.3	  860.2	 1360.2	    0.0	  200.0	    0.0	 1500.0	    0.0	  200.0	  100.0	   11.6	    0.0	    0.0	    0.0	    2.2	   14.4	  1	  750.0	 2150.0	   11.6	    0.0	    2.2	1	  297.1	 21	 1316.5	   11.6	
  221	  22.10	  372.8	 1582.3	 -141.0	  860.2	 1360.2	    0.0	  200.0	    0.0	 1500.0	    0.0	  200.0	  100.0	   11.1	    0.0	    0.0	    0.0	    2.2	   14.5	  1	  750.0	 2150.0	   11.1	    0.0	    2.2	1	  296.8	 21	 1316.0	   11.6	
  222	  22.20	  372.8	 1582.3	 -140.8	  860.2	 1360.2	    0.0	  200.0	    0.0	 1500.0	    0.0	  200.0	  100.0	   10.6	    0.0	    0.0	    0.0	    2.3	   14.6	  1	  750.0	 2150.0	   10.6	    0.0	    2.3	1	  296.5	 21	 1315.6	   11.6	
  223	  22.30	  372.8	 1582.3	 -140.5	  860.2	 1360.2	    0.0	  200.0	    0.0	 1500.0	    0.0	  200.0	  100.0	   10.2	    0.0	    0.0	    0.0	    2.3	   14.6	  1	  750.0	 2150.0	   10.2	    0.0	    2.3	1	  296.2	 21	 1315.3	   11.5	
  224	  22.40	  372.8	 1582.3	 -140.1	  860.2	 1360.2	    0.0	  200.0	    0.0	 1500.0	    0.0	  200.0	  100.0	    9.7	    0.0	    0.0	    0.0	    2.3	   14.7	  1	  750.0	 2150.0	    9.7	    0.0	    2.3	1	  295.9	 21	 1315.2	   11.5	
  225	  22.50	  372.8	 1582.3	 -139.6	  860.2	 1360.2	    0.0	  200.0	    0.0	 1500.0	    0.0	  200.0	  100.0	    9.2	    0.0	    0.0	    0.0	    2.4	   14.8	  1	  750.0	 2150.0	    9.2	    0.0	    2.4	1	  295.6	 21	 1315.1	   11.5	
  226	  22.60	  372.8	 1582.3	 -139.0	  752.7	 1355.2	    0.0	  200.0	    0.0	 1500.0	    0.0	  200.0	  100.0	    8.8	    0.0	    0.0	    0.0	    2.4	   14.8	  1	  750.0	 2050.0	    8.8	    0.0	    2.4	1	  299.2	 21	 1316.1	   11.6	
  227	  22.70	  372.8	 1582.3	  146.3	  857.2	 1358.2	    0.0	  200.0	    0.0	 1500.0	    0.0	  200.0	  100.0	   10.0	    0.0	    0.0	    0.0	    2.4	   14.9	  1	  750.0	 2050.0	   10.0	    0.0	    2.4	1	  291.2	 21	    0.0	    0.5	
  228	  22.80	  372.8	 1582.3	  -80.8	  857.2	 1358.2	    0.0	  200.0	    0.0	 1500.0	    0.0	  200.0	  100.0	    9.5	    0.0	    0.0	    0.0	    2.5	   15.0	  1	  750.0	 2050.0	    9.5	    0.0	    2.5	1	  292.9	 21	 1316.3	   11.6	
  229	  22.90	  372.8	 1582.3	  -82.7	  857.2	 1358.2	    0.0	  200.0	    0.0	 1500.0	    0.0	  200.0	  100.0	    9.1	    0.0	    0.0	    0.0	    2.5	   15.0	  1	  750.0	 2050.0	    9.1	    0.0	    2.5	1	  292.6	 21	 1316.4	   11.6	
  230	  23.00	  372.8	 1582.3	  -82.3	  857.2	 1358.2	    0.0	  200.0	    0.0	 1500.0	    0.0	  200.0	  100.0	    8.6	    0.0	    0.0	    0.0	    2.5	   15.1	  1	  750.0	 2050.0	    8.6	    0.0	    2.5	1	  292.4	 21	 1316.6	   11.7	
  231	  23.10	  372.8	 1582.3	  -81.9	  857.2	 1358.2	    0.0	  200.0	    0.0	 1500.0	    0.0	  200.0	  100.0	    8.1	    0.0	    0.0	    0.0	    2.6	   15.2	  1	  750.0	 2050.0	    8.1	    0.0	    2.6	1	  292.2	 21	 1316.9	   11.7	
  232	  23.20	  372.8	 1582.3	  -81.4	  857.2	 1358.2	    0.0	  200.0	    0.0	 1500.0	    0.0	  200.0	  100.0	    7.7	    0.0	    0.0	    0.0	    2.6	   15.2	  1	  750.0	 2050.0	    7.7	    0.0	    2.6	1	  292.0	 21	 1317.5	   11.7	
  233	  23.30	  372.8	 1582.3	  -80.7	  848.1	 1347.8	    0.0	  200.0	    0.0	 1500.0	    0.0	  200.0	  100.0	    7.2	    0.0	    0.0	    0.0	    2.7	   15.3	  1	  750.0	 2050.0	    7.2	    0.0	    2.7	1	  292.8	 21	 1318.3	   11.8	
  234	  23.40	  372.8	 1582.3	  -74.4	  848.1	 1347.8	    0.0	  200.0	    0.0	 1500.0	    0.0	  200.0	  100.0	    6.7	    0.0	    0.0	    0.0	    2.7	   15.4	  1	  750.0	 2050.0	    6.7	    0.0	    2.7	1	  292.6	 21	 1319.2	   11.9	
  235	  23.50	  372.8	 1582.3	  -73.7	  848.1	 1347.8	    0.0	  200.0	    0.0	 1500.0	    0.0	  200.0	  100.0	    6.3	    0.0	    0.0	    0.0	    2.7	   15.4	  1	  750.0	 2050.0	    6.3	    0.0	    2.7	1	  292.3	 21	 1320.5	   12.0	
  236	  23.60	  372.8	 1582.3	  -72.9	  848.1	 1347.8	    0.0	  200.0	    0.0	 1500.0	    0.0	  200.0	  100.0	    5.8	    0.0	    0.0	    0.0	    2.8	   15.5	  1	  750.0	 2050.0	    5.8	    0.0	    2.8	1	  292.1	 21	 1322.0	   12.2	
  237	  23.70	  372.8	 1582.3	  -71.9	  848.1	 1347.8	    0.0	  200.0	    0.0	 1500.0	    0.0	  200.0	  100.0	    5.3	    0.0	    0.0	    0.0	    2.8	   15.6	  1	  750.0	 2050.0	    5.3	    0.0	    2.8	1	  291.9	 21	 1323.8	   12.4	
  238	  23.80	  372.8	 1582.3	  -70.8	  832.8	 1348.7	    0.0	  200.0	    0.0	 1500.0	    0.0	  200.0	  100.0	    4.9	    0.0	    0.0	    0.0	    2.8	   15.6	  1	  750.0	 2050.0	    4.9	    0.0	    2.8	1	  292.0	 21	 1326.1	   12.6	
  239	  23.90	  372.8	 1582.3	  132.8	  832.8	 1348.7	    0.0	  200.0	    0.0	 1500.0	    0.0	  200.0	  100.0	    4.4	    0.0	    0.0	    0.0	    2.9	   15.7	  1	  750.0	 2050.0	    4.4	    0.0	    2.9	1	  291.7	 21	 1328.7	   12.9	
  240	  24.00	  372.8	 1582.3	   43.2	  832.8	 1348.7	    0.0	  200.0	    0.0	 1500.0	    0.0	  200.0	  100.0	    3.9	    0.0	    0.0	    0.0	    2.9	   15.8	  1	  750.0	 2050.0	    3.9	    0.0	    2.9	1	  291.5	 21	 1331.9	   13.2	
  241	  24.10	  372.8	 1582.3	   38.7	  832.8	 1348.7	    0.0	  200.0	    0.0	 1500.0	    0.0	  200.0	  100.0	    3.5	    0.0	    0.0	    0.0	    2.9	   15.8	  1	  750.0	 2050.0	    3.5	    0.0	    2.9	1	  291.5	 21	 1335.7	   13.6	
  242	  24.20	  372.8	 1582.3	   38.7	  823.6	 1353.4	    0.0	  200.0	    0.0	 1500.0	    0.0	  200.0	  100.0	    3.0	    0.0	    0.0	    0.0	    3.0	   15.9	  1	  750.0	 2050.0	    3.0	    0.0	    3.0	1	  291.5	 21	 1340.1	   14.0	
  243	  24.30	  372.8	 1582.3	   40.9	  823.6	 1353.4	    0.0	  200.0	    0.0	 1500.0	    0.0	  200.0	  100.0	    2.5	    0.0	    0.0	    0.0	    3.0	   16.0	  1	  750.0	 2050.0	    2.5	    0.0	    3.0	1	  291.8	 21	 1345.5	   14.5	
  244	  24.40	  372.8	 1582.3	   41.0	  823.6	 1353.4	    0.0	  200.0	    0.0	 1500.0	    0.0	  200.0	  100.0	    2.1	    0.0	    0.0	    0.0	    3.0	   16.0	  1	  750.0	 2050.0	    2.1	    0.0	    3.0	1	  292.0	 21	 1351.9	   15.2	
  245	  24.50	  372.8	 1582.3	   41.0	  823.6	 1353.4	    0.0	  200.0	    0.0	 1500.0	    0.0	  200.0	  100.0	    1.6	    0.0	    0.0	    0.0	    3.0	   16.1	  1	  750.0	 2050.0	    1.6	    0.0	    3.0	1	  292.3	 21	 1359.6	   16.0	
  246	  24.60	  372.8	 1582.3	   41.1	  824.1	 1358.6	    0.0	  200.0	    0.0	 1500.0	    0.0	  200.0	  100.0	    1.1	    0.0	    0.0	    0.0	    3.1	   16.2	  1	  750.0	 2050.0	    1.1	    0.0	    3.1	1	  292.3	 21	 1368.9	   16.9	
  247	  24.70	  372.8	 1582.3	   43.7	  858.5	 1365.5	    0.0	  200.0	    0.0	 1500.0	    0.0	  200.0	  100.0	    0.7	    0.0	    0.0	    0.0	    3.1	   16.2	  1	  750.0	 2150.0	    0.7	    0.0	    3.1	1	  290.8	 21	 1380.4	   18.0	
  248	  24.80	  372.8	 1582.3	   29.0	  824.1	 1358.6	    0.0	  200.0	    0.0	 1500.0	    0.0	  200.0	  100.0	    0.2	    0.0	    0.0	    0.0	    3.1	   16.3	  1	  750.0	 2050.0	    0.2	    0.0	    3.1	1	  292.8	 21	 1394.6	   19.5	
  249	  24.90	  372.8	 1582.3	   60.8	  824.1	 1358.6	    0.0	  200.0	    0.0	 1500.0	    0.0	  200.0	  100.0	    0.0	    0.0	    0.0	    0.0	    3.2	   16.4	  1	  750.0	 2050.0	    0.0	    0.0	    3.2	1	  292.9	 21	    0.0	    0.0	
  250	  25.00	  372.8	 1582.3	 -151.1	  829.1	 1353.9	    0.0	  200.0	    0.0	 1500.0	    0.0	  200.0	  100.0	    0.0	    0.0	    0.0	    0.0	    3.2	   16.4	  1	  750.0	 2050.0	    0.0	    0.0	    3.2	1	  293.1	 21	    0.0	    0.0	
  251	  25.10	  372.8	 1582.3	 -140.4	  829.1	 1353.9	    0.0	  200.0	    0.0	 1500.0	    0.0	  200.0	  100.0	    0.0	    0.0	    0.0	    0.0	    3.2	   16.5	  1	  750.0	 2050.0	    0.0	    0.0	    3.2	1	  293.1	 21	    0.0	    0.0	
  252	  25.20	  372.8	 1582.3	 -140.4	  829.1	 1353.9	    0.0	  200.0	    0.0	 1500.0	    0.0	  200.0	  100.0	    0.0	    0.0	    0.0	    0.0	    3.3	   16.6	  1	  750.0	 2050.0	    0.0	    0.0	    3.3	1	  293.1	 21	    0.0	    0.0	
  253	  25.30	  372.8	 1582.3	 -140.4	  829.1	 1353.9	    0.0	  200.0	    0.0	 1500.0	    0.0	  200.0	  100.0	    0.0	    0.0	    0.0	    0.0	    3.3	   16.6	  1	  750.0	 2050.0	    0.0	    0.0	    3.3	1	  293.2	 21	    0.0	    0.0	
  254	  25.40	  372.8	 1582.3	 -140.4	  831.8	 1344.8	    0.0	  200.0	    0.0	 1500.0	    0.0	  200.0	  100.0	    0.0	    0.0	    0.0	    0.0	    3.3	   16.7	  1	  750.0	 2050.0	    0.0	    0.0	    3.3	1	  293.5	 21	    0.0	    0.0	
  255	  25.50	  372.8	 1582.3	 -139.2	  831.8	 1344.8	    0.0	  200.0	    0.0	 1500.0	    0.0	  200.0	  100.0	    0.0	    0.0	    0.0	    0.0	    3.3	   16.8	  1	  750.0	 2050.0	    0.0	    0.0	    3.3	1	  293.5	 21	    0.0	    0.0	
  256	  25.60	  372.8	 1582.3	 -139.2	  831.8	 1344.8	    0.0	  200.0	    0.0	 1500.0	    0.0	  200.0	  100.0	    0.0	    0.0	    0.0	    0.0	    3.4	   16.8	  1	  750.0	 2050.0	    0.0	    0.0	    3.4	1	  293.5	 21	    0.0	    0.0	
  257	  25.70	  372.8	 1582.3	 -139.2	  831.8	 1344.8	    0.0	  200.0	    0.0	 1500.0	    0.0	  200.0	  100.0	    0.0	    0.0	    0.0	    0.0	    3.4	   16.9	  1	  750.0	 2050.0	    0.0	    0.0	    3.4	1	  293.5	 21	    0.0	    0.0	
  258	  25.80	  372.8	 1582.3	 -139.2	  832.2	 1343.5	    0.0	  200.0	    0.0	 1500.0	    0.0	  200.0	  100.0	    0.0	    0.0	    0.0	    0.0	    3.4	   17.0	  1	  750.0	 2050.0	    0.0	    0.0	    3.4	1	  293.6	 21	    0.0	    0.0	
  259	  25.90	  372.8	 1582.3	 -138.7	  832.2	 1343.5	    0.0	  200.0	    0.0	 1500.0	    0.0	  200.0	  100.0	    0.0	    0.0	    0.0	    0.0	    3.5	   17.1	  1	  750.0	 2050.0	    0.0	    0.0	    3.5	1	  293.6	 21	    0.0	    0.0	
  260	  26.00	  372.8	 1582.3	 -138.7	  832.2	 1343.5	    0.0	  200.0	    0.0	 1500.0	    0.0	  200.0	  100.0	    0.0	    0.0	    0.0	    0.0	    3.5	   17.1	  1	  750.0	 2050.0	    0.0	    0.0	    3.5	1	  293.6	 21	    0.0	    0.0	
  261	  26.10	  372.8	 1582.3	 -138.7	  832.2	 1343.5	    0.0	  200.0	    0.0	 1500.0	    0.0	  200.0	  100.0	    0.0	    0.0	    0.0	    0.0	    3.5	   17.2	  1	  750.0	 2050.0	    0.0	    0.0	    3.5	1	  293.7	 21	    0.0	    0.0	
  262	  26.20	  372.8	 1582.3	 -138.7	  832.2	 1343.5	    0.0	  200.0	    0.0	 1500.0	    0.0	  200.0	  100.0	    0.0	    0.0	    0.0	    0.0	    3.6	   17.3	  1	  750.0	 2050.0	    0.0	    0.0	    3.6	1	  293.7	 21	    0.0	    0.0	
  263	  26.30	  372.8	 1582.3	 -138.8	  832.2	 1343.5	    0.0	  200.0	    0.0	 1500.0	    0.0	  200.0	  100.0	    0.0	    0.0	    0.0	    0.0	    3.6	   17.3	  1	  750.0	 2050.0	    0.0	    0.0	    3.6	1	  293.7	 21	    0.0	    0.0	
  264	  26.40	  372.8	 1582.3	 -138.8	  833.9	 1342.6	    0.0	  200.0	    0.0	 1500.0	    0.0	  200.0	  100.0	    0.0	    0.0	    0.0	    0.0	    3.6	   17.4	  1	  750.0	 2050.0	    0.0	    0.0	    3.6	1	  293.8	 21	    0.0	    0.0	
  265	  26.50	  372.8	 1582.3	 -135.6	  833.9	 1342.6	    0.0	  200.0	    0.0	 1500.0	    0.0	  200.0	  100.0	    0.0	    0.0	    0.0	    0.0	    3.7	   17.5	  1	  750.0	 2050.0	    0.0	    0.0	    3.7	1	  293.8	 21	    0.0	    0.0	
  266	  26.60	  372.8	 1582.3	 -135.6	  833.9	 1342.6	    0.0	  200.0	    0.0	 1500.0	    0.0	  200.0	  100.0	    0.0	    0.0	    0.0	    0.0	    3.7	   17.5	  1	  750.0	 2050.0	    0.0	    0.0	    3.7	1	  293.8	 21	    0.0	    0.0	
  267	  26.70	  372.8	 1582.3	 -135.7	  833.9	 1342.6	    0.0	  200.0	    0.0	 1500.0	    0.0	  200.0	  100.0	    0.0	    0.0	    0.0	    0.0	    3.7	   17.6	  1	  750.0	 2050.0	    0.0	    0.0	    3.7	1	  293.8	 21	    0.0	    0.0	
  268	  26.80	  372.8	 1582.3	 -135.7	  833.9	 1342.6	    0.0	  200.0	    0.0	 1500.0	    0.0	  200.0	  100.0	    0.0	    0.0	    0.0	    0.0	    3.8	   17.7	  1	  750.0	 2050.0	    0.0	    0.0	    3.8	1	  293.8	 21	    0.0	    0.0	
  269	  26.90	  372.8	 1582.3	 -135.8	  832.6	 1342.2	    0.0	  200.0	    0.0	 1500.0	    0.0	  200.0	  100.0	    0.0	    0.0	    0.0	    0.0	    3.8	   17.7	  1	  750.0	 2050.0	    0.0	    0.0	    3.8	1	  293.9	 21	    0.0	    0.0	
  270	  27.00	  372.8	 1582.3	 -139.0	  832.6	 1342.2	    0.0	  200.0	    0.0	 1500.0	    0.0	  200.0	  100.0	    0.0	    0.0	    0.0	    0.0	    3.8	   17.8	  1	  750.0	 2050.0	    0.0	    0.0	    3.8	1	  293.9	 21	    0.0	    0.0	
  271	  27.10	  372.8	 1582.3	 -139.2	  830.9	 1343.0	    0.0	  200.0	    0.0	 1500.0	    0.0	  200.0	  100.0	    0.0	    0.0	    0.0	    0.0	    3.9	   17.9	  1	  750.0	 2050.0	    0.0	    0.0	    3.9	1	  293.9	 21	    0.0	    0.0	
  272	  27.20	  372.8	 1582.3	 -157.6	  830.9	 1343.0	    0.0	  200.0	    0.0	 1500.0	    0.0	  200.0	  100.0	    0.0	    0.0	    0.0	    0.0	    3.9	   17.9	  1	  750.0	 2050.0	    0.0	    0.0	    3.9	1	  293.9	 21	    0.0	    0.0	
  273	  27.30	  372.8	 1582.3	 -157.8	  830.9	 1343.0	    0.0	  200.0	    0.0	 1500.0	    0.0	  200.0	  100.0	    0.0	    0.0	    0.0	    0.0	    3.9	   18.0	  1	  750.0	 2050.0	    0.0	    0.0	    3.9	1	  293.9	 21	    0.0	    0.0	
  274	  27.40	  372.8	 1582.3	 -158.0	  830.9	 1343.0	    0.0	  200.0	    0.0	 1500.0	    0.0	  200.0	  100.0	    0.0	    0.0	    0.0	    0.0	    4.0	   18.1	  1	  750.0	 2050.0	    0.0	    0.0	    4.0	1	  293.9	 21	    0.0	    0.0	
  275	  27.50	  372.8	 1582.3	 -158.3	  830.9	 1343.0	    0.0	  200.0	    0.0	 1500.0	    0.0	  200.0	  100.0	    0.0	    0.0	    0.0	    0.0	    4.0	   18.1	  1	  750.0	 2050.0	    0.0	    0.0	    4.0	1	  293.9	 21	    0.0	    0.0	
  276	  27.60	  372.8	 1582.3	 -158.6	  831.8	 1344.8	    0.0	  200.0	    0.0	 1500.0	    0.0	  200.0	  100.0	    0.0	    0.0	    0.0	    0.0	    4.0	   18.2	  1	  750.0	 2050.0	    0.0	    0.0	    4.0	1	  293.9	 21	    0.0	    0.0	
  277	  27.70	  372.8	 1582.3	  175.0	  831.8	 1344.8	    0.0	  200.0	    0.0	 1500.0	    0.0	  200.0	  100.0	    0.0	    0.0	    0.0	    0.0	    4.1	   18.3	  1	  750.0	 2050.0	    0.0	    0.0	    4.1	1	  293.9	 21	    0.0	    0.0	
  278	  27.80	  372.8	 1582.3	  174.7	  831.8	 1344.8	    0.0	  200.0	    0.0	 1500.0	    0.0	  200.0	  100.0	    0.0	    0.0	    0.0	    0.0	    4.1	   18.3	  1	  750.0	 2050.0	    0.0	    0.0	    4.1	1	  293.9	 21	    0.0	    0.0	
  279	  27.90	  372.8	 1582.3	  174.2	  831.8	 1344.8	    0.0	  200.0	    0.0	 1500.0	    0.0	  200.0	  100.0	    0.0	    0.0	    0.0	    0.0	    4.1	   18.4	  1	  750.0	 2050.0	    0.0	    0.0	    4.1	1	  294.0	 21	    0.0	    0.0	
  280	  28.00	  372.8	 1582.3	  173.7	  830.4	 1354.4	    0.0	  200.0	    0.0	 1500.0	    0.0	  200.0	  100.0	    0.0	    0.0	    0.0	    0.0	    4.2	   18.5	  1	  750.0	 2050.0	    0.0	    0.0	    4.2	1	  293.7	 21	    0.0	    0.0	
  281	  28.10	  372.8	 1582.3	  132.0	  830.4	 1354.4	    0.0	  200.0	    0.0	 1500.0	    0.0	  200.0	  100.0	    0.0	    0.0	    0.0	    0.0	    4.2	   18.5	  1	  750.0	 2050.0	    0.0	    0.0	    4.2	1	  293.7	 21	    0.0	    0.0	
  282	  28.20	  372.8	 1582.3	   43.3	  830.4	 1354.4	    0.0	  200.0	    0.0	 1500.0	    0.0	  200.0	  100.0	    0.0	    0.0	    0.0	    0.0	    4.2	   18.6	  1	  750.0	 2050.0	    0.0	    0.0	    4.2	1	  293.7	 21	    0.0	    0.0	
  283	  28.30	  372.8	 1582.3	   39.5	  825.0	 1359.2	    0.0	  200.0	    0.0	 1500.0	    0.0	  200.0	  100.0	    0.0	    0.0	    0.0	    0.0	    4.3	   18.7	  1	  750.0	 2050.0	    0.0	    0.0	    4.3	1	  293.6	 21	    0.0	    0.0	
  284	  28.40	  372.8	 1582.3	   40.8	  825.0	 1359.2	    0.0	  200.0	    0.0	 1500.0	    0.0	  200.0	  100.0	    0.0	    0.0	    0.0	    0.0	    4.3	   18.7	  1	  750.0	 2050.0	    0.0	    0.0	    4.3	1	  293.6	 21	    0.0	    0.0	
  285	  28.50	  372.8	 1582.3	   40.8	  825.0	 1359.2	    0.0	  200.0	    0.0	 1500.0	    0.0	  200.0	  100.0	    0.0	    0.0	    0.0	    0.0	    4.3	   18.8	  1	  750.0	 2050.0	    0.0	    0.0	    4.3	1	  293.6	 21	    0.0	    0.0	
  286	  28.60	  372.8	 1582.3	   40.8	  825.0	 1359.2	    0.0	  200.0	    0.0	 1500.0	    0.0	  200.0	  100.0	    0.0	    0.0	    0.0	    0.0	    4.3	   18.9	  1	  750.0	 2050.0	    0.0	    0.0	    4.3	1	  293.6	 21	    0.0	    0.0	
  287	  28.70	  372.8	 1582.3	   40.8	  825.0	 1359.2	    0.0	  200.0	    0.0	 1500.0	    0.0	  200.0	  100.0	    0.0	    0.0	    0.0	    0.0	    4.4	   18.9	  1	  750.0	 2050.0	    0.0	    0.0	    4.4	1	  293.6	 21	    0.0	    0.0	
  288	  28.80	  372.8	 1582.3	   40.8	  830.7	 1350.9	    0.0	  200.0	    0.0	 1500.0	    0.0	  200.0	  100.0	    0.0	    0.0	    0.0	    0.0	    4.4	   19.0	  1	  750.0	 2050.0	    0.0	    0.0	    4.4	1	  293.9	 21	    0.0	    0.0	
  289	  28.90	  372.8	 1582.3	   34.1	  830.7	 1350.9	    0.0	  200.0	    0.0	 1500.0	    0.0	  200.0	  100.0	    0.0	    0.0	    0.0	    0.0	    4.4	   19.1	  1	  750.0	 2050.0	    0.0	    0.0	    4.4	1	  294.0	 21	    0.0	    0.0	
  290	  29.00	  372.8	 1582.3	   32.9	  830.7	 1350.9	    0.0	  200.0	    0.0	 1500.0	    0.0	  200.0	  100.0	    0.0	    0.0	    0.0	    0.0	    4.5	   19.1	  1	  750.0	 2050.0	    0.0	    0.0	    4.5	1	  294.0	 21	    0.0	    0.0	
  291	  29.10	  372.8	 1582.3	   32.2	  830.7	 1350.9	    0.0	  200.0	    0.0	 1500.0	    0.0	  200.0	  100.0	    0.0	    0.0	    0.0	    0.0	    4.5	   19.2	  1	  750.0	 2050.0	    0.0	    0.0	    4.5	1	  294.0	 21	    0.0	    0.0	
  292	  29.20	  372.8	 1582.3	   31.4	  826.5	 1353.0	    0.0	  200.0	    0.0	 1500.0	    0.0	  200.0	  100.0	    0.0	    0.0	    0.0	    0.0	    4.5	   19.3	  1	  750.0	 2050.0	    0.0	    0.0	    4.5	1	  293.9	 21	    0.0	    0.0	
  293	  29.30	  372.8	 1582.3	   45.0	  826.5	 1353.0	    0.0	  200.0	    0.0	 1500.0	    0.0	  200.0	  100.0	    0.0	    0.0	    0.0	    0.0	    4.6	   19.4	  1	  750.0	 2050.0	    0.0	    0.0	    4.6	1	  293.9	 21	    0.0	    0.0	
  294	  29.40	  372.8	 1582.3	   42.3	  826.5	 1353.0	    0.0	  200.0	    0.0	 1500.0	    0.0	  200.0	  100.0	    0.0	    0.0	    0.0	    0.0	    4.6	   19.4	  1	  750.0	 2050.0	    0.0	    0.0	    4.6	1	  294.0	 21	    0.0	    0.0	
  295	  29.50	  372.8	 1582.3	   41.1	  826.5	 1353.0	    0.0	  200.0	    0.0	 1500.0	    0.0	  200.0	  100.0	    0.0	    0.0	    0.0	    0.0	    4.6	   19.5	  1	  750.0	 2050.0	    0.0	    0.0	    4.6	1	  294.0	 21	    0.0	    0.0	
  296	  29.60	  372.8	 1582.3	   40.8	  829.5	 1352.6	    0.0	  200.0	    0.0	 1500.0	    0.0	  200.0	  100.0	    0.0	    0.0	    0.0	    0.0	    4.6	   19.6	  1	  750.0	 2050.0	    0.0	    0.0	    4.6	1	  294.0	 21	    0.0	    0.0	
  297	  29.70	  372.8	 1582.3	   34.9	  829.5	 1352.6	    0.0	  200.0	    0.0	 1500.0	    0.0	  200.0	  100.0	    0.0	    0.0	    0.0	    0.0	    4.7	   19.6	  1	  750.0	 2050.0	    0.0	    0.0	    4.7	1	  294.0	 21	    0.0	    0.0	
  298	  29.80	  372.8	 1582.3	   26.4	  830.0	 1352.3	    0.0	  200.0	    0.0	 1500.0	    0.0	  200.0	  100.0	    0.0	    0.0	    0.0	    0.0	    4.7	   19.7	  1	  750.0	 2050.0	    0.0	    0.0	    4.7	1	  294.1	 21	    0.0	    0.0	
  299	  29.90	  372.8	 1582.3	 -138.3	  830.0	 1352.3	    0.0	  200.0	    0.0	 1500.0	    0.0	  200.0	  100.0	    0.0	    0.0	    0.0	    0.0	    4.7	   19.8	  1	  750.0	 2050.0	    0.0	    0.0	    4.7	1	  294.1	 21	    0.0	    0.0	
  300	  30.00	  372.8	 1582.3	 -140.7	  830.3	 1352.2	    0.0	  200.0	    0.0	 1500.0	    0.0	  200.0	  100.0	    0.0	    0.0	    0.0	    0.0	    4.8	   19.8	  1	  750.0	 2050.0	    0.0	    0.0	    4.8	1	  294.1	 21	    0.0	    0.0	
  301	  30.10	  372.8	 1582.3	 -140.7	  830.3	 1352.2	    0.0	  200.0	    0.0	 1500.0	    0.0	  200.0	  100.0	    0.0	    0.0	    0.0	    0.0	    4.8	   19.9	  1	  750.0	 2050.0	    0.0	    0.0	    4.8	1	  294.1	 21	    0.0	    0.0	
  302	  30.20	  372.8	 1582.3	 -140.7	  830.3	 1352.2	    0.0	  200.0	    0.0	 1500.0	    0.0	  200.0	  100.0	    0.0	    0.0	    0.0	    0.0	    4.8	   20.0	  1	  750.0	 2050.0	    0.0	    0.0	    4.8	1	  294.2	 21	    0.0	    0.0	
  303	  30.30	  372.8	 1582.3	 -140.7	  822.5	 1329.5	    0.0	  200.0	    0.0	 1500.0	    0.0	  200.0	  100.0	    0.0	    0.0	    0.0	    0.0	    4.9	   20.0	  1	  750.0	 2050.0	    0.0	    0.0	    4.9	1	  294.7	 21	    0.0	    0.0	
  304	  30.40	  372.8	 1582.3	 -139.0	  822.5	 1329.5	    0.0	  200.0	    0.0	 1500.0	    0.0	  200.0	  100.0	    0.0	    0.0	    0.0	    0.0	    4.9	   20.1	  1	  750.0	 2050.0	    0.0	    0.0	    4.9	1	  294.7	 21	    0.0	    0.0	
  305	  30.50	  372.8	 1582.3	 -139.0	  822.5	 1329.5	    0.0	  200.0	    0.0	 1500.0	    0.0	  200.0	  100.0	    0.0	    0.0	    0.0	    0.0	    4.9	   20.2	  1	  750.0	 2050.0	    0.0	    0.0	    4.9	1	  294.7	 21	    0.0	    0.0	
  306	  30.60	  372.8	 1582.3	 -139.0	  822.5	 1329.5	    0.0	  200.0	    0.0	 1500.0	    0.0	  200.0	  100.0	    0.0	    0.0	    0.0	    0.0	    5.0	   20.2	  1	  750.0	 2050.0	    0.0	    0.0	    5.0	1	  294.7	 21	    0.0	    0.0	
  307	  30.70	  372.8	 1582.3	 -139.0	  810.7	 1292.2	    0.0	  200.0	    0.0	 1500.0	    0.0	  200.0	  100.0	    0.0	    0.0	    0.0	    0.0	    5.0	   20.3	  1	  750.0	 2050.0	    0.0	    0.0	    5.0	1	  295.3	 21	    0.0	    0.0	
  308	  30.80	  372.8	 1582.3	 -131.2	  810.7	 1292.2	    0.0	  200.0	    0.0	 1500.0	    0.0	  200.0	  100.0	    0.0	    0.0	    0.0	    0.0	    5.0	   20.4	  1	  750.0	 2050.0	    0.0	    0.0	    5.0	1	  295.3	 21	    0.0	    0.0	
  309	  30.90	  372.8	 1582.3	 -131.2	  810.7	 1292.2	    0.0	  200.0	    0.0	 1500.0	    0.0	  200.0	  100.0	    0.0	    0.0	    0.0	    0.0	    5.1	   20.4	  1	  750.0	 2050.0	    0.0	    0.0	    5.1	1	  295.3	 21	    0.0	    0.0	
  310	  31.00	  372.8	 1582.3	 -131.2	  810.7	 1292.2	    0.0	  200.0	    0.0	 1500.0	    0.0	  200.0	  100.0	    0.0	    0.0	    0.0	    0.0	    5.1	   20.5	  1	  750.0	 2050.0	    0.0	    0.0	    5.1	1	  295.3	 21	    0.0	    0.0	
  311	  31.10	  372.8	 1582.3	 -131.2	  810.7	 1292.2	    0.0	  200.0	    0.0	 1500.0	    0.0	  200.0	  100.0	    0.0	    0.0	    0.0	    0.0	    5.1	   20.6	  1	  750.0	 2050.0	    0.0	    0.0	    5.1	1	  295.3	 21	    0.0	    0.0	
  312	  31.20	  372.8	 1582.3	 -131.2	  823.7	 1276.1	    0.0	  200.0	    0.0	 1500.0	    0.0	  200.0	  100.0	    0.0	    0.0	    0.0	    0.0	    5.2	   20.6	  1	  750.0	 2050.0	    0.0	    0.0	    5.2	1	  295.7	 21	    0.0	    0.0	
  313	  31.30	  372.8	 1582.3	 -112.5	  823.7	 1276.1	    0.0	  200.0	    0.0	 1500.0	    0.0	  200.0	  100.0	    0.0	    0.0	    0.0	    0.0	    5.2	   20.7	  1	  750.0	 2050.0	    0.0	    0.0	    5.2	1	  295.7	 21	    0.0	    0.0	
  314	  31.40	  372.8	 1582.3	 -112.5	  823.7	 1276.1	    0.0	  200.0	    0.0	 1500.0	    0.0	  200.0	  100.0	    0.0	    0.0	    0.0	    0.0	    5.2	   20.8	  1	  750.0	 2050.0	    0.0	    0.0	    5.2	1	  295.7	 21	    0.0	    0.0	
  315	  31.50	  372.8	 1582.3	 -112.5	  823.7	 1276.1	    0.0	  200.0	    0.0	 1500.0	    0.0	  200.0	  100.0	    0.0	    0.0	    0.0	    0.0	    5.3	   20.8	  1	  750.0	 2050.0	    0.0	    0.0	    5.3	1	  295.7	 21	    0.0	    0.0	
  316	  31.60	  372.8	 1582.3	 -112.5	  820.7	 1286.9	    0.0	  200.0	    0.0	 1500.0	    0.0	  200.0	  100.0	    0.0	    0.0	    0.0	    0.0	    5.3	   20.9	  1	  750.0	 2050.0	    0.0	    0.0	    5.3	1	  295.5	 21	    0.0	    0.0	
  317	  31.70	  372.8	 1582.3	 -140.7	  820.7	 1286.9	    0.0	  200.0	    0.0	 1500.0	    0.0	  200.0	  100.0	    0.0	    0.0	    0.0	    0.0	    5.4	   21.0	  1	  750.0	 2050.0	    0.0	    0.0	    5.4	1	  295.6	 21	    0.0	    0.0	
  318	  31.80	  372.8	 1582.3	 -140.7	  823.7	 1276.1	    0.0	  200.0	    0.0	 1500.0	    0.0	  200.0	  100.0	    0.0	    0.0	    0.0	    0.0	    5.4	   21.0	  1	  750.0	 2050.0	    0.0	    0.0	    5.4	1	  295.7	 21	    0.0	    0.0	
  319	  31.90	  372.8	 1582.3	  -99.6	  820.7	 1286.9	    0.0	  200.0	    0.0	 1500.0	    0.0	  200.0	  100.0	    0.0	    0.0	    0.0	    0.0	    5.4	   21.1	  1	  750.0	 2050.0	    0.0	    0.0	    5.4	1	  295.6	 21	    0.0	    0.0	
  320	  32.00	  372.8	 1582.3	 -157.1	  820.7	 1286.9	    0.0	  200.0	    0.0	 1500.0	    0.0	  200.0	  100.0	    0.0	    0.0	    0.0	    0.0	    5.5	   21.2	  1	  750.0	 2050.0	    0.0	    0.0	    5.5	1	  295.6	 21	    0.0	    0.0	
  321	  32.10	  372.8	 1582.3	 -157.2	  817.9	 1291.2	    0.0	  200.0	    0.0	 1500.0	    0.0	  200.0	  100.0	    0.0	    0.0	    0.0	    0.0	    5.5	   21.2	  1	  750.0	 2050.0	    0.0	    0.0	    5.5	1	  295.5	 21	    0.0	    0.0	
  322	  32.20	  372.8	 1582.3	  164.0	  820.7	 1286.9	    0.0	  200.0	    0.0	 1500.0	    0.0	  200.0	  100.0	    0.0	    0.0	    0.0	    0.0	    5.6	   21.3	  1	  750.0	 2050.0	    0.0	    0.0	    5.6	1	  295.6	 21	    0.0	    0.0	
  323	  32.30	  372.8	 1582.3	 -141.4	  817.9	 1291.2	    0.0	  200.0	    0.0	 1500.0	    0.0	  200.0	  100.0	    0.0	    0.0	    0.0	    0.0	    5.6	   21.4	  1	  750.0	 2050.0	    0.0	    0.0	    5.6	1	  295.5	 21	    0.0	    0.0	
  324	  32.40	  372.8	 1582.3	  156.6	  817.9	 1291.2	    0.0	  200.0	    0.0	 1500.0	    0.0	  200.0	  100.0	    0.0	    0.0	    0.0	    0.0	    5.6	   21.4	  1	  750.0	 2050.0	    0.0	    0.0	    5.6	1	  295.6	 21	    0.0	    0.0	
  325	  32.50	  372.8	 1582.3	  156.6	  817.9	 1291.2	    0.0	  200.0	    0.0	 1500.0	    0.0	  200.0	  100.0	    0.0	    0.0	    0.0	    0.0	    5.7	   21.5	  1	  750.0	 2050.0	    0.0	    0.0	    5.7	1	  295.6	 21	    0.0	    0.0	
  326	  32.60	  372.8	 1582.3	  156.5	  819.7	 1304.5	    0.0	  200.0	    0.0	 1500.0	    0.0	  200.0	  100.0	    0.0	    0.0	    0.0	    0.0	    5.7	   21.6	  1	  750.0	 2050.0	    0.0	    0.0	    5.7	1	  295.4	 21	    0.0	    0.0	
  327	  32.70	  372.8	 1582.3	  131.9	  819.7	 1304.5	    0.0	  200.0	    0.0	 1500.0	    0.0	  200.0	  100.0	    0.0	    0.0	    0.0	    0.0	    5.7	   21.7	  1	  750.0	 2050.0	    0.0	    0.0	    5.7	1	  295.5	 21	    0.0	    0.0	
  328	  32.80	  372.8	 1582.3	   44.4	  819.7	 1304.5	    0.0	  200.0	    0.0	 1500.0	    0.0	  200.0	  100.0	    0.0	    0.0	    0.0	    0.0	    5.8	   21.7	  1	  750.0	 2050.0	    0.0	    0.0	    5.8	1	  295.5	 21	    0.0	    0.0	
  329	  32.90	  372.8	 1582.3	   36.5	  819.8	 1317.3	    0.0	  200.0	    0.0	 1500.0	    0.0	  200.0	  100.0	    0.0	    0.0	    0.0	    0.0	    5.8	   21.8	  1	  750.0	 2050.0	    0.0	    0.0	    5.8	1	  295.3	 21	    0.0	    0.0	
  330	  33.00	  372.8	 1582.3	   38.2	  819.8	 1317.3	    0.0	  200.0	    0.0	 1500.0	    0.0	  200.0	  100.0	    0.0	    0.0	    0.0	    0.0	    5.8	   21.9	  1	  750.0	 2050.0	    0.0	    0.0	    5.8	1	  295.3	 21	    0.0	    0.0	
  331	  33.10	  372.8	 1582.3	   38.2	  819.8	 1317.3	    0.0	  200.0	    0.0	 1500.0	    0.0	  200.0	  100.0	    0.0	    0.0	    0.0	    0.0	    5.9	   21.9	  1	  750.0	 2050.0	    0.0	    0.0	    5.9	1	  295.3	 21	    0.0	    0.0	
  332	  33.20	  372.8	 1582.3	   38.2	  819.8	 1317.3	    0.0	  200.0	    0.0	 1500.0	    0.0	  200.0	  100.0	    0.0	    0.0	    0.0	    0.0	    5.9	   22.0	  1	  750.0	 2050.0	    0.0	    0.0	    5.9	1	  295.4	 21	    0.0	    0.0	
  333	  33.30	  372.8	 1582.3	   38.2	  819.8	 1317.3	    0.0	  200.0	    0.0	 1500.0	    0.0	  200.0	  100.0	    0.0	    0.0	    0.0	    0.0	    5.9	   22.1	  1	  750.0	 2050.0	    0.0	    0.0	    5.9	1	  295.4	 21	    0.0	    0.0	
  334	  33.40	  372.8	 1582.3	   38.2	  821.4	 1332.4	    0.0	  200.0	    0.0	 1500.0	    0.0	  200.0	  100.0	    0.0	    0.0	    0.0	    0.0	    6.0	   22.1	  1	  750.0	 2050.0	    0.0	    0.0	    6.0	1	  295.2	 21	    0.0	    0.0	
  335	  33.50	  372.8	 1582.3	   44.9	  821.4	 1332.4	    0.0	  200.0	    0.0	 1500.0	    0.0	  200.0	  100.0	    0.0	    0.0	    0.0	    0.0	    6.0	   22.2	  1	  750.0	 2050.0	    0.0	    0.0	    6.0	1	  295.2	 21	    0.0	    0.0	
  336	  33.60	  372.8	 1582.3	   49.1	  821.4	 1332.4	    0.0	  200.0	    0.0	 1500.0	    0.0	  200.0	  100.0	    0.0	    0.0	    0.0	    0.0	    6.0	   22.3	  1	  750.0	 2050.0	    0.0	    0.0	    6.0	1	  295.2	 21	    0.0	    0.0	
  337	  33.70	  372.8	 1582.3	   59.9	  821.4	 1332.4	    0.0	  200.0	    0.0	 1500.0	    0.0	  200.0	  100.0	    0.0	    0.0	    0.0	    0.0	    6.1	   22.3	  1	  750.0	 2050.0	    0.0	    0.0	    6.1	1	  295.2	 21	    0.0	    0.0	
  338	  33.80	  372.8	 1582.3	 -150.6	  828.0	 1340.1	    0.0	  200.0	    0.0	 1500.0	    0.0	  200.0	  100.0	    0.0	    0.0	    0.0	    0.0	    6.1	   22.4	  1	  750.0	 2050.0	    0.0	    0.0	    6.1	1	  295.2	 21	    0.0	    0.0	
  339	  33.90	  372.8	 1582.3	 -142.6	  828.0	 1340.1	    0.0	  200.0	    0.0	 1500.0	    0.0	  200.0	  100.0	    0.0	    0.0	    0.0	    0.0	    6.1	   22.5	  1	  750.0	 2050.0	    0.0	    0.0	    6.1	1	  295.2	 21	    0.0	    0.0	
  340	  34.00	  372.8	 1582.3	 -142.6	  828.0	 1340.1	    0.0	  200.0	    0.0	 1500.0	    0.0	  200.0	  100.0	    0.0	    0.0	    0.0	    0.0	    6.1	   22.5	  1	  750.0	 2050.0	    0.0	    0.0	    6.1	1	  295.2	 21	    0.0	    0.0	
  341	  34.10	  372.8	 1582.3	 -142.6	  828.0	 1340.1	    0.0	  200.0	    0.0	 1500.0	    0.0	  200.0	  100.0	    0.0	    0.0	    0.0	    0.0	    6.2	   22.6	  1	  750.0	 2050.0	    0.0	    0.0	    6.2	1	  295.2	 21	    0.0	    0.0	
  342	  34.20	  372.8	 1582.3	 -142.6	  832.2	 1343.5	    0.0	  200.0	    0.0	 1500.0	    0.0	  200.0	  100.0	    0.0	    0.0	    0.0	    0.0	    6.2	   22.7	  1	  750.0	 2050.0	    0.0	    0.0	    6.2	1	  295.2	 21	    0.0	    0.0	
  343	  34.30	  372.8	 1582.3	 -142.6	  832.2	 1343.5	    0.0	  200.0	    0.0	 1500.0	    0.0	  200.0	  100.0	    0.0	    0.0	    0.0	    0.0	    6.2	   22.7	  1	  750.0	 2050.0	    0.0	    0.0	    6.2	1	  295.2	 21	    0.0	    0.0	
  344	  34.40	  372.8	 1582.3	 -142.6	  832.2	 1343.5	    0.0	  200.0	    0.0	 1500.0	    0.0	  200.0	  100.0	    0.0	    0.0	    0.0	    0.0	    6.3	   22.8	  1	  750.0	 2050.0	    0.0	    0.0	    6.3	1	  295.3	 21	    0.0	    0.0	
  345	  34.50	  372.8	 1582.3	 -142.6	  832.7	 1344.4	    0.0	  200.0	    0.0	 1500.0	    0.0	  200.0	  100.0	    0.0	    0.0	    0.0	    0.0	    6.3	   22.9	  1	  750.0	 2050.0	    0.0	    0.0	    6.3	1	  295.3	 21	    0.0	    0.0	
  346	  34.60	  372.8	 1582.3	 -142.8	  832.7	 1344.4	    0.0	  200.0	    0.0	 1500.0	    0.0	  200.0	  100.0	    0.0	    0.0	    0.0	    0.0	    6.3	   22.9	  1	  750.0	 2050.0	    0.0	    0.0	    6.3	1	  295.3	 21	    0.0	    0.0	
  347	  34.70	  372.8	 1582.3	 -142.8	  832.7	 1344.4	    0.0	  200.0	    0.0	 1500.0	    0.0	  200.0	  100.0	    0.0	    0.0	    0.0	    0.0	    6.4	   23.0	  1	  750.0	 2050.0	    0.0	    0.0	    6.4	1	  295.3	 21	    0.0	    0.0	
  348	  34.80	  372.8	 1582.3	 -142.8	  831.8	 1344.8	    0.0	  200.0	    0.0	 1500.0	    0.0	  200.0	  100.0	    0.0	    0.0	    0.0	    0.0	    6.4	   23.1	  1	  750.0	 2050.0	    0.0	    0.0	    6.4	1	  295.3	 21	    0.0	    0.0	
  349	  34.90	  372.8	 1582.3	 -143.4	  832.2	 1343.5	    0.0	  200.0	    0.0	 1500.0	    0.0	  200.0	  100.0	    0.0	    0.0	    0.0	    0.0	    6.4	   23.1	  1	  750.0	 2050.0	    0.0	    0.0	    6.4	1	  295.3	 21	    0.0	    0.0	
  350	  35.00	  372.8	 1582.3	 -142.3	  831.8	 1344.8	    0.0	  200.0	    0.0	 1500.0	    0.0	  200.0	  100.0	    0.0	    0.0	    0.0	    0.0	    6.5	   23.2	  1	  750.0	 2050.0	    0.0	    0.0	    6.5	1	  295.3	 21	    0.0	    0.0	
  351	  35.10	  372.8	 1582.3	 -143.7	  831.8	 1344.8	    0.0	  200.0	    0.0	 1500.0	    0.0	  200.0	  100.0	    0.0	    0.0	    0.0	    0.0	    6.5	   23.3	  1	  750.0	 2050.0	    0.0	    0.0	    6.5	1	  295.4	 21	    0.0	    0.0	
