    1	   0.10	    0.0	    0.0	    0.0	    0.0	    0.0	    0.0	    0.0	    0.0	    0.0	    0.0	    0.0	  100.0	   99.9	    0.0	    0.0	    0.0	    0.0	    0.1	  1	 -750.0	  750.0	   99.9	    0.0	    0.0	1	  967.7	 21	    0.0	    5.0	
    2	   0.20	    0.0	    0.0	  -91.1	    0.0	    0.0	    0.0	    0.0	    0.0	    0.0	    0.0	    0.0	  100.0	   99.4	    0.0	    0.0	    0.0	    0.0	    0.1	  1	  -50.0	 1250.0	   99.4	    0.0	    0.0	1	 1173.9	 21	    0.0	    5.0	
    3	   0.30	    0.0	    0.0	  -90.0	    0.0	    0.0	    0.0	    0.0	    0.0	    0.0	    0.0	    0.0	  100.0	   98.9	    0.0	    0.0	    0.0	    0.0	    0.2	  1	  -50.0	 1250.0	   98.9	    0.0	    0.0	1	 1173.9	 21	    0.0	    5.0	
    4	   0.40	    0.0	    0.0	  -90.0	    0.0	    0.0	    0.0	    0.0	    0.0	    0.0	    0.0	    0.0	  100.0	   98.4	    0.0	    0.0	    0.0	    0.0	    0.3	  1	  -50.0	 1250.0	   98.4	    0.0	    0.0	1	 1173.9	 21	    0.0	    5.0	
    5	   0.50	    0.0	    0.0	  -90.0	    0.0	    0.0	    0.0	    0.0	    0.0	    0.0	    0.0	    0.0	  100.0	   97.9	    0.0	    0.0	    0.0	    0.0	    0.4	  1	  -50.0	 1250.0	   97.9	    0.0	    0.0	1	 1173.9	 21	    0.0	    5.0	
    6	   0.60	    0.0	    0.0	  -90.0	    0.0	    0.0	    0.0	    0.0	    0.0	    0.0	    0.0	    0.0	  100.0	   97.4	    0.0	    0.0	    0.0	    0.0	    0.4	  1	  -50.0	 1250.0	   97.4	    0.0	    0.0	1	 1173.9	 21	    0.0	    5.0	
    7	   0.70	    0.0	    0.0	  -90.0	    0.0	    0.0	    0.0	    0.0	    0.0	    0.0	    0.0	    0.0	  100.0	   96.9	    0.0	    0.0	    0.0	    0.0	    0.5	  1	  -50.0	 1250.0	   96.9	    0.0	    0.0	1	 1173.9	 21	    0.0	    5.0	
    8	   0.80	    0.0	    0.0	  -90.0	    0.0	    0.0	    0.0	    0.0	    0.0	    0.0	    0.0	    0.0	  100.0	   96.4	    0.0	    0.0	    0.0	    0.0	    0.6	  1	  -50.0	 1250.0	   96.4	    0.0	    0.0	1	 1173.9	 21	    0.0	    5.0	
    9	   0.90	    0.0	    0.0	  -90.0	    0.0	    0.0	    0.0	    0.0	    0.0	    0.0	    0.0	    0.0	  100.0	   95.9	    0.0	    0.0	    0.0	    0.0	    0.6	  1	  -50.0	 1250.0	   95.9	    0.0	    0.0	1	 1173.9	 21	    0.0	    5.0	
   10	   1.00	    0.0	    0.0	  -90.0	    0.0	    0.0	    0.0	    0.0	    0.0	    0.0	    0.0	    0.0	  100.0	   95.4	    0.0	    0.0	    0.0	    0.0	    0.7	  1	  -50.0	 1250.0	   95.4	    0.0	    0.0	1	 1173.9	 21	    0.0	    5.0	
   11	   1.10	    0.0	    0.0	  -90.0	    0.0	    0.0	    0.0	    0.0	    0.0	    0.0	    0.0	    0.0	  100.0	   94.9	    0.0	    0.0	    0.0	    0.0	    0.8	  1	  -50.0	 1250.0	   94.9	    0.0	    0.0	1	 1173.9	 21	    0.0	    5.0	
   12	   1.20	    0.0	    0.0	  -90.0	    0.0	    0.0	    0.0	    0.0	    0.0	    0.0	    0.0	    0.0	  100.0	   94.4	    0.0	    0.0	    0.0	    0.0	    0.9	  1	  -50.0	 1250.0	   94.4	    0.0	    0.0	1	 1173.9	 21	    0.0	    5.0	
   13	   1.30	    0.0	    0.0	  -90.0	    0.0	    0.0	    0.0	    0.0	    0.0	    0.0	    0.0	    0.0	  100.0	   93.9	    0.0	    0.0	    0.0	    0.0	    0.9	  1	  -50.0	 1250.0	   93.9	    0.0	    0.0	1	 1173.9	 21	    0.0	    5.0	
   14	   1.40	    0.0	    0.0	  -90.0	    0.0	    0.0	    0.0	    0.0	    0.0	    0.0	    0.0	    0.0	  100.0	   93.4	    0.0	    0.0	    0.0	    0.0	    1.0	  1	  -50.0	 1250.0	   93.4	    0.0	    0.0	1	 1173.9	 21	    0.0	    5.0	
   15	   1.50	    0.0	    0.0	  -90.0	    0.0	    0.0	    0.0	    0.0	    0.0	    0.0	    0.0	    0.0	  100.0	   92.9	    0.0	    0.0	    0.0	    0.0	    1.1	  1	  -50.0	 1250.0	   92.9	    0.0	    0.0	1	 1173.9	 21	    0.0	    5.0	
   16	   1.60	    0.0	    0.0	  -90.0	    0.0	    0.0	    0.0	    0.0	    0.0	    0.0	    0.0	    0.0	  100.0	   92.4	    0.0	    0.0	    0.0	    0.0	    1.1	  1	  -50.0	 1250.0	   92.4	    0.0	    0.0	1	 1173.9	 21	    0.0	    5.0	
   17	   1.70	    0.0	    0.0	  -90.0	    0.0	    0.0	    0.0	    0.0	    0.0	    0.0	    0.0	    0.0	  100.0	   91.9	    0.0	    0.0	    0.0	    0.0	    1.2	  1	  -50.0	 1250.0	   91.9	    0.0	    0.0	1	 1173.9	 21	    0.0	    5.0	
   18	   1.80	    0.0	    0.0	  -90.0	    0.0	    0.0	    0.0	    0.0	    0.0	    0.0	    0.0	    0.0	  100.0	   91.4	    0.0	    0.0	    0.0	    0.0	    1.3	  1	  -50.0	 1250.0	   91.4	    0.0	    0.0	1	 1173.9	 21	    0.0	    5.0	
   19	   1.90	    0.0	    0.0	  -90.0	    0.0	    0.0	    0.0	    0.0	    0.0	    0.0	    0.0	    0.0	  100.0	   90.9	    0.0	    0.0	    0.0	    0.0	    1.4	  1	  -50.0	 1250.0	   90.9	    0.0	    0.0	1	 1173.9	 21	    0.0	    5.0	
   20	   2.00	    0.0	    0.0	  -90.0	    0.0	    0.0	    0.0	    0.0	    0.0	    0.0	    0.0	    0.0	  100.0	   90.4	    0.0	    0.0	    0.0	    0.0	    1.4	  1	  -50.0	 1250.0	   90.4	    0.0	    0.0	1	 1173.9	 21	    0.0	    5.0	
   21	   2.10	    0.0	    0.0	  -90.0	    0.0	    0.0	    0.0	    0.0	    0.0	    0.0	    0.0	    0.0	  100.0	   89.9	    0.0	    0.0	    0.0	    0.0	    1.5	  1	  -50.0	 1250.0	   89.9	    0.0	    0.0	1	 1173.9	 21	    0.0	    5.0	
   22	   2.20	    0.0	    0.0	  -90.0	    0.0	    0.0	    0.0	    0.0	    0.0	    0.0	    0.0	    0.0	  100.0	   89.4	    0.0	    0.0	    0.0	    0.0	    1.6	  1	  -50.0	 1250.0	   89.4	    0.0	    0.0	1	 1173.9	 21	    0.0	    5.0	
   23	   2.30	    0.0	    0.0	  -90.0	    0.0	    0.0	    0.0	    0.0	    0.0	    0.0	    0.0	    0.0	  100.0	   88.9	    0.0	    0.0	    0.0	    0.0	    1.6	  1	  -50.0	 1250.0	   88.9	    0.0	    0.0	1	 1173.9	 21	    0.0	    5.0	
   24	   2.40	    0.0	    0.0	  -90.0	    0.0	    0.0	    0.0	    0.0	    0.0	    0.0	    0.0	    0.0	  100.0	   88.4	    0.0	    0.0	    0.0	    0.0	    1.7	  1	  -50.0	 1250.0	   88.4	    0.0	    0.0	1	 1173.9	 21	    0.0	    5.0	
   25	   2.50	    0.0	    0.0	  -90.0	    0.0	    0.0	    0.0	    0.0	    0.0	    0.0	    0.0	    0.0	  100.0	   87.9	    0.0	    0.0	    0.0	    0.0	    1.8	  1	  -50.0	 1250.0	   87.9	    0.0	    0.0	1	 1173.9	 21	    0.0	    5.0	
   26	   2.60	    0.0	    0.0	  -90.0	    0.0	    0.0	    0.0	    0.0	    0.0	    0.0	    0.0	    0.0	  100.0	   87.4	    0.0	    0.0	    0.0	    0.0	    1.9	  1	  -50.0	 1250.0	   87.4	    0.0	    0.0	1	 1173.9	 21	    0.0	    5.0	
   27	   2.70	    0.0	    0.0	  -90.0	    0.0	    0.0	    0.0	    0.0	    0.0	    0.0	    0.0	    0.0	  100.0	   86.9	    0.0	    0.0	    0.0	    0.0	    1.9	  1	  -50.0	 1250.0	   86.9	    0.0	    0.0	1	 1173.9	 21	    0.0	    5.0	
   28	   2.80	    0.0	    0.0	  -90.0	    0.0	    0.0	    0.0	    0.0	    0.0	    0.0	    0.0	    0.0	  100.0	   86.4	    0.0	    0.0	    0.0	    0.0	    2.0	  1	  -50.0	 1250.0	   86.4	    0.0	    0.0	1	 1173.9	 21	    0.0	    5.0	
   29	   2.90	    0.0	    0.0	  -90.0	    0.0	    0.0	    0.0	    0.0	    0.0	    0.0	    0.0	    0.0	  100.0	   85.9	    0.0	    0.0	    0.0	    0.0	    2.1	  1	  -50.0	 1250.0	   85.9	    0.0	    0.0	1	 1173.9	 21	    0.0	    5.0	
   30	   3.00	    0.0	    0.0	  -90.0	    0.0	    0.0	    0.0	    0.0	    0.0	    0.0	    0.0	    0.0	  100.0	   85.4	    0.0	    0.0	    0.0	    0.0	    2.1	  1	  -50.0	 1250.0	   85.4	    0.0	    0.0	1	 1173.9	 21	    0.0	    5.0	
   31	   3.10	    0.0	    0.0	  -90.0	    0.0	    0.0	    0.0	    0.0	    0.0	    0.0	    0.0	    0.0	  100.0	   84.9	    0.0	    0.0	    0.0	    0.0	    2.2	  1	  -50.0	 1250.0	   84.9	    0.0	    0.0	1	 1173.9	 21	    0.0	    5.0	
   32	   3.20	    0.0	    0.0	  -90.0	    0.0	    0.0	    0.0	    0.0	    0.0	    0.0	    0.0	    0.0	  100.0	   84.4	    0.0	    0.0	    0.0	    0.0	    2.3	  1	  -50.0	 1250.0	   84.4	    0.0	    0.0	1	 1173.9	 21	    0.0	    5.0	
   33	   3.30	    0.0	    0.0	  -90.0	    0.0	    0.0	    0.0	    0.0	    0.0	    0.0	    0.0	    0.0	  100.0	   83.9	    0.0	    0.0	    0.0	    0.0	    2.4	  1	  -50.0	 1250.0	   83.9	    0.0	    0.0	1	 1173.9	 21	    0.0	    5.0	
   34	   3.40	    0.0	    0.0	  -90.0	    0.0	    0.0	    0.0	    0.0	    0.0	    0.0	    0.0	    0.0	  100.0	   83.4	    0.0	    0.0	    0.0	    0.0	    2.4	  1	  -50.0	 1250.0	   83.4	    0.0	    0.0	1	 1173.9	 21	    0.0	    5.0	
   35	   3.50	    0.0	    0.0	  -90.0	    0.0	    0.0	    0.0	    0.0	    0.0	    0.0	    0.0	    0.0	  100.0	   82.9	    0.0	    0.0	    0.0	    0.0	    2.5	  1	  -50.0	 1250.0	   82.9	    0.0	    0.0	1	 1173.1	 21	    0.0	    5.0	
   36	   3.60	    0.0	 1500.0	  -91.0	    0.0	 1500.0	    0.0	  200.0	    0.0	 1500.0	    0.0	  200.0	  100.0	   90.7	    0.0	    0.0	    0.0	    0.0	    2.4	  1	  -50.0	 2250.0	   90.7	    0.0	    0.0	1	  509.0	 21	 1207.2	 -192.8	
   37	   3.70	    0.0	 1500.0	   89.3	    0.0	 1500.0	    0.0	  200.0	    0.0	 1500.0	    0.0	  200.0	  100.0	   90.2	    0.0	    0.0	    0.0	    0.0	    2.4	  1	 -750.0	 1550.0	   90.2	    0.0	    0.0	1	  388.0	 21	    0.0	    0.0	
   38	   3.80	    0.0	 1500.0	  102.5	    0.0	 1500.0	    0.0	  200.0	    0.0	 1500.0	    0.0	  200.0	  100.0	   89.7	    0.0	    0.0	    0.0	    0.0	    2.5	  1	 -750.0	 1550.0	   89.7	    0.0	    0.0	1	  387.6	 21	    0.0	    0.0	
   39	   3.90	    0.0	 1500.0	  107.9	    0.0	 1500.0	    0.0	  200.0	    0.0	 1500.0	    0.0	  200.0	  100.0	   89.2	    0.0	    0.0	    0.0	    0.0	    2.5	  1	 -750.0	 1550.0	   89.2	    0.0	    0.0	1	  387.1	 21	    0.0	    0.0	
   40	   4.00	    0.0	 1500.0	  110.7	    0.0	 1500.0	    0.0	  200.0	    0.0	 1500.0	    0.0	  200.0	  100.0	   88.7	    0.0	    0.0	    0.0	    0.0	    2.6	  1	 -750.0	 1550.0	   88.7	    0.0	    0.0	1	  386.6	 21	    0.0	    0.0	
   41	   4.10	    0.0	 1500.0	  112.6	    0.0	 1500.0	    0.0	  200.0	    0.0	 1500.0	    0.0	  200.0	  100.0	   88.2	    0.0	    0.0	    0.0	    0.0	    2.7	  1	 -750.0	 1550.0	   88.2	    0.0	    0.0	1	  386.2	 21	    0.0	    0.0	
   42	   4.20	    0.0	 1500.0	  114.0	    0.0	 1500.0	    0.0	  200.0	    0.0	 1500.0	    0.0	  200.0	  100.0	   87.7	    0.0	    0.0	    0.0	    0.0	    2.7	  1	 -750.0	 1550.0	   87.7	    0.0	    0.0	1	  385.7	 21	    0.0	    0.0	
   43	   4.30	    0.0	 1500.0	  115.5	    0.0	 1500.0	    0.0	  200.0	    0.0	 1500.0	    0.0	  200.0	  100.0	   87.2	    0.0	    0.0	    0.0	    0.0	    2.8	  1	 -750.0	 1550.0	   87.2	    0.0	    0.0	1	  385.2	 21	    0.0	    0.0	
   44	   4.40	    0.0	 1500.0	  117.4	    0.0	 1500.0	    0.0	  200.0	    0.0	 1500.0	    0.0	  200.0	  100.0	   86.7	    0.0	    0.0	    0.0	    0.0	    2.9	  1	 -750.0	 1550.0	   86.7	    0.0	    0.0	1	  384.8	 21	    0.0	    0.0	
   45	   4.50	    0.0	 1500.0	  120.4	    0.0	 1500.0	    0.0	  200.0	    0.0	 1500.0	    0.0	  200.0	  100.0	   86.2	    0.0	    0.0	    0.0	    0.0	    2.9	  1	 -750.0	 1550.0	   86.2	    0.0	    0.0	1	  384.3	 21	    0.0	    0.0	
   46	   4.60	    0.0	 1500.0	  126.1	    0.0	 1500.0	    0.0	  200.0	    0.0	 1500.0	    0.0	  200.0	  100.0	   85.7	    0.0	    0.0	    0.0	    0.0	    3.0	  1	 -750.0	 1550.0	   85.7	    0.0	    0.0	1	  383.9	 21	    0.0	    0.0	
   47	   4.70	    0.0	 1500.0	  137.7	    0.0	 1500.0	    0.0	  200.0	    0.0	 1500.0	    0.0	  200.0	  100.0	   85.2	    0.0	    0.0	    0.0	    0.0	    3.1	  1	 -750.0	 1550.0	   85.2	    0.0	    0.0	1	  383.4	 21	    0.0	    0.0	
   48	   4.80	    0.0	 1500.0	  154.7	    0.0	 1500.0	    0.0	  200.0	    0.0	 1500.0	    0.0	  200.0	  100.0	   84.7	    0.0	    0.0	    0.0	    0.0	    3.1	  1	 -750.0	 1550.0	   84.7	    0.0	    0.0	1	  382.9	 21	    0.0	    0.0	
   49	   4.90	    0.0	 1500.0	  166.8	    0.0	 1500.0	    0.0	  200.0	    0.0	 1500.0	    0.0	  200.0	  100.0	   84.2	    0.0	    0.0	    0.0	    0.0	    3.2	  1	 -750.0	 1550.0	   84.2	    0.0	    0.0	1	  382.5	 21	    0.0	    0.0	
   50	   5.00	    0.0	 1500.0	  171.4	    0.0	 1500.0	    0.0	  200.0	    0.0	 1500.0	    0.0	  200.0	  100.0	   83.7	    0.0	    0.0	    0.0	    0.0	    3.3	  1	 -750.0	 1550.0	   83.7	    0.0	    0.0	1	  382.0	 21	    0.0	    0.0	
   51	   5.10	    0.0	 1500.0	  172.7	    0.0	 1500.0	    0.0	  200.0	    0.0	 1500.0	    0.0	  200.0	  100.0	   83.2	    0.0	    0.0	    0.0	    0.0	    3.3	  1	 -750.0	 1550.0	   83.2	    0.0	    0.0	1	  381.5	 21	    0.0	    0.0	
   52	   5.20	    0.0	 1500.0	  173.1	    0.0	 1500.0	    0.0	  200.0	    0.0	 1500.0	    0.0	  200.0	  100.0	   82.7	    0.0	    0.0	    0.0	    0.0	    3.4	  1	 -750.0	 1550.0	   82.7	    0.0	    0.0	1	  381.1	 21	    0.0	    0.0	
   53	   5.30	    0.0	 1500.0	  173.2	    0.0	 1500.0	    0.0	  200.0	    0.0	 1500.0	    0.0	  200.0	  100.0	   82.2	    0.0	    0.0	    0.0	    0.0	    3.5	  1	 -750.0	 1550.0	   82.2	    0.0	    0.0	1	  380.6	 21	    0.0	    0.0	
   54	   5.40	    0.0	 1500.0	  173.2	    0.0	 1500.0	    0.0	  200.0	    0.0	 1500.0	    0.0	  200.0	  100.0	   81.7	    0.0	    0.0	    0.0	    0.0	    3.5	  1	 -750.0	 1550.0	   81.7	    0.0	    0.0	1	  380.1	 21	    0.0	    0.0	
   55	   5.50	    0.0	 1500.0	  173.1	    0.0	 1500.0	    0.0	  200.0	    0.0	 1500.0	    0.0	  200.0	  100.0	   81.2	    0.0	    0.0	    0.0	    0.0	    3.6	  1	 -750.0	 1550.0	   81.2	    0.0	    0.0	1	  379.7	 21	    0.0	    0.0	
   56	   5.60	    0.0	 1500.0	  172.8	    0.0	 1500.0	    0.0	  200.0	    0.0	 1500.0	    0.0	  200.0	  100.0	   80.7	    0.0	    0.0	    0.0	    0.0	    3.7	  1	 -750.0	 1550.0	   80.7	    0.0	    0.0	1	  379.2	 21	    0.0	    0.0	
   57	   5.70	    0.0	 1500.0	  172.3	    0.0	 1500.0	    0.0	  200.0	    0.0	 1500.0	    0.0	  200.0	  100.0	   80.2	    0.0	    0.0	    0.0	    0.0	    3.7	  1	 -750.0	 1550.0	   80.2	    0.0	    0.0	1	  378.7	 21	    0.0	    0.0	
   58	   5.80	    0.0	 1500.0	  171.0	    0.0	 1500.0	    0.0	  200.0	    0.0	 1500.0	    0.0	  200.0	  100.0	   79.7	    0.0	    0.0	    0.0	    0.0	    3.8	  1	 -750.0	 1550.0	   79.7	    0.0	    0.0	1	  378.3	 21	    0.0	    0.0	
   59	   5.90	    0.0	 1500.0	  164.3	    0.0	 1500.0	    0.0	  200.0	    0.0	 1500.0	    0.0	  200.0	  100.0	   79.2	    0.0	    0.0	    0.0	    0.0	    3.9	  1	 -750.0	 1550.0	   79.2	    0.0	    0.0	1	  377.8	 21	    0.0	    0.0	
   60	   6.00	    0.0	 1500.0	    9.1	    0.0	 1500.0	    0.0	  200.0	    0.0	 1500.0	    0.0	  200.0	  100.0	   78.7	    0.0	    0.0	    0.0	    0.0	    3.9	  1	 -750.0	 1550.0	   78.7	    0.0	    0.0	1	  377.3	 21	    0.0	    0.0	
   61	   6.10	    0.0	 1500.0	    2.6	    0.0	 1500.0	    0.0	  200.0	    0.0	 1500.0	    0.0	  200.0	  100.0	   78.2	    0.0	    0.0	    0.0	    0.0	    4.0	  1	 -750.0	 1550.0	   78.2	    0.0	    0.0	1	  376.9	 21	    0.0	    0.0	
   62	   6.20	    0.0	 1500.0	    2.6	    0.0	 1500.0	    0.0	  200.0	    0.0	 1500.0	    0.0	  200.0	  100.0	   77.7	    0.0	    0.0	    0.0	    0.0	    4.1	  1	 -750.0	 1550.0	   77.7	    0.0	    0.0	1	  376.4	 21	    0.0	    0.0	
   63	   6.30	    0.0	 1500.0	    2.6	    0.0	 1500.0	    0.0	  200.0	    0.0	 1500.0	    0.0	  200.0	  100.0	   77.2	    0.0	    0.0	    0.0	    0.0	    4.1	  1	 -750.0	 1550.0	   77.2	    0.0	    0.0	1	  375.9	 21	    0.0	    0.0	
   64	   6.40	    0.0	 1500.0	    2.6	    0.0	 1500.0	    0.0	  200.0	    0.0	 1500.0	    0.0	  200.0	  100.0	   76.7	    0.0	    0.0	    0.0	    0.0	    4.2	  1	 -750.0	 1550.0	   76.7	    0.0	    0.0	1	  375.4	 21	    0.0	    0.0	
   65	   6.50	    0.0	 1500.0	    2.6	    0.0	 1500.0	    0.0	  200.0	    0.0	 1500.0	    0.0	  200.0	  100.0	   76.2	    0.0	    0.0	    0.0	    0.0	    4.3	  1	 -750.0	 1550.0	   76.2	    0.0	    0.0	1	  375.0	 21	    0.0	    0.0	
   66	   6.60	    0.0	 1500.0	    2.6	    0.0	 1500.0	    0.0	  200.0	    0.0	 1500.0	    0.0	  200.0	  100.0	   75.7	    0.0	    0.0	    0.0	    0.0	    4.4	  1	 -750.0	 1550.0	   75.7	    0.0	    0.0	1	  374.5	 21	    0.0	    0.0	
   67	   6.70	    0.0	 1500.0	    2.6	    0.0	 1500.0	    0.0	  200.0	    0.0	 1500.0	    0.0	  200.0	  100.0	   75.2	    0.0	    0.0	    0.0	    0.0	    4.4	  1	 -750.0	 1550.0	   75.2	    0.0	    0.0	1	  374.0	 21	    0.0	    0.0	
   68	   6.80	    0.0	 1500.0	    2.6	    0.0	 1500.0	    0.0	  200.0	    0.0	 1500.0	    0.0	  200.0	  100.0	   74.7	    0.0	    0.0	    0.0	    0.0	    4.5	  1	 -750.0	 1550.0	   74.7	    0.0	    0.0	1	  373.6	 21	    0.0	    0.0	
   69	   6.90	    0.0	 1500.0	    2.6	    0.0	 1500.0	    0.0	  200.0	    0.0	 1500.0	    0.0	  200.0	  100.0	   74.2	    0.0	    0.0	    0.0	    0.0	    4.6	  1	 -750.0	 1550.0	   74.2	    0.0	    0.0	1	  373.1	 21	    0.0	    0.0	
   70	   7.00	    0.0	 1500.0	    2.6	    0.0	 1500.0	    0.0	  200.0	    0.0	 1500.0	    0.0	  200.0	  100.0	   73.7	    0.0	    0.0	    0.0	    0.0	    4.6	  1	 -750.0	 1550.0	   73.7	    0.0	    0.0	1	  372.6	 21	    0.0	    0.0	
   71	   7.10	    0.0	 1500.0	    2.6	    0.0	 1500.0	    0.0	  200.0	    0.0	 1500.0	    0.0	  200.0	  100.0	   73.2	    0.0	    0.0	    0.0	    0.0	    4.7	  1	 -750.0	 1550.0	   73.2	    0.0	    0.0	1	  372.1	 21	    0.0	    0.0	
   72	   7.20	    0.0	 1500.0	    2.6	    0.0	 1500.0	    0.0	  200.0	    0.0	 1500.0	    0.0	  200.0	  100.0	   72.7	    0.0	    0.0	    0.0	    0.0	    4.8	  1	 -750.0	 1550.0	   72.7	    0.0	    0.0	1	  371.7	 21	    0.0	    0.0	
   73	   7.30	    0.0	 1500.0	    2.6	    0.0	 1500.0	    0.0	  200.0	    0.0	 1500.0	    0.0	  200.0	  100.0	   72.2	    0.0	    0.0	    0.0	    0.0	    4.8	  1	 -750.0	 1550.0	   72.2	    0.0	    0.0	1	  371.2	 21	    0.0	    0.0	
   74	   7.40	    0.0	 1500.0	    2.6	    0.0	 1500.0	    0.0	  200.0	    0.0	 1500.0	    0.0	  200.0	  100.0	   71.7	    0.0	    0.0	    0.0	    0.0	    4.9	  1	 -750.0	 1550.0	   71.7	    0.0	    0.0	1	  370.7	 21	    0.0	    0.0	
   75	   7.50	    0.0	 1500.0	    2.6	    0.0	 1500.0	    0.0	  200.0	    0.0	 1500.0	    0.0	  200.0	  100.0	   71.2	    0.0	    0.0	    0.0	    0.0	    5.0	  1	 -750.0	 1550.0	   71.2	    0.0	    0.0	1	  370.2	 21	    0.0	    0.0	
   76	   7.60	    0.0	 1500.0	    2.6	    0.0	 1500.0	    0.0	  200.0	    0.0	 1500.0	    0.0	  200.0	  100.0	   70.7	    0.0	    0.0	    0.0	    0.0	    5.0	  1	 -750.0	 1550.0	   70.7	    0.0	    0.0	1	  369.8	 21	    0.0	    0.0	
   77	   7.70	    0.0	 1500.0	    2.6	    0.0	 1500.0	    0.0	  200.0	    0.0	 1500.0	    0.0	  200.0	  100.0	   70.2	    0.0	    0.0	    0.0	    0.0	    5.1	  1	 -750.0	 1550.0	   70.2	    0.0	    0.0	1	  369.3	 21	    0.0	    0.0	
   78	   7.80	    0.0	 1500.0	    2.7	    0.0	 1500.0	    0.0	  200.0	    0.0	 1500.0	    0.0	  200.0	  100.0	   69.7	    0.0	    0.0	    0.0	    0.0	    5.2	  1	 -750.0	 1550.0	   69.7	    0.0	    0.0	1	  368.8	 21	    0.0	    0.0	
   79	   7.90	    0.0	 1500.0	    2.7	    0.0	 1500.0	    0.0	  200.0	    0.0	 1500.0	    0.0	  200.0	  100.0	   69.2	    0.0	    0.0	    0.0	    0.0	    5.2	  1	 -750.0	 1550.0	   69.2	    0.0	    0.0	1	  368.3	 21	    0.0	    0.0	
   80	   8.00	    0.0	 1500.0	    2.7	    0.0	 1500.0	    0.0	  200.0	    0.0	 1500.0	    0.0	  200.0	  100.0	   68.7	    0.0	    0.0	    0.0	    0.0	    5.3	  1	 -750.0	 1550.0	   68.7	    0.0	    0.0	1	  367.9	 21	    0.0	    0.0	
   81	   8.10	    0.0	 1500.0	    2.7	    0.0	 1500.0	    0.0	  200.0	    0.0	 1500.0	    0.0	  200.0	  100.0	   68.2	    0.0	    0.0	    0.0	    0.0	    5.4	  1	 -750.0	 1550.0	   68.2	    0.0	    0.0	1	  367.4	 21	    0.0	    0.0	
   82	   8.20	    0.0	 1500.0	    2.7	    0.0	 1500.0	    0.0	  200.0	    0.0	 1500.0	    0.0	  200.0	  100.0	   67.7	    0.0	    0.0	    0.0	    0.0	    5.4	  1	 -750.0	 1550.0	   67.7	    0.0	    0.0	1	  366.9	 21	    0.0	    0.0	
   83	   8.30	    0.0	 1500.0	    2.7	    0.0	 1500.0	    0.0	  200.0	    0.0	 1500.0	    0.0	  200.0	  100.0	   67.2	    0.0	    0.0	    0.0	    0.0	    5.5	  1	 -750.0	 1550.0	   67.2	    0.0	    0.0	1	  366.4	 21	    0.0	    0.0	
   84	   8.40	    0.0	 1500.0	    2.8	    0.0	 1500.0	    0.0	  200.0	    0.0	 1500.0	    0.0	  200.0	  100.0	   66.7	    0.0	    0.0	    0.0	    0.0	    5.6	  1	 -750.0	 1550.0	   66.7	    0.0	    0.0	1	  366.0	 21	    0.0	    0.0	
   85	   8.50	    0.0	 1500.0	    2.8	    0.0	 1500.0	    0.0	  200.0	    0.0	 1500.0	    0.0	  200.0	  100.0	   66.2	    0.0	    0.0	    0.0	    0.0	    5.6	  1	 -750.0	 1550.0	   66.2	    0.0	    0.0	1	  365.5	 21	    0.0	    0.0	
   86	   8.60	    0.0	 1500.0	    2.9	    0.0	 1500.0	    0.0	  200.0	    0.0	 1500.0	    0.0	  200.0	  100.0	   65.7	    0.0	    0.0	    0.0	    0.0	    5.7	  1	 -750.0	 1550.0	   65.7	    0.0	    0.0	1	  365.0	 21	    0.0	    0.0	
   87	   8.70	    0.0	 1500.0	    2.9	    0.0	 1500.0	    0.0	  200.0	    0.0	 1500.0	    0.0	  200.0	  100.0	   65.2	    0.0	    0.0	    0.0	    0.0	    5.8	  1	 -750.0	 1550.0	   65.2	    0.0	    0.0	1	  364.5	 21	    0.0	    0.0	
   88	   8.80	    0.0	 1500.0	    3.0	    0.0	 1500.0	    0.0	  200.0	    0.0	 1500.0	    0.0	  200.0	  100.0	   64.7	    0.0	    0.0	    0.0	    0.0	    5.8	  1	 -750.0	 1550.0	   64.7	    0.0	    0.0	1	  364.0	 21	    0.0	    0.0	
   89	   8.90	    0.0	 1500.0	    3.1	    0.0	 1500.0	    0.0	  200.0	    0.0	 1500.0	    0.0	  200.0	  100.0	   64.2	    0.0	    0.0	    0.0	    0.0	    5.9	  1	 -750.0	 1550.0	   64.2	    0.0	    0.0	1	  363.6	 21	    0.0	    0.0	
   90	   9.00	    0.0	 1500.0	    3.3	    0.0	 1500.0	    0.0	  200.0	    0.0	 1500.0	    0.0	  200.0	  100.0	   63.7	    0.0	    0.0	    0.0	    0.0	    6.0	  1	 -750.0	 1550.0	   63.7	    0.0	    0.0	1	  363.1	 21	    0.0	    0.0	
   91	   9.10	    0.0	 1500.0	    3.4	    0.0	 1500.0	    0.0	  200.0	    0.0	 1500.0	    0.0	  200.0	  100.0	   63.2	    0.0	    0.0	    0.0	    0.0	    6.0	  1	 -750.0	 1550.0	   63.2	    0.0	    0.0	1	  362.6	 21	    0.0	    0.0	
   92	   9.20	    0.0	 1500.0	    3.7	    0.0	 1500.0	    0.0	  200.0	    0.0	 1500.0	    0.0	  200.0	  100.0	   62.7	    0.0	    0.0	    0.0	    0.0	    6.1	  1	 -750.0	 1550.0	   62.7	    0.0	    0.0	1	  362.1	 21	    0.0	    0.0	
   93	   9.30	    0.0	 1500.0	    4.0	    0.0	 1500.0	    0.0	  200.0	    0.0	 1500.0	    0.0	  200.0	  100.0	   62.2	    0.0	    0.0	    0.0	    0.0	    6.2	  1	 -750.0	 1550.0	   62.2	    0.0	    0.0	1	  361.6	 21	    0.0	    0.0	
   94	   9.40	    0.0	 1500.0	    4.4	    0.0	 1500.0	    0.0	  200.0	    0.0	 1500.0	    0.0	  200.0	  100.0	   61.7	    0.0	    0.0	    0.0	    0.0	    6.3	  1	 -750.0	 1550.0	   61.7	    0.0	    0.0	1	  361.1	 21	    0.0	    0.0	
   95	   9.50	    0.0	 1500.0	    4.9	    0.0	 1500.0	    0.0	  200.0	    0.0	 1500.0	    0.0	  200.0	  100.0	   61.2	    0.0	    0.0	    0.0	    0.0	    6.3	  1	 -750.0	 1550.0	   61.2	    0.0	    0.0	1	  360.7	 21	    0.0	    0.0	
   96	   9.60	    0.0	 1500.0	    5.6	    0.0	 1500.0	    0.0	  200.0	    0.0	 1500.0	    0.0	  200.0	  100.0	   60.7	    0.0	    0.0	    0.0	    0.0	    6.4	  1	 -750.0	 1550.0	   60.7	    0.0	    0.0	1	  360.2	 21	    0.0	    0.0	
   97	   9.70	    0.0	 1500.0	    6.5	    0.0	 1500.0	    0.0	  200.0	    0.0	 1500.0	    0.0	  200.0	  100.0	   60.2	    0.0	    0.0	    0.0	    0.0	    6.5	  1	 -750.0	 1550.0	   60.2	    0.0	    0.0	1	  359.7	 21	    0.0	    0.0	
   98	   9.80	    0.0	 1500.0	    7.6	    0.0	 1500.0	    0.0	  200.0	    0.0	 1500.0	    0.0	  200.0	  100.0	   59.7	    0.0	    0.0	    0.0	    0.0	    6.5	  1	 -750.0	 1550.0	   59.7	    0.0	    0.0	1	  359.2	 21	    0.0	    0.0	
   99	   9.90	    0.0	 1500.0	    9.1	    0.0	 1500.0	    0.0	  200.0	    0.0	 1500.0	    0.0	  200.0	  100.0	   59.2	    0.0	    0.0	    0.0	    0.0	    6.6	  1	 -750.0	 1550.0	   59.2	    0.0	    0.0	1	  358.7	 21	    0.0	    0.0	
  100	  10.00	    0.0	 1500.0	   11.0	    0.0	 1500.0	    0.0	  200.0	    0.0	 1500.0	    0.0	  200.0	  100.0	   58.7	    0.0	    0.0	    0.0	    0.0	    6.7	  1	 -750.0	 1550.0	   58.7	    0.0	    0.0	1	  358.3	 21	    0.0	    0.0	
  101	  10.10	    0.0	 1500.0	   13.5	    0.0	 1500.0	    0.0	  200.0	    0.0	 1500.0	    0.0	  200.0	  100.0	   58.2	    0.0	    0.0	    0.0	    0.0	    6.7	  1	 -750.0	 1550.0	   58.2	    0.0	    0.0	1	  357.8	 21	    0.0	    0.0	
  102	  10.20	    0.0	 1500.0	   16.6	    0.0	 1500.0	    0.0	  200.0	    0.0	 1500.0	    0.0	  200.0	  100.0	   57.7	    0.0	    0.0	    0.0	    0.0	    6.8	  1	 -750.0	 1550.0	   57.7	    0.0	    0.0	1	  357.3	 21	    0.0	    0.0	
  103	  10.30	    0.0	 1500.0	   20.5	    0.0	 1500.0	    0.0	  200.0	    0.0	 1500.0	    0.0	  200.0	  100.0	   57.2	    0.0	    0.0	    0.0	    0.0	    6.9	  1	 -750.0	 1550.0	   57.2	    0.0	    0.0	1	  356.8	 21	    0.0	    0.0	
  104	  10.40	    0.0	 1500.0	   25.4	    0.0	 1500.0	    0.0	  200.0	    0.0	 1500.0	    0.0	  200.0	  100.0	   56.7	    0.0	    0.0	    0.0	    0.0	    6.9	  1	 -750.0	 1550.0	   56.7	    0.0	    0.0	1	  356.3	 21	    0.0	    0.0	
  105	  10.50	    0.0	 1500.0	   30.6	    0.0	 1500.0	    0.0	  200.0	    0.0	 1500.0	    0.0	  200.0	  100.0	   56.2	    0.0	    0.0	    0.0	    0.0	    7.0	  1	 -750.0	 1550.0	   56.2	    0.0	    0.0	1	  355.8	 21	    0.0	    0.0	
  106	  10.60	    0.0	 1500.0	   36.8	    0.0	 1500.0	    0.0	  200.0	    0.0	 1500.0	    0.0	  200.0	  100.0	   55.7	    0.0	    0.0	    0.0	    0.0	    7.1	  1	 -750.0	 1550.0	   55.7	    0.0	    0.0	1	  355.3	 21	    0.0	    0.0	
  107	  10.70	    0.0	 1500.0	   43.5	    0.0	 1500.0	    0.0	  200.0	    0.0	 1500.0	    0.0	  200.0	  100.0	   55.2	    0.0	    0.0	    0.0	    0.0	    7.1	  1	 -750.0	 1550.0	   55.2	    0.0	    0.0	1	  354.9	 21	    0.0	    0.0	
  108	  10.80	    0.0	 1500.0	   50.7	    0.0	 1500.0	    0.0	  200.0	    0.0	 1500.0	    0.0	  200.0	  100.0	   54.7	    0.0	    0.0	    0.0	    0.0	    7.2	  1	 -750.0	 1550.0	   54.7	    0.0	    0.0	1	  354.4	 21	    0.0	    0.0	
  109	  10.90	    0.0	 1500.0	   57.7	    0.0	 1500.0	    0.0	  200.0	    0.0	 1500.0	    0.0	  200.0	  100.0	   54.2	    0.0	    0.0	    0.0	    0.0	    7.3	  1	 -750.0	 1550.0	   54.2	    0.0	    0.0	1	  353.9	 21	    0.0	    0.0	
  110	  11.00	    0.0	 1500.0	   64.2	    0.0	 1500.0	    0.0	  200.0	    0.0	 1500.0	    0.0	  200.0	  100.0	   53.7	    0.0	    0.0	    0.0	    0.0	    7.3	  1	 -750.0	 1550.0	   53.7	    0.0	    0.0	1	  353.4	 21	    0.0	    0.0	
  111	  11.10	    0.0	 1500.0	   69.8	    0.0	 1500.0	    0.0	  200.0	    0.0	 1500.0	    0.0	  200.0	  100.0	   53.2	    0.0	    0.0	    0.0	    0.0	    7.4	  1	 -750.0	 1550.0	   53.2	    0.0	    0.0	1	  352.9	 21	    0.0	    0.0	
  112	  11.20	    0.0	 1500.0	   74.6	    0.0	 1500.0	    0.0	  200.0	    0.0	 1500.0	    0.0	  200.0	  100.0	   52.7	    0.0	    0.0	    0.0	    0.0	    7.5	  1	 -750.0	 1550.0	   52.7	    0.0	    0.0	1	  352.4	 21	    0.0	    0.0	
  113	  11.30	    0.0	 1500.0	   78.4	    0.0	 1500.0	    0.0	  200.0	    0.0	 1500.0	    0.0	  200.0	  100.0	   52.2	    0.0	    0.0	    0.0	    0.0	    7.5	  1	 -750.0	 1550.0	   52.2	    0.0	    0.0	1	  351.9	 21	    0.0	    0.0	
  114	  11.40	    0.0	 1500.0	   81.5	    0.0	 1500.0	    0.0	  200.0	    0.0	 1500.0	    0.0	  200.0	  100.0	   51.7	    0.0	    0.0	    0.0	    0.0	    7.6	  1	 -750.0	 1550.0	   51.7	    0.0	    0.0	1	  351.4	 21	    0.0	    0.0	
  115	  11.50	    0.0	 1500.0	   83.9	    0.0	 1500.0	    0.0	  200.0	    0.0	 1500.0	    0.0	  200.0	  100.0	   51.2	    0.0	    0.0	    0.0	    0.0	    7.7	  1	 -750.0	 1550.0	   51.2	    0.0	    0.0	1	  351.0	 21	    0.0	    0.0	
  116	  11.60	    0.0	 1500.0	 -177.7	    0.0	 1500.0	    0.0	  200.0	    0.0	 1500.0	    0.0	  200.0	  100.0	   50.7	    0.0	    0.0	    0.0	    0.0	    7.7	  1	 -750.0	 1550.0	   50.7	    0.0	    0.0	1	  350.5	 21	    0.0	    0.0	
  117	  11.70	    0.0	 1500.0	 -177.7	    0.0	 1500.0	    0.0	  200.0	    0.0	 1500.0	    0.0	  200.0	  100.0	   50.2	    0.0	    0.0	    0.0	    0.0	    7.8	  1	 -750.0	 1550.0	   50.2	    0.0	    0.0	1	  350.0	 21	    0.0	    0.0	
  118	  11.80	    0.0	 1500.0	 -177.7	    0.0	 1500.0	    0.0	  200.0	    0.0	 1500.0	    0.0	  200.0	  100.0	   49.7	    0.0	    0.0	    0.0	    0.0	    7.9	  1	 -750.0	 1550.0	   49.7	    0.0	    0.0	1	  349.5	 21	    0.0	    0.0	
  119	  11.90	    0.0	 1500.0	 -177.7	    0.0	 1500.0	    0.0	  200.0	    0.0	 1500.0	    0.0	  200.0	  100.0	   49.2	    0.0	    0.0	    0.0	    0.0	    7.9	  1	 -750.0	 1550.0	   49.2	    0.0	    0.0	1	  349.0	 21	    0.0	    0.0	
  120	  12.00	    0.0	 1500.0	 -177.7	    0.0	 1500.0	    0.0	  200.0	    0.0	 1500.0	    0.0	  200.0	  100.0	   48.7	    0.0	    0.0	    0.0	    0.0	    8.0	  1	 -750.0	 1550.0	   48.7	    0.0	    0.0	1	  348.5	 21	    0.0	    0.0	
  121	  12.10	    0.0	 1500.0	 -177.7	    0.0	 1500.0	    0.0	  200.0	    0.0	 1500.0	    0.0	  200.0	  100.0	   48.2	    0.0	    0.0	    0.0	    0.0	    8.1	  1	 -750.0	 1550.0	   48.2	    0.0	    0.0	1	  348.0	 21	    0.0	    0.0	
  122	  12.20	    0.0	 1500.0	 -177.7	    0.0	 1500.0	    0.0	  200.0	    0.0	 1500.0	    0.0	  200.0	  100.0	   47.7	    0.0	    0.0	    0.0	    0.0	    8.2	  1	 -750.0	 1550.0	   47.7	    0.0	    0.0	1	  347.5	 21	    0.0	    0.0	
  123	  12.30	    0.0	 1500.0	 -177.7	    0.0	 1500.0	    0.0	  200.0	    0.0	 1500.0	    0.0	  200.0	  100.0	   47.2	    0.0	    0.0	    0.0	    0.0	    8.2	  1	 -750.0	 1550.0	   47.2	    0.0	    0.0	1	  347.0	 21	    0.0	    0.0	
  124	  12.40	    0.0	 1500.0	 -177.7	    0.0	 1500.0	    0.0	  200.0	    0.0	 1500.0	    0.0	  200.0	  100.0	   46.7	    0.0	    0.0	    0.0	    0.0	    8.3	  1	 -750.0	 1550.0	   46.7	    0.0	    0.0	1	  346.6	 21	    0.0	    0.0	
  125	  12.50	    0.0	 1500.0	 -177.7	    0.0	 1500.0	    0.0	  200.0	    0.0	 1500.0	    0.0	  200.0	  100.0	   46.2	    0.0	    0.0	    0.0	    0.0	    8.4	  1	 -750.0	 1550.0	   46.2	    0.0	    0.0	1	  346.1	 21	    0.0	    0.0	
  126	  12.60	    0.0	 1500.0	 -177.7	    0.0	 1500.0	    0.0	  200.0	    0.0	 1500.0	    0.0	  200.0	  100.0	   45.7	    0.0	    0.0	    0.0	    0.0	    8.4	  1	 -750.0	 1550.0	   45.7	    0.0	    0.0	1	  345.6	 21	    0.0	    0.0	
  127	  12.70	    0.0	 1500.0	 -177.7	    0.0	 1500.0	    0.0	  200.0	    0.0	 1500.0	    0.0	  200.0	  100.0	   45.2	    0.0	    0.0	    0.0	    0.0	    8.5	  1	 -750.0	 1550.0	   45.2	    0.0	    0.0	1	  345.1	 21	    0.0	    0.0	
  128	  12.80	    0.0	 1500.0	 -177.7	    0.0	 1500.0	    0.0	  200.0	    0.0	 1500.0	    0.0	  200.0	  100.0	   44.7	    0.0	    0.0	    0.0	    0.0	    8.6	  1	 -750.0	 1550.0	   44.7	    0.0	    0.0	1	  344.6	 21	    0.0	    0.0	
  129	  12.90	    0.0	 1500.0	 -177.7	    0.0	 1500.0	    0.0	  200.0	    0.0	 1500.0	    0.0	  200.0	  100.0	   44.2	    0.0	    0.0	    0.0	    0.0	    8.6	  1	 -750.0	 1550.0	   44.2	    0.0	    0.0	1	  344.1	 21	    0.0	    0.0	
  130	  13.00	    0.0	 1500.0	 -177.7	    0.0	 1500.0	    0.0	  200.0	    0.0	 1500.0	    0.0	  200.0	  100.0	   43.7	    0.0	    0.0	    0.0	    0.0	    8.7	  1	 -750.0	 1550.0	   43.7	    0.0	    0.0	1	  343.6	 21	    0.0	    0.0	
  131	  13.10	    0.0	 1500.0	 -177.8	    0.0	 1500.0	    0.0	  200.0	    0.0	 1500.0	    0.0	  200.0	  100.0	   43.2	    0.0	    0.0	    0.0	    0.0	    8.8	  1	 -750.0	 1550.0	   43.2	    0.0	    0.0	1	  343.1	 21	    0.0	    0.0	
  132	  13.20	    0.0	 1500.0	 -177.8	    0.0	 1500.0	    0.0	  200.0	    0.0	 1500.0	    0.0	  200.0	  100.0	   42.7	    0.0	    0.0	    0.0	    0.0	    8.8	  1	 -750.0	 1550.0	   42.7	    0.0	    0.0	1	  342.6	 21	    0.0	    0.0	
  133	  13.30	    0.0	 1500.0	 -177.9	    0.0	 1500.0	    0.0	  200.0	    0.0	 1500.0	    0.0	  200.0	  100.0	   42.2	    0.0	    0.0	    0.0	    0.0	    8.9	  1	 -750.0	 1550.0	   42.2	    0.0	    0.0	1	  342.1	 21	    0.0	    0.0	
  134	  13.40	    0.0	 1500.0	 -178.1	    0.0	 1500.0	    0.0	  200.0	    0.0	 1500.0	    0.0	  200.0	  100.0	   41.7	    0.0	    0.0	    0.0	    0.0	    9.0	  1	 -750.0	 1550.0	   41.7	    0.0	    0.0	1	  341.6	 21	    0.0	    0.0	
  135	  13.50	    0.0	 1500.0	    2.8	    0.0	 1500.0	    0.0	  200.0	    0.0	 1500.0	    0.0	  200.0	  100.0	   41.2	    0.0	    0.0	    0.0	    0.0	    9.0	  1	 -750.0	 1550.0	   41.2	    0.0	    0.0	1	  341.1	 21	    0.0	    0.0	
  136	  13.60	    0.0	 1500.0	    2.3	    0.0	 1500.0	    0.0	  200.0	    0.0	 1500.0	    0.0	  200.0	  100.0	   40.7	    0.0	    0.0	    0.0	    0.0	    9.1	  1	 -750.0	 1550.0	   40.7	    0.0	    0.0	1	  340.6	 21	    0.0	    0.0	
  137	  13.70	    0.0	 1500.0	    2.3	    0.0	 1500.0	    0.0	  200.0	    0.0	 1500.0	    0.0	  200.0	  100.0	   40.2	    0.0	    0.0	    0.0	    0.0	    9.2	  1	 -750.0	 1550.0	   40.2	    0.0	    0.0	1	  340.2	 21	    0.0	    0.0	
  138	  13.80	    0.0	 1500.0	    2.3	    0.0	 1500.0	    0.0	  200.0	    0.0	 1500.0	    0.0	  200.0	  100.0	   39.7	    0.0	    0.0	    0.0	    0.0	    9.2	  1	 -750.0	 1550.0	   39.7	    0.0	    0.0	1	  339.7	 21	    0.0	    0.0	
  139	  13.90	    0.0	 1500.0	    2.3	    0.0	 1500.0	    0.0	  200.0	    0.0	 1500.0	    0.0	  200.0	  100.0	   39.2	    0.0	    0.0	    0.0	    0.0	    9.3	  1	 -750.0	 1550.0	   39.2	    0.0	    0.0	1	  339.2	 21	    0.0	    0.0	
  140	  14.00	    0.0	 1500.0	    2.3	    0.0	 1500.0	    0.0	  200.0	    0.0	 1500.0	    0.0	  200.0	  100.0	   38.7	    0.0	    0.0	    0.0	    0.0	    9.4	  1	 -750.0	 1550.0	   38.7	    0.0	    0.0	1	  338.7	 21	    0.0	    0.0	
  141	  14.10	    0.0	 1500.0	    2.3	    0.0	 1500.0	    0.0	  200.0	    0.0	 1500.0	    0.0	  200.0	  100.0	   38.2	    0.0	    0.0	    0.0	    0.0	    9.4	  1	 -750.0	 1550.0	   38.2	    0.0	    0.0	1	  338.2	 21	    0.0	    0.0	
  142	  14.20	    0.0	 1500.0	    2.3	    0.0	 1500.0	    0.0	  200.0	    0.0	 1500.0	    0.0	  200.0	  100.0	   37.7	    0.0	    0.0	    0.0	    0.0	    9.5	  1	 -750.0	 1550.0	   37.7	    0.0	    0.0	1	  337.7	 21	    0.0	    0.0	
  143	  14.30	    0.0	 1500.0	    2.3	    0.0	 1500.0	    0.0	  200.0	    0.0	 1500.0	    0.0	  200.0	  100.0	   37.2	    0.0	    0.0	    0.0	    0.0	    9.6	  1	 -750.0	 1550.0	   37.2	    0.0	    0.0	1	  337.2	 21	    0.0	    0.0	
  144	  14.40	    0.0	 1500.0	    2.3	    0.0	 1500.0	    0.0	  200.0	    0.0	 1500.0	    0.0	  200.0	  100.0	   36.7	    0.0	    0.0	    0.0	    0.0	    9.6	  1	 -750.0	 1550.0	   36.7	    0.0	    0.0	1	  336.7	 21	    0.0	    0.0	
  145	  14.50	    0.0	 1500.0	    2.3	    0.0	 1500.0	    0.0	  200.0	    0.0	 1500.0	    0.0	  200.0	  100.0	   36.2	    0.0	    0.0	    0.0	    0.0	    9.7	  1	 -750.0	 1550.0	   36.2	    0.0	    0.0	1	  336.2	 21	    0.0	    0.0	
  146	  14.60	    0.0	 1500.0	    2.3	    0.0	 1500.0	    0.0	  200.0	    0.0	 1500.0	    0.0	  200.0	  100.0	   35.7	    0.0	    0.0	    0.0	    0.0	    9.8	  1	 -750.0	 1550.0	   35.7	    0.0	    0.0	1	  335.7	 21	    0.0	    0.0	
  147	  14.70	    0.0	 1500.0	    2.3	    0.0	 1500.0	    0.0	  200.0	    0.0	 1500.0	    0.0	  200.0	  100.0	   35.2	    0.0	    0.0	    0.0	    0.0	    9.8	  1	 -750.0	 1550.0	   35.2	    0.0	    0.0	1	  335.2	 21	 1399.3	   19.9	
  148	  14.80	    0.0	 1500.0	    2.3	    0.0	 1500.0	    0.0	  200.0	    0.0	 1500.0	    0.0	  200.0	  100.0	   34.7	    0.0	    0.0	    0.0	    0.0	    9.9	  1	 -750.0	 1550.0	   34.7	    0.0	    0.0	1	  334.7	 21	 1397.2	   19.7	
  149	  14.90	    0.0	 1500.0	    2.3	    0.0	 1500.0	    0.0	  200.0	    0.0	 1500.0	    0.0	  200.0	  100.0	   34.2	    0.0	    0.0	    0.0	    0.0	   10.0	  1	 -750.0	 1550.0	   34.2	    0.0	    0.0	1	  334.2	 21	 1395.0	   19.5	
  150	  15.00	    0.0	 1500.0	    2.3	    0.0	 1500.0	    0.0	  200.0	    0.0	 1500.0	    0.0	  200.0	  100.0	   33.7	    0.0	    0.0	    0.0	    0.0	   10.0	  1	 -750.0	 1550.0	   33.7	    0.0	    0.0	1	  333.7	 21	 1392.8	   19.3	
  151	  15.10	    0.0	 1500.0	    2.3	    0.0	 1500.0	    0.0	  200.0	    0.0	 1500.0	    0.0	  200.0	  100.0	   33.2	    0.0	    0.0	    0.0	    0.0	   10.1	  1	 -750.0	 1550.0	   33.2	    0.0	    0.0	1	  333.2	 21	 1390.6	   19.1	
  152	  15.20	    0.0	 1500.0	    2.3	    0.0	 1500.0	    0.0	  200.0	    0.0	 1500.0	    0.0	  200.0	  100.0	   32.7	    0.0	    0.0	    0.0	    0.0	   10.2	  1	 -750.0	 1550.0	   32.7	    0.0	    0.0	1	  332.7	 21	 1388.4	   18.8	
  153	  15.30	    0.0	 1500.0	    2.3	    0.0	 1500.0	    0.0	  200.0	    0.0	 1500.0	    0.0	  200.0	  100.0	   32.2	    0.0	    0.0	    0.0	    0.0	   10.3	  1	 -750.0	 1550.0	   32.2	    0.0	    0.0	1	  332.2	 21	 1386.3	   18.6	
  154	  15.40	    0.0	 1500.0	    2.3	    0.0	 1500.0	    0.0	  200.0	    0.0	 1500.0	    0.0	  200.0	  100.0	   31.7	    0.0	    0.0	    0.0	    0.0	   10.3	  1	 -750.0	 1550.0	   31.7	    0.0	    0.0	1	  331.7	 21	 1384.1	   18.4	
  155	  15.50	    0.0	 1500.0	    2.3	    0.0	 1500.0	    0.0	  200.0	    0.0	 1500.0	    0.0	  200.0	  100.0	   31.2	    0.0	    0.0	    0.0	    0.0	   10.4	  1	 -750.0	 1550.0	   31.2	    0.0	    0.0	1	  331.2	 21	 1381.9	   18.2	
  156	  15.60	    0.0	 1500.0	    2.4	    0.0	 1500.0	    0.0	  200.0	    0.0	 1500.0	    0.0	  200.0	  100.0	   30.7	    0.0	    0.0	    0.0	    0.0	   10.5	  1	 -750.0	 1550.0	   30.7	    0.0	    0.0	1	  330.7	 21	 1379.7	   18.0	
  157	  15.70	    0.0	 1500.0	    2.4	    0.0	 1500.0	    0.0	  200.0	    0.0	 1500.0	    0.0	  200.0	  100.0	   30.2	    0.0	    0.0	    0.0	    0.0	   10.5	  1	 -750.0	 1550.0	   30.2	    0.0	    0.0	1	  330.2	 21	 1377.5	   17.8	
  158	  15.80	    0.0	 1500.0	    2.4	    0.0	 1500.0	    0.0	  200.0	    0.0	 1500.0	    0.0	  200.0	  100.0	   29.7	    0.0	    0.0	    0.0	    0.0	   10.6	  1	 -750.0	 1550.0	   29.7	    0.0	    0.0	1	  329.7	 21	 1375.4	   17.5	
  159	  15.90	    0.0	 1500.0	    2.4	    0.0	 1500.0	    0.0	  200.0	    0.0	 1500.0	    0.0	  200.0	  100.0	   29.2	    0.0	    0.0	    0.0	    0.0	   10.7	  1	 -750.0	 1550.0	   29.2	    0.0	    0.0	1	  329.2	 21	 1373.2	   17.3	
  160	  16.00	    0.0	 1500.0	    2.5	    0.0	 1500.0	    0.0	  200.0	    0.0	 1500.0	    0.0	  200.0	  100.0	   28.7	    0.0	    0.0	    0.0	    0.0	   10.7	  1	 -750.0	 1550.0	   28.7	    0.0	    0.0	1	  328.7	 21	 1371.0	   17.1	
  161	  16.10	    0.0	 1500.0	    2.5	    0.0	 1500.0	    0.0	  200.0	    0.0	 1500.0	    0.0	  200.0	  100.0	   28.2	    0.0	    0.0	    0.0	    0.0	   10.8	  1	 -750.0	 1550.0	   28.2	    0.0	    0.0	1	  328.2	 21	 1368.8	   16.9	
  162	  16.20	    0.0	 1500.0	    2.6	    0.0	 1500.0	    0.0	  200.0	    0.0	 1500.0	    0.0	  200.0	  100.0	   27.7	    0.0	    0.0	    0.0	    0.0	   10.9	  1	 -750.0	 1550.0	   27.7	    0.0	    0.0	1	  327.7	 21	 1366.7	   16.7	
  163	  16.30	    0.0	 1500.0	    2.6	    0.0	 1500.0	    0.0	  200.0	    0.0	 1500.0	    0.0	  200.0	  100.0	   27.2	    0.0	    0.0	    0.0	    0.0	   10.9	  1	 -750.0	 1550.0	   27.2	    0.0	    0.0	1	  327.2	 21	 1364.5	   16.4	
  164	  16.40	    0.0	 1500.0	    2.7	    0.0	 1500.0	    0.0	  200.0	    0.0	 1500.0	    0.0	  200.0	  100.0	   26.7	    0.0	    0.0	    0.0	    0.0	   11.0	  1	 -750.0	 1550.0	   26.7	    0.0	    0.0	1	  326.7	 21	 1362.3	   16.2	
  165	  16.50	    0.0	 1500.0	    2.8	    0.0	 1500.0	    0.0	  200.0	    0.0	 1500.0	    0.0	  200.0	  100.0	   26.2	    0.0	    0.0	    0.0	    0.0	   11.1	  1	 -750.0	 1550.0	   26.2	    0.0	    0.0	1	  326.3	 21	 1360.1	   16.0	
  166	  16.60	    0.0	 1500.0	    3.0	    0.0	 1500.0	    0.0	  200.0	    0.0	 1500.0	    0.0	  200.0	  100.0	   25.7	    0.0	    0.0	    0.0	    0.0	   11.1	  1	 -750.0	 1550.0	   25.7	    0.0	    0.0	1	  325.8	 21	 1357.9	   15.8	
  167	  16.70	    0.0	 1500.0	    3.2	    0.0	 1500.0	    0.0	  200.0	    0.0	 1500.0	    0.0	  200.0	  100.0	   25.2	    0.0	    0.0	    0.0	    0.0	   11.2	  1	 -750.0	 1550.0	   25.2	    0.0	    0.0	1	  325.3	 21	 1355.8	   15.6	
  168	  16.80	    0.0	 1500.0	    3.4	    0.0	 1500.0	    0.0	  200.0	    0.0	 1500.0	    0.0	  200.0	  100.0	   24.7	    0.0	    0.0	    0.0	    0.0	   11.3	  1	 -750.0	 1550.0	   24.7	    0.0	    0.0	1	  324.8	 21	 1353.6	   15.4	
  169	  16.90	    0.0	 1500.0	    3.7	    0.0	 1500.0	    0.0	  200.0	    0.0	 1500.0	    0.0	  200.0	  100.0	   24.2	    0.0	    0.0	    0.0	    0.0	   11.3	  1	 -750.0	 1550.0	   24.2	    0.0	    0.0	1	  324.3	 21	 1351.4	   15.1	
  170	  17.00	    0.0	 1500.0	    4.2	    0.0	 1500.0	    0.0	  200.0	    0.0	 1500.0	    0.0	  200.0	  100.0	   23.7	    0.0	    0.0	    0.0	    0.0	   11.4	  1	 -750.0	 1550.0	   23.7	    0.0	    0.0	1	  323.8	 21	 1349.2	   14.9	
  171	  17.10	    0.0	 1500.0	    4.7	    0.0	 1500.0	    0.0	  200.0	    0.0	 1500.0	    0.0	  200.0	  100.0	   23.2	    0.0	    0.0	    0.0	    0.0	   11.5	  1	 -750.0	 1550.0	   23.2	    0.0	    0.0	1	  323.3	 21	 1347.1	   14.7	
  172	  17.20	    0.0	 1500.0	    5.4	    0.0	 1500.0	    0.0	  200.0	    0.0	 1500.0	    0.0	  200.0	  100.0	   22.7	    0.0	    0.0	    0.0	    0.0	   11.5	  1	 -750.0	 1550.0	   22.7	    0.0	    0.0	1	  322.8	 21	 1344.9	   14.5	
  173	  17.30	    0.0	 1500.0	    6.4	    0.0	 1500.0	    0.0	  200.0	    0.0	 1500.0	    0.0	  200.0	  100.0	   22.2	    0.0	    0.0	    0.0	    0.0	   11.6	  1	 -750.0	 1550.0	   22.2	    0.0	    0.0	1	  322.3	 21	 1342.7	   14.3	
  174	  17.40	    0.0	 1500.0	    7.6	    0.0	 1500.0	    0.0	  200.0	    0.0	 1500.0	    0.0	  200.0	  100.0	   21.7	    0.0	    0.0	    0.0	    0.0	   11.7	  1	 -750.0	 1550.0	   21.7	    0.0	    0.0	1	  321.8	 21	 1340.5	   14.1	
  175	  17.50	    0.0	 1500.0	    9.1	    0.0	 1500.0	    0.0	  200.0	    0.0	 1500.0	    0.0	  200.0	  100.0	   21.2	    0.0	    0.0	    0.0	    0.0	   11.7	  1	 -750.0	 1550.0	   21.2	    0.0	    0.0	1	  321.3	 21	 1338.4	   13.8	
  176	  17.60	    0.0	 1500.0	   11.1	    0.0	 1500.0	    0.0	  200.0	    0.0	 1500.0	    0.0	  200.0	  100.0	   20.7	    0.0	    0.0	    0.0	    0.0	   11.8	  1	 -750.0	 1550.0	   20.7	    0.0	    0.0	1	  320.8	 21	 1336.2	   13.6	
  177	  17.70	    0.0	 1500.0	   13.7	    0.0	 1500.0	    0.0	  200.0	    0.0	 1500.0	    0.0	  200.0	  100.0	   20.2	    0.0	    0.0	    0.0	    0.0	   11.9	  1	 -750.0	 1550.0	   20.2	    0.0	    0.0	1	  320.3	 21	 1334.0	   13.4	
  178	  17.80	    0.0	 1500.0	   17.0	    0.0	 1500.0	    0.0	  200.0	    0.0	 1500.0	    0.0	  200.0	  100.0	   19.7	    0.0	    0.0	    0.0	    0.0	   11.9	  1	 -750.0	 1550.0	   19.7	    0.0	    0.0	1	  319.8	 21	 1331.8	   13.2	
  179	  17.90	 2999.9	 3000.0	   20.6	    0.0	 1500.0	    0.0	  200.0	    0.0	 1500.0	    0.0	  200.0	  100.0	   20.0	    0.0	    0.0	    0.3	    0.0	   11.9	  1	  750.0	 2250.0	   20.0	    0.3	    0.0	1	 2170.0	 21	    0.0	    1.0	
  180	  18.00	 2999.9	 3000.0	   41.6	    0.0	 1500.0	    0.0	  200.0	    0.0	 1500.0	    0.0	  200.0	  100.0	   20.2	    0.0	    0.0	    0.5	    0.0	   11.9	  1	  750.0	 2250.0	   20.2	    0.5	    0.0	1	 2170.0	 21	    0.0	    0.9	
  181	  18.10	 2999.9	 3000.0	   41.6	    0.0	 1500.0	    0.0	  200.0	    0.0	 1500.0	    0.0	  200.0	  100.0	   20.5	    0.0	    0.0	    0.8	    0.0	   12.0	  1	  750.0	 2250.0	   20.5	    0.8	    0.0	1	 2170.0	 21	    0.0	    0.9	
  182	  18.20	 2999.9	 3000.0	   41.6	    0.0	 1500.0	    0.0	  200.0	    0.0	 1500.0	    0.0	  200.0	  100.0	   20.7	    0.0	    0.0	    1.0	    0.0	   12.0	  1	  750.0	 2250.0	   20.7	    1.0	    0.0	1	 2170.0	 21	    0.0	    0.8	
  183	  18.30	 2999.9	 3000.0	   41.6	    0.0	 1500.0	    0.0	  200.0	    0.0	 1500.0	    0.0	  200.0	  100.0	   21.0	    0.0	    0.0	    1.3	    0.0	   12.1	  1	  750.0	 2250.0	   21.0	    1.3	    0.0	1	 2170.0	 21	    0.0	    0.8	
  184	  18.40	 2999.9	 3000.0	   41.6	    0.0	 1500.0	    0.0	  200.0	    0.0	 1500.0	    0.0	  200.0	  100.0	   21.2	    0.0	    0.0	    1.5	    0.0	   12.1	  1	  750.0	 2250.0	   21.2	    1.5	    0.0	1	 2170.0	 21	    0.0	    0.7	
  185	  18.50	 2999.9	 3000.0	   41.6	    0.0	 1500.0	    0.0	  200.0	    0.0	 1500.0	    0.0	  200.0	  100.0	   21.5	    0.0	    0.0	    1.8	    0.0	   12.2	  1	  750.0	 2250.0	   21.5	    1.8	    0.0	1	 2170.0	 21	    0.0	    0.7	
  186	  18.60	 2999.9	 3000.0	   41.6	    0.0	 1500.0	    0.0	  200.0	    0.0	 1500.0	    0.0	  200.0	  100.0	   21.8	    0.0	    0.0	    2.0	    0.0	   12.2	  1	  750.0	 2250.0	   21.8	    2.0	    0.0	1	 2170.0	 21	    0.0	    0.6	
  187	  18.70	 2999.9	 3000.0	   41.6	    0.0	 1500.0	    0.0	  200.0	    0.0	 1500.0	    0.0	  200.0	  100.0	   22.0	    0.0	    0.0	    2.3	    0.0	   12.3	  1	  750.0	 2250.0	   22.0	    2.3	    0.0	1	 2170.0	 21	    0.0	    0.6	
  188	  18.80	 2999.9	 3000.0	   41.6	    0.0	 1500.0	    0.0	  200.0	    0.0	 1500.0	    0.0	  200.0	  100.0	   22.3	    0.0	    0.0	    2.5	    0.0	   12.4	  1	  750.0	 2250.0	   22.3	    2.5	    0.0	1	 2170.0	 21	    0.0	    0.5	
  189	  18.90	 2999.9	 3000.0	   41.6	    0.0	 1500.0	    0.0	  200.0	    0.0	 1500.0	    0.0	  200.0	  100.0	   22.5	    0.0	    0.0	    2.8	    0.0	   12.4	  1	  750.0	 2250.0	   22.5	    2.8	    0.0	1	 2170.0	 21	    0.0	    0.5	
  190	  19.00	 2999.9	 3000.0	   41.6	    0.0	 1500.0	    0.0	  200.0	    0.0	 1500.0	    0.0	  200.0	  100.0	   22.8	    0.0	    0.0	    3.1	    0.0	   12.5	  1	  750.0	 2250.0	   22.8	    3.1	    0.0	1	 2170.0	 21	    0.0	    0.4	
  191	  19.10	 2999.9	 3000.0	   41.6	    0.0	 1500.0	    0.0	  200.0	    0.0	 1500.0	    0.0	  200.0	  100.0	   23.0	    0.0	    0.0	    3.3	    0.0	   12.6	  1	  750.0	 2250.0	   23.0	    3.3	    0.0	1	 2170.0	 21	    0.0	    0.4	
  192	  19.20	 2999.9	 3000.0	   41.6	    0.0	 1500.0	    0.0	  200.0	    0.0	 1500.0	    0.0	  200.0	  100.0	   23.3	    0.0	    0.0	    3.6	    0.0	   12.7	  1	  750.0	 2250.0	   23.3	    3.6	    0.0	1	 2170.0	 21	    0.0	    0.3	
  193	  19.30	 2999.9	 3000.0	   41.6	    0.0	 1500.0	    0.0	  200.0	    0.0	 1500.0	    0.0	  200.0	  100.0	   23.5	    0.0	    0.0	    3.8	    0.0	   12.7	  1	  750.0	 2250.0	   23.5	    3.8	    0.0	1	 2170.0	 21	    0.0	    0.2	
  194	  19.40	 2999.9	 3000.0	   41.6	    0.0	 1500.0	    0.0	  200.0	    0.0	 1500.0	    0.0	  200.0	  100.0	   23.8	    0.0	    0.0	    4.1	    0.0	   12.8	  1	  750.0	 2250.0	   23.8	    4.1	    0.0	1	 2170.0	 21	    0.0	    0.2	
  195	  19.50	 2999.9	 3000.0	   41.6	    0.0	 1500.0	    0.0	  200.0	    0.0	 1500.0	    0.0	  200.0	  100.0	   24.0	    0.0	    0.0	    4.3	    0.0	   12.9	  1	  750.0	 2250.0	   24.0	    4.3	    0.0	1	 2170.0	 21	    0.0	    0.1	
  196	  19.60	 2999.9	 3000.0	   41.6	    0.0	 1500.0	    0.0	  200.0	    0.0	 1500.0	    0.0	  200.0	  100.0	   24.3	    0.0	    0.0	    4.6	    0.0	   12.9	  1	  750.0	 2250.0	   24.3	    4.6	    0.0	1	 2170.0	 21	    0.0	    0.1	
  197	  19.70	 2999.9	 3000.0	   41.6	    0.0	 1500.0	    0.0	  200.0	    0.0	 1500.0	    0.0	  200.0	  100.0	   24.6	    0.0	    0.0	    4.8	    0.0	   13.0	  1	  750.0	 2050.0	   24.6	    4.8	    0.0	1	 2170.0	 21	    0.0	    0.0	
  198	  19.80	 2999.9	 3000.0	   41.6	    0.0	 1500.0	    0.0	  200.0	    0.0	 1500.0	    0.0	  200.0	  100.0	   24.8	    0.0	    0.0	    5.1	    0.0	   13.1	  1	  750.0	 2050.0	   24.8	    5.1	    0.0	1	 2170.0	 21	    0.0	   -0.0	
  199	  19.90	 2999.9	 3000.0	   41.6	    0.0	 1500.0	    0.0	  200.0	    0.0	 1500.0	    0.0	  200.0	  100.0	   25.1	    0.0	    0.0	    5.3	    0.0	   13.2	  1	  750.0	 2050.0	   25.1	    5.3	    0.0	1	 2170.0	 21	    0.0	   -0.1	
  200	  20.00	 2999.9	 3000.0	   41.6	    0.0	 1500.0	    0.0	  200.0	    0.0	 1500.0	    0.0	  200.0	  100.0	   25.3	    0.0	    0.0	    5.6	    0.0	   13.2	  1	  750.0	 2050.0	   25.3	    5.6	    0.0	1	 2170.0	 21	    0.0	   -0.1	
  201	  20.10	 2999.9	 3000.0	   41.6	    0.0	 1500.0	    0.0	  200.0	    0.0	 1500.0	    0.0	  200.0	  100.0	   25.6	    0.0	    0.0	    5.9	    0.0	   13.3	  1	  750.0	 2050.0	   25.6	    5.9	    0.0	1	 2170.0	 21	    0.0	   -0.2	
  202	  20.20	 2999.9	 3000.0	   41.6	    0.0	 1500.0	    0.0	  200.0	    0.0	 1500.0	    0.0	  200.0	  100.0	   25.8	    0.0	    0.0	    6.1	    0.0	   13.4	  1	  750.0	 2050.0	   25.8	    6.1	    0.0	1	 2170.0	 21	    0.0	   -0.2	
  203	  20.30	 2999.9	 3000.0	   41.6	    0.0	 1500.0	    0.0	  200.0	    0.0	 1500.0	    0.0	  200.0	  100.0	   26.1	    0.0	    0.0	    6.4	    0.0	   13.5	  1	  750.0	 2050.0	   26.1	    6.4	    0.0	1	 2170.0	 21	    0.0	   -0.3	
  204	  20.40	 2999.9	 3000.0	   41.6	    0.0	 1500.0	    0.0	  200.0	    0.0	 1500.0	    0.0	  200.0	  100.0	   26.3	    0.0	    0.0	    6.6	    0.0	   13.5	  1	  750.0	 2050.0	   26.3	    6.6	    0.0	1	 2170.0	 21	    0.0	   -0.3	
  205	  20.50	 2999.9	 3000.0	   41.6	    0.0	 1500.0	    0.0	  200.0	    0.0	 1500.0	    0.0	  200.0	  100.0	   26.6	    0.0	    0.0	    6.9	    0.0	   13.6	  1	  750.0	 2050.0	   26.6	    6.9	    0.0	1	 2170.0	 21	    0.0	   -0.4	
  206	  20.60	 2999.9	 3000.0	   41.6	    0.0	 1500.0	    0.0	  200.0	    0.0	 1500.0	    0.0	  200.0	  100.0	   26.8	    0.0	    0.0	    7.1	    0.0	   13.7	  1	  750.0	 2050.0	   26.8	    7.1	    0.0	1	 2170.0	 21	    0.0	   -0.4	
  207	  20.70	 2999.9	 3000.0	   41.6	    0.0	 1500.0	    0.0	  200.0	    0.0	 1500.0	    0.0	  200.0	  100.0	   27.1	    0.0	    0.0	    7.4	    0.0	   13.8	  1	  750.0	 2050.0	   27.1	    7.4	    0.0	1	 2170.0	 21	    0.0	   -0.5	
  208	  20.80	 2999.9	 3000.0	   41.6	    0.0	 1500.0	    0.0	  200.0	    0.0	 1500.0	    0.0	  200.0	  100.0	   27.4	    0.0	    0.0	    7.6	    0.0	   13.8	  1	  750.0	 2050.0	   27.4	    7.6	    0.0	1	 2170.0	 21	    0.0	   -0.6	
  209	  20.90	 2999.9	 3000.0	   41.6	    0.0	 1500.0	    0.0	  200.0	    0.0	 1500.0	    0.0	  200.0	  100.0	   27.6	    0.0	    0.0	    7.9	    0.0	   13.9	  1	  750.0	 2050.0	   27.6	    7.9	    0.0	1	 2170.0	 21	    0.0	   -0.6	
  210	  21.00	 2999.9	 3000.0	   41.6	    0.0	 1500.0	    0.0	  200.0	    0.0	 1500.0	    0.0	  200.0	  100.0	   27.9	    0.0	    0.0	    8.1	    0.0	   14.0	  1	  750.0	 2050.0	   27.9	    8.1	    0.0	1	 2170.0	 21	    0.0	   -0.7	
  211	  21.10	 2999.9	 3000.0	   41.6	    0.0	 1500.0	    0.0	  200.0	    0.0	 1500.0	    0.0	  200.0	  100.0	   28.1	    0.0	    0.0	    8.4	    0.0	   14.0	  1	  750.0	 2050.0	   28.1	    8.4	    0.0	1	 2170.0	 21	    0.0	   -0.7	
  212	  21.20	 2999.9	 3000.0	   41.6	    0.0	 1500.0	    0.0	  200.0	    0.0	 1500.0	    0.0	  200.0	  100.0	   28.4	    0.0	    0.0	    8.7	    0.0	   14.1	  1	  750.0	 2050.0	   28.4	    8.7	    0.0	1	 2170.0	 21	    0.0	   -0.8	
  213	  21.30	 2999.9	 3000.0	   41.6	    0.0	 1500.0	    0.0	  200.0	    0.0	 1500.0	    0.0	  200.0	  100.0	   28.6	    0.0	    0.0	    8.9	    0.0	   14.2	  1	  750.0	 2050.0	   28.6	    8.9	    0.0	1	 2170.0	 21	    0.0	   -0.8	
  214	  21.40	 2999.9	 3000.0	   41.6	    0.0	 1500.0	    0.0	  200.0	    0.0	 1500.0	    0.0	  200.0	  100.0	   28.9	    0.0	    0.0	    9.2	    0.0	   14.3	  1	  750.0	 2050.0	   28.9	    9.2	    0.0	1	 2170.0	 21	    0.0	   -0.9	
  215	  21.50	 2999.9	 3000.0	   41.6	    0.0	 1500.0	    0.0	  200.0	    0.0	 1500.0	    0.0	  200.0	  100.0	   29.1	    0.0	    0.0	    9.4	    0.0	   14.3	  1	  750.0	 2050.0	   29.1	    9.4	    0.0	1	 2170.0	 21	    0.0	   -0.9	
  216	  21.60	 2999.9	 3000.0	   41.6	    0.0	 1500.0	    0.0	  200.0	    0.0	 1500.0	    0.0	  200.0	  100.0	   29.4	    0.0	    0.0	    9.7	    0.0	   14.4	  1	  750.0	 2050.0	   29.4	    9.7	    0.0	1	 2170.0	 21	    0.0	   -1.0	
  217	  21.70	 2999.9	 3000.0	   41.6	    0.0	 1500.0	    0.0	  200.0	    0.0	 1500.0	    0.0	  200.0	  100.0	   29.7	    0.0	    0.0	    9.9	    0.0	   14.5	  1	  750.0	 2050.0	   29.7	    9.9	    0.0	1	 2170.0	 21	    0.0	   -1.0	
  218	  21.80	 2999.9	 3000.0	   41.6	    0.0	 1500.0	    0.0	  200.0	    0.0	 1500.0	    0.0	  200.0	  100.0	   29.9	    0.0	    0.0	   10.2	    0.0	   14.6	  1	  750.0	 2050.0	   29.9	   10.2	    0.0	1	 2170.0	 21	    0.0	   -1.1	
  219	  21.90	 2999.9	 3000.0	   41.6	    0.0	 1500.0	    0.0	  200.0	    0.0	 1500.0	    0.0	  200.0	  100.0	   30.2	    0.0	    0.0	   10.4	    0.0	   14.6	  1	  750.0	 2050.0	   30.2	   10.4	    0.0	1	 2170.0	 21	    0.0	   -1.1	
  220	  22.00	 2999.9	 3000.0	   41.6	    0.0	 1500.0	    0.0	  200.0	    0.0	 1500.0	    0.0	  200.0	  100.0	   30.4	    0.0	    0.0	   10.7	    0.0	   14.7	  1	  750.0	 2050.0	   30.4	   10.7	    0.0	1	 2170.0	 21	    0.0	   -1.2	
  221	  22.10	 2999.9	 3000.0	   41.6	    0.0	 1500.0	    0.0	  200.0	    0.0	 1500.0	    0.0	  200.0	  100.0	   30.7	    0.0	    0.0	   10.9	    0.0	   14.8	  1	  750.0	 2050.0	   30.7	   10.9	    0.0	1	 2170.0	 21	    0.0	   -1.3	
  222	  22.20	 2999.9	 3000.0	   41.6	    0.0	 1500.0	    0.0	  200.0	    0.0	 1500.0	    0.0	  200.0	  100.0	   30.9	    0.0	    0.0	   11.2	    0.0	   14.9	  1	  750.0	 2050.0	   30.9	   11.2	    0.0	1	 2170.0	 21	    0.0	   -1.3	
  223	  22.30	 2999.9	 3000.0	   41.6	    0.0	 1500.0	    0.0	  200.0	    0.0	 1500.0	    0.0	  200.0	  100.0	   31.2	    0.0	    0.0	   11.5	    0.0	   14.9	  1	  750.0	 2050.0	   31.2	   11.5	    0.0	1	 2170.0	 21	    0.0	   -1.4	
  224	  22.40	 2999.9	 3000.0	   41.6	    0.0	 1500.0	    0.0	  200.0	    0.0	 1500.0	    0.0	  200.0	  100.0	   31.4	    0.0	    0.0	   11.7	    0.0	   15.0	  1	  750.0	 2050.0	   31.4	   11.7	    0.0	1	 2170.0	 21	    0.0	   -1.4	
  225	  22.50	 2999.9	 3000.0	   41.6	    0.0	 1500.0	    0.0	  200.0	    0.0	 1500.0	    0.0	  200.0	  100.0	   31.7	    0.0	    0.0	   12.0	    0.0	   15.1	  1	  750.0	 2050.0	   31.7	   12.0	    0.0	1	 2170.0	 21	    0.0	   -1.5	
  226	  22.60	 2999.9	 3000.0	   41.6	    0.0	 1500.0	    0.0	  200.0	    0.0	 1500.0	    0.0	  200.0	  100.0	   31.9	    0.0	    0.0	   12.2	    0.0	   15.1	  1	  750.0	 2050.0	   31.9	   12.2	    0.0	1	 2170.0	 21	    0.0	   -1.5	
  227	  22.70	 2999.9	 3000.0	   41.6	    0.0	 1500.0	    0.0	  200.0	    0.0	 1500.0	    0.0	  200.0	  100.0	   32.2	    0.0	    0.0	   12.5	    0.0	   15.2	  1	  750.0	 2050.0	   32.2	   12.5	    0.0	1	 2170.0	 21	    0.0	   -1.6	
  228	  22.80	 2999.9	 3000.0	   41.6	    0.0	 1500.0	    0.0	  200.0	    0.0	 1500.0	    0.0	  200.0	  100.0	   32.5	    0.0	    0.0	   12.7	    0.0	   15.3	  1	  750.0	 2050.0	   32.5	   12.7	    0.0	1	 2170.0	 21	    0.0	   -1.6	
  229	  22.90	 2999.9	 3000.0	   41.6	    0.0	 1500.0	    0.0	  200.0	    0.0	 1500.0	    0.0	  200.0	  100.0	   32.7	    0.0	    0.0	   13.0	    0.0	   15.4	  1	  750.0	 2050.0	   32.7	   13.0	    0.0	1	 2170.0	 21	    0.0	   -1.7	
  230	  23.00	 2999.9	 3000.0	   41.6	    0.0	 1500.0	    0.0	  200.0	    0.0	 1500.0	    0.0	  200.0	  100.0	   33.0	    0.0	    0.0	   13.2	    0.0	   15.4	  1	  750.0	 2050.0	   33.0	   13.2	    0.0	1	 2170.0	 21	    0.0	   -1.7	
  231	  23.10	 2999.9	 3000.0	   41.6	    0.0	 1500.0	    0.0	  200.0	    0.0	 1500.0	    0.0	  200.0	  100.0	   33.2	    0.0	    0.0	   13.5	    0.0	   15.5	  1	  750.0	 2050.0	   33.2	   13.5	    0.0	1	 2170.0	 21	    0.0	   -1.8	
  232	  23.20	 2999.9	 3000.0	   41.6	    0.0	 1500.0	    0.0	  200.0	    0.0	 1500.0	    0.0	  200.0	  100.0	   33.5	    0.0	    0.0	   13.7	    0.0	   15.6	  1	  750.0	 2050.0	   33.5	   13.7	    0.0	1	 2170.0	 21	    0.0	   -1.8	
  233	  23.30	 2999.9	 3000.0	   41.6	    0.0	 1500.0	    0.0	  200.0	    0.0	 1500.0	    0.0	  200.0	  100.0	   33.7	    0.0	    0.0	   14.0	    0.0	   15.7	  1	  750.0	 2050.0	   33.7	   14.0	    0.0	1	 2170.0	 21	    0.0	   -1.9	
  234	  23.40	 2999.9	 3000.0	   41.6	    0.0	 1500.0	    0.0	  200.0	    0.0	 1500.0	    0.0	  200.0	  100.0	   34.0	    0.0	    0.0	   14.3	    0.0	   15.7	  1	  750.0	 2050.0	   34.0	   14.3	    0.0	1	 2170.0	 21	    0.0	   -1.9	
  235	  23.50	 2999.9	 3000.0	   41.6	    0.0	 1500.0	    0.0	  200.0	    0.0	 1500.0	    0.0	  200.0	  100.0	   34.2	    0.0	    0.0	   14.5	    0.0	   15.8	  1	  750.0	 2050.0	   34.2	   14.5	    0.0	1	 2170.0	 21	    0.0	   -2.0	
  236	  23.60	 2999.9	 3000.0	   41.6	    0.0	 1500.0	    0.0	  200.0	    0.0	 1500.0	    0.0	  200.0	  100.0	   34.5	    0.0	    0.0	   14.8	    0.0	   15.9	  1	  750.0	 2050.0	   34.5	   14.8	    0.0	1	 2170.0	 21	    0.0	   -2.1	
  237	  23.70	 2999.9	 3000.0	   41.6	    0.0	 1500.0	    0.0	  200.0	    0.0	 1500.0	    0.0	  200.0	  100.0	   34.8	    0.0	    0.0	   15.0	    0.0	   15.9	  1	  750.0	 2050.0	   34.8	   15.0	    0.0	1	 2170.0	 21	    0.0	   -2.1	
  238	  23.80	 2999.9	 3000.0	   41.6	    0.0	 1500.0	    0.0	  200.0	    0.0	 1500.0	    0.0	  200.0	  100.0	   35.0	    0.0	    0.0	   15.3	    0.0	   16.0	  1	  750.0	 2050.0	   35.0	   15.3	    0.0	1	 2170.0	 21	    0.0	   -2.2	
  239	  23.90	 2999.9	 3000.0	   41.6	    0.0	 1500.0	    0.0	  200.0	    0.0	 1500.0	    0.0	  200.0	  100.0	   35.3	    0.0	    0.0	   15.5	    0.0	   16.1	  1	  750.0	 2050.0	   35.3	   15.5	    0.0	1	 2170.0	 21	    0.0	   -2.2	
  240	  24.00	 2999.9	 3000.0	   41.6	    0.0	 1500.0	    0.0	  200.0	    0.0	 1500.0	    0.0	  200.0	  100.0	   35.5	    0.0	    0.0	   15.8	    0.0	   16.2	  1	  750.0	 2050.0	   35.5	   15.8	    0.0	1	 2170.0	 21	    0.0	   -2.3	
  241	  24.10	 2999.9	 3000.0	   41.6	    0.0	 1500.0	    0.0	  200.0	    0.0	 1500.0	    0.0	  200.0	  100.0	   35.8	    0.0	    0.0	   16.0	    0.0	   16.2	  1	  750.0	 2050.0	   35.8	   16.0	    0.0	1	 2170.0	 21	    0.0	   -2.3	
  242	  24.20	 2999.9	 3000.0	   41.6	    0.0	 1500.0	    0.0	  200.0	    0.0	 1500.0	    0.0	  200.0	  100.0	   36.0	    0.0	    0.0	   16.3	    0.0	   16.3	  1	  750.0	 2050.0	   36.0	   16.3	    0.0	1	 2170.0	 21	    0.0	   -2.4	
  243	  24.30	 2999.9	 3000.0	   41.6	    0.0	 1500.0	    0.0	  200.0	    0.0	 1500.0	    0.0	  200.0	  100.0	   36.3	    0.0	    0.0	   16.5	    0.0	   16.4	  1	  750.0	 2050.0	   36.3	   16.5	    0.0	1	 2170.0	 21	    0.0	   -2.4	
  244	  24.40	 2999.9	 3000.0	   41.6	    0.0	 1500.0	    0.0	  200.0	    0.0	 1500.0	    0.0	  200.0	  100.0	   36.5	    0.0	    0.0	   16.8	    0.0	   16.5	  1	  750.0	 2050.0	   36.5	   16.8	    0.0	1	 2170.0	 21	    0.0	   -2.5	
  245	  24.50	 2999.9	 3000.0	   41.6	    0.0	 1500.0	    0.0	  200.0	    0.0	 1500.0	    0.0	  200.0	  100.0	   36.8	    0.0	    0.0	   17.1	    0.0	   16.5	  1	  750.0	 2050.0	   36.8	   17.1	    0.0	1	 2170.0	 21	    0.0	   -2.5	
  246	  24.60	 2999.9	 3000.0	   41.6	    0.0	 1500.0	    0.0	  200.0	    0.0	 1500.0	    0.0	  200.0	  100.0	   37.0	    0.0	    0.0	   17.3	    0.0	   16.6	  1	  750.0	 2050.0	   37.0	   17.3	    0.0	1	 2170.0	 21	    0.0	   -2.6	
  247	  24.70	 2999.9	 3000.0	   41.6	    0.0	 1500.0	    0.0	  200.0	    0.0	 1500.0	    0.0	  200.0	  100.0	   37.3	    0.0	    0.0	   17.6	    0.0	   16.7	  1	  750.0	 2050.0	   37.3	   17.6	    0.0	1	 2170.0	 21	    0.0	   -2.6	
  248	  24.80	 2999.9	 3000.0	   41.6	    0.0	 1500.0	    0.0	  200.0	    0.0	 1500.0	    0.0	  200.0	  100.0	   37.6	    0.0	    0.0	   17.8	    0.0	   16.8	  1	  750.0	 2050.0	   37.6	   17.8	    0.0	1	 2170.0	 21	    0.0	   -2.7	
  249	  24.90	 2999.9	 3000.0	   41.6	    0.0	 1500.0	    0.0	  200.0	    0.0	 1500.0	    0.0	  200.0	  100.0	   37.8	    0.0	    0.0	   18.1	    0.0	   16.8	  1	  750.0	 2050.0	   37.8	   18.1	    0.0	1	 2170.0	 21	    0.0	   -2.8	
  250	  25.00	 2999.9	 3000.0	   41.6	    0.0	 1500.0	    0.0	  200.0	    0.0	 1500.0	    0.0	  200.0	  100.0	   38.1	    0.0	    0.0	   18.3	    0.0	   16.9	  1	  750.0	 2050.0	   38.1	   18.3	    0.0	1	 2170.0	 21	    0.0	   -2.8	
  251	  25.10	 2999.9	 3000.0	   41.6	    0.0	 1500.0	    0.0	  200.0	    0.0	 1500.0	    0.0	  200.0	  100.0	   38.3	    0.0	    0.0	   18.6	    0.0	   17.0	  1	  750.0	 2050.0	   38.3	   18.6	    0.0	1	 2170.0	 21	    0.0	   -2.9	
  252	  25.20	 2999.9	 3000.0	   41.6	    0.0	 1500.0	    0.0	  200.0	    0.0	 1500.0	    0.0	  200.0	  100.0	   38.6	    0.0	    0.0	   18.8	    0.0	   17.0	  1	  750.0	 2050.0	   38.6	   18.8	    0.0	1	 2170.0	 21	    0.0	   -2.9	
  253	  25.30	 2999.9	 3000.0	   41.6	    0.0	 1500.0	    0.0	  200.0	    0.0	 1500.0	    0.0	  200.0	  100.0	   38.8	    0.0	    0.0	   19.1	    0.0	   17.1	  1	  750.0	 2050.0	   38.8	   19.1	    0.0	1	 2170.0	 21	    0.0	   -3.0	
  254	  25.40	 2999.9	 3000.0	   41.6	    0.0	 1500.0	    0.0	  200.0	    0.0	 1500.0	    0.0	  200.0	  100.0	   39.1	    0.0	    0.0	   19.3	    0.0	   17.2	  1	  750.0	 2050.0	   39.1	   19.3	    0.0	1	 2170.0	 21	    0.0	   -3.0	
  255	  25.50	 2999.9	 3000.0	   41.6	    0.0	 1500.0	    0.0	  200.0	    0.0	 1500.0	    0.0	  200.0	  100.0	   39.3	    0.0	    0.0	   19.6	    0.0	   17.3	  1	  750.0	 2050.0	   39.3	   19.6	    0.0	1	 2170.0	 21	    0.0	   -3.1	
  256	  25.60	 2999.9	 3000.0	   41.6	    0.0	 1500.0	    0.0	  200.0	    0.0	 1500.0	    0.0	  200.0	  100.0	   39.6	    0.0	    0.0	   19.9	    0.0	   17.3	  1	  750.0	 2050.0	   39.6	   19.9	    0.0	1	 2170.0	 21	    0.0	   -3.1	
  257	  25.70	 2999.9	 3000.0	   41.6	    0.0	 1500.0	    0.0	  200.0	    0.0	 1500.0	    0.0	  200.0	  100.0	   39.8	    0.0	    0.0	   20.1	    0.0	   17.4	  1	  750.0	 2050.0	   39.8	   20.1	    0.0	1	 2170.0	 21	    0.0	   -3.2	
  258	  25.80	 2999.9	 3000.0	   41.6	    0.0	 1500.0	    0.0	  200.0	    0.0	 1500.0	    0.0	  200.0	  100.0	   40.1	    0.0	    0.0	   20.4	    0.0	   17.5	  1	  750.0	 2050.0	   40.1	   20.4	    0.0	1	 2170.0	 21	    0.0	   -3.2	
  259	  25.90	 2999.9	 3000.0	   41.6	    0.0	 1500.0	    0.0	  200.0	    0.0	 1500.0	    0.0	  200.0	  100.0	   40.4	    0.0	    0.0	   20.6	    0.0	   17.6	  1	  750.0	 2050.0	   40.4	   20.6	    0.0	1	 2170.0	 21	    0.0	   -3.3	
  260	  26.00	 2999.9	 3000.0	   41.6	    0.0	 1500.0	    0.0	  200.0	    0.0	 1500.0	    0.0	  200.0	  100.0	   40.6	    0.0	    0.0	   20.9	    0.0	   17.6	  1	  750.0	 2050.0	   40.6	   20.9	    0.0	1	 2170.0	 21	    0.0	   -3.3	
  261	  26.10	 2999.9	 3000.0	   41.6	    0.0	 1500.0	    0.0	  200.0	    0.0	 1500.0	    0.0	  200.0	  100.0	   40.9	    0.0	    0.0	   21.1	    0.0	   17.7	  1	  750.0	 2050.0	   40.9	   21.1	    0.0	1	 2170.0	 21	    0.0	   -3.4	
  262	  26.20	 2999.9	 3000.0	   41.6	    0.0	 1500.0	    0.0	  200.0	    0.0	 1500.0	    0.0	  200.0	  100.0	   41.1	    0.0	    0.0	   21.4	    0.0	   17.8	  1	  750.0	 2050.0	   41.1	   21.4	    0.0	1	 2170.0	 21	    0.0	   -3.4	
  263	  26.30	 2999.9	 3000.0	   41.6	    0.0	 1500.0	    0.0	  200.0	    0.0	 1500.0	    0.0	  200.0	  100.0	   41.4	    0.0	    0.0	   21.6	    0.0	   17.9	  1	  750.0	 2050.0	   41.4	   21.6	    0.0	1	 2170.0	 21	    0.0	   -3.5	
  264	  26.40	 2999.9	 3000.0	   41.6	    0.0	 1500.0	    0.0	  200.0	    0.0	 1500.0	    0.0	  200.0	  100.0	   41.6	    0.0	    0.0	   21.9	    0.0	   17.9	  1	  750.0	 2050.0	   41.6	   21.9	    0.0	1	 2170.0	 21	    0.0	   -3.6	
  265	  26.50	 2999.9	 3000.0	   41.6	    0.0	 1500.0	    0.0	  200.0	    0.0	 1500.0	    0.0	  200.0	  100.0	   41.9	    0.0	    0.0	   22.1	    0.0	   18.0	  1	  750.0	 2050.0	   41.9	   22.1	    0.0	1	 2170.0	 21	    0.0	   -3.6	
  266	  26.60	 2999.9	 3000.0	   41.6	    0.0	 1500.0	    0.0	  200.0	    0.0	 1500.0	    0.0	  200.0	  100.0	   42.1	    0.0	    0.0	   22.4	    0.0	   18.1	  1	  750.0	 2050.0	   42.1	   22.4	    0.0	1	 2170.0	 21	    0.0	   -3.7	
