    1	   3.08	    0.0	 1500.0	    0.0	    0.0	 1500.0	    0.0	  200.0	    0.0	 1500.0	    0.0	  200.0	  100.0	   99.7	    0.0	    0.0	    0.0	    0.0	    0.1	  1	 -750.0	 1550.0	   99.7	    0.0	    0.0	1	  521.5	 21	    0.0	    7.7	
    2	   3.18	    0.0	 1500.0	    0.0	    0.0	 1500.0	    0.0	  200.0	    0.0	 1500.0	    0.0	  200.0	  100.0	   99.2	    0.0	    0.0	    0.0	    0.0	    0.1	  1	 -750.0	 1550.0	   99.2	    0.0	    0.0	1	  396.2	 21	 1305.5	   10.5	
    3	   3.28	    0.0	 1500.0	    0.0	    0.0	 1500.0	    0.0	  200.0	    0.0	 1500.0	    0.0	  200.0	  100.0	   98.7	    0.0	    0.0	    0.0	    0.0	    0.2	  1	 -750.0	 1550.0	   98.7	    0.0	    0.0	1	  395.8	 21	 1305.2	   10.5	
    4	   3.38	    0.0	 1500.0	    0.0	    0.0	 1500.0	    0.0	  200.0	    0.0	 1500.0	    0.0	  200.0	  100.0	   98.2	    0.0	    0.0	    0.0	    0.0	    0.3	  1	 -750.0	 1550.0	   98.2	    0.0	    0.0	1	  395.3	 21	 1304.9	   10.5	
    5	   3.48	    0.0	 1500.0	    0.0	    0.0	 1500.0	    0.0	  200.0	    0.0	 1500.0	    0.0	  200.0	  100.0	   97.7	    0.0	    0.0	    0.0	    0.0	    0.3	  1	 -750.0	 1550.0	   97.7	    0.0	    0.0	1	  394.9	 21	 1304.6	   10.5	
    6	   3.58	    0.0	 1500.0	    0.0	    0.0	 1500.0	    0.0	  200.0	    0.0	 1500.0	    0.0	  200.0	  100.0	   97.2	    0.0	    0.0	    0.0	    0.0	    0.4	  1	 -750.0	 1550.0	   97.2	    0.0	    0.0	1	  394.4	 21	 1304.3	   10.4	
    7	   3.68	    0.0	 1500.0	    0.0	    0.0	 1500.0	    0.0	  200.0	    0.0	 1500.0	    0.0	  200.0	  100.0	   96.7	    0.0	    0.0	    0.0	    0.0	    0.5	  1	 -750.0	 1550.0	   96.7	    0.0	    0.0	1	  394.0	 21	 1304.1	   10.4	
    8	   3.78	    0.0	 1500.0	    0.0	    0.0	 1500.0	    0.0	  200.0	    0.0	 1500.0	    0.0	  200.0	  100.0	   96.2	    0.0	    0.0	    0.0	    0.0	    0.5	  1	 -750.0	 1550.0	   96.2	    0.0	    0.0	1	  393.5	 21	 1303.8	   10.4	
    9	   3.88	    0.0	 1500.0	    0.0	    0.0	 1500.0	    0.0	  200.0	    0.0	 1500.0	    0.0	  200.0	  100.0	   95.7	    0.0	    0.0	    0.0	    0.0	    0.6	  1	 -750.0	 1550.0	   95.7	    0.0	    0.0	1	  393.1	 21	 1303.5	   10.3	
   10	   3.98	    0.0	 1500.0	    0.0	    0.0	 1500.0	    0.0	  200.0	    0.0	 1500.0	    0.0	  200.0	  100.0	   95.2	    0.0	    0.0	    0.0	    0.0	    0.7	  1	 -750.0	 1550.0	   95.2	    0.0	    0.0	1	  392.6	 21	 1303.2	   10.3	
   11	   4.08	    0.0	 1500.0	    0.0	    0.0	 1500.0	    0.0	  200.0	    0.0	 1500.0	    0.0	  200.0	  100.0	   94.7	    0.0	    0.0	    0.0	    0.0	    0.7	  1	 -750.0	 1550.0	   94.7	    0.0	    0.0	1	  392.2	 21	 1302.9	   10.3	
   12	   4.18	    0.0	 1500.0	    0.0	    0.0	 1500.0	    0.0	  200.0	    0.0	 1500.0	    0.0	  200.0	  100.0	   94.2	    0.0	    0.0	    0.0	    0.0	    0.8	  1	 -750.0	 1550.0	   94.2	    0.0	    0.0	1	  391.7	 21	 1302.6	   10.3	
   13	   4.28	    0.0	 1500.0	    0.0	    0.0	 1500.0	    0.0	  200.0	    0.0	 1500.0	    0.0	  200.0	  100.0	   93.7	    0.0	    0.0	    0.0	    0.0	    0.9	  1	 -750.0	 1550.0	   93.7	    0.0	    0.0	1	  391.2	 21	 1302.4	   10.2	
   14	   4.38	    0.0	 1500.0	    0.0	    0.0	 1500.0	    0.0	  200.0	    0.0	 1500.0	    0.0	  200.0	  100.0	   93.2	    0.0	    0.0	    0.0	    0.0	    0.9	  1	 -750.0	 1550.0	   93.2	    0.0	    0.0	1	  390.8	 21	 1302.1	   10.2	
   15	   4.48	    0.0	 1500.0	    0.0	    0.0	 1500.0	    0.0	  200.0	    0.0	 1500.0	    0.0	  200.0	  100.0	   92.7	    0.0	    0.0	    0.0	    0.0	    1.0	  1	 -750.0	 1550.0	   92.7	    0.0	    0.0	1	  390.3	 21	 1301.8	   10.2	
   16	   4.58	    0.0	 1500.0	    0.0	    0.0	 1500.0	    0.0	  200.0	    0.0	 1500.0	    0.0	  200.0	  100.0	   92.2	    0.0	    0.0	    0.0	    0.0	    1.1	  1	 -750.0	 1550.0	   92.2	    0.0	    0.0	1	  389.9	 21	 1301.5	   10.2	
   17	   4.68	    0.0	 1500.0	    0.0	    0.0	 1500.0	    0.0	  200.0	    0.0	 1500.0	    0.0	  200.0	  100.0	   91.7	    0.0	    0.0	    0.0	    0.0	    1.2	  1	 -750.0	 1550.0	   91.7	    0.0	    0.0	1	  389.4	 21	 1301.2	   10.1	
   18	   4.78	    0.0	 1500.0	    0.0	    0.0	 1500.0	    0.0	  200.0	    0.0	 1500.0	    0.0	  200.0	  100.0	   91.2	    0.0	    0.0	    0.0	    0.0	    1.2	  1	 -750.0	 1550.0	   91.2	    0.0	    0.0	1	  389.0	 21	 1301.0	   10.1	
   19	   4.88	    0.0	 1500.0	    0.0	    0.0	 1500.0	    0.0	  200.0	    0.0	 1500.0	    0.0	  200.0	  100.0	   90.7	    0.0	    0.0	    0.0	    0.0	    1.3	  1	 -750.0	 1550.0	   90.7	    0.0	    0.0	1	  388.5	 21	 1300.7	   10.1	
   20	   4.98	    0.0	 1500.0	    0.0	    0.0	 1500.0	    0.0	  200.0	    0.0	 1500.0	    0.0	  200.0	  100.0	   90.2	    0.0	    0.0	    0.0	    0.0	    1.4	  1	 -750.0	 1550.0	   90.2	    0.0	    0.0	1	  388.0	 21	 1300.4	   10.0	
   21	   5.08	    0.0	 1500.0	    0.0	    0.0	 1500.0	    0.0	  200.0	    0.0	 1500.0	    0.0	  200.0	  100.0	   89.7	    0.0	    0.0	    0.0	    0.0	    1.4	  1	 -750.0	 1550.0	   89.7	    0.0	    0.0	1	  387.6	 21	 1300.1	   10.0	
   22	   5.18	    0.0	 1500.0	    0.0	    0.0	 1500.0	    0.0	  200.0	    0.0	 1500.0	    0.0	  200.0	  100.0	   89.2	    0.0	    0.0	    0.0	    0.0	    1.5	  1	 -750.0	 1550.0	   89.2	    0.0	    0.0	1	  387.1	 21	    0.0	   10.0	
   23	   5.28	    0.0	 1500.0	    0.0	    0.0	 1500.0	    0.0	  200.0	    0.0	 1500.0	    0.0	  200.0	  100.0	   88.7	    0.0	    0.0	    0.0	    0.0	    1.6	  1	 -750.0	 1550.0	   88.7	    0.0	    0.0	1	  386.7	 21	    0.0	   10.0	
   24	   5.38	    0.0	 1500.0	    0.0	    0.0	 1500.0	    0.0	  200.0	    0.0	 1500.0	    0.0	  200.0	  100.0	   88.2	    0.0	    0.0	    0.0	    0.0	    1.6	  1	 -750.0	 1550.0	   88.2	    0.0	    0.0	1	  386.2	 21	    0.0	    9.9	
   25	   5.48	    0.0	 1500.0	    0.0	    0.0	 1500.0	    0.0	  200.0	    0.0	 1500.0	    0.0	  200.0	  100.0	   87.7	    0.0	    0.0	    0.0	    0.0	    1.7	  1	 -750.0	 1550.0	   87.7	    0.0	    0.0	1	  385.7	 21	    0.0	    9.9	
   26	   5.58	    0.0	 1500.0	    0.0	    0.0	 1500.0	    0.0	  200.0	    0.0	 1500.0	    0.0	  200.0	  100.0	   87.2	    0.0	    0.0	    0.0	    0.0	    1.8	  1	 -750.0	 1550.0	   87.2	    0.0	    0.0	1	  385.3	 21	    0.0	    9.9	
   27	   5.68	    0.0	 1500.0	    0.0	    0.0	 1500.0	    0.0	  200.0	    0.0	 1500.0	    0.0	  200.0	  100.0	   86.7	    0.0	    0.0	    0.0	    0.0	    1.8	  1	 -750.0	 1550.0	   86.7	    0.0	    0.0	1	  384.8	 21	    0.0	    9.8	
   28	   5.78	    0.0	 1500.0	    0.0	    0.0	 1500.0	    0.0	  200.0	    0.0	 1500.0	    0.0	  200.0	  100.0	   86.2	    0.0	    0.0	    0.0	    0.0	    1.9	  1	 -750.0	 1550.0	   86.2	    0.0	    0.0	1	  384.4	 21	    0.0	    9.8	
   29	   5.88	    0.0	 1500.0	    0.0	    0.0	 1500.0	    0.0	  200.0	    0.0	 1500.0	    0.0	  200.0	  100.0	   85.7	    0.0	    0.0	    0.0	    0.0	    2.0	  1	 -750.0	 1550.0	   85.7	    0.0	    0.0	1	  383.9	 21	    0.0	    9.8	
   30	   5.98	    0.0	 1500.0	    0.0	    0.0	 1500.0	    0.0	  200.0	    0.0	 1500.0	    0.0	  200.0	  100.0	   85.2	    0.0	    0.0	    0.0	    0.0	    2.0	  1	 -750.0	 1550.0	   85.2	    0.0	    0.0	1	  383.4	 21	    0.0	    9.8	
   31	   6.08	    0.0	 1500.0	    0.0	    0.0	 1500.0	    0.0	  200.0	    0.0	 1500.0	    0.0	  200.0	  100.0	   84.7	    0.0	    0.0	    0.0	    0.0	    2.1	  1	 -750.0	 1550.0	   84.7	    0.0	    0.0	1	  383.0	 21	    0.0	    9.7	
   32	   6.18	    0.0	 1500.0	    0.0	    0.0	 1500.0	    0.0	  200.0	    0.0	 1500.0	    0.0	  200.0	  100.0	   84.2	    0.0	    0.0	    0.0	    0.0	    2.2	  1	 -750.0	 1550.0	   84.2	    0.0	    0.0	1	  382.5	 21	    0.0	    9.7	
   33	   6.28	    0.0	 1500.0	    0.0	    0.0	 1500.0	    0.0	  200.0	    0.0	 1500.0	    0.0	  200.0	  100.0	   83.7	    0.0	    0.0	    0.0	    0.0	    2.2	  1	 -750.0	 1550.0	   83.7	    0.0	    0.0	1	  382.0	 21	    0.0	    9.7	
   34	   6.38	    0.0	 1500.0	    0.0	    0.0	 1500.0	    0.0	  200.0	    0.0	 1500.0	    0.0	  200.0	  100.0	   83.2	    0.0	    0.0	    0.0	    0.0	    2.3	  1	 -750.0	 1550.0	   83.2	    0.0	    0.0	1	  381.6	 21	    0.0	    9.6	
   35	   6.48	    0.0	 1500.0	    0.0	    0.0	 1500.0	    0.0	  200.0	    0.0	 1500.0	    0.0	  200.0	  100.0	   82.7	    0.0	    0.0	    0.0	    0.0	    2.4	  1	 -750.0	 1550.0	   82.7	    0.0	    0.0	1	  381.1	 21	    0.0	    9.6	
   36	   6.58	    0.0	 1500.0	    0.0	    0.0	 1500.0	    0.0	  200.0	    0.0	 1500.0	    0.0	  200.0	  100.0	   82.2	    0.0	    0.0	    0.0	    0.0	    2.4	  1	 -750.0	 1550.0	   82.2	    0.0	    0.0	1	  380.6	 21	    0.0	    9.6	
   37	   6.68	    0.0	 1500.0	    0.0	    0.0	 1500.0	    0.0	  200.0	    0.0	 1500.0	    0.0	  200.0	  100.0	   81.7	    0.0	    0.0	    0.0	    0.0	    2.5	  1	 -750.0	 1550.0	   81.7	    0.0	    0.0	1	  380.2	 21	    0.0	    9.6	
   38	   6.78	    0.0	 1500.0	    0.0	    0.0	 1500.0	    0.0	  200.0	    0.0	 1500.0	    0.0	  200.0	  100.0	   81.2	    0.0	    0.0	    0.0	    0.0	    2.6	  1	 -750.0	 1550.0	   81.2	    0.0	    0.0	1	  379.7	 21	    0.0	    9.5	
   39	   6.88	    0.0	 1500.0	    0.0	    0.0	 1500.0	    0.0	  200.0	    0.0	 1500.0	    0.0	  200.0	  100.0	   80.7	    0.0	    0.0	    0.0	    0.0	    2.6	  1	 -750.0	 1550.0	   80.7	    0.0	    0.0	1	  379.2	 21	    0.0	    9.5	
   40	   6.98	    0.0	 1500.0	    0.0	    0.0	 1500.0	    0.0	  200.0	    0.0	 1500.0	    0.0	  200.0	  100.0	   80.2	    0.0	    0.0	    0.0	    0.0	    2.7	  1	 -750.0	 1550.0	   80.2	    0.0	    0.0	1	  378.8	 21	    0.0	    9.5	
   41	   7.08	    0.0	 1500.0	    0.0	    0.0	 1500.0	    0.0	  200.0	    0.0	 1500.0	    0.0	  200.0	  100.0	   79.7	    0.0	    0.0	    0.0	    0.0	    2.8	  1	 -750.0	 1550.0	   79.7	    0.0	    0.0	1	  378.3	 21	    0.0	    9.4	
   42	   7.18	    0.0	 1500.0	    0.0	    0.0	 1500.0	    0.0	  200.0	    0.0	 1500.0	    0.0	  200.0	  100.0	   79.2	    0.0	    0.0	    0.0	    0.0	    2.8	  1	 -750.0	 1550.0	   79.2	    0.0	    0.0	1	  377.8	 21	    0.0	    9.4	
   43	   7.28	    0.0	 1500.0	    0.0	    0.0	 1500.0	    0.0	  200.0	    0.0	 1500.0	    0.0	  200.0	  100.0	   78.7	    0.0	    0.0	    0.0	    0.0	    2.9	  1	 -750.0	 1550.0	   78.7	    0.0	    0.0	1	  377.4	 21	    0.0	    9.4	
   44	   7.38	    0.0	 1500.0	    0.0	    0.0	 1500.0	    0.0	  200.0	    0.0	 1500.0	    0.0	  200.0	  100.0	   78.2	    0.0	    0.0	    0.0	    0.0	    3.0	  1	 -750.0	 1550.0	   78.2	    0.0	    0.0	1	  376.9	 21	    0.0	    9.4	
   45	   7.48	    0.0	 1500.0	    0.0	    0.0	 1500.0	    0.0	  200.0	    0.0	 1500.0	    0.0	  200.0	  100.0	   77.7	    0.0	    0.0	    0.0	    0.0	    3.1	  1	 -750.0	 1550.0	   77.7	    0.0	    0.0	1	  376.4	 21	    0.0	    9.3	
   46	   7.58	    0.0	 1500.0	    0.0	    0.0	 1500.0	    0.0	  200.0	    0.0	 1500.0	    0.0	  200.0	  100.0	   77.2	    0.0	    0.0	    0.0	    0.0	    3.1	  1	 -750.0	 1550.0	   77.2	    0.0	    0.0	1	  375.9	 21	    0.0	    9.3	
   47	   7.68	    0.0	 1500.0	    0.0	    0.0	 1500.0	    0.0	  200.0	    0.0	 1500.0	    0.0	  200.0	  100.0	   76.7	    0.0	    0.0	    0.0	    0.0	    3.2	  1	 -750.0	 1550.0	   76.7	    0.0	    0.0	1	  375.5	 21	    0.0	    9.3	
   48	   7.78	    0.0	 1500.0	    0.0	    0.0	 1500.0	    0.0	  200.0	    0.0	 1500.0	    0.0	  200.0	  100.0	   76.2	    0.0	    0.0	    0.0	    0.0	    3.3	  1	 -750.0	 1550.0	   76.2	    0.0	    0.0	1	  375.0	 21	    0.0	    9.2	
   49	   7.88	    0.0	 1500.0	    0.0	    0.0	 1500.0	    0.0	  200.0	    0.0	 1500.0	    0.0	  200.0	  100.0	   75.7	    0.0	    0.0	    0.0	    0.0	    3.3	  1	 -750.0	 1550.0	   75.7	    0.0	    0.0	1	  374.5	 21	    0.0	    9.2	
   50	   7.98	    0.0	 1500.0	    0.0	    0.0	 1500.0	    0.0	  200.0	    0.0	 1500.0	    0.0	  200.0	  100.0	   75.2	    0.0	    0.0	    0.0	    0.0	    3.4	  1	 -750.0	 1550.0	   75.2	    0.0	    0.0	1	  374.1	 21	    0.0	    9.2	
   51	   8.08	    0.0	 1500.0	    0.0	    0.0	 1500.0	    0.0	  200.0	    0.0	 1500.0	    0.0	  200.0	  100.0	   74.7	    0.0	    0.0	    0.0	    0.0	    3.5	  1	 -750.0	 1550.0	   74.7	    0.0	    0.0	1	  373.6	 21	    0.0	    9.2	
   52	   8.18	    0.0	 1500.0	    0.0	    0.0	 1500.0	    0.0	  200.0	    0.0	 1500.0	    0.0	  200.0	  100.0	   74.2	    0.0	    0.0	    0.0	    0.0	    3.5	  1	 -750.0	 1550.0	   74.2	    0.0	    0.0	1	  373.1	 21	    0.0	    9.1	
   53	   8.28	    0.0	 1500.0	    0.0	    0.0	 1500.0	    0.0	  200.0	    0.0	 1500.0	    0.0	  200.0	  100.0	   73.7	    0.0	    0.0	    0.0	    0.0	    3.6	  1	 -750.0	 1550.0	   73.7	    0.0	    0.0	1	  372.6	 21	    0.0	    9.1	
   54	   8.38	    0.0	 1500.0	    0.0	    0.0	 1500.0	    0.0	  200.0	    0.0	 1500.0	    0.0	  200.0	  100.0	   73.2	    0.0	    0.0	    0.0	    0.0	    3.7	  1	 -750.0	 1550.0	   73.2	    0.0	    0.0	1	  372.2	 21	    0.0	    9.1	
   55	   8.48	    0.0	 1500.0	    0.0	    0.0	 1500.0	    0.0	  200.0	    0.0	 1500.0	    0.0	  200.0	  100.0	   72.7	    0.0	    0.0	    0.0	    0.0	    3.7	  1	 -750.0	 1550.0	   72.7	    0.0	    0.0	1	  371.7	 21	    0.0	    9.1	
   56	   8.58	    0.0	 1500.0	    0.0	    0.0	 1500.0	    0.0	  200.0	    0.0	 1500.0	    0.0	  200.0	  100.0	   72.2	    0.0	    0.0	    0.0	    0.0	    3.8	  1	 -750.0	 1550.0	   72.2	    0.0	    0.0	1	  371.2	 21	    0.0	    9.0	
   57	   8.68	    0.0	 1500.0	    0.0	    0.0	 1500.0	    0.0	  200.0	    0.0	 1500.0	    0.0	  200.0	  100.0	   71.7	    0.0	    0.0	    0.0	    0.0	    3.9	  1	 -750.0	 1550.0	   71.7	    0.0	    0.0	1	  370.7	 21	    0.0	    9.0	
   58	   8.78	    0.0	 1500.0	    0.0	    0.0	 1500.0	    0.0	  200.0	    0.0	 1500.0	    0.0	  200.0	  100.0	   71.2	    0.0	    0.0	    0.0	    0.0	    3.9	  1	 -750.0	 1550.0	   71.2	    0.0	    0.0	1	  370.3	 21	    0.0	    9.0	
   59	   8.88	    0.0	 1500.0	    0.0	    0.0	 1500.0	    0.0	  200.0	    0.0	 1500.0	    0.0	  200.0	  100.0	   70.7	    0.0	    0.0	    0.0	    0.0	    4.0	  1	 -750.0	 1550.0	   70.7	    0.0	    0.0	1	  369.8	 21	    0.0	    8.9	
   60	   8.98	    0.0	 1500.0	    0.0	    0.0	 1500.0	    0.0	  200.0	    0.0	 1500.0	    0.0	  200.0	  100.0	   70.2	    0.0	    0.0	    0.0	    0.0	    4.1	  1	 -750.0	 1550.0	   70.2	    0.0	    0.0	1	  369.3	 21	    0.0	    8.9	
   61	   9.08	    0.0	 1500.0	    0.0	    0.0	 1500.0	    0.0	  200.0	    0.0	 1500.0	    0.0	  200.0	  100.0	   69.7	    0.0	    0.0	    0.0	    0.0	    4.1	  1	 -750.0	 1550.0	   69.7	    0.0	    0.0	1	  368.8	 21	    0.0	    8.9	
   62	   9.18	    0.0	 1500.0	    0.0	    0.0	 1500.0	    0.0	  200.0	    0.0	 1500.0	    0.0	  200.0	  100.0	   69.2	    0.0	    0.0	    0.0	    0.0	    4.2	  1	 -750.0	 1550.0	   69.2	    0.0	    0.0	1	  368.4	 21	    0.0	    8.9	
   63	   9.28	    0.0	 1500.0	    0.0	    0.0	 1500.0	    0.0	  200.0	    0.0	 1500.0	    0.0	  200.0	  100.0	   68.7	    0.0	    0.0	    0.0	    0.0	    4.3	  1	 -750.0	 1550.0	   68.7	    0.0	    0.0	1	  367.9	 21	    0.0	    8.8	
   64	   9.38	    0.0	 1500.0	    0.0	    0.0	 1500.0	    0.0	  200.0	    0.0	 1500.0	    0.0	  200.0	  100.0	   68.2	    0.0	    0.0	    0.0	    0.0	    4.3	  1	 -750.0	 1550.0	   68.2	    0.0	    0.0	1	  367.4	 21	    0.0	    8.8	
   65	   9.48	    0.0	 1500.0	    0.0	    0.0	 1500.0	    0.0	  200.0	    0.0	 1500.0	    0.0	  200.0	  100.0	   67.7	    0.0	    0.0	    0.0	    0.0	    4.4	  1	 -750.0	 1550.0	   67.7	    0.0	    0.0	1	  366.9	 21	    0.0	    8.8	
   66	   9.58	    0.0	 1500.0	    0.0	    0.0	 1500.0	    0.0	  200.0	    0.0	 1500.0	    0.0	  200.0	  100.0	   67.2	    0.0	    0.0	    0.0	    0.0	    4.5	  1	 -750.0	 1550.0	   67.2	    0.0	    0.0	1	  366.5	 21	    0.0	    8.7	
   67	   9.68	    0.0	 1500.0	    0.0	    0.0	 1500.0	    0.0	  200.0	    0.0	 1500.0	    0.0	  200.0	  100.0	   66.7	    0.0	    0.0	    0.0	    0.0	    4.5	  1	 -750.0	 1550.0	   66.7	    0.0	    0.0	1	  366.0	 21	    0.0	    8.7	
   68	   9.78	    0.0	 1500.0	    0.0	    0.0	 1500.0	    0.0	  200.0	    0.0	 1500.0	    0.0	  200.0	  100.0	   66.2	    0.0	    0.0	    0.0	    0.0	    4.6	  1	 -750.0	 1550.0	   66.2	    0.0	    0.0	1	  365.5	 21	    0.0	    8.7	
   69	   9.88	    0.0	 1500.0	    0.0	    0.0	 1500.0	    0.0	  200.0	    0.0	 1500.0	    0.0	  200.0	  100.0	   65.7	    0.0	    0.0	    0.0	    0.0	    4.7	  1	 -750.0	 1550.0	   65.7	    0.0	    0.0	1	  365.0	 21	    0.0	    8.7	
   70	   9.98	    0.0	 1500.0	    0.0	    0.0	 1500.0	    0.0	  200.0	    0.0	 1500.0	    0.0	  200.0	  100.0	   65.2	    0.0	    0.0	    0.0	    0.0	    4.7	  1	 -750.0	 1550.0	   65.2	    0.0	    0.0	1	  364.5	 21	    0.0	    8.6	
   71	  10.08	    0.0	 1500.0	    0.0	    0.0	 1500.0	    0.0	  200.0	    0.0	 1500.0	    0.0	  200.0	  100.0	   64.7	    0.0	    0.0	    0.0	    0.0	    4.8	  1	 -750.0	 1550.0	   64.7	    0.0	    0.0	1	  364.1	 21	    0.0	    8.6	
   72	  10.18	    0.0	 1500.0	    0.0	    0.0	 1500.0	    0.0	  200.0	    0.0	 1500.0	    0.0	  200.0	  100.0	   64.2	    0.0	    0.0	    0.0	    0.0	    4.9	  1	 -750.0	 1550.0	   64.2	    0.0	    0.0	1	  363.6	 21	    0.0	    8.6	
   73	  10.28	    0.0	 1500.0	    0.0	    0.0	 1500.0	    0.0	  200.0	    0.0	 1500.0	    0.0	  200.0	  100.0	   63.7	    0.0	    0.0	    0.0	    0.0	    5.0	  1	 -750.0	 1550.0	   63.7	    0.0	    0.0	1	  363.1	 21	    0.0	    8.5	
   74	  10.38	    0.0	 1500.0	    0.0	    0.0	 1500.0	    0.0	  200.0	    0.0	 1500.0	    0.0	  200.0	  100.0	   63.2	    0.0	    0.0	    0.0	    0.0	    5.0	  1	 -750.0	 1550.0	   63.2	    0.0	    0.0	1	  362.6	 21	    0.0	    8.5	
   75	  10.48	    0.0	 1500.0	    0.0	    0.0	 1500.0	    0.0	  200.0	    0.0	 1500.0	    0.0	  200.0	  100.0	   62.7	    0.0	    0.0	    0.0	    0.0	    5.1	  1	 -750.0	 1550.0	   62.7	    0.0	    0.0	1	  362.1	 21	    0.0	    8.5	
   76	  10.58	    0.0	 1500.0	    0.0	    0.0	 1500.0	    0.0	  200.0	    0.0	 1500.0	    0.0	  200.0	  100.0	   62.2	    0.0	    0.0	    0.0	    0.0	    5.2	  1	 -750.0	 1550.0	   62.2	    0.0	    0.0	1	  361.7	 21	    0.0	    8.5	
   77	  10.68	    0.0	 1500.0	    0.0	    0.0	 1500.0	    0.0	  200.0	    0.0	 1500.0	    0.0	  200.0	  100.0	   61.7	    0.0	    0.0	    0.0	    0.0	    5.2	  1	 -750.0	 1550.0	   61.7	    0.0	    0.0	1	  361.2	 21	    0.0	    8.4	
   78	  10.78	    0.0	 1500.0	    0.0	    0.0	 1500.0	    0.0	  200.0	    0.0	 1500.0	    0.0	  200.0	  100.0	   61.2	    0.0	    0.0	    0.0	    0.0	    5.3	  1	 -750.0	 1550.0	   61.2	    0.0	    0.0	1	  360.7	 21	    0.0	    8.4	
   79	  10.88	    0.0	 1500.0	    0.0	    0.0	 1500.0	    0.0	  200.0	    0.0	 1500.0	    0.0	  200.0	  100.0	   60.7	    0.0	    0.0	    0.0	    0.0	    5.4	  1	 -750.0	 1550.0	   60.7	    0.0	    0.0	1	  360.2	 21	    0.0	    8.4	
   80	  10.98	    0.0	 1500.0	    0.0	    0.0	 1500.0	    0.0	  200.0	    0.0	 1500.0	    0.0	  200.0	  100.0	   60.2	    0.0	    0.0	    0.0	    0.0	    5.4	  1	 -750.0	 1550.0	   60.2	    0.0	    0.0	1	  359.7	 21	    0.0	    8.3	
   81	  11.08	    0.0	 1500.0	    0.0	    0.0	 1500.0	    0.0	  200.0	    0.0	 1500.0	    0.0	  200.0	  100.0	   59.7	    0.0	    0.0	    0.0	    0.0	    5.5	  1	 -750.0	 1550.0	   59.7	    0.0	    0.0	1	  359.3	 21	    0.0	    8.3	
   82	  11.18	    0.0	 1500.0	    0.0	    0.0	 1500.0	    0.0	  200.0	    0.0	 1500.0	    0.0	  200.0	  100.0	   59.2	    0.0	    0.0	    0.0	    0.0	    5.6	  1	 -750.0	 1550.0	   59.2	    0.0	    0.0	1	  358.8	 21	    0.0	    8.3	
   83	  11.28	    0.0	 1500.0	    0.0	    0.0	 1500.0	    0.0	  200.0	    0.0	 1500.0	    0.0	  200.0	  100.0	   58.7	    0.0	    0.0	    0.0	    0.0	    5.6	  1	 -750.0	 1550.0	   58.7	    0.0	    0.0	1	  358.3	 21	    0.0	    8.3	
   84	  11.38	    0.0	 1500.0	    0.0	    0.0	 1500.0	    0.0	  200.0	    0.0	 1500.0	    0.0	  200.0	  100.0	   58.2	    0.0	    0.0	    0.0	    0.0	    5.7	  1	 -750.0	 1550.0	   58.2	    0.0	    0.0	1	  357.8	 21	    0.0	    8.2	
   85	  11.48	    0.0	 1500.0	    0.0	    0.0	 1500.0	    0.0	  200.0	    0.0	 1500.0	    0.0	  200.0	  100.0	   57.7	    0.0	    0.0	    0.0	    0.0	    5.8	  1	 -750.0	 1550.0	   57.7	    0.0	    0.0	1	  357.3	 21	    0.0	    8.2	
   86	  11.58	    0.0	 1500.0	    0.0	    0.0	 1500.0	    0.0	  200.0	    0.0	 1500.0	    0.0	  200.0	  100.0	   57.2	    0.0	    0.0	    0.0	    0.0	    5.8	  1	 -750.0	 1550.0	   57.2	    0.0	    0.0	1	  356.8	 21	    0.0	    8.2	
   87	  11.68	    0.0	 1500.0	    0.0	    0.0	 1500.0	    0.0	  200.0	    0.0	 1500.0	    0.0	  200.0	  100.0	   56.7	    0.0	    0.0	    0.0	    0.0	    5.9	  1	 -750.0	 1550.0	   56.7	    0.0	    0.0	1	  356.3	 21	    0.0	    8.1	
   88	  11.78	    0.0	 1500.0	    0.0	    0.0	 1500.0	    0.0	  200.0	    0.0	 1500.0	    0.0	  200.0	  100.0	   56.2	    0.0	    0.0	    0.0	    0.0	    6.0	  1	 -750.0	 1550.0	   56.2	    0.0	    0.0	1	  355.9	 21	    0.0	    8.1	
   89	  11.88	    0.0	 1500.0	    0.0	    0.0	 1500.0	    0.0	  200.0	    0.0	 1500.0	    0.0	  200.0	  100.0	   55.7	    0.0	    0.0	    0.0	    0.0	    6.0	  1	 -750.0	 1550.0	   55.7	    0.0	    0.0	1	  355.4	 21	    0.0	    8.1	
   90	  11.98	    0.0	 1500.0	    0.0	    0.0	 1500.0	    0.0	  200.0	    0.0	 1500.0	    0.0	  200.0	  100.0	   55.2	    0.0	    0.0	    0.0	    0.0	    6.1	  1	 -750.0	 1550.0	   55.2	    0.0	    0.0	1	  354.9	 21	    0.0	    8.1	
   91	  12.08	    0.0	 1500.0	    0.0	    0.0	 1500.0	    0.0	  200.0	    0.0	 1500.0	    0.0	  200.0	  100.0	   54.7	    0.0	    0.0	    0.0	    0.0	    6.2	  1	 -750.0	 1550.0	   54.7	    0.0	    0.0	1	  354.4	 21	    0.0	    8.0	
   92	  12.18	    0.0	 1500.0	    0.0	    0.0	 1500.0	    0.0	  200.0	    0.0	 1500.0	    0.0	  200.0	  100.0	   54.2	    0.0	    0.0	    0.0	    0.0	    6.2	  1	 -750.0	 1550.0	   54.2	    0.0	    0.0	1	  353.9	 21	    0.0	    8.0	
   93	  12.28	    0.0	 1500.0	    0.0	   -7.4	    0.0	    0.0	  200.0	   22.5	    0.0	    0.0	  200.0	  100.0	   54.4	    0.0	    0.0	    0.0	    0.0	    6.3	  1	  -50.0	 1250.0	   54.4	    0.0	    0.0	1	  211.8	 21	    0.0	    4.0	
   94	  12.38	    0.0	 1500.0	    0.0	  -15.3	    0.0	    0.0	  200.0	   22.5	    0.0	    0.0	  200.0	  100.0	   54.2	    0.0	    0.0	    0.0	    0.0	    6.4	  1	  -50.0	 1250.0	   54.2	    0.0	    0.0	1	  211.7	 21	    0.0	    6.6	
   95	  12.48	    0.0	 1500.0	    0.0	  -15.3	    0.0	    0.0	  200.0	   22.5	    0.0	    0.0	  200.0	  100.0	   53.9	    0.0	    0.0	    0.0	    0.0	    6.4	  1	  -50.0	 1250.0	   53.9	    0.0	    0.0	1	  211.7	 21	    0.0	    6.6	
   96	  12.58	    0.0	 1500.0	    0.0	  -15.3	    0.0	    0.0	  200.0	   22.5	    0.0	    0.0	  200.0	  100.0	   53.7	    0.0	    0.0	    0.0	    0.0	    6.5	  1	  -50.0	 1250.0	   53.7	    0.0	    0.0	1	  211.7	 21	    0.0	    6.6	
   97	  12.68	    0.0	 1500.0	    0.0	  -15.3	    0.0	    0.0	  200.0	   22.5	    0.0	    0.0	  200.0	  100.0	   53.4	    0.0	    0.0	    0.0	    0.0	    6.6	  1	  -50.0	 1250.0	   53.4	    0.0	    0.0	1	  211.7	 21	    0.0	    6.6	
   98	  12.78	    0.0	 1500.0	    0.0	  -15.3	    0.0	    0.0	  200.0	   22.5	    0.0	    0.0	  200.0	  100.0	   53.1	    0.0	    0.0	    0.0	    0.0	    6.6	  1	  -50.0	 1250.0	   53.1	    0.0	    0.0	1	  211.7	 21	    0.0	    6.6	
   99	  12.88	    0.0	 1500.0	    0.0	  -17.5	    0.0	    0.0	  200.0	   22.5	    0.0	    0.0	  200.0	  100.0	   52.9	    0.0	    0.0	    0.0	    0.0	    6.7	  1	  -50.0	 1250.0	   52.9	    0.0	    0.0	1	  211.7	 21	    0.0	    6.6	
  100	  12.98	    0.0	 1500.0	    0.0	  -17.5	    0.0	    0.0	  200.0	   22.5	    0.0	    0.0	  200.0	  100.0	   52.6	    0.0	    0.0	    0.0	    0.0	    6.8	  1	  -50.0	 1250.0	   52.6	    0.0	    0.0	1	  211.7	 21	    0.0	    6.6	
  101	  13.08	    0.0	 1500.0	    0.0	  -17.5	    0.0	    0.0	  200.0	   22.5	    0.0	    0.0	  200.0	  100.0	   52.4	    0.0	    0.0	    0.0	    0.0	    6.9	  1	  -50.0	 1250.0	   52.4	    0.0	    0.0	1	  211.7	 21	    0.0	    6.6	
  102	  13.18	    0.0	 1500.0	    0.0	  -17.5	    0.0	    0.0	  200.0	   22.5	    0.0	    0.0	  200.0	  100.0	   52.1	    0.0	    0.0	    0.0	    0.0	    6.9	  1	  -50.0	 1250.0	   52.1	    0.0	    0.0	1	  211.7	 21	    0.0	    6.6	
  103	  13.28	    0.0	 1500.0	    0.0	  -17.5	    0.0	    0.0	  200.0	   22.5	    0.0	    0.0	  200.0	  100.0	   51.9	    0.0	    0.0	    0.0	    0.0	    7.0	  1	  -50.0	 1250.0	   51.9	    0.0	    0.0	1	  211.7	 21	    0.0	    6.5	
  104	  13.38	    0.0	 1500.0	    0.0	   -7.5	    0.0	    0.0	  200.0	   22.5	    0.0	    0.0	  200.0	  100.0	   51.6	    0.0	    0.0	    0.0	    0.0	    7.1	  1	  -50.0	 1250.0	   51.6	    0.0	    0.0	1	  211.8	 21	    0.0	    6.5	
  105	  13.48	    0.0	 1500.0	    0.0	   -7.5	    0.0	    0.0	  200.0	   22.5	    0.0	    0.0	  200.0	  100.0	   51.4	    0.0	    0.0	    0.0	    0.0	    7.1	  1	  -50.0	 1250.0	   51.4	    0.0	    0.0	1	  211.8	 21	    0.0	    6.5	
  106	  13.58	    0.0	 1500.0	    0.0	   -7.5	    0.0	    0.0	  200.0	   22.5	    0.0	    0.0	  200.0	  100.0	   51.1	    0.0	    0.0	    0.0	    0.0	    7.2	  1	  -50.0	 1250.0	   51.1	    0.0	    0.0	1	  211.8	 21	    0.0	    6.5	
  107	  13.68	    0.0	 1500.0	    0.0	   -7.5	    0.0	    0.0	  200.0	   22.5	    0.0	    0.0	  200.0	  100.0	   50.9	    0.0	    0.0	    0.0	    0.0	    7.3	  1	  -50.0	 1250.0	   50.9	    0.0	    0.0	1	  211.8	 21	    0.0	    6.5	
  108	  13.78	    0.0	 1500.0	    0.0	   -7.5	    0.0	    0.0	  200.0	   22.5	    0.0	    0.0	  200.0	  100.0	   50.6	    0.0	    0.0	    0.0	    0.0	    7.3	  1	  -50.0	 1250.0	   50.6	    0.0	    0.0	1	  211.8	 21	    0.0	    6.5	
  109	  13.88	    0.0	 1500.0	    0.0	   30.4	    0.0	    0.0	  200.0	   22.5	    0.0	    0.0	  200.0	  100.0	   50.3	    0.0	    0.0	    0.0	    0.0	    7.4	  1	   50.0	 1250.0	   50.3	    0.0	    0.0	1	  200.8	 21	    0.0	    6.5	
  110	  13.98	    0.0	 1500.0	    0.0	  -17.5	    0.0	    0.0	  200.0	   22.5	    0.0	    0.0	  200.0	  100.0	   50.1	    0.0	    0.0	    0.0	    0.0	    7.5	  1	  -50.0	 1250.0	   50.1	    0.0	    0.0	1	  211.7	 21	    0.0	    6.5	
  111	  14.08	    0.0	 1500.0	    0.0	   30.4	    0.0	    0.0	  200.0	   22.5	    0.0	    0.0	  200.0	  100.0	   49.8	    0.0	    0.0	    0.0	    0.0	    7.5	  1	   50.0	 1250.0	   49.8	    0.0	    0.0	1	  200.8	 21	    0.0	    6.5	
  112	  14.18	    0.0	 1500.0	    0.0	   30.4	    0.0	    0.0	  200.0	   22.5	    0.0	    0.0	  200.0	  100.0	   49.6	    0.0	    0.0	    0.0	    0.0	    7.6	  1	   50.0	 1250.0	   49.6	    0.0	    0.0	1	  200.8	 21	    0.0	    6.5	
  113	  14.28	    0.0	 1500.0	    0.0	   26.6	    0.0	    0.0	  200.0	   22.5	    0.0	    0.0	  200.0	  100.0	   49.3	    0.0	    0.0	    0.0	    0.0	    7.7	  1	   50.0	 1250.0	   49.3	    0.0	    0.0	1	  200.8	 21	    0.0	    6.5	
  114	  14.38	    0.0	 1500.0	    0.0	   26.6	    0.0	    0.0	  200.0	   22.5	    0.0	    0.0	  200.0	  100.0	   49.1	    0.0	    0.0	    0.0	    0.0	    7.7	  1	   50.0	 1250.0	   49.1	    0.0	    0.0	1	  200.8	 21	    0.0	    6.5	
  115	  14.48	    0.0	 1500.0	    0.0	   26.6	    0.0	    0.0	  200.0	   22.5	    0.0	    0.0	  200.0	  100.0	   48.8	    0.0	    0.0	    0.0	    0.0	    7.8	  1	   50.0	 1250.0	   48.8	    0.0	    0.0	1	  200.8	 21	    0.0	    6.5	
  116	  14.58	    0.0	 1500.0	    0.0	   30.4	    0.0	    0.0	  200.0	   22.5	    0.0	    0.0	  200.0	  100.0	   48.6	    0.0	    0.0	    0.0	    0.0	    7.9	  1	   50.0	 1250.0	   48.6	    0.0	    0.0	1	  200.8	 21	    0.0	    6.4	
  117	  14.68	    0.0	 1500.0	    0.0	   26.6	    0.0	    0.0	  200.0	   22.5	    0.0	    0.0	  200.0	  100.0	   48.3	    0.0	    0.0	    0.0	    0.0	    7.9	  1	   50.0	 1250.0	   48.3	    0.0	    0.0	1	  200.8	 21	    0.0	    6.4	
  118	  14.78	    0.0	 1500.0	    0.0	   12.2	    0.0	    0.0	  200.0	   22.5	    0.0	    0.0	  200.0	  100.0	   48.1	    0.0	    0.0	    0.0	    0.0	    8.0	  1	   50.0	 1250.0	   48.1	    0.0	    0.0	1	  200.7	 21	    0.0	    6.4	
  119	  14.89	    0.0	 1500.0	    0.0	   12.2	    0.0	    0.0	  200.0	   22.5	    0.0	    0.0	  200.0	  100.0	   47.8	    0.0	    0.0	    0.0	    0.0	    8.1	  1	   50.0	 1250.0	   47.8	    0.0	    0.0	1	  200.7	 21	    0.0	    6.4	
  120	  14.98	    0.0	 1500.0	    0.0	   26.6	    0.0	    0.0	  200.0	   22.5	    0.0	    0.0	  200.0	  100.0	   47.5	    0.0	    0.0	    0.0	    0.0	    8.1	  1	   50.0	 1250.0	   47.5	    0.0	    0.0	1	  200.8	 21	    0.0	    6.4	
  121	  15.08	    0.0	 1500.0	    0.0	   12.2	    0.0	    0.0	  200.0	   22.5	    0.0	    0.0	  200.0	  100.0	   47.3	    0.0	    0.0	    0.0	    0.0	    8.2	  1	   50.0	 1250.0	   47.3	    0.0	    0.0	1	  200.7	 21	    0.0	    6.4	
  122	  15.18	    0.0	 1500.0	    0.0	   12.2	    0.0	    0.0	  200.0	   22.5	    0.0	    0.0	  200.0	  100.0	   47.0	    0.0	    0.0	    0.0	    0.0	    8.3	  1	   50.0	 1250.0	   47.0	    0.0	    0.0	1	  200.7	 21	    0.0	    6.4	
  123	  15.28	    0.0	 1500.0	    0.0	   18.9	    0.0	    0.0	  200.0	   22.5	    0.0	    0.0	  200.0	  100.0	   46.8	    0.0	    0.0	    0.0	    0.0	    8.3	  1	   50.0	 1250.0	   46.8	    0.0	    0.0	1	  200.8	 21	    0.0	    6.4	
  124	  15.38	    0.0	 1500.0	    0.0	   12.2	    0.0	    0.0	  200.0	   22.5	    0.0	    0.0	  200.0	  100.0	   46.5	    0.0	    0.0	    0.0	    0.0	    8.4	  1	   50.0	 1250.0	   46.5	    0.0	    0.0	1	  200.7	 21	    0.0	    6.4	
  125	  15.48	    0.0	 1500.0	    0.0	   18.9	    0.0	    0.0	  200.0	   22.5	    0.0	    0.0	  200.0	  100.0	   46.3	    0.0	    0.0	    0.0	    0.0	    8.5	  1	   50.0	 1250.0	   46.3	    0.0	    0.0	1	  200.8	 21	    0.0	    6.4	
  126	  15.58	    0.0	 1500.0	    0.0	   18.9	    0.0	    0.0	  200.0	   22.5	    0.0	    0.0	  200.0	  100.0	   46.0	    0.0	    0.0	    0.0	    0.0	    8.5	  1	   50.0	 1250.0	   46.0	    0.0	    0.0	1	  200.8	 21	    0.0	    6.4	
  127	  15.68	    0.0	 1500.0	    0.0	   18.9	    0.0	    0.0	  200.0	   22.5	    0.0	    0.0	  200.0	  100.0	   45.8	    0.0	    0.0	    0.0	    0.0	    8.6	  1	   50.0	 1250.0	   45.8	    0.0	    0.0	1	  200.8	 21	    0.0	    6.4	
  128	  15.78	    0.0	 1500.0	    0.0	   19.1	    0.0	    0.0	  200.0	   22.5	    0.0	    0.0	  200.0	  100.0	   45.5	    0.0	    0.0	    0.0	    0.0	    8.7	  1	   50.0	 1250.0	   45.5	    0.0	    0.0	1	  200.8	 21	    0.0	    6.4	
  129	  15.88	    0.0	 1500.0	    0.0	   19.1	    0.0	    0.0	  200.0	   22.5	    0.0	    0.0	  200.0	  100.0	   45.2	    0.0	    0.0	    0.0	    0.0	    8.8	  1	   50.0	 1250.0	   45.2	    0.0	    0.0	1	  200.8	 21	    0.0	    6.3	
  130	  15.98	    0.0	 1500.0	    0.0	   19.1	    0.0	    0.0	  200.0	   22.5	    0.0	    0.0	  200.0	  100.0	   45.0	    0.0	    0.0	    0.0	    0.0	    8.8	  1	   50.0	 1250.0	   45.0	    0.0	    0.0	1	  200.8	 21	    0.0	    6.3	
  131	  16.08	    0.0	 1500.0	    0.0	   19.1	    0.0	    0.0	  200.0	   22.5	    0.0	    0.0	  200.0	  100.0	   44.7	    0.0	    0.0	    0.0	    0.0	    8.9	  1	   50.0	 1250.0	   44.7	    0.0	    0.0	1	  200.8	 21	    0.0	    6.3	
  132	  16.18	    0.0	 1500.0	    0.0	   19.1	    0.0	    0.0	  200.0	   22.5	    0.0	    0.0	  200.0	  100.0	   44.5	    0.0	    0.0	    0.0	    0.0	    9.0	  1	   50.0	 1250.0	   44.5	    0.0	    0.0	1	  200.8	 21	    0.0	    6.3	
  133	  16.28	    0.0	 1500.0	    0.0	   12.3	    0.0	    0.0	  200.0	   22.5	    0.0	    0.0	  200.0	  100.0	   44.2	    0.0	    0.0	    0.0	    0.0	    9.0	  1	  -50.0	 1250.0	   44.2	    0.0	    0.0	1	  211.9	 21	    0.0	    6.3	
  134	  16.38	    0.0	 1500.0	    0.0	   12.3	    0.0	    0.0	  200.0	   22.5	    0.0	    0.0	  200.0	  100.0	   44.0	    0.0	    0.0	    0.0	    0.0	    9.1	  1	  -50.0	 1250.0	   44.0	    0.0	    0.0	1	  211.9	 21	    0.0	    6.3	
  135	  16.48	    0.0	 1500.0	    0.0	   12.3	    0.0	    0.0	  200.0	   22.5	    0.0	    0.0	  200.0	  100.0	   43.7	    0.0	    0.0	    0.0	    0.0	    9.2	  1	  -50.0	 1250.0	   43.7	    0.0	    0.0	1	  211.9	 21	    0.0	    6.3	
  136	  16.58	    0.0	 1500.0	    0.0	   12.3	    0.0	    0.0	  200.0	   22.5	    0.0	    0.0	  200.0	  100.0	   43.5	    0.0	    0.0	    0.0	    0.0	    9.2	  1	  -50.0	 1250.0	   43.5	    0.0	    0.0	1	  211.9	 21	    0.0	    6.3	
  137	  16.68	    0.0	 1500.0	    0.0	   12.3	    0.0	    0.0	  200.0	   22.5	    0.0	    0.0	  200.0	  100.0	   43.2	    0.0	    0.0	    0.0	    0.0	    9.3	  1	  -50.0	 1250.0	   43.2	    0.0	    0.0	1	  211.9	 21	    0.0	    6.3	
  138	  16.78	    0.0	 1500.0	    0.0	   12.3	    0.0	    0.0	  200.0	   22.5	    0.0	    0.0	  200.0	  100.0	   43.0	    0.0	    0.0	    0.0	    0.0	    9.4	  1	  -50.0	 1250.0	   43.0	    0.0	    0.0	1	  211.9	 21	    0.0	    6.3	
  139	  16.88	    0.0	 1500.0	    0.0	   13.2	    0.0	    0.0	  200.0	   22.5	    0.0	    0.0	  200.0	  100.0	   42.7	    0.0	    0.0	    0.0	    0.0	    9.4	  1	  -50.0	 1250.0	   42.7	    0.0	    0.0	1	  211.9	 21	    0.0	    6.3	
  140	  16.98	    0.0	 1500.0	    0.0	   13.2	    0.0	    0.0	  200.0	   22.5	    0.0	    0.0	  200.0	  100.0	   42.4	    0.0	    0.0	    0.0	    0.0	    9.5	  1	  -50.0	 1250.0	   42.4	    0.0	    0.0	1	  211.9	 21	    0.0	    6.3	
  141	  17.08	    0.0	 1500.0	    0.0	   13.2	    0.0	    0.0	  200.0	   22.5	    0.0	    0.0	  200.0	  100.0	   42.2	    0.0	    0.0	    0.0	    0.0	    9.6	  1	  -50.0	 1250.0	   42.2	    0.0	    0.0	1	  211.9	 21	    0.0	    6.3	
  142	  17.18	    0.0	 1500.0	    0.0	   13.2	    0.0	    0.0	  200.0	   22.5	    0.0	    0.0	  200.0	  100.0	   41.9	    0.0	    0.0	    0.0	    0.0	    9.6	  1	  -50.0	 1250.0	   41.9	    0.0	    0.0	1	  211.9	 21	    0.0	    6.2	
  143	  17.28	    0.0	 1500.0	    0.0	   13.2	    0.0	    0.0	  200.0	   22.5	    0.0	    0.0	  200.0	  100.0	   41.7	    0.0	    0.0	    0.0	    0.0	    9.7	  1	  -50.0	 1250.0	   41.7	    0.0	    0.0	1	  211.9	 21	    0.0	    6.2	
  144	  17.38	    0.0	 1500.0	    0.0	   10.9	    0.0	    0.0	  200.0	   22.5	    0.0	    0.0	  200.0	  100.0	   41.4	    0.0	    0.0	    0.0	    0.0	    9.8	  1	  -50.0	 1250.0	   41.4	    0.0	    0.0	1	  211.9	 21	    0.0	    6.2	
  145	  17.48	    0.0	 1500.0	    0.0	   10.9	    0.0	    0.0	  200.0	   22.5	    0.0	    0.0	  200.0	  100.0	   41.2	    0.0	    0.0	    0.0	    0.0	    9.8	  1	  -50.0	 1250.0	   41.2	    0.0	    0.0	1	  211.9	 21	    0.0	    6.2	
  146	  17.58	    0.0	 1500.0	    0.0	   10.9	    0.0	    0.0	  200.0	   22.5	    0.0	    0.0	  200.0	  100.0	   40.9	    0.0	    0.0	    0.0	    0.0	    9.9	  1	  -50.0	 1250.0	   40.9	    0.0	    0.0	1	  211.9	 21	    0.0	    6.2	
  147	  17.68	    0.0	 1500.0	    0.0	   10.9	    0.0	    0.0	  200.0	   22.5	    0.0	    0.0	  200.0	  100.0	   40.7	    0.0	    0.0	    0.0	    0.0	   10.0	  1	  -50.0	 1250.0	   40.7	    0.0	    0.0	1	  211.9	 21	    0.0	    6.2	
  148	  17.78	    0.0	 1500.0	    0.0	   10.9	    0.0	    0.0	  200.0	   22.5	    0.0	    0.0	  200.0	  100.0	   40.4	    0.0	    0.0	    0.0	    0.0	   10.0	  1	  -50.0	 1250.0	   40.4	    0.0	    0.0	1	  211.9	 21	    0.0	    6.2	
  149	  17.88	    0.0	 1500.0	    0.0	   11.3	    0.0	    0.0	  200.0	   22.5	    0.0	    0.0	  200.0	  100.0	   40.2	    0.0	    0.0	    0.0	    0.0	   10.1	  1	  -50.0	 1250.0	   40.2	    0.0	    0.0	1	  211.9	 21	    0.0	    6.2	
  150	  17.98	    0.0	 1500.0	    0.0	   11.3	    0.0	    0.0	  200.0	   22.5	    0.0	    0.0	  200.0	  100.0	   39.9	    0.0	    0.0	    0.0	    0.0	   10.2	  1	  -50.0	 1250.0	   39.9	    0.0	    0.0	1	  211.9	 21	    0.0	    6.2	
  151	  18.08	    0.0	 1500.0	    0.0	   10.9	    0.0	    0.0	  200.0	   22.5	    0.0	    0.0	  200.0	  100.0	   39.6	    0.0	    0.0	    0.0	    0.0	   10.2	  1	  -50.0	 1250.0	   39.6	    0.0	    0.0	1	  211.9	 21	    0.0	    6.2	
  152	  18.18	    0.0	 1500.0	    0.0	   11.3	    0.0	    0.0	  200.0	   22.5	    0.0	    0.0	  200.0	  100.0	   39.4	    0.0	    0.0	    0.0	    0.0	   10.3	  1	  -50.0	 1250.0	   39.4	    0.0	    0.0	1	  211.9	 21	    0.0	    6.2	
  153	  18.28	    0.0	 1500.0	    0.0	   11.3	    0.0	    0.0	  200.0	   22.5	    0.0	    0.0	  200.0	  100.0	   39.1	    0.0	    0.0	    0.0	    0.0	   10.4	  1	  -50.0	 1250.0	   39.1	    0.0	    0.0	1	  211.9	 21	    0.0	    6.2	
  154	  18.38	    0.0	 1500.0	    0.0	   11.3	    0.0	    0.0	  200.0	   22.5	    0.0	    0.0	  200.0	  100.0	   38.9	    0.0	    0.0	    0.0	    0.0	   10.4	  1	  -50.0	 1250.0	   38.9	    0.0	    0.0	1	  211.9	 21	    0.0	    6.2	
  155	  18.48	    0.0	 1500.0	    0.0	    7.4	    0.0	    0.0	  200.0	   22.5	    0.0	    0.0	  200.0	  100.0	   38.6	    0.0	    0.0	    0.0	    0.0	   10.5	  1	  -50.0	 1250.0	   38.6	    0.0	    0.0	1	  211.9	 21	    0.0	    6.1	
  156	  18.58	    0.0	 1500.0	    0.0	    7.4	    0.0	    0.0	  200.0	   22.5	    0.0	    0.0	  200.0	  100.0	   38.4	    0.0	    0.0	    0.0	    0.0	   10.6	  1	  -50.0	 1250.0	   38.4	    0.0	    0.0	1	  211.9	 21	    0.0	    6.1	
  157	  18.68	    0.0	 1500.0	    0.0	    7.4	    0.0	    0.0	  200.0	   22.5	    0.0	    0.0	  200.0	  100.0	   38.1	    0.0	    0.0	    0.0	    0.0	   10.6	  1	  -50.0	 1250.0	   38.1	    0.0	    0.0	1	  211.9	 21	    0.0	    6.1	
  158	  18.78	    0.0	 1500.0	    0.0	    7.4	    0.0	    0.0	  200.0	   22.5	    0.0	    0.0	  200.0	  100.0	   37.9	    0.0	    0.0	    0.0	    0.0	   10.7	  1	  -50.0	 1250.0	   37.9	    0.0	    0.0	1	  211.9	 21	    0.0	    6.1	
  159	  18.88	    0.0	 1500.0	    0.0	    7.4	    0.0	    0.0	  200.0	   22.5	    0.0	    0.0	  200.0	  100.0	   37.6	    0.0	    0.0	    0.0	    0.0	   10.8	  1	  -50.0	 1250.0	   37.6	    0.0	    0.0	1	  211.9	 21	    0.0	    6.1	
  160	  18.98	    0.0	 1500.0	    0.0	    7.9	    0.0	    0.0	  200.0	   22.5	    0.0	    0.0	  200.0	  100.0	   37.3	    0.0	    0.0	    0.0	    0.0	   10.9	  1	  -50.0	 1250.0	   37.3	    0.0	    0.0	1	  211.9	 21	    0.0	    6.1	
  161	  19.08	    0.0	 1500.0	    0.0	    7.9	    0.0	    0.0	  200.0	   22.5	    0.0	    0.0	  200.0	  100.0	   37.1	    0.0	    0.0	    0.0	    0.0	   10.9	  1	  -50.0	 1250.0	   37.1	    0.0	    0.0	1	  211.9	 21	    0.0	    6.1	
  162	  19.18	    0.0	 1500.0	    0.0	    7.9	    0.0	    0.0	  200.0	   22.5	    0.0	    0.0	  200.0	  100.0	   36.8	    0.0	    0.0	    0.0	    0.0	   11.0	  1	  -50.0	 1250.0	   36.8	    0.0	    0.0	1	  211.9	 21	    0.0	    6.1	
  163	  19.28	    0.0	 1500.0	    0.0	    7.9	    0.0	    0.0	  200.0	   22.5	    0.0	    0.0	  200.0	  100.0	   36.6	    0.0	    0.0	    0.0	    0.0	   11.1	  1	  -50.0	 1250.0	   36.6	    0.0	    0.0	1	  211.9	 21	    0.0	    6.1	
  164	  19.38	    0.0	 1500.0	    0.0	    7.9	    0.0	    0.0	  200.0	   22.5	    0.0	    0.0	  200.0	  100.0	   36.3	    0.0	    0.0	    0.0	    0.0	   11.1	  1	  -50.0	 1250.0	   36.3	    0.0	    0.0	1	  211.9	 21	    0.0	    6.1	
  165	  19.48	    0.0	 1500.0	    0.0	    6.1	    0.0	    0.0	  200.0	   22.5	    0.0	    0.0	  200.0	  100.0	   36.1	    0.0	    0.0	    0.0	    0.0	   11.2	  1	  -50.0	 1250.0	   36.1	    0.0	    0.0	1	  211.9	 21	    0.0	    6.1	
  166	  19.58	    0.0	 1500.0	    0.0	    6.1	    0.0	    0.0	  200.0	   22.5	    0.0	    0.0	  200.0	  100.0	   35.8	    0.0	    0.0	    0.0	    0.0	   11.3	  1	  -50.0	 1250.0	   35.8	    0.0	    0.0	1	  211.9	 21	    0.0	    6.1	
  167	  19.68	    0.0	 1500.0	    0.0	    6.1	    0.0	    0.0	  200.0	   22.5	    0.0	    0.0	  200.0	  100.0	   35.6	    0.0	    0.0	    0.0	    0.0	   11.3	  1	  -50.0	 1250.0	   35.6	    0.0	    0.0	1	  211.9	 21	    0.0	    6.1	
  168	  19.78	    0.0	 1500.0	    0.0	    6.1	    0.0	    0.0	  200.0	   22.5	    0.0	    0.0	  200.0	  100.0	   35.3	    0.0	    0.0	    0.0	    0.0	   11.4	  1	  -50.0	 1250.0	   35.3	    0.0	    0.0	1	  211.9	 21	    0.0	    6.0	
  169	  19.88	    0.0	 1500.0	    0.0	    6.1	    0.0	    0.0	  200.0	   22.5	    0.0	    0.0	  200.0	  100.0	   35.1	    0.0	    0.0	    0.0	    0.0	   11.5	  1	  -50.0	 1250.0	   35.1	    0.0	    0.0	1	  211.9	 21	    0.0	    6.0	
  170	  19.98	    0.0	 1500.0	    0.0	   10.0	    0.0	    0.0	  200.0	   22.5	    0.0	    0.0	  200.0	  100.0	   34.8	    0.0	    0.0	    0.0	    0.0	   11.5	  1	  -50.0	 1250.0	   34.8	    0.0	    0.0	1	  211.9	 21	    0.0	    6.0	
  171	  20.08	    0.0	 1500.0	    0.0	   10.0	    0.0	    0.0	  200.0	   22.5	    0.0	    0.0	  200.0	  100.0	   34.5	    0.0	    0.0	    0.0	    0.0	   11.6	  1	  -50.0	 1250.0	   34.5	    0.0	    0.0	1	  211.9	 21	    0.0	    6.0	
  172	  20.18	    0.0	 1500.0	    0.0	   10.0	    0.0	    0.0	  200.0	   22.5	    0.0	    0.0	  200.0	  100.0	   34.3	    0.0	    0.0	    0.0	    0.0	   11.7	  1	  -50.0	 1250.0	   34.3	    0.0	    0.0	1	  211.9	 21	    0.0	    6.0	
  173	  20.28	    0.0	 1500.0	    0.0	   10.0	    0.0	    0.0	  200.0	   22.5	    0.0	    0.0	  200.0	  100.0	   34.0	    0.0	    0.0	    0.0	    0.0	   11.7	  1	  -50.0	 1250.0	   34.0	    0.0	    0.0	1	  211.9	 21	    0.0	    6.0	
  174	  20.38	    0.0	 1500.0	    0.0	   10.0	    0.0	    0.0	  200.0	   22.5	    0.0	    0.0	  200.0	  100.0	   33.8	    0.0	    0.0	    0.0	    0.0	   11.8	  1	  -50.0	 1250.0	   33.8	    0.0	    0.0	1	  211.9	 21	    0.0	    6.0	
  175	  20.48	    0.0	 1500.0	    0.0	   14.4	    0.0	    0.0	  200.0	   22.5	    0.0	    0.0	  200.0	  100.0	   33.5	    0.0	    0.0	    0.0	    0.0	   11.9	  1	  -50.0	 1250.0	   33.5	    0.0	    0.0	1	  211.9	 21	    0.0	    6.0	
  176	  20.58	    0.0	 1500.0	    0.0	   14.4	    0.0	    0.0	  200.0	   22.5	    0.0	    0.0	  200.0	  100.0	   33.3	    0.0	    0.0	    0.0	    0.0	   11.9	  1	  -50.0	 1250.0	   33.3	    0.0	    0.0	1	  211.9	 21	    0.0	    6.0	
  177	  20.68	    0.0	 1500.0	    0.0	   14.4	    0.0	    0.0	  200.0	   22.5	    0.0	    0.0	  200.0	  100.0	   33.0	    0.0	    0.0	    0.0	    0.0	   12.0	  1	  -50.0	 1250.0	   33.0	    0.0	    0.0	1	  211.9	 21	    0.0	    6.0	
  178	  20.78	    0.0	 1500.0	    0.0	   14.4	    0.0	    0.0	  200.0	   22.5	    0.0	    0.0	  200.0	  100.0	   32.8	    0.0	    0.0	    0.0	    0.0	   12.1	  1	  -50.0	 1250.0	   32.8	    0.0	    0.0	1	  211.9	 21	    0.0	    6.0	
  179	  20.88	    0.0	 1500.0	    0.0	   16.0	    0.0	    0.0	  200.0	   22.5	    0.0	    0.0	  200.0	  100.0	   32.5	    0.0	    0.0	    0.0	    0.0	   12.1	  1	  -50.0	 1250.0	   32.5	    0.0	    0.0	1	  212.0	 21	    0.0	    6.0	
  180	  20.98	    0.0	 1500.0	    0.0	   16.0	    0.0	    0.0	  200.0	   22.5	    0.0	    0.0	  200.0	  100.0	   32.3	    0.0	    0.0	    0.0	    0.0	   12.2	  1	  -50.0	 1250.0	   32.3	    0.0	    0.0	1	  212.0	 21	    0.0	    6.0	
  181	  21.08	    0.0	 1500.0	    0.0	   16.0	    0.0	    0.0	  200.0	   22.5	    0.0	    0.0	  200.0	  100.0	   32.0	    0.0	    0.0	    0.0	    0.0	   12.3	  1	  -50.0	 1250.0	   32.0	    0.0	    0.0	1	  212.0	 21	    0.0	    5.9	
  182	  21.18	    0.0	 1500.0	    0.0	   16.0	    0.0	    0.0	  200.0	   22.5	    0.0	    0.0	  200.0	  100.0	   31.7	    0.0	    0.0	    0.0	    0.0	   12.3	  1	  -50.0	 1250.0	   31.7	    0.0	    0.0	1	  212.0	 21	    0.0	    5.9	
  183	  21.28	    0.0	 1500.0	    0.0	   16.0	    0.0	    0.0	  200.0	   22.5	    0.0	    0.0	  200.0	  100.0	   31.5	    0.0	    0.0	    0.0	    0.0	   12.4	  1	  -50.0	 1250.0	   31.5	    0.0	    0.0	1	  212.0	 21	    0.0	    5.9	
  184	  21.38	    0.0	 1500.0	    0.0	   16.0	    0.0	    0.0	  200.0	   22.5	    0.0	    0.0	  200.0	  100.0	   31.2	    0.0	    0.0	    0.0	    0.0	   12.5	  1	  -50.0	 1250.0	   31.2	    0.0	    0.0	1	  212.0	 21	    0.0	    5.9	
  185	  21.48	    0.0	 1500.0	    0.0	   16.3	    0.0	    0.0	  200.0	   22.5	    0.0	    0.0	  200.0	  100.0	   31.0	    0.0	    0.0	    0.0	    0.0	   12.5	  1	  -50.0	 1250.0	   31.0	    0.0	    0.0	1	  212.0	 21	    0.0	    5.9	
  186	  21.58	    0.0	 1500.0	    0.0	   16.3	    0.0	    0.0	  200.0	   22.5	    0.0	    0.0	  200.0	  100.0	   30.7	    0.0	    0.0	    0.0	    0.0	   12.6	  1	  -50.0	 1250.0	   30.7	    0.0	    0.0	1	  212.0	 21	    0.0	    5.9	
  187	  21.68	    0.0	 1500.0	    0.0	   16.3	    0.0	    0.0	  200.0	   22.5	    0.0	    0.0	  200.0	  100.0	   30.5	    0.0	    0.0	    0.0	    0.0	   12.7	  1	  -50.0	 1250.0	   30.5	    0.0	    0.0	1	  212.0	 21	    0.0	    5.9	
  188	  21.78	    0.0	 1500.0	    0.0	   16.3	    0.0	    0.0	  200.0	   22.5	    0.0	    0.0	  200.0	  100.0	   30.2	    0.0	    0.0	    0.0	    0.0	   12.8	  1	  -50.0	 1250.0	   30.2	    0.0	    0.0	1	  212.0	 21	    0.0	    5.9	
  189	  21.88	    0.0	 1500.0	    0.0	    6.2	    0.0	    0.0	  200.0	   22.5	    0.0	    0.0	  200.0	  100.0	   30.0	    0.0	    0.0	    0.0	    0.0	   12.8	  1	  -50.0	 1250.0	   30.0	    0.0	    0.0	1	  211.9	 21	    0.0	    5.9	
  190	  21.98	    0.0	 1500.0	    0.0	   16.3	    0.0	    0.0	  200.0	   22.5	    0.0	    0.0	  200.0	  100.0	   29.7	    0.0	    0.0	    0.0	    0.0	   12.9	  1	  -50.0	 1250.0	   29.7	    0.0	    0.0	1	  212.0	 21	    0.0	    5.9	
  191	  22.08	    0.0	 1500.0	    0.0	    6.2	    0.0	    0.0	  200.0	   22.5	    0.0	    0.0	  200.0	  100.0	   29.4	    0.0	    0.0	    0.0	    0.0	   13.0	  1	  -50.0	 1250.0	   29.4	    0.0	    0.0	1	  211.9	 21	    0.0	    5.9	
  192	  22.18	    0.0	 1500.0	    0.0	    6.2	    0.0	    0.0	  200.0	   22.5	    0.0	    0.0	  200.0	  100.0	   29.2	    0.0	    0.0	    0.0	    0.0	   13.0	  1	  -50.0	 1250.0	   29.2	    0.0	    0.0	1	  211.9	 21	    0.0	    5.9	
  193	  22.28	    0.0	 1500.0	    0.0	    6.2	    0.0	    0.0	  200.0	   22.5	    0.0	    0.0	  200.0	  100.0	   28.9	    0.0	    0.0	    0.0	    0.0	   13.1	  1	  -50.0	 1250.0	   28.9	    0.0	    0.0	1	  211.9	 21	    0.0	    5.8	
  194	  22.38	    0.0	 1500.0	    0.0	    6.2	    0.0	    0.0	  200.0	   22.5	    0.0	    0.0	  200.0	  100.0	   28.7	    0.0	    0.0	    0.0	    0.0	   13.2	  1	  -50.0	 1250.0	   28.7	    0.0	    0.0	1	  211.9	 21	    0.0	    5.8	
  195	  22.48	    0.0	 1500.0	    0.0	    6.2	    0.0	    0.0	  200.0	   22.5	    0.0	    0.0	  200.0	  100.0	   28.4	    0.0	    0.0	    0.0	    0.0	   13.2	  1	  -50.0	 1250.0	   28.4	    0.0	    0.0	1	  211.9	 21	    0.0	    5.8	
  196	  22.58	    0.0	 1500.0	    0.0	    2.4	    0.0	    0.0	  200.0	   22.5	    0.0	    0.0	  200.0	  100.0	   28.2	    0.0	    0.0	    0.0	    0.0	   13.3	  1	  -50.0	 1250.0	   28.2	    0.0	    0.0	1	  211.8	 21	    0.0	    5.8	
  197	  22.68	    0.0	 1500.0	    0.0	    2.7	    0.0	    0.0	  200.0	   22.5	    0.0	    0.0	  200.0	  100.0	   27.9	    0.0	    0.0	    0.0	    0.0	   13.4	  1	  -50.0	 1250.0	   27.9	    0.0	    0.0	1	  211.9	 21	    0.0	    5.8	
  198	  22.78	    0.0	 1500.0	    0.0	    2.7	    0.0	    0.0	  200.0	   22.5	    0.0	    0.0	  200.0	  100.0	   27.7	    0.0	    0.0	    0.0	    0.0	   13.4	  1	  -50.0	 1250.0	   27.7	    0.0	    0.0	1	  211.9	 21	    0.0	    5.8	
  199	  22.88	    0.0	 1500.0	    0.0	    2.7	    0.0	    0.0	  200.0	   22.5	    0.0	    0.0	  200.0	  100.0	   27.4	    0.0	    0.0	    0.0	    0.0	   13.5	  1	  -50.0	 1250.0	   27.4	    0.0	    0.0	1	  211.9	 21	    0.0	    5.8	
  200	  22.98	    0.0	 1500.0	    0.0	    2.7	    0.0	    0.0	  200.0	   22.5	    0.0	    0.0	  200.0	  100.0	   27.2	    0.0	    0.0	    0.0	    0.0	   13.6	  1	  -50.0	 1250.0	   27.2	    0.0	    0.0	1	  211.9	 21	    0.0	    5.8	
  201	  23.08	    0.0	 1500.0	    0.0	    2.7	    0.0	    0.0	  200.0	   22.5	    0.0	    0.0	  200.0	  100.0	   26.9	    0.0	    0.0	    0.0	    0.0	   13.6	  1	  -50.0	 1250.0	   26.9	    0.0	    0.0	1	  211.9	 21	    0.0	    5.8	
  202	  23.18	    0.0	 1500.0	    0.0	    4.0	    0.0	    0.0	  200.0	   22.5	    0.0	    0.0	  200.0	  100.0	   26.6	    0.0	    0.0	    0.0	    0.0	   13.7	  1	  -50.0	 1250.0	   26.6	    0.0	    0.0	1	  211.9	 21	    0.0	    5.8	
  203	  23.28	    0.0	 1500.0	    0.0	    4.0	    0.0	    0.0	  200.0	   22.5	    0.0	    0.0	  200.0	  100.0	   26.4	    0.0	    0.0	    0.0	    0.0	   13.8	  1	  -50.0	 1350.0	   26.4	    0.0	    0.0	1	  135.5	 21	    0.0	    5.8	
  204	  23.38	    0.0	 1500.0	    0.0	    4.0	    0.0	    0.0	  200.0	   22.5	    0.0	    0.0	  200.0	  100.0	   26.1	    0.0	    0.0	    0.0	    0.0	   13.8	  1	  -50.0	 1350.0	   26.1	    0.0	    0.0	1	  135.5	 21	    0.0	    5.8	
  205	  23.48	    0.0	 1500.0	    0.0	    4.0	    0.0	    0.0	  200.0	   22.5	    0.0	    0.0	  200.0	  100.0	   25.9	    0.0	    0.0	    0.0	    0.0	   13.9	  1	  -50.0	 1350.0	   25.9	    0.0	    0.0	1	  135.5	 21	    0.0	    5.8	
  206	  23.58	    0.0	 1500.0	    0.0	    4.0	    0.0	    0.0	  200.0	   22.5	    0.0	    0.0	  200.0	  100.0	   25.6	    0.0	    0.0	    0.0	    0.0	   14.0	  1	  -50.0	 1350.0	   25.6	    0.0	    0.0	1	  135.5	 21	    0.0	    5.7	
  207	  23.68	    0.0	 1500.0	    0.0	    4.0	    0.0	    0.0	  200.0	   22.5	    0.0	    0.0	  200.0	  100.0	   25.4	    0.0	    0.0	    0.0	    0.0	   14.0	  1	  -50.0	 1350.0	   25.4	    0.0	    0.0	1	  135.5	 21	    0.0	    5.7	
  208	  23.78	    0.0	 1500.0	    0.0	    2.7	    0.0	    0.0	  200.0	   22.5	    0.0	    0.0	  200.0	  100.0	   25.1	    0.0	    0.0	    0.0	    0.0	   14.1	  1	  -50.0	 1350.0	   25.1	    0.0	    0.0	1	  135.5	 21	    0.0	    5.7	
  209	  23.88	    0.0	 1500.0	    0.0	    5.1	    0.0	    0.0	  200.0	   22.5	    0.0	    0.0	  200.0	  100.0	   24.9	    0.0	    0.0	    0.0	    0.0	   14.2	  1	  -50.0	 1350.0	   24.9	    0.0	    0.0	1	  135.5	 21	    0.0	    5.7	
  210	  23.98	    0.0	 1500.0	    0.0	    5.1	    0.0	    0.0	  200.0	   22.5	    0.0	    0.0	  200.0	  100.0	   24.6	    0.0	    0.0	    0.0	    0.0	   14.2	  1	  -50.0	 1350.0	   24.6	    0.0	    0.0	1	  135.5	 21	    0.0	    5.7	
  211	  24.08	    0.0	 1500.0	    0.0	    5.1	    0.0	    0.0	  200.0	   22.5	    0.0	    0.0	  200.0	  100.0	   24.4	    0.0	    0.0	    0.0	    0.0	   14.3	  1	  -50.0	 1350.0	   24.4	    0.0	    0.0	1	  135.5	 21	    0.0	    5.7	
  212	  24.18	    0.0	 1500.0	    0.0	    5.1	    0.0	    0.0	  200.0	   22.5	    0.0	    0.0	  200.0	  100.0	   24.1	    0.0	    0.0	    0.0	    0.0	   14.4	  1	  -50.0	 1350.0	   24.1	    0.0	    0.0	1	  135.5	 21	    0.0	    5.7	
  213	  24.28	    0.0	 1500.0	    0.0	    5.1	    0.0	    0.0	  200.0	   22.5	    0.0	    0.0	  200.0	  100.0	   23.8	    0.0	    0.0	    0.0	    0.0	   14.4	  1	  -50.0	 1350.0	   23.8	    0.0	    0.0	1	  135.5	 21	    0.0	    5.7	
  214	  24.38	    0.0	 1500.0	    0.0	    5.1	    0.0	    0.0	  200.0	   22.5	    0.0	    0.0	  200.0	  100.0	   23.6	    0.0	    0.0	    0.0	    0.0	   14.5	  1	  -50.0	 1350.0	   23.6	    0.0	    0.0	1	  135.5	 21	    0.0	    5.7	
  215	  24.48	    0.0	 1500.0	    0.0	    5.1	    0.0	    0.0	  200.0	   22.5	    0.0	    0.0	  200.0	  100.0	   23.3	    0.0	    0.0	    0.0	    0.0	   14.6	  1	  -50.0	 1350.0	   23.3	    0.0	    0.0	1	  135.5	 21	    0.0	    5.7	
  216	  24.58	    0.0	 1500.0	    0.0	    5.1	    0.0	    0.0	  200.0	   22.5	    0.0	    0.0	  200.0	  100.0	   23.1	    0.0	    0.0	    0.0	    0.0	   14.7	  1	  -50.0	 1450.0	   23.1	    0.0	    0.0	1	   59.2	 21	    0.0	    5.7	
  217	  24.68	    0.0	 1500.0	    0.0	    5.1	    0.0	    0.0	  200.0	   22.5	    0.0	    0.0	  200.0	  100.0	   22.8	    0.0	    0.0	    0.0	    0.0	   14.7	  1	  -50.0	 1450.0	   22.8	    0.0	    0.0	1	   59.2	 21	    0.0	    5.7	
  218	  24.78	    0.0	 1500.0	    0.0	    1.8	    0.0	    0.0	  200.0	   22.5	    0.0	    0.0	  200.0	  100.0	   22.6	    0.0	    0.0	    0.0	    0.0	   14.8	  1	  -50.0	 1450.0	   22.6	    0.0	    0.0	1	   59.2	 21	    0.0	    5.7	
  219	  24.88	    0.0	 1500.0	    0.0	    1.8	    0.0	    0.0	  200.0	   22.5	    0.0	    0.0	  200.0	  100.0	   22.3	    0.0	    0.0	    0.0	    0.0	   14.9	  1	  -50.0	 1450.0	   22.3	    0.0	    0.0	1	   59.2	 21	    0.0	    5.6	
  220	  24.98	    0.0	 1500.0	    0.0	    1.8	    0.0	    0.0	  200.0	   22.5	    0.0	    0.0	  200.0	  100.0	   22.1	    0.0	    0.0	    0.0	    0.0	   14.9	  1	  -50.0	 1450.0	   22.1	    0.0	    0.0	1	   59.2	 21	    0.0	    5.6	
  221	  25.08	    0.0	 1500.0	    0.0	    1.8	    0.0	    0.0	  200.0	   22.5	    0.0	    0.0	  200.0	  100.0	   21.8	    0.0	    0.0	    0.0	    0.0	   15.0	  1	  -50.0	 1450.0	   21.8	    0.0	    0.0	1	   59.2	 21	    0.0	    5.6	
  222	  25.18	    0.0	 1500.0	    0.0	    1.8	    0.0	    0.0	  200.0	   22.5	    0.0	    0.0	  200.0	  100.0	   21.5	    0.0	    0.0	    0.0	    0.0	   15.1	  1	  -50.0	 1450.0	   21.5	    0.0	    0.0	1	   59.2	 21	    0.0	    5.6	
  223	  25.28	    0.0	 1500.0	    0.0	    1.2	    0.0	    0.0	  200.0	   22.5	    0.0	    0.0	  200.0	  100.0	   21.3	    0.0	    0.0	    0.0	    0.0	   15.1	  1	  -50.0	 1450.0	   21.3	    0.0	    0.0	1	   59.2	 21	    0.0	    5.6	
  224	  25.38	    0.0	 1500.0	    0.0	    1.2	    0.0	    0.0	  200.0	   22.5	    0.0	    0.0	  200.0	  100.0	   21.0	    0.0	    0.0	    0.0	    0.0	   15.2	  1	  -50.0	 1450.0	   21.0	    0.0	    0.0	1	   59.2	 21	    0.0	    5.6	
  225	  25.48	    0.0	 1500.0	    0.0	    1.2	    0.0	    0.0	  200.0	   22.5	    0.0	    0.0	  200.0	  100.0	   20.8	    0.0	    0.0	    0.0	    0.0	   15.3	  1	  -50.0	 1450.0	   20.8	    0.0	    0.0	1	   59.2	 21	    0.0	    5.6	
  226	  25.58	    0.0	 1500.0	    0.0	    1.2	    0.0	    0.0	  200.0	   22.5	    0.0	    0.0	  200.0	  100.0	   20.5	    0.0	    0.0	    0.0	    0.0	   15.3	  1	  -50.0	 1450.0	   20.5	    0.0	    0.0	1	   59.2	 21	    0.0	    5.6	
  227	  25.68	    0.0	 1500.0	    0.0	    1.2	    0.0	    0.0	  200.0	   22.5	    0.0	    0.0	  200.0	  100.0	   20.3	    0.0	    0.0	    0.0	    0.0	   15.4	  1	  -50.0	 1450.0	   20.3	    0.0	    0.0	1	   59.2	 21	    0.0	    5.6	
  228	  25.78	    0.0	 1500.0	    0.0	    2.5	    0.0	    0.0	  200.0	   22.5	    0.0	    0.0	  200.0	  100.0	   20.0	    0.0	    0.0	    0.0	    0.0	   15.5	  1	  -50.0	 1450.0	   20.0	    0.0	    0.0	1	   59.2	 21	    0.0	    5.6	
  229	  25.88	    0.0	 1500.0	    0.0	    2.5	    0.0	    0.0	  200.0	   22.5	    0.0	    0.0	  200.0	  100.0	   19.8	    0.0	    0.0	    0.0	    0.0	   15.5	  1	  -50.0	 1450.0	   19.8	    0.0	    0.0	1	   59.2	 21	    0.0	    5.6	
  230	  25.98	    0.0	 1500.0	    0.0	    2.5	    0.0	    0.0	  200.0	   22.5	    0.0	    0.0	  200.0	  100.0	   19.5	    0.0	    0.0	    0.0	    0.0	   15.6	  1	  -50.0	 1450.0	   19.5	    0.0	    0.0	1	   59.2	 21	    0.0	    5.6	
  231	  26.08	    0.0	 1500.0	    0.0	    2.5	    0.0	    0.0	  200.0	   22.5	    0.0	    0.0	  200.0	  100.0	   19.3	    0.0	    0.0	    0.0	    0.0	   15.7	  1	  -50.0	 1450.0	   19.3	    0.0	    0.0	1	   59.2	 21	    0.0	    5.6	
  232	  26.18	    0.0	 1500.0	    0.0	    1.2	    0.0	    0.0	  200.0	   22.5	    0.0	    0.0	  200.0	  100.0	   19.0	    0.0	    0.0	    0.0	    0.0	   15.7	  1	  -50.0	 1450.0	   19.0	    0.0	    0.0	1	   59.2	 21	    0.0	    5.5	
  233	  26.28	    0.0	 1500.0	    0.0	    7.2	    0.0	    0.0	  200.0	   22.5	    0.0	    0.0	  200.0	  100.0	   18.7	    0.0	    0.0	    0.0	    0.0	   15.8	  1	  -50.0	 1450.0	   18.7	    0.0	    0.0	1	   59.2	 21	    0.0	    5.5	
  234	  26.38	    0.0	 1500.0	    0.0	    2.5	    0.0	    0.0	  200.0	   22.5	    0.0	    0.0	  200.0	  100.0	   18.5	    0.0	    0.0	    0.0	    0.0	   15.9	  1	  -50.0	 1450.0	   18.5	    0.0	    0.0	1	   59.2	 21	    0.0	    5.5	
  235	  26.48	    0.0	 1500.0	    0.0	    7.2	    0.0	    0.0	  200.0	   22.5	    0.0	    0.0	  200.0	  100.0	   18.2	    0.0	    0.0	    0.0	    0.0	   15.9	  1	  -50.0	 1450.0	   18.2	    0.0	    0.0	1	   59.2	 21	    0.0	    5.5	
  236	  26.58	    0.0	 1500.0	    0.0	    7.2	    0.0	    0.0	  200.0	   22.5	    0.0	    0.0	  200.0	  100.0	   18.0	    0.0	    0.0	    0.0	    0.0	   16.0	  1	  -50.0	 1450.0	   18.0	    0.0	    0.0	1	   59.2	 21	    0.0	    5.5	
  237	  26.68	    0.0	 1500.0	    0.0	    7.2	    0.0	    0.0	  200.0	   22.5	    0.0	    0.0	  200.0	  100.0	   17.7	    0.0	    0.0	    0.0	    0.0	   16.1	  1	  -50.0	 1450.0	   17.7	    0.0	    0.0	1	   59.2	 21	    0.0	    5.5	
  238	  26.78	    0.0	 1500.0	    0.0	    7.2	    0.0	    0.0	  200.0	   22.5	    0.0	    0.0	  200.0	  100.0	   17.5	    0.0	    0.0	    0.0	    0.0	   16.1	  1	  -50.0	 1450.0	   17.5	    0.0	    0.0	1	   59.2	 21	    0.0	    5.5	
  239	  26.88	    0.0	 1500.0	    0.0	    7.2	    0.0	    0.0	  200.0	   22.5	    0.0	    0.0	  200.0	  100.0	   17.2	    0.0	    0.0	    0.0	    0.0	   16.2	  1	  -50.0	 1450.0	   17.2	    0.0	    0.0	1	   59.2	 21	    0.0	    5.5	
  240	  26.98	    0.0	 1500.0	    0.0	    7.2	    0.0	    0.0	  200.0	   22.5	    0.0	    0.0	  200.0	  100.0	   17.0	    0.0	    0.0	    0.0	    0.0	   16.3	  1	  -50.0	 1450.0	   17.0	    0.0	    0.0	1	   59.2	 21	    0.0	    5.5	
  241	  27.08	    0.0	 1500.0	    0.0	    7.2	    0.0	    0.0	  200.0	   22.5	    0.0	    0.0	  200.0	  100.0	   16.7	    0.0	    0.0	    0.0	    0.0	   16.3	  1	  -50.0	 1450.0	   16.7	    0.0	    0.0	1	   59.2	 21	    0.0	    5.5	
  242	  27.18	    0.0	 1500.0	    0.0	    7.2	    0.0	    0.0	  200.0	   22.5	    0.0	    0.0	  200.0	  100.0	   16.5	    0.0	    0.0	    0.0	    0.0	   16.4	  1	  -50.0	 1450.0	   16.5	    0.0	    0.0	1	   59.2	 21	    0.0	    5.5	
  243	  27.28	    0.0	 1500.0	    0.0	    7.2	    0.0	    0.0	  200.0	   22.5	    0.0	    0.0	  200.0	  100.0	   16.2	    0.0	    0.0	    0.0	    0.0	   16.5	  1	  -50.0	 1450.0	   16.2	    0.0	    0.0	1	   59.2	 21	    0.0	    5.5	
  244	  27.38	    0.0	 1500.0	    0.0	    7.2	    0.0	    0.0	  200.0	   22.5	    0.0	    0.0	  200.0	  100.0	   15.9	    0.0	    0.0	    0.0	    0.0	   16.6	  1	  -50.0	 1450.0	   15.9	    0.0	    0.0	1	   59.2	 21	    0.0	    5.5	
  245	  27.48	    0.0	 1500.0	    0.0	  197.9	    0.0	    0.0	  200.0	   22.5	    0.0	    0.0	  200.0	  100.0	   16.5	    0.0	    0.0	    0.0	    0.0	   16.6	  1	   50.0	 1450.0	   16.5	    0.0	    0.0	1	   63.6	 21	    0.0	    4.0	
  246	  27.58	    0.0	 1500.0	    0.0	  197.9	    0.0	    0.0	  200.0	   22.5	    0.0	    0.0	  200.0	  100.0	   16.3	    0.0	    0.0	    0.0	    0.0	   16.7	  1	   50.0	 1450.0	   16.3	    0.0	    0.0	1	   63.6	 21	    0.0	    5.5	
  247	  27.68	    0.0	 1500.0	    0.0	  197.9	    0.0	    0.0	  200.0	   22.5	    0.0	    0.0	  200.0	  100.0	   16.0	    0.0	    0.0	    0.0	    0.0	   16.8	  1	   50.0	 1450.0	   16.0	    0.0	    0.0	1	   63.6	 21	    0.0	    5.5	
  248	  27.78	    0.0	 1500.0	    0.0	    7.2	    0.0	    0.0	  200.0	   22.5	    0.0	    0.0	  200.0	  100.0	   15.8	    0.0	    0.0	    0.0	    0.0	   16.8	  1	  -50.0	 1450.0	   15.8	    0.0	    0.0	1	   59.2	 21	    0.0	    5.4	
  249	  27.88	    0.0	 1500.0	    0.0	  197.9	    0.0	    0.0	  200.0	   22.5	    0.0	    0.0	  200.0	  100.0	   16.3	    0.0	    0.0	    0.0	    0.0	   16.9	  1	   50.0	 1450.0	   16.3	    0.0	    0.0	1	   63.6	 21	    0.0	    4.0	
  250	  27.98	    0.0	 1500.0	    0.0	  197.9	    0.0	    0.0	  200.0	   22.5	    0.0	    0.0	  200.0	  100.0	   16.1	    0.0	    0.0	    0.0	    0.0	   17.0	  1	   50.0	 1450.0	   16.1	    0.0	    0.0	1	   63.6	 21	    0.0	    5.5	
  251	  28.08	    0.0	 1500.0	    0.0	  197.9	    0.0	    0.0	  200.0	   22.5	    0.0	    0.0	  200.0	  100.0	   15.8	    0.0	    0.0	    0.0	    0.0	   17.0	  1	   50.0	 1450.0	   15.8	    0.0	    0.0	1	   63.6	 21	    0.0	    5.5	
  252	  28.18	    0.0	 1500.0	    0.0	  197.8	    0.0	    0.0	  200.0	   22.5	    0.0	    0.0	  200.0	  100.0	   15.6	    0.0	    0.0	    0.0	    0.0	   17.1	  1	   50.0	 1450.0	   15.6	    0.0	    0.0	1	   63.6	 21	    0.0	    5.5	
  253	  28.28	    0.0	 1500.0	    0.0	  197.8	    0.0	    0.0	  200.0	   22.5	    0.0	    0.0	  200.0	  100.0	   15.3	    0.0	    0.0	    0.0	    0.0	   17.2	  1	   50.0	 1450.0	   15.3	    0.0	    0.0	1	   63.6	 21	    0.0	    5.5	
  254	  28.38	    0.0	 1500.0	    0.0	  197.8	    0.0	    0.0	  200.0	   22.5	    0.0	    0.0	  200.0	  100.0	   15.1	    0.0	    0.0	    0.0	    0.1	   17.2	  1	   50.0	 1450.0	   15.1	    0.0	    0.1	1	   63.6	 21	    0.0	    5.5	
  255	  28.48	    0.0	 1500.0	    0.0	  197.8	    0.0	    0.0	  200.0	   22.5	    0.0	    0.0	  200.0	  100.0	   14.8	    0.0	    0.0	    0.0	    0.1	   17.3	  1	   50.0	 1450.0	   14.8	    0.0	    0.1	1	   63.6	 21	    0.0	    5.5	
  256	  28.58	    0.0	 1500.0	    0.0	  197.8	    0.0	    0.0	  200.0	   22.5	    0.0	    0.0	  200.0	  100.0	   14.6	    0.0	    0.0	    0.0	    0.1	   17.4	  1	   50.0	 1450.0	   14.6	    0.0	    0.1	1	   63.6	 21	    0.0	    5.5	
  257	  28.68	    0.0	 1500.0	    0.0	  166.0	    0.0	    0.0	  200.0	   22.5	    0.0	    0.0	  200.0	  100.0	   14.3	    0.0	    0.0	    0.0	    0.1	   17.4	  1	   50.0	 1450.0	   14.3	    0.0	    0.1	1	   63.6	 21	    0.0	    5.5	
  258	  28.78	    0.0	 1500.0	    0.0	  166.0	    0.0	    0.0	  200.0	   22.5	    0.0	    0.0	  200.0	  100.0	   14.1	    0.0	    0.0	    0.0	    0.1	   17.5	  1	   50.0	 1450.0	   14.1	    0.0	    0.1	1	   63.6	 21	    0.0	    5.5	
  259	  28.88	    0.0	 1500.0	    0.0	  166.0	    0.0	    0.0	  200.0	   22.5	    0.0	    0.0	  200.0	  100.0	   13.8	    0.0	    0.0	    0.0	    0.1	   17.6	  1	   50.0	 1450.0	   13.8	    0.0	    0.1	1	   63.6	 21	    0.0	    5.5	
  260	  28.98	    0.0	 1500.0	    0.0	  166.0	    0.0	    0.0	  200.0	   22.5	    0.0	    0.0	  200.0	  100.0	   13.6	    0.0	    0.0	    0.0	    0.1	   17.6	  1	   50.0	 1450.0	   13.6	    0.0	    0.1	1	   63.6	 21	    0.0	    5.5	
  261	  29.08	    0.0	 1500.0	    0.0	  126.4	    0.0	    0.0	  200.0	   22.5	    0.0	    0.0	  200.0	  100.0	   13.3	    0.0	    0.0	    0.0	    0.1	   17.7	  1	   50.0	 1450.0	   13.3	    0.0	    0.1	1	   63.6	 21	    0.0	    5.5	
  262	  29.18	    0.0	 1500.0	    0.0	  126.4	    0.0	    0.0	  200.0	   22.5	    0.0	    0.0	  200.0	  100.0	   13.1	    0.0	    0.0	    0.0	    0.1	   17.8	  1	   50.0	 1450.0	   13.1	    0.0	    0.1	1	   63.6	 21	    0.0	    5.5	
  263	  29.28	    0.0	 1500.0	    0.0	  166.0	    0.0	    0.0	  200.0	   22.5	    0.0	    0.0	  200.0	  100.0	   12.8	    0.0	    0.0	    0.0	    0.1	   17.8	  1	   50.0	 1450.0	   12.8	    0.0	    0.1	1	   63.6	 21	    0.0	    5.5	
  264	  29.38	    0.0	 1500.0	    0.0	  126.4	    0.0	    0.0	  200.0	   22.5	    0.0	    0.0	  200.0	  100.0	   12.6	    0.0	    0.0	    0.0	    0.1	   17.9	  1	   50.0	 1450.0	   12.6	    0.0	    0.1	1	   63.6	 21	    0.0	    5.5	
  265	  29.48	    0.0	 1500.0	    0.0	  126.4	    0.0	    0.0	  200.0	   22.5	    0.0	    0.0	  200.0	  100.0	   12.3	    0.0	    0.0	    0.0	    0.1	   18.0	  1	   50.0	 1450.0	   12.3	    0.0	    0.1	1	   63.6	 21	    0.0	    5.5	
  266	  29.58	    0.0	 1500.0	    0.0	  126.4	    0.0	    0.0	  200.0	   22.5	    0.0	    0.0	  200.0	  100.0	   12.1	    0.0	    0.0	    0.0	    0.1	   18.0	  1	   50.0	 1450.0	   12.1	    0.0	    0.1	1	   63.6	 21	    0.0	    5.5	
  267	  29.68	    0.0	 1500.0	    0.0	  126.4	    0.0	    0.0	  200.0	   22.5	    0.0	    0.0	  200.0	  100.0	   11.8	    0.0	    0.0	    0.0	    0.1	   18.1	  1	   50.0	 1450.0	   11.8	    0.0	    0.1	1	   63.6	 21	    0.0	    5.5	
  268	  29.78	    0.0	 1500.0	    0.0	   64.2	    0.0	    0.0	  200.0	   22.5	    0.0	    0.0	  200.0	  100.0	   11.6	    0.0	    0.0	    0.0	    0.1	   18.2	  1	  -50.0	 1450.0	   11.6	    0.0	    0.1	1	   59.2	 21	    0.0	    5.5	
  269	  29.88	    0.0	 1500.0	    0.0	   64.2	    0.0	    0.0	  200.0	   22.5	    0.0	    0.0	  200.0	  100.0	   11.3	    0.0	    0.0	    0.0	    0.1	   18.2	  1	  -50.0	 1450.0	   11.3	    0.0	    0.1	1	   59.2	 21	    0.0	    5.5	
  270	  29.98	    0.0	 1500.0	    0.0	   64.2	    0.0	    0.0	  200.0	   22.5	    0.0	    0.0	  200.0	  100.0	   11.0	    0.0	    0.0	    0.0	    0.1	   18.3	  1	  -50.0	 1450.0	   11.0	    0.0	    0.1	1	   59.2	 21	    0.0	    5.5	
  271	  30.08	    0.0	 1500.0	    0.0	   64.2	    0.0	    0.0	  200.0	   22.5	    0.0	    0.0	  200.0	  100.0	   10.8	    0.0	    0.0	    0.0	    0.1	   18.4	  1	  -50.0	 1450.0	   10.8	    0.0	    0.1	1	   59.2	 21	    0.0	    5.5	
  272	  30.18	    0.0	 1500.0	    0.0	   28.5	    0.0	    0.0	  200.0	   22.5	    0.0	    0.0	  200.0	  100.0	   10.5	    0.0	    0.0	    0.0	    0.1	   18.5	  1	  -50.0	 1450.0	   10.5	    0.0	    0.1	1	   59.2	 21	    0.0	    5.5	
  273	  30.28	    0.0	 1500.0	    0.0	   64.2	    0.0	    0.0	  200.0	   22.5	    0.0	    0.0	  200.0	  100.0	   10.3	    0.0	    0.0	    0.0	    0.1	   18.5	  1	  -50.0	 1450.0	   10.3	    0.0	    0.1	1	   59.2	 21	    0.0	    5.5	
  274	  30.38	    0.0	 1500.0	    0.0	   28.5	    0.0	    0.0	  200.0	   22.5	    0.0	    0.0	  200.0	  100.0	   10.0	    0.0	    0.0	    0.0	    0.1	   18.6	  1	  -50.0	 1450.0	   10.0	    0.0	    0.1	1	   59.2	 21	    0.0	    5.5	
  275	  30.48	    0.0	 1500.0	    0.0	   28.5	    0.0	    0.0	  200.0	   22.5	    0.0	    0.0	  200.0	  100.0	    9.8	    0.0	    0.0	    0.0	    0.1	   18.7	  1	  -50.0	 1450.0	    9.8	    0.0	    0.1	1	   59.2	 21	    0.0	    5.5	
  276	  30.58	    0.0	 1500.0	    0.0	   28.5	    0.0	    0.0	  200.0	   22.5	    0.0	    0.0	  200.0	  100.0	    9.5	    0.0	    0.0	    0.0	    0.1	   18.7	  1	  -50.0	 1450.0	    9.5	    0.0	    0.1	1	   59.2	 21	    0.0	    5.4	
  277	  30.68	    0.0	 1500.0	    0.0	   13.7	    0.0	    0.0	  200.0	   22.5	    0.0	    0.0	  200.0	  100.0	    9.3	    0.0	    0.0	    0.0	    0.1	   18.8	  1	  -50.0	 1450.0	    9.3	    0.0	    0.1	1	   59.2	 21	    0.0	    5.4	
  278	  30.78	    0.0	 1500.0	    0.0	   13.7	    0.0	    0.0	  200.0	   22.5	    0.0	    0.0	  200.0	  100.0	    9.0	    0.0	    0.0	    0.0	    0.1	   18.9	  1	  -50.0	 1450.0	    9.0	    0.0	    0.1	1	   59.2	 21	    0.0	    5.4	
  279	  30.88	    0.0	 1500.0	    0.0	   13.7	    0.0	    0.0	  200.0	   22.5	    0.0	    0.0	  200.0	  100.0	    8.8	    0.0	    0.0	    0.0	    0.1	   18.9	  1	  -50.0	 1450.0	    8.8	    0.0	    0.1	1	   59.2	 21	    0.0	    5.4	
  280	  30.98	    0.0	 1500.0	    0.0	   13.7	    0.0	    0.0	  200.0	   22.5	    0.0	    0.0	  200.0	  100.0	    8.5	    0.0	    0.0	    0.0	    0.1	   19.0	  1	  -50.0	 1450.0	    8.5	    0.0	    0.1	1	   59.2	 21	    0.0	    5.4	
  281	  31.08	    0.0	 1500.0	    0.0	   13.7	    0.0	    0.0	  200.0	   22.5	    0.0	    0.0	  200.0	  100.0	    8.2	    0.0	    0.0	    0.0	    0.1	   19.1	  1	  -50.0	 1450.0	    8.2	    0.0	    0.1	1	   59.2	 21	    0.0	    5.4	
  282	  31.18	    0.0	 1500.0	    0.0	   13.7	    0.0	    0.0	  200.0	   22.5	    0.0	    0.0	  200.0	  100.0	    8.0	    0.0	    0.0	    0.0	    0.1	   19.1	  1	  -50.0	 1450.0	    8.0	    0.0	    0.1	1	   59.2	 21	    0.0	    5.4	
  283	  31.28	    0.0	 1500.0	    0.0	   17.0	    0.0	    0.0	  200.0	   22.5	    0.0	    0.0	  200.0	  100.0	    7.7	    0.0	    0.0	    0.0	    0.1	   19.2	  1	  -50.0	 1450.0	    7.7	    0.0	    0.1	1	   59.2	 21	    0.0	    5.4	
  284	  31.38	    0.0	 1500.0	    0.0	   17.0	    0.0	    0.0	  200.0	   22.5	    0.0	    0.0	  200.0	  100.0	    7.5	    0.0	    0.0	    0.0	    0.1	   19.3	  1	  -50.0	 1450.0	    7.5	    0.0	    0.1	1	   59.2	 21	    0.0	    5.4	
  285	  31.48	    0.0	 1500.0	    0.0	   17.0	    0.0	    0.0	  200.0	   22.5	    0.0	    0.0	  200.0	  100.0	    7.2	    0.0	    0.0	    0.0	    0.1	   19.3	  1	  -50.0	 1450.0	    7.2	    0.0	    0.1	1	   59.2	 21	    0.0	    5.4	
  286	  31.58	    0.0	 1500.0	    0.0	   17.0	    0.0	    0.0	  200.0	   22.5	    0.0	    0.0	  200.0	  100.0	    7.0	    0.0	    0.0	    0.0	    0.1	   19.4	  1	  -50.0	 1450.0	    7.0	    0.0	    0.1	1	   59.2	 21	    0.0	    5.4	
  287	  31.68	    0.0	 1500.0	    0.0	   17.0	    0.0	    0.0	  200.0	   22.5	    0.0	    0.0	  200.0	  100.0	    6.7	    0.0	    0.0	    0.0	    0.1	   19.5	  1	  -50.0	 1450.0	    6.7	    0.0	    0.1	1	   59.2	 21	    0.0	    5.4	
  288	  31.78	    0.0	 1500.0	    0.0	   17.0	    0.0	    0.0	  200.0	   22.5	    0.0	    0.0	  200.0	  100.0	    6.5	    0.0	    0.0	    0.0	    0.1	   19.5	  1	  -50.0	 1450.0	    6.5	    0.0	    0.1	1	   59.2	 21	    0.0	    5.4	
  289	  31.88	    0.0	 1500.0	    0.0	   17.0	    0.0	    0.0	  200.0	   22.5	    0.0	    0.0	  200.0	  100.0	    6.2	    0.0	    0.0	    0.0	    0.1	   19.6	  1	  -50.0	 1450.0	    6.2	    0.0	    0.1	1	   59.2	 21	    0.0	    5.4	
  290	  31.98	    0.0	 1500.0	    0.0	   17.0	    0.0	    0.0	  200.0	   22.5	    0.0	    0.0	  200.0	  100.0	    6.0	    0.0	    0.0	    0.0	    0.1	   19.7	  1	  -50.0	 1450.0	    6.0	    0.0	    0.1	1	   59.2	 21	    0.0	    5.4	
  291	  32.08	    0.0	 1500.0	    0.0	   17.0	    0.0	    0.0	  200.0	   22.5	    0.0	    0.0	  200.0	  100.0	    5.7	    0.0	    0.0	    0.0	    0.1	   19.7	  1	  -50.0	 1450.0	    5.7	    0.0	    0.1	1	   59.2	 21	    0.0	    5.4	
  292	  32.18	    0.0	 1500.0	    0.0	   17.0	    0.0	    0.0	  200.0	   22.5	    0.0	    0.0	  200.0	  100.0	    5.4	    0.0	    0.0	    0.0	    0.1	   19.8	  1	  -50.0	 1450.0	    5.4	    0.0	    0.1	1	   59.2	 21	    0.0	    5.4	
  293	  32.28	    0.0	 1500.0	    0.0	   17.0	    0.0	    0.0	  200.0	   22.5	    0.0	    0.0	  200.0	  100.0	    5.2	    0.0	    0.0	    0.0	    0.1	   19.9	  1	  -50.0	 1450.0	    5.2	    0.0	    0.1	1	   59.2	 21	    0.0	    5.4	
  294	  32.38	    0.0	 1500.0	    0.0	   70.5	    0.0	    0.0	  200.0	   22.5	    0.0	    0.0	  200.0	  100.0	    5.1	    0.0	    0.0	    0.0	    0.1	   19.9	  1	  -50.0	 1450.0	    5.1	    0.0	    0.1	1	   59.2	 21	    0.0	    5.3	
  295	  32.48	    0.0	 1500.0	    0.0	   70.5	    0.0	    0.0	  200.0	   22.5	    0.0	    0.0	  200.0	  100.0	    4.9	    0.0	    0.0	    0.0	    0.1	   20.0	  1	  -50.0	 1450.0	    4.9	    0.0	    0.1	1	   59.2	 21	    0.0	    5.5	
  296	  32.58	    0.0	 1500.0	    0.0	   70.5	    0.0	    0.0	  200.0	   22.5	    0.0	    0.0	  200.0	  100.0	    4.6	    0.0	    0.0	    0.0	    0.1	   20.1	  1	  -50.0	 1450.0	    4.6	    0.0	    0.1	1	   59.2	 21	    0.0	    5.5	
  297	  32.68	    0.0	 1500.0	    0.0	   70.5	    0.0	    0.0	  200.0	   22.5	    0.0	    0.0	  200.0	  100.0	    4.4	    0.0	    0.0	    0.0	    0.1	   20.1	  1	  -50.0	 1450.0	    4.4	    0.0	    0.1	1	   59.2	 21	    0.0	    5.5	
  298	  32.78	    0.0	 1500.0	    0.0	   70.3	    0.0	    0.0	  200.0	   22.5	    0.0	    0.0	  200.0	  100.0	    4.1	    0.0	    0.0	    0.0	    0.1	   20.2	  1	  -50.0	 1450.0	    4.1	    0.0	    0.1	1	   59.2	 21	    0.0	    5.5	
  299	  32.88	    0.0	 1500.0	    0.0	   70.3	    0.0	    0.0	  200.0	   22.5	    0.0	    0.0	  200.0	  100.0	    3.9	    0.0	    0.0	    0.0	    0.1	   20.3	  1	  -50.0	 1450.0	    3.9	    0.0	    0.1	1	   59.2	 21	    0.0	    5.5	
  300	  32.98	    0.0	 1500.0	    0.0	   70.3	    0.0	    0.0	  200.0	   22.5	    0.0	    0.0	  200.0	  100.0	    3.6	    0.0	    0.0	    0.0	    0.1	   20.3	  1	  -50.0	 1450.0	    3.6	    0.0	    0.1	1	   59.2	 21	    0.0	    5.5	
  301	  33.08	    0.0	 1500.0	    0.0	   70.3	    0.0	    0.0	  200.0	   22.5	    0.0	    0.0	  200.0	  100.0	    3.4	    0.0	    0.0	    0.0	    0.1	   20.4	  1	  -50.0	 1450.0	    3.4	    0.0	    0.1	1	   59.2	 21	    0.0	    5.5	
  302	  33.18	    0.0	 1500.0	    0.0	   70.3	    0.0	    0.0	  200.0	   22.5	    0.0	    0.0	  200.0	  100.0	    3.1	    0.0	    0.0	    0.0	    0.1	   20.5	  1	  -50.0	 1450.0	    3.1	    0.0	    0.1	1	   59.2	 21	    0.0	    5.6	
  303	  33.28	    0.0	 1500.0	    0.0	   70.3	    0.0	    0.0	  200.0	   22.5	    0.0	    0.0	  200.0	  100.0	    2.9	    0.0	    0.0	    0.0	    0.1	   20.6	  1	  -50.0	 1450.0	    2.9	    0.0	    0.1	1	   59.2	 21	    0.0	    5.6	
  304	  33.38	    0.0	 1500.0	    0.0	   35.3	    0.0	    0.0	  200.0	   22.5	    0.0	    0.0	  200.0	  100.0	    2.6	    0.0	    0.0	    0.0	    0.1	   20.6	  1	  -50.0	 1450.0	    2.6	    0.0	    0.1	1	   59.2	 21	    0.0	    5.6	
  305	  33.48	    0.0	 1500.0	    0.0	   35.3	    0.0	    0.0	  200.0	   22.5	    0.0	    0.0	  200.0	  100.0	    2.4	    0.0	    0.0	    0.0	    0.1	   20.7	  1	  -50.0	 1450.0	    2.4	    0.0	    0.1	1	   59.2	 21	    0.0	    5.7	
  306	  33.58	    0.0	 1500.0	    0.0	   35.3	    0.0	    0.0	  200.0	   22.5	    0.0	    0.0	  200.0	  100.0	    2.1	    0.0	    0.0	    0.0	    0.1	   20.8	  1	  -50.0	 1450.0	    2.1	    0.0	    0.1	1	   59.2	 21	    0.0	    5.7	
  307	  33.68	    0.0	 1500.0	    0.0	   35.3	    0.0	    0.0	  200.0	   22.5	    0.0	    0.0	  200.0	  100.0	    1.8	    0.0	    0.0	    0.0	    0.1	   20.8	  1	  -50.0	 1450.0	    1.8	    0.0	    0.1	1	   59.2	 21	    0.0	    5.8	
  308	  33.78	    0.0	 1500.0	    0.0	   20.2	    0.0	    0.0	  200.0	   22.5	    0.0	    0.0	  200.0	  100.0	    1.6	    0.0	    0.0	    0.0	    0.1	   20.9	  1	  -50.0	 1450.0	    1.6	    0.0	    0.1	1	   59.2	 21	    0.0	    5.8	
  309	  33.88	    0.0	 1500.0	    0.0	   20.2	    0.0	    0.0	  200.0	   22.5	    0.0	    0.0	  200.0	  100.0	    1.3	    0.0	    0.0	    0.0	    0.1	   21.0	  1	  -50.0	 1450.0	    1.3	    0.0	    0.1	1	   59.2	 21	    0.0	    5.9	
  310	  33.98	    0.0	 1500.0	    0.0	   20.2	    0.0	    0.0	  200.0	   22.5	    0.0	    0.0	  200.0	  100.0	    1.1	    0.0	    0.0	    0.0	    0.1	   21.0	  1	  -50.0	 1450.0	    1.1	    0.0	    0.1	1	   59.2	 21	    0.0	    6.0	
  311	  34.08	    0.0	 1500.0	    0.0	   20.2	    0.0	    0.0	  200.0	   22.5	    0.0	    0.0	  200.0	  100.0	    0.8	    0.0	    0.0	    0.0	    0.1	   21.1	  1	  -50.0	 1550.0	    0.8	    0.0	    0.1	1	   68.2	 21	    0.0	    6.1	
  312	  34.18	    0.0	 1500.0	    0.0	   20.2	    0.0	    0.0	  200.0	   22.5	    0.0	    0.0	  200.0	  100.0	    0.6	    0.0	    0.0	    0.0	    0.1	   21.2	  1	  -50.0	 1550.0	    0.6	    0.0	    0.1	1	   68.2	 21	    0.0	    6.3	
  313	  34.28	    0.0	 1500.0	    0.0	   15.9	    0.0	    0.0	  200.0	   22.5	    0.0	    0.0	  200.0	  100.0	    0.3	    0.0	    0.0	    0.0	    0.1	   21.2	  1	  -50.0	 1550.0	    0.3	    0.0	    0.1	1	   68.2	 21	    0.0	    6.5	
  314	  34.38	    0.0	 1500.0	    0.0	   15.9	    0.0	    0.0	  200.0	   22.5	    0.0	    0.0	  200.0	  100.0	    0.1	    0.0	    0.0	    0.0	    0.1	   21.3	  1	  -50.0	 1550.0	    0.1	    0.0	    0.1	1	   68.2	 21	    0.0	    6.8	
  315	  34.48	    0.0	 1500.0	    0.0	   15.9	    0.0	    0.0	  200.0	   22.5	    0.0	    0.0	  200.0	  100.0	    0.0	    0.0	    0.0	    0.0	    0.1	   21.4	  1	  -50.0	 1550.0	    0.0	    0.0	    0.1	1	   68.2	 21	    0.0	    6.9	
  316	  34.58	    0.0	 1500.0	    0.0	   15.9	    0.0	    0.0	  200.0	   22.5	    0.0	    0.0	  200.0	  100.0	    0.0	    0.0	    0.0	    0.0	    0.1	   21.4	  1	  -50.0	 1550.0	    0.0	    0.0	    0.1	1	   68.2	 21	    0.0	    6.9	
  317	  34.68	    0.0	 1500.0	    0.0	   15.9	    0.0	    0.0	  200.0	   22.5	    0.0	    0.0	  200.0	  100.0	    0.0	    0.0	    0.0	    0.0	    0.1	   21.5	  1	  -50.0	 1550.0	    0.0	    0.0	    0.1	1	   68.2	 21	    0.0	    6.9	
  318	  34.78	    0.0	 1500.0	    0.0	   15.9	    0.0	    0.0	  200.0	   22.5	    0.0	    0.0	  200.0	  100.0	    0.0	    0.0	    0.0	    0.0	    0.1	   21.6	  1	  -50.0	 1550.0	    0.0	    0.0	    0.1	1	   68.2	 21	    0.0	    6.9	
  319	  34.88	    0.0	 1500.0	    0.0	   15.9	    0.0	    0.0	  200.0	   -2.0	    0.0	    0.0	  200.0	  100.0	    0.0	    0.0	    0.0	    0.0	    0.1	   21.6	  1	  -50.0	 1550.0	    0.0	    0.0	    0.1	1	   68.1	 21	    0.0	    6.9	
  320	  34.98	    0.0	 1500.0	    0.0	   15.9	    0.0	    0.0	  200.0	   -2.0	    0.0	    0.0	  200.0	  100.0	    0.0	    0.0	    0.0	    0.0	    0.1	   21.7	  1	  -50.0	 1550.0	    0.0	    0.0	    0.1	1	   68.1	 21	    0.0	    6.9	
  321	  35.08	    0.0	 1500.0	    0.0	   15.9	    0.0	    0.0	  200.0	   22.5	    0.0	    0.0	  200.0	  100.0	    0.0	    0.0	    0.0	    0.0	    0.1	   21.8	  1	  -50.0	 1550.0	    0.0	    0.0	    0.1	1	   68.2	 21	    0.0	    6.9	
