    1	   4.28	    0.0	 1500.0	    0.0	    0.0	 1500.0	    0.0	  200.0	    0.0	 1500.0	    0.0	  200.0	  100.0	   99.7	    0.0	    0.0	    0.0	    0.0	    0.1	  1	 -750.0	 1550.0	   99.7	    0.0	    0.0	1	  521.5	 21	    0.0	    7.7	
    2	   4.38	    0.0	 1500.0	    0.0	    0.0	 1500.0	    0.0	  200.0	    0.0	 1500.0	    0.0	  200.0	  100.0	   99.2	    0.0	    0.0	    0.0	    0.0	    0.1	  1	 -750.0	 1550.0	   99.2	    0.0	    0.0	1	  396.2	 21	 1305.5	   10.5	
    3	   4.48	    0.0	 1500.0	    0.0	    0.0	 1500.0	    0.0	  200.0	    0.0	 1500.0	    0.0	  200.0	  100.0	   98.7	    0.0	    0.0	    0.0	    0.0	    0.2	  1	 -750.0	 1550.0	   98.7	    0.0	    0.0	1	  395.8	 21	 1305.2	   10.5	
    4	   4.58	    0.0	 1500.0	    0.0	    0.0	 1500.0	    0.0	  200.0	    0.0	 1500.0	    0.0	  200.0	  100.0	   98.2	    0.0	    0.0	    0.0	    0.0	    0.3	  1	 -750.0	 1550.0	   98.2	    0.0	    0.0	1	  395.3	 21	 1304.9	   10.5	
    5	   4.68	    0.0	 1500.0	    0.0	    0.0	 1500.0	    0.0	  200.0	    0.0	 1500.0	    0.0	  200.0	  100.0	   97.7	    0.0	    0.0	    0.0	    0.0	    0.3	  1	 -750.0	 1550.0	   97.7	    0.0	    0.0	1	  394.9	 21	 1304.6	   10.5	
    6	   4.78	    0.0	 1500.0	    0.0	    0.0	 1500.0	    0.0	  200.0	    0.0	 1500.0	    0.0	  200.0	  100.0	   97.2	    0.0	    0.0	    0.0	    0.0	    0.4	  1	 -750.0	 1550.0	   97.2	    0.0	    0.0	1	  394.4	 21	 1304.3	   10.4	
    7	   4.88	    0.0	 1500.0	    0.0	    0.0	 1500.0	    0.0	  200.0	    0.0	 1500.0	    0.0	  200.0	  100.0	   96.7	    0.0	    0.0	    0.0	    0.0	    0.5	  1	 -750.0	 1550.0	   96.7	    0.0	    0.0	1	  394.0	 21	 1304.1	   10.4	
    8	   4.98	    0.0	 1500.0	    0.0	    0.0	 1500.0	    0.0	  200.0	    0.0	 1500.0	    0.0	  200.0	  100.0	   96.2	    0.0	    0.0	    0.0	    0.0	    0.5	  1	 -750.0	 1550.0	   96.2	    0.0	    0.0	1	  393.5	 21	 1303.8	   10.4	
    9	   5.08	    0.0	 1500.0	    0.0	    0.0	 1500.0	    0.0	  200.0	    0.0	 1500.0	    0.0	  200.0	  100.0	   95.7	    0.0	    0.0	    0.0	    0.0	    0.6	  1	 -750.0	 1550.0	   95.7	    0.0	    0.0	1	  393.1	 21	 1303.5	   10.3	
   10	   5.18	    0.0	 1500.0	    0.0	    0.0	 1500.0	    0.0	  200.0	    0.0	 1500.0	    0.0	  200.0	  100.0	   95.2	    0.0	    0.0	    0.0	    0.0	    0.7	  1	 -750.0	 1550.0	   95.2	    0.0	    0.0	1	  392.6	 21	 1303.2	   10.3	
   11	   5.28	    0.0	 1500.0	    0.0	    0.0	 1500.0	    0.0	  200.0	    0.0	 1500.0	    0.0	  200.0	  100.0	   94.7	    0.0	    0.0	    0.0	    0.0	    0.7	  1	 -750.0	 1550.0	   94.7	    0.0	    0.0	1	  392.2	 21	 1302.9	   10.3	
   12	   5.38	    0.0	 1500.0	    0.0	    0.0	 1500.0	    0.0	  200.0	    0.0	 1500.0	    0.0	  200.0	  100.0	   94.2	    0.0	    0.0	    0.0	    0.0	    0.8	  1	 -750.0	 1550.0	   94.2	    0.0	    0.0	1	  391.7	 21	 1302.6	   10.3	
   13	   5.48	    0.0	 1500.0	    0.0	    0.0	 1500.0	    0.0	  200.0	    0.0	 1500.0	    0.0	  200.0	  100.0	   93.7	    0.0	    0.0	    0.0	    0.0	    0.9	  1	 -750.0	 1550.0	   93.7	    0.0	    0.0	1	  391.2	 21	 1302.4	   10.2	
   14	   5.58	    0.0	 1500.0	    0.0	    0.0	 1500.0	    0.0	  200.0	    0.0	 1500.0	    0.0	  200.0	  100.0	   93.2	    0.0	    0.0	    0.0	    0.0	    0.9	  1	 -750.0	 1550.0	   93.2	    0.0	    0.0	1	  390.8	 21	 1302.1	   10.2	
   15	   5.68	    0.0	 1500.0	    0.0	    0.0	 1500.0	    0.0	  200.0	    0.0	 1500.0	    0.0	  200.0	  100.0	   92.7	    0.0	    0.0	    0.0	    0.0	    1.0	  1	 -750.0	 1550.0	   92.7	    0.0	    0.0	1	  390.3	 21	 1301.8	   10.2	
   16	   5.78	    0.0	 1500.0	    0.0	    0.0	 1500.0	    0.0	  200.0	    0.0	 1500.0	    0.0	  200.0	  100.0	   92.2	    0.0	    0.0	    0.0	    0.0	    1.1	  1	 -750.0	 1550.0	   92.2	    0.0	    0.0	1	  389.9	 21	 1301.5	   10.2	
   17	   5.88	    0.0	 1500.0	    0.0	    0.0	 1500.0	    0.0	  200.0	    0.0	 1500.0	    0.0	  200.0	  100.0	   91.7	    0.0	    0.0	    0.0	    0.0	    1.2	  1	 -750.0	 1550.0	   91.7	    0.0	    0.0	1	  389.4	 21	 1301.2	   10.1	
   18	   5.98	    0.0	 1500.0	    0.0	    0.0	 1500.0	    0.0	  200.0	    0.0	 1500.0	    0.0	  200.0	  100.0	   91.2	    0.0	    0.0	    0.0	    0.0	    1.2	  1	 -750.0	 1550.0	   91.2	    0.0	    0.0	1	  389.0	 21	 1301.0	   10.1	
   19	   6.08	    0.0	 1500.0	    0.0	    0.0	 1500.0	    0.0	  200.0	    0.0	 1500.0	    0.0	  200.0	  100.0	   90.7	    0.0	    0.0	    0.0	    0.0	    1.3	  1	 -750.0	 1550.0	   90.7	    0.0	    0.0	1	  388.5	 21	 1300.7	   10.1	
   20	   6.18	    0.0	 1500.0	    0.0	    0.0	 1500.0	    0.0	  200.0	    0.0	 1500.0	    0.0	  200.0	  100.0	   90.2	    0.0	    0.0	    0.0	    0.0	    1.4	  1	 -750.0	 1550.0	   90.2	    0.0	    0.0	1	  388.0	 21	 1300.4	   10.0	
   21	   6.28	    0.0	 1500.0	    0.0	    0.0	 1500.0	    0.0	  200.0	    0.0	 1500.0	    0.0	  200.0	  100.0	   89.7	    0.0	    0.0	    0.0	    0.0	    1.4	  1	 -750.0	 1550.0	   89.7	    0.0	    0.0	1	  387.6	 21	 1300.1	   10.0	
   22	   6.38	    0.0	 1500.0	    0.0	    0.0	 1500.0	    0.0	  200.0	    0.0	 1500.0	    0.0	  200.0	  100.0	   89.2	    0.0	    0.0	    0.0	    0.0	    1.5	  1	 -750.0	 1550.0	   89.2	    0.0	    0.0	1	  387.1	 21	    0.0	   10.0	
   23	   6.48	    0.0	 1500.0	    0.0	    0.0	 1500.0	    0.0	  200.0	    0.0	 1500.0	    0.0	  200.0	  100.0	   88.7	    0.0	    0.0	    0.0	    0.0	    1.6	  1	 -750.0	 1550.0	   88.7	    0.0	    0.0	1	  386.7	 21	    0.0	   10.0	
   24	   6.58	    0.0	 1500.0	    0.0	    0.0	 1500.0	    0.0	  200.0	    0.0	 1500.0	    0.0	  200.0	  100.0	   88.2	    0.0	    0.0	    0.0	    0.0	    1.6	  1	 -750.0	 1550.0	   88.2	    0.0	    0.0	1	  386.2	 21	    0.0	    9.9	
   25	   6.68	    0.0	 1500.0	    0.0	    0.0	 1500.0	    0.0	  200.0	    0.0	 1500.0	    0.0	  200.0	  100.0	   87.7	    0.0	    0.0	    0.0	    0.0	    1.7	  1	 -750.0	 1550.0	   87.7	    0.0	    0.0	1	  385.7	 21	    0.0	    9.9	
   26	   6.78	    0.0	 1500.0	    0.0	    0.0	 1500.0	    0.0	  200.0	    0.0	 1500.0	    0.0	  200.0	  100.0	   87.2	    0.0	    0.0	    0.0	    0.0	    1.8	  1	 -750.0	 1550.0	   87.2	    0.0	    0.0	1	  385.3	 21	    0.0	    9.9	
   27	   6.88	    0.0	 1500.0	    0.0	    0.0	 1500.0	    0.0	  200.0	    0.0	 1500.0	    0.0	  200.0	  100.0	   86.7	    0.0	    0.0	    0.0	    0.0	    1.8	  1	 -750.0	 1550.0	   86.7	    0.0	    0.0	1	  384.8	 21	    0.0	    9.8	
   28	   6.98	    0.0	 1500.0	    0.0	    0.0	 1500.0	    0.0	  200.0	    0.0	 1500.0	    0.0	  200.0	  100.0	   86.2	    0.0	    0.0	    0.0	    0.0	    1.9	  1	 -750.0	 1550.0	   86.2	    0.0	    0.0	1	  384.4	 21	    0.0	    9.8	
   29	   7.08	    0.0	 1500.0	    0.0	    0.0	 1500.0	    0.0	  200.0	    0.0	 1500.0	    0.0	  200.0	  100.0	   85.7	    0.0	    0.0	    0.0	    0.0	    2.0	  1	 -750.0	 1550.0	   85.7	    0.0	    0.0	1	  383.9	 21	    0.0	    9.8	
   30	   7.18	    0.0	 1500.0	    0.0	    0.0	 1500.0	    0.0	  200.0	    0.0	 1500.0	    0.0	  200.0	  100.0	   85.2	    0.0	    0.0	    0.0	    0.0	    2.0	  1	 -750.0	 1550.0	   85.2	    0.0	    0.0	1	  383.4	 21	    0.0	    9.8	
   31	   7.28	    0.0	 1500.0	    0.0	    0.0	 1500.0	    0.0	  200.0	    0.0	 1500.0	    0.0	  200.0	  100.0	   84.7	    0.0	    0.0	    0.0	    0.0	    2.1	  1	 -750.0	 1550.0	   84.7	    0.0	    0.0	1	  383.0	 21	    0.0	    9.7	
   32	   7.38	    0.0	 1500.0	    0.0	    0.0	 1500.0	    0.0	  200.0	    0.0	 1500.0	    0.0	  200.0	  100.0	   84.2	    0.0	    0.0	    0.0	    0.0	    2.2	  1	 -750.0	 1550.0	   84.2	    0.0	    0.0	1	  382.5	 21	    0.0	    9.7	
   33	   7.48	    0.0	 1500.0	    0.0	    0.0	 1500.0	    0.0	  200.0	    0.0	 1500.0	    0.0	  200.0	  100.0	   83.7	    0.0	    0.0	    0.0	    0.0	    2.2	  1	 -750.0	 1550.0	   83.7	    0.0	    0.0	1	  382.0	 21	    0.0	    9.7	
   34	   7.58	    0.0	 1500.0	    0.0	    0.0	 1500.0	    0.0	  200.0	    0.0	 1500.0	    0.0	  200.0	  100.0	   83.2	    0.0	    0.0	    0.0	    0.0	    2.3	  1	 -750.0	 1550.0	   83.2	    0.0	    0.0	1	  381.6	 21	    0.0	    9.6	
   35	   7.68	    0.0	 1500.0	    0.0	    0.0	 1500.0	    0.0	  200.0	    0.0	 1500.0	    0.0	  200.0	  100.0	   82.7	    0.0	    0.0	    0.0	    0.0	    2.4	  1	 -750.0	 1550.0	   82.7	    0.0	    0.0	1	  381.1	 21	    0.0	    9.6	
   36	   7.78	    0.0	 1500.0	    0.0	    0.0	 1500.0	    0.0	  200.0	    0.0	 1500.0	    0.0	  200.0	  100.0	   82.2	    0.0	    0.0	    0.0	    0.0	    2.4	  1	 -750.0	 1550.0	   82.2	    0.0	    0.0	1	  380.6	 21	    0.0	    9.6	
   37	   7.88	    0.0	 1500.0	    0.0	    0.0	 1500.0	    0.0	  200.0	    0.0	 1500.0	    0.0	  200.0	  100.0	   81.7	    0.0	    0.0	    0.0	    0.0	    2.5	  1	 -750.0	 1550.0	   81.7	    0.0	    0.0	1	  380.2	 21	    0.0	    9.6	
   38	   7.98	    0.0	 1500.0	    0.0	    0.0	 1500.0	    0.0	  200.0	    0.0	 1500.0	    0.0	  200.0	  100.0	   81.2	    0.0	    0.0	    0.0	    0.0	    2.6	  1	 -750.0	 1550.0	   81.2	    0.0	    0.0	1	  379.7	 21	    0.0	    9.5	
   39	   8.08	    0.0	 1500.0	    0.0	    0.0	 1500.0	    0.0	  200.0	    0.0	 1500.0	    0.0	  200.0	  100.0	   80.7	    0.0	    0.0	    0.0	    0.0	    2.6	  1	 -750.0	 1550.0	   80.7	    0.0	    0.0	1	  379.2	 21	    0.0	    9.5	
   40	   8.18	    0.0	 1500.0	    0.0	    0.0	 1500.0	    0.0	  200.0	    0.0	 1500.0	    0.0	  200.0	  100.0	   80.2	    0.0	    0.0	    0.0	    0.0	    2.7	  1	 -750.0	 1550.0	   80.2	    0.0	    0.0	1	  378.8	 21	    0.0	    9.5	
   41	   8.28	    0.0	 1500.0	    0.0	    0.0	 1500.0	    0.0	  200.0	    0.0	 1500.0	    0.0	  200.0	  100.0	   79.7	    0.0	    0.0	    0.0	    0.0	    2.8	  1	 -750.0	 1550.0	   79.7	    0.0	    0.0	1	  378.3	 21	    0.0	    9.4	
   42	   8.38	    0.0	 1500.0	    0.0	    0.0	 1500.0	    0.0	  200.0	    0.0	 1500.0	    0.0	  200.0	  100.0	   79.2	    0.0	    0.0	    0.0	    0.0	    2.8	  1	 -750.0	 1550.0	   79.2	    0.0	    0.0	1	  377.8	 21	    0.0	    9.4	
   43	   8.48	    0.0	 1500.0	    0.0	    0.0	 1500.0	    0.0	  200.0	    0.0	 1500.0	    0.0	  200.0	  100.0	   78.7	    0.0	    0.0	    0.0	    0.0	    2.9	  1	 -750.0	 1550.0	   78.7	    0.0	    0.0	1	  377.4	 21	    0.0	    9.4	
   44	   8.58	    0.0	 1500.0	    0.0	    0.0	 1500.0	    0.0	  200.0	    0.0	 1500.0	    0.0	  200.0	  100.0	   78.2	    0.0	    0.0	    0.0	    0.0	    3.0	  1	 -750.0	 1550.0	   78.2	    0.0	    0.0	1	  376.9	 21	    0.0	    9.4	
   45	   8.68	    0.0	 1500.0	    0.0	    0.0	 1500.0	    0.0	  200.0	    0.0	 1500.0	    0.0	  200.0	  100.0	   77.7	    0.0	    0.0	    0.0	    0.0	    3.1	  1	 -750.0	 1550.0	   77.7	    0.0	    0.0	1	  376.4	 21	    0.0	    9.3	
   46	   8.78	    0.0	 1500.0	    0.0	    0.0	 1500.0	    0.0	  200.0	    0.0	 1500.0	    0.0	  200.0	  100.0	   77.2	    0.0	    0.0	    0.0	    0.0	    3.1	  1	 -750.0	 1550.0	   77.2	    0.0	    0.0	1	  375.9	 21	    0.0	    9.3	
   47	   8.88	    0.0	 1500.0	    0.0	    0.0	 1500.0	    0.0	  200.0	    0.0	 1500.0	    0.0	  200.0	  100.0	   76.7	    0.0	    0.0	    0.0	    0.0	    3.2	  1	 -750.0	 1550.0	   76.7	    0.0	    0.0	1	  375.5	 21	    0.0	    9.3	
   48	   8.98	    0.0	 1500.0	    0.0	    0.0	 1500.0	    0.0	  200.0	    0.0	 1500.0	    0.0	  200.0	  100.0	   76.2	    0.0	    0.0	    0.0	    0.0	    3.3	  1	 -750.0	 1550.0	   76.2	    0.0	    0.0	1	  375.0	 21	    0.0	    9.2	
   49	   9.08	    0.0	 1500.0	    0.0	    0.0	 1500.0	    0.0	  200.0	    0.0	 1500.0	    0.0	  200.0	  100.0	   75.7	    0.0	    0.0	    0.0	    0.0	    3.3	  1	 -750.0	 1550.0	   75.7	    0.0	    0.0	1	  374.5	 21	    0.0	    9.2	
   50	   9.18	    0.0	 1500.0	    0.0	    0.0	 1500.0	    0.0	  200.0	    0.0	 1500.0	    0.0	  200.0	  100.0	   75.2	    0.0	    0.0	    0.0	    0.0	    3.4	  1	 -750.0	 1550.0	   75.2	    0.0	    0.0	1	  374.1	 21	    0.0	    9.2	
   51	   9.28	    0.0	 1500.0	    0.0	    0.0	 1500.0	    0.0	  200.0	    0.0	 1500.0	    0.0	  200.0	  100.0	   74.7	    0.0	    0.0	    0.0	    0.0	    3.5	  1	 -750.0	 1550.0	   74.7	    0.0	    0.0	1	  373.6	 21	    0.0	    9.2	
   52	   9.38	    0.0	 1500.0	    0.0	    0.0	 1500.0	    0.0	  200.0	    0.0	 1500.0	    0.0	  200.0	  100.0	   74.2	    0.0	    0.0	    0.0	    0.0	    3.5	  1	 -750.0	 1550.0	   74.2	    0.0	    0.0	1	  373.1	 21	    0.0	    9.1	
   53	   9.48	    0.0	 1500.0	    0.0	    0.0	 1500.0	    0.0	  200.0	    0.0	 1500.0	    0.0	  200.0	  100.0	   73.7	    0.0	    0.0	    0.0	    0.0	    3.6	  1	 -750.0	 1550.0	   73.7	    0.0	    0.0	1	  372.6	 21	    0.0	    9.1	
   54	   9.58	    0.0	 1500.0	    0.0	    0.0	 1500.0	    0.0	  200.0	    0.0	 1500.0	    0.0	  200.0	  100.0	   73.2	    0.0	    0.0	    0.0	    0.0	    3.7	  1	 -750.0	 1550.0	   73.2	    0.0	    0.0	1	  372.2	 21	    0.0	    9.1	
   55	   9.68	    0.0	 1500.0	    0.0	    0.0	 1500.0	    0.0	  200.0	    0.0	 1500.0	    0.0	  200.0	  100.0	   72.7	    0.0	    0.0	    0.0	    0.0	    3.7	  1	 -750.0	 1550.0	   72.7	    0.0	    0.0	1	  371.7	 21	    0.0	    9.1	
   56	   9.78	    0.0	 1500.0	    0.0	    0.0	 1500.0	    0.0	  200.0	    0.0	 1500.0	    0.0	  200.0	  100.0	   72.2	    0.0	    0.0	    0.0	    0.0	    3.8	  1	 -750.0	 1550.0	   72.2	    0.0	    0.0	1	  371.2	 21	    0.0	    9.0	
   57	   9.88	    0.0	 1500.0	    0.0	    0.0	 1500.0	    0.0	  200.0	    0.0	 1500.0	    0.0	  200.0	  100.0	   71.7	    0.0	    0.0	    0.0	    0.0	    3.9	  1	 -750.0	 1550.0	   71.7	    0.0	    0.0	1	  370.7	 21	    0.0	    9.0	
   58	   9.98	    0.0	 1500.0	    0.0	    0.0	 1500.0	    0.0	  200.0	    0.0	 1500.0	    0.0	  200.0	  100.0	   71.2	    0.0	    0.0	    0.0	    0.0	    3.9	  1	 -750.0	 1550.0	   71.2	    0.0	    0.0	1	  370.3	 21	    0.0	    9.0	
   59	  10.08	    0.0	 1500.0	    0.0	    0.0	 1500.0	    0.0	  200.0	    0.0	 1500.0	    0.0	  200.0	  100.0	   70.7	    0.0	    0.0	    0.0	    0.0	    4.0	  1	 -750.0	 1550.0	   70.7	    0.0	    0.0	1	  369.8	 21	    0.0	    8.9	
   60	  10.18	    0.0	 1500.0	    0.0	    0.0	 1500.0	    0.0	  200.0	    0.0	 1500.0	    0.0	  200.0	  100.0	   70.2	    0.0	    0.0	    0.0	    0.0	    4.1	  1	 -750.0	 1550.0	   70.2	    0.0	    0.0	1	  369.3	 21	    0.0	    8.9	
   61	  10.28	    0.0	 1500.0	    0.0	    0.0	 1500.0	    0.0	  200.0	    0.0	 1500.0	    0.0	  200.0	  100.0	   69.7	    0.0	    0.0	    0.0	    0.0	    4.1	  1	 -750.0	 1550.0	   69.7	    0.0	    0.0	1	  368.8	 21	    0.0	    8.9	
   62	  10.38	    0.0	 1500.0	    0.0	    0.0	 1500.0	    0.0	  200.0	    0.0	 1500.0	    0.0	  200.0	  100.0	   69.2	    0.0	    0.0	    0.0	    0.0	    4.2	  1	 -750.0	 1550.0	   69.2	    0.0	    0.0	1	  368.4	 21	    0.0	    8.9	
   63	  10.48	    0.0	 1500.0	    0.0	    0.0	 1500.0	    0.0	  200.0	    0.0	 1500.0	    0.0	  200.0	  100.0	   68.7	    0.0	    0.0	    0.0	    0.0	    4.3	  1	 -750.0	 1550.0	   68.7	    0.0	    0.0	1	  367.9	 21	    0.0	    8.8	
   64	  10.58	    0.0	 1500.0	    0.0	    0.0	 1500.0	    0.0	  200.0	    0.0	 1500.0	    0.0	  200.0	  100.0	   68.2	    0.0	    0.0	    0.0	    0.0	    4.3	  1	 -750.0	 1550.0	   68.2	    0.0	    0.0	1	  367.4	 21	    0.0	    8.8	
   65	  10.68	    0.0	 1500.0	    0.0	    0.0	 1500.0	    0.0	  200.0	    0.0	 1500.0	    0.0	  200.0	  100.0	   67.7	    0.0	    0.0	    0.0	    0.0	    4.4	  1	 -750.0	 1550.0	   67.7	    0.0	    0.0	1	  366.9	 21	    0.0	    8.8	
   66	  10.78	    0.0	 1500.0	    0.0	    0.0	 1500.0	    0.0	  200.0	    0.0	 1500.0	    0.0	  200.0	  100.0	   67.2	    0.0	    0.0	    0.0	    0.0	    4.5	  1	 -750.0	 1550.0	   67.2	    0.0	    0.0	1	  366.5	 21	    0.0	    8.7	
   67	  10.88	    0.0	 1500.0	    0.0	    0.0	 1500.0	    0.0	  200.0	    0.0	 1500.0	    0.0	  200.0	  100.0	   66.7	    0.0	    0.0	    0.0	    0.0	    4.5	  1	 -750.0	 1550.0	   66.7	    0.0	    0.0	1	  366.0	 21	    0.0	    8.7	
   68	  10.98	    0.0	 1500.0	    0.0	    0.0	 1500.0	    0.0	  200.0	    0.0	 1500.0	    0.0	  200.0	  100.0	   66.2	    0.0	    0.0	    0.0	    0.0	    4.6	  1	 -750.0	 1550.0	   66.2	    0.0	    0.0	1	  365.5	 21	    0.0	    8.7	
   69	  11.08	    0.0	 1500.0	    0.0	    0.0	 1500.0	    0.0	  200.0	    0.0	 1500.0	    0.0	  200.0	  100.0	   65.7	    0.0	    0.0	    0.0	    0.0	    4.7	  1	 -750.0	 1550.0	   65.7	    0.0	    0.0	1	  365.0	 21	    0.0	    8.7	
   70	  11.18	    0.0	 1500.0	    0.0	    0.0	 1500.0	    0.0	  200.0	    0.0	 1500.0	    0.0	  200.0	  100.0	   65.2	    0.0	    0.0	    0.0	    0.0	    4.7	  1	 -750.0	 1550.0	   65.2	    0.0	    0.0	1	  364.5	 21	    0.0	    8.6	
   71	  11.28	    0.0	 1500.0	    0.0	    0.0	 1500.0	    0.0	  200.0	    0.0	 1500.0	    0.0	  200.0	  100.0	   64.7	    0.0	    0.0	    0.0	    0.0	    4.8	  1	 -750.0	 1550.0	   64.7	    0.0	    0.0	1	  364.1	 21	    0.0	    8.6	
   72	  11.38	    0.0	 1500.0	    0.0	    0.0	 1500.0	    0.0	  200.0	    0.0	 1500.0	    0.0	  200.0	  100.0	   64.2	    0.0	    0.0	    0.0	    0.0	    4.9	  1	 -750.0	 1550.0	   64.2	    0.0	    0.0	1	  363.6	 21	    0.0	    8.6	
   73	  11.48	    0.0	 1500.0	    0.0	    0.0	 1500.0	    0.0	  200.0	    0.0	 1500.0	    0.0	  200.0	  100.0	   63.7	    0.0	    0.0	    0.0	    0.0	    5.0	  1	 -750.0	 1550.0	   63.7	    0.0	    0.0	1	  363.1	 21	    0.0	    8.5	
   74	  11.58	    0.0	 1500.0	    0.0	    0.0	 1500.0	    0.0	  200.0	    0.0	 1500.0	    0.0	  200.0	  100.0	   63.2	    0.0	    0.0	    0.0	    0.0	    5.0	  1	 -750.0	 1550.0	   63.2	    0.0	    0.0	1	  362.6	 21	    0.0	    8.5	
   75	  11.68	    0.0	 1500.0	    0.0	    0.0	 1500.0	    0.0	  200.0	    0.0	 1500.0	    0.0	  200.0	  100.0	   62.7	    0.0	    0.0	    0.0	    0.0	    5.1	  1	 -750.0	 1550.0	   62.7	    0.0	    0.0	1	  362.1	 21	    0.0	    8.5	
   76	  11.78	    0.0	 1500.0	    0.0	    0.0	 1500.0	    0.0	  200.0	    0.0	 1500.0	    0.0	  200.0	  100.0	   62.2	    0.0	    0.0	    0.0	    0.0	    5.2	  1	 -750.0	 1550.0	   62.2	    0.0	    0.0	1	  361.7	 21	    0.0	    8.5	
   77	  11.88	    0.0	 1500.0	    0.0	    0.0	 1500.0	    0.0	  200.0	    0.0	 1500.0	    0.0	  200.0	  100.0	   61.7	    0.0	    0.0	    0.0	    0.0	    5.2	  1	 -750.0	 1550.0	   61.7	    0.0	    0.0	1	  361.2	 21	    0.0	    8.4	
   78	  11.98	    0.0	 1500.0	    0.0	    0.0	 1500.0	    0.0	  200.0	    0.0	 1500.0	    0.0	  200.0	  100.0	   61.2	    0.0	    0.0	    0.0	    0.0	    5.3	  1	 -750.0	 1550.0	   61.2	    0.0	    0.0	1	  360.7	 21	    0.0	    8.4	
   79	  12.08	    0.0	 1500.0	    0.0	    0.0	 1500.0	    0.0	  200.0	    0.0	 1500.0	    0.0	  200.0	  100.0	   60.7	    0.0	    0.0	    0.0	    0.0	    5.4	  1	 -750.0	 1550.0	   60.7	    0.0	    0.0	1	  360.2	 21	    0.0	    8.4	
   80	  12.18	    0.0	 1500.0	    0.0	    0.0	 1500.0	    0.0	  200.0	    0.0	 1500.0	    0.0	  200.0	  100.0	   60.2	    0.0	    0.0	    0.0	    0.0	    5.4	  1	 -750.0	 1550.0	   60.2	    0.0	    0.0	1	  359.7	 21	    0.0	    8.3	
   81	  12.28	    0.0	 1500.0	    0.0	    0.0	 1500.0	    0.0	  200.0	    0.0	 1500.0	    0.0	  200.0	  100.0	   59.7	    0.0	    0.0	    0.0	    0.0	    5.5	  1	 -750.0	 1550.0	   59.7	    0.0	    0.0	1	  359.3	 21	    0.0	    8.3	
   82	  12.38	    0.0	 1500.0	    0.0	    0.0	 1500.0	    0.0	  200.0	    0.0	 1500.0	    0.0	  200.0	  100.0	   59.2	    0.0	    0.0	    0.0	    0.0	    5.6	  1	 -750.0	 1550.0	   59.2	    0.0	    0.0	1	  358.8	 21	    0.0	    8.3	
   83	  12.48	    0.0	 1500.0	    0.0	    0.0	 1500.0	    0.0	  200.0	    0.0	 1500.0	    0.0	  200.0	  100.0	   58.7	    0.0	    0.0	    0.0	    0.0	    5.6	  1	 -750.0	 1550.0	   58.7	    0.0	    0.0	1	  358.3	 21	    0.0	    8.3	
   84	  12.58	    0.0	 1500.0	    0.0	    0.0	 1500.0	    0.0	  200.0	    0.0	 1500.0	    0.0	  200.0	  100.0	   58.2	    0.0	    0.0	    0.0	    0.0	    5.7	  1	 -750.0	 1550.0	   58.2	    0.0	    0.0	1	  357.8	 21	    0.0	    8.2	
   85	  12.68	    0.0	 1500.0	    0.0	    0.0	 1500.0	    0.0	  200.0	    0.0	 1500.0	    0.0	  200.0	  100.0	   57.7	    0.0	    0.0	    0.0	    0.0	    5.8	  1	 -750.0	 1550.0	   57.7	    0.0	    0.0	1	  357.3	 21	    0.0	    8.2	
   86	  12.78	    0.0	 1500.0	    0.0	    0.0	 1500.0	    0.0	  200.0	    0.0	 1500.0	    0.0	  200.0	  100.0	   57.2	    0.0	    0.0	    0.0	    0.0	    5.8	  1	 -750.0	 1550.0	   57.2	    0.0	    0.0	1	  356.8	 21	    0.0	    8.2	
   87	  12.88	    0.0	 1500.0	    0.0	    0.0	 1500.0	    0.0	  200.0	    0.0	 1500.0	    0.0	  200.0	  100.0	   56.7	    0.0	    0.0	    0.0	    0.0	    5.9	  1	 -750.0	 1550.0	   56.7	    0.0	    0.0	1	  356.3	 21	    0.0	    8.1	
   88	  12.98	    0.0	 1500.0	    0.0	    0.0	 1500.0	    0.0	  200.0	    0.0	 1500.0	    0.0	  200.0	  100.0	   56.2	    0.0	    0.0	    0.0	    0.0	    6.0	  1	 -750.0	 1550.0	   56.2	    0.0	    0.0	1	  355.9	 21	    0.0	    8.1	
   89	  13.08	    0.0	 1500.0	    0.0	    0.0	 1500.0	    0.0	  200.0	    0.0	 1500.0	    0.0	  200.0	  100.0	   55.7	    0.0	    0.0	    0.0	    0.0	    6.0	  1	 -750.0	 1550.0	   55.7	    0.0	    0.0	1	  355.4	 21	    0.0	    8.1	
   90	  13.18	    0.0	 1500.0	    0.0	    0.0	 1500.0	    0.0	  200.0	    0.0	 1500.0	    0.0	  200.0	  100.0	   55.2	    0.0	    0.0	    0.0	    0.0	    6.1	  1	 -750.0	 1550.0	   55.2	    0.0	    0.0	1	  354.9	 21	    0.0	    8.1	
   91	  13.28	    0.0	 1500.0	    0.0	    0.0	 1500.0	    0.0	  200.0	    0.0	 1500.0	    0.0	  200.0	  100.0	   54.7	    0.0	    0.0	    0.0	    0.0	    6.2	  1	 -750.0	 1550.0	   54.7	    0.0	    0.0	1	  354.4	 21	    0.0	    8.0	
   92	  13.38	    0.0	 1500.0	    0.0	    0.0	 1500.0	    0.0	  200.0	    0.0	 1500.0	    0.0	  200.0	  100.0	   54.2	    0.0	    0.0	    0.0	    0.0	    6.2	  1	 -750.0	 1550.0	   54.2	    0.0	    0.0	1	  353.9	 21	    0.0	    8.0	
   93	  13.48	    0.0	 1500.0	    0.0	    0.0	 1500.0	    0.0	  200.0	    0.0	 1500.0	    0.0	  200.0	  100.0	   53.7	    0.0	    0.0	    0.0	    0.0	    6.3	  1	 -750.0	 1550.0	   53.7	    0.0	    0.0	1	  353.4	 21	    0.0	    8.0	
   94	  13.58	    0.0	 1500.0	    0.0	    0.0	 1500.0	    0.0	  200.0	    0.0	 1500.0	    0.0	  200.0	  100.0	   53.2	    0.0	    0.0	    0.0	    0.0	    6.4	  1	 -750.0	 1550.0	   53.2	    0.0	    0.0	1	  352.9	 21	    0.0	    8.0	
   95	  13.68	    0.0	 1500.0	    0.0	    0.0	 1500.0	    0.0	  200.0	    0.0	 1500.0	    0.0	  200.0	  100.0	   52.7	    0.0	    0.0	    0.0	    0.0	    6.4	  1	 -750.0	 1550.0	   52.7	    0.0	    0.0	1	  352.5	 21	    0.0	    7.9	
   96	  13.78	    0.0	 1500.0	    0.0	    0.0	 1500.0	    0.0	  200.0	    0.0	 1500.0	    0.0	  200.0	  100.0	   52.2	    0.0	    0.0	    0.0	    0.0	    6.5	  1	 -750.0	 1550.0	   52.2	    0.0	    0.0	1	  352.0	 21	    0.0	    7.9	
   97	  13.88	    0.0	 1500.0	    0.0	    0.0	 1500.0	    0.0	  200.0	    0.0	 1500.0	    0.0	  200.0	  100.0	   51.7	    0.0	    0.0	    0.0	    0.0	    6.6	  1	 -750.0	 1550.0	   51.7	    0.0	    0.0	1	  351.5	 21	    0.0	    7.9	
   98	  13.98	    0.0	 1500.0	    0.0	    0.0	 1500.0	    0.0	  200.0	    0.0	 1500.0	    0.0	  200.0	  100.0	   51.2	    0.0	    0.0	    0.0	    0.0	    6.6	  1	 -750.0	 1550.0	   51.2	    0.0	    0.0	1	  351.0	 21	    0.0	    7.8	
   99	  14.08	    0.0	 1500.0	    0.0	    0.0	 1500.0	    0.0	  200.0	    0.0	 1500.0	    0.0	  200.0	  100.0	   50.7	    0.0	    0.0	    0.0	    0.0	    6.7	  1	 -750.0	 1550.0	   50.7	    0.0	    0.0	1	  350.5	 21	    0.0	    7.8	
  100	  14.18	    0.0	 1500.0	    0.0	    0.0	 1500.0	    0.0	  200.0	    0.0	 1500.0	    0.0	  200.0	  100.0	   50.2	    0.0	    0.0	    0.0	    0.0	    6.8	  1	 -750.0	 1550.0	   50.2	    0.0	    0.0	1	  350.0	 21	    0.0	    7.8	
  101	  14.28	    0.0	 1500.0	    0.0	    0.0	 1500.0	    0.0	  200.0	    0.0	 1500.0	    0.0	  200.0	  100.0	   49.7	    0.0	    0.0	    0.0	    0.0	    6.9	  1	 -750.0	 1550.0	   49.7	    0.0	    0.0	1	  349.5	 21	    0.0	    7.8	
  102	  14.38	    0.0	 1500.0	    0.0	    0.0	 1500.0	    0.0	  200.0	    0.0	 1500.0	    0.0	  200.0	  100.0	   49.2	    0.0	    0.0	    0.0	    0.0	    6.9	  1	 -750.0	 1550.0	   49.2	    0.0	    0.0	1	  349.0	 21	    0.0	    7.7	
  103	  14.48	    0.0	 1500.0	    0.0	 -808.9	  837.8	    0.0	  200.0	    0.0	 1500.0	    0.0	  200.0	  100.0	   49.2	    0.0	    0.0	    0.0	    0.3	    7.0	  1	 -750.0	  750.0	   49.2	    0.0	    0.3	1	  450.7	 21	    0.0	    5.5	
  104	  14.58	    0.0	 1500.0	    0.0	 -808.6	  832.3	    0.0	  200.0	    0.0	 1500.0	    0.0	  200.0	  100.0	   48.8	    0.0	    0.0	    0.0	    0.5	    7.1	  1	 -750.0	 1450.0	   48.8	    0.0	    0.5	1	  300.0	 21	    0.0	    7.2	
  105	  14.68	    0.0	 1500.0	    0.0	 -808.6	  832.3	    0.0	  200.0	    0.0	 1500.0	    0.0	  200.0	  100.0	   48.4	    0.0	    0.0	    0.0	    0.8	    7.1	  1	 -750.0	 1450.0	   48.4	    0.0	    0.8	1	  300.0	 21	    0.0	    7.3	
  106	  14.78	    0.0	 1500.0	    0.0	 -808.6	  832.3	    0.0	  200.0	    0.0	 1500.0	    0.0	  200.0	  100.0	   48.1	    0.0	    0.0	    0.0	    1.1	    7.2	  1	 -750.0	 1450.0	   48.1	    0.0	    1.1	1	  300.0	 21	    0.0	    7.3	
  107	  14.88	    0.0	 1500.0	    0.0	 -808.6	  832.3	    0.0	  200.0	    0.0	 1500.0	    0.0	  200.0	  100.0	   47.7	    0.0	    0.0	    0.0	    1.3	    7.3	  1	 -750.0	 1450.0	   47.7	    0.0	    1.3	1	  300.0	 21	    0.0	    7.4	
  108	  14.98	    0.0	 1500.0	    0.0	 -808.6	  832.3	    0.0	  200.0	    0.0	 1500.0	    0.0	  200.0	  100.0	   47.3	    0.0	    0.0	    0.0	    1.6	    7.3	  1	 -750.0	 1450.0	   47.3	    0.0	    1.6	1	  300.0	 21	    0.0	    7.5	
  109	  15.08	    0.0	 1500.0	    0.0	 -800.5	  833.5	    0.0	  200.0	    0.0	 1500.0	    0.0	  200.0	  100.0	   46.9	    0.0	    0.0	    0.0	    1.9	    7.4	  1	 -750.0	 1450.0	   46.9	    0.0	    1.9	1	  300.0	 21	    0.0	    7.6	
  110	  15.18	    0.0	 1500.0	    0.0	 -800.5	  833.5	    0.0	  200.0	    0.0	 1500.0	    0.0	  200.0	  100.0	   46.6	    0.0	    0.0	    0.0	    2.1	    7.5	  1	 -750.0	 1450.0	   46.6	    0.0	    2.1	1	  300.0	 21	    0.0	    7.7	
  111	  15.28	    0.0	 1500.0	    0.0	 -800.5	  833.5	    0.0	  200.0	    0.0	 1500.0	    0.0	  200.0	  100.0	   46.2	    0.0	    0.0	    0.0	    2.4	    7.5	  1	 -750.0	 1450.0	   46.2	    0.0	    2.4	1	  300.0	 21	    0.0	    7.8	
  112	  15.38	    0.0	 1500.0	    0.0	 -800.5	  833.5	    0.0	  200.0	    0.0	 1500.0	    0.0	  200.0	  100.0	   45.8	    0.0	    0.0	    0.0	    2.6	    7.6	  1	 -750.0	 1450.0	   45.8	    0.0	    2.6	1	  300.0	 21	    0.0	    7.9	
  113	  15.48	    0.0	 1500.0	    0.0	 -810.5	  831.9	    0.0	  200.0	    0.0	 1500.0	    0.0	  200.0	  100.0	   45.4	    0.0	    0.0	    0.0	    2.9	    7.7	  1	 -750.0	 1450.0	   45.4	    0.0	    2.9	1	  300.0	 21	    0.0	    7.9	
  114	  15.58	    0.0	 1500.0	    0.0	 -809.8	  832.5	    0.0	  200.0	    0.0	 1500.0	    0.0	  200.0	  100.0	   45.1	    0.0	    0.0	    0.0	    3.2	    7.7	  1	 -750.0	 1450.0	   45.1	    0.0	    3.2	1	  300.0	 21	    0.0	    8.0	
  115	  15.68	    0.0	 1500.0	    0.0	 -809.8	  832.5	    0.0	  200.0	    0.0	 1500.0	    0.0	  200.0	  100.0	   44.7	    0.0	    0.0	    0.0	    3.4	    7.8	  1	 -750.0	 1450.0	   44.7	    0.0	    3.4	1	  300.0	 21	    0.0	    8.1	
  116	  15.78	    0.0	 1500.0	    0.0	 -809.8	  832.5	    0.0	  200.0	    0.0	 1500.0	    0.0	  200.0	  100.0	   44.3	    0.0	    0.0	    0.0	    3.7	    7.9	  1	 -750.0	 1450.0	   44.3	    0.0	    3.7	1	  300.0	 21	    0.0	    8.2	
  117	  15.88	    0.0	 1500.0	    0.0	 -809.8	  832.5	    0.0	  200.0	    0.0	 1500.0	    0.0	  200.0	  100.0	   44.0	    0.0	    0.0	    0.0	    4.0	    7.9	  1	 -750.0	 1450.0	   44.0	    0.0	    4.0	1	  300.0	 21	    0.0	    8.3	
  118	  15.98	    0.0	 1500.0	    0.0	 -810.7	  831.6	    0.0	  200.0	    0.0	 1500.0	    0.0	  200.0	  100.0	   43.6	    0.0	    0.0	    0.0	    4.2	    8.0	  1	 -750.0	 1450.0	   43.6	    0.0	    4.2	1	  300.0	 21	    0.0	    8.4	
  119	  16.08	    0.0	 1500.0	    0.0	 -810.7	  831.6	    0.0	  200.0	    0.0	 1500.0	    0.0	  200.0	  100.0	   43.2	    0.0	    0.0	    0.0	    4.5	    8.1	  1	 -750.0	 1450.0	   43.2	    0.0	    4.5	1	  300.0	 21	    0.0	    8.5	
  120	  16.18	    0.0	 1500.0	    0.0	 -810.7	  831.6	    0.0	  200.0	    0.0	 1500.0	    0.0	  200.0	  100.0	   42.8	    0.0	    0.0	    0.0	    4.8	    8.1	  1	 -750.0	 1450.0	   42.8	    0.0	    4.8	1	  300.0	 21	    0.0	    8.5	
  121	  16.28	    0.0	 1500.0	    0.0	 -810.7	  831.6	    0.0	  200.0	    0.0	 1500.0	    0.0	  200.0	  100.0	   42.5	    0.0	    0.0	    0.0	    5.0	    8.2	  1	 -750.0	 1450.0	   42.5	    0.0	    5.0	1	  300.0	 21	    0.0	    8.6	
  122	  16.38	    0.0	 1500.0	    0.0	 -810.7	  831.6	    0.0	  200.0	    0.0	 1500.0	    0.0	  200.0	  100.0	   42.1	    0.0	    0.0	    0.0	    5.3	    8.3	  1	 -750.0	 1450.0	   42.1	    0.0	    5.3	1	  300.0	 21	    0.0	    8.7	
  123	  16.48	    0.0	 1500.0	    0.0	 -810.7	  831.6	    0.0	  200.0	    0.0	 1500.0	    0.0	  200.0	  100.0	   41.7	    0.0	    0.0	    0.0	    5.6	    8.3	  1	 -750.0	 1450.0	   41.7	    0.0	    5.6	1	  300.0	 21	    0.0	    8.8	
  124	  16.58	    0.0	 1500.0	    0.0	 -812.3	  831.5	    0.0	  200.0	    0.0	 1500.0	    0.0	  200.0	  100.0	   41.4	    0.0	    0.0	    0.0	    5.8	    8.4	  1	 -750.0	 1450.0	   41.4	    0.0	    5.8	1	  300.0	 21	    0.0	    8.9	
  125	  16.68	    0.0	 1500.0	    0.0	 -812.3	  831.5	    0.0	  200.0	    0.0	 1500.0	    0.0	  200.0	  100.0	   41.0	    0.0	    0.0	    0.0	    6.1	    8.5	  1	 -750.0	 1450.0	   41.0	    0.0	    6.1	1	  300.0	 21	    0.0	    9.0	
  126	  16.78	    0.0	 1500.0	    0.0	 -812.3	  831.5	    0.0	  200.0	    0.0	 1500.0	    0.0	  200.0	  100.0	   40.6	    0.0	    0.0	    0.0	    6.4	    8.5	  1	 -750.0	 1450.0	   40.6	    0.0	    6.4	1	  300.0	 21	    0.0	    9.1	
  127	  16.88	    0.0	 1500.0	    0.0	 -812.3	  831.5	    0.0	  200.0	    0.0	 1500.0	    0.0	  200.0	  100.0	   40.2	    0.0	    0.0	    0.0	    6.7	    8.6	  1	 -750.0	 1450.0	   40.2	    0.0	    6.7	1	  300.0	 21	    0.0	    9.2	
  128	  16.98	    0.0	 1500.0	    0.0	 -812.3	  831.5	    0.0	  200.0	    0.0	 1500.0	    0.0	  200.0	  100.0	   39.9	    0.0	    0.0	    0.0	    6.9	    8.7	  1	 -750.0	 1450.0	   39.9	    0.0	    6.9	1	  300.0	 21	    0.0	    9.3	
  129	  17.08	    0.0	 1500.0	    0.0	 -812.9	  829.4	    0.0	  200.0	    0.0	 1500.0	    0.0	  200.0	  100.0	   39.5	    0.0	    0.0	    0.0	    7.2	    8.8	  1	 -750.0	 1450.0	   39.5	    0.0	    7.2	1	  300.0	 21	    0.0	    9.4	
  130	  17.18	    0.0	 1500.0	    0.0	 -812.9	  829.4	    0.0	  200.0	    0.0	 1500.0	    0.0	  200.0	  100.0	   39.1	    0.0	    0.0	    0.0	    7.5	    8.8	  1	 -750.0	 1450.0	   39.1	    0.0	    7.5	1	  300.0	 21	    0.0	    9.5	
  131	  17.28	    0.0	 1500.0	    0.0	 -812.9	  829.4	    0.0	  200.0	    0.0	 1500.0	    0.0	  200.0	  100.0	   38.8	    0.0	    0.0	    0.0	    7.7	    8.9	  1	 -750.0	 1450.0	   38.8	    0.0	    7.7	1	  300.0	 21	    0.0	    9.6	
  132	  17.38	    0.0	 1500.0	    0.0	 -812.9	  829.4	    0.0	  200.0	    0.0	 1500.0	    0.0	  200.0	  100.0	   38.4	    0.0	    0.0	    0.0	    8.0	    9.0	  1	 -750.0	 1450.0	   38.4	    0.0	    8.0	1	  300.0	 21	    0.0	    9.7	
  133	  17.48	    0.0	 1500.0	    0.0	 -812.4	  825.5	    0.0	  200.0	    0.0	 1500.0	    0.0	  200.0	  100.0	   38.0	    0.0	    0.0	    0.0	    8.3	    9.0	  1	 -750.0	 1450.0	   38.0	    0.0	    8.3	1	  300.0	 21	    0.0	    9.8	
  134	  17.58	    0.0	 1500.0	    0.0	 -812.9	  829.4	    0.0	  200.0	    0.0	 1500.0	    0.0	  200.0	  100.0	   37.7	    0.0	    0.0	    0.0	    8.5	    9.1	  1	 -750.0	 1450.0	   37.7	    0.0	    8.5	1	  300.0	 21	    0.0	    9.9	
  135	  17.68	    0.0	 1500.0	    0.0	 -812.4	  825.5	    0.0	  200.0	    0.0	 1500.0	    0.0	  200.0	  100.0	   37.3	    0.0	    0.0	    0.0	    8.8	    9.2	  1	 -750.0	 1450.0	   37.3	    0.0	    8.8	1	  300.0	 21	    0.0	   10.0	
  136	  17.78	    0.0	 1500.0	    0.0	 -812.4	  825.5	    0.0	  200.0	    0.0	 1500.0	    0.0	  200.0	  100.0	   36.9	    0.0	    0.0	    0.0	    9.1	    9.2	  1	 -750.0	 1450.0	   36.9	    0.0	    9.1	1	  300.0	 21	 1300.7	   10.1	
  137	  17.88	    0.0	 1500.0	    0.0	 -812.4	  825.5	    0.0	  200.0	    0.0	 1500.0	    0.0	  200.0	  100.0	   36.5	    0.0	    0.0	    0.0	    9.3	    9.3	  1	 -750.0	 1450.0	   36.5	    0.0	    9.3	1	  300.0	 21	 1301.7	   10.2	
  138	  17.98	    0.0	 1500.0	    0.0	 -813.7	  832.9	    0.0	  200.0	    0.0	 1500.0	    0.0	  200.0	  100.0	   36.2	    0.0	    0.0	    0.0	    9.6	    9.4	  1	 -750.0	 1450.0	   36.2	    0.0	    9.6	1	  300.0	 21	 1302.7	   10.3	
  139	  18.08	    0.0	 1500.0	    0.0	 -814.5	  832.2	    0.0	  200.0	    0.0	 1500.0	    0.0	  200.0	  100.0	   35.8	    0.0	    0.0	    0.0	    9.9	    9.4	  1	 -750.0	 1450.0	   35.8	    0.0	    9.9	1	  300.0	 21	 1303.7	   10.4	
  140	  18.18	    0.0	 1500.0	    0.0	 -814.5	  832.2	    0.0	  200.0	    0.0	 1500.0	    0.0	  200.0	  100.0	   35.4	    0.0	    0.0	    0.0	   10.1	    9.5	  1	 -750.0	 1450.0	   35.4	    0.0	   10.1	1	  300.0	 21	 1304.8	   10.5	
  141	  18.28	    0.0	 1500.0	    0.0	 -814.5	  832.2	    0.0	  200.0	    0.0	 1500.0	    0.0	  200.0	  100.0	   35.1	    0.0	    0.0	    0.0	   10.4	    9.6	  1	 -750.0	 1450.0	   35.1	    0.0	   10.4	1	  300.0	 21	 1305.8	   10.6	
  142	  18.38	    0.0	 1500.0	    0.0	 -814.5	  832.2	    0.0	  200.0	    0.0	 1500.0	    0.0	  200.0	  100.0	   34.7	    0.0	    0.0	    0.0	   10.7	    9.6	  1	 -750.0	 1450.0	   34.7	    0.0	   10.7	1	  300.0	 21	 1306.9	   10.7	
  143	  18.48	    0.0	 1500.0	    0.0	 -814.5	  832.2	    0.0	  200.0	    0.0	 1500.0	    0.0	  200.0	  100.0	   34.3	    0.0	    0.0	    0.0	   10.9	    9.7	  1	 -750.0	 1450.0	   34.3	    0.0	   10.9	1	  300.0	 21	 1307.9	   10.8	
  144	  18.58	    0.0	 1500.0	    0.0	 -805.9	  805.2	    0.0	  200.0	    0.0	 1500.0	    0.0	  200.0	  100.0	   34.0	    0.0	    0.0	    0.0	   11.2	    9.8	  1	 -750.0	 1450.0	   34.0	    0.0	   11.2	1	  300.0	 21	 1308.9	   10.9	
  145	  18.68	    0.0	 1500.0	    0.0	 -805.9	  805.2	    0.0	  200.0	    0.0	 1500.0	    0.0	  200.0	  100.0	   33.6	    0.0	    0.0	    0.0	   11.5	    9.8	  1	 -750.0	 1450.0	   33.6	    0.0	   11.5	1	  300.0	 21	 1310.0	   11.0	
  146	  18.78	    0.0	 1500.0	    0.0	 -805.9	  805.2	    0.0	  200.0	    0.0	 1500.0	    0.0	  200.0	  100.0	   33.2	    0.0	    0.0	    0.0	   11.8	    9.9	  1	 -750.0	 1450.0	   33.2	    0.0	   11.8	1	  300.0	 21	 1311.1	   11.1	
  147	  18.88	    0.0	 1500.0	    0.0	 -805.9	  805.2	    0.0	  200.0	    0.0	 1500.0	    0.0	  200.0	  100.0	   32.9	    0.0	    0.0	    0.0	   12.0	   10.0	  1	 -750.0	 1450.0	   32.9	    0.0	   12.0	1	  300.0	 21	 1312.2	   11.2	
  148	  18.98	    0.0	 1500.0	    0.0	 -805.9	  805.2	    0.0	  200.0	    0.0	 1500.0	    0.0	  200.0	  100.0	   32.5	    0.0	    0.0	    0.0	   12.3	   10.0	  1	 -750.0	 1450.0	   32.5	    0.0	   12.3	1	  300.0	 21	 1313.3	   11.3	
  149	  19.08	    0.0	 1500.0	    0.0	 -786.0	  750.0	    0.0	  200.0	    0.0	 1500.0	    0.0	  200.0	  100.0	   32.1	    0.0	    0.0	    0.0	   12.6	   10.1	  1	 -150.0	  750.0	   32.1	    0.0	   12.6	1	  399.3	 21	 1314.2	   11.4	
  150	  19.18	    0.0	 1500.0	    0.0	 -786.0	  750.0	    0.0	  200.0	    0.0	 1500.0	    0.0	  200.0	  100.0	   31.8	    0.0	    0.0	    0.0	   12.9	   10.2	  1	 -750.0	 1350.0	   31.8	    0.0	   12.9	1	  391.6	 21	 1315.5	   11.5	
  151	  19.28	    0.0	 1500.0	    0.0	 -786.0	  750.0	    0.0	  200.0	    0.0	 1500.0	    0.0	  200.0	  100.0	   31.4	    0.0	    0.0	    0.0	   13.2	   10.2	  1	 -750.0	 1350.0	   31.4	    0.0	   13.2	1	  392.1	 21	 1316.6	   11.7	
  152	  19.38	    0.0	 1500.0	    0.0	 -786.0	  750.0	    0.0	  200.0	    0.0	 1500.0	    0.0	  200.0	  100.0	   31.0	    0.0	    0.0	    0.0	   13.4	   10.3	  1	 -750.0	 1350.0	   31.0	    0.0	   13.4	1	  392.7	 21	 1317.8	   11.8	
  153	  19.48	    0.0	 1500.0	    0.0	 -786.0	  750.0	    0.0	  200.0	    0.0	 1500.0	    0.0	  200.0	  100.0	   30.7	    0.0	    0.0	    0.0	   13.7	   10.4	  1	 -750.0	 1350.0	   30.7	    0.0	   13.7	1	  393.2	 21	 1318.9	   11.9	
  154	  19.58	    0.0	 1500.0	    0.0	 -790.8	  680.9	    0.0	  200.0	    0.0	 1500.0	    0.0	  200.0	  100.0	   30.3	    0.0	    0.0	    0.0	   14.0	   10.4	  1	 -150.0	  750.0	   30.3	    0.0	   14.0	1	  411.5	 21	 1319.6	   12.0	
  155	  19.68	    0.0	 1500.0	    0.0	 -786.0	  750.0	    0.0	  200.0	    0.0	 1500.0	    0.0	  200.0	  100.0	   30.1	    0.0	    0.0	    0.0	   14.3	   10.5	  1	 -750.0	 1350.0	   30.1	    0.0	   14.3	1	  394.0	 21	 1317.3	   11.7	
  156	  19.78	    0.0	 1500.0	    0.0	 -790.8	  680.9	    0.0	  200.0	    0.0	 1500.0	    0.0	  200.0	  100.0	   29.8	    0.0	    0.0	    0.0	   14.6	   10.6	  1	 -150.0	  750.0	   29.8	    0.0	   14.6	1	  412.9	 21	 1321.8	   12.2	
  157	  19.88	    0.0	 1500.0	    0.0	 -790.8	  680.9	    0.0	  200.0	    0.0	 1500.0	    0.0	  200.0	  100.0	   29.5	    0.0	    0.0	    0.0	   14.9	   10.6	  1	 -150.0	  750.0	   29.5	    0.0	   14.9	1	  409.3	 21	 1323.3	   12.3	
  158	  19.98	    0.0	 1500.0	    0.0	 -790.8	  680.9	    0.0	  200.0	    0.0	 1500.0	    0.0	  200.0	  100.0	   29.1	    0.0	    0.0	    0.0	   15.2	   10.7	  1	 -150.0	  750.0	   29.1	    0.0	   15.2	1	  410.0	 21	 1324.6	   12.5	
  159	  20.08	    0.0	 1500.0	    0.0	 -790.8	  680.9	    0.0	  200.0	    0.0	 1500.0	    0.0	  200.0	  100.0	   28.8	    0.0	    0.0	    0.0	   15.5	   10.8	  1	 -150.0	  750.0	   28.8	    0.0	   15.5	1	  410.7	 21	 1325.8	   12.6	
  160	  20.18	    0.0	 1500.0	    0.0	 -823.8	  654.4	    0.0	  200.0	    0.0	 1500.0	    0.0	  200.0	  100.0	   28.4	    0.0	    0.0	    0.0	   15.9	   10.9	  1	 -150.0	  750.0	   28.4	    0.0	   15.9	1	  415.0	 21	 1326.9	   12.7	
  161	  20.28	    0.0	 1500.0	    0.0	 -823.8	  654.4	    0.0	  200.0	    0.0	 1500.0	    0.0	  200.0	  100.0	   28.1	    0.0	    0.0	    0.0	   16.2	   10.9	  1	 -150.0	  750.0	   28.1	    0.0	   16.2	1	  415.7	 21	 1328.2	   12.8	
  162	  20.38	    0.0	 1500.0	    0.0	 -823.8	  654.4	    0.0	  200.0	    0.0	 1500.0	    0.0	  200.0	  100.0	   27.7	    0.0	    0.0	    0.0	   16.5	   11.0	  1	 -150.0	  750.0	   27.7	    0.0	   16.5	1	  416.5	 21	 1329.5	   12.9	
  163	  20.48	    0.0	 1500.0	    0.0	 -823.8	  654.4	    0.0	  200.0	    0.0	 1500.0	    0.0	  200.0	  100.0	   27.4	    0.0	    0.0	    0.0	   16.8	   11.1	  1	 -150.0	  750.0	   27.4	    0.0	   16.8	1	  417.3	 21	 1330.8	   13.1	
  164	  20.58	    0.0	 1500.0	    0.0	 -842.9	  661.1	    0.0	  200.0	    0.0	 1500.0	    0.0	  200.0	  100.0	   27.1	    0.0	    0.0	    0.0	   17.2	   11.1	  1	 -750.0	 1350.0	   27.1	    0.0	   17.2	1	  407.4	 21	 1332.1	   13.2	
  165	  20.68	    0.0	 1500.0	    0.0	 -840.7	  664.2	    0.0	  200.0	    0.0	 1500.0	    0.0	  200.0	  100.0	   26.7	    0.0	    0.0	    0.0	   17.5	   11.2	  1	 -750.0	 1350.0	   26.7	    0.0	   17.5	1	  407.9	 21	 1333.4	   13.3	
  166	  20.78	    0.0	 1500.0	    0.0	 -823.8	  654.4	    0.0	  200.0	    0.0	 1500.0	    0.0	  200.0	  100.0	   26.4	    0.0	    0.0	    0.0	   17.8	   11.3	  1	 -150.0	  750.0	   26.4	    0.0	   17.8	1	  419.6	 21	 1334.7	   13.5	
  167	  20.88	    0.0	 1500.0	    0.0	 -840.7	  664.2	    0.0	  200.0	    0.0	 1500.0	    0.0	  200.0	  100.0	   26.0	    0.0	    0.0	    0.0	   18.1	   11.3	  1	 -750.0	 1350.0	   26.0	    0.0	   18.1	1	  409.3	 21	 1336.0	   13.6	
  168	  20.98	    0.0	 1500.0	    0.0	 -840.7	  664.2	    0.0	  200.0	    0.0	 1500.0	    0.0	  200.0	  100.0	   25.7	    0.0	    0.0	    0.0	   18.5	   11.4	  1	 -750.0	 1350.0	   25.7	    0.0	   18.5	1	  410.0	 21	 1337.3	   13.7	
  169	  21.08	    0.0	 1500.0	    0.0	 -840.7	  664.2	    0.0	  200.0	    0.0	 1500.0	    0.0	  200.0	  100.0	   25.4	    0.0	    0.0	    0.0	   18.8	   11.5	  1	 -750.0	 1350.0	   25.4	    0.0	   18.8	1	  410.8	 21	 1338.7	   13.9	
  170	  21.18	    0.0	 1500.0	    0.0	 -840.7	  664.2	    0.0	  200.0	    0.0	 1500.0	    0.0	  200.0	  100.0	   25.0	    0.0	    0.0	    0.0	   19.1	   11.5	  1	 -750.0	 1350.0	   25.0	    0.0	   19.1	1	  411.5	 21	 1340.0	   14.0	
  171	  21.28	    0.0	 1500.0	    0.0	 -840.7	  664.2	    0.0	  200.0	    0.0	 1500.0	    0.0	  200.0	  100.0	   24.7	    0.0	    0.0	    0.0	   19.4	   11.6	  1	 -750.0	 1350.0	   24.7	    0.0	   19.4	1	  412.2	 21	 1341.3	   14.1	
  172	  21.38	    0.0	 1500.0	    0.0	 -836.3	  670.2	    0.0	  200.0	    0.0	 1500.0	    0.0	  200.0	  100.0	   24.3	    0.0	    0.0	    0.0	   19.8	   11.7	  1	 -750.0	 1350.0	   24.3	    0.0	   19.8	1	  412.4	 21	 1342.7	   14.3	
  173	  21.48	    0.0	 1500.0	    0.0	 -836.3	  670.2	    0.0	  200.0	    0.0	 1500.0	    0.0	  200.0	  100.0	   24.0	    0.0	    0.0	    0.0	   20.1	   11.7	  1	 -750.0	 1350.0	   24.0	    0.0	   20.1	1	  413.1	 21	 1344.0	   14.4	
  174	  21.58	    0.0	 1500.0	    0.0	 -832.9	  674.8	    0.0	  200.0	    0.0	 1500.0	    0.0	  200.0	  100.0	   23.7	    0.0	    0.0	    0.0	   20.4	   11.8	  1	 -750.0	 1350.0	   23.7	    0.0	   20.4	1	  413.3	 21	 1345.4	   14.5	
  175	  21.68	    0.0	 1500.0	    0.0	 -832.9	  674.8	    0.0	  200.0	    0.0	 1500.0	    0.0	  200.0	  100.0	   23.3	    0.0	    0.0	    0.0	   20.7	   11.9	  1	 -750.0	 1350.0	   23.3	    0.0	   20.7	1	  414.0	 21	 1346.7	   14.7	
  176	  21.78	    0.0	 1500.0	    0.0	 -832.9	  674.8	    0.0	  200.0	    0.0	 1500.0	    0.0	  200.0	  100.0	   23.0	    0.0	    0.0	    0.0	   21.0	   11.9	  1	 -750.0	 1350.0	   23.0	    0.0	   21.0	1	  414.7	 21	 1348.0	   14.8	
  177	  21.88	    0.0	 1500.0	    0.0	 -832.9	  674.8	    0.0	  200.0	    0.0	 1500.0	    0.0	  200.0	  100.0	   22.6	    0.0	    0.0	    0.0	   21.4	   12.0	  1	 -750.0	 1350.0	   22.6	    0.0	   21.4	1	  415.4	 21	 1349.4	   14.9	
  178	  21.98	    0.0	 1500.0	    0.0	 -832.9	  674.8	    0.0	  200.0	    0.0	 1500.0	    0.0	  200.0	  100.0	   22.3	    0.0	    0.0	    0.0	   21.7	   12.1	  1	 -750.0	 1350.0	   22.3	    0.0	   21.7	1	  416.0	 21	 1350.7	   15.1	
  179	  22.08	    0.0	 1500.0	    0.0	 -832.9	  674.8	    0.0	  200.0	    0.0	 1500.0	    0.0	  200.0	  100.0	   21.9	    0.0	    0.0	    0.0	   22.0	   12.1	  1	 -750.0	 1350.0	   21.9	    0.0	   22.0	1	  416.7	 21	 1352.0	   15.2	
  180	  22.18	    0.0	 1500.0	    0.0	 -832.9	  674.8	    0.0	  200.0	    0.0	 1500.0	    0.0	  200.0	  100.0	   21.6	    0.0	    0.0	    0.0	   22.3	   12.2	  1	 -750.0	 1350.0	   21.6	    0.0	   22.3	1	  417.4	 21	 1353.4	   15.3	
  181	  22.28	    0.0	 1500.0	    0.0	 -835.2	  671.7	    0.0	  200.0	    0.0	 1500.0	    0.0	  200.0	  100.0	   21.3	    0.0	    0.0	    0.0	   22.7	   12.3	  1	 -750.0	 1350.0	   21.3	    0.0	   22.7	1	  418.3	 21	 1354.7	   15.5	
  182	  22.38	    0.0	 1500.0	    0.0	 -835.2	  671.7	    0.0	  200.0	    0.0	 1500.0	    0.0	  200.0	  100.0	   20.9	    0.0	    0.0	    0.0	   23.0	   12.3	  1	 -750.0	 1350.0	   20.9	    0.0	   23.0	1	  419.0	 21	 1356.1	   15.6	
  183	  22.48	    0.0	 1500.0	    0.0	 -834.6	  672.5	    0.0	  200.0	    0.0	 1500.0	    0.0	  200.0	  100.0	   20.6	    0.0	    0.0	    0.0	   23.3	   12.4	  1	 -750.0	 1350.0	   20.6	    0.0	   23.3	1	  419.6	 21	 1357.5	   15.7	
  184	  22.58	    0.0	 1500.0	    0.0	 -834.6	  672.5	    0.0	  200.0	    0.0	 1500.0	    0.0	  200.0	  100.0	   20.2	    0.0	    0.0	    0.0	   23.6	   12.5	  1	 -750.0	 1350.0	   20.2	    0.0	   23.6	1	  420.3	 21	 1358.8	   15.9	
  185	  22.68	    0.0	 1500.0	    0.0	 -834.6	  672.5	    0.0	  200.0	    0.0	 1500.0	    0.0	  200.0	  100.0	   19.9	    0.0	    0.0	    0.0	   23.9	   12.5	  1	 -750.0	 1350.0	   19.9	    0.0	   23.9	1	  420.9	 21	 1360.2	   16.0	
  186	  22.78	    0.0	 1500.0	    0.0	 -834.6	  672.5	    0.0	  200.0	    0.0	 1500.0	    0.0	  200.0	  100.0	   19.6	    0.0	    0.0	    0.0	   24.3	   12.6	  1	 -750.0	 1350.0	   19.6	    0.0	   24.3	1	  421.6	 21	 1361.5	   16.2	
  187	  22.88	    0.0	 1500.0	    0.0	 -834.6	  672.5	    0.0	  200.0	    0.0	 1500.0	    0.0	  200.0	  100.0	   19.2	    0.0	    0.0	    0.0	   24.6	   12.7	  1	 -750.0	 1350.0	   19.2	    0.0	   24.6	1	  422.3	 21	 1362.9	   16.3	
  188	  22.98	    0.0	 1500.0	    0.0	 -834.6	  672.5	    0.0	  200.0	    0.0	 1500.0	    0.0	  200.0	  100.0	   18.9	    0.0	    0.0	    0.0	   24.9	   12.8	  1	 -750.0	 1350.0	   18.9	    0.0	   24.9	1	  422.9	 21	 1364.3	   16.4	
  189	  23.08	    0.0	 1500.0	    0.0	 -831.4	  672.5	    0.0	  200.0	    0.0	 1500.0	    0.0	  200.0	  100.0	   18.5	    0.0	    0.0	    0.0	   25.2	   12.8	  1	 -750.0	 1250.0	   18.5	    0.0	   25.2	1	  434.7	 21	 1365.7	   16.6	
  190	  23.18	    0.0	 1500.0	    0.0	 -831.4	  672.5	    0.0	  200.0	    0.0	 1500.0	    0.0	  200.0	  100.0	   18.2	    0.0	    0.0	    0.0	   25.5	   12.9	  1	 -750.0	 1250.0	   18.2	    0.0	   25.5	1	  435.4	 21	 1367.1	   16.7	
  191	  23.28	    0.0	 1500.0	    0.0	 -832.5	  671.0	    0.0	  200.0	    0.0	 1500.0	    0.0	  200.0	  100.0	   17.9	    0.0	    0.0	    0.0	   25.9	   13.0	  1	 -750.0	 1250.0	   17.9	    0.0	   25.9	1	  436.3	 21	 1368.4	   16.8	
  192	  23.38	    0.0	 1500.0	    0.0	 -833.1	  670.2	    0.0	  200.0	    0.0	 1500.0	    0.0	  200.0	  100.0	   17.5	    0.0	    0.0	    0.0	   26.2	   13.0	  1	 -750.0	 1250.0	   17.5	    0.0	   26.2	1	  437.0	 21	 1369.8	   17.0	
  193	  23.48	    0.0	 1500.0	    0.0	 -833.1	  670.2	    0.0	  200.0	    0.0	 1500.0	    0.0	  200.0	  100.0	   17.2	    0.0	    0.0	    0.0	   26.5	   13.1	  1	 -750.0	 1250.0	   17.2	    0.0	   26.5	1	  437.7	 21	 1371.2	   17.1	
  194	  23.58	    0.0	 1500.0	    0.0	 -832.0	  671.7	    0.0	  200.0	    0.0	 1500.0	    0.0	  200.0	  100.0	   16.8	    0.0	    0.0	    0.0	   26.8	   13.2	  1	 -750.0	 1250.0	   16.8	    0.0	   26.8	1	  438.3	 21	 1372.6	   17.3	
  195	  23.68	    0.0	 1500.0	    0.0	 -832.0	  671.7	    0.0	  200.0	    0.0	 1500.0	    0.0	  200.0	  100.0	   16.5	    0.0	    0.0	    0.0	   27.2	   13.2	  1	 -750.0	 1250.0	   16.5	    0.0	   27.2	1	  438.9	 21	 1374.0	   17.4	
  196	  23.78	    0.0	 1500.0	    0.0	 -832.5	  671.0	    0.0	  200.0	    0.0	 1500.0	    0.0	  200.0	  100.0	   16.1	    0.0	    0.0	    0.0	   27.5	   13.3	  1	 -750.0	 1250.0	   16.1	    0.0	   27.5	1	  439.7	 21	 1375.4	   17.5	
  197	  23.88	    0.0	 1500.0	    0.0	 -832.5	  671.0	    0.0	  200.0	    0.0	 1500.0	    0.0	  200.0	  100.0	   15.8	    0.0	    0.0	    0.0	   27.8	   13.4	  1	 -750.0	 1250.0	   15.8	    0.0	   27.8	1	  440.4	 21	 1376.8	   17.7	
  198	  23.98	    0.0	 1500.0	    0.0	 -832.5	  671.0	    0.0	  200.0	    0.0	 1500.0	    0.0	  200.0	  100.0	   15.5	    0.0	    0.0	    0.0	   28.1	   13.4	  1	 -750.0	 1250.0	   15.5	    0.0	   28.1	1	  441.1	 21	 1378.2	   17.8	
  199	  24.08	    0.0	 1500.0	    0.0	 -832.5	  671.0	    0.0	  200.0	    0.0	 1500.0	    0.0	  200.0	  100.0	   15.1	    0.0	    0.0	    0.0	   28.4	   13.5	  1	 -750.0	 1250.0	   15.1	    0.0	   28.4	1	  441.7	 21	 1379.6	   18.0	
  200	  24.18	    0.0	 1500.0	    0.0	 -832.5	  671.0	    0.0	  200.0	    0.0	 1500.0	    0.0	  200.0	  100.0	   14.8	    0.0	    0.0	    0.0	   28.8	   13.6	  1	 -750.0	 1250.0	   14.8	    0.0	   28.8	1	  442.4	 21	 1381.0	   18.1	
  201	  24.28	    0.0	 1500.0	    0.0	 -832.5	  671.0	    0.0	  200.0	    0.0	 1500.0	    0.0	  200.0	  100.0	   14.4	    0.0	    0.0	    0.0	   29.1	   13.6	  1	 -750.0	 1250.0	   14.4	    0.0	   29.1	1	  443.1	 21	 1382.5	   18.2	
  202	  24.38	    0.0	 1500.0	    0.0	 -832.5	  671.0	    0.0	  200.0	    0.0	 1500.0	    0.0	  200.0	  100.0	   14.1	    0.0	    0.0	    0.0	   29.4	   13.7	  1	 -750.0	 1250.0	   14.1	    0.0	   29.4	1	  443.8	 21	 1383.9	   18.4	
  203	  24.48	    0.0	 1500.0	    0.0	 -832.5	  671.0	    0.0	  200.0	    0.0	 1500.0	    0.0	  200.0	  100.0	   13.8	    0.0	    0.0	    0.0	   29.7	   13.8	  1	 -750.0	 1250.0	   13.8	    0.0	   29.7	1	  444.4	 21	 1385.3	   18.5	
  204	  24.58	    0.0	 1500.0	    0.0	 -832.5	  671.0	    0.0	  200.0	    0.0	 1500.0	    0.0	  200.0	  100.0	   13.4	    0.0	    0.0	    0.0	   30.1	   13.8	  1	 -750.0	 1250.0	   13.4	    0.0	   30.1	1	  445.1	 21	 1386.7	   18.7	
  205	  24.68	    0.0	 1500.0	    0.0	 -824.3	  682.4	    0.0	  200.0	    0.0	 1500.0	    0.0	  200.0	  100.0	   13.1	    0.0	    0.0	    0.0	   30.4	   13.9	  1	 -750.0	 1250.0	   13.1	    0.0	   30.4	1	  444.7	 21	 1388.2	   18.8	
  206	  24.78	    0.0	 1500.0	    0.0	 -832.5	  671.0	    0.0	  200.0	    0.0	 1500.0	    0.0	  200.0	  100.0	   12.7	    0.0	    0.0	    0.0	   30.7	   14.0	  1	 -750.0	 1250.0	   12.7	    0.0	   30.7	1	  446.4	 21	 1389.6	   19.0	
  207	  24.88	    0.0	 1500.0	    0.0	 -824.3	  682.4	    0.0	  200.0	    0.0	 1500.0	    0.0	  200.0	  100.0	   12.4	    0.0	    0.0	    0.0	   31.0	   14.0	  1	 -750.0	 1250.0	   12.4	    0.0	   31.0	1	  446.0	 21	 1391.1	   19.1	
  208	  24.98	    0.0	 1500.0	    0.0	 -824.3	  682.4	    0.0	  200.0	    0.0	 1500.0	    0.0	  200.0	  100.0	   12.0	    0.0	    0.0	    0.0	   31.3	   14.1	  1	 -750.0	 1250.0	   12.0	    0.0	   31.3	1	  446.6	 21	 1392.5	   19.2	
  209	  25.08	    0.0	 1500.0	    0.0	 -824.3	  682.4	    0.0	  200.0	    0.0	 1500.0	    0.0	  200.0	  100.0	   11.7	    0.0	    0.0	    0.0	   31.6	   14.2	  1	 -750.0	 1250.0	   11.7	    0.0	   31.6	1	  447.2	 21	 1393.9	   19.4	
  210	  25.18	    0.0	 1500.0	    0.0	 -803.9	  774.9	    0.0	  200.0	    0.0	 1500.0	    0.0	  200.0	  100.0	   11.6	    0.0	    0.0	    0.0	   31.9	   14.2	  1	 -250.0	  750.0	   11.6	    0.0	   31.9	1	  443.6	 21	 1393.7	   19.4	
  211	  25.28	    0.0	 1500.0	    0.0	 -803.9	  774.9	    0.0	  200.0	    0.0	 1500.0	    0.0	  200.0	  100.0	   11.2	    0.0	    0.0	    0.0	   32.2	   14.3	  1	 -250.0	  750.0	   11.2	    0.0	   32.2	1	  446.3	 21	 1396.1	   19.6	
  212	  25.38	    0.0	 1500.0	    0.0	 -803.9	  774.9	    0.0	  200.0	    0.0	 1500.0	    0.0	  200.0	  100.0	   10.9	    0.0	    0.0	    0.0	   32.5	   14.4	  1	 -250.0	  750.0	   10.9	    0.0	   32.5	1	  446.8	 21	 1397.5	   19.8	
  213	  25.48	    0.0	 1500.0	    0.0	 -803.9	  774.9	    0.0	  200.0	    0.0	 1500.0	    0.0	  200.0	  100.0	   10.5	    0.0	    0.0	    0.0	   32.8	   14.4	  1	 -250.0	  750.0	   10.5	    0.0	   32.8	1	  447.3	 21	 1399.0	   19.9	
  214	  25.58	    0.0	 1500.0	    0.0	 -803.9	  774.9	    0.0	  200.0	    0.0	 1500.0	    0.0	  200.0	  100.0	   10.1	    0.0	    0.0	    0.0	   33.0	   14.5	  1	 -250.0	  750.0	   10.1	    0.0	   33.0	1	  447.8	 21	    0.0	    0.0	
  215	  25.68	    0.0	 1500.0	    0.0	 -803.9	  774.9	    0.0	  200.0	    0.0	 1500.0	    0.0	  200.0	  100.0	    9.8	    0.0	    0.0	    0.0	   33.3	   14.6	  1	 -750.0	  750.0	    9.8	    0.0	   33.3	1	  455.2	 21	    0.0	    0.0	
  216	  25.78	    0.0	 1500.0	    0.0	 -803.9	  774.9	    0.0	  200.0	    0.0	 1500.0	    0.0	  200.0	  100.0	    9.4	    0.0	    0.0	    0.0	   33.6	   14.7	  1	 -750.0	  750.0	    9.4	    0.0	   33.6	1	  455.7	 21	    0.0	    0.0	
  217	  25.88	    0.0	 1500.0	    0.0	 -793.1	  825.3	    0.0	  200.0	    0.0	 1500.0	    0.0	  200.0	  100.0	    9.2	    0.0	    0.0	    0.0	   33.9	   14.7	  1	 -750.0	  850.0	    9.2	    0.0	   33.9	1	  453.6	 21	    0.0	    0.0	
  218	  25.98	    0.0	 1500.0	    0.0	 -793.1	  825.3	    0.0	  200.0	    0.0	 1500.0	    0.0	  200.0	  100.0	    8.8	    0.0	    0.0	    0.0	   34.1	   14.8	  1	 -750.0	  850.0	    8.8	    0.0	   34.1	1	  454.7	 21	    0.0	    0.0	
  219	  26.08	    0.0	 1500.0	    0.0	 -793.1	  825.3	    0.0	  200.0	    0.0	 1500.0	    0.0	  200.0	  100.0	    8.5	    0.0	    0.0	    0.0	   34.4	   14.9	  1	 -750.0	  850.0	    8.5	    0.0	   34.4	1	  455.2	 21	    0.0	    0.0	
  220	  26.18	    0.0	 1500.0	    0.0	 -784.7	  831.6	    0.0	  200.0	    0.0	 1500.0	    0.0	  200.0	  100.0	    8.1	    0.0	    0.0	    0.0	   34.6	   14.9	  1	 -450.0	  750.0	    8.1	    0.0	   34.6	1	  453.6	 21	    0.0	    0.0	
  221	  26.28	    0.0	 1500.0	    0.0	 -784.7	  831.6	    0.0	  200.0	    0.0	 1500.0	    0.0	  200.0	  100.0	    7.7	    0.0	    0.0	    0.0	   34.9	   15.0	  1	 -450.0	  750.0	    7.7	    0.0	   34.9	1	  454.1	 21	    0.0	    0.0	
  222	  26.38	    0.0	 1500.0	    0.0	 -793.1	  825.3	    0.0	  200.0	    0.0	 1500.0	    0.0	  200.0	  100.0	    7.3	    0.0	    0.0	    0.0	   35.2	   15.1	  1	 -750.0	  850.0	    7.3	    0.0	   35.2	1	  456.6	 21	    0.0	    0.0	
  223	  26.48	    0.0	 1500.0	    0.0	 -784.7	  831.6	    0.0	  200.0	    0.0	 1500.0	    0.0	  200.0	  100.0	    7.0	    0.0	    0.0	    0.0	   35.4	   15.1	  1	 -450.0	  750.0	    7.0	    0.0	   35.4	1	  454.9	 21	    0.0	    0.0	
  224	  26.58	    0.0	 1500.0	    0.0	 -784.7	  831.6	    0.0	  200.0	    0.0	 1500.0	    0.0	  200.0	  100.0	    6.6	    0.0	    0.0	    0.0	   35.7	   15.2	  1	 -750.0	  850.0	    6.6	    0.0	   35.7	1	  456.0	 21	    0.0	    0.0	
  225	  26.68	    0.0	 1500.0	    0.0	 -774.4	  830.0	    0.0	  200.0	    0.0	 1500.0	    0.0	  200.0	  100.0	    6.2	    0.0	    0.0	    0.0	   35.9	   15.3	  1	 -750.0	  750.0	    6.2	    0.0	   35.9	1	  451.9	 21	    0.0	    0.0	
  226	  26.78	    0.0	 1500.0	    0.0	 -784.7	  831.6	    0.0	  200.0	    0.0	 1500.0	    0.0	  200.0	  100.0	    5.8	    0.0	    0.0	    0.0	   36.2	   15.3	  1	 -750.0	  850.0	    5.8	    0.0	   36.2	1	  456.9	 21	    0.0	    0.0	
  227	  26.88	    0.0	 1500.0	    0.0	 -774.4	  830.0	    0.0	  200.0	    0.0	 1500.0	    0.0	  200.0	  100.0	    5.4	    0.0	    0.0	    0.0	   36.5	   15.4	  1	 -750.0	  750.0	    5.4	    0.0	   36.5	1	  452.8	 21	    0.0	    0.0	
  228	  26.98	    0.0	 1500.0	    0.0	 -774.4	  830.0	    0.0	  200.0	    0.0	 1500.0	    0.0	  200.0	  100.0	    5.1	    0.0	    0.0	    0.0	   36.7	   15.5	  1	 -750.0	  750.0	    5.1	    0.0	   36.7	1	  453.2	 21	    0.0	    0.0	
  229	  27.08	    0.0	 1500.0	    0.0	 -774.4	  830.0	    0.0	  200.0	    0.0	 1500.0	    0.0	  200.0	  100.0	    4.7	    0.0	    0.0	    0.0	   37.0	   15.5	  1	 -750.0	  750.0	    4.7	    0.0	   37.0	1	  453.6	 21	    0.0	    0.0	
  230	  27.18	    0.0	 1500.0	    0.0	 -774.4	  830.0	    0.0	  200.0	    0.0	 1500.0	    0.0	  200.0	  100.0	    4.3	    0.0	    0.0	    0.0	   37.2	   15.6	  1	 -750.0	  750.0	    4.3	    0.0	   37.2	1	  454.1	 21	    0.0	    0.0	
  231	  27.28	    0.0	 1500.0	    0.0	 -776.2	  824.9	    0.0	  200.0	    0.0	 1500.0	    0.0	  200.0	  100.0	    3.9	    0.0	    0.0	    0.0	   37.5	   15.7	  1	 -750.0	  750.0	    3.9	    0.0	   37.5	1	  455.2	 21	    0.0	    0.0	
  232	  27.38	    0.0	 1500.0	    0.0	 -774.4	  830.0	    0.0	  200.0	    0.0	 1500.0	    0.0	  200.0	  100.0	    3.6	    0.0	    0.0	    0.0	   37.7	   15.7	  1	 -750.0	  750.0	    3.6	    0.0	   37.7	1	  455.0	 21	    0.0	    0.0	
  233	  27.48	    0.0	 1500.0	    0.0	 -776.2	  824.9	    0.0	  200.0	    0.0	 1500.0	    0.0	  200.0	  100.0	    3.2	    0.0	    0.0	    0.0	   38.0	   15.8	  1	 -750.0	  750.0	    3.2	    0.0	   38.0	1	  456.1	 21	    0.0	    0.0	
  234	  27.58	    0.0	 1500.0	    0.0	 -776.2	  824.9	    0.0	  200.0	    0.0	 1500.0	    0.0	  200.0	  100.0	    2.8	    0.0	    0.0	    0.0	   38.2	   15.9	  1	 -750.0	  750.0	    2.8	    0.0	   38.2	1	  456.6	 21	    0.0	    0.0	
  235	  27.68	    0.0	 1500.0	    0.0	 -776.2	  824.9	    0.0	  200.0	    0.0	 1500.0	    0.0	  200.0	  100.0	    2.4	    0.0	    0.0	    0.0	   38.5	   15.9	  1	 -750.0	  750.0	    2.4	    0.0	   38.5	1	  457.0	 21	    0.0	    0.0	
  236	  27.78	    0.0	 1500.0	    0.0	 -783.0	  817.2	    0.0	  200.0	    0.0	 1500.0	    0.0	  200.0	  100.0	    2.1	    0.0	    0.0	    0.0	   38.8	   16.0	  1	 -750.0	  750.0	    2.1	    0.0	   38.8	1	  458.9	 21	    0.0	    0.0	
  237	  27.88	    0.0	 1500.0	    0.0	 -783.0	  817.2	    0.0	  200.0	    0.0	 1500.0	    0.0	  200.0	  100.0	    1.7	    0.0	    0.0	    0.0	   39.0	   16.1	  1	 -750.0	  750.0	    1.7	    0.0	   39.0	1	  459.4	 21	    0.0	    0.0	
  238	  27.98	    0.0	 1500.0	    0.0	 -783.0	  817.2	    0.0	  200.0	    0.0	 1500.0	    0.0	  200.0	  100.0	    1.3	    0.0	    0.0	    0.0	   39.3	   16.1	  1	 -750.0	  750.0	    1.3	    0.0	   39.3	1	  459.9	 21	    0.0	    0.0	
  239	  28.08	    0.0	 1500.0	    0.0	 -783.0	  817.2	    0.0	  200.0	    0.0	 1500.0	    0.0	  200.0	  100.0	    0.9	    0.0	    0.0	    0.0	   39.6	   16.2	  1	 -750.0	  750.0	    0.9	    0.0	   39.6	1	  460.3	 21	    0.0	    0.0	
  240	  28.18	    0.0	 1500.0	    0.0	 -778.8	  806.6	    0.0	  200.0	    0.0	 1500.0	    0.0	  200.0	  100.0	    0.6	    0.0	    0.0	    0.0	   39.8	   16.3	  1	 -750.0	  750.0	    0.6	    0.0	   39.8	1	  461.3	 21	    0.0	    0.0	
  241	  28.28	    0.0	 1500.0	    0.0	 -778.8	  806.6	    0.0	  200.0	    0.0	 1500.0	    0.0	  200.0	  100.0	    0.2	    0.0	    0.0	    0.0	   40.1	   16.3	  1	 -750.0	  750.0	    0.2	    0.0	   40.1	1	  461.8	 21	    0.0	    0.0	
  242	  28.38	    0.0	 1500.0	    0.0	 -778.8	  806.6	    0.0	  200.0	    0.0	 1500.0	    0.0	  200.0	  100.0	    0.0	    0.0	    0.0	    0.0	   40.3	   16.4	  1	 -750.0	  750.0	    0.0	    0.0	   40.3	1	  462.4	 21	    0.0	    0.0	
  243	  28.48	    0.0	 1500.0	    0.0	 -783.0	  817.2	    0.0	  200.0	    0.0	 1500.0	    0.0	  200.0	  100.0	    0.0	    0.0	    0.0	    0.0	   40.6	   16.5	  1	 -750.0	  750.0	    0.0	    0.0	   40.6	1	  462.7	 21	    0.0	    0.0	
  244	  28.58	    0.0	 1500.0	    0.0	 -778.8	  806.6	    0.0	  200.0	    0.0	 1500.0	    0.0	  200.0	  100.0	    0.0	    0.0	    0.0	    0.0	   40.9	   16.6	  1	 -750.0	  750.0	    0.0	    0.0	   40.9	1	  464.1	 21	    0.0	    0.0	
  245	  28.68	    0.0	 1500.0	    0.0	 -778.8	  806.6	    0.0	  200.0	    0.0	 1500.0	    0.0	  200.0	  100.0	    0.0	    0.0	    0.0	    0.0	   41.1	   16.6	  1	 -750.0	  750.0	    0.0	    0.0	   41.1	1	  464.9	 21	    0.0	    0.0	
  246	  28.78	    0.0	 1500.0	    0.0	 -789.3	  795.7	    0.0	  200.0	    0.0	 1500.0	    0.0	  200.0	  100.0	    0.0	    0.0	    0.0	    0.0	   41.4	   16.7	  1	 -750.0	  750.0	    0.0	    0.0	   41.4	1	  467.9	 21	    0.0	    0.0	
  247	  28.88	    0.0	 1500.0	    0.0	 -789.3	  795.7	    0.0	  200.0	    0.0	 1500.0	    0.0	  200.0	  100.0	    0.0	    0.0	    0.0	    0.0	   41.7	   16.8	  1	 -750.0	  750.0	    0.0	    0.0	   41.7	1	  468.8	 21	    0.0	    0.0	
  248	  28.98	    0.0	 1500.0	    0.0	 -789.3	  795.7	    0.0	  200.0	    0.0	 1500.0	    0.0	  200.0	  100.0	    0.0	    0.0	    0.0	    0.0	   41.9	   16.8	  1	 -750.0	  750.0	    0.0	    0.0	   41.9	1	  469.6	 21	    0.0	    0.0	
  249	  29.08	    0.0	 1500.0	    0.0	 -789.3	  795.7	    0.0	  200.0	    0.0	 1500.0	    0.0	  200.0	  100.0	    0.0	    0.0	    0.0	    0.0	   42.2	   16.9	  1	 -750.0	  750.0	    0.0	    0.0	   42.2	1	  470.4	 21	    0.0	    0.0	
  250	  29.18	    0.0	 1500.0	    0.0	 -789.3	  795.7	    0.0	  200.0	    0.0	 1500.0	    0.0	  200.0	  100.0	    0.0	    0.0	    0.0	    0.0	   42.5	   17.0	  1	 -750.0	  750.0	    0.0	    0.0	   42.5	1	  471.3	 21	    0.0	    0.0	
  251	  29.28	    0.0	 1500.0	    0.0	 -804.3	  810.1	    0.0	  200.0	    0.0	 1500.0	    0.0	  200.0	  100.0	    0.0	    0.0	    0.0	    0.0	   42.8	   17.0	  1	 -750.0	  750.0	    0.0	    0.0	   42.8	1	  472.3	 21	    0.0	    0.0	
  252	  29.38	    0.0	 1500.0	    0.0	 -804.3	  810.1	    0.0	  200.0	    0.0	 1500.0	    0.0	  200.0	  100.0	    0.0	    0.0	    0.0	    0.0	   43.0	   17.1	  1	 -750.0	  750.0	    0.0	    0.0	   43.0	1	  473.1	 21	    0.0	    0.0	
  253	  29.48	    0.0	 1500.0	    0.0	 -804.3	  810.1	    0.0	  200.0	    0.0	 1500.0	    0.0	  200.0	  100.0	    0.0	    0.0	    0.0	    0.0	   43.3	   17.2	  1	 -750.0	  750.0	    0.0	    0.0	   43.3	1	  474.0	 21	    0.0	    0.0	
  254	  29.58	    0.0	 1500.0	    0.0	 -804.3	  810.1	    0.0	  200.0	    0.0	 1500.0	    0.0	  200.0	  100.0	    0.0	    0.0	    0.0	    0.0	   43.6	   17.2	  1	 -750.0	  750.0	    0.0	    0.0	   43.6	1	  474.8	 21	    0.0	    0.0	
  255	  29.68	    0.0	 1500.0	    0.0	 -804.3	  810.1	    0.0	  200.0	    0.0	 1500.0	    0.0	  200.0	  100.0	    0.0	    0.0	    0.0	    0.0	   43.8	   17.3	  1	 -750.0	  750.0	    0.0	    0.0	   43.8	1	  475.6	 21	    0.0	    0.0	
  256	  29.78	    0.0	 1500.0	    0.0	 -804.3	  810.1	    0.0	  200.0	    0.0	 1500.0	    0.0	  200.0	  100.0	    0.0	    0.0	    0.0	    0.0	   44.1	   17.4	  1	 -750.0	  750.0	    0.0	    0.0	   44.1	1	  476.4	 21	    0.0	    0.0	
  257	  29.88	    0.0	 1500.0	    0.0	 -801.9	  814.3	    0.0	  200.0	    0.0	 1500.0	    0.0	  200.0	  100.0	    0.0	    0.0	    0.0	    0.0	   44.4	   17.4	  1	 -750.0	  750.0	    0.0	    0.0	   44.4	1	  476.6	 21	    0.0	    0.0	
  258	  29.98	    0.0	 1500.0	    0.0	 -804.3	  810.1	    0.0	  200.0	    0.0	 1500.0	    0.0	  200.0	  100.0	    0.0	    0.0	    0.0	    0.0	   44.6	   17.5	  1	 -750.0	  750.0	    0.0	    0.0	   44.6	1	  478.0	 21	    0.0	    0.0	
  259	  30.08	    0.0	 1500.0	    0.0	 -801.9	  814.3	    0.0	  200.0	    0.0	 1500.0	    0.0	  200.0	  100.0	    0.0	    0.0	    0.0	    0.0	   44.9	   17.6	  1	 -750.0	  750.0	    0.0	    0.0	   44.9	1	  478.2	 21	    0.0	    0.0	
  260	  30.18	    0.0	 1500.0	    0.0	 -801.9	  814.3	    0.0	  200.0	    0.0	 1500.0	    0.0	  200.0	  100.0	    0.0	    0.0	    0.0	    0.0	   45.2	   17.6	  1	 -750.0	  750.0	    0.0	    0.0	   45.2	1	  479.0	 21	    0.0	    0.0	
  261	  30.28	    0.0	 1500.0	    0.0	 -801.9	  814.3	    0.0	  200.0	    0.0	 1500.0	    0.0	  200.0	  100.0	    0.0	    0.0	    0.0	    0.0	   45.5	   17.7	  1	 -750.0	  750.0	    0.0	    0.0	   45.5	1	  479.8	 21	    0.0	    0.0	
  262	  30.38	    0.0	 1500.0	    0.0	 -801.9	  814.3	    0.0	  200.0	    0.0	 1500.0	    0.0	  200.0	  100.0	    0.0	    0.0	    0.0	    0.0	   45.7	   17.8	  1	 -750.0	  750.0	    0.0	    0.0	   45.7	1	  480.5	 21	    0.0	    0.0	
  263	  30.48	    0.0	 1500.0	    0.0	 -801.9	  814.3	    0.0	  200.0	    0.0	 1500.0	    0.0	  200.0	  100.0	    0.0	    0.0	    0.0	    0.0	   46.0	   17.8	  1	 -750.0	  750.0	    0.0	    0.0	   46.0	1	  481.3	 21	    0.0	    0.0	
  264	  30.58	    0.0	 1500.0	    0.0	 -801.9	  814.3	    0.0	  200.0	    0.0	 1500.0	    0.0	  200.0	  100.0	    0.0	    0.0	    0.0	    0.0	   46.3	   17.9	  1	 -750.0	  750.0	    0.0	    0.0	   46.3	1	  482.1	 21	    0.0	    0.0	
  265	  30.68	    0.0	 1500.0	    0.0	 -800.7	  817.0	    0.0	  200.0	    0.0	 1500.0	    0.0	  200.0	  100.0	    0.0	    0.0	    0.0	    0.0	   46.5	   18.0	  1	 -750.0	  750.0	    0.0	    0.0	   46.5	1	  482.5	 21	    0.0	    0.0	
  266	  30.78	    0.0	 1500.0	    0.0	 -800.7	  817.0	    0.0	  200.0	    0.0	 1500.0	    0.0	  200.0	  100.0	    0.0	    0.0	    0.0	    0.0	   46.8	   18.0	  1	 -750.0	  750.0	    0.0	    0.0	   46.8	1	  483.3	 21	    0.0	    0.0	
  267	  30.88	    0.0	 1500.0	    0.0	 -800.7	  817.0	    0.0	  200.0	    0.0	 1500.0	    0.0	  200.0	  100.0	    0.0	    0.0	    0.0	    0.0	   47.1	   18.1	  1	 -750.0	  750.0	    0.0	    0.0	   47.1	1	  484.0	 21	    0.0	    0.0	
  268	  30.98	    0.0	 1500.0	    0.0	 -800.7	  817.0	    0.0	  200.0	    0.0	 1500.0	    0.0	  200.0	  100.0	    0.0	    0.0	    0.0	    0.0	   47.3	   18.2	  1	 -750.0	  750.0	    0.0	    0.0	   47.3	1	  484.8	 21	    0.0	    0.0	
  269	  31.08	    0.0	 1500.0	    0.0	 -800.7	  817.0	    0.0	  200.0	    0.0	 1500.0	    0.0	  200.0	  100.0	    0.0	    0.0	    0.0	    0.0	   47.6	   18.2	  1	 -750.0	  750.0	    0.0	    0.0	   47.6	1	  485.5	 21	    0.0	    0.0	
  270	  31.18	    0.0	 1500.0	    0.0	 -800.7	  817.0	    0.0	  200.0	    0.0	 1500.0	    0.0	  200.0	  100.0	    0.0	    0.0	    0.0	    0.0	   47.9	   18.3	  1	 -750.0	  750.0	    0.0	    0.0	   47.9	1	  486.3	 21	    0.0	    0.0	
  271	  31.28	    0.0	 1500.0	    0.0	 -800.7	  817.0	    0.0	  200.0	    0.0	 1500.0	    0.0	  200.0	  100.0	    0.0	    0.0	    0.0	    0.0	   48.1	   18.4	  1	 -750.0	  750.0	    0.0	    0.0	   48.1	1	  487.0	 21	    0.0	    0.0	
  272	  31.38	    0.0	 1500.0	    0.0	 -789.0	  938.2	    0.0	  200.0	    0.0	 1500.0	    0.0	  200.0	  100.0	    0.0	    0.0	    0.0	    0.0	   48.4	   18.5	  1	 -750.0	  750.0	    0.0	    0.0	   48.4	1	  473.4	 21	    0.0	    0.0	
  273	  31.48	    0.0	 1500.0	    0.0	 -799.3	  817.0	    0.0	  200.0	    0.0	 1500.0	    0.0	  200.0	  100.0	    0.0	    0.0	    0.0	    0.0	   48.6	   18.5	  1	 -750.0	  750.0	    0.0	    0.0	   48.6	1	  488.3	 21	    0.0	    0.0	
  274	  31.58	    0.0	 1500.0	    0.0	 -799.3	  817.0	    0.0	  200.0	    0.0	 1500.0	    0.0	  200.0	  100.0	    0.0	    0.0	    0.0	    0.0	   48.9	   18.6	  1	 -750.0	  750.0	    0.0	    0.0	   48.9	1	  489.0	 21	    0.0	    0.0	
  275	  31.68	    0.0	 1500.0	    0.0	 -799.3	  817.0	    0.0	  200.0	    0.0	 1500.0	    0.0	  200.0	  100.0	    0.0	    0.0	    0.0	    0.0	   49.2	   18.7	  1	 -750.0	  750.0	    0.0	    0.0	   49.2	1	  489.7	 21	    0.0	    0.0	
  276	  31.78	    0.0	 1500.0	    0.0	 -799.3	  817.0	    0.0	  200.0	    0.0	 1500.0	    0.0	  200.0	  100.0	    0.0	    0.0	    0.0	    0.0	   49.4	   18.7	  1	 -750.0	  750.0	    0.0	    0.0	   49.4	1	  490.5	 21	    0.0	    0.0	
  277	  31.88	    0.0	 1500.0	    0.0	 -799.3	  817.0	    0.0	  200.0	    0.0	 1500.0	    0.0	  200.0	  100.0	    0.0	    0.0	    0.0	    0.0	   49.7	   18.8	  1	 -750.0	  750.0	    0.0	    0.0	   49.7	1	  491.2	 21	    0.0	    0.0	
  278	  31.98	    0.0	 1500.0	    0.0	 -798.6	  816.3	    0.0	  200.0	    0.0	 1500.0	    0.0	  200.0	  100.0	    0.0	    0.0	    0.0	    0.0	   50.0	   18.9	  1	 -750.0	  750.0	    0.0	    0.0	   50.0	1	  491.9	 21	    0.0	    0.0	
  279	  32.08	    0.0	 1500.0	    0.0	 -798.6	  816.3	    0.0	  200.0	    0.0	 1500.0	    0.0	  200.0	  100.0	    0.0	    0.0	    0.0	    0.0	   50.2	   18.9	  1	 -750.0	  750.0	    0.0	    0.0	   50.2	1	  492.6	 21	    0.0	    0.0	
  280	  32.18	    0.0	 1500.0	    0.0	 -798.6	  816.3	    0.0	  200.0	    0.0	 1500.0	    0.0	  200.0	  100.0	    0.0	    0.0	    0.0	    0.0	   50.5	   19.0	  1	 -750.0	  750.0	    0.0	    0.0	   50.5	1	  493.3	 21	    0.0	    0.0	
  281	  32.28	    0.0	 1500.0	    0.0	 -798.6	  816.3	    0.0	  200.0	    0.0	 1500.0	    0.0	  200.0	  100.0	    0.0	    0.0	    0.0	    0.0	   50.8	   19.1	  1	 -750.0	  750.0	    0.0	    0.0	   50.8	1	  494.0	 21	    0.0	    0.0	
  282	  32.38	    0.0	 1500.0	    0.0	 -798.6	  816.3	    0.0	  200.0	    0.0	 1500.0	    0.0	  200.0	  100.0	    0.0	    0.0	    0.0	    0.0	   51.0	   19.1	  1	 -750.0	  750.0	    0.0	    0.0	   51.0	1	  494.7	 21	    0.0	    0.0	
  283	  32.48	    0.0	 1500.0	    0.0	 -806.6	  832.9	    0.0	  200.0	    0.0	 1500.0	    0.0	  200.0	  100.0	    0.0	    0.0	    0.0	    0.0	   51.3	   19.2	  1	 -750.0	  750.0	    0.0	    0.0	   51.3	1	  494.6	 21	    0.0	    0.0	
  284	  32.58	    0.0	 1500.0	    0.0	 -806.6	  832.9	    0.0	  200.0	    0.0	 1500.0	    0.0	  200.0	  100.0	    0.0	    0.0	    0.0	    0.0	   51.6	   19.3	  1	 -750.0	  750.0	    0.0	    0.0	   51.6	1	  495.3	 21	    0.0	    0.0	
  285	  32.68	    0.0	 1500.0	    0.0	 -806.6	  832.9	    0.0	  200.0	    0.0	 1500.0	    0.0	  200.0	  100.0	    0.0	    0.0	    0.0	    0.0	   51.8	   19.3	  1	 -750.0	  750.0	    0.0	    0.0	   51.8	1	  496.0	 21	    0.0	    0.0	
  286	  32.78	    0.0	 1500.0	    0.0	 -806.6	  832.9	    0.0	  200.0	    0.0	 1500.0	    0.0	  200.0	  100.0	    0.0	    0.0	    0.0	    0.0	   52.1	   19.4	  1	 -750.0	  750.0	    0.0	    0.0	   52.1	1	  496.7	 21	    0.0	    0.0	
  287	  32.88	    0.0	 1500.0	    0.0	 -806.6	  832.9	    0.0	  200.0	    0.0	 1500.0	    0.0	  200.0	  100.0	    0.0	    0.0	    0.0	    0.0	   52.4	   19.5	  1	 -750.0	  750.0	    0.0	    0.0	   52.4	1	  497.4	 21	    0.0	    0.0	
  288	  32.98	    0.0	 1500.0	    0.0	 -806.6	  832.9	    0.0	  200.0	    0.0	 1500.0	    0.0	  200.0	  100.0	    0.0	    0.0	    0.0	    0.0	   52.6	   19.5	  1	 -750.0	  750.0	    0.0	    0.0	   52.6	1	  498.1	 21	    0.0	    0.0	
  289	  33.08	    0.0	 1500.0	    0.0	 -806.6	  832.9	    0.0	  200.0	    0.0	 1500.0	    0.0	  200.0	  100.0	    0.0	    0.0	    0.0	    0.0	   52.9	   19.6	  1	 -750.0	  750.0	    0.0	    0.0	   52.9	1	  498.7	 21	    0.0	    0.0	
  290	  33.18	    0.0	 1500.0	    0.0	 -806.6	  832.9	    0.0	  200.0	    0.0	 1500.0	    0.0	  200.0	  100.0	    0.0	    0.0	    0.0	    0.0	   53.2	   19.7	  1	 -750.0	  750.0	    0.0	    0.0	   53.2	1	  499.4	 21	    0.0	    0.0	
  291	  33.28	    0.0	 1500.0	    0.0	 -806.6	  832.9	    0.0	  200.0	    0.0	 1500.0	    0.0	  200.0	  100.0	    0.0	    0.0	    0.0	    0.0	   53.4	   19.7	  1	 -750.0	  750.0	    0.0	    0.0	   53.4	1	  500.1	 21	    0.0	    0.0	
  292	  33.38	    0.0	 1500.0	    0.0	 -807.1	  829.5	    0.0	  200.0	    0.0	 1500.0	    0.0	  200.0	  100.0	    0.0	    0.0	    0.0	    0.0	   53.7	   19.8	  1	 -750.0	  750.0	    0.0	    0.0	   53.7	1	  501.1	 21	    0.0	    0.0	
  293	  33.48	    0.0	 1500.0	    0.0	 -807.1	  829.5	    0.0	  200.0	    0.0	 1500.0	    0.0	  200.0	  100.0	    0.0	    0.0	    0.0	    0.0	   54.0	   19.9	  1	 -750.0	  750.0	    0.0	    0.0	   54.0	1	  501.8	 21	    0.0	    0.0	
  294	  33.58	    0.0	 1500.0	    0.0	 -807.1	  829.5	    0.0	  200.0	    0.0	 1500.0	    0.0	  200.0	  100.0	    0.0	    0.0	    0.0	    0.0	   54.2	   19.9	  1	 -750.0	  750.0	    0.0	    0.0	   54.2	1	  502.5	 21	    0.0	    0.0	
  295	  33.68	    0.0	 1500.0	    0.0	 -807.1	  829.5	    0.0	  200.0	    0.0	 1500.0	    0.0	  200.0	  100.0	    0.0	    0.0	    0.0	    0.0	   54.5	   20.0	  1	 -750.0	  750.0	    0.0	    0.0	   54.5	1	  503.1	 21	    0.0	    0.0	
  296	  33.78	    0.0	 1500.0	    0.0	 -807.1	  829.5	    0.0	  200.0	    0.0	 1500.0	    0.0	  200.0	  100.0	    0.0	    0.0	    0.0	    0.0	   54.8	   20.1	  1	 -750.0	  750.0	    0.0	    0.0	   54.8	1	  503.8	 21	    0.0	    0.0	
  297	  33.88	    0.0	 1500.0	    0.0	 -807.1	  829.5	    0.0	  200.0	    0.0	 1500.0	    0.0	  200.0	  100.0	    0.0	    0.0	    0.0	    0.0	   55.0	   20.1	  1	 -750.0	  750.0	    0.0	    0.0	   55.0	1	  504.4	 21	    0.0	    0.0	
  298	  33.98	    0.0	 1500.0	    0.0	 -809.6	  824.0	    0.0	  200.0	    0.0	 1500.0	    0.0	  200.0	  100.0	    0.0	    0.0	    0.0	    0.0	   55.3	   20.2	  1	 -750.0	  750.0	    0.0	    0.0	   55.3	1	  505.9	 21	    0.0	    0.0	
  299	  34.08	    0.0	 1500.0	    0.0	 -809.6	  824.0	    0.0	  200.0	    0.0	 1500.0	    0.0	  200.0	  100.0	    0.0	    0.0	    0.0	    0.0	   55.6	   20.3	  1	 -750.0	  750.0	    0.0	    0.0	   55.6	1	  506.5	 21	    0.0	    0.0	
  300	  34.18	    0.0	 1500.0	    0.0	 -809.6	  824.0	    0.0	  200.0	    0.0	 1500.0	    0.0	  200.0	  100.0	    0.0	    0.0	    0.0	    0.0	   55.8	   20.3	  1	 -750.0	  750.0	    0.0	    0.0	   55.8	1	  507.2	 21	    0.0	    0.0	
  301	  34.28	    0.0	 1500.0	    0.0	 -809.6	  824.0	    0.0	  200.0	    0.0	 1500.0	    0.0	  200.0	  100.0	    0.0	    0.0	    0.0	    0.0	   56.1	   20.4	  1	 -750.0	  750.0	    0.0	    0.0	   56.1	1	  507.8	 21	    0.0	    0.0	
  302	  34.38	    0.0	 1500.0	    0.0	 -809.6	  824.0	    0.0	  200.0	    0.0	 1500.0	    0.0	  200.0	  100.0	    0.0	    0.0	    0.0	    0.0	   56.4	   20.5	  1	 -750.0	  750.0	    0.0	    0.0	   56.4	1	  508.4	 21	    0.0	    0.0	
  303	  34.48	    0.0	 1500.0	    0.0	 -809.6	  824.0	    0.0	  200.0	    0.0	 1500.0	    0.0	  200.0	  100.0	    0.0	    0.0	    0.0	    0.0	   56.6	   20.6	  1	 -750.0	  750.0	    0.0	    0.0	   56.6	1	  509.1	 21	    0.0	    0.0	
  304	  34.58	    0.0	 1500.0	    0.0	 -786.8	  836.6	    0.0	  200.0	    0.0	 1500.0	    0.0	  200.0	  100.0	    0.0	    0.0	    0.0	    0.0	   56.9	   20.6	  1	 -750.0	  750.0	    0.0	    0.0	   56.9	1	  506.0	 21	    0.0	    0.0	
  305	  34.68	    0.0	 1500.0	    0.0	 -786.8	  836.6	    0.0	  200.0	    0.0	 1500.0	    0.0	  200.0	  100.0	    0.0	    0.0	    0.0	    0.0	   57.1	   20.7	  1	 -750.0	  750.0	    0.0	    0.0	   57.1	1	  506.6	 21	    0.0	    0.0	
  306	  34.78	    0.0	 1500.0	    0.0	 -786.8	  836.6	    0.0	  200.0	    0.0	 1500.0	    0.0	  200.0	  100.0	    0.0	    0.0	    0.0	    0.0	   57.4	   20.8	  1	 -750.0	  750.0	    0.0	    0.0	   57.4	1	  507.2	 21	    0.0	    0.0	
  307	  34.88	    0.0	 1500.0	    0.0	 -786.8	  836.6	    0.0	  200.0	    0.0	 1500.0	    0.0	  200.0	  100.0	    0.0	    0.0	    0.0	    0.0	   57.7	   20.8	  1	 -750.0	  750.0	    0.0	    0.0	   57.7	1	  507.8	 21	    0.0	    0.0	
  308	  34.98	    0.0	 1500.0	    0.0	 -763.9	  719.5	    0.0	  200.0	    0.0	 1500.0	    0.0	  200.0	  100.0	    0.0	    0.0	    0.0	    0.0	   57.9	   20.9	  1	 -750.0	  750.0	    0.0	    0.0	   57.9	1	  517.0	 21	    0.0	    0.0	
  309	  35.08	    0.0	 1500.0	    0.0	 -763.9	  719.5	    0.0	  200.0	    0.0	 1500.0	    0.0	  200.0	  100.0	    0.0	    0.0	    0.0	    0.0	   58.2	   21.0	  1	 -750.0	  750.0	    0.0	    0.0	   58.2	1	  517.6	 21	    0.0	    0.0	
  310	  35.18	    0.0	 1500.0	    0.0	 -763.9	  719.5	    0.0	  200.0	    0.0	 1500.0	    0.0	  200.0	  100.0	    0.0	    0.0	    0.0	    0.0	   58.5	   21.0	  1	 -750.0	  750.0	    0.0	    0.0	   58.5	1	  518.2	 21	    0.0	    0.0	
  311	  35.28	    0.0	 1500.0	    0.0	 -763.9	  719.5	    0.0	  200.0	    0.0	 1500.0	    0.0	  200.0	  100.0	    0.0	    0.0	    0.0	    0.0	   58.8	   21.1	  1	 -750.0	  750.0	    0.0	    0.0	   58.8	1	  518.9	 21	    0.0	    0.0	
