    1	   0.10	    0.0	    0.0	    0.0	    0.0	    0.0	    0.0	    0.0	    0.0	    0.0	    0.0	    0.0	  100.0	   99.9	    0.0	    0.0	    0.0	    0.0	    0.1	  1	-1250.0	   50.0	   99.9	    0.0	    0.0	1	 1106.9	 21	    0.0	    5.0	
    2	   0.20	    0.0	    0.0	  -90.8	    0.0	    0.0	    0.0	    0.0	    0.0	    0.0	    0.0	    0.0	  100.0	   99.4	    0.0	    0.0	    0.0	    0.0	    0.1	  1	  -50.0	 1250.0	   99.4	    0.0	    0.0	1	 1173.9	 21	    0.0	    5.0	
    3	   0.30	    0.0	    0.0	  -89.9	    0.0	    0.0	    0.0	    0.0	    0.0	    0.0	    0.0	    0.0	  100.0	   98.9	    0.0	    0.0	    0.0	    0.0	    0.2	  1	  -50.0	 1250.0	   98.9	    0.0	    0.0	1	 1173.9	 21	    0.0	    5.0	
    4	   0.40	    0.0	    0.0	  -89.9	    0.0	    0.0	    0.0	    0.0	    0.0	    0.0	    0.0	    0.0	  100.0	   98.4	    0.0	    0.0	    0.0	    0.0	    0.3	  1	  -50.0	 1250.0	   98.4	    0.0	    0.0	1	 1173.9	 21	    0.0	    5.0	
    5	   0.50	    0.0	    0.0	  -89.9	    0.0	    0.0	    0.0	    0.0	    0.0	    0.0	    0.0	    0.0	  100.0	   97.9	    0.0	    0.0	    0.0	    0.0	    0.4	  1	  -50.0	 1250.0	   97.9	    0.0	    0.0	1	 1173.9	 21	    0.0	    5.0	
    6	   0.60	    0.0	    0.0	  -89.9	    0.0	    0.0	    0.0	    0.0	    0.0	    0.0	    0.0	    0.0	  100.0	   97.4	    0.0	    0.0	    0.0	    0.0	    0.4	  1	  -50.0	 1250.0	   97.4	    0.0	    0.0	1	 1173.9	 21	    0.0	    5.0	
    7	   0.70	    0.0	    0.0	  -89.9	    0.0	    0.0	    0.0	    0.0	    0.0	    0.0	    0.0	    0.0	  100.0	   96.9	    0.0	    0.0	    0.0	    0.0	    0.5	  1	  -50.0	 1250.0	   96.9	    0.0	    0.0	1	 1173.9	 21	    0.0	    5.0	
    8	   0.80	    0.0	    0.0	  -89.9	    0.0	    0.0	    0.0	    0.0	    0.0	    0.0	    0.0	    0.0	  100.0	   96.4	    0.0	    0.0	    0.0	    0.0	    0.6	  1	  -50.0	 1250.0	   96.4	    0.0	    0.0	1	 1173.9	 21	    0.0	    5.0	
    9	   0.90	    0.0	    0.0	  -89.9	    0.0	    0.0	    0.0	    0.0	    0.0	    0.0	    0.0	    0.0	  100.0	   95.9	    0.0	    0.0	    0.0	    0.0	    0.6	  1	  -50.0	 1250.0	   95.9	    0.0	    0.0	1	 1173.9	 21	    0.0	    5.0	
   10	   1.00	    0.0	    0.0	  -89.9	    0.0	    0.0	    0.0	    0.0	    0.0	    0.0	    0.0	    0.0	  100.0	   95.4	    0.0	    0.0	    0.0	    0.0	    0.7	  1	  -50.0	 1250.0	   95.4	    0.0	    0.0	1	 1173.9	 21	    0.0	    5.0	
   11	   1.10	    0.0	    0.0	  -89.9	    0.0	    0.0	    0.0	    0.0	    0.0	    0.0	    0.0	    0.0	  100.0	   94.9	    0.0	    0.0	    0.0	    0.0	    0.8	  1	  -50.0	 1250.0	   94.9	    0.0	    0.0	1	 1173.9	 21	    0.0	    5.0	
   12	   1.20	    0.0	    0.0	  -89.9	    0.0	    0.0	    0.0	    0.0	    0.0	    0.0	    0.0	    0.0	  100.0	   94.4	    0.0	    0.0	    0.0	    0.0	    0.9	  1	  -50.0	 1250.0	   94.4	    0.0	    0.0	1	 1173.9	 21	    0.0	    5.0	
   13	   1.30	    0.0	    0.0	  -89.9	    0.0	    0.0	    0.0	    0.0	    0.0	    0.0	    0.0	    0.0	  100.0	   93.9	    0.0	    0.0	    0.0	    0.0	    0.9	  1	  -50.0	 1250.0	   93.9	    0.0	    0.0	1	 1173.9	 21	    0.0	    5.0	
   14	   1.40	    0.0	    0.0	  -89.9	    0.0	    0.0	    0.0	    0.0	    0.0	    0.0	    0.0	    0.0	  100.0	   93.4	    0.0	    0.0	    0.0	    0.0	    1.0	  1	  -50.0	 1250.0	   93.4	    0.0	    0.0	1	 1173.9	 21	    0.0	    5.0	
   15	   1.50	    0.0	    0.0	  -89.9	    0.0	    0.0	    0.0	    0.0	    0.0	    0.0	    0.0	    0.0	  100.0	   92.9	    0.0	    0.0	    0.0	    0.0	    1.1	  1	  -50.0	 1250.0	   92.9	    0.0	    0.0	1	 1173.9	 21	    0.0	    5.0	
   16	   1.60	    0.0	    0.0	  -89.9	    0.0	    0.0	    0.0	    0.0	    0.0	    0.0	    0.0	    0.0	  100.0	   92.4	    0.0	    0.0	    0.0	    0.0	    1.1	  1	  -50.0	 1250.0	   92.4	    0.0	    0.0	1	 1173.9	 21	    0.0	    5.0	
   17	   1.70	    0.0	    0.0	  -89.9	    0.0	    0.0	    0.0	    0.0	    0.0	    0.0	    0.0	    0.0	  100.0	   91.9	    0.0	    0.0	    0.0	    0.0	    1.2	  1	  -50.0	 1250.0	   91.9	    0.0	    0.0	1	 1173.9	 21	    0.0	    5.0	
   18	   1.80	    0.0	    0.0	  -89.9	    0.0	    0.0	    0.0	    0.0	    0.0	    0.0	    0.0	    0.0	  100.0	   91.4	    0.0	    0.0	    0.0	    0.0	    1.3	  1	  -50.0	 1250.0	   91.4	    0.0	    0.0	1	 1173.9	 21	    0.0	    5.0	
   19	   1.90	    0.0	    0.0	  -89.9	    0.0	    0.0	    0.0	    0.0	    0.0	    0.0	    0.0	    0.0	  100.0	   90.9	    0.0	    0.0	    0.0	    0.0	    1.4	  1	  -50.0	 1250.0	   90.9	    0.0	    0.0	1	 1173.9	 21	    0.0	    5.0	
   20	   2.00	    0.0	    0.0	  -89.9	    0.0	    0.0	    0.0	    0.0	    0.0	    0.0	    0.0	    0.0	  100.0	   90.4	    0.0	    0.0	    0.0	    0.0	    1.4	  1	  -50.0	 1250.0	   90.4	    0.0	    0.0	1	 1173.9	 21	    0.0	    5.0	
   21	   2.10	    0.0	    0.0	  -89.9	    0.0	    0.0	    0.0	    0.0	    0.0	    0.0	    0.0	    0.0	  100.0	   89.9	    0.0	    0.0	    0.0	    0.0	    1.5	  1	  -50.0	 1250.0	   89.9	    0.0	    0.0	1	 1173.9	 21	    0.0	    5.0	
   22	   2.20	    0.0	    0.0	  -89.9	    0.0	    0.0	    0.0	    0.0	    0.0	    0.0	    0.0	    0.0	  100.0	   89.4	    0.0	    0.0	    0.0	    0.0	    1.6	  1	  -50.0	 1250.0	   89.4	    0.0	    0.0	1	 1173.9	 21	    0.0	    5.0	
   23	   2.30	    0.0	    0.0	  -89.9	    0.0	    0.0	    0.0	    0.0	    0.0	    0.0	    0.0	    0.0	  100.0	   88.9	    0.0	    0.0	    0.0	    0.0	    1.6	  1	  -50.0	 1250.0	   88.9	    0.0	    0.0	1	 1173.9	 21	    0.0	    5.0	
   24	   2.40	    0.0	    0.0	  -89.9	    0.0	    0.0	    0.0	    0.0	    0.0	    0.0	    0.0	    0.0	  100.0	   88.4	    0.0	    0.0	    0.0	    0.0	    1.7	  1	  -50.0	 1250.0	   88.4	    0.0	    0.0	1	 1173.9	 21	    0.0	    5.0	
   25	   2.50	    0.0	    0.0	  -89.9	    0.0	    0.0	    0.0	    0.0	    0.0	    0.0	    0.0	    0.0	  100.0	   87.9	    0.0	    0.0	    0.0	    0.0	    1.8	  1	  -50.0	 1250.0	   87.9	    0.0	    0.0	1	 1173.9	 21	    0.0	    5.0	
   26	   2.60	    0.0	    0.0	  -89.9	    0.0	    0.0	    0.0	    0.0	    0.0	    0.0	    0.0	    0.0	  100.0	   87.4	    0.0	    0.0	    0.0	    0.0	    1.9	  1	  -50.0	 1250.0	   87.4	    0.0	    0.0	1	 1173.9	 21	    0.0	    5.0	
   27	   2.70	    0.0	    0.0	  -89.9	    0.0	    0.0	    0.0	    0.0	    0.0	    0.0	    0.0	    0.0	  100.0	   86.9	    0.0	    0.0	    0.0	    0.0	    1.9	  1	  -50.0	 1250.0	   86.9	    0.0	    0.0	1	 1173.9	 21	    0.0	    5.0	
   28	   2.80	    0.0	    0.0	  -89.9	    0.0	    0.0	    0.0	    0.0	    0.0	    0.0	    0.0	    0.0	  100.0	   86.4	    0.0	    0.0	    0.0	    0.0	    2.0	  1	  -50.0	 1250.0	   86.4	    0.0	    0.0	1	 1173.9	 21	    0.0	    5.0	
   29	   2.90	    0.0	    0.0	  -89.9	    0.0	    0.0	    0.0	    0.0	    0.0	    0.0	    0.0	    0.0	  100.0	   85.9	    0.0	    0.0	    0.0	    0.0	    2.1	  1	  -50.0	 1250.0	   85.9	    0.0	    0.0	1	 1173.9	 21	    0.0	    5.0	
   30	   3.00	    0.0	    0.0	  -89.9	    0.0	    0.0	    0.0	    0.0	    0.0	    0.0	    0.0	    0.0	  100.0	   85.4	    0.0	    0.0	    0.0	    0.0	    2.1	  1	  -50.0	 1250.0	   85.4	    0.0	    0.0	1	 1173.9	 21	    0.0	    5.0	
   31	   3.10	    0.0	    0.0	  -89.9	    0.0	    0.0	    0.0	    0.0	    0.0	    0.0	    0.0	    0.0	  100.0	   84.9	    0.0	    0.0	    0.0	    0.0	    2.2	  1	  -50.0	 1250.0	   84.9	    0.0	    0.0	1	 1173.9	 21	    0.0	    5.0	
   32	   3.20	    0.0	    0.0	  -89.9	    0.0	    0.0	    0.0	    0.0	    0.0	    0.0	    0.0	    0.0	  100.0	   84.4	    0.0	    0.0	    0.0	    0.0	    2.3	  1	  -50.0	 1250.0	   84.4	    0.0	    0.0	1	 1173.9	 21	    0.0	    5.0	
   33	   3.30	    0.0	    0.0	  -89.9	    0.0	    0.0	    0.0	    0.0	    0.0	    0.0	    0.0	    0.0	  100.0	   83.9	    0.0	    0.0	    0.0	    0.0	    2.4	  1	  -50.0	 1250.0	   83.9	    0.0	    0.0	1	 1173.9	 21	    0.0	    5.0	
   34	   3.40	    0.0	    0.0	  -89.9	    0.0	    0.0	    0.0	    0.0	    0.0	    0.0	    0.0	    0.0	  100.0	   83.4	    0.0	    0.0	    0.0	    0.0	    2.4	  1	  -50.0	 1250.0	   83.4	    0.0	    0.0	1	 1173.9	 21	    0.0	    5.0	
   35	   3.50	    0.0	    0.0	  -89.9	    0.0	    0.0	    0.0	    0.0	    0.0	    0.0	    0.0	    0.0	  100.0	   82.9	    0.0	    0.0	    0.0	    0.0	    2.5	  1	  -50.0	 1250.0	   82.9	    0.0	    0.0	1	 1173.1	 21	    0.0	    5.0	
   36	   3.60	    0.0	    0.0	  -90.5	    0.0	    0.0	    0.0	    0.0	    0.0	    0.0	    0.0	    0.0	  100.0	   82.4	    0.0	    0.0	    0.0	    0.0	    2.6	  1	  -50.0	 1250.0	   82.4	    0.0	    0.0	1	 1172.3	 21	    0.0	    5.0	
   37	   3.70	    0.0	    0.0	  -91.3	    0.0	    0.0	    0.0	    0.0	    0.0	    0.0	    0.0	    0.0	  100.0	   81.9	    0.0	    0.0	    0.0	    0.0	    2.6	  1	  -50.0	 1250.0	   81.9	    0.0	    0.0	1	 1171.5	 21	    0.0	    5.0	
   38	   3.80	    0.0	    0.0	  -92.3	    0.0	    0.0	    0.0	    0.0	    0.0	    0.0	    0.0	    0.0	  100.0	   81.4	    0.0	    0.0	    0.0	    0.0	    2.7	  1	  -50.0	 1250.0	   81.4	    0.0	    0.0	1	 1170.7	 21	    0.0	    5.0	
   39	   3.90	    0.0	    0.0	  -93.7	    0.0	    0.0	    0.0	    0.0	    0.0	    0.0	    0.0	    0.0	  100.0	   80.9	    0.0	    0.0	    0.0	    0.0	    2.8	  1	  -50.0	 1250.0	   80.9	    0.0	    0.0	1	 1169.9	 21	    0.0	    5.0	
   40	   4.00	    0.0	    0.0	  -95.4	    0.0	    0.0	    0.0	    0.0	    0.0	    0.0	    0.0	    0.0	  100.0	   80.4	    0.0	    0.0	    0.0	    0.0	    2.9	  1	  -50.0	 1250.0	   80.4	    0.0	    0.0	1	 1169.0	 21	    0.0	    5.0	
   41	   4.10	    0.0	    0.0	  -97.7	    0.0	    0.0	    0.0	    0.0	    0.0	    0.0	    0.0	    0.0	  100.0	   79.9	    0.0	    0.0	    0.0	    0.0	    2.9	  1	  -50.0	 1250.0	   79.9	    0.0	    0.0	1	 1168.2	 21	    0.0	    5.0	
   42	   4.20	    0.0	    0.0	 -100.6	    0.0	    0.0	    0.0	    0.0	    0.0	    0.0	    0.0	    0.0	  100.0	   79.4	    0.0	    0.0	    0.0	    0.0	    3.0	  1	  -50.0	 1250.0	   79.4	    0.0	    0.0	1	 1167.4	 21	    0.0	    5.0	
   43	   4.30	    0.0	    0.0	 -104.3	    0.0	    0.0	    0.0	    0.0	    0.0	    0.0	    0.0	    0.0	  100.0	   78.9	    0.0	    0.0	    0.0	    0.0	    3.1	  1	  -50.0	 1250.0	   78.9	    0.0	    0.0	1	 1166.5	 21	    0.0	    5.0	
   44	   4.40	    0.0	    0.0	 -108.9	    0.0	    0.0	    0.0	    0.0	    0.0	    0.0	    0.0	    0.0	  100.0	   78.4	    0.0	    0.0	    0.0	    0.0	    3.1	  1	  -50.0	 1250.0	   78.4	    0.0	    0.0	1	 1165.7	 21	    0.0	    5.0	
   45	   4.50	    0.0	    0.0	 -114.5	    0.0	    0.0	    0.0	    0.0	    0.0	    0.0	    0.0	    0.0	  100.0	   77.9	    0.0	    0.0	    0.0	    0.0	    3.2	  1	  -50.0	 1250.0	   77.9	    0.0	    0.0	1	 1164.8	 21	    0.0	    5.0	
   46	   4.60	    0.0	    0.0	 -121.1	    0.0	    0.0	    0.0	    0.0	    0.0	    0.0	    0.0	    0.0	  100.0	   77.4	    0.0	    0.0	    0.0	    0.0	    3.3	  1	  -50.0	 1250.0	   77.4	    0.0	    0.0	1	 1163.9	 21	    0.0	    5.0	
   47	   4.70	    0.0	    0.0	 -128.4	    0.0	    0.0	    0.0	    0.0	    0.0	    0.0	    0.0	    0.0	  100.0	   76.9	    0.0	    0.0	    0.0	    0.0	    3.4	  1	  -50.0	 1250.0	   76.9	    0.0	    0.0	1	 1163.1	 21	    0.0	    5.0	
   48	   4.80	    0.0	    0.0	 -136.0	    0.0	    0.0	    0.0	    0.0	    0.0	    0.0	    0.0	    0.0	  100.0	   76.4	    0.0	    0.0	    0.0	    0.0	    3.4	  1	  -50.0	 1250.0	   76.4	    0.0	    0.0	1	 1162.2	 21	    0.0	    5.0	
   49	   4.90	    0.0	    0.0	 -143.3	    0.0	    0.0	    0.0	    0.0	    0.0	    0.0	    0.0	    0.0	  100.0	   75.9	    0.0	    0.0	    0.0	    0.0	    3.5	  1	  -50.0	 1250.0	   75.9	    0.0	    0.0	1	 1161.3	 21	    0.0	    5.0	
   50	   5.00	    0.0	    0.0	 -150.1	    0.0	    0.0	    0.0	    0.0	    0.0	    0.0	    0.0	    0.0	  100.0	   75.4	    0.0	    0.0	    0.0	    0.0	    3.6	  1	  -50.0	 1250.0	   75.4	    0.0	    0.0	1	 1160.4	 21	    0.0	    5.0	
   51	   5.10	    0.0	    0.0	 -155.9	    0.0	    0.0	    0.0	    0.0	    0.0	    0.0	    0.0	    0.0	  100.0	   74.9	    0.0	    0.0	    0.0	    0.0	    3.6	  1	  -50.0	 1250.0	   74.9	    0.0	    0.0	1	 1159.5	 21	    0.0	    5.0	
   52	   5.20	    0.0	    0.0	 -160.7	    0.0	    0.0	    0.0	    0.0	    0.0	    0.0	    0.0	    0.0	  100.0	   74.4	    0.0	    0.0	    0.0	    0.0	    3.7	  1	  -50.0	 1250.0	   74.4	    0.0	    0.0	1	 1158.6	 21	    0.0	    5.0	
   53	   5.30	    0.0	    0.0	 -164.6	    0.0	    0.0	    0.0	    0.0	    0.0	    0.0	    0.0	    0.0	  100.0	   73.9	    0.0	    0.0	    0.0	    0.0	    3.8	  1	  -50.0	 1250.0	   73.9	    0.0	    0.0	1	 1157.7	 21	    0.0	    5.0	
   54	   5.40	    0.0	    0.0	 -167.7	    0.0	    0.0	    0.0	    0.0	    0.0	    0.0	    0.0	    0.0	  100.0	   73.4	    0.0	    0.0	    0.0	    0.0	    3.9	  1	  -50.0	 1250.0	   73.4	    0.0	    0.0	1	 1156.8	 21	    0.0	    5.0	
   55	   5.50	    0.0	    0.0	 -170.0	    0.0	    0.0	    0.0	    0.0	    0.0	    0.0	    0.0	    0.0	  100.0	   72.9	    0.0	    0.0	    0.0	    0.0	    3.9	  1	  -50.0	 1250.0	   72.9	    0.0	    0.0	1	 1155.9	 21	    0.0	    5.0	
   56	   5.60	    0.0	    0.0	   92.0	    0.0	    0.0	    0.0	    0.0	    0.0	    0.0	    0.0	    0.0	  100.0	   72.4	    0.0	    0.0	    0.0	    0.0	    4.0	  1	  -50.0	 1250.0	   72.4	    0.0	    0.0	1	 1155.1	 21	    0.0	    5.0	
   57	   5.70	    0.0	    0.0	   92.0	    0.0	    0.0	    0.0	    0.0	    0.0	    0.0	    0.0	    0.0	  100.0	   71.9	    0.0	    0.0	    0.0	    0.0	    4.1	  1	  -50.0	 1250.0	   71.9	    0.0	    0.0	1	 1154.5	 21	    0.0	    5.0	
   58	   5.80	    0.0	    0.0	   91.9	    0.0	    0.0	    0.0	    0.0	    0.0	    0.0	    0.0	    0.0	  100.0	   71.4	    0.0	    0.0	    0.0	    0.0	    4.1	  1	  -50.0	 1250.0	   71.4	    0.0	    0.0	1	 1153.8	 21	    0.0	    5.0	
   59	   5.90	    0.0	    0.0	   91.9	    0.0	    0.0	    0.0	    0.0	    0.0	    0.0	    0.0	    0.0	  100.0	   70.9	    0.0	    0.0	    0.0	    0.0	    4.2	  1	  -50.0	 1250.0	   70.9	    0.0	    0.0	1	 1153.1	 21	    0.0	    5.0	
   60	   6.00	    0.0	    0.0	   91.8	    0.0	    0.0	    0.0	    0.0	    0.0	    0.0	    0.0	    0.0	  100.0	   70.4	    0.0	    0.0	    0.0	    0.0	    4.3	  1	  -50.0	 1250.0	   70.4	    0.0	    0.0	1	 1152.4	 21	    0.0	    5.0	
   61	   6.10	    0.0	    0.0	   91.7	    0.0	    0.0	    0.0	    0.0	    0.0	    0.0	    0.0	    0.0	  100.0	   69.9	    0.0	    0.0	    0.0	    0.0	    4.4	  1	  -50.0	 1250.0	   69.9	    0.0	    0.0	1	 1151.7	 21	    0.0	    5.0	
   62	   6.20	    0.0	    0.0	   91.6	    0.0	    0.0	    0.0	    0.0	    0.0	    0.0	    0.0	    0.0	  100.0	   69.4	    0.0	    0.0	    0.0	    0.0	    4.4	  1	  -50.0	 1250.0	   69.4	    0.0	    0.0	1	 1151.0	 21	    0.0	    5.0	
   63	   6.30	    0.0	    0.0	   91.4	    0.0	    0.0	    0.0	    0.0	    0.0	    0.0	    0.0	    0.0	  100.0	   68.9	    0.0	    0.0	    0.0	    0.0	    4.5	  1	  -50.0	 1250.0	   68.9	    0.0	    0.0	1	 1150.3	 21	    0.0	    5.0	
   64	   6.40	    0.0	    0.0	   91.2	    0.0	    0.0	    0.0	    0.0	    0.0	    0.0	    0.0	    0.0	  100.0	   68.4	    0.0	    0.0	    0.0	    0.0	    4.6	  1	  -50.0	 1250.0	   68.4	    0.0	    0.0	1	 1149.6	 21	    0.0	    5.0	
   65	   6.50	    0.0	    0.0	   90.8	    0.0	    0.0	    0.0	    0.0	    0.0	    0.0	    0.0	    0.0	  100.0	   67.9	    0.0	    0.0	    0.0	    0.0	    4.6	  1	  -50.0	 1250.0	   67.9	    0.0	    0.0	1	 1148.9	 21	    0.0	    5.0	
   66	   6.60	    0.0	    0.0	   90.4	    0.0	    0.0	    0.0	    0.0	    0.0	    0.0	    0.0	    0.0	  100.0	   67.4	    0.0	    0.0	    0.0	    0.0	    4.7	  1	  -50.0	 1250.0	   67.4	    0.0	    0.0	1	 1148.1	 21	    0.0	    5.0	
   67	   6.70	    0.0	    0.0	   89.9	    0.0	    0.0	    0.0	    0.0	    0.0	    0.0	    0.0	    0.0	  100.0	   66.9	    0.0	    0.0	    0.0	    0.0	    4.8	  1	  -50.0	 1250.0	   66.9	    0.0	    0.0	1	 1147.3	 21	    0.0	    5.0	
   68	   6.80	    0.0	 1500.0	   89.0	    0.0	 1500.0	    0.0	  200.0	    0.0	 1500.0	    0.0	  200.0	  100.0	   74.7	    0.0	    0.0	    0.0	    0.0	    4.5	  1	  -50.0	 2750.0	   74.7	    0.0	    0.0	1	  455.9	 21	 1207.6	 -192.4	
   69	   6.90	    0.0	 1500.0	   84.7	    0.0	 1500.0	    0.0	  200.0	    0.0	 1500.0	    0.0	  200.0	  100.0	   74.2	    0.0	    0.0	    0.0	    0.0	    4.5	  1	-1250.0	 1550.0	   74.2	    0.0	    0.0	1	  414.7	 21	    0.0	    0.0	
   70	   7.00	    0.0	 1500.0	  125.0	    0.0	 1500.0	    0.0	  200.0	    0.0	 1500.0	    0.0	  200.0	  100.0	   73.7	    0.0	    0.0	    0.0	    0.0	    4.6	  1	-1250.0	 1550.0	   73.7	    0.0	    0.0	1	  414.0	 21	    0.0	    0.0	
   71	   7.10	    0.0	 1500.0	  157.1	    0.0	 1500.0	    0.0	  200.0	    0.0	 1500.0	    0.0	  200.0	  100.0	   73.2	    0.0	    0.0	    0.0	    0.0	    4.6	  1	-1250.0	 1550.0	   73.2	    0.0	    0.0	1	  413.3	 21	    0.0	    0.0	
   72	   7.20	    0.0	 1500.0	  167.2	    0.0	 1500.0	    0.0	  200.0	    0.0	 1500.0	    0.0	  200.0	  100.0	   72.7	    0.0	    0.0	    0.0	    0.0	    4.7	  1	-1250.0	 1550.0	   72.7	    0.0	    0.0	1	  412.6	 21	    0.0	    0.0	
   73	   7.30	    0.0	 1500.0	  169.4	    0.0	 1500.0	    0.0	  200.0	    0.0	 1500.0	    0.0	  200.0	  100.0	   72.2	    0.0	    0.0	    0.0	    0.0	    4.7	  1	-1250.0	 1550.0	   72.2	    0.0	    0.0	1	  411.9	 21	    0.0	    0.0	
   74	   7.40	    0.0	 1500.0	  169.8	    0.0	 1500.0	    0.0	  200.0	    0.0	 1500.0	    0.0	  200.0	  100.0	   71.7	    0.0	    0.0	    0.0	    0.0	    4.8	  1	-1250.0	 1550.0	   71.7	    0.0	    0.0	1	  411.2	 21	    0.0	    0.0	
   75	   7.50	    0.0	 1500.0	  169.9	    0.0	 1500.0	    0.0	  200.0	    0.0	 1500.0	    0.0	  200.0	  100.0	   71.2	    0.0	    0.0	    0.0	    0.0	    4.8	  1	-1250.0	 1550.0	   71.2	    0.0	    0.0	1	  410.5	 21	    0.0	    0.0	
   76	   7.60	    0.0	 1500.0	  169.9	    0.0	 1500.0	    0.0	  200.0	    0.0	 1500.0	    0.0	  200.0	  100.0	   70.7	    0.0	    0.0	    0.0	    0.0	    4.9	  1	-1250.0	 1550.0	   70.7	    0.0	    0.0	1	  409.8	 21	    0.0	    0.0	
   77	   7.70	    0.0	 1500.0	  169.8	    0.0	 1500.0	    0.0	  200.0	    0.0	 1500.0	    0.0	  200.0	  100.0	   70.2	    0.0	    0.0	    0.0	    0.0	    5.0	  1	-1250.0	 1550.0	   70.2	    0.0	    0.0	1	  409.1	 21	    0.0	    0.0	
   78	   7.80	    0.0	 1500.0	  169.5	    0.0	 1500.0	    0.0	  200.0	    0.0	 1500.0	    0.0	  200.0	  100.0	   69.7	    0.0	    0.0	    0.0	    0.0	    5.1	  1	-1250.0	 1550.0	   69.7	    0.0	    0.0	1	  408.4	 21	    0.0	    0.0	
   79	   7.90	    0.0	 1500.0	  169.2	    0.0	 1500.0	    0.0	  200.0	    0.0	 1500.0	    0.0	  200.0	  100.0	   69.2	    0.0	    0.0	    0.0	    0.0	    5.1	  1	-1250.0	 1550.0	   69.2	    0.0	    0.0	1	  407.7	 21	    0.0	    0.0	
   80	   8.00	    0.0	 1500.0	  168.5	    0.0	 1500.0	    0.0	  200.0	    0.0	 1500.0	    0.0	  200.0	  100.0	   68.7	    0.0	    0.0	    0.0	    0.0	    5.2	  1	-1250.0	 1550.0	   68.7	    0.0	    0.0	1	  407.0	 21	    0.0	    0.0	
   81	   8.10	    0.0	 1500.0	  166.8	    0.0	 1500.0	    0.0	  200.0	    0.0	 1500.0	    0.0	  200.0	  100.0	   68.2	    0.0	    0.0	    0.0	    0.0	    5.3	  1	-1250.0	 1550.0	   68.2	    0.0	    0.0	1	  406.3	 21	    0.0	    0.0	
   82	   8.20	    0.0	 1500.0	  159.6	    0.0	 1500.0	    0.0	  200.0	    0.0	 1500.0	    0.0	  200.0	  100.0	   67.7	    0.0	    0.0	    0.0	    0.0	    5.3	  1	-1250.0	 1550.0	   67.7	    0.0	    0.0	1	  405.6	 21	    0.0	    0.0	
   83	   8.30	    0.0	 1500.0	   19.3	    0.0	 1500.0	    0.0	  200.0	    0.0	 1500.0	    0.0	  200.0	  100.0	   67.2	    0.0	    0.0	    0.0	    0.0	    5.4	  1	-1250.0	 1550.0	   67.2	    0.0	    0.0	1	  404.8	 21	    0.0	    0.0	
   84	   8.40	    0.0	 1500.0	    3.7	    0.0	 1500.0	    0.0	  200.0	    0.0	 1500.0	    0.0	  200.0	  100.0	   66.7	    0.0	    0.0	    0.0	    0.0	    5.5	  1	-1250.0	 1550.0	   66.7	    0.0	    0.0	1	  404.1	 21	    0.0	    0.0	
   85	   8.50	    0.0	 1500.0	    3.7	    0.0	 1500.0	    0.0	  200.0	    0.0	 1500.0	    0.0	  200.0	  100.0	   66.2	    0.0	    0.0	    0.0	    0.0	    5.5	  1	-1250.0	 1550.0	   66.2	    0.0	    0.0	1	  403.4	 21	    0.0	    0.0	
   86	   8.60	    0.0	 1500.0	    3.7	    0.0	 1500.0	    0.0	  200.0	    0.0	 1500.0	    0.0	  200.0	  100.0	   65.7	    0.0	    0.0	    0.0	    0.0	    5.6	  1	-1250.0	 1550.0	   65.7	    0.0	    0.0	1	  402.7	 21	    0.0	    0.0	
   87	   8.70	    0.0	 1500.0	    3.7	    0.0	 1500.0	    0.0	  200.0	    0.0	 1500.0	    0.0	  200.0	  100.0	   65.2	    0.0	    0.0	    0.0	    0.0	    5.7	  1	-1250.0	 1550.0	   65.2	    0.0	    0.0	1	  402.0	 21	    0.0	    0.0	
   88	   8.80	    0.0	 1500.0	    3.7	    0.0	 1500.0	    0.0	  200.0	    0.0	 1500.0	    0.0	  200.0	  100.0	   64.7	    0.0	    0.0	    0.0	    0.0	    5.7	  1	-1250.0	 1550.0	   64.7	    0.0	    0.0	1	  401.2	 21	    0.0	    0.0	
   89	   8.90	    0.0	 1500.0	    3.7	    0.0	 1500.0	    0.0	  200.0	    0.0	 1500.0	    0.0	  200.0	  100.0	   64.2	    0.0	    0.0	    0.0	    0.0	    5.8	  1	-1250.0	 1550.0	   64.2	    0.0	    0.0	1	  400.5	 21	    0.0	    0.0	
   90	   9.00	    0.0	 1500.0	    3.7	    0.0	 1500.0	    0.0	  200.0	    0.0	 1500.0	    0.0	  200.0	  100.0	   63.7	    0.0	    0.0	    0.0	    0.0	    5.9	  1	-1250.0	 1550.0	   63.7	    0.0	    0.0	1	  399.8	 21	    0.0	    0.0	
   91	   9.10	    0.0	 1500.0	    3.7	    0.0	 1500.0	    0.0	  200.0	    0.0	 1500.0	    0.0	  200.0	  100.0	   63.2	    0.0	    0.0	    0.0	    0.0	    5.9	  1	-1250.0	 1550.0	   63.2	    0.0	    0.0	1	  399.1	 21	    0.0	    0.0	
   92	   9.20	    0.0	 1500.0	    3.8	    0.0	 1500.0	    0.0	  200.0	    0.0	 1500.0	    0.0	  200.0	  100.0	   62.7	    0.0	    0.0	    0.0	    0.0	    6.0	  1	-1250.0	 1550.0	   62.7	    0.0	    0.0	1	  398.3	 21	    0.0	    0.0	
   93	   9.30	    0.0	 1500.0	    3.8	    0.0	 1500.0	    0.0	  200.0	    0.0	 1500.0	    0.0	  200.0	  100.0	   62.2	    0.0	    0.0	    0.0	    0.0	    6.1	  1	-1250.0	 1550.0	   62.2	    0.0	    0.0	1	  397.6	 21	    0.0	    0.0	
   94	   9.40	    0.0	 1500.0	    3.8	    0.0	 1500.0	    0.0	  200.0	    0.0	 1500.0	    0.0	  200.0	  100.0	   61.7	    0.0	    0.0	    0.0	    0.0	    6.1	  1	-1250.0	 1550.0	   61.7	    0.0	    0.0	1	  396.9	 21	    0.0	    0.0	
   95	   9.50	    0.0	 1500.0	    3.8	    0.0	 1500.0	    0.0	  200.0	    0.0	 1500.0	    0.0	  200.0	  100.0	   61.2	    0.0	    0.0	    0.0	    0.0	    6.2	  1	-1250.0	 1550.0	   61.2	    0.0	    0.0	1	  396.2	 21	    0.0	    0.0	
   96	   9.60	    0.0	 1500.0	    3.8	    0.0	 1500.0	    0.0	  200.0	    0.0	 1500.0	    0.0	  200.0	  100.0	   60.7	    0.0	    0.0	    0.0	    0.0	    6.3	  1	-1250.0	 1550.0	   60.7	    0.0	    0.0	1	  395.4	 21	    0.0	    0.0	
   97	   9.70	    0.0	 1500.0	    3.8	    0.0	 1500.0	    0.0	  200.0	    0.0	 1500.0	    0.0	  200.0	  100.0	   60.2	    0.0	    0.0	    0.0	    0.0	    6.3	  1	-1250.0	 1550.0	   60.2	    0.0	    0.0	1	  394.7	 21	    0.0	    0.0	
   98	   9.80	    0.0	 1500.0	    3.8	    0.0	 1500.0	    0.0	  200.0	    0.0	 1500.0	    0.0	  200.0	  100.0	   59.7	    0.0	    0.0	    0.0	    0.0	    6.4	  1	-1250.0	 1550.0	   59.7	    0.0	    0.0	1	  394.0	 21	    0.0	    0.0	
   99	   9.90	    0.0	 1500.0	    3.8	    0.0	 1500.0	    0.0	  200.0	    0.0	 1500.0	    0.0	  200.0	  100.0	   59.2	    0.0	    0.0	    0.0	    0.0	    6.5	  1	-1250.0	 1550.0	   59.2	    0.0	    0.0	1	  393.2	 21	    0.0	    0.0	
  100	  10.00	    0.0	 1500.0	    3.8	    0.0	 1500.0	    0.0	  200.0	    0.0	 1500.0	    0.0	  200.0	  100.0	   58.7	    0.0	    0.0	    0.0	    0.0	    6.5	  1	-1250.0	 1550.0	   58.7	    0.0	    0.0	1	  392.5	 21	    0.0	    0.0	
  101	  10.10	    0.0	 1500.0	    3.8	    0.0	 1500.0	    0.0	  200.0	    0.0	 1500.0	    0.0	  200.0	  100.0	   58.2	    0.0	    0.0	    0.0	    0.0	    6.6	  1	-1250.0	 1550.0	   58.2	    0.0	    0.0	1	  391.8	 21	    0.0	    0.0	
  102	  10.20	    0.0	 1500.0	    3.9	    0.0	 1500.0	    0.0	  200.0	    0.0	 1500.0	    0.0	  200.0	  100.0	   57.7	    0.0	    0.0	    0.0	    0.0	    6.7	  1	-1250.0	 1550.0	   57.7	    0.0	    0.0	1	  391.0	 21	    0.0	    0.0	
  103	  10.30	    0.0	 1500.0	    3.9	    0.0	 1500.0	    0.0	  200.0	    0.0	 1500.0	    0.0	  200.0	  100.0	   57.2	    0.0	    0.0	    0.0	    0.0	    6.7	  1	-1250.0	 1550.0	   57.2	    0.0	    0.0	1	  390.3	 21	    0.0	    0.0	
  104	  10.40	    0.0	 1500.0	    3.9	    0.0	 1500.0	    0.0	  200.0	    0.0	 1500.0	    0.0	  200.0	  100.0	   56.7	    0.0	    0.0	    0.0	    0.0	    6.8	  1	-1250.0	 1550.0	   56.7	    0.0	    0.0	1	  389.5	 21	    0.0	    0.0	
  105	  10.50	    0.0	 1500.0	    4.0	    0.0	 1500.0	    0.0	  200.0	    0.0	 1500.0	    0.0	  200.0	  100.0	   56.2	    0.0	    0.0	    0.0	    0.0	    6.9	  1	-1250.0	 1550.0	   56.2	    0.0	    0.0	1	  388.8	 21	    0.0	    0.0	
  106	  10.60	    0.0	 1500.0	    4.1	    0.0	 1500.0	    0.0	  200.0	    0.0	 1500.0	    0.0	  200.0	  100.0	   55.7	    0.0	    0.0	    0.0	    0.0	    7.0	  1	-1250.0	 1550.0	   55.7	    0.0	    0.0	1	  388.0	 21	    0.0	    0.0	
  107	  10.70	    0.0	 1500.0	    4.2	    0.0	 1500.0	    0.0	  200.0	    0.0	 1500.0	    0.0	  200.0	  100.0	   55.2	    0.0	    0.0	    0.0	    0.0	    7.0	  1	-1250.0	 1550.0	   55.2	    0.0	    0.0	1	  387.3	 21	    0.0	    0.0	
  108	  10.80	    0.0	 1500.0	    4.3	    0.0	 1500.0	    0.0	  200.0	    0.0	 1500.0	    0.0	  200.0	  100.0	   54.7	    0.0	    0.0	    0.0	    0.0	    7.1	  1	-1250.0	 1550.0	   54.7	    0.0	    0.0	1	  386.6	 21	    0.0	    0.0	
  109	  10.90	    0.0	 1500.0	    4.5	    0.0	 1500.0	    0.0	  200.0	    0.0	 1500.0	    0.0	  200.0	  100.0	   54.2	    0.0	    0.0	    0.0	    0.0	    7.2	  1	-1250.0	 1550.0	   54.2	    0.0	    0.0	1	  385.8	 21	    0.0	    0.0	
  110	  11.00	    0.0	 1500.0	    4.7	    0.0	 1500.0	    0.0	  200.0	    0.0	 1500.0	    0.0	  200.0	  100.0	   53.7	    0.0	    0.0	    0.0	    0.0	    7.2	  1	-1250.0	 1550.0	   53.7	    0.0	    0.0	1	  385.1	 21	    0.0	    0.0	
  111	  11.10	    0.0	 1500.0	    5.0	    0.0	 1500.0	    0.0	  200.0	    0.0	 1500.0	    0.0	  200.0	  100.0	   53.2	    0.0	    0.0	    0.0	    0.0	    7.3	  1	-1250.0	 1550.0	   53.2	    0.0	    0.0	1	  384.3	 21	    0.0	    0.0	
  112	  11.20	    0.0	 1500.0	    5.4	    0.0	 1500.0	    0.0	  200.0	    0.0	 1500.0	    0.0	  200.0	  100.0	   52.7	    0.0	    0.0	    0.0	    0.0	    7.4	  1	-1250.0	 1550.0	   52.7	    0.0	    0.0	1	  383.6	 21	    0.0	    0.0	
  113	  11.30	    0.0	 1500.0	    5.8	    0.0	 1500.0	    0.0	  200.0	    0.0	 1500.0	    0.0	  200.0	  100.0	   52.2	    0.0	    0.0	    0.0	    0.0	    7.4	  1	-1250.0	 1550.0	   52.2	    0.0	    0.0	1	  382.8	 21	    0.0	    0.0	
  114	  11.40	    0.0	 1500.0	    6.4	    0.0	 1500.0	    0.0	  200.0	    0.0	 1500.0	    0.0	  200.0	  100.0	   51.7	    0.0	    0.0	    0.0	    0.0	    7.5	  1	-1250.0	 1550.0	   51.7	    0.0	    0.0	1	  382.1	 21	    0.0	    0.0	
  115	  11.50	    0.0	 1500.0	    7.1	    0.0	 1500.0	    0.0	  200.0	    0.0	 1500.0	    0.0	  200.0	  100.0	   51.2	    0.0	    0.0	    0.0	    0.0	    7.6	  1	-1250.0	 1550.0	   51.2	    0.0	    0.0	1	  381.3	 21	    0.0	    0.0	
  116	  11.60	    0.0	 1500.0	    8.1	    0.0	 1500.0	    0.0	  200.0	    0.0	 1500.0	    0.0	  200.0	  100.0	   50.7	    0.0	    0.0	    0.0	    0.0	    7.6	  1	-1250.0	 1550.0	   50.7	    0.0	    0.0	1	  380.5	 21	    0.0	    0.0	
  117	  11.70	    0.0	 1500.0	    9.3	    0.0	 1500.0	    0.0	  200.0	    0.0	 1500.0	    0.0	  200.0	  100.0	   50.2	    0.0	    0.0	    0.0	    0.0	    7.7	  1	-1250.0	 1550.0	   50.2	    0.0	    0.0	1	  379.8	 21	    0.0	    0.0	
  118	  11.80	    0.0	 1500.0	   10.9	    0.0	 1500.0	    0.0	  200.0	    0.0	 1500.0	    0.0	  200.0	  100.0	   49.7	    0.0	    0.0	    0.0	    0.0	    7.8	  1	-1250.0	 1550.0	   49.7	    0.0	    0.0	1	  379.0	 21	    0.0	    0.0	
  119	  11.90	    0.0	 1500.0	   13.0	    0.0	 1500.0	    0.0	  200.0	    0.0	 1500.0	    0.0	  200.0	  100.0	   49.2	    0.0	    0.0	    0.0	    0.0	    7.8	  1	-1250.0	 1550.0	   49.2	    0.0	    0.0	1	  378.3	 21	    0.0	    0.0	
  120	  12.00	    0.0	 1500.0	   15.7	    0.0	 1500.0	    0.0	  200.0	    0.0	 1500.0	    0.0	  200.0	  100.0	   48.7	    0.0	    0.0	    0.0	    0.0	    7.9	  1	-1250.0	 1550.0	   48.7	    0.0	    0.0	1	  377.5	 21	    0.0	    0.0	
  121	  12.10	    0.0	 1500.0	   19.1	    0.0	 1500.0	    0.0	  200.0	    0.0	 1500.0	    0.0	  200.0	  100.0	   48.2	    0.0	    0.0	    0.0	    0.0	    8.0	  1	-1250.0	 1550.0	   48.2	    0.0	    0.0	1	  376.7	 21	    0.0	    0.0	
  122	  12.20	    0.0	 1500.0	   23.4	    0.0	 1500.0	    0.0	  200.0	    0.0	 1500.0	    0.0	  200.0	  100.0	   47.7	    0.0	    0.0	    0.0	    0.0	    8.0	  1	-1250.0	 1550.0	   47.7	    0.0	    0.0	1	  376.0	 21	    0.0	    0.0	
  123	  12.30	    0.0	 1500.0	   28.6	    0.0	 1500.0	    0.0	  200.0	    0.0	 1500.0	    0.0	  200.0	  100.0	   47.2	    0.0	    0.0	    0.0	    0.0	    8.1	  1	-1250.0	 1550.0	   47.2	    0.0	    0.0	1	  375.2	 21	    0.0	    0.0	
  124	  12.40	    0.0	 1500.0	   34.7	    0.0	 1500.0	    0.0	  200.0	    0.0	 1500.0	    0.0	  200.0	  100.0	   46.7	    0.0	    0.0	    0.0	    0.0	    8.2	  1	-1250.0	 1550.0	   46.7	    0.0	    0.0	1	  374.5	 21	    0.0	    0.0	
  125	  12.50	    0.0	 1500.0	   41.0	    0.0	 1500.0	    0.0	  200.0	    0.0	 1500.0	    0.0	  200.0	  100.0	   46.2	    0.0	    0.0	    0.0	    0.0	    8.2	  1	-1250.0	 1550.0	   46.2	    0.0	    0.0	1	  373.7	 21	    0.0	    0.0	
  126	  12.60	    0.0	 1500.0	   47.7	    0.0	 1500.0	    0.0	  200.0	    0.0	 1500.0	    0.0	  200.0	  100.0	   45.7	    0.0	    0.0	    0.0	    0.0	    8.3	  1	-1250.0	 1550.0	   45.7	    0.0	    0.0	1	  372.9	 21	    0.0	    0.0	
  127	  12.70	    0.0	 1500.0	   54.6	    0.0	 1500.0	    0.0	  200.0	    0.0	 1500.0	    0.0	  200.0	  100.0	   45.2	    0.0	    0.0	    0.0	    0.0	    8.4	  1	-1250.0	 1550.0	   45.2	    0.0	    0.0	1	  372.2	 21	    0.0	    0.0	
  128	  12.80	    0.0	 1500.0	   61.2	    0.0	 1500.0	    0.0	  200.0	    0.0	 1500.0	    0.0	  200.0	  100.0	   44.7	    0.0	    0.0	    0.0	    0.0	    8.4	  1	-1250.0	 1550.0	   44.7	    0.0	    0.0	1	  371.4	 21	    0.0	    0.0	
  129	  12.90	    0.0	 1500.0	   67.2	    0.0	 1500.0	    0.0	  200.0	    0.0	 1500.0	    0.0	  200.0	  100.0	   44.2	    0.0	    0.0	    0.0	    0.0	    8.5	  1	-1250.0	 1550.0	   44.2	    0.0	    0.0	1	  370.6	 21	    0.0	    0.0	
  130	  13.00	    0.0	 1500.0	   72.5	    0.0	 1500.0	    0.0	  200.0	    0.0	 1500.0	    0.0	  200.0	  100.0	   43.7	    0.0	    0.0	    0.0	    0.0	    8.6	  1	-1250.0	 1550.0	   43.7	    0.0	    0.0	1	  369.9	 21	    0.0	    0.0	
  131	  13.10	    0.0	 1500.0	   76.8	    0.0	 1500.0	    0.0	  200.0	    0.0	 1500.0	    0.0	  200.0	  100.0	   43.2	    0.0	    0.0	    0.0	    0.0	    8.6	  1	-1250.0	 1550.0	   43.2	    0.0	    0.0	1	  369.1	 21	    0.0	    0.0	
  132	  13.20	    0.0	 1500.0	   80.3	    0.0	 1500.0	    0.0	  200.0	    0.0	 1500.0	    0.0	  200.0	  100.0	   42.7	    0.0	    0.0	    0.0	    0.0	    8.7	  1	-1250.0	 1550.0	   42.7	    0.0	    0.0	1	  368.3	 21	    0.0	    0.0	
  133	  13.30	    0.0	 1500.0	   83.2	    0.0	 1500.0	    0.0	  200.0	    0.0	 1500.0	    0.0	  200.0	  100.0	   42.2	    0.0	    0.0	    0.0	    0.0	    8.8	  1	-1250.0	 1550.0	   42.2	    0.0	    0.0	1	  367.5	 21	    0.0	    0.0	
  134	  13.40	    0.0	 1500.0	 -177.6	    0.0	 1500.0	    0.0	  200.0	    0.0	 1500.0	    0.0	  200.0	  100.0	   41.7	    0.0	    0.0	    0.0	    0.0	    8.8	  1	-1250.0	 1550.0	   41.7	    0.0	    0.0	1	  366.8	 21	    0.0	    0.0	
  135	  13.50	    0.0	 1500.0	 -177.0	    0.0	 1500.0	    0.0	  200.0	    0.0	 1500.0	    0.0	  200.0	  100.0	   41.2	    0.0	    0.0	    0.0	    0.0	    8.9	  1	-1250.0	 1550.0	   41.2	    0.0	    0.0	1	  366.0	 21	    0.0	    0.0	
  136	  13.60	    0.0	 1500.0	 -177.0	    0.0	 1500.0	    0.0	  200.0	    0.0	 1500.0	    0.0	  200.0	  100.0	   40.7	    0.0	    0.0	    0.0	    0.0	    9.0	  1	-1250.0	 1550.0	   40.7	    0.0	    0.0	1	  365.2	 21	    0.0	    0.0	
  137	  13.70	    0.0	 1500.0	 -177.0	    0.0	 1500.0	    0.0	  200.0	    0.0	 1500.0	    0.0	  200.0	  100.0	   40.2	    0.0	    0.0	    0.0	    0.0	    9.1	  1	-1250.0	 1550.0	   40.2	    0.0	    0.0	1	  364.4	 21	    0.0	    0.0	
  138	  13.80	    0.0	 1500.0	 -177.0	    0.0	 1500.0	    0.0	  200.0	    0.0	 1500.0	    0.0	  200.0	  100.0	   39.7	    0.0	    0.0	    0.0	    0.0	    9.1	  1	-1250.0	 1550.0	   39.7	    0.0	    0.0	1	  363.7	 21	    0.0	    0.0	
  139	  13.90	    0.0	 1500.0	 -177.0	    0.0	 1500.0	    0.0	  200.0	    0.0	 1500.0	    0.0	  200.0	  100.0	   39.2	    0.0	    0.0	    0.0	    0.0	    9.2	  1	-1250.0	 1550.0	   39.2	    0.0	    0.0	1	  362.9	 21	    0.0	    0.0	
  140	  14.00	    0.0	 1500.0	 -177.0	    0.0	 1500.0	    0.0	  200.0	    0.0	 1500.0	    0.0	  200.0	  100.0	   38.7	    0.0	    0.0	    0.0	    0.0	    9.3	  1	-1250.0	 1550.0	   38.7	    0.0	    0.0	1	  362.1	 21	    0.0	    0.0	
  141	  14.10	    0.0	 1500.0	 -177.0	    0.0	 1500.0	    0.0	  200.0	    0.0	 1500.0	    0.0	  200.0	  100.0	   38.2	    0.0	    0.0	    0.0	    0.0	    9.3	  1	-1250.0	 1550.0	   38.2	    0.0	    0.0	1	  361.3	 21	    0.0	    0.0	
  142	  14.20	    0.0	 1500.0	 -177.0	    0.0	 1500.0	    0.0	  200.0	    0.0	 1500.0	    0.0	  200.0	  100.0	   37.7	    0.0	    0.0	    0.0	    0.0	    9.4	  1	-1250.0	 1550.0	   37.7	    0.0	    0.0	1	  360.5	 21	    0.0	    0.0	
  143	  14.30	    0.0	 1500.0	 -177.0	    0.0	 1500.0	    0.0	  200.0	    0.0	 1500.0	    0.0	  200.0	  100.0	   37.2	    0.0	    0.0	    0.0	    0.0	    9.5	  1	-1250.0	 1550.0	   37.2	    0.0	    0.0	1	  359.8	 21	    0.0	    0.0	
  144	  14.40	    0.0	 1500.0	 -177.0	    0.0	 1500.0	    0.0	  200.0	    0.0	 1500.0	    0.0	  200.0	  100.0	   36.7	    0.0	    0.0	    0.0	    0.0	    9.5	  1	-1250.0	 1550.0	   36.7	    0.0	    0.0	1	  359.0	 21	    0.0	    0.0	
  145	  14.50	    0.0	 1500.0	 -177.1	    0.0	 1500.0	    0.0	  200.0	    0.0	 1500.0	    0.0	  200.0	  100.0	   36.2	    0.0	    0.0	    0.0	    0.0	    9.6	  1	-1250.0	 1550.0	   36.2	    0.0	    0.0	1	  358.2	 21	    0.0	    0.0	
  146	  14.60	    0.0	 1500.0	 -177.1	    0.0	 1500.0	    0.0	  200.0	    0.0	 1500.0	    0.0	  200.0	  100.0	   35.7	    0.0	    0.0	    0.0	    0.0	    9.7	  1	-1250.0	 1550.0	   35.7	    0.0	    0.0	1	  357.4	 21	    0.0	    0.0	
  147	  14.70	    0.0	 1500.0	 -177.1	    0.0	 1500.0	    0.0	  200.0	    0.0	 1500.0	    0.0	  200.0	  100.0	   35.2	    0.0	    0.0	    0.0	    0.0	    9.7	  1	-1250.0	 1550.0	   35.2	    0.0	    0.0	1	  356.6	 21	 1398.6	   19.9	
  148	  14.80	    0.0	 1500.0	 -177.2	    0.0	 1500.0	    0.0	  200.0	    0.0	 1500.0	    0.0	  200.0	  100.0	   34.7	    0.0	    0.0	    0.0	    0.0	    9.8	  1	-1250.0	 1550.0	   34.7	    0.0	    0.0	1	  355.8	 21	 1396.5	   19.6	
  149	  14.90	    0.0	 1500.0	 -177.2	    0.0	 1500.0	    0.0	  200.0	    0.0	 1500.0	    0.0	  200.0	  100.0	   34.2	    0.0	    0.0	    0.0	    0.0	    9.9	  1	-1250.0	 1550.0	   34.2	    0.0	    0.0	1	  355.1	 21	 1394.3	   19.4	
  150	  15.00	    0.0	 1500.0	 -177.4	    0.0	 1500.0	    0.0	  200.0	    0.0	 1500.0	    0.0	  200.0	  100.0	   33.7	    0.0	    0.0	    0.0	    0.0	    9.9	  1	-1250.0	 1550.0	   33.7	    0.0	    0.0	1	  354.3	 21	 1392.1	   19.2	
  151	  15.10	    0.0	 1500.0	 -179.8	    0.0	 1500.0	    0.0	  200.0	    0.0	 1500.0	    0.0	  200.0	  100.0	   33.2	    0.0	    0.0	    0.0	    0.0	   10.0	  1	-1250.0	 1550.0	   33.2	    0.0	    0.0	1	  353.5	 21	 1389.9	   19.0	
  152	  15.20	    0.0	 1500.0	    3.1	    0.0	 1500.0	    0.0	  200.0	    0.0	 1500.0	    0.0	  200.0	  100.0	   32.7	    0.0	    0.0	    0.0	    0.0	   10.1	  1	-1250.0	 1550.0	   32.7	    0.0	    0.0	1	  352.7	 21	 1387.8	   18.8	
  153	  15.30	    0.0	 1500.0	    3.0	    0.0	 1500.0	    0.0	  200.0	    0.0	 1500.0	    0.0	  200.0	  100.0	   32.2	    0.0	    0.0	    0.0	    0.0	   10.1	  1	-1250.0	 1550.0	   32.2	    0.0	    0.0	1	  351.9	 21	 1385.6	   18.6	
  154	  15.40	    0.0	 1500.0	    3.0	    0.0	 1500.0	    0.0	  200.0	    0.0	 1500.0	    0.0	  200.0	  100.0	   31.7	    0.0	    0.0	    0.0	    0.0	   10.2	  1	-1250.0	 1550.0	   31.7	    0.0	    0.0	1	  351.1	 21	 1383.4	   18.3	
  155	  15.50	    0.0	 1500.0	    3.0	    0.0	 1500.0	    0.0	  200.0	    0.0	 1500.0	    0.0	  200.0	  100.0	   31.2	    0.0	    0.0	    0.0	    0.0	   10.3	  1	-1250.0	 1550.0	   31.2	    0.0	    0.0	1	  350.3	 21	 1381.3	   18.1	
  156	  15.60	    0.0	 1500.0	    3.0	    0.0	 1500.0	    0.0	  200.0	    0.0	 1500.0	    0.0	  200.0	  100.0	   30.7	    0.0	    0.0	    0.0	    0.0	   10.3	  1	-1250.0	 1550.0	   30.7	    0.0	    0.0	1	  349.5	 21	 1379.1	   17.9	
  157	  15.70	    0.0	 1500.0	    3.0	    0.0	 1500.0	    0.0	  200.0	    0.0	 1500.0	    0.0	  200.0	  100.0	   30.2	    0.0	    0.0	    0.0	    0.0	   10.4	  1	-1250.0	 1550.0	   30.2	    0.0	    0.0	1	  348.7	 21	 1376.9	   17.7	
  158	  15.80	    0.0	 1500.0	    3.0	    0.0	 1500.0	    0.0	  200.0	    0.0	 1500.0	    0.0	  200.0	  100.0	   29.7	    0.0	    0.0	    0.0	    0.0	   10.5	  1	-1250.0	 1550.0	   29.7	    0.0	    0.0	1	  347.9	 21	 1374.8	   17.5	
  159	  15.90	    0.0	 1500.0	    3.0	    0.0	 1500.0	    0.0	  200.0	    0.0	 1500.0	    0.0	  200.0	  100.0	   29.2	    0.0	    0.0	    0.0	    0.0	   10.5	  1	-1250.0	 1550.0	   29.2	    0.0	    0.0	1	  347.1	 21	 1372.6	   17.3	
  160	  16.00	    0.0	 1500.0	    3.0	    0.0	 1500.0	    0.0	  200.0	    0.0	 1500.0	    0.0	  200.0	  100.0	   28.7	    0.0	    0.0	    0.0	    0.0	   10.6	  1	-1250.0	 1550.0	   28.7	    0.0	    0.0	1	  346.3	 21	 1370.4	   17.0	
  161	  16.10	    0.0	 1500.0	    3.0	    0.0	 1500.0	    0.0	  200.0	    0.0	 1500.0	    0.0	  200.0	  100.0	   28.2	    0.0	    0.0	    0.0	    0.0	   10.7	  1	-1250.0	 1550.0	   28.2	    0.0	    0.0	1	  345.5	 21	 1368.3	   16.8	
  162	  16.20	    0.0	 1500.0	    3.0	    0.0	 1500.0	    0.0	  200.0	    0.0	 1500.0	    0.0	  200.0	  100.0	   27.7	    0.0	    0.0	    0.0	    0.0	   10.7	  1	-1250.0	 1550.0	   27.7	    0.0	    0.0	1	  344.8	 21	 1366.1	   16.6	
  163	  16.30	    0.0	 1500.0	    3.0	    0.0	 1500.0	    0.0	  200.0	    0.0	 1500.0	    0.0	  200.0	  100.0	   27.2	    0.0	    0.0	    0.0	    0.0	   10.8	  1	-1250.0	 1550.0	   27.2	    0.0	    0.0	1	  344.0	 21	 1363.9	   16.4	
  164	  16.40	    0.0	 1500.0	    3.0	    0.0	 1500.0	    0.0	  200.0	    0.0	 1500.0	    0.0	  200.0	  100.0	   26.7	    0.0	    0.0	    0.0	    0.0	   10.9	  1	-1250.0	 1550.0	   26.7	    0.0	    0.0	1	  343.2	 21	 1361.8	   16.2	
  165	  16.50	    0.0	 1500.0	    3.0	    0.0	 1500.0	    0.0	  200.0	    0.0	 1500.0	    0.0	  200.0	  100.0	   26.2	    0.0	    0.0	    0.0	    0.0	   11.0	  1	-1250.0	 1550.0	   26.2	    0.0	    0.0	1	  342.4	 21	 1359.6	   16.0	
  166	  16.60	    0.0	 1500.0	    3.0	    0.0	 1500.0	    0.0	  200.0	    0.0	 1500.0	    0.0	  200.0	  100.0	   25.7	    0.0	    0.0	    0.0	    0.0	   11.0	  1	-1250.0	 1550.0	   25.7	    0.0	    0.0	1	  341.6	 21	 1357.4	   15.7	
  167	  16.70	    0.0	 1500.0	    3.0	    0.0	 1500.0	    0.0	  200.0	    0.0	 1500.0	    0.0	  200.0	  100.0	   25.2	    0.0	    0.0	    0.0	    0.0	   11.1	  1	-1250.0	 1550.0	   25.2	    0.0	    0.0	1	  340.8	 21	 1355.3	   15.5	
  168	  16.80	    0.0	 1500.0	    3.0	    0.0	 1500.0	    0.0	  200.0	    0.0	 1500.0	    0.0	  200.0	  100.0	   24.7	    0.0	    0.0	    0.0	    0.0	   11.2	  1	-1250.0	 1550.0	   24.7	    0.0	    0.0	1	  340.0	 21	 1353.1	   15.3	
  169	  16.90	    0.0	 1500.0	    3.0	    0.0	 1500.0	    0.0	  200.0	    0.0	 1500.0	    0.0	  200.0	  100.0	   24.2	    0.0	    0.0	    0.0	    0.0	   11.2	  1	-1250.0	 1550.0	   24.2	    0.0	    0.0	1	  339.2	 21	 1350.9	   15.1	
  170	  17.00	    0.0	 1500.0	    3.1	    0.0	 1500.0	    0.0	  200.0	    0.0	 1500.0	    0.0	  200.0	  100.0	   23.7	    0.0	    0.0	    0.0	    0.0	   11.3	  1	-1250.0	 1550.0	   23.7	    0.0	    0.0	1	  338.4	 21	 1348.8	   14.9	
  171	  17.10	    0.0	 1500.0	    3.1	    0.0	 1500.0	    0.0	  200.0	    0.0	 1500.0	    0.0	  200.0	  100.0	   23.2	    0.0	    0.0	    0.0	    0.0	   11.4	  1	-1250.0	 1550.0	   23.2	    0.0	    0.0	1	  337.6	 21	 1346.6	   14.7	
  172	  17.20	    0.0	 1500.0	    3.1	    0.0	 1500.0	    0.0	  200.0	    0.0	 1500.0	    0.0	  200.0	  100.0	   22.7	    0.0	    0.0	    0.0	    0.0	   11.4	  1	-1250.0	 1550.0	   22.7	    0.0	    0.0	1	  336.8	 21	 1344.4	   14.4	
  173	  17.30	    0.0	 1500.0	    3.1	    0.0	 1500.0	    0.0	  200.0	    0.0	 1500.0	    0.0	  200.0	  100.0	   22.2	    0.0	    0.0	    0.0	    0.0	   11.5	  1	-1250.0	 1550.0	   22.2	    0.0	    0.0	1	  336.0	 21	 1342.3	   14.2	
  174	  17.40	    0.0	 1500.0	    3.2	    0.0	 1500.0	    0.0	  200.0	    0.0	 1500.0	    0.0	  200.0	  100.0	   21.7	    0.0	    0.0	    0.0	    0.0	   11.6	  1	-1250.0	 1550.0	   21.7	    0.0	    0.0	1	  335.2	 21	 1340.1	   14.0	
  175	  17.50	    0.0	 1500.0	    3.2	    0.0	 1500.0	    0.0	  200.0	    0.0	 1500.0	    0.0	  200.0	  100.0	   21.2	    0.0	    0.0	    0.0	    0.0	   11.6	  1	-1250.0	 1550.0	   21.2	    0.0	    0.0	1	  334.3	 21	 1337.9	   13.8	
  176	  17.60	    0.0	 1500.0	    3.3	    0.0	 1500.0	    0.0	  200.0	    0.0	 1500.0	    0.0	  200.0	  100.0	   20.7	    0.0	    0.0	    0.0	    0.0	   11.7	  1	-1250.0	 1550.0	   20.7	    0.0	    0.0	1	  333.5	 21	 1335.8	   13.6	
  177	  17.70	    0.0	 1500.0	    3.4	    0.0	 1500.0	    0.0	  200.0	    0.0	 1500.0	    0.0	  200.0	  100.0	   20.2	    0.0	    0.0	    0.0	    0.0	   11.8	  1	-1250.0	 1550.0	   20.2	    0.0	    0.0	1	  332.7	 21	 1333.6	   13.4	
  178	  17.80	    0.0	 1500.0	    3.5	    0.0	 1500.0	    0.0	  200.0	    0.0	 1500.0	    0.0	  200.0	  100.0	   19.7	    0.0	    0.0	    0.0	    0.0	   11.8	  1	-1250.0	 1550.0	   19.7	    0.0	    0.0	1	  331.9	 21	 1331.4	   13.1	
  179	  17.90	    0.0	 1500.0	    3.6	    0.0	 1500.0	    0.0	  200.0	    0.0	 1500.0	    0.0	  200.0	  100.0	   19.2	    0.0	    0.0	    0.0	    0.0	   11.9	  1	-1250.0	 1550.0	   19.2	    0.0	    0.0	1	  331.1	 21	 1329.3	   12.9	
  180	  18.00	    0.0	 1500.0	    3.8	    0.0	 1500.0	    0.0	  200.0	    0.0	 1500.0	    0.0	  200.0	  100.0	   18.7	    0.0	    0.0	    0.0	    0.0	   12.0	  1	-1250.0	 1550.0	   18.7	    0.0	    0.0	1	  330.3	 21	 1327.1	   12.7	
  181	  18.10	    0.0	 1500.0	    4.1	    0.0	 1500.0	    0.0	  200.0	    0.0	 1500.0	    0.0	  200.0	  100.0	   18.2	    0.0	    0.0	    0.0	    0.0	   12.0	  1	-1250.0	 1550.0	   18.2	    0.0	    0.0	1	  329.5	 21	 1324.9	   12.5	
  182	  18.20	    0.0	 1500.0	    4.4	    0.0	 1500.0	    0.0	  200.0	    0.0	 1500.0	    0.0	  200.0	  100.0	   17.7	    0.0	    0.0	    0.0	    0.0	   12.1	  1	-1250.0	 1550.0	   17.7	    0.0	    0.0	1	  328.7	 21	 1322.8	   12.3	
  183	  18.30	  228.6	 1353.4	    4.8	    0.0	 1500.0	    0.0	  200.0	    0.0	 1500.0	    0.0	  200.0	  100.0	   17.2	    0.0	    0.0	    0.0	    0.0	   12.1	  1	  950.0	  650.0	   17.2	    0.0	    0.0	1	  336.0	 21	 1319.2	   11.9	
  184	  18.40	  228.6	 1353.4	  -27.6	    0.0	 1500.0	    0.0	  200.0	    0.0	 1500.0	    0.0	  200.0	  100.0	   16.7	    0.0	    0.0	    0.0	    0.0	   12.2	  1	  950.0	  650.0	   16.7	    0.0	    0.0	1	  335.0	 21	 1317.2	   11.7	
  185	  18.50	  228.6	 1353.4	  -28.5	 1019.3	 1289.2	    0.0	  200.0	    0.0	 1500.0	    0.0	  200.0	  100.0	   29.9	    0.0	    0.0	    0.0	    0.1	   12.2	  1	 1750.0	 1050.0	   29.9	    0.0	    0.1	1	  372.4	 21	 1212.4	 -187.6	
  186	  18.60	  228.6	 1353.4	  -32.6	 1019.3	 1289.2	    0.0	  200.0	    0.0	 1500.0	    0.0	  200.0	  100.0	   29.5	    0.0	    0.0	    0.0	    0.3	   12.2	  1	  850.0	  550.0	   29.5	    0.0	    0.3	1	  300.4	 21	 1357.0	   15.7	
  187	  18.70	  228.6	 1353.4	  -31.2	 1019.3	 1289.2	    0.0	  200.0	    0.0	 1500.0	    0.0	  200.0	  100.0	   29.1	    0.0	    0.0	    0.0	    0.4	   12.3	  1	  850.0	  550.0	   29.1	    0.0	    0.4	1	  300.7	 21	 1355.9	   15.6	
  188	  18.80	  228.6	 1353.4	  -31.1	 1019.3	 1289.2	    0.0	  200.0	    0.0	 1500.0	    0.0	  200.0	  100.0	   28.6	    0.0	    0.0	    0.0	    0.6	   12.3	  1	  850.0	  550.0	   28.6	    0.0	    0.6	1	  301.0	 21	 1354.8	   15.5	
  189	  18.90	  228.6	 1353.4	  -31.2	 1015.0	 1283.5	    0.0	  200.0	    0.0	 1500.0	    0.0	  200.0	  100.0	   28.2	    0.0	    0.0	    0.0	    0.7	   12.3	  1	  850.0	  550.0	   28.2	    0.0	    0.7	1	  301.4	 21	 1353.9	   15.4	
  190	  19.00	  228.6	 1353.4	  -31.4	 1015.0	 1283.5	    0.0	  200.0	    0.0	 1500.0	    0.0	  200.0	  100.0	   27.8	    0.0	    0.0	    0.0	    0.8	   12.4	  1	  850.0	  550.0	   27.8	    0.0	    0.8	1	  301.6	 21	 1352.8	   15.3	
  191	  19.10	  228.6	 1353.4	  -31.5	 1015.0	 1283.5	    0.0	  200.0	    0.0	 1500.0	    0.0	  200.0	  100.0	   27.4	    0.0	    0.0	    0.0	    1.0	   12.4	  1	  850.0	  550.0	   27.4	    0.0	    1.0	1	  301.9	 21	 1351.8	   15.2	
  192	  19.20	  228.6	 1353.4	  -31.6	 1015.0	 1283.5	    0.0	  200.0	    0.0	 1500.0	    0.0	  200.0	  100.0	   26.9	    0.0	    0.0	    0.0	    1.1	   12.5	  1	  850.0	  550.0	   26.9	    0.0	    1.1	1	  302.2	 21	 1350.8	   15.1	
  193	  19.30	  228.6	 1353.4	  -31.7	 1009.3	 1273.4	    0.0	  200.0	    0.0	 1500.0	    0.0	  200.0	  100.0	   26.5	    0.0	    0.0	    0.0	    1.3	   12.6	  1	  750.0	  450.0	   26.5	    0.0	    1.3	1	  302.4	 21	 1350.0	   15.0	
  194	  19.40	  228.6	 1353.4	  -35.6	 1015.0	 1283.5	    0.0	  200.0	    0.0	 1500.0	    0.0	  200.0	  100.0	   26.1	    0.0	    0.0	    0.0	    1.4	   12.6	  1	  850.0	  550.0	   26.1	    0.0	    1.4	1	  302.7	 21	 1348.9	   14.9	
  195	  19.50	  228.6	 1353.4	  -32.3	 1009.3	 1273.4	    0.0	  200.0	    0.0	 1500.0	    0.0	  200.0	  100.0	   25.7	    0.0	    0.0	    0.0	    1.5	   12.7	  1	  750.0	  450.0	   25.7	    0.0	    1.5	1	  301.8	 21	 1348.1	   14.8	
  196	  19.60	  228.6	 1353.4	  -36.7	 1009.3	 1273.4	    0.0	  200.0	    0.0	 1500.0	    0.0	  200.0	  100.0	   25.2	    0.0	    0.0	    0.0	    1.7	   12.7	  1	  750.0	  450.0	   25.2	    0.0	    1.7	1	  301.5	 21	 1347.3	   14.7	
  197	  19.70	  228.6	 1353.4	  -37.1	 1009.3	 1273.4	    0.0	  200.0	    0.0	 1500.0	    0.0	  200.0	  100.0	   24.8	    0.0	    0.0	    0.0	    1.8	   12.8	  1	  750.0	  450.0	   24.8	    0.0	    1.8	1	  301.2	 21	 1346.4	   14.6	
  198	  19.80	  228.6	 1353.4	  -37.0	 1009.3	 1273.4	    0.0	  200.0	    0.0	 1500.0	    0.0	  200.0	  100.0	   24.4	    0.0	    0.0	    0.0	    2.0	   12.9	  1	  750.0	  450.0	   24.4	    0.0	    2.0	1	  300.9	 21	 1345.5	   14.6	
  199	  19.90	  228.6	 1353.4	  -36.6	 1002.9	 1275.6	    0.0	  200.0	    0.0	 1500.0	    0.0	  200.0	  100.0	   24.0	    0.0	    0.0	    0.0	    2.1	   12.9	  1	  750.0	  450.0	   24.0	    0.0	    2.1	1	  300.9	 21	 1344.9	   14.5	
  200	  20.00	  228.6	 1353.4	  -40.6	 1002.9	 1275.6	    0.0	  200.0	    0.0	 1500.0	    0.0	  200.0	  100.0	   23.5	    0.0	    0.0	    0.0	    2.2	   13.0	  1	  750.0	  450.0	   23.5	    0.0	    2.2	1	  300.6	 21	 1344.2	   14.4	
  201	  20.10	  228.6	 1353.4	  -40.1	 1002.9	 1275.6	    0.0	  200.0	    0.0	 1500.0	    0.0	  200.0	  100.0	   23.1	    0.0	    0.0	    0.0	    2.4	   13.1	  1	  750.0	  450.0	   23.1	    0.0	    2.4	1	  300.3	 21	 1343.4	   14.3	
  202	  20.20	  228.6	 1353.4	  -39.4	 1006.6	 1273.7	    0.0	  200.0	    0.0	 1500.0	    0.0	  200.0	  100.0	   22.7	    0.0	    0.0	    0.0	    2.5	   13.1	  1	  750.0	  450.0	   22.7	    0.0	    2.5	1	  299.7	 21	 1342.6	   14.3	
  203	  20.30	  228.6	 1353.4	  -34.1	 1006.6	 1273.7	    0.0	  200.0	    0.0	 1500.0	    0.0	  200.0	  100.0	   22.2	    0.0	    0.0	    0.0	    2.6	   13.2	  1	  750.0	  450.0	   22.2	    0.0	    2.6	1	  299.4	 21	 1341.9	   14.2	
  204	  20.40	  228.6	 1353.4	  131.1	 1006.6	 1273.7	    0.0	  200.0	    0.0	 1500.0	    0.0	  200.0	  100.0	   21.8	    0.0	    0.0	    0.0	    2.8	   13.3	  1	  750.0	  450.0	   21.8	    0.0	    2.8	1	  299.1	 21	 1341.3	   14.1	
  205	  20.50	  228.6	 1353.4	  141.3	  695.9	 1175.8	    0.0	  200.0	    0.0	 1500.0	    0.0	  200.0	  100.0	   21.3	    0.0	    0.0	    0.0	    2.8	   13.3	  1	  550.0	  350.0	   21.3	    0.0	    2.8	1	  275.6	 21	 1349.3	   14.9	
  206	  20.60	  228.6	 1353.4	  154.3	  979.1	 1259.0	    0.0	  200.0	    0.0	 1500.0	    0.0	  200.0	  100.0	   26.4	    0.0	    0.0	    0.0	    3.0	   13.4	  1	 1150.0	 2050.0	   26.4	    0.0	    3.0	1	  319.6	 21	 1305.4	  -94.6	
  207	  20.70	  228.6	 1353.4	  134.2	  979.1	 1259.0	    0.0	  200.0	    0.0	 1500.0	    0.0	  200.0	  100.0	   26.0	    0.0	    0.0	    0.0	    3.1	   13.5	  1	  750.0	  450.0	   26.0	    0.0	    3.1	1	  299.2	 21	 1355.4	   15.5	
  208	  20.80	  228.6	 1353.4	  138.4	 1006.6	 1273.7	    0.0	  200.0	    0.0	 1500.0	    0.0	  200.0	  100.0	   25.6	    0.0	    0.0	    0.0	    3.2	   13.5	  1	  750.0	  450.0	   25.6	    0.0	    3.2	1	  299.3	 21	 1353.7	   15.4	
  209	  20.90	  228.6	 1353.4	  137.5	  979.1	 1259.0	    0.0	  200.0	    0.0	 1500.0	    0.0	  200.0	  100.0	   25.1	    0.0	    0.0	    0.0	    3.4	   13.6	  1	  750.0	  450.0	   25.1	    0.0	    3.4	1	  298.6	 21	 1353.7	   15.4	
  210	  21.00	  228.6	 1353.4	  138.5	  921.4	 1240.4	    0.0	  200.0	    0.0	 1500.0	    0.0	  200.0	  100.0	   24.7	    0.0	    0.0	    0.0	    3.5	   13.7	  1	  750.0	  450.0	   24.7	    0.0	    3.5	1	  298.7	 21	 1355.9	   15.6	
  211	  21.10	  228.6	 1353.4	  142.9	  979.1	 1259.0	    0.0	  200.0	    0.0	 1500.0	    0.0	  200.0	  100.0	   25.4	    0.0	    0.0	    0.0	    3.6	   13.7	  1	  750.0	  450.0	   25.4	    0.0	    3.6	1	  299.1	 21	    0.0	   -5.9	
  212	  21.20	  228.6	 1353.4	  137.3	  921.4	 1240.4	    0.0	  200.0	    0.0	 1500.0	    0.0	  200.0	  100.0	   24.9	    0.0	    0.0	    0.0	    3.7	   13.8	  1	  750.0	  450.0	   24.9	    0.0	    3.7	1	  298.5	 21	 1357.4	   15.7	
  213	  21.30	  228.6	 1353.4	  144.6	  921.4	 1240.4	    0.0	  200.0	    0.0	 1500.0	    0.0	  200.0	  100.0	   24.5	    0.0	    0.0	    0.0	    3.8	   13.9	  1	  750.0	  450.0	   24.5	    0.0	    3.8	1	  297.4	 21	 1355.0	   15.5	
  214	  21.40	  228.6	 1353.4	  144.2	  814.8	 1219.2	    0.0	  200.0	    0.0	 1500.0	    0.0	  200.0	  100.0	   24.0	    0.0	    0.0	    0.0	    3.9	   13.9	  1	  750.0	  450.0	   24.0	    0.0	    3.9	1	  293.5	 21	 1358.7	   15.9	
  215	  21.50	  228.6	 1353.4	  178.4	  814.8	 1219.2	    0.0	  200.0	    0.0	 1500.0	    0.0	  200.0	  100.0	   23.6	    0.0	    0.0	    0.0	    4.0	   14.0	  1	  750.0	  450.0	   23.6	    0.0	    4.0	1	  291.4	 21	 1355.5	   15.5	
  216	  21.60	  228.6	 1353.4	  177.2	  921.4	 1240.4	    0.0	  200.0	    0.0	 1500.0	    0.0	  200.0	  100.0	   25.0	    0.0	    0.0	    0.0	    4.1	   14.1	  1	  750.0	  450.0	   25.0	    0.0	    4.1	1	  298.7	 21	 1381.7	  -18.3	
  217	  21.70	  228.6	 1353.4	  116.6	  814.8	 1219.2	    0.0	  200.0	    0.0	 1500.0	    0.0	  200.0	  100.0	   24.6	    0.0	    0.0	    0.0	    4.1	   14.1	  1	  750.0	  450.0	   24.6	    0.0	    4.1	1	  293.4	 21	 1361.1	   16.1	
  218	  21.80	  228.6	 1353.4	 -171.9	  814.8	 1219.2	    0.0	  200.0	    0.0	 1500.0	    0.0	  200.0	  100.0	   24.1	    0.0	    0.0	    0.0	    4.2	   14.2	  1	  750.0	  450.0	   24.1	    0.0	    4.2	1	  291.2	 21	 1357.8	   15.8	
  219	  21.90	  228.6	 1353.4	 -173.7	  814.8	 1219.2	    0.0	  200.0	    0.0	 1500.0	    0.0	  200.0	  100.0	   23.6	    0.0	    0.0	    0.0	    4.3	   14.3	  1	  750.0	  450.0	   23.6	    0.0	    4.3	1	  291.0	 21	 1356.7	   15.7	
  220	  22.00	  228.6	 1353.4	 -174.0	  814.8	 1219.2	    0.0	  200.0	    0.0	 1500.0	    0.0	  200.0	  100.0	   23.2	    0.0	    0.0	    0.0	    4.4	   14.3	  1	  750.0	  450.0	   23.2	    0.0	    4.4	1	  290.8	 21	 1355.7	   15.6	
  221	  22.10	  228.6	 1353.4	 -174.3	  814.8	 1219.2	    0.0	  200.0	    0.0	 1500.0	    0.0	  200.0	  100.0	   22.7	    0.0	    0.0	    0.0	    4.4	   14.4	  1	  750.0	  450.0	   22.7	    0.0	    4.4	1	  290.6	 21	 1354.7	   15.5	
  222	  22.20	  228.6	 1353.4	 -174.8	  814.8	 1219.2	    0.0	  200.0	    0.0	 1500.0	    0.0	  200.0	  100.0	   22.3	    0.0	    0.0	    0.0	    4.5	   14.5	  1	  750.0	  450.0	   22.3	    0.0	    4.5	1	  290.4	 21	 1353.7	   15.4	
  223	  22.30	  228.6	 1353.4	 -175.3	  726.0	 1220.3	    0.0	  200.0	    0.0	 1500.0	    0.0	  200.0	  100.0	   21.8	    0.0	    0.0	    0.0	    4.6	   14.5	  1	  750.0	  450.0	   21.8	    0.0	    4.6	1	  284.1	 21	 1355.8	   15.6	
  224	  22.40	  228.6	 1353.4	 -146.8	  726.0	 1220.3	    0.0	  200.0	    0.0	 1500.0	    0.0	  200.0	  100.0	   21.3	    0.0	    0.0	    0.0	    4.6	   14.6	  1	  750.0	  450.0	   21.3	    0.0	    4.6	1	  281.6	 21	 1353.3	   15.3	
  225	  22.50	  228.6	 1353.4	  -90.5	  726.0	 1220.3	    0.0	  200.0	    0.0	 1500.0	    0.0	  200.0	  100.0	   20.9	    0.0	    0.0	    0.0	    4.7	   14.7	  1	  750.0	  450.0	   20.9	    0.0	    4.7	1	  281.3	 21	 1352.3	   15.2	
  226	  22.60	  228.6	 1353.4	  -62.5	  726.0	 1220.3	    0.0	  200.0	    0.0	 1500.0	    0.0	  200.0	  100.0	   20.4	    0.0	    0.0	    0.0	    4.7	   14.7	  1	  750.0	  450.0	   20.4	    0.0	    4.7	1	  281.1	 21	 1351.3	   15.1	
  227	  22.70	  228.6	 1353.4	  -60.7	  726.0	 1220.3	    0.0	  200.0	    0.0	 1500.0	    0.0	  200.0	  100.0	   19.9	    0.0	    0.0	    0.0	    4.8	   14.8	  1	  750.0	  450.0	   19.9	    0.0	    4.8	1	  280.9	 21	 1350.3	   15.0	
  228	  22.80	  228.6	 1353.4	  -60.6	  716.5	 1232.8	    0.0	  200.0	    0.0	 1500.0	    0.0	  200.0	  100.0	   19.5	    0.0	    0.0	    0.0	    4.8	   14.9	  1	  750.0	  450.0	   19.5	    0.0	    4.8	1	  282.2	 21	 1349.6	   15.0	
  229	  22.90	  228.6	 1353.4	  -63.6	  716.5	 1232.8	    0.0	  200.0	    0.0	 1500.0	    0.0	  200.0	  100.0	   19.0	    0.0	    0.0	    0.0	    4.9	   14.9	  1	  750.0	  450.0	   19.0	    0.0	    4.9	1	  282.0	 21	 1348.7	   14.9	
  230	  23.00	  228.6	 1353.4	  -63.9	  716.5	 1232.8	    0.0	  200.0	    0.0	 1500.0	    0.0	  200.0	  100.0	   18.5	    0.0	    0.0	    0.0	    4.9	   15.0	  1	  750.0	  450.0	   18.5	    0.0	    4.9	1	  281.7	 21	 1347.8	   14.8	
  231	  23.10	  228.6	 1353.4	  -63.8	  716.5	 1232.8	    0.0	  200.0	    0.0	 1500.0	    0.0	  200.0	  100.0	   18.1	    0.0	    0.0	    0.0	    5.0	   15.1	  1	  750.0	  450.0	   18.1	    0.0	    5.0	1	  281.5	 21	 1347.0	   14.7	
  232	  23.20	  228.6	 1353.4	  -63.6	  716.5	 1232.8	    0.0	  200.0	    0.0	 1500.0	    0.0	  200.0	  100.0	   17.6	    0.0	    0.0	    0.0	    5.0	   15.1	  1	  750.0	  450.0	   17.6	    0.0	    5.0	1	  281.3	 21	 1346.2	   14.6	
  233	  23.30	  228.6	 1353.4	  -63.3	  716.5	 1232.8	    0.0	  200.0	    0.0	 1500.0	    0.0	  200.0	  100.0	   17.1	    0.0	    0.0	    0.0	    5.1	   15.2	  1	  750.0	  450.0	   17.1	    0.0	    5.1	1	  281.0	 21	 1345.5	   14.6	
  234	  23.40	  228.6	 1353.4	  -62.8	  716.5	 1232.8	    0.0	  200.0	    0.0	 1500.0	    0.0	  200.0	  100.0	   16.6	    0.0	    0.0	    0.0	    5.1	   15.3	  1	  750.0	  450.0	   16.6	    0.0	    5.1	1	  280.8	 21	 1344.8	   14.5	
  235	  23.50	  228.6	 1353.4	  -62.3	  716.5	 1232.8	    0.0	  200.0	    0.0	 1500.0	    0.0	  200.0	  100.0	   16.2	    0.0	    0.0	    0.0	    5.2	   15.3	  1	  750.0	  450.0	   16.2	    0.0	    5.2	1	  280.5	 21	 1344.2	   14.4	
  236	  23.60	  228.6	 1353.4	  -61.5	  716.5	 1232.8	    0.0	  200.0	    0.0	 1500.0	    0.0	  200.0	  100.0	   15.7	    0.0	    0.0	    0.0	    5.2	   15.4	  1	  750.0	  450.0	   15.7	    0.0	    5.2	1	  280.3	 21	 1343.7	   14.4	
  237	  23.70	  228.6	 1353.4	  -60.5	  716.5	 1232.8	    0.0	  200.0	    0.0	 1500.0	    0.0	  200.0	  100.0	   15.2	    0.0	    0.0	    0.0	    5.3	   15.5	  1	  750.0	  450.0	   15.2	    0.0	    5.3	1	  280.0	 21	 1343.2	   14.3	
  238	  23.80	  228.6	 1353.4	  -59.5	  716.5	 1232.8	    0.0	  200.0	    0.0	 1500.0	    0.0	  200.0	  100.0	   14.8	    0.0	    0.0	    0.0	    5.3	   15.6	  1	  750.0	  450.0	   14.8	    0.0	    5.3	1	  279.8	 21	 1342.8	   14.3	
  239	  23.90	  228.6	 1353.4	  -58.4	  716.5	 1232.8	    0.0	  200.0	    0.0	 1500.0	    0.0	  200.0	  100.0	   14.3	    0.0	    0.0	    0.0	    5.4	   15.6	  1	  750.0	  450.0	   14.3	    0.0	    5.4	1	  279.5	 21	 1342.4	   14.2	
  240	  24.00	  228.6	 1353.4	  -57.5	  748.6	 1224.9	    0.0	  200.0	    0.0	 1500.0	    0.0	  200.0	  100.0	   13.8	    0.0	    0.0	    0.0	    5.4	   15.7	  1	  750.0	  450.0	   13.8	    0.0	    5.4	1	  280.7	 21	 1341.9	   14.2	
  241	  24.10	  228.6	 1353.4	   22.9	  748.6	 1224.9	    0.0	  200.0	    0.0	 1500.0	    0.0	  200.0	  100.0	   13.4	    0.0	    0.0	    0.0	    5.5	   15.8	  1	  750.0	  450.0	   13.4	    0.0	    5.5	1	  280.5	 21	 1341.8	   14.2	
  242	  24.20	  228.6	 1353.4	  119.6	  748.6	 1224.9	    0.0	  200.0	    0.0	 1500.0	    0.0	  200.0	  100.0	   12.9	    0.0	    0.0	    0.0	    5.5	   15.8	  1	  750.0	  450.0	   12.9	    0.0	    5.5	1	  280.2	 21	 1341.7	   14.2	
  243	  24.30	  228.6	 1353.4	  121.3	  748.6	 1224.9	    0.0	  200.0	    0.0	 1500.0	    0.0	  200.0	  100.0	   12.4	    0.0	    0.0	    0.0	    5.6	   15.9	  1	  750.0	  450.0	   12.4	    0.0	    5.6	1	  280.3	 21	 1341.8	   14.2	
  244	  24.40	  228.6	 1353.4	  121.3	  748.6	 1224.9	    0.0	  200.0	    0.0	 1500.0	    0.0	  200.0	  100.0	   12.0	    0.0	    0.0	    0.0	    5.6	   16.0	  1	  750.0	  450.0	   12.0	    0.0	    5.6	1	  280.5	 21	 1341.9	   14.2	
  245	  24.50	  228.6	 1353.4	  121.3	  832.4	 1224.9	    0.0	  200.0	    0.0	 1500.0	    0.0	  200.0	  100.0	   12.7	    0.0	    0.0	    0.0	    5.7	   16.0	  1	  750.0	  450.0	   12.7	    0.0	    5.7	1	  294.6	 21	    0.0	    5.3	
  246	  24.60	  228.6	 1353.4	  111.5	  832.4	 1224.9	    0.0	  200.0	    0.0	 1500.0	    0.0	  200.0	  100.0	   12.3	    0.0	    0.0	    0.0	    5.8	   16.1	  1	  750.0	  450.0	   12.3	    0.0	    5.8	1	  293.6	 21	 1342.2	   14.2	
  247	  24.70	  228.6	 1353.4	  111.3	  832.4	 1224.9	    0.0	  200.0	    0.0	 1500.0	    0.0	  200.0	  100.0	   11.8	    0.0	    0.0	    0.0	    5.9	   16.2	  1	  750.0	  450.0	   11.8	    0.0	    5.9	1	  293.8	 21	 1342.6	   14.3	
  248	  24.80	  228.6	 1353.4	  111.3	  832.4	 1224.9	    0.0	  200.0	    0.0	 1500.0	    0.0	  200.0	  100.0	   11.4	    0.0	    0.0	    0.0	    6.0	   16.2	  1	  750.0	  450.0	   11.4	    0.0	    6.0	1	  294.0	 21	 1343.1	   14.3	
  249	  24.90	  228.6	 1353.4	  111.4	  832.4	 1224.9	    0.0	  200.0	    0.0	 1500.0	    0.0	  200.0	  100.0	   10.9	    0.0	    0.0	    0.0	    6.0	   16.3	  1	  750.0	  450.0	   10.9	    0.0	    6.0	1	  294.2	 21	 1343.7	   14.4	
  250	  25.00	  228.6	 1353.4	  111.5	  888.1	 1238.0	    0.0	  200.0	    0.0	 1500.0	    0.0	  200.0	  100.0	   11.5	    0.0	    0.0	    0.0	    6.1	   16.4	  1	  750.0	  450.0	   11.5	    0.0	    6.1	1	  300.4	 21	    0.0	    8.2	
  251	  25.10	  228.6	 1353.4	   98.0	  888.1	 1238.0	    0.0	  200.0	    0.0	 1500.0	    0.0	  200.0	  100.0	   11.0	    0.0	    0.0	    0.0	    6.2	   16.4	  1	  750.0	  450.0	   11.0	    0.0	    6.2	1	  300.2	 21	 1344.3	   14.4	
  252	  25.20	  228.6	 1353.4	   98.0	  888.1	 1238.0	    0.0	  200.0	    0.0	 1500.0	    0.0	  200.0	  100.0	   10.6	    0.0	    0.0	    0.0	    6.3	   16.5	  1	  750.0	  450.0	   10.6	    0.0	    6.3	1	  300.4	 21	 1345.1	   14.5	
  253	  25.30	  228.6	 1353.4	   98.1	  888.1	 1238.0	    0.0	  200.0	    0.0	 1500.0	    0.0	  200.0	  100.0	   10.1	    0.0	    0.0	    0.0	    6.4	   16.6	  1	  750.0	  450.0	   10.1	    0.0	    6.4	1	  300.7	 21	 1346.1	   14.6	
  254	  25.40	  228.6	 1353.4	   98.3	  928.3	 1244.8	    0.0	  200.0	    0.0	 1500.0	    0.0	  200.0	  100.0	    9.7	    0.0	    0.0	    0.0	    6.6	   16.6	  1	  750.0	  450.0	    9.7	    0.0	    6.6	1	  303.8	 21	 1346.9	   14.7	
  255	  25.50	  228.6	 1353.4	   85.0	  928.3	 1244.8	    0.0	  200.0	    0.0	 1500.0	    0.0	  200.0	  100.0	    9.3	    0.0	    0.0	    0.0	    6.7	   16.7	  1	  750.0	  450.0	    9.3	    0.0	    6.7	1	  304.1	 21	 1348.2	   14.8	
  256	  25.60	  228.6	 1353.4	   85.2	  888.1	 1238.0	    0.0	  200.0	    0.0	 1500.0	    0.0	  200.0	  100.0	    8.8	    0.0	    0.0	    0.0	    6.8	   16.8	  1	  750.0	  450.0	    8.8	    0.0	    6.8	1	  301.4	 21	 1349.8	   15.0	
  257	  25.70	  228.6	 1353.4	  113.1	  928.3	 1244.8	    0.0	  200.0	    0.0	 1500.0	    0.0	  200.0	  100.0	    8.4	    0.0	    0.0	    0.0	    6.9	   16.8	  1	  750.0	  450.0	    8.4	    0.0	    6.9	1	  304.6	 21	 1351.2	   15.1	
  258	  25.80	  228.6	 1353.4	   80.8	  928.3	 1244.8	    0.0	  200.0	    0.0	 1500.0	    0.0	  200.0	  100.0	    7.9	    0.0	    0.0	    0.0	    7.0	   16.9	  1	  750.0	  450.0	    7.9	    0.0	    7.0	1	  304.8	 21	 1352.9	   15.3	
  259	  25.90	  228.6	 1353.4	   81.0	  949.8	 1252.8	    0.0	  200.0	    0.0	 1500.0	    0.0	  200.0	  100.0	    7.5	    0.0	    0.0	    0.0	    7.1	   17.0	  1	  750.0	  450.0	    7.5	    0.0	    7.1	1	  306.1	 21	 1354.8	   15.5	
  260	  26.00	  228.6	 1353.4	   71.8	  949.8	 1252.8	    0.0	  200.0	    0.0	 1500.0	    0.0	  200.0	  100.0	    7.1	    0.0	    0.0	    0.0	    7.2	   17.0	  1	  750.0	  450.0	    7.1	    0.0	    7.2	1	  306.4	 21	 1356.9	   15.7	
  261	  26.10	  228.6	 1353.4	   72.0	  957.3	 1251.7	    0.0	  200.0	    0.0	 1500.0	    0.0	  200.0	  100.0	    6.6	    0.0	    0.0	    0.0	    7.3	   17.1	  1	  750.0	  450.0	    6.6	    0.0	    7.3	1	  307.2	 21	 1359.2	   15.9	
  262	  26.20	  228.6	 1353.4	   69.0	  957.3	 1251.7	    0.0	  200.0	    0.0	 1500.0	    0.0	  200.0	  100.0	    6.2	    0.0	    0.0	    0.0	    7.5	   17.2	  1	  750.0	  450.0	    6.2	    0.0	    7.5	1	  307.4	 21	 1361.7	   16.2	
  263	  26.30	  228.6	 1353.4	   69.2	  957.3	 1251.7	    0.0	  200.0	    0.0	 1500.0	    0.0	  200.0	  100.0	    5.8	    0.0	    0.0	    0.0	    7.6	   17.2	  1	  750.0	  450.0	    5.8	    0.0	    7.6	1	  307.7	 21	 1364.5	   16.4	
  264	  26.40	  228.6	 1353.4	   69.6	  957.3	 1251.7	    0.0	  200.0	    0.0	 1500.0	    0.0	  200.0	  100.0	    5.3	    0.0	    0.0	    0.0	    7.7	   17.3	  1	  750.0	  450.0	    5.3	    0.0	    7.7	1	  308.0	 21	 1367.5	   16.7	
  265	  26.50	  228.6	 1353.4	   70.0	  949.8	 1252.8	    0.0	  200.0	    0.0	 1500.0	    0.0	  200.0	  100.0	    4.9	    0.0	    0.0	    0.0	    7.8	   17.4	  1	  750.0	  450.0	    4.9	    0.0	    7.8	1	  307.8	 21	 1370.7	   17.1	
  266	  26.60	  228.6	 1353.4	   86.6	  957.3	 1251.7	    0.0	  200.0	    0.0	 1500.0	    0.0	  200.0	  100.0	    4.5	    0.0	    0.0	    0.0	    7.9	   17.4	  1	  750.0	  450.0	    4.5	    0.0	    7.9	1	  308.5	 21	 1374.1	   17.4	
  267	  26.70	  228.6	 1353.4	   68.8	  984.2	 1256.9	    0.0	  200.0	    0.0	 1500.0	    0.0	  200.0	  100.0	    4.0	    0.0	    0.0	    0.0	    8.1	   17.5	  1	  750.0	  450.0	    4.0	    0.0	    8.1	1	  310.0	 21	 1377.8	   17.8	
  268	  26.80	  228.6	 1353.4	   55.9	  984.2	 1256.9	    0.0	  200.0	    0.0	 1500.0	    0.0	  200.0	  100.0	    3.6	    0.0	    0.0	    0.0	    8.2	   17.6	  1	  750.0	  450.0	    3.6	    0.0	    8.2	1	  310.3	 21	 1381.9	   18.2	
  269	  26.90	  228.6	 1353.4	  -31.1	  984.2	 1256.9	    0.0	  200.0	    0.0	 1500.0	    0.0	  200.0	  100.0	    3.2	    0.0	    0.0	    0.0	    8.3	   17.6	  1	  750.0	  450.0	    3.2	    0.0	    8.3	1	  310.5	 21	 1386.3	   18.6	
  270	  27.00	  228.6	 1353.4	  -39.4	  984.2	 1256.9	    0.0	  200.0	    0.0	 1500.0	    0.0	  200.0	  100.0	    2.7	    0.0	    0.0	    0.0	    8.5	   17.7	  1	  750.0	  450.0	    2.7	    0.0	    8.5	1	  310.8	 21	 1391.0	   19.1	
  271	  27.10	  228.6	 1353.4	  -39.5	  984.2	 1256.9	    0.0	  200.0	    0.0	 1500.0	    0.0	  200.0	  100.0	    2.3	    0.0	    0.0	    0.0	    8.6	   17.8	  1	  750.0	  450.0	    2.3	    0.0	    8.6	1	  311.1	 21	 1396.0	   19.6	
  272	  27.20	  228.6	 1353.4	  -39.5	  984.2	 1256.9	    0.0	  200.0	    0.0	 1500.0	    0.0	  200.0	  100.0	    1.9	    0.0	    0.0	    0.0	    8.7	   17.8	  1	  750.0	  450.0	    1.9	    0.0	    8.7	1	  311.4	 21	    0.0	    0.0	
  273	  27.30	  228.6	 1353.4	  -39.6	  934.2	 1238.3	    0.0	  200.0	    0.0	 1500.0	    0.0	  200.0	  100.0	    1.4	    0.0	    0.0	    0.0	    8.8	   17.9	  1	  750.0	  450.0	    1.4	    0.0	    8.8	1	  309.6	 21	    0.0	    0.0	
  274	  27.40	  228.6	 1353.4	  -46.6	  934.2	 1238.3	    0.0	  200.0	    0.0	 1500.0	    0.0	  200.0	  100.0	    1.0	    0.0	    0.0	    0.0	    8.9	   18.0	  1	  750.0	  450.0	    1.0	    0.0	    8.9	1	  309.9	 21	    0.0	    0.0	
  275	  27.50	  228.6	 1353.4	  -47.4	  934.2	 1238.3	    0.0	  200.0	    0.0	 1500.0	    0.0	  200.0	  100.0	    0.6	    0.0	    0.0	    0.0	    9.1	   18.0	  1	  750.0	  450.0	    0.6	    0.0	    9.1	1	  310.1	 21	    0.0	    0.0	
  276	  27.60	  228.6	 1353.4	  -47.8	  934.2	 1238.3	    0.0	  200.0	    0.0	 1500.0	    0.0	  200.0	  100.0	    0.1	    0.0	    0.0	    0.0	    9.2	   18.1	  1	  750.0	  450.0	    0.1	    0.0	    9.2	1	  310.4	 21	    0.0	    0.0	
  277	  27.70	  228.6	 1353.4	  -48.1	  934.2	 1238.3	    0.0	  200.0	    0.0	 1500.0	    0.0	  200.0	  100.0	    0.0	    0.0	    0.0	    0.0	    9.3	   18.2	  1	  750.0	  450.0	    0.0	    0.0	    9.3	1	  310.6	 21	    0.0	    0.0	
  278	  27.80	  228.6	 1353.4	  -48.4	  934.2	 1238.3	    0.0	  200.0	    0.0	 1500.0	    0.0	  200.0	  100.0	    0.0	    0.0	    0.0	    0.0	    9.4	   18.3	  1	  750.0	  450.0	    0.0	    0.0	    9.4	1	  310.7	 21	    0.0	    0.0	
  279	  27.90	  228.6	 1353.4	  -48.9	  934.2	 1238.3	    0.0	  200.0	    0.0	 1500.0	    0.0	  200.0	  100.0	    0.0	    0.0	    0.0	    0.0	    9.5	   18.3	  1	  750.0	  450.0	    0.0	    0.0	    9.5	1	  310.9	 21	    0.0	    0.0	
  280	  28.00	  228.6	 1353.4	  -49.8	  934.2	 1238.3	    0.0	  200.0	    0.0	 1500.0	    0.0	  200.0	  100.0	    0.0	    0.0	    0.0	    0.0	    9.6	   18.4	  1	  750.0	  450.0	    0.0	    0.0	    9.6	1	  311.1	 21	    0.0	    0.0	
  281	  28.10	  228.6	 1353.4	  -52.3	  694.6	 1180.4	    0.0	  200.0	    0.0	 1500.0	    0.0	  200.0	  100.0	    0.0	    0.0	    0.0	    0.0	    9.7	   18.5	  1	  550.0	  350.0	    0.0	    0.0	    9.7	1	  271.3	 21	    0.0	    0.0	
  282	  28.20	  228.6	 1353.4	 -160.8	  694.6	 1180.4	    0.0	  200.0	    0.0	 1500.0	    0.0	  200.0	  100.0	    0.0	    0.0	    0.0	    0.0	    9.7	   18.5	  1	  550.0	  350.0	    0.0	    0.0	    9.7	1	  271.4	 21	    0.0	    0.0	
  283	  28.30	  228.6	 1353.4	  142.5	  694.6	 1180.4	    0.0	  200.0	    0.0	 1500.0	    0.0	  200.0	  100.0	    0.0	    0.0	    0.0	    0.0	    9.8	   18.6	  1	  550.0	  350.0	    0.0	    0.0	    9.8	1	  271.4	 21	    0.0	    0.0	
  284	  28.40	  228.6	 1353.4	  142.1	  694.6	 1180.4	    0.0	  200.0	    0.0	 1500.0	    0.0	  200.0	  100.0	    0.0	    0.0	    0.0	    0.0	    9.8	   18.7	  1	  550.0	  350.0	    0.0	    0.0	    9.8	1	  271.4	 21	    0.0	    0.0	
  285	  28.50	  228.6	 1353.4	  142.1	  674.4	 1175.1	    0.0	  200.0	    0.0	 1500.0	    0.0	  200.0	  100.0	    0.0	    0.0	    0.0	    0.0	    9.9	   18.7	  1	  550.0	  350.0	    0.0	    0.0	    9.9	1	  267.1	 21	    0.0	    0.0	
  286	  28.60	  228.6	 1353.4	  144.6	  674.4	 1175.1	    0.0	  200.0	    0.0	 1500.0	    0.0	  200.0	  100.0	    0.0	    0.0	    0.0	    0.0	    9.9	   18.8	  1	  550.0	  350.0	    0.0	    0.0	    9.9	1	  267.1	 21	    0.0	    0.0	
  287	  28.70	  228.6	 1353.4	  144.6	  674.4	 1175.1	    0.0	  200.0	    0.0	 1500.0	    0.0	  200.0	  100.0	    0.0	    0.0	    0.0	    0.0	    9.9	   18.9	  1	  550.0	  350.0	    0.0	    0.0	    9.9	1	  267.1	 21	    0.0	    0.0	
  288	  28.80	  228.6	 1353.4	  144.6	  674.4	 1175.1	    0.0	  200.0	    0.0	 1500.0	    0.0	  200.0	  100.0	    0.0	    0.0	    0.0	    0.0	   10.0	   18.9	  1	  550.0	  350.0	    0.0	    0.0	   10.0	1	  267.2	 21	    0.0	    0.0	
  289	  28.90	  228.6	 1353.4	  144.6	  667.4	 1168.0	    0.0	  200.0	    0.0	 1500.0	    0.0	  200.0	  100.0	    0.0	    0.0	    0.0	    0.0	   10.0	   19.0	  1	 1250.0	 1650.0	    0.0	    0.0	   10.0	1	  260.2	 21	    0.0	    0.0	
  290	  29.00	  228.6	 1353.4	  143.7	  667.4	 1168.0	    0.0	  200.0	    0.0	 1500.0	    0.0	  200.0	  100.0	    0.0	    0.0	    0.0	    0.0	   10.1	   19.1	  1	 1250.0	 1650.0	    0.0	    0.0	   10.1	1	  260.2	 21	    0.0	    0.0	
  291	  29.10	  228.6	 1353.4	  143.7	  667.4	 1168.0	    0.0	  200.0	    0.0	 1500.0	    0.0	  200.0	  100.0	    0.0	    0.0	    0.0	    0.0	   10.1	   19.1	  1	 1250.0	 1650.0	    0.0	    0.0	   10.1	1	  260.3	 21	    0.0	    0.0	
  292	  29.20	  228.6	 1353.4	  143.7	  667.4	 1168.0	    0.0	  200.0	    0.0	 1500.0	    0.0	  200.0	  100.0	    0.0	    0.0	    0.0	    0.0	   10.1	   19.2	  1	 1250.0	 1650.0	    0.0	    0.0	   10.1	1	  260.3	 21	    0.0	    0.0	
  293	  29.30	  228.6	 1353.4	  143.8	  667.4	 1168.0	    0.0	  200.0	    0.0	 1500.0	    0.0	  200.0	  100.0	    0.0	    0.0	    0.0	    0.0	   10.2	   19.3	  1	 1250.0	 1650.0	    0.0	    0.0	   10.2	1	  260.3	 21	    0.0	    0.0	
  294	  29.40	  228.6	 1353.4	  143.8	  667.4	 1168.0	    0.0	  200.0	    0.0	 1500.0	    0.0	  200.0	  100.0	    0.0	    0.0	    0.0	    0.0	   10.2	   19.3	  1	 1250.0	 1650.0	    0.0	    0.0	   10.2	1	  260.3	 21	    0.0	    0.0	
  295	  29.50	  228.6	 1353.4	  143.8	  674.4	 1175.1	    0.0	  200.0	    0.0	 1500.0	    0.0	  200.0	  100.0	    0.0	    0.0	    0.0	    0.0	   10.3	   19.4	  1	  550.0	  350.0	    0.0	    0.0	   10.3	1	  267.3	 21	    0.0	    0.0	
  296	  29.60	  228.6	 1353.4	  147.8	  667.4	 1168.0	    0.0	  200.0	    0.0	 1500.0	    0.0	  200.0	  100.0	    0.0	    0.0	    0.0	    0.0	   10.3	   19.5	  1	 1250.0	 1650.0	    0.0	    0.0	   10.3	1	  260.4	 21	    0.0	    0.0	
  297	  29.70	  228.6	 1353.4	  142.8	  613.9	 1206.1	    0.0	  200.0	    0.0	 1500.0	    0.0	  200.0	  100.0	    0.0	    0.0	    0.0	    0.0	   10.3	   19.5	  1	  750.0	  450.0	    0.0	    0.0	   10.3	1	  268.7	 21	    0.0	    0.0	
  298	  29.80	  228.6	 1353.4	 -171.1	  667.4	 1168.0	    0.0	  200.0	    0.0	 1500.0	    0.0	  200.0	  100.0	    0.0	    0.0	    0.0	    0.0	   10.4	   19.6	  1	 1250.0	 1650.0	    0.0	    0.0	   10.4	1	  260.5	 21	    0.0	    0.0	
  299	  29.90	  228.6	 1353.4	   78.8	  613.9	 1206.1	    0.0	  200.0	    0.0	 1500.0	    0.0	  200.0	  100.0	    0.0	    0.0	    0.0	    0.0	   10.4	   19.7	  1	  750.0	  450.0	    0.0	    0.0	   10.4	1	  268.7	 21	    0.0	    0.0	
  300	  30.00	  228.6	 1353.4	 -168.3	  613.9	 1206.1	    0.0	  200.0	    0.0	 1500.0	    0.0	  200.0	  100.0	    0.0	    0.0	    0.0	    0.0	   10.4	   19.7	  1	  750.0	  450.0	    0.0	    0.0	   10.4	1	  268.7	 21	    0.0	    0.0	
  301	  30.10	  228.6	 1353.4	 -123.4	  613.9	 1206.1	    0.0	  200.0	    0.0	 1500.0	    0.0	  200.0	  100.0	    0.0	    0.0	    0.0	    0.0	   10.5	   19.8	  1	  750.0	  450.0	    0.0	    0.0	   10.5	1	  268.7	 21	    0.0	    0.0	
  302	  30.20	  228.6	 1353.4	  -78.7	  641.7	 1223.1	    0.0	  200.0	    0.0	 1500.0	    0.0	  200.0	  100.0	    0.0	    0.0	    0.0	    0.0	   10.5	   19.9	  1	  750.0	  450.0	    0.0	    0.0	   10.5	1	  274.7	 21	    0.0	    0.0	
  303	  30.30	  228.6	 1353.4	  -67.9	  613.9	 1206.1	    0.0	  200.0	    0.0	 1500.0	    0.0	  200.0	  100.0	    0.0	    0.0	    0.0	    0.0	   10.5	   19.9	  1	  750.0	  450.0	    0.0	    0.0	   10.5	1	  268.8	 21	    0.0	    0.0	
  304	  30.40	  228.6	 1353.4	  -78.2	  641.7	 1223.1	    0.0	  200.0	    0.0	 1500.0	    0.0	  200.0	  100.0	    0.0	    0.0	    0.0	    0.0	   10.5	   20.0	  1	  750.0	  450.0	    0.0	    0.0	   10.5	1	  274.7	 21	    0.0	    0.0	
  305	  30.50	  228.6	 1353.4	  -64.9	  641.7	 1223.1	    0.0	  200.0	    0.0	 1500.0	    0.0	  200.0	  100.0	    0.0	    0.0	    0.0	    0.0	   10.6	   20.1	  1	  750.0	  450.0	    0.0	    0.0	   10.6	1	  274.7	 21	    0.0	    0.0	
  306	  30.60	  228.6	 1353.4	  -65.4	  641.7	 1223.1	    0.0	  200.0	    0.0	 1500.0	    0.0	  200.0	  100.0	    0.0	    0.0	    0.0	    0.0	   10.6	   20.1	  1	  750.0	  450.0	    0.0	    0.0	   10.6	1	  274.7	 21	    0.0	    0.0	
  307	  30.70	  228.6	 1353.4	  -65.5	  679.5	 1239.2	    0.0	  200.0	    0.0	 1500.0	    0.0	  200.0	  100.0	    0.0	    0.0	    0.0	    0.0	   10.6	   20.2	  1	  750.0	  450.0	    0.0	    0.0	   10.6	1	  281.1	 21	    0.0	    0.0	
  308	  30.80	  228.6	 1353.4	  -40.1	  679.5	 1239.2	    0.0	  200.0	    0.0	 1500.0	    0.0	  200.0	  100.0	    0.0	    0.0	    0.0	    0.0	   10.7	   20.3	  1	  750.0	  450.0	    0.0	    0.0	   10.7	1	  281.2	 21	    0.0	    0.0	
  309	  30.90	  228.6	 1353.4	   18.1	  679.5	 1239.2	    0.0	  200.0	    0.0	 1500.0	    0.0	  200.0	  100.0	    0.0	    0.0	    0.0	    0.0	   10.7	   20.3	  1	  750.0	  450.0	    0.0	    0.0	   10.7	1	  281.2	 21	    0.0	    0.0	
  310	  31.00	  228.6	 1353.4	  108.8	  679.5	 1239.2	    0.0	  200.0	    0.0	 1500.0	    0.0	  200.0	  100.0	    0.0	    0.0	    0.0	    0.0	   10.8	   20.4	  1	  750.0	  450.0	    0.0	    0.0	   10.8	1	  281.2	 21	    0.0	    0.0	
  311	  31.10	  228.6	 1353.4	  111.0	  641.7	 1223.1	    0.0	  200.0	    0.0	 1500.0	    0.0	  200.0	  100.0	    0.0	    0.0	    0.0	    0.0	   10.8	   20.5	  1	  750.0	  450.0	    0.0	    0.0	   10.8	1	  274.9	 21	    0.0	    0.0	
  312	  31.20	  228.6	 1353.4	  116.5	  679.5	 1239.2	    0.0	  200.0	    0.0	 1500.0	    0.0	  200.0	  100.0	    0.0	    0.0	    0.0	    0.0	   10.8	   20.5	  1	  750.0	  450.0	    0.0	    0.0	   10.8	1	  281.3	 21	    0.0	    0.0	
  313	  31.30	  228.6	 1353.4	  109.4	  679.5	 1239.2	    0.0	  200.0	    0.0	 1500.0	    0.0	  200.0	  100.0	    0.0	    0.0	    0.0	    0.0	   10.9	   20.6	  1	  750.0	  450.0	    0.0	    0.0	   10.9	1	  281.3	 21	    0.0	    0.0	
  314	  31.40	  228.6	 1353.4	  109.4	  679.5	 1239.2	    0.0	  200.0	    0.0	 1500.0	    0.0	  200.0	  100.0	    0.0	    0.0	    0.0	    0.0	   10.9	   20.7	  1	  750.0	  450.0	    0.0	    0.0	   10.9	1	  281.3	 21	    0.0	    0.0	
  315	  31.50	  228.6	 1353.4	  109.4	  679.5	 1239.2	    0.0	  200.0	    0.0	 1500.0	    0.0	  200.0	  100.0	    0.0	    0.0	    0.0	    0.0	   10.9	   20.8	  1	  750.0	  450.0	    0.0	    0.0	   10.9	1	  281.3	 21	    0.0	    0.0	
  316	  31.60	  228.6	 1353.4	  109.5	  679.5	 1239.2	    0.0	  200.0	    0.0	 1500.0	    0.0	  200.0	  100.0	    0.0	    0.0	    0.0	    0.0	   11.0	   20.8	  1	  750.0	  450.0	    0.0	    0.0	   11.0	1	  281.4	 21	    0.0	    0.0	
  317	  31.70	  228.6	 1353.4	  109.5	  761.5	 1145.0	    0.0	  200.0	    0.0	 1500.0	    0.0	  200.0	  100.0	    0.0	    0.0	    0.0	    0.0	   11.1	   20.9	  1	  550.0	  350.0	    0.0	    0.0	   11.1	1	  283.4	 21	    0.0	    0.0	
  318	  31.80	  228.6	 1353.4	   76.1	  761.5	 1145.0	    0.0	  200.0	    0.0	 1500.0	    0.0	  200.0	  100.0	    0.0	    0.0	    0.0	    0.0	   11.1	   21.0	  1	  550.0	  350.0	    0.0	    0.0	   11.1	1	  283.4	 21	    0.0	    0.0	
  319	  31.90	  228.6	 1353.4	   76.1	  761.5	 1145.0	    0.0	  200.0	    0.0	 1500.0	    0.0	  200.0	  100.0	    0.0	    0.0	    0.0	    0.0	   11.2	   21.0	  1	  550.0	  350.0	    0.0	    0.0	   11.2	1	  283.4	 21	    0.0	    0.0	
  320	  32.00	  228.6	 1353.4	   76.1	  761.5	 1145.0	    0.0	  200.0	    0.0	 1500.0	    0.0	  200.0	  100.0	    0.0	    0.0	    0.0	    0.0	   11.3	   21.1	  1	  550.0	  350.0	    0.0	    0.0	   11.3	1	  283.5	 21	    0.0	    0.0	
  321	  32.10	  228.6	 1353.4	   76.2	  761.5	 1145.0	    0.0	  200.0	    0.0	 1500.0	    0.0	  200.0	  100.0	    0.0	    0.0	    0.0	    0.0	   11.3	   21.2	  1	  550.0	  350.0	    0.0	    0.0	   11.3	1	  283.5	 21	    0.0	    0.0	
  322	  32.20	  228.6	 1353.4	   76.2	  761.5	 1145.0	    0.0	  200.0	    0.0	 1500.0	    0.0	  200.0	  100.0	    0.0	    0.0	    0.0	    0.0	   11.4	   21.2	  1	  550.0	  350.0	    0.0	    0.0	   11.4	1	  283.6	 21	    0.0	    0.0	
  323	  32.30	  228.6	 1353.4	   76.3	  761.5	 1145.0	    0.0	  200.0	    0.0	 1500.0	    0.0	  200.0	  100.0	    0.0	    0.0	    0.0	    0.0	   11.5	   21.3	  1	  550.0	  350.0	    0.0	    0.0	   11.5	1	  283.6	 21	    0.0	    0.0	
  324	  32.40	  228.6	 1353.4	   76.4	  761.5	 1145.0	    0.0	  200.0	    0.0	 1500.0	    0.0	  200.0	  100.0	    0.0	    0.0	    0.0	    0.0	   11.5	   21.4	  1	  550.0	  350.0	    0.0	    0.0	   11.5	1	  283.7	 21	    0.0	    0.0	
  325	  32.50	  228.6	 1353.4	   76.5	  761.5	 1145.0	    0.0	  200.0	    0.0	 1500.0	    0.0	  200.0	  100.0	    0.0	    0.0	    0.0	    0.0	   11.6	   21.4	  1	  550.0	  350.0	    0.0	    0.0	   11.6	1	  283.7	 21	    0.0	    0.0	
  326	  32.60	  228.6	 1353.4	   76.7	  761.5	 1145.0	    0.0	  200.0	    0.0	 1500.0	    0.0	  200.0	  100.0	    0.0	    0.0	    0.0	    0.0	   11.7	   21.5	  1	  550.0	  350.0	    0.0	    0.0	   11.7	1	  283.7	 21	    0.0	    0.0	
  327	  32.70	  228.6	 1353.4	   76.9	  761.5	 1145.0	    0.0	  200.0	    0.0	 1500.0	    0.0	  200.0	  100.0	    0.0	    0.0	    0.0	    0.0	   11.7	   21.6	  1	  550.0	  350.0	    0.0	    0.0	   11.7	1	  283.8	 21	    0.0	    0.0	
  328	  32.80	  228.6	 1353.4	   77.1	  761.5	 1145.0	    0.0	  200.0	    0.0	 1500.0	    0.0	  200.0	  100.0	    0.0	    0.0	    0.0	    0.0	   11.8	   21.6	  1	  550.0	  350.0	    0.0	    0.0	   11.8	1	  283.8	 21	    0.0	    0.0	
  329	  32.90	  228.6	 1353.4	   77.5	  761.5	 1145.0	    0.0	  200.0	    0.0	 1500.0	    0.0	  200.0	  100.0	    0.0	    0.0	    0.0	    0.0	   11.9	   21.7	  1	  550.0	  350.0	    0.0	    0.0	   11.9	1	  283.9	 21	    0.0	    0.0	
  330	  33.00	  228.6	 1353.4	   77.9	  761.5	 1145.0	    0.0	  200.0	    0.0	 1500.0	    0.0	  200.0	  100.0	    0.0	    0.0	    0.0	    0.0	   11.9	   21.8	  1	  550.0	  350.0	    0.0	    0.0	   11.9	1	  283.9	 21	    0.0	    0.0	
  331	  33.10	  228.6	 1353.4	   78.6	  761.5	 1145.0	    0.0	  200.0	    0.0	 1500.0	    0.0	  200.0	  100.0	    0.0	    0.0	    0.0	    0.0	   12.0	   21.8	  1	  550.0	  350.0	    0.0	    0.0	   12.0	1	  284.0	 21	    0.0	    0.0	
  332	  33.20	  228.6	 1353.4	   79.4	  761.5	 1145.0	    0.0	  200.0	    0.0	 1500.0	    0.0	  200.0	  100.0	    0.0	    0.0	    0.0	    0.0	   12.1	   21.9	  1	  550.0	  350.0	    0.0	    0.0	   12.1	1	  284.0	 21	    0.0	    0.0	
  333	  33.30	  228.6	 1353.4	   80.5	  761.5	 1145.0	    0.0	  200.0	    0.0	 1500.0	    0.0	  200.0	  100.0	    0.0	    0.0	    0.0	    0.0	   12.1	   22.0	  1	  550.0	  350.0	    0.0	    0.0	   12.1	1	  284.0	 21	    0.0	    0.0	
  334	  33.40	  228.6	 1353.4	   82.0	  761.5	 1145.0	    0.0	  200.0	    0.0	 1500.0	    0.0	  200.0	  100.0	    0.0	    0.0	    0.0	    0.0	   12.2	   22.0	  1	  550.0	  350.0	    0.0	    0.0	   12.2	1	  284.1	 21	    0.0	    0.0	
  335	  33.50	  228.6	 1353.4	   84.0	  761.5	 1145.0	    0.0	  200.0	    0.0	 1500.0	    0.0	  200.0	  100.0	    0.0	    0.0	    0.0	    0.0	   12.3	   22.1	  1	  550.0	  350.0	    0.0	    0.0	   12.3	1	  284.1	 21	    0.0	    0.0	
  336	  33.60	  228.6	 1353.4	   86.9	  761.5	 1145.0	    0.0	  200.0	    0.0	 1500.0	    0.0	  200.0	  100.0	    0.0	    0.0	    0.0	    0.0	   12.3	   22.2	  1	  550.0	  350.0	    0.0	    0.0	   12.3	1	  284.2	 21	    0.0	    0.0	
  337	  33.70	  228.6	 1353.4	   90.9	  761.5	 1145.0	    0.0	  200.0	    0.0	 1500.0	    0.0	  200.0	  100.0	    0.0	    0.0	    0.0	    0.0	   12.4	   22.2	  1	  550.0	  350.0	    0.0	    0.0	   12.4	1	  284.2	 21	    0.0	    0.0	
  338	  33.80	  228.6	 1353.4	   96.9	  761.5	 1145.0	    0.0	  200.0	    0.0	 1500.0	    0.0	  200.0	  100.0	    0.0	    0.0	    0.0	    0.0	   12.5	   22.3	  1	  550.0	  350.0	    0.0	    0.0	   12.5	1	  284.3	 21	    0.0	    0.0	
  339	  33.90	  228.6	 1353.4	  105.7	  761.5	 1145.0	    0.0	  200.0	    0.0	 1500.0	    0.0	  200.0	  100.0	    0.0	    0.0	    0.0	    0.0	   12.5	   22.4	  1	  550.0	  350.0	    0.0	    0.0	   12.5	1	  284.3	 21	    0.0	    0.0	
  340	  34.00	  228.6	 1353.4	  118.8	  761.5	 1145.0	    0.0	  200.0	    0.0	 1500.0	    0.0	  200.0	  100.0	    0.0	    0.0	    0.0	    0.0	   12.6	   22.4	  1	  550.0	  350.0	    0.0	    0.0	   12.6	1	  284.4	 21	    0.0	    0.0	
  341	  34.10	  228.6	 1353.4	  136.4	  761.5	 1145.0	    0.0	  200.0	    0.0	 1500.0	    0.0	  200.0	  100.0	    0.0	    0.0	    0.0	    0.0	   12.7	   22.5	  1	  550.0	  350.0	    0.0	    0.0	   12.7	1	  284.4	 21	    0.0	    0.0	
  342	  34.20	  228.6	 1353.4	  156.4	  761.5	 1145.0	    0.0	  200.0	    0.0	 1500.0	    0.0	  200.0	  100.0	    0.0	    0.0	    0.0	    0.0	   12.7	   22.6	  1	  550.0	  350.0	    0.0	    0.0	   12.7	1	  284.4	 21	    0.0	    0.0	
  343	  34.30	  228.6	 1353.4	  173.9	  761.5	 1145.0	    0.0	  200.0	    0.0	 1500.0	    0.0	  200.0	  100.0	    0.0	    0.0	    0.0	    0.0	   12.8	   22.6	  1	  550.0	  350.0	    0.0	    0.0	   12.8	1	  284.5	 21	    0.0	    0.0	
  344	  34.40	  228.6	 1353.4	 -173.5	  761.5	 1145.0	    0.0	  200.0	    0.0	 1500.0	    0.0	  200.0	  100.0	    0.0	    0.0	    0.0	    0.0	   12.9	   22.7	  1	  550.0	  350.0	    0.0	    0.0	   12.9	1	  284.5	 21	    0.0	    0.0	
  345	  34.50	  228.6	 1353.4	 -164.9	  761.5	 1145.0	    0.0	  200.0	    0.0	 1500.0	    0.0	  200.0	  100.0	    0.0	    0.0	    0.0	    0.0	   12.9	   22.8	  1	  550.0	  350.0	    0.0	    0.0	   12.9	1	  284.6	 21	    0.0	    0.0	
  346	  34.60	  228.6	 1353.4	 -159.0	  627.0	 1142.9	    0.0	  200.0	    0.0	 1500.0	    0.0	  200.0	  100.0	    0.0	    0.0	    0.0	    0.0	   13.0	   22.8	  1	  550.0	  350.0	    0.0	    0.0	   13.0	1	  253.3	 21	    0.0	    0.0	
  347	  34.70	  228.6	 1353.4	 -119.7	  627.0	 1142.9	    0.0	  200.0	    0.0	 1500.0	    0.0	  200.0	  100.0	    0.0	    0.0	    0.0	    0.0	   13.0	   22.9	  1	  550.0	  350.0	    0.0	    0.0	   13.0	1	  253.3	 21	    0.0	    0.0	
  348	  34.80	  228.6	 1353.4	  -86.1	  627.0	 1142.9	    0.0	  200.0	    0.0	 1500.0	    0.0	  200.0	  100.0	    0.0	    0.0	    0.0	    0.0	   13.0	   23.0	  1	  550.0	  350.0	    0.0	    0.0	   13.0	1	  253.3	 21	    0.0	    0.0	
  349	  34.90	  228.6	 1353.4	  -79.6	  627.0	 1142.9	    0.0	  200.0	    0.0	 1500.0	    0.0	  200.0	  100.0	    0.0	    0.0	    0.0	    0.0	   13.1	   23.0	  1	  550.0	  350.0	    0.0	    0.0	   13.1	1	  253.3	 21	    0.0	    0.0	
  350	  35.00	  228.6	 1353.4	  -78.8	  627.0	 1142.9	    0.0	  200.0	    0.0	 1500.0	    0.0	  200.0	  100.0	    0.0	    0.0	    0.0	    0.0	   13.1	   23.1	  1	  550.0	  350.0	    0.0	    0.0	   13.1	1	  253.4	 21	    0.0	    0.0	
  351	  35.10	  228.6	 1353.4	  -78.7	  683.9	 1201.0	    0.0	  200.0	    0.0	 1500.0	    0.0	  200.0	  100.0	    0.9	    0.0	    0.0	    0.0	   13.2	   23.2	  1	  750.0	  450.0	    0.9	    0.0	   13.2	1	  278.7	 21	    0.0	    0.0	
  352	  35.20	  228.6	 1353.4	  -51.3	  683.9	 1201.0	    0.0	  200.0	    0.0	 1500.0	    0.0	  200.0	  100.0	    0.4	    0.0	    0.0	    0.0	   13.2	   23.3	  1	  750.0	  450.0	    0.4	    0.0	   13.2	1	  279.0	 21	    0.0	    0.0	
  353	  35.30	  228.6	 1353.4	  -52.2	  683.9	 1201.0	    0.0	  200.0	    0.0	 1500.0	    0.0	  200.0	  100.0	    0.0	    0.0	    0.0	    0.0	   13.2	   23.3	  1	  750.0	  450.0	    0.0	    0.0	   13.2	1	  279.2	 21	    0.0	    0.0	
  354	  35.40	  228.6	 1353.4	  -52.7	  683.9	 1201.0	    0.0	  200.0	    0.0	 1500.0	    0.0	  200.0	  100.0	    0.0	    0.0	    0.0	    0.0	   13.3	   23.4	  1	  750.0	  450.0	    0.0	    0.0	   13.3	1	  279.2	 21	    0.0	    0.0	
  355	  35.50	  228.6	 1353.4	  -53.1	  683.9	 1201.0	    0.0	  200.0	    0.0	 1500.0	    0.0	  200.0	  100.0	    0.0	    0.0	    0.0	    0.0	   13.3	   23.5	  1	  750.0	  450.0	    0.0	    0.0	   13.3	1	  279.2	 21	    0.0	    0.0	
  356	  35.60	  228.6	 1353.4	  -53.4	  706.6	 1146.0	    0.0	  200.0	    0.0	 1500.0	    0.0	  200.0	  100.0	    0.0	    0.0	    0.0	    0.0	   13.4	   23.5	  1	  550.0	  350.0	    0.0	    0.0	   13.4	1	  271.9	 21	    0.0	    0.0	
  357	  35.70	  228.6	 1353.4	  -23.2	  706.6	 1146.0	    0.0	  200.0	    0.0	 1500.0	    0.0	  200.0	  100.0	    0.0	    0.0	    0.0	    0.0	   13.4	   23.6	  1	  550.0	  350.0	    0.0	    0.0	   13.4	1	  271.9	 21	    0.0	    0.0	
  358	  35.80	  228.6	 1353.4	   97.7	  706.6	 1146.0	    0.0	  200.0	    0.0	 1500.0	    0.0	  200.0	  100.0	    0.0	    0.0	    0.0	    0.0	   13.5	   23.7	  1	  550.0	  350.0	    0.0	    0.0	   13.5	1	  272.0	 21	    0.0	    0.0	
  359	  35.90	  228.6	 1353.4	  114.7	  706.6	 1146.0	    0.0	  200.0	    0.0	 1500.0	    0.0	  200.0	  100.0	    0.0	    0.0	    0.0	    0.0	   13.5	   23.7	  1	  550.0	  350.0	    0.0	    0.0	   13.5	1	  272.0	 21	    0.0	    0.0	
  360	  36.00	  228.6	 1353.4	  114.7	  674.6	 1136.0	    0.0	  200.0	    0.0	 1500.0	    0.0	  200.0	  100.0	    0.0	    0.0	    0.0	    0.0	   13.6	   23.8	  1	 1250.0	 1650.0	    0.0	    0.0	   13.6	1	  254.4	 21	    0.0	    0.0	
  361	  36.10	  228.6	 1353.4	  116.9	  674.6	 1136.0	    0.0	  200.0	    0.0	 1500.0	    0.0	  200.0	  100.0	    0.0	    0.0	    0.0	    0.0	   13.6	   23.9	  1	 1250.0	 1650.0	    0.0	    0.0	   13.6	1	  254.4	 21	    0.0	    0.0	
  362	  36.20	  228.6	 1353.4	  116.9	  674.6	 1136.0	    0.0	  200.0	    0.0	 1500.0	    0.0	  200.0	  100.0	    0.0	    0.0	    0.0	    0.0	   13.7	   23.9	  1	 1250.0	 1650.0	    0.0	    0.0	   13.7	1	  254.5	 21	    0.0	    0.0	
  363	  36.30	  228.6	 1353.4	  116.9	  674.6	 1136.0	    0.0	  200.0	    0.0	 1500.0	    0.0	  200.0	  100.0	    0.0	    0.0	    0.0	    0.0	   13.7	   24.0	  1	 1250.0	 1650.0	    0.0	    0.0	   13.7	1	  254.5	 21	    0.0	    0.0	
  364	  36.40	  228.6	 1353.4	  116.9	  674.6	 1136.0	    0.0	  200.0	    0.0	 1500.0	    0.0	  200.0	  100.0	    0.0	    0.0	    0.0	    0.0	   13.8	   24.1	  1	 1250.0	 1650.0	    0.0	    0.0	   13.8	1	  254.5	 21	    0.0	    0.0	
  365	  36.50	  228.6	 1353.4	  116.9	  674.6	 1136.0	    0.0	  200.0	    0.0	 1500.0	    0.0	  200.0	  100.0	    0.0	    0.0	    0.0	    0.0	   13.8	   24.1	  1	 1250.0	 1650.0	    0.0	    0.0	   13.8	1	  254.5	 21	    0.0	    0.0	
  366	  36.60	  228.6	 1353.4	  116.9	  715.6	 1178.9	    0.0	  200.0	    0.0	 1500.0	    0.0	  200.0	  100.0	    0.5	    0.0	    0.0	    0.0	   13.9	   24.2	  1	  950.0	  450.0	    0.5	    0.0	   13.9	1	  283.1	 21	    0.0	    0.0	
  367	  36.70	  228.6	 1353.4	  103.7	  659.5	 1142.4	    0.0	  200.0	    0.0	 1500.0	    0.0	  200.0	  100.0	    0.1	    0.0	    0.0	    0.0	   13.9	   24.3	  1	  550.0	  350.0	    0.1	    0.0	   13.9	1	  260.8	 21	    0.0	    0.0	
  368	  36.80	  228.6	 1353.4	  146.0	  659.5	 1142.4	    0.0	  200.0	    0.0	 1500.0	    0.0	  200.0	  100.0	    0.0	    0.0	    0.0	    0.0	   14.0	   24.3	  1	  550.0	  350.0	    0.0	    0.0	   14.0	1	  260.9	 21	    0.0	    0.0	
  369	  36.90	  228.6	 1353.4	  146.1	  659.5	 1142.4	    0.0	  200.0	    0.0	 1500.0	    0.0	  200.0	  100.0	    0.0	    0.0	    0.0	    0.0	   14.0	   24.4	  1	  550.0	  350.0	    0.0	    0.0	   14.0	1	  260.9	 21	    0.0	    0.0	
  370	  37.00	  228.6	 1353.4	  146.1	  658.6	 1135.6	    0.0	  200.0	    0.0	 1500.0	    0.0	  200.0	  100.0	    0.0	    0.0	    0.0	    0.0	   14.0	   24.5	  1	  550.0	  350.0	    0.0	    0.0	   14.0	1	  259.5	 21	    0.0	    0.0	
  371	  37.10	  228.6	 1353.4	  145.9	  657.8	 1136.0	    0.0	  200.0	    0.0	 1500.0	    0.0	  200.0	  100.0	    0.0	    0.0	    0.0	    0.0	   14.1	   24.5	  1	  550.0	  350.0	    0.0	    0.0	   14.1	1	  259.4	 21	    0.0	    0.0	
  372	  37.20	  228.6	 1353.4	  147.5	  657.8	 1136.0	    0.0	  200.0	    0.0	 1500.0	    0.0	  200.0	  100.0	    0.0	    0.0	    0.0	    0.0	   14.1	   24.6	  1	  550.0	  350.0	    0.0	    0.0	   14.1	1	  259.4	 21	    0.0	    0.0	
  373	  37.30	  228.6	 1353.4	  147.5	  657.8	 1136.0	    0.0	  200.0	    0.0	 1500.0	    0.0	  200.0	  100.0	    0.0	    0.0	    0.0	    0.0	   14.2	   24.7	  1	  550.0	  350.0	    0.0	    0.0	   14.2	1	  259.4	 21	    0.0	    0.0	
  374	  37.40	  228.6	 1353.4	  147.6	  657.8	 1136.0	    0.0	  200.0	    0.0	 1500.0	    0.0	  200.0	  100.0	    0.0	    0.0	    0.0	    0.0	   14.2	   24.7	  1	  550.0	  350.0	    0.0	    0.0	   14.2	1	  259.4	 21	    0.0	    0.0	
  375	  37.50	  228.6	 1353.4	  147.8	  657.8	 1136.0	    0.0	  200.0	    0.0	 1500.0	    0.0	  200.0	  100.0	    0.0	    0.0	    0.0	    0.0	   14.3	   24.8	  1	  550.0	  350.0	    0.0	    0.0	   14.3	1	  259.5	 21	    0.0	    0.0	
  376	  37.60	  228.6	 1353.4	  147.9	  657.8	 1136.0	    0.0	  200.0	    0.0	 1500.0	    0.0	  200.0	  100.0	    0.0	    0.0	    0.0	    0.0	   14.3	   24.9	  1	  550.0	  350.0	    0.0	    0.0	   14.3	1	  259.5	 21	    0.0	    0.0	
  377	  37.70	  228.6	 1353.4	  148.1	  657.8	 1136.0	    0.0	  200.0	    0.0	 1500.0	    0.0	  200.0	  100.0	    0.0	    0.0	    0.0	    0.0	   14.3	   24.9	  1	  550.0	  350.0	    0.0	    0.0	   14.3	1	  259.5	 21	    0.0	    0.0	
  378	  37.80	  228.6	 1353.4	  148.4	  657.8	 1136.0	    0.0	  200.0	    0.0	 1500.0	    0.0	  200.0	  100.0	    0.0	    0.0	    0.0	    0.0	   14.4	   25.0	  1	  550.0	  350.0	    0.0	    0.0	   14.4	1	  259.5	 21	    0.0	    0.0	
  379	  37.90	  228.6	 1353.4	  148.8	  657.8	 1136.0	    0.0	  200.0	    0.0	 1500.0	    0.0	  200.0	  100.0	    0.0	    0.0	    0.0	    0.0	   14.4	   25.1	  1	  550.0	  350.0	    0.0	    0.0	   14.4	1	  259.6	 21	    0.0	    0.0	
  380	  38.00	  228.6	 1353.4	  149.2	  657.8	 1136.0	    0.0	  200.0	    0.0	 1500.0	    0.0	  200.0	  100.0	    0.0	    0.0	    0.0	    0.0	   14.5	   25.1	  1	  550.0	  350.0	    0.0	    0.0	   14.5	1	  259.6	 21	    0.0	    0.0	
  381	  38.10	  228.6	 1353.4	  149.8	  657.8	 1136.0	    0.0	  200.0	    0.0	 1500.0	    0.0	  200.0	  100.0	    0.0	    0.0	    0.0	    0.0	   14.5	   25.2	  1	  550.0	  350.0	    0.0	    0.0	   14.5	1	  259.6	 21	    0.0	    0.0	
  382	  38.20	  228.6	 1353.4	  150.5	  657.8	 1136.0	    0.0	  200.0	    0.0	 1500.0	    0.0	  200.0	  100.0	    0.0	    0.0	    0.0	    0.0	   14.5	   25.3	  1	  550.0	  350.0	    0.0	    0.0	   14.5	1	  259.6	 21	    0.0	    0.0	
  383	  38.30	  228.6	 1353.4	  151.4	  657.8	 1136.0	    0.0	  200.0	    0.0	 1500.0	    0.0	  200.0	  100.0	    0.0	    0.0	    0.0	    0.0	   14.6	   25.3	  1	  550.0	  350.0	    0.0	    0.0	   14.6	1	  259.7	 21	    0.0	    0.0	
  384	  38.40	  228.6	 1353.4	  152.5	  657.8	 1136.0	    0.0	  200.0	    0.0	 1500.0	    0.0	  200.0	  100.0	    0.0	    0.0	    0.0	    0.0	   14.6	   25.4	  1	  550.0	  350.0	    0.0	    0.0	   14.6	1	  259.7	 21	    0.0	    0.0	
  385	  38.50	  228.6	 1353.4	  154.0	  657.8	 1136.0	    0.0	  200.0	    0.0	 1500.0	    0.0	  200.0	  100.0	    0.0	    0.0	    0.0	    0.0	   14.7	   25.5	  1	  550.0	  350.0	    0.0	    0.0	   14.7	1	  259.7	 21	    0.0	    0.0	
  386	  38.60	  228.6	 1353.4	  155.7	  657.8	 1136.0	    0.0	  200.0	    0.0	 1500.0	    0.0	  200.0	  100.0	    0.0	    0.0	    0.0	    0.0	   14.7	   25.5	  1	  550.0	  350.0	    0.0	    0.0	   14.7	1	  259.8	 21	    0.0	    0.0	
  387	  38.70	  228.6	 1353.4	  157.8	  657.8	 1136.0	    0.0	  200.0	    0.0	 1500.0	    0.0	  200.0	  100.0	    0.0	    0.0	    0.0	    0.0	   14.8	   25.6	  1	  550.0	  350.0	    0.0	    0.0	   14.8	1	  259.8	 21	    0.0	    0.0	
  388	  38.80	  228.6	 1353.4	  160.4	  657.8	 1136.0	    0.0	  200.0	    0.0	 1500.0	    0.0	  200.0	  100.0	    0.0	    0.0	    0.0	    0.0	   14.8	   25.7	  1	  550.0	  350.0	    0.0	    0.0	   14.8	1	  259.8	 21	    0.0	    0.0	
  389	  38.90	  228.6	 1353.4	  163.4	  657.8	 1136.0	    0.0	  200.0	    0.0	 1500.0	    0.0	  200.0	  100.0	    0.0	    0.0	    0.0	    0.0	   14.8	   25.7	  1	  550.0	  350.0	    0.0	    0.0	   14.8	1	  259.8	 21	    0.0	    0.0	
  390	  39.00	  228.6	 1353.4	  166.7	  657.8	 1136.0	    0.0	  200.0	    0.0	 1500.0	    0.0	  200.0	  100.0	    0.0	    0.0	    0.0	    0.0	   14.9	   25.8	  1	  550.0	  350.0	    0.0	    0.0	   14.9	1	  259.9	 21	    0.0	    0.0	
  391	  39.10	  228.6	 1353.4	  170.4	  657.8	 1136.0	    0.0	  200.0	    0.0	 1500.0	    0.0	  200.0	  100.0	    0.0	    0.0	    0.0	    0.0	   14.9	   25.9	  1	  550.0	  350.0	    0.0	    0.0	   14.9	1	  259.9	 21	    0.0	    0.0	
  392	  39.20	  228.6	 1353.4	  174.2	  657.8	 1136.0	    0.0	  200.0	    0.0	 1500.0	    0.0	  200.0	  100.0	    0.0	    0.0	    0.0	    0.0	   15.0	   26.0	  1	  550.0	  350.0	    0.0	    0.0	   15.0	1	  259.9	 21	    0.0	    0.0	
  393	  39.30	  228.6	 1353.4	  178.1	  657.8	 1136.0	    0.0	  200.0	    0.0	 1500.0	    0.0	  200.0	  100.0	    0.0	    0.0	    0.0	    0.0	   15.0	   26.0	  1	  550.0	  350.0	    0.0	    0.0	   15.0	1	  259.9	 21	    0.0	    0.0	
