    1	   2.18	    0.0	 1500.0	    0.0	    0.0	 1500.0	    0.0	  200.0	    0.0	 1500.0	    0.0	  200.0	  100.0	   99.5	    0.0	    0.0	    0.0	    0.0	    0.1	  1	 -750.0	 1550.0	   99.5	    0.0	    0.0	1	  521.2	 21	    0.0	    8.5	
    2	   2.28	    0.0	 1500.0	    0.0	    0.0	 1500.0	    0.0	  200.0	    0.0	 1500.0	    0.0	  200.0	  100.0	   99.0	    0.0	    0.0	    0.0	    0.0	    0.1	  1	 -750.0	 1550.0	   99.0	    0.0	    0.0	1	  396.0	 21	 1322.3	   12.2	
    3	   2.38	    0.0	 1500.0	    0.0	    0.0	 1500.0	    0.0	  200.0	    0.0	 1500.0	    0.0	  200.0	  100.0	   98.5	    0.0	    0.0	    0.0	    0.0	    0.2	  1	 -750.0	 1550.0	   98.5	    0.0	    0.0	1	  395.6	 21	 1321.9	   12.2	
    4	   2.48	    0.0	 1500.0	    0.0	    0.0	 1500.0	    0.0	  200.0	    0.0	 1500.0	    0.0	  200.0	  100.0	   98.0	    0.0	    0.0	    0.0	    0.0	    0.3	  1	 -750.0	 1550.0	   98.0	    0.0	    0.0	1	  395.1	 21	 1321.5	   12.2	
    5	   2.58	    0.0	 1500.0	    0.0	    0.0	 1500.0	    0.0	  200.0	    0.0	 1500.0	    0.0	  200.0	  100.0	   97.5	    0.0	    0.0	    0.0	    0.0	    0.3	  1	 -750.0	 1550.0	   97.5	    0.0	    0.0	1	  394.7	 21	 1321.2	   12.1	
    6	   2.68	    0.0	 1500.0	    0.0	    0.0	 1500.0	    0.0	  200.0	    0.0	 1500.0	    0.0	  200.0	  100.0	   97.0	    0.0	    0.0	    0.0	    0.0	    0.4	  1	 -750.0	 1550.0	   97.0	    0.0	    0.0	1	  394.2	 21	 1320.8	   12.1	
    7	   2.78	    0.0	 1500.0	    0.0	    0.0	 1500.0	    0.0	  200.0	    0.0	 1500.0	    0.0	  200.0	  100.0	   96.5	    0.0	    0.0	    0.0	    0.0	    0.5	  1	 -750.0	 1550.0	   96.5	    0.0	    0.0	1	  393.8	 21	 1320.4	   12.0	
    8	   2.88	    0.0	 1500.0	    0.0	    0.0	 1500.0	    0.0	  200.0	    0.0	 1500.0	    0.0	  200.0	  100.0	   96.0	    0.0	    0.0	    0.0	    0.0	    0.5	  1	 -750.0	 1550.0	   96.0	    0.0	    0.0	1	  393.3	 21	 1320.0	   12.0	
    9	   2.98	    0.0	 1500.0	    0.0	    0.0	 1500.0	    0.0	  200.0	    0.0	 1500.0	    0.0	  200.0	  100.0	   95.5	    0.0	    0.0	    0.0	    0.0	    0.6	  1	 -750.0	 1550.0	   95.5	    0.0	    0.0	1	  392.8	 21	 1319.7	   12.0	
   10	   3.08	    0.0	 1500.0	    0.0	    0.0	 1500.0	    0.0	  200.0	    0.0	 1500.0	    0.0	  200.0	  100.0	   95.0	    0.0	    0.0	    0.0	    0.0	    0.7	  1	 -750.0	 1550.0	   95.0	    0.0	    0.0	1	  392.4	 21	 1319.3	   11.9	
   11	   3.18	    0.0	 1500.0	    0.0	    0.0	 1500.0	    0.0	  200.0	    0.0	 1500.0	    0.0	  200.0	  100.0	   94.5	    0.0	    0.0	    0.0	    0.0	    0.7	  1	 -750.0	 1550.0	   94.5	    0.0	    0.0	1	  391.9	 21	 1318.9	   11.9	
   12	   3.28	    0.0	 1500.0	    0.0	    0.0	 1500.0	    0.0	  200.0	    0.0	 1500.0	    0.0	  200.0	  100.0	   94.0	    0.0	    0.0	    0.0	    0.0	    0.8	  1	 -750.0	 1550.0	   94.0	    0.0	    0.0	1	  391.5	 21	 1318.6	   11.9	
   13	   3.38	    0.0	 1500.0	    0.0	    0.0	 1500.0	    0.0	  200.0	    0.0	 1500.0	    0.0	  200.0	  100.0	   93.5	    0.0	    0.0	    0.0	    0.0	    0.9	  1	 -750.0	 1550.0	   93.5	    0.0	    0.0	1	  391.0	 21	 1318.2	   11.8	
   14	   3.48	    0.0	 1500.0	    0.0	    0.0	 1500.0	    0.0	  200.0	    0.0	 1500.0	    0.0	  200.0	  100.0	   93.0	    0.0	    0.0	    0.0	    0.0	    0.9	  1	 -750.0	 1550.0	   93.0	    0.0	    0.0	1	  390.6	 21	 1317.8	   11.8	
   15	   3.58	    0.0	 1500.0	    0.0	    0.0	 1500.0	    0.0	  200.0	    0.0	 1500.0	    0.0	  200.0	  100.0	   92.5	    0.0	    0.0	    0.0	    0.0	    1.0	  1	 -750.0	 1550.0	   92.5	    0.0	    0.0	1	  390.1	 21	 1317.5	   11.7	
   16	   3.69	    0.0	 1500.0	    0.0	    0.0	 1500.0	    0.0	  200.0	    0.0	 1500.0	    0.0	  200.0	  100.0	   92.0	    0.0	    0.0	    0.0	    0.0	    1.1	  1	 -750.0	 1550.0	   92.0	    0.0	    0.0	1	  389.7	 21	 1317.1	   11.7	
   17	   3.78	    0.0	 1500.0	    0.0	    0.0	 1500.0	    0.0	  200.0	    0.0	 1500.0	    0.0	  200.0	  100.0	   91.5	    0.0	    0.0	    0.0	    0.0	    1.2	  1	 -750.0	 1550.0	   91.5	    0.0	    0.0	1	  389.2	 21	 1316.7	   11.7	
   18	   3.88	    0.0	 1500.0	    0.0	    0.0	 1500.0	    0.0	  200.0	    0.0	 1500.0	    0.0	  200.0	  100.0	   91.0	    0.0	    0.0	    0.0	    0.0	    1.2	  1	 -750.0	 1550.0	   91.0	    0.0	    0.0	1	  388.7	 21	 1316.4	   11.6	
   19	   3.98	    0.0	 1500.0	    0.0	    0.0	 1500.0	    0.0	  200.0	    0.0	 1500.0	    0.0	  200.0	  100.0	   90.5	    0.0	    0.0	    0.0	    0.0	    1.3	  1	 -750.0	 1550.0	   90.5	    0.0	    0.0	1	  388.3	 21	 1316.0	   11.6	
   20	   4.08	    0.0	 1500.0	    0.0	    0.0	 1500.0	    0.0	  200.0	    0.0	 1500.0	    0.0	  200.0	  100.0	   90.0	    0.0	    0.0	    0.0	    0.0	    1.4	  1	 -750.0	 1550.0	   90.0	    0.0	    0.0	1	  387.8	 21	 1315.6	   11.6	
   21	   4.18	    0.0	 1500.0	    0.0	    0.0	 1500.0	    0.0	  200.0	    0.0	 1500.0	    0.0	  200.0	  100.0	   89.5	    0.0	    0.0	    0.0	    0.0	    1.4	  1	 -750.0	 1550.0	   89.5	    0.0	    0.0	1	  387.4	 21	 1315.3	   11.5	
   22	   4.28	    0.0	 1500.0	    0.0	    0.0	 1500.0	    0.0	  200.0	    0.0	 1500.0	    0.0	  200.0	  100.0	   89.0	    0.0	    0.0	    0.0	    0.0	    1.5	  1	 -750.0	 1550.0	   89.0	    0.0	    0.0	1	  386.9	 21	 1314.9	   11.5	
   23	   4.38	    0.0	 1500.0	    0.0	    0.0	 1500.0	    0.0	  200.0	    0.0	 1500.0	    0.0	  200.0	  100.0	   88.5	    0.0	    0.0	    0.0	    0.0	    1.6	  1	 -750.0	 1550.0	   88.5	    0.0	    0.0	1	  386.4	 21	 1314.5	   11.5	
   24	   4.48	    0.0	 1500.0	    0.0	    0.0	 1500.0	    0.0	  200.0	    0.0	 1500.0	    0.0	  200.0	  100.0	   88.0	    0.0	    0.0	    0.0	    0.0	    1.6	  1	 -750.0	 1550.0	   88.0	    0.0	    0.0	1	  386.0	 21	 1314.1	   11.4	
   25	   4.58	    0.0	 1500.0	    0.0	    0.0	 1500.0	    0.0	  200.0	    0.0	 1500.0	    0.0	  200.0	  100.0	   87.5	    0.0	    0.0	    0.0	    0.0	    1.7	  1	 -750.0	 1550.0	   87.5	    0.0	    0.0	1	  385.5	 21	 1313.8	   11.4	
   26	   4.68	    0.0	 1500.0	    0.0	    0.0	 1500.0	    0.0	  200.0	    0.0	 1500.0	    0.0	  200.0	  100.0	   87.0	    0.0	    0.0	    0.0	    0.0	    1.8	  1	 -750.0	 1550.0	   87.0	    0.0	    0.0	1	  385.1	 21	 1313.4	   11.3	
   27	   4.78	    0.0	 1500.0	    0.0	    0.0	 1500.0	    0.0	  200.0	    0.0	 1500.0	    0.0	  200.0	  100.0	   86.5	    0.0	    0.0	    0.0	    0.0	    1.8	  1	 -750.0	 1550.0	   86.5	    0.0	    0.0	1	  384.6	 21	 1313.0	   11.3	
   28	   4.88	    0.0	 1500.0	    0.0	    0.0	 1500.0	    0.0	  200.0	    0.0	 1500.0	    0.0	  200.0	  100.0	   86.0	    0.0	    0.0	    0.0	    0.0	    1.9	  1	 -750.0	 1550.0	   86.0	    0.0	    0.0	1	  384.1	 21	 1312.7	   11.3	
   29	   4.99	    0.0	 1500.0	    0.0	    0.0	 1500.0	    0.0	  200.0	    0.0	 1500.0	    0.0	  200.0	  100.0	   85.5	    0.0	    0.0	    0.0	    0.0	    2.0	  1	 -750.0	 1550.0	   85.5	    0.0	    0.0	1	  383.7	 21	 1312.3	   11.2	
   30	   5.08	    0.0	 1500.0	    0.0	    0.0	 1500.0	    0.0	  200.0	    0.0	 1500.0	    0.0	  200.0	  100.0	   85.0	    0.0	    0.0	    0.0	    0.0	    2.0	  1	 -750.0	 1550.0	   85.0	    0.0	    0.0	1	  383.2	 21	 1311.9	   11.2	
   31	   5.18	    0.0	 1500.0	    0.0	    0.0	 1500.0	    0.0	  200.0	    0.0	 1500.0	    0.0	  200.0	  100.0	   84.5	    0.0	    0.0	    0.0	    0.0	    2.1	  1	 -750.0	 1550.0	   84.5	    0.0	    0.0	1	  382.7	 21	 1311.6	   11.2	
   32	   5.28	    0.0	 1500.0	    0.0	    0.0	 1500.0	    0.0	  200.0	    0.0	 1500.0	    0.0	  200.0	  100.0	   84.0	    0.0	    0.0	    0.0	    0.0	    2.2	  1	 -750.0	 1550.0	   84.0	    0.0	    0.0	1	  382.3	 21	 1311.2	   11.1	
   33	   5.38	    0.0	 1500.0	    0.0	    0.0	 1500.0	    0.0	  200.0	    0.0	 1500.0	    0.0	  200.0	  100.0	   83.5	    0.0	    0.0	    0.0	    0.0	    2.2	  1	 -750.0	 1550.0	   83.5	    0.0	    0.0	1	  381.8	 21	 1310.8	   11.1	
   34	   5.48	    0.0	 1500.0	    0.0	    0.0	 1500.0	    0.0	  200.0	    0.0	 1500.0	    0.0	  200.0	  100.0	   83.0	    0.0	    0.0	    0.0	    0.0	    2.3	  1	 -750.0	 1550.0	   83.0	    0.0	    0.0	1	  381.3	 21	 1310.5	   11.0	
   35	   5.58	    0.0	 1500.0	    0.0	    0.0	 1500.0	    0.0	  200.0	    0.0	 1500.0	    0.0	  200.0	  100.0	   82.5	    0.0	    0.0	    0.0	    0.0	    2.4	  1	 -750.0	 1550.0	   82.5	    0.0	    0.0	1	  380.9	 21	 1310.1	   11.0	
   36	   5.68	    0.0	 1500.0	    0.0	    0.0	 1500.0	    0.0	  200.0	    0.0	 1500.0	    0.0	  200.0	  100.0	   82.0	    0.0	    0.0	    0.0	    0.0	    2.4	  1	 -750.0	 1550.0	   82.0	    0.0	    0.0	1	  380.4	 21	 1309.7	   11.0	
   37	   5.79	    0.0	 1500.0	    0.0	    0.0	 1500.0	    0.0	  200.0	    0.0	 1500.0	    0.0	  200.0	  100.0	   81.5	    0.0	    0.0	    0.0	    0.0	    2.5	  1	 -750.0	 1550.0	   81.5	    0.0	    0.0	1	  379.9	 21	 1309.4	   10.9	
   38	   5.88	    0.0	 1500.0	    0.0	    0.0	 1500.0	    0.0	  200.0	    0.0	 1500.0	    0.0	  200.0	  100.0	   81.0	    0.0	    0.0	    0.0	    0.0	    2.6	  1	 -750.0	 1550.0	   81.0	    0.0	    0.0	1	  379.5	 21	 1309.0	   10.9	
   39	   5.98	    0.0	 1500.0	    0.0	    0.0	 1500.0	    0.0	  200.0	    0.0	 1500.0	    0.0	  200.0	  100.0	   80.5	    0.0	    0.0	    0.0	    0.0	    2.6	  1	 -750.0	 1550.0	   80.5	    0.0	    0.0	1	  379.0	 21	 1308.6	   10.9	
   40	   6.08	    0.0	 1500.0	    0.0	    0.0	 1500.0	    0.0	  200.0	    0.0	 1500.0	    0.0	  200.0	  100.0	   80.0	    0.0	    0.0	    0.0	    0.0	    2.7	  1	 -750.0	 1550.0	   80.0	    0.0	    0.0	1	  378.5	 21	 1308.3	   10.8	
   41	   6.18	    0.0	 1500.0	    0.0	    0.0	 1500.0	    0.0	  200.0	    0.0	 1500.0	    0.0	  200.0	  100.0	   79.5	    0.0	    0.0	    0.0	    0.0	    2.8	  1	 -750.0	 1550.0	   79.5	    0.0	    0.0	1	  378.1	 21	 1307.9	   10.8	
   42	   6.28	    0.0	 1500.0	    0.0	    0.0	 1500.0	    0.0	  200.0	    0.0	 1500.0	    0.0	  200.0	  100.0	   79.0	    0.0	    0.0	    0.0	    0.0	    2.8	  1	 -750.0	 1550.0	   79.0	    0.0	    0.0	1	  377.6	 21	 1307.5	   10.8	
   43	   6.38	    0.0	 1500.0	    0.0	    0.0	 1500.0	    0.0	  200.0	    0.0	 1500.0	    0.0	  200.0	  100.0	   78.5	    0.0	    0.0	    0.0	    0.0	    2.9	  1	 -750.0	 1550.0	   78.5	    0.0	    0.0	1	  377.1	 21	 1307.1	   10.7	
   44	   6.48	    0.0	 1500.0	    0.0	    0.0	 1500.0	    0.0	  200.0	    0.0	 1500.0	    0.0	  200.0	  100.0	   78.0	    0.0	    0.0	    0.0	    0.0	    3.0	  1	 -750.0	 1550.0	   78.0	    0.0	    0.0	1	  376.7	 21	 1306.8	   10.7	
   45	   6.58	    0.0	 1500.0	    0.0	    0.0	 1500.0	    0.0	  200.0	    0.0	 1500.0	    0.0	  200.0	  100.0	   77.5	    0.0	    0.0	    0.0	    0.0	    3.1	  1	 -750.0	 1550.0	   77.5	    0.0	    0.0	1	  376.2	 21	 1306.4	   10.6	
   46	   6.68	    0.0	 1500.0	    0.0	    0.0	 1500.0	    0.0	  200.0	    0.0	 1500.0	    0.0	  200.0	  100.0	   77.0	    0.0	    0.0	    0.0	    0.0	    3.1	  1	 -750.0	 1550.0	   77.0	    0.0	    0.0	1	  375.7	 21	 1306.0	   10.6	
   47	   6.78	    0.0	 1500.0	    0.0	    0.0	 1500.0	    0.0	  200.0	    0.0	 1500.0	    0.0	  200.0	  100.0	   76.5	    0.0	    0.0	    0.0	    0.0	    3.2	  1	 -750.0	 1550.0	   76.5	    0.0	    0.0	1	  375.2	 21	 1305.7	   10.6	
   48	   6.89	    0.0	 1500.0	    0.0	    0.0	 1500.0	    0.0	  200.0	    0.0	 1500.0	    0.0	  200.0	  100.0	   76.0	    0.0	    0.0	    0.0	    0.0	    3.3	  1	 -750.0	 1550.0	   76.0	    0.0	    0.0	1	  374.8	 21	 1305.3	   10.5	
   49	   6.98	    0.0	 1500.0	    0.0	    0.0	 1500.0	    0.0	  200.0	    0.0	 1500.0	    0.0	  200.0	  100.0	   75.5	    0.0	    0.0	    0.0	    0.0	    3.3	  1	 -750.0	 1550.0	   75.5	    0.0	    0.0	1	  374.3	 21	 1304.9	   10.5	
   50	   7.08	    0.0	 1500.0	    0.0	    0.0	 1500.0	    0.0	  200.0	    0.0	 1500.0	    0.0	  200.0	  100.0	   75.0	    0.0	    0.0	    0.0	    0.0	    3.4	  1	 -750.0	 1550.0	   75.0	    0.0	    0.0	1	  373.8	 21	 1304.6	   10.5	
   51	   7.18	    0.0	 1500.0	    0.0	    0.0	 1500.0	    0.0	  200.0	    0.0	 1500.0	    0.0	  200.0	  100.0	   74.5	    0.0	    0.0	    0.0	    0.0	    3.5	  1	 -750.0	 1550.0	   74.5	    0.0	    0.0	1	  373.4	 21	 1304.2	   10.4	
   52	   7.28	    0.0	 1500.0	    0.0	    0.0	 1500.0	    0.0	  200.0	    0.0	 1500.0	    0.0	  200.0	  100.0	   74.0	    0.0	    0.0	    0.0	    0.0	    3.5	  1	 -750.0	 1550.0	   74.0	    0.0	    0.0	1	  372.9	 21	 1303.8	   10.4	
   53	   7.38	    0.0	 1500.0	    0.0	    0.0	 1500.0	    0.0	  200.0	    0.0	 1500.0	    0.0	  200.0	  100.0	   73.5	    0.0	    0.0	    0.0	    0.0	    3.6	  1	 -750.0	 1550.0	   73.5	    0.0	    0.0	1	  372.4	 21	 1303.5	   10.3	
   54	   7.48	    0.0	 1500.0	    0.0	    0.0	 1500.0	    0.0	  200.0	    0.0	 1500.0	    0.0	  200.0	  100.0	   73.0	    0.0	    0.0	    0.0	    0.0	    3.7	  1	 -750.0	 1550.0	   73.0	    0.0	    0.0	1	  371.9	 21	 1303.1	   10.3	
   55	   7.58	    0.0	 1500.0	    0.0	    0.0	 1500.0	    0.0	  200.0	    0.0	 1500.0	    0.0	  200.0	  100.0	   72.5	    0.0	    0.0	    0.0	    0.0	    3.7	  1	 -750.0	 1550.0	   72.5	    0.0	    0.0	1	  371.5	 21	 1302.7	   10.3	
   56	   7.68	    0.0	 1500.0	    0.0	    0.0	 1500.0	    0.0	  200.0	    0.0	 1500.0	    0.0	  200.0	  100.0	   72.0	    0.0	    0.0	    0.0	    0.0	    3.8	  1	 -750.0	 1550.0	   72.0	    0.0	    0.0	1	  371.0	 21	 1302.4	   10.2	
   57	   7.78	    0.0	 1500.0	    0.0	    0.0	 1500.0	    0.0	  200.0	    0.0	 1500.0	    0.0	  200.0	  100.0	   71.5	    0.0	    0.0	    0.0	    0.0	    3.9	  1	 -750.0	 1550.0	   71.5	    0.0	    0.0	1	  370.5	 21	 1302.0	   10.2	
   58	   7.88	    0.0	 1500.0	    0.0	    0.0	 1500.0	    0.0	  200.0	    0.0	 1500.0	    0.0	  200.0	  100.0	   71.0	    0.0	    0.0	    0.0	    0.0	    3.9	  1	 -750.0	 1550.0	   71.0	    0.0	    0.0	1	  370.0	 21	 1301.6	   10.2	
   59	   7.98	    0.0	 1500.0	    0.0	    0.0	 1500.0	    0.0	  200.0	    0.0	 1500.0	    0.0	  200.0	  100.0	   70.5	    0.0	    0.0	    0.0	    0.0	    4.0	  1	 -750.0	 1550.0	   70.5	    0.0	    0.0	1	  369.6	 21	 1301.2	   10.1	
   60	   8.08	    0.0	 1500.0	    0.0	    0.0	 1500.0	    0.0	  200.0	    0.0	 1500.0	    0.0	  200.0	  100.0	   70.0	    0.0	    0.0	    0.0	    0.0	    4.1	  1	 -750.0	 1550.0	   70.0	    0.0	    0.0	1	  369.1	 21	 1300.9	   10.1	
   61	   8.18	    0.0	 1500.0	    0.0	    0.0	 1500.0	    0.0	  200.0	    0.0	 1500.0	    0.0	  200.0	  100.0	   69.5	    0.0	    0.0	    0.0	    0.0	    4.1	  1	 -750.0	 1550.0	   69.5	    0.0	    0.0	1	  368.6	 21	 1300.5	   10.1	
   62	   8.28	    0.0	 1500.0	    0.0	    0.0	 1500.0	    0.0	  200.0	    0.0	 1500.0	    0.0	  200.0	  100.0	   69.0	    0.0	    0.0	    0.0	    0.0	    4.2	  1	 -750.0	 1550.0	   69.0	    0.0	    0.0	1	  368.1	 21	 1300.1	   10.0	
   63	   8.38	    0.0	 1500.0	    0.0	    0.0	 1500.0	    0.0	  200.0	    0.0	 1500.0	    0.0	  200.0	  100.0	   68.5	    0.0	    0.0	    0.0	    0.0	    4.3	  1	 -750.0	 1550.0	   68.5	    0.0	    0.0	1	  367.7	 21	    0.0	   10.0	
   64	   8.48	    0.0	 1500.0	    0.0	    0.0	 1500.0	    0.0	  200.0	    0.0	 1500.0	    0.0	  200.0	  100.0	   68.0	    0.0	    0.0	    0.0	    0.0	    4.3	  1	 -750.0	 1550.0	   68.0	    0.0	    0.0	1	  367.2	 21	    0.0	    9.9	
   65	   8.58	    0.0	 1500.0	    0.0	    0.0	 1500.0	    0.0	  200.0	    0.0	 1500.0	    0.0	  200.0	  100.0	   67.5	    0.0	    0.0	    0.0	    0.0	    4.4	  1	 -750.0	 1550.0	   67.5	    0.0	    0.0	1	  366.7	 21	    0.0	    9.9	
   66	   8.68	    0.0	 1500.0	    0.0	    0.0	 1500.0	    0.0	  200.0	    0.0	 1500.0	    0.0	  200.0	  100.0	   67.0	    0.0	    0.0	    0.0	    0.0	    4.5	  1	 -750.0	 1550.0	   67.0	    0.0	    0.0	1	  366.2	 21	    0.0	    9.9	
   67	   8.78	    0.0	 1500.0	    0.0	    0.0	 1500.0	    0.0	  200.0	    0.0	 1500.0	    0.0	  200.0	  100.0	   66.5	    0.0	    0.0	    0.0	    0.0	    4.5	  1	 -750.0	 1550.0	   66.5	    0.0	    0.0	1	  365.7	 21	    0.0	    9.8	
   68	   8.88	    0.0	 1500.0	    0.0	    0.0	 1500.0	    0.0	  200.0	    0.0	 1500.0	    0.0	  200.0	  100.0	   66.0	    0.0	    0.0	    0.0	    0.0	    4.6	  1	 -750.0	 1550.0	   66.0	    0.0	    0.0	1	  365.3	 21	    0.0	    9.8	
   69	   8.98	    0.0	 1500.0	    0.0	    0.0	 1500.0	    0.0	  200.0	    0.0	 1500.0	    0.0	  200.0	  100.0	   65.5	    0.0	    0.0	    0.0	    0.0	    4.7	  1	 -750.0	 1550.0	   65.5	    0.0	    0.0	1	  364.8	 21	    0.0	    9.8	
   70	   9.08	    0.0	 1500.0	    0.0	    0.0	 1500.0	    0.0	  200.0	    0.0	 1500.0	    0.0	  200.0	  100.0	   65.0	    0.0	    0.0	    0.0	    0.0	    4.7	  1	 -750.0	 1550.0	   65.0	    0.0	    0.0	1	  364.3	 21	    0.0	    9.7	
   71	   9.18	    0.0	 1500.0	    0.0	    0.0	 1500.0	    0.0	  200.0	    0.0	 1500.0	    0.0	  200.0	  100.0	   64.5	    0.0	    0.0	    0.0	    0.0	    4.8	  1	 -750.0	 1550.0	   64.5	    0.0	    0.0	1	  363.8	 21	    0.0	    9.7	
   72	   9.28	    0.0	 1500.0	    0.0	    0.0	 1500.0	    0.0	  200.0	    0.0	 1500.0	    0.0	  200.0	  100.0	   64.0	    0.0	    0.0	    0.0	    0.0	    4.9	  1	 -750.0	 1550.0	   64.0	    0.0	    0.0	1	  363.4	 21	    0.0	    9.6	
   73	   9.38	    0.0	 1500.0	    0.0	    0.0	 1500.0	    0.0	  200.0	    0.0	 1500.0	    0.0	  200.0	  100.0	   63.5	    0.0	    0.0	    0.0	    0.0	    5.0	  1	 -750.0	 1550.0	   63.5	    0.0	    0.0	1	  362.9	 21	    0.0	    9.6	
   74	   9.48	    0.0	 1500.0	    0.0	    0.0	 1500.0	    0.0	  200.0	    0.0	 1500.0	    0.0	  200.0	  100.0	   63.0	    0.0	    0.0	    0.0	    0.0	    5.0	  1	 -750.0	 1550.0	   63.0	    0.0	    0.0	1	  362.4	 21	    0.0	    9.6	
   75	   9.58	    0.0	 1500.0	    0.0	    0.0	 1500.0	    0.0	  200.0	    0.0	 1500.0	    0.0	  200.0	  100.0	   62.5	    0.0	    0.0	    0.0	    0.0	    5.1	  1	 -750.0	 1550.0	   62.5	    0.0	    0.0	1	  361.9	 21	    0.0	    9.5	
   76	   9.68	    0.0	 1500.0	    0.0	    0.0	 1500.0	    0.0	  200.0	    0.0	 1500.0	    0.0	  200.0	  100.0	   62.0	    0.0	    0.0	    0.0	    0.0	    5.2	  1	 -750.0	 1550.0	   62.0	    0.0	    0.0	1	  361.4	 21	    0.0	    9.5	
   77	   9.78	    0.0	 1500.0	    0.0	    0.0	 1500.0	    0.0	  200.0	    0.0	 1500.0	    0.0	  200.0	  100.0	   61.5	    0.0	    0.0	    0.0	    0.0	    5.2	  1	 -750.0	 1550.0	   61.5	    0.0	    0.0	1	  360.9	 21	    0.0	    9.5	
   78	   9.88	    0.0	 1500.0	    0.0	    0.0	 1500.0	    0.0	  200.0	    0.0	 1500.0	    0.0	  200.0	  100.0	   61.0	    0.0	    0.0	    0.0	    0.0	    5.3	  1	 -750.0	 1550.0	   61.0	    0.0	    0.0	1	  360.5	 21	    0.0	    9.4	
   79	   9.98	    0.0	 1500.0	    0.0	    0.0	 1500.0	    0.0	  200.0	    0.0	 1500.0	    0.0	  200.0	  100.0	   60.5	    0.0	    0.0	    0.0	    0.0	    5.4	  1	 -750.0	 1550.0	   60.5	    0.0	    0.0	1	  360.0	 21	    0.0	    9.4	
   80	  10.08	    0.0	 1500.0	    0.0	    0.0	 1500.0	    0.0	  200.0	    0.0	 1500.0	    0.0	  200.0	  100.0	   60.0	    0.0	    0.0	    0.0	    0.0	    5.4	  1	 -750.0	 1550.0	   60.0	    0.0	    0.0	1	  359.5	 21	    0.0	    9.4	
   81	  10.18	    0.0	 1500.0	    0.0	    0.0	 1500.0	    0.0	  200.0	    0.0	 1500.0	    0.0	  200.0	  100.0	   59.5	    0.0	    0.0	    0.0	    0.0	    5.5	  1	 -750.0	 1550.0	   59.5	    0.0	    0.0	1	  359.0	 21	    0.0	    9.3	
   82	  10.28	    0.0	 1500.0	    0.0	    0.0	 1500.0	    0.0	  200.0	    0.0	 1500.0	    0.0	  200.0	  100.0	   59.0	    0.0	    0.0	    0.0	    0.0	    5.6	  1	 -750.0	 1550.0	   59.0	    0.0	    0.0	1	  358.5	 21	    0.0	    9.3	
   83	  10.38	    0.0	 1500.0	    0.0	    0.0	 1500.0	    0.0	  200.0	    0.0	 1500.0	    0.0	  200.0	  100.0	   58.5	    0.0	    0.0	    0.0	    0.0	    5.6	  1	 -750.0	 1550.0	   58.5	    0.0	    0.0	1	  358.0	 21	    0.0	    9.2	
   84	  10.48	    0.0	 1500.0	    0.0	    0.0	 1500.0	    0.0	  200.0	    0.0	 1500.0	    0.0	  200.0	  100.0	   58.0	    0.0	    0.0	    0.0	    0.0	    5.7	  1	 -750.0	 1550.0	   58.0	    0.0	    0.0	1	  357.6	 21	    0.0	    9.2	
   85	  10.58	    0.0	 1500.0	    0.0	    0.0	 1500.0	    0.0	  200.0	    0.0	 1500.0	    0.0	  200.0	  100.0	   57.5	    0.0	    0.0	    0.0	    0.0	    5.8	  1	 -750.0	 1550.0	   57.5	    0.0	    0.0	1	  357.1	 21	    0.0	    9.2	
   86	  10.68	    0.0	 1500.0	    0.0	    0.0	 1500.0	    0.0	  200.0	    0.0	 1500.0	    0.0	  200.0	  100.0	   57.0	    0.0	    0.0	    0.0	    0.0	    5.8	  1	 -750.0	 1550.0	   57.0	    0.0	    0.0	1	  356.6	 21	    0.0	    9.1	
   87	  10.78	    0.0	 1500.0	    0.0	    0.0	 1500.0	    0.0	  200.0	    0.0	 1500.0	    0.0	  200.0	  100.0	   56.5	    0.0	    0.0	    0.0	    0.0	    5.9	  1	 -750.0	 1550.0	   56.5	    0.0	    0.0	1	  356.1	 21	    0.0	    9.1	
   88	  10.88	    0.0	 1500.0	    0.0	    0.0	 1500.0	    0.0	  200.0	    0.0	 1500.0	    0.0	  200.0	  100.0	   56.0	    0.0	    0.0	    0.0	    0.0	    6.0	  1	 -750.0	 1550.0	   56.0	    0.0	    0.0	1	  355.6	 21	    0.0	    9.1	
   89	  10.98	    0.0	 1500.0	    0.0	    0.0	 1500.0	    0.0	  200.0	    0.0	 1500.0	    0.0	  200.0	  100.0	   55.5	    0.0	    0.0	    0.0	    0.0	    6.0	  1	 -750.0	 1550.0	   55.5	    0.0	    0.0	1	  355.1	 21	    0.0	    9.0	
   90	  11.08	    0.0	 1500.0	    0.0	    0.0	 1500.0	    0.0	  200.0	    0.0	 1500.0	    0.0	  200.0	  100.0	   55.0	    0.0	    0.0	    0.0	    0.0	    6.1	  1	 -750.0	 1550.0	   55.0	    0.0	    0.0	1	  354.7	 21	    0.0	    9.0	
   91	  11.18	    0.0	 1500.0	    0.0	    0.0	 1500.0	    0.0	  200.0	    0.0	 1500.0	    0.0	  200.0	  100.0	   54.5	    0.0	    0.0	    0.0	    0.0	    6.2	  1	 -750.0	 1550.0	   54.5	    0.0	    0.0	1	  354.2	 21	    0.0	    8.9	
   92	  11.28	    0.0	 1500.0	    0.0	    0.0	 1500.0	    0.0	  200.0	    0.0	 1500.0	    0.0	  200.0	  100.0	   54.0	    0.0	    0.0	    0.0	    0.0	    6.2	  1	 -750.0	 1550.0	   54.0	    0.0	    0.0	1	  353.7	 21	    0.0	    8.9	
   93	  11.38	    0.0	 1500.0	    0.0	    0.0	 1500.0	    0.0	  200.0	    0.0	 1500.0	    0.0	  200.0	  100.0	   53.5	    0.0	    0.0	    0.0	    0.0	    6.3	  1	 -750.0	 1550.0	   53.5	    0.0	    0.0	1	  353.2	 21	    0.0	    8.9	
   94	  11.48	    0.0	 1500.0	    0.0	    0.0	 1500.0	    0.0	  200.0	    0.0	 1500.0	    0.0	  200.0	  100.0	   53.0	    0.0	    0.0	    0.0	    0.0	    6.4	  1	 -750.0	 1550.0	   53.0	    0.0	    0.0	1	  352.7	 21	    0.0	    8.8	
   95	  11.58	    0.0	 1500.0	    0.0	    0.0	 1500.0	    0.0	  200.0	    0.0	 1500.0	    0.0	  200.0	  100.0	   52.5	    0.0	    0.0	    0.0	    0.0	    6.4	  1	 -750.0	 1550.0	   52.5	    0.0	    0.0	1	  352.2	 21	    0.0	    8.8	
   96	  11.68	    0.0	 1500.0	    0.0	    0.0	 1500.0	    0.0	  200.0	    0.0	 1500.0	    0.0	  200.0	  100.0	   52.0	    0.0	    0.0	    0.0	    0.0	    6.5	  1	 -750.0	 1550.0	   52.0	    0.0	    0.0	1	  351.7	 21	    0.0	    8.8	
   97	  11.79	    0.0	 1500.0	    0.0	    0.0	 1500.0	    0.0	  200.0	    0.0	 1500.0	    0.0	  200.0	  100.0	   51.5	    0.0	    0.0	    0.0	    0.0	    6.6	  1	 -750.0	 1550.0	   51.5	    0.0	    0.0	1	  351.2	 21	    0.0	    8.7	
   98	  11.88	    0.0	 1500.0	    0.0	    0.0	 1500.0	    0.0	  200.0	    0.0	 1500.0	    0.0	  200.0	  100.0	   51.0	    0.0	    0.0	    0.0	    0.0	    6.6	  1	 -750.0	 1550.0	   51.0	    0.0	    0.0	1	  350.8	 21	    0.0	    8.7	
   99	  11.98	    0.0	 1500.0	    0.0	    0.0	 1500.0	    0.0	  200.0	    0.0	 1500.0	    0.0	  200.0	  100.0	   50.5	    0.0	    0.0	    0.0	    0.0	    6.7	  1	 -750.0	 1550.0	   50.5	    0.0	    0.0	1	  350.3	 21	    0.0	    8.7	
  100	  12.09	    0.0	 1500.0	    0.0	    0.0	 1500.0	    0.0	  200.0	    0.0	 1500.0	    0.0	  200.0	  100.0	   50.0	    0.0	    0.0	    0.0	    0.0	    6.8	  1	 -750.0	 1550.0	   50.0	    0.0	    0.0	1	  349.8	 21	    0.0	    8.6	
  101	  12.18	    0.0	 1500.0	    0.0	    0.0	 1500.0	    0.0	  200.0	    0.0	 1500.0	    0.0	  200.0	  100.0	   49.5	    0.0	    0.0	    0.0	    0.0	    6.9	  1	 -750.0	 1550.0	   49.5	    0.0	    0.0	1	  349.3	 21	    0.0	    8.6	
  102	  12.28	    0.0	 1500.0	    0.0	    0.0	 1500.0	    0.0	  200.0	    0.0	 1500.0	    0.0	  200.0	  100.0	   49.0	    0.0	    0.0	    0.0	    0.0	    6.9	  1	 -750.0	 1550.0	   49.0	    0.0	    0.0	1	  348.8	 21	    0.0	    8.5	
  103	  12.38	    0.0	 1500.0	    0.0	    0.0	 1500.0	    0.0	  200.0	    0.0	 1500.0	    0.0	  200.0	  100.0	   48.5	    0.0	    0.0	    0.0	    0.0	    7.0	  1	 -750.0	 1550.0	   48.5	    0.0	    0.0	1	  348.3	 21	    0.0	    8.5	
  104	  12.48	    0.0	 1500.0	    0.0	    0.0	 1500.0	    0.0	  200.0	    0.0	 1500.0	    0.0	  200.0	  100.0	   48.0	    0.0	    0.0	    0.0	    0.0	    7.1	  1	 -750.0	 1550.0	   48.0	    0.0	    0.0	1	  347.8	 21	    0.0	    8.5	
  105	  12.58	    0.0	 1500.0	    0.0	    0.0	 1500.0	    0.0	  200.0	    0.0	 1500.0	    0.0	  200.0	  100.0	   47.5	    0.0	    0.0	    0.0	    0.0	    7.1	  1	 -750.0	 1550.0	   47.5	    0.0	    0.0	1	  347.3	 21	    0.0	    8.4	
  106	  12.68	    0.0	 1500.0	    0.0	    0.0	 1500.0	    0.0	  200.0	    0.0	 1500.0	    0.0	  200.0	  100.0	   47.0	    0.0	    0.0	    0.0	    0.0	    7.2	  1	 -750.0	 1550.0	   47.0	    0.0	    0.0	1	  346.8	 21	    0.0	    8.4	
  107	  12.78	    0.0	 1500.0	    0.0	    0.0	 1500.0	    0.0	  200.0	    0.0	 1500.0	    0.0	  200.0	  100.0	   46.5	    0.0	    0.0	    0.0	    0.0	    7.3	  1	 -750.0	 1550.0	   46.5	    0.0	    0.0	1	  346.3	 21	    0.0	    8.4	
  108	  12.88	    0.0	 1500.0	    0.0	    0.0	 1500.0	    0.0	  200.0	    0.0	 1500.0	    0.0	  200.0	  100.0	   46.0	    0.0	    0.0	    0.0	    0.0	    7.3	  1	 -750.0	 1550.0	   46.0	    0.0	    0.0	1	  345.9	 21	    0.0	    8.3	
  109	  12.98	    0.0	 1500.0	    0.0	    0.0	 1500.0	    0.0	  200.0	    0.0	 1500.0	    0.0	  200.0	  100.0	   45.5	    0.0	    0.0	    0.0	    0.0	    7.4	  1	 -750.0	 1550.0	   45.5	    0.0	    0.0	1	  345.4	 21	    0.0	    8.3	
  110	  13.08	    0.0	 1500.0	    0.0	    0.0	 1500.0	    0.0	  200.0	    0.0	 1500.0	    0.0	  200.0	  100.0	   45.0	    0.0	    0.0	    0.0	    0.0	    7.5	  1	 -750.0	 1550.0	   45.0	    0.0	    0.0	1	  344.9	 21	    0.0	    8.2	
  111	  13.18	    0.0	 1500.0	    0.0	    0.0	 1500.0	    0.0	  200.0	    0.0	 1500.0	    0.0	  200.0	  100.0	   44.5	    0.0	    0.0	    0.0	    0.0	    7.5	  1	 -750.0	 1550.0	   44.5	    0.0	    0.0	1	  344.4	 21	    0.0	    8.2	
  112	  13.28	    0.0	 1500.0	    0.0	    0.0	 1500.0	    0.0	  200.0	    0.0	 1500.0	    0.0	  200.0	  100.0	   44.0	    0.0	    0.0	    0.0	    0.0	    7.6	  1	 -750.0	 1550.0	   44.0	    0.0	    0.0	1	  343.9	 21	    0.0	    8.2	
  113	  13.38	    0.0	 1500.0	    0.0	    0.0	 1500.0	    0.0	  200.0	    0.0	 1500.0	    0.0	  200.0	  100.0	   43.5	    0.0	    0.0	    0.0	    0.0	    7.7	  1	 -750.0	 1550.0	   43.5	    0.0	    0.0	1	  343.4	 21	    0.0	    8.1	
  114	  13.48	    0.0	 1500.0	    0.0	    0.0	 1500.0	    0.0	  200.0	    0.0	 1500.0	    0.0	  200.0	  100.0	   43.0	    0.0	    0.0	    0.0	    0.0	    7.7	  1	 -750.0	 1550.0	   43.0	    0.0	    0.0	1	  342.9	 21	    0.0	    8.1	
  115	  13.58	    0.0	 1500.0	    0.0	    0.0	 1500.0	    0.0	  200.0	    0.0	 1500.0	    0.0	  200.0	  100.0	   42.5	    0.0	    0.0	    0.0	    0.0	    7.8	  1	 -750.0	 1550.0	   42.5	    0.0	    0.0	1	  342.4	 21	    0.0	    8.1	
  116	  13.68	    0.0	 1500.0	    0.0	    0.0	 1500.0	    0.0	  200.0	    0.0	 1500.0	    0.0	  200.0	  100.0	   42.0	    0.0	    0.0	    0.0	    0.0	    7.9	  1	 -750.0	 1550.0	   42.0	    0.0	    0.0	1	  341.9	 21	    0.0	    8.0	
  117	  13.79	    0.0	 1500.0	    0.0	    0.0	 1500.0	    0.0	  200.0	    0.0	 1500.0	    0.0	  200.0	  100.0	   41.5	    0.0	    0.0	    0.0	    0.0	    7.9	  1	 -750.0	 1550.0	   41.5	    0.0	    0.0	1	  341.4	 21	    0.0	    8.0	
  118	  13.88	    0.0	 1500.0	    0.0	    0.0	 1500.0	    0.0	  200.0	    0.0	 1500.0	    0.0	  200.0	  100.0	   41.0	    0.0	    0.0	    0.0	    0.0	    8.0	  1	 -750.0	 1550.0	   41.0	    0.0	    0.0	1	  340.9	 21	    0.0	    8.0	
  119	  13.98	    0.0	 1500.0	    0.0	    0.0	 1500.0	    0.0	  200.0	    0.0	 1500.0	    0.0	  200.0	  100.0	   40.5	    0.0	    0.0	    0.0	    0.0	    8.1	  1	 -750.0	 1550.0	   40.5	    0.0	    0.0	1	  340.4	 21	    0.0	    7.9	
  120	  14.08	    0.0	 1500.0	    0.0	    0.0	 1500.0	    0.0	  200.0	    0.0	 1500.0	    0.0	  200.0	  100.0	   40.0	    0.0	    0.0	    0.0	    0.0	    8.1	  1	 -750.0	 1550.0	   40.0	    0.0	    0.0	1	  339.9	 21	    0.0	    7.9	
  121	  14.18	    0.0	 1500.0	    0.0	    0.0	 1500.0	    0.0	  200.0	    0.0	 1500.0	    0.0	  200.0	  100.0	   39.5	    0.0	    0.0	    0.0	    0.0	    8.2	  1	 -750.0	 1550.0	   39.5	    0.0	    0.0	1	  339.5	 21	    0.0	    7.8	
  122	  14.28	    0.0	 1500.0	    0.0	    0.0	 1500.0	    0.0	  200.0	    0.0	 1500.0	    0.0	  200.0	  100.0	   39.0	    0.0	    0.0	    0.0	    0.0	    8.3	  1	 -750.0	 1550.0	   39.0	    0.0	    0.0	1	  339.0	 21	    0.0	    7.8	
  123	  14.38	    0.0	 1500.0	    0.0	    0.0	 1500.0	    0.0	  200.0	    0.0	 1500.0	    0.0	  200.0	  100.0	   38.5	    0.0	    0.0	    0.0	    0.0	    8.3	  1	 -750.0	 1550.0	   38.5	    0.0	    0.0	1	  338.5	 21	    0.0	    7.8	
  124	  14.48	    0.0	 1500.0	    0.0	    0.0	 1500.0	    0.0	  200.0	    0.0	 1500.0	    0.0	  200.0	  100.0	   38.0	    0.0	    0.0	    0.0	    0.0	    8.4	  1	 -750.0	 1550.0	   38.0	    0.0	    0.0	1	  338.0	 21	    0.0	    7.7	
  125	  14.58	    0.0	 1500.0	    0.0	    0.0	 1500.0	    0.0	  200.0	    0.0	 1500.0	    0.0	  200.0	  100.0	   37.5	    0.0	    0.0	    0.0	    0.0	    8.5	  1	 -750.0	 1550.0	   37.5	    0.0	    0.0	1	  337.5	 21	    0.0	    7.7	
  126	  14.68	    0.0	 1500.0	    0.0	    0.0	 1500.0	    0.0	  200.0	    0.0	 1500.0	    0.0	  200.0	  100.0	   37.0	    0.0	    0.0	    0.0	    0.0	    8.5	  1	 -750.0	 1550.0	   37.0	    0.0	    0.0	1	  337.0	 21	    0.0	    7.7	
  127	  14.78	    0.0	 1500.0	    0.0	    0.0	 1500.0	    0.0	  200.0	    0.0	 1500.0	    0.0	  200.0	  100.0	   36.5	    0.0	    0.0	    0.0	    0.0	    8.6	  1	 -750.0	 1550.0	   36.5	    0.0	    0.0	1	  336.5	 21	    0.0	    7.6	
  128	  14.88	    0.0	 1500.0	    0.0	    0.0	 1500.0	    0.0	  200.0	    0.0	 1500.0	    0.0	  200.0	  100.0	   36.0	    0.0	    0.0	    0.0	    0.0	    8.7	  1	 -750.0	 1550.0	   36.0	    0.0	    0.0	1	  336.0	 21	    0.0	    7.6	
  129	  14.98	    0.0	 1500.0	    0.0	    0.0	 1500.0	    0.0	  200.0	    0.0	 1500.0	    0.0	  200.0	  100.0	   35.5	    0.0	    0.0	    0.0	    0.0	    8.8	  1	 -750.0	 1550.0	   35.5	    0.0	    0.0	1	  335.5	 21	    0.0	    7.5	
  130	  15.08	    0.0	 1500.0	    0.0	 -325.7	 1488.4	    0.0	  200.0	    0.0	 1500.0	    0.0	  200.0	  100.0	   35.0	    0.0	    0.0	    0.0	    0.0	    8.8	  1	 -750.0	 1450.0	   35.0	    0.0	    0.0	1	  300.0	 21	    0.0	    7.2	
  131	  15.18	    0.0	 1500.0	    0.0	 -325.7	 1488.4	    0.0	  200.0	    0.0	 1500.0	    0.0	  200.0	  100.0	   34.5	    0.0	    0.0	    0.0	    0.1	    8.9	  1	 -750.0	 1450.0	   34.5	    0.0	    0.1	1	  300.0	 21	    0.0	    7.4	
  132	  15.28	    0.0	 1500.0	    0.0	 -328.7	 1491.4	    0.0	  200.0	    0.0	 1500.0	    0.0	  200.0	  100.0	   34.0	    0.0	    0.0	    0.0	    0.1	    9.0	  1	 -750.0	 1450.0	   34.0	    0.0	    0.1	1	  300.0	 21	    0.0	    7.4	
  133	  15.38	    0.0	 1500.0	    0.0	 -325.7	 1488.4	    0.0	  200.0	    0.0	 1500.0	    0.0	  200.0	  100.0	   33.5	    0.0	    0.0	    0.0	    0.1	    9.0	  1	 -750.0	 1450.0	   33.5	    0.0	    0.1	1	  300.0	 21	    0.0	    7.4	
  134	  15.49	    0.0	 1500.0	    0.0	 -328.7	 1491.4	    0.0	  200.0	    0.0	 1500.0	    0.0	  200.0	  100.0	   33.0	    0.0	    0.0	    0.0	    0.1	    9.1	  1	 -750.0	 1450.0	   33.0	    0.0	    0.1	1	  300.0	 21	    0.0	    7.4	
  135	  15.58	    0.0	 1500.0	    0.0	 -328.7	 1491.4	    0.0	  200.0	    0.0	 1500.0	    0.0	  200.0	  100.0	   32.5	    0.0	    0.0	    0.0	    0.2	    9.2	  1	 -750.0	 1450.0	   32.5	    0.0	    0.2	1	  300.0	 21	    0.0	    7.3	
  136	  15.68	    0.0	 1500.0	    0.0	 -328.7	 1491.4	    0.0	  200.0	    0.0	 1500.0	    0.0	  200.0	  100.0	   32.0	    0.0	    0.0	    0.0	    0.2	    9.2	  1	 -750.0	 1450.0	   32.0	    0.0	    0.2	1	  300.0	 21	    0.0	    7.3	
  137	  15.78	    0.0	 1500.0	    0.0	 -334.8	 1496.7	    0.0	  200.0	    0.0	 1500.0	    0.0	  200.0	  100.0	   31.5	    0.0	    0.0	    0.0	    0.2	    9.3	  1	 -750.0	 1450.0	   31.5	    0.0	    0.2	1	  300.0	 21	    0.0	    7.3	
  138	  15.88	    0.0	 1500.0	    0.0	 -334.8	 1496.7	    0.0	  200.0	    0.0	 1500.0	    0.0	  200.0	  100.0	   31.0	    0.0	    0.0	    0.0	    0.3	    9.4	  1	 -750.0	 1450.0	   31.0	    0.0	    0.3	1	  300.0	 21	    0.0	    7.3	
  139	  15.98	    0.0	 1500.0	    0.0	 -334.8	 1496.7	    0.0	  200.0	    0.0	 1500.0	    0.0	  200.0	  100.0	   30.5	    0.0	    0.0	    0.0	    0.3	    9.4	  1	 -750.0	 1450.0	   30.5	    0.0	    0.3	1	  300.0	 21	    0.0	    7.3	
  140	  16.08	    0.0	 1500.0	    0.0	 -334.8	 1496.7	    0.0	  200.0	    0.0	 1500.0	    0.0	  200.0	  100.0	   30.0	    0.0	    0.0	    0.0	    0.3	    9.5	  1	 -750.0	 1450.0	   30.0	    0.0	    0.3	1	  300.0	 21	    0.0	    7.3	
  141	  16.18	    0.0	 1500.0	    0.0	 -334.8	 1496.7	    0.0	  200.0	    0.0	 1500.0	    0.0	  200.0	  100.0	   29.5	    0.0	    0.0	    0.0	    0.4	    9.6	  1	 -750.0	 1450.0	   29.5	    0.0	    0.4	1	  300.0	 21	    0.0	    7.2	
  142	  16.28	    0.0	 1500.0	    0.0	 -334.8	 1496.7	    0.0	  200.0	    0.0	 1500.0	    0.0	  200.0	  100.0	   29.0	    0.0	    0.0	    0.0	    0.4	    9.6	  1	 -750.0	 1450.0	   29.0	    0.0	    0.4	1	  300.0	 21	    0.0	    7.2	
  143	  16.38	    0.0	 1500.0	    0.0	 -334.8	 1496.7	    0.0	  200.0	    0.0	 1500.0	    0.0	  200.0	  100.0	   28.5	    0.0	    0.0	    0.0	    0.4	    9.7	  1	 -750.0	 1450.0	   28.5	    0.0	    0.4	1	  300.0	 21	    0.0	    7.2	
  144	  16.48	    0.0	 1500.0	    0.0	 -334.8	 1496.7	    0.0	  200.0	    0.0	 1500.0	    0.0	  200.0	  100.0	   28.0	    0.0	    0.0	    0.0	    0.5	    9.8	  1	 -750.0	 1450.0	   28.0	    0.0	    0.5	1	  300.0	 21	    0.0	    7.2	
  145	  16.58	    0.0	 1500.0	    0.0	 -334.8	 1496.7	    0.0	  200.0	    0.0	 1500.0	    0.0	  200.0	  100.0	   27.5	    0.0	    0.0	    0.0	    0.5	    9.8	  1	 -750.0	 1450.0	   27.5	    0.0	    0.5	1	  300.0	 21	    0.0	    7.2	
  146	  16.68	    0.0	 1500.0	    0.0	 -334.8	 1496.7	    0.0	  200.0	    0.0	 1500.0	    0.0	  200.0	  100.0	   27.0	    0.0	    0.0	    0.0	    0.5	    9.9	  1	 -750.0	 1450.0	   27.0	    0.0	    0.5	1	  300.0	 21	    0.0	    7.2	
  147	  16.78	    0.0	 1500.0	    0.0	 -334.8	 1496.7	    0.0	  200.0	    0.0	 1500.0	    0.0	  200.0	  100.0	   26.5	    0.0	    0.0	    0.0	    0.5	   10.0	  1	 -750.0	 1450.0	   26.5	    0.0	    0.5	1	  300.0	 21	    0.0	    7.2	
  148	  16.88	    0.0	 1500.0	    0.0	 -334.8	 1496.7	    0.0	  200.0	    0.0	 1500.0	    0.0	  200.0	  100.0	   26.0	    0.0	    0.0	    0.0	    0.6	   10.0	  1	 -750.0	 1450.0	   26.0	    0.0	    0.6	1	  300.0	 21	    0.0	    7.2	
  149	  16.98	    0.0	 1500.0	    0.0	 -334.8	 1496.7	    0.0	  200.0	    0.0	 1500.0	    0.0	  200.0	  100.0	   25.5	    0.0	    0.0	    0.0	    0.6	   10.1	  1	 -750.0	 1450.0	   25.5	    0.0	    0.6	1	  300.0	 21	    0.0	    7.2	
  150	  17.08	    0.0	 1500.0	    0.0	 -331.7	 1488.8	    0.0	  200.0	    0.0	 1500.0	    0.0	  200.0	  100.0	   25.0	    0.0	    0.0	    0.0	    0.6	   10.2	  1	 -750.0	 1450.0	   25.0	    0.0	    0.6	1	  300.0	 21	    0.0	    7.2	
  151	  17.18	    0.0	 1500.0	    0.0	 -331.7	 1488.8	    0.0	  200.0	    0.0	 1500.0	    0.0	  200.0	  100.0	   24.5	    0.0	    0.0	    0.0	    0.7	   10.2	  1	 -750.0	 1450.0	   24.5	    0.0	    0.7	1	  300.0	 21	    0.0	    7.1	
  152	  17.28	    0.0	 1500.0	    0.0	 -331.7	 1488.8	    0.0	  200.0	    0.0	 1500.0	    0.0	  200.0	  100.0	   24.0	    0.0	    0.0	    0.0	    0.7	   10.3	  1	 -750.0	 1450.0	   24.0	    0.0	    0.7	1	  300.0	 21	    0.0	    7.1	
  153	  17.38	    0.0	 1500.0	    0.0	 -331.7	 1488.8	    0.0	  200.0	    0.0	 1500.0	    0.0	  200.0	  100.0	   23.5	    0.0	    0.0	    0.0	    0.7	   10.4	  1	 -750.0	 1450.0	   23.5	    0.0	    0.7	1	  300.0	 21	    0.0	    7.1	
  154	  17.48	    0.0	 1500.0	    0.0	 -265.2	 1442.0	    0.0	  200.0	    0.0	 1500.0	    0.0	  200.0	  100.0	   23.0	    0.0	    0.0	    0.0	    0.8	   10.4	  1	 -750.0	 1450.0	   23.0	    0.0	    0.8	1	  299.9	 21	    0.0	    5.9	
  155	  17.58	    0.0	 1500.0	    0.0	 -265.2	 1442.0	    0.0	  200.0	    0.0	 1500.0	    0.0	  200.0	  100.0	   22.5	    0.0	    0.0	    0.0	    0.8	   10.5	  1	 -750.0	 1450.0	   22.5	    0.0	    0.8	1	  299.9	 21	    0.0	    7.1	
  156	  17.68	    0.0	 1500.0	    0.0	 -265.2	 1442.0	    0.0	  200.0	    0.0	 1500.0	    0.0	  200.0	  100.0	   22.0	    0.0	    0.0	    0.0	    0.8	   10.6	  1	 -750.0	 1450.0	   22.0	    0.0	    0.8	1	  299.9	 21	    0.0	    7.1	
  157	  17.78	    0.0	 1500.0	    0.0	 -265.2	 1442.0	    0.0	  200.0	    0.0	 1500.0	    0.0	  200.0	  100.0	   21.5	    0.0	    0.0	    0.0	    0.8	   10.6	  1	 -750.0	 1450.0	   21.5	    0.0	    0.8	1	  299.9	 21	    0.0	    7.1	
  158	  17.88	    0.0	 1500.0	    0.0	 -265.2	 1442.0	    0.0	  200.0	    0.0	 1500.0	    0.0	  200.0	  100.0	   21.0	    0.0	    0.0	    0.0	    0.8	   10.7	  1	 -750.0	 1450.0	   21.0	    0.0	    0.8	1	  299.9	 21	    0.0	    7.1	
  159	  17.98	    0.0	 1500.0	    0.0	 -223.7	 1441.2	    0.0	  200.0	    0.0	 1500.0	    0.0	  200.0	  100.0	   20.5	    0.0	    0.0	    0.0	    0.9	   10.8	  1	 -750.0	 1450.0	   20.5	    0.0	    0.9	1	  299.8	 21	    0.0	    7.1	
  160	  18.08	    0.0	 1500.0	    0.0	 -223.7	 1441.2	    0.0	  200.0	    0.0	 1500.0	    0.0	  200.0	  100.0	   20.0	    0.0	    0.0	    0.0	    0.9	   10.9	  1	 -750.0	 1450.0	   20.0	    0.0	    0.9	1	  299.8	 21	    0.0	    7.1	
  161	  18.18	    0.0	 1500.0	    0.0	 -223.7	 1441.2	    0.0	  200.0	    0.0	 1500.0	    0.0	  200.0	  100.0	   19.5	    0.0	    0.0	    0.0	    0.9	   10.9	  1	 -750.0	 1450.0	   19.5	    0.0	    0.9	1	  299.8	 21	    0.0	    7.1	
  162	  18.28	    0.0	 1500.0	    0.0	 -223.7	 1441.2	    0.0	  200.0	    0.0	 1500.0	    0.0	  200.0	  100.0	   19.0	    0.0	    0.0	    0.0	    0.9	   11.0	  1	 -750.0	 1450.0	   19.0	    0.0	    0.9	1	  299.8	 21	    0.0	    7.1	
  163	  18.38	    0.0	 1500.0	    0.0	 -223.7	 1441.2	    0.0	  200.0	    0.0	 1500.0	    0.0	  200.0	  100.0	   18.5	    0.0	    0.0	    0.0	    0.9	   11.1	  1	 -750.0	 1450.0	   18.5	    0.0	    0.9	1	  299.8	 21	    0.0	    7.1	
  164	  18.48	    0.0	 1500.0	    0.0	 -223.7	 1441.2	    0.0	  200.0	    0.0	 1500.0	    0.0	  200.0	  100.0	   18.0	    0.0	    0.0	    0.0	    0.9	   11.1	  1	 -750.0	 1450.0	   18.0	    0.0	    0.9	1	  299.8	 21	    0.0	    7.1	
  165	  18.58	    0.0	 1500.0	    0.0	 -169.4	 1396.4	    0.0	  200.0	    0.0	 1500.0	    0.0	  200.0	  100.0	   17.5	    0.0	    0.0	    0.0	    0.9	   11.2	  1	 -750.0	  750.0	   17.5	    0.0	    0.9	1	  317.1	 21	    0.0	    6.4	
  166	  18.68	    0.0	 1500.0	    0.0	 -169.4	 1396.4	    0.0	  200.0	    0.0	 1500.0	    0.0	  200.0	  100.0	   17.0	    0.0	    0.0	    0.0	    0.9	   11.3	  1	 -750.0	 1450.0	   17.0	    0.0	    0.9	1	  299.6	 21	    0.0	    7.1	
  167	  18.78	    0.0	 1500.0	    0.0	 -169.4	 1396.4	    0.0	  200.0	    0.0	 1500.0	    0.0	  200.0	  100.0	   16.5	    0.0	    0.0	    0.0	    1.0	   11.3	  1	 -750.0	 1450.0	   16.5	    0.0	    1.0	1	  299.6	 21	    0.0	    7.1	
  168	  18.88	    0.0	 1500.0	    0.0	 -169.4	 1396.4	    0.0	  200.0	    0.0	 1500.0	    0.0	  200.0	  100.0	   16.0	    0.0	    0.0	    0.0	    1.0	   11.4	  1	 -750.0	 1450.0	   16.0	    0.0	    1.0	1	  299.6	 21	    0.0	    7.1	
  169	  18.98	    0.0	 1500.0	    0.0	 -169.4	 1396.4	    0.0	  200.0	    0.0	 1500.0	    0.0	  200.0	  100.0	   15.5	    0.0	    0.0	    0.0	    1.0	   11.5	  1	 -750.0	 1450.0	   15.5	    0.0	    1.0	1	  299.6	 21	    0.0	    7.1	
  170	  19.08	    0.0	 1500.0	    0.0	 -123.9	 1282.9	    0.0	  200.0	    0.0	 1500.0	    0.0	  200.0	  100.0	   15.0	    0.0	    0.0	    0.0	    1.0	   11.5	  1	  -50.0	  750.0	   15.0	    0.0	    1.0	1	  302.0	 21	    0.0	    7.1	
  171	  19.18	    0.0	 1500.0	    0.0	 -123.9	 1282.9	    0.0	  200.0	    0.0	 1500.0	    0.0	  200.0	  100.0	   14.5	    0.0	    0.0	    0.0	    1.0	   11.6	  1	 -750.0	  750.0	   14.5	    0.0	    1.0	1	  311.9	 21	    0.0	    7.2	
  172	  19.28	    0.0	 1500.0	    0.0	 -123.9	 1282.9	    0.0	  200.0	    0.0	 1500.0	    0.0	  200.0	  100.0	   14.0	    0.0	    0.0	    0.0	    1.0	   11.7	  1	 -750.0	  750.0	   14.0	    0.0	    1.0	1	  311.5	 21	    0.0	    7.2	
  173	  19.38	    0.0	 1500.0	    0.0	 -123.9	 1282.9	    0.0	  200.0	    0.0	 1500.0	    0.0	  200.0	  100.0	   13.5	    0.0	    0.0	    0.0	    1.1	   11.7	  1	 -750.0	  750.0	   13.5	    0.0	    1.1	1	  311.1	 21	    0.0	    7.2	
  174	  19.48	    0.0	 1500.0	    0.0	 -123.9	 1282.9	    0.0	  200.0	    0.0	 1500.0	    0.0	  200.0	  100.0	   13.0	    0.0	    0.0	    0.0	    1.1	   11.8	  1	 -750.0	  750.0	   13.0	    0.0	    1.1	1	  310.7	 21	    0.0	    7.2	
  175	  19.58	    0.0	 1500.0	    0.0	 -104.6	 1202.2	    0.0	  200.0	    0.0	 1500.0	    0.0	  200.0	  100.0	   12.5	    0.0	    0.0	    0.0	    1.1	   11.9	  1	  -50.0	  750.0	   12.5	    0.0	    1.1	1	  300.1	 21	    0.0	    7.3	
  176	  19.68	    0.0	 1500.0	    0.0	 -123.9	 1282.9	    0.0	  200.0	    0.0	 1500.0	    0.0	  200.0	  100.0	   12.0	    0.0	    0.0	    0.0	    1.1	   11.9	  1	 -750.0	  750.0	   12.0	    0.0	    1.1	1	  311.2	 21	    0.0	    7.0	
  177	  19.78	    0.0	 1500.0	    0.0	 -104.6	 1202.2	    0.0	  200.0	    0.0	 1500.0	    0.0	  200.0	  100.0	   11.5	    0.0	    0.0	    0.0	    1.1	   12.0	  1	  -50.0	  750.0	   11.5	    0.0	    1.1	1	  300.2	 21	    0.0	    7.4	
  178	  19.88	    0.0	 1500.0	    0.0	 -104.6	 1202.2	    0.0	  200.0	    0.0	 1500.0	    0.0	  200.0	  100.0	   11.0	    0.0	    0.0	    0.0	    1.2	   12.1	  1	  -50.0	  750.0	   11.0	    0.0	    1.2	1	  301.7	 21	    0.0	    7.4	
  179	  19.98	    0.0	 1500.0	    0.0	 -153.3	 1252.6	    0.0	  200.0	    0.0	 1500.0	    0.0	  200.0	  100.0	   10.5	    0.0	    0.0	    0.0	    1.2	   12.1	  1	 -750.0	  750.0	   10.5	    0.0	    1.2	1	  307.0	 21	    0.0	    7.5	
  180	  20.08	    0.0	 1500.0	    0.0	 -153.3	 1252.6	    0.0	  200.0	    0.0	 1500.0	    0.0	  200.0	  100.0	   10.0	    0.0	    0.0	    0.0	    1.2	   12.2	  1	 -750.0	  750.0	   10.0	    0.0	    1.2	1	  306.7	 21	    0.0	    7.6	
  181	  20.18	    0.0	 1500.0	    0.0	 -153.3	 1252.6	    0.0	  200.0	    0.0	 1500.0	    0.0	  200.0	  100.0	    9.5	    0.0	    0.0	    0.0	    1.2	   12.3	  1	 -750.0	  750.0	    9.5	    0.0	    1.2	1	  306.4	 21	    0.0	    7.7	
  182	  20.28	    0.0	 1500.0	    0.0	 -153.3	 1252.6	    0.0	  200.0	    0.0	 1500.0	    0.0	  200.0	  100.0	    9.0	    0.0	    0.0	    0.0	    1.3	   12.3	  1	 -750.0	  750.0	    9.0	    0.0	    1.3	1	  306.0	 21	    0.0	    7.8	
  183	  20.38	    0.0	 1500.0	    0.0	 -153.3	 1252.6	    0.0	  200.0	    0.0	 1500.0	    0.0	  200.0	  100.0	    8.5	    0.0	    0.0	    0.0	    1.3	   12.4	  1	 -750.0	  750.0	    8.5	    0.0	    1.3	1	  305.7	 21	    0.0	    7.9	
  184	  20.48	    0.0	 1500.0	    0.0	 -153.3	 1252.6	    0.0	  200.0	    0.0	 1500.0	    0.0	  200.0	  100.0	    8.0	    0.0	    0.0	    0.0	    1.3	   12.5	  1	 -750.0	  750.0	    8.0	    0.0	    1.3	1	  305.3	 21	    0.0	    8.0	
  185	  20.58	    0.0	 1500.0	    0.0	 -153.3	 1252.6	    0.0	  200.0	    0.0	 1500.0	    0.0	  200.0	  100.0	    7.5	    0.0	    0.0	    0.0	    1.3	   12.5	  1	 -750.0	  750.0	    7.5	    0.0	    1.3	1	  305.0	 21	    0.0	    8.1	
  186	  20.68	    0.0	 1500.0	    0.0	 -198.6	 1293.0	    0.0	  200.0	    0.0	 1500.0	    0.0	  200.0	  100.0	    7.0	    0.0	    0.0	    0.0	    1.4	   12.6	  1	 -750.0	  750.0	    7.0	    0.0	    1.4	1	  304.6	 21	    0.0	    8.3	
  187	  20.78	    0.0	 1500.0	    0.0	 -153.3	 1252.6	    0.0	  200.0	    0.0	 1500.0	    0.0	  200.0	  100.0	    6.5	    0.0	    0.0	    0.0	    1.4	   12.7	  1	  -50.0	  750.0	    6.5	    0.0	    1.4	1	  300.9	 21	    0.0	    8.3	
  188	  20.88	    0.0	 1500.0	    0.0	 -198.6	 1293.0	    0.0	  200.0	    0.0	 1500.0	    0.0	  200.0	  100.0	    6.0	    0.0	    0.0	    0.0	    1.4	   12.8	  1	 -750.0	  750.0	    6.0	    0.0	    1.4	1	  304.0	 21	    0.0	    8.6	
  189	  20.98	    0.0	 1500.0	    0.0	 -198.6	 1293.0	    0.0	  200.0	    0.0	 1500.0	    0.0	  200.0	  100.0	    5.5	    0.0	    0.0	    0.0	    1.4	   12.8	  1	 -750.0	  750.0	    5.5	    0.0	    1.4	1	  303.7	 21	    0.0	    8.9	
  190	  21.08	    0.0	 1500.0	    0.0	 -198.6	 1293.0	    0.0	  200.0	    0.0	 1500.0	    0.0	  200.0	  100.0	    5.0	    0.0	    0.0	    0.0	    1.4	   12.9	  1	 -750.0	  750.0	    5.0	    0.0	    1.4	1	  303.4	 21	    0.0	    9.1	
  191	  21.19	    0.0	 1500.0	    0.0	 -198.6	 1293.0	    0.0	  200.0	    0.0	 1500.0	    0.0	  200.0	  100.0	    4.5	    0.0	    0.0	    0.0	    1.5	   13.0	  1	 -750.0	  750.0	    4.5	    0.0	    1.5	1	  303.1	 21	    0.0	    9.4	
  192	  21.28	    0.0	 1500.0	    0.0	 -226.9	 1341.3	    0.0	  200.0	    0.0	 1500.0	    0.0	  200.0	  100.0	    4.0	    0.0	    0.0	    0.0	    1.5	   13.0	  1	 -750.0	 1450.0	    4.0	    0.0	    1.5	1	  299.7	 21	    0.0	    9.8	
  193	  21.38	    0.0	 1500.0	    0.0	 -226.9	 1341.3	    0.0	  200.0	    0.0	 1500.0	    0.0	  200.0	  100.0	    3.5	    0.0	    0.0	    0.0	    1.5	   13.1	  1	 -750.0	 1450.0	    3.5	    0.0	    1.5	1	  299.7	 21	 1301.8	   10.2	
  194	  21.48	    0.0	 1500.0	    0.0	 -226.9	 1341.3	    0.0	  200.0	    0.0	 1500.0	    0.0	  200.0	  100.0	    3.0	    0.0	    0.0	    0.0	    1.5	   13.2	  1	 -750.0	 1450.0	    3.0	    0.0	    1.5	1	  299.7	 21	 1306.6	   10.7	
  195	  21.58	    0.0	 1500.0	    0.0	 -226.9	 1341.3	    0.0	  200.0	    0.0	 1500.0	    0.0	  200.0	  100.0	    2.5	    0.0	    0.0	    0.0	    1.6	   13.2	  1	 -750.0	 1450.0	    2.5	    0.0	    1.6	1	  299.7	 21	 1312.5	   11.2	
  196	  21.68	    0.0	 1500.0	    0.0	 -219.5	 1368.9	    0.0	  200.0	    0.0	 1500.0	    0.0	  200.0	  100.0	    2.0	    0.0	    0.0	    0.0	    1.6	   13.3	  1	 -750.0	 1450.0	    2.0	    0.0	    1.6	1	  299.6	 21	 1319.5	   11.9	
  197	  21.78	    0.0	 1500.0	    0.0	 -219.5	 1368.9	    0.0	  200.0	    0.0	 1500.0	    0.0	  200.0	  100.0	    1.5	    0.0	    0.0	    0.0	    1.6	   13.4	  1	 -750.0	 1450.0	    1.5	    0.0	    1.6	1	  299.6	 21	 1328.2	   12.8	
  198	  21.88	    0.0	 1500.0	    0.0	 -226.9	 1341.3	    0.0	  200.0	    0.0	 1500.0	    0.0	  200.0	  100.0	    1.0	    0.0	    0.0	    0.0	    1.6	   13.4	  1	 -750.0	 1450.0	    1.0	    0.0	    1.6	1	  299.7	 21	 1339.5	   14.0	
  199	  21.98	    0.0	 1500.0	    0.0	 -219.5	 1368.9	    0.0	  200.0	    0.0	 1500.0	    0.0	  200.0	  100.0	    0.5	    0.0	    0.0	    0.0	    1.6	   13.5	  1	 -750.0	 1450.0	    0.5	    0.0	    1.6	1	  299.6	 21	 1354.3	   15.4	
  200	  22.08	    0.0	 1500.0	    0.0	 -219.5	 1368.9	    0.0	  200.0	    0.0	 1500.0	    0.0	  200.0	  100.0	    0.0	    0.0	    0.0	    0.0	    1.7	   13.6	  1	 -750.0	 1450.0	    0.0	    0.0	    1.7	1	  299.6	 21	 1374.5	   17.5	
  201	  22.18	    0.0	 1500.0	    0.0	 -211.4	 1371.0	    0.0	  200.0	    0.0	 1500.0	    0.0	  200.0	  100.0	    0.0	    0.0	    0.0	    0.0	    1.7	   13.6	  1	 -750.0	 1450.0	    0.0	    0.0	    1.7	1	  299.6	 21	 1375.0	   17.5	
  202	  22.28	    0.0	 1500.0	    0.0	 -219.5	 1368.9	    0.0	  200.0	    0.0	 1500.0	    0.0	  200.0	  100.0	    0.0	    0.0	    0.0	    0.0	    1.7	   13.7	  1	 -750.0	 1450.0	    0.0	    0.0	    1.7	1	  299.6	 21	 1375.5	   17.6	
  203	  22.38	    0.0	 1500.0	    0.0	 -211.4	 1371.0	    0.0	  200.0	    0.0	 1500.0	    0.0	  200.0	  100.0	    0.0	    0.0	    0.0	    0.0	    1.7	   13.8	  1	 -750.0	 1450.0	    0.0	    0.0	    1.7	1	  299.6	 21	 1376.0	   17.6	
  204	  22.48	    0.0	 1500.0	    0.0	 -211.4	 1371.0	    0.0	  200.0	    0.0	 1500.0	    0.0	  200.0	  100.0	    0.0	    0.0	    0.0	    0.0	    1.7	   13.8	  1	 -750.0	 1450.0	    0.0	    0.0	    1.7	1	  299.6	 21	 1376.5	   17.6	
  205	  22.58	    0.0	 1500.0	    0.0	 -211.4	 1371.0	    0.0	  200.0	    0.0	 1500.0	    0.0	  200.0	  100.0	    0.0	    0.0	    0.0	    0.0	    1.7	   13.9	  1	 -750.0	 1450.0	    0.0	    0.0	    1.7	1	  299.6	 21	 1376.9	   17.7	
  206	  22.68	    0.0	 1500.0	    0.0	 -211.4	 1371.0	    0.0	  200.0	    0.0	 1500.0	    0.0	  200.0	  100.0	    0.0	    0.0	    0.0	    0.0	    1.8	   14.0	  1	 -750.0	 1450.0	    0.0	    0.0	    1.8	1	  299.6	 21	 1377.4	   17.7	
  207	  22.78	    0.0	 1500.0	    0.0	 -210.3	 1370.9	    0.0	  200.0	    0.0	 1500.0	    0.0	  200.0	  100.0	    0.0	    0.0	    0.0	    0.0	    1.8	   14.0	  1	 -750.0	 1450.0	    0.0	    0.0	    1.8	1	  299.6	 21	 1377.8	   17.8	
  208	  22.88	    0.0	 1500.0	    0.0	 -210.3	 1370.9	    0.0	  200.0	    0.0	 1500.0	    0.0	  200.0	  100.0	    0.0	    0.0	    0.0	    0.0	    1.8	   14.1	  1	 -750.0	 1450.0	    0.0	    0.0	    1.8	1	  299.6	 21	 1378.3	   17.8	
  209	  22.98	    0.0	 1500.0	    0.0	 -210.3	 1370.9	    0.0	  200.0	    0.0	 1500.0	    0.0	  200.0	  100.0	    0.0	    0.0	    0.0	    0.0	    1.8	   14.2	  1	 -750.0	 1450.0	    0.0	    0.0	    1.8	1	  299.6	 21	 1378.7	   17.9	
  210	  23.08	    0.0	 1500.0	    0.0	 -210.3	 1370.9	    0.0	  200.0	    0.0	 1500.0	    0.0	  200.0	  100.0	    0.0	    0.0	    0.0	    0.0	    1.8	   14.2	  1	 -750.0	 1450.0	    0.0	    0.0	    1.8	1	  299.6	 21	 1379.1	   17.9	
  211	  23.18	    0.0	 1500.0	    0.0	 -211.4	 1371.0	    0.0	  200.0	    0.0	 1500.0	    0.0	  200.0	  100.0	    0.0	    0.0	    0.0	    0.0	    1.8	   14.3	  1	 -750.0	 1450.0	    0.0	    0.0	    1.8	1	  299.6	 21	 1379.6	   18.0	
  212	  23.28	    0.0	 1500.0	    0.0	 -211.4	 1371.0	    0.0	  200.0	    0.0	 1500.0	    0.0	  200.0	  100.0	    0.0	    0.0	    0.0	    0.0	    1.9	   14.4	  1	 -750.0	 1450.0	    0.0	    0.0	    1.9	1	  299.6	 21	 1380.0	   18.0	
  213	  23.38	    0.0	 1500.0	    0.0	 -210.3	 1370.9	    0.0	  200.0	    0.0	 1500.0	    0.0	  200.0	  100.0	    0.0	    0.0	    0.0	    0.0	    1.9	   14.4	  1	 -750.0	 1450.0	    0.0	    0.0	    1.9	1	  299.6	 21	 1380.4	   18.0	
  214	  23.48	    0.0	 1500.0	    0.0	 -211.4	 1371.0	    0.0	  200.0	    0.0	 1500.0	    0.0	  200.0	  100.0	    0.0	    0.0	    0.0	    0.0	    1.9	   14.5	  1	 -750.0	 1450.0	    0.0	    0.0	    1.9	1	  299.6	 21	 1380.8	   18.1	
  215	  23.58	    0.0	 1500.0	    0.0	 -211.4	 1371.0	    0.0	  200.0	    0.0	 1500.0	    0.0	  200.0	  100.0	    0.0	    0.0	    0.0	    0.0	    1.9	   14.6	  1	 -750.0	 1450.0	    0.0	    0.0	    1.9	1	  299.6	 21	 1381.2	   18.1	
  216	  23.68	    0.0	 1500.0	    0.0	 -211.4	 1371.0	    0.0	  200.0	    0.0	 1500.0	    0.0	  200.0	  100.0	    0.0	    0.0	    0.0	    0.0	    1.9	   14.7	  1	 -750.0	 1450.0	    0.0	    0.0	    1.9	1	  299.6	 21	 1381.6	   18.2	
  217	  23.78	    0.0	 1500.0	    0.0	 -206.9	 1370.7	    0.0	  200.0	    0.0	 1500.0	    0.0	  200.0	  100.0	    0.0	    0.0	    0.0	    0.0	    1.9	   14.7	  1	 -750.0	 1450.0	    0.0	    0.0	    1.9	1	  299.6	 21	 1382.0	   18.2	
  218	  23.88	    0.0	 1500.0	    0.0	 -206.9	 1370.7	    0.0	  200.0	    0.0	 1500.0	    0.0	  200.0	  100.0	    0.0	    0.0	    0.0	    0.0	    2.0	   14.8	  1	 -750.0	 1450.0	    0.0	    0.0	    2.0	1	  299.6	 21	 1382.4	   18.2	
  219	  23.98	    0.0	 1500.0	    0.0	 -206.9	 1370.7	    0.0	  200.0	    0.0	 1500.0	    0.0	  200.0	  100.0	    0.0	    0.0	    0.0	    0.0	    2.0	   14.9	  1	 -750.0	 1450.0	    0.0	    0.0	    2.0	1	  299.6	 21	 1382.8	   18.3	
  220	  24.08	    0.0	 1500.0	    0.0	 -206.9	 1370.7	    0.0	  200.0	    0.0	 1500.0	    0.0	  200.0	  100.0	    0.0	    0.0	    0.0	    0.0	    2.0	   14.9	  1	 -750.0	 1450.0	    0.0	    0.0	    2.0	1	  299.6	 21	 1383.1	   18.3	
  221	  24.18	    0.0	 1500.0	    0.0	 -206.9	 1370.7	    0.0	  200.0	    0.0	 1500.0	    0.0	  200.0	  100.0	    0.0	    0.0	    0.0	    0.0	    2.0	   15.0	  1	 -750.0	 1450.0	    0.0	    0.0	    2.0	1	  299.6	 21	 1383.5	   18.4	
  222	  24.28	    0.0	 1500.0	    0.0	 -206.9	 1370.7	    0.0	  200.0	    0.0	 1500.0	    0.0	  200.0	  100.0	    0.0	    0.0	    0.0	    0.0	    2.0	   15.1	  1	 -750.0	 1450.0	    0.0	    0.0	    2.0	1	  299.6	 21	 1383.9	   18.4	
  223	  24.38	    0.0	 1500.0	    0.0	 -206.9	 1370.7	    0.0	  200.0	    0.0	 1500.0	    0.0	  200.0	  100.0	    0.0	    0.0	    0.0	    0.0	    2.0	   15.1	  1	 -750.0	 1450.0	    0.0	    0.0	    2.0	1	  299.6	 21	 1384.2	   18.4	
  224	  24.48	    0.0	 1500.0	    0.0	 -206.8	 1372.6	    0.0	  200.0	    0.0	 1500.0	    0.0	  200.0	  100.0	    0.0	    0.0	    0.0	    0.0	    2.1	   15.2	  1	 -750.0	 1450.0	    0.0	    0.0	    2.1	1	  299.6	 21	 1384.6	   18.5	
  225	  24.58	    0.0	 1500.0	    0.0	 -206.8	 1372.6	    0.0	  200.0	    0.0	 1500.0	    0.0	  200.0	  100.0	    0.0	    0.0	    0.0	    0.0	    2.1	   15.3	  1	 -750.0	 1450.0	    0.0	    0.0	    2.1	1	  299.6	 21	 1384.9	   18.5	
  226	  24.68	    0.0	 1500.0	    0.0	 -206.8	 1372.6	    0.0	  200.0	    0.0	 1500.0	    0.0	  200.0	  100.0	    0.0	    0.0	    0.0	    0.0	    2.1	   15.3	  1	 -750.0	 1450.0	    0.0	    0.0	    2.1	1	  299.6	 21	 1385.3	   18.5	
  227	  24.78	    0.0	 1500.0	    0.0	 -206.8	 1372.6	    0.0	  200.0	    0.0	 1500.0	    0.0	  200.0	  100.0	    0.0	    0.0	    0.0	    0.0	    2.1	   15.4	  1	 -750.0	 1450.0	    0.0	    0.0	    2.1	1	  299.6	 21	 1385.6	   18.6	
  228	  24.88	    0.0	 1500.0	    0.0	 -206.8	 1372.6	    0.0	  200.0	    0.0	 1500.0	    0.0	  200.0	  100.0	    0.0	    0.0	    0.0	    0.0	    2.1	   15.5	  1	 -750.0	 1450.0	    0.0	    0.0	    2.1	1	  299.6	 21	 1386.0	   18.6	
  229	  24.98	    0.0	 1500.0	    0.0	 -206.8	 1372.6	    0.0	  200.0	    0.0	 1500.0	    0.0	  200.0	  100.0	    0.0	    0.0	    0.0	    0.0	    2.1	   15.5	  1	 -750.0	 1450.0	    0.0	    0.0	    2.1	1	  299.6	 21	 1386.3	   18.6	
  230	  25.08	    0.0	 1500.0	    0.0	 -206.8	 1372.6	    0.0	  200.0	    0.0	 1500.0	    0.0	  200.0	  100.0	    0.0	    0.0	    0.0	    0.0	    2.2	   15.6	  1	 -750.0	 1450.0	    0.0	    0.0	    2.2	1	  299.6	 21	 1386.6	   18.7	
  231	  25.18	    0.0	 1500.0	    0.0	 -206.8	 1372.6	    0.0	  200.0	    0.0	 1500.0	    0.0	  200.0	  100.0	    0.0	    0.0	    0.0	    0.0	    2.2	   15.7	  1	 -750.0	 1450.0	    0.0	    0.0	    2.2	1	  299.6	 21	 1387.0	   18.7	
  232	  25.28	    0.0	 1500.0	    0.0	 -206.8	 1372.6	    0.0	  200.0	    0.0	 1500.0	    0.0	  200.0	  100.0	    0.0	    0.0	    0.0	    0.0	    2.2	   15.7	  1	 -750.0	 1450.0	    0.0	    0.0	    2.2	1	  299.6	 21	 1387.3	   18.7	
  233	  25.38	    0.0	 1500.0	    0.0	 -206.8	 1372.6	    0.0	  200.0	    0.0	 1500.0	    0.0	  200.0	  100.0	    0.0	    0.0	    0.0	    0.0	    2.2	   15.8	  1	 -750.0	 1450.0	    0.0	    0.0	    2.2	1	  299.6	 21	 1387.6	   18.8	
  234	  25.48	    0.0	 1500.0	    0.0	 -206.8	 1372.6	    0.0	  200.0	    0.0	 1500.0	    0.0	  200.0	  100.0	    0.0	    0.0	    0.0	    0.0	    2.2	   15.9	  1	 -750.0	 1450.0	    0.0	    0.0	    2.2	1	  299.6	 21	 1387.9	   18.8	
  235	  25.58	    0.0	 1500.0	    0.0	 -206.8	 1372.6	    0.0	  200.0	    0.0	 1500.0	    0.0	  200.0	  100.0	    0.0	    0.0	    0.0	    0.0	    2.2	   15.9	  1	 -750.0	 1450.0	    0.0	    0.0	    2.2	1	  299.6	 21	 1388.2	   18.8	
  236	  25.68	    0.0	 1500.0	    0.0	 -206.8	 1372.6	    0.0	  200.0	    0.0	 1500.0	    0.0	  200.0	  100.0	    0.0	    0.0	    0.0	    0.0	    2.3	   16.0	  1	 -750.0	 1450.0	    0.0	    0.0	    2.3	1	  299.6	 21	 1388.6	   18.9	
  237	  25.78	    0.0	 1500.0	    0.0	 -206.8	 1372.6	    0.0	  200.0	    0.0	 1500.0	    0.0	  200.0	  100.0	    0.0	    0.0	    0.0	    0.0	    2.3	   16.1	  1	 -750.0	 1450.0	    0.0	    0.0	    2.3	1	  299.6	 21	 1388.9	   18.9	
  238	  25.88	    0.0	 1500.0	    0.0	 -206.8	 1372.6	    0.0	  200.0	    0.0	 1500.0	    0.0	  200.0	  100.0	    0.0	    0.0	    0.0	    0.0	    2.3	   16.1	  1	 -750.0	 1450.0	    0.0	    0.0	    2.3	1	  299.6	 21	 1389.2	   18.9	
  239	  25.98	    0.0	 1500.0	    0.0	 -206.8	 1372.6	    0.0	  200.0	    0.0	 1500.0	    0.0	  200.0	  100.0	    0.0	    0.0	    0.0	    0.0	    2.3	   16.2	  1	 -750.0	 1450.0	    0.0	    0.0	    2.3	1	  299.6	 21	 1389.5	   18.9	
  240	  26.09	    0.0	 1500.0	    0.0	 -206.8	 1372.6	    0.0	  200.0	    0.0	 1500.0	    0.0	  200.0	  100.0	    0.0	    0.0	    0.0	    0.0	    2.3	   16.3	  1	 -750.0	 1450.0	    0.0	    0.0	    2.3	1	  299.6	 21	 1389.8	   19.0	
  241	  26.18	    0.0	 1500.0	    0.0	 -206.8	 1372.6	    0.0	  200.0	    0.0	 1500.0	    0.0	  200.0	  100.0	    0.0	    0.0	    0.0	    0.0	    2.3	   16.3	  1	 -750.0	 1450.0	    0.0	    0.0	    2.3	1	  299.6	 21	 1390.1	   19.0	
  242	  26.28	    0.0	 1500.0	    0.0	 -206.8	 1372.6	    0.0	  200.0	    0.0	 1500.0	    0.0	  200.0	  100.0	    0.0	    0.0	    0.0	    0.0	    2.4	   16.4	  1	 -750.0	 1450.0	    0.0	    0.0	    2.4	1	  299.6	 21	 1390.4	   19.0	
  243	  26.38	    0.0	 1500.0	    0.0	 -206.8	 1372.6	    0.0	  200.0	    0.0	 1500.0	    0.0	  200.0	  100.0	    0.0	    0.0	    0.0	    0.0	    2.4	   16.5	  1	 -750.0	 1450.0	    0.0	    0.0	    2.4	1	  299.6	 21	 1390.7	   19.1	
  244	  26.48	    0.0	 1500.0	    0.0	 -206.8	 1372.6	    0.0	  200.0	    0.0	 1500.0	    0.0	  200.0	  100.0	    0.0	    0.0	    0.0	    0.0	    2.4	   16.6	  1	 -750.0	 1450.0	    0.0	    0.0	    2.4	1	  299.6	 21	 1390.9	   19.1	
  245	  26.58	    0.0	 1500.0	    0.0	 -206.8	 1372.6	    0.0	  200.0	    0.0	 1500.0	    0.0	  200.0	  100.0	    0.0	    0.0	    0.0	    0.0	    2.4	   16.6	  1	 -750.0	 1450.0	    0.0	    0.0	    2.4	1	  299.6	 21	 1391.2	   19.1	
  246	  26.68	    0.0	 1500.0	    0.0	 -206.8	 1372.6	    0.0	  200.0	    0.0	 1500.0	    0.0	  200.0	  100.0	    0.0	    0.0	    0.0	    0.0	    2.4	   16.7	  1	 -750.0	 1450.0	    0.0	    0.0	    2.4	1	  299.6	 21	 1391.5	   19.2	
  247	  26.78	    0.0	 1500.0	    0.0	 -206.8	 1372.6	    0.0	  200.0	    0.0	 1500.0	    0.0	  200.0	  100.0	    0.0	    0.0	    0.0	    0.0	    2.4	   16.8	  1	 -750.0	 1450.0	    0.0	    0.0	    2.4	1	  299.6	 21	 1391.8	   19.2	
  248	  26.89	    0.0	 1500.0	    0.0	 -206.8	 1372.6	    0.0	  200.0	    0.0	 1500.0	    0.0	  200.0	  100.0	    0.0	    0.0	    0.0	    0.0	    2.5	   16.8	  1	 -750.0	 1450.0	    0.0	    0.0	    2.5	1	  299.6	 21	 1392.1	   19.2	
  249	  26.98	    0.0	 1500.0	    0.0	 -206.9	 1370.2	    0.0	  200.0	    0.0	 1500.0	    0.0	  200.0	  100.0	    0.0	    0.0	    0.0	    0.0	    2.5	   16.9	  1	 -750.0	 1450.0	    0.0	    0.0	    2.5	1	  299.6	 21	 1392.3	   19.2	
  250	  27.08	    0.0	 1500.0	    0.0	 -206.9	 1370.2	    0.0	  200.0	    0.0	 1500.0	    0.0	  200.0	  100.0	    0.0	    0.0	    0.0	    0.0	    2.5	   17.0	  1	 -750.0	 1450.0	    0.0	    0.0	    2.5	1	  299.6	 21	 1392.6	   19.3	
  251	  27.18	    0.0	 1500.0	    0.0	 -206.9	 1370.2	    0.0	  200.0	    0.0	 1500.0	    0.0	  200.0	  100.0	    0.0	    0.0	    0.0	    0.0	    2.5	   17.0	  1	 -750.0	 1450.0	    0.0	    0.0	    2.5	1	  299.6	 21	 1392.9	   19.3	
  252	  27.28	    0.0	 1500.0	    0.0	 -206.9	 1370.2	    0.0	  200.0	    0.0	 1500.0	    0.0	  200.0	  100.0	    0.0	    0.0	    0.0	    0.0	    2.5	   17.1	  1	 -750.0	 1450.0	    0.0	    0.0	    2.5	1	  299.6	 21	 1393.2	   19.3	
  253	  27.38	    0.0	 1500.0	    0.0	 -206.9	 1370.2	    0.0	  200.0	    0.0	 1500.0	    0.0	  200.0	  100.0	    0.0	    0.0	    0.0	    0.0	    2.5	   17.2	  1	 -750.0	 1450.0	    0.0	    0.0	    2.5	1	  299.6	 21	 1393.4	   19.3	
  254	  27.48	    0.0	 1500.0	    0.0	 -206.9	 1370.2	    0.0	  200.0	    0.0	 1500.0	    0.0	  200.0	  100.0	    0.0	    0.0	    0.0	    0.0	    2.6	   17.2	  1	 -750.0	 1450.0	    0.0	    0.0	    2.6	1	  299.6	 21	 1393.7	   19.4	
  255	  27.58	    0.0	 1500.0	    0.0	 -206.9	 1370.2	    0.0	  200.0	    0.0	 1500.0	    0.0	  200.0	  100.0	    0.0	    0.0	    0.0	    0.0	    2.6	   17.3	  1	 -750.0	 1450.0	    0.0	    0.0	    2.6	1	  299.6	 21	 1394.0	   19.4	
  256	  27.68	    0.0	 1500.0	    0.0	 -189.1	 1363.1	    0.0	  200.0	    0.0	 1500.0	    0.0	  200.0	  100.0	    0.0	    0.0	    0.0	    0.0	    2.6	   17.4	  1	 -750.0	  750.0	    0.0	    0.0	    2.6	1	  300.3	 21	 1394.2	   19.4	
  257	  27.78	    0.0	 1500.0	    0.0	 -189.1	 1363.1	    0.0	  200.0	    0.0	 1500.0	    0.0	  200.0	  100.0	    0.0	    0.0	    0.0	    0.0	    2.6	   17.4	  1	 -750.0	  750.0	    0.0	    0.0	    2.6	1	  300.3	 21	 1394.4	   19.4	
  258	  27.88	    0.0	 1500.0	    0.0	 -189.1	 1363.1	    0.0	  200.0	    0.0	 1500.0	    0.0	  200.0	  100.0	    0.0	    0.0	    0.0	    0.0	    2.6	   17.5	  1	 -750.0	  750.0	    0.0	    0.0	    2.6	1	  300.3	 21	 1394.7	   19.5	
  259	  27.98	    0.0	 1500.0	    0.0	 -189.1	 1363.1	    0.0	  200.0	    0.0	 1500.0	    0.0	  200.0	  100.0	    0.0	    0.0	    0.0	    0.0	    2.6	   17.6	  1	 -750.0	  750.0	    0.0	    0.0	    2.6	1	  300.3	 21	 1394.9	   19.5	
  260	  28.08	    0.0	 1500.0	    0.0	  -49.8	 1254.8	    0.0	  200.0	    0.0	 1500.0	    0.0	  200.0	  100.0	    0.0	    0.0	    0.0	    0.0	    2.6	   17.6	  1	 -750.0	  750.0	    0.0	    0.0	    2.6	1	  301.1	 21	 1395.2	   19.5	
  261	  28.18	    0.0	 1500.0	    0.0	  -49.8	 1254.8	    0.0	  200.0	    0.0	 1500.0	    0.0	  200.0	  100.0	    0.0	    0.0	    0.0	    0.0	    2.7	   17.7	  1	 -750.0	  750.0	    0.0	    0.0	    2.7	1	  301.1	 21	 1395.4	   19.5	
  262	  28.28	    0.0	 1500.0	    0.0	 -189.1	 1363.1	    0.0	  200.0	    0.0	 1500.0	    0.0	  200.0	  100.0	    0.0	    0.0	    0.0	    0.0	    2.7	   17.8	  1	 -750.0	  750.0	    0.0	    0.0	    2.7	1	  300.4	 21	 1395.6	   19.6	
  263	  28.38	    0.0	 1500.0	    0.0	  -49.8	 1254.8	    0.0	  200.0	    0.0	 1500.0	    0.0	  200.0	  100.0	    0.0	    0.0	    0.0	    0.0	    2.7	   17.8	  1	 -750.0	  750.0	    0.0	    0.0	    2.7	1	  301.1	 21	 1395.9	   19.6	
  264	  28.48	    0.0	 1500.0	    0.0	  -49.8	 1254.8	    0.0	  200.0	    0.0	 1500.0	    0.0	  200.0	  100.0	    0.0	    0.0	    0.0	    0.0	    2.7	   17.9	  1	 -750.0	  750.0	    0.0	    0.0	    2.7	1	  301.2	 21	 1396.2	   19.6	
  265	  28.58	    0.0	 1500.0	    0.0	  -60.3	 1210.8	    0.0	  200.0	    0.0	 1500.0	    0.0	  200.0	  100.0	    0.0	    0.0	    0.0	    0.0	    2.7	   18.0	  1	 -750.0	  750.0	    0.0	    0.0	    2.7	1	  300.6	 21	 1396.5	   19.7	
  266	  28.68	    0.0	 1500.0	    0.0	  -60.3	 1210.8	    0.0	  200.0	    0.0	 1500.0	    0.0	  200.0	  100.0	    0.0	    0.0	    0.0	    0.0	    2.8	   18.0	  1	 -750.0	  750.0	    0.0	    0.0	    2.8	1	  300.6	 21	 1396.9	   19.7	
  267	  28.78	    0.0	 1500.0	    0.0	  -60.3	 1210.8	    0.0	  200.0	    0.0	 1500.0	    0.0	  200.0	  100.0	    0.0	    0.0	    0.0	    0.0	    2.8	   18.1	  1	 -750.0	  750.0	    0.0	    0.0	    2.8	1	  300.6	 21	 1397.2	   19.7	
  268	  28.88	    0.0	 1500.0	    0.0	  -60.3	 1210.8	    0.0	  200.0	    0.0	 1500.0	    0.0	  200.0	  100.0	    0.0	    0.0	    0.0	    0.0	    2.8	   18.2	  1	 -750.0	  750.0	    0.0	    0.0	    2.8	1	  300.6	 21	 1397.5	   19.8	
  269	  28.98	    0.0	 1500.0	    0.0	  -49.8	 1254.8	    0.0	  200.0	    0.0	 1500.0	    0.0	  200.0	  100.0	    0.0	    0.0	    0.0	    0.0	    2.8	   18.2	  1	 -750.0	  750.0	    0.0	    0.0	    2.8	1	  301.2	 21	 1397.8	   19.8	
  270	  29.08	    0.0	 1500.0	    0.0	  -60.3	 1210.8	    0.0	  200.0	    0.0	 1500.0	    0.0	  200.0	  100.0	    0.0	    0.0	    0.0	    0.0	    2.9	   18.3	  1	 -750.0	  750.0	    0.0	    0.0	    2.9	1	  300.6	 21	 1398.1	   19.8	
  271	  29.18	    0.0	 1500.0	    0.0	  -60.3	 1210.8	    0.0	  200.0	    0.0	 1500.0	    0.0	  200.0	  100.0	    0.0	    0.0	    0.0	    0.0	    2.9	   18.4	  1	 -750.0	  750.0	    0.0	    0.0	    2.9	1	  300.6	 21	 1398.4	   19.8	
  272	  29.28	    0.0	 1500.0	    0.0	  -99.2	 1152.7	    0.0	  200.0	    0.0	 1500.0	    0.0	  200.0	  100.0	    0.0	    0.0	    0.0	    0.0	    2.9	   18.5	  1	 -750.0	  750.0	    0.0	    0.0	    2.9	1	  300.3	 21	 1398.9	   19.9	
  273	  29.38	    0.0	 1500.0	    0.0	  -99.2	 1152.7	    0.0	  200.0	    0.0	 1500.0	    0.0	  200.0	  100.0	    0.0	    0.0	    0.0	    0.0	    2.9	   18.5	  1	 -750.0	  750.0	    0.0	    0.0	    2.9	1	  300.3	 21	 1399.4	   19.9	
  274	  29.48	    0.0	 1500.0	    0.0	  -99.2	 1152.7	    0.0	  200.0	    0.0	 1500.0	    0.0	  200.0	  100.0	    0.0	    0.0	    0.0	    0.0	    3.0	   18.6	  1	 -750.0	  750.0	    0.0	    0.0	    3.0	1	  300.3	 21	 1399.8	   20.0	
  275	  29.58	    0.0	 1500.0	    0.0	  -99.2	 1152.7	    0.0	  200.0	    0.0	 1500.0	    0.0	  200.0	  100.0	    0.0	    0.0	    0.0	    0.0	    3.0	   18.7	  1	 -750.0	  750.0	    0.0	    0.0	    3.0	1	  300.3	 21	    0.0	    0.0	
  276	  29.68	    0.0	 1500.0	    0.0	  -99.2	 1152.7	    0.0	  200.0	    0.0	 1500.0	    0.0	  200.0	  100.0	    0.0	    0.0	    0.0	    0.0	    3.1	   18.7	  1	 -750.0	  750.0	    0.0	    0.0	    3.1	1	  300.3	 21	    0.0	    0.0	
  277	  29.78	    0.0	 1500.0	    0.0	  -99.2	 1152.7	    0.0	  200.0	    0.0	 1500.0	    0.0	  200.0	  100.0	    0.0	    0.0	    0.0	    0.0	    3.1	   18.8	  1	 -750.0	  750.0	    0.0	    0.0	    3.1	1	  300.3	 21	    0.0	    0.0	
  278	  29.88	    0.0	 1500.0	    0.0	  -99.2	 1152.7	    0.0	  200.0	    0.0	 1500.0	    0.0	  200.0	  100.0	    0.0	    0.0	    0.0	    0.0	    3.1	   18.9	  1	 -750.0	  750.0	    0.0	    0.0	    3.1	1	  300.3	 21	    0.0	    0.0	
  279	  29.98	    0.0	 1500.0	    0.0	  -99.2	 1152.7	    0.0	  200.0	    0.0	 1500.0	    0.0	  200.0	  100.0	    0.0	    0.0	    0.0	    0.0	    3.2	   18.9	  1	 -750.0	  750.0	    0.0	    0.0	    3.2	1	  300.3	 21	    0.0	    0.0	
  280	  30.08	    0.0	 1500.0	    0.0	  -99.2	 1152.7	    0.0	  200.0	    0.0	 1500.0	    0.0	  200.0	  100.0	    0.0	    0.0	    0.0	    0.0	    3.2	   19.0	  1	 -750.0	  750.0	    0.0	    0.0	    3.2	1	  300.3	 21	    0.0	    0.0	
  281	  30.18	    0.0	 1500.0	    0.0	  -99.2	 1152.7	    0.0	  200.0	    0.0	 1500.0	    0.0	  200.0	  100.0	    0.0	    0.0	    0.0	    0.0	    3.2	   19.1	  1	 -750.0	  750.0	    0.0	    0.0	    3.2	1	  300.3	 21	    0.0	    0.0	
  282	  30.28	    0.0	 1500.0	    0.0	  -99.2	 1152.7	    0.0	  200.0	    0.0	 1500.0	    0.0	  200.0	  100.0	    0.0	    0.0	    0.0	    0.0	    3.3	   19.1	  1	 -750.0	  750.0	    0.0	    0.0	    3.3	1	  300.4	 21	    0.0	    0.0	
  283	  30.38	    0.0	 1500.0	    0.0	  -99.2	 1152.7	    0.0	  200.0	    0.0	 1500.0	    0.0	  200.0	  100.0	    0.0	    0.0	    0.0	    0.0	    3.3	   19.2	  1	 -750.0	  750.0	    0.0	    0.0	    3.3	1	  300.4	 21	    0.0	    0.0	
  284	  30.48	    0.0	 1500.0	    0.0	  123.3	 1144.1	    0.0	  200.0	    0.0	 1500.0	    0.0	  200.0	  100.0	    0.0	    0.0	    0.0	    0.0	    3.3	   19.3	  1	   50.0	  750.0	    0.0	    0.0	    3.3	1	  299.7	 21	    0.0	    0.0	
  285	  30.58	    0.0	 1500.0	    0.0	  123.3	 1144.1	    0.0	  200.0	    0.0	 1500.0	    0.0	  200.0	  100.0	    0.0	    0.0	    0.0	    0.0	    3.4	   19.3	  1	   50.0	  750.0	    0.0	    0.0	    3.4	1	  299.7	 21	    0.0	    0.0	
  286	  30.68	    0.0	 1500.0	    0.0	  123.3	 1144.1	    0.0	  200.0	    0.0	 1500.0	    0.0	  200.0	  100.0	    0.0	    0.0	    0.0	    0.0	    3.4	   19.4	  1	   50.0	  750.0	    0.0	    0.0	    3.4	1	  299.7	 21	    0.0	    0.0	
  287	  30.78	    0.0	 1500.0	    0.0	  123.3	 1144.1	    0.0	  200.0	    0.0	 1500.0	    0.0	  200.0	  100.0	    0.0	    0.0	    0.0	    0.0	    3.5	   19.5	  1	   50.0	  750.0	    0.0	    0.0	    3.5	1	  299.7	 21	    0.0	    0.0	
  288	  30.88	    0.0	 1500.0	    0.0	  123.3	 1144.1	    0.0	  200.0	    0.0	 1500.0	    0.0	  200.0	  100.0	    0.0	    0.0	    0.0	    0.0	    3.5	   19.5	  1	   50.0	  750.0	    0.0	    0.0	    3.5	1	  299.7	 21	    0.0	    0.0	
  289	  30.98	    0.0	 1500.0	    0.0	  123.3	 1144.1	    0.0	  200.0	    0.0	 1500.0	    0.0	  200.0	  100.0	    0.0	    0.0	    0.0	    0.0	    3.5	   19.6	  1	   50.0	  750.0	    0.0	    0.0	    3.5	1	  299.7	 21	    0.0	    0.0	
  290	  31.08	    0.0	 1500.0	    0.0	  109.7	 1081.9	    0.0	  200.0	    0.0	 1500.0	    0.0	  200.0	  100.0	    0.0	    0.0	    0.0	    0.0	    3.6	   19.7	  1	   50.0	  750.0	    0.0	    0.0	    3.6	1	  299.8	 21	    0.0	    0.0	
  291	  31.18	    0.0	 1500.0	    0.0	  109.7	 1081.9	    0.0	  200.0	    0.0	 1500.0	    0.0	  200.0	  100.0	    0.0	    0.0	    0.0	    0.0	    3.6	   19.7	  1	   50.0	  750.0	    0.0	    0.0	    3.6	1	  299.8	 21	    0.0	    0.0	
  292	  31.28	    0.0	 1500.0	    0.0	  109.7	 1081.9	    0.0	  200.0	    0.0	 1500.0	    0.0	  200.0	  100.0	    0.0	    0.0	    0.0	    0.0	    3.7	   19.8	  1	   50.0	  750.0	    0.0	    0.0	    3.7	1	  299.8	 21	    0.0	    0.0	
  293	  31.38	    0.0	 1500.0	    0.0	  109.7	 1081.9	    0.0	  200.0	    0.0	 1500.0	    0.0	  200.0	  100.0	    0.0	    0.0	    0.0	    0.0	    3.7	   19.9	  1	   50.0	  750.0	    0.0	    0.0	    3.7	1	  299.8	 21	    0.0	    0.0	
  294	  31.48	    0.0	 1500.0	    0.0	  109.7	 1081.9	    0.0	  200.0	    0.0	 1500.0	    0.0	  200.0	  100.0	    0.0	    0.0	    0.0	    0.0	    3.8	   19.9	  1	   50.0	  750.0	    0.0	    0.0	    3.8	1	  299.8	 21	    0.0	    0.0	
  295	  31.58	    0.0	 1500.0	    0.0	  109.7	 1081.9	    0.0	  200.0	    0.0	 1500.0	    0.0	  200.0	  100.0	    0.0	    0.0	    0.0	    0.0	    3.9	   20.0	  1	   50.0	  750.0	    0.0	    0.0	    3.9	1	  299.8	 21	    0.0	    0.0	
  296	  31.68	    0.0	 1500.0	    0.0	  109.7	 1081.9	    0.0	  200.0	    0.0	 1500.0	    0.0	  200.0	  100.0	    0.0	    0.0	    0.0	    0.0	    3.9	   20.1	  1	   50.0	  750.0	    0.0	    0.0	    3.9	1	  299.8	 21	    0.0	    0.0	
  297	  31.78	    0.0	 1500.0	    0.0	  109.7	 1081.9	    0.0	  200.0	    0.0	 1500.0	    0.0	  200.0	  100.0	    0.0	    0.0	    0.0	    0.0	    4.0	   20.1	  1	   50.0	  750.0	    0.0	    0.0	    4.0	1	  299.8	 21	    0.0	    0.0	
  298	  31.88	    0.0	 1500.0	    0.0	  109.7	 1081.9	    0.0	  200.0	    0.0	 1500.0	    0.0	  200.0	  100.0	    0.0	    0.0	    0.0	    0.0	    4.0	   20.2	  1	   50.0	  750.0	    0.0	    0.0	    4.0	1	  299.8	 21	    0.0	    0.0	
  299	  31.98	    0.0	 1500.0	    0.0	  109.7	 1081.9	    0.0	  200.0	    0.0	 1500.0	    0.0	  200.0	  100.0	    0.0	    0.0	    0.0	    0.0	    4.1	   20.3	  1	   50.0	  750.0	    0.0	    0.0	    4.1	1	  299.8	 21	    0.0	    0.0	
  300	  32.08	    0.0	 1500.0	    0.0	  109.7	 1081.9	    0.0	  200.0	    0.0	 1500.0	    0.0	  200.0	  100.0	    0.0	    0.0	    0.0	    0.0	    4.1	   20.3	  1	   50.0	  750.0	    0.0	    0.0	    4.1	1	  299.8	 21	    0.0	    0.0	
  301	  32.18	    0.0	 1500.0	    0.0	  109.7	 1081.9	    0.0	  200.0	    0.0	 1500.0	    0.0	  200.0	  100.0	    0.0	    0.0	    0.0	    0.0	    4.2	   20.4	  1	   50.0	  750.0	    0.0	    0.0	    4.2	1	  299.8	 21	    0.0	    0.0	
  302	  32.28	    0.0	 1500.0	    0.0	  109.7	 1081.9	    0.0	  200.0	    0.0	 1500.0	    0.0	  200.0	  100.0	    0.0	    0.0	    0.0	    0.0	    4.2	   20.5	  1	   50.0	  750.0	    0.0	    0.0	    4.2	1	  299.8	 21	    0.0	    0.0	
  303	  32.38	    0.0	 1500.0	    0.0	  109.7	 1081.9	    0.0	  200.0	    0.0	 1500.0	    0.0	  200.0	  100.0	    0.0	    0.0	    0.0	    0.0	    4.3	   20.6	  1	   50.0	  750.0	    0.0	    0.0	    4.3	1	  299.8	 21	    0.0	    0.0	
  304	  32.48	    0.0	 1500.0	    0.0	  109.7	 1081.9	    0.0	  200.0	    0.0	 1500.0	    0.0	  200.0	  100.0	    0.0	    0.0	    0.0	    0.0	    4.3	   20.6	  1	   50.0	  750.0	    0.0	    0.0	    4.3	1	  299.8	 21	    0.0	    0.0	
  305	  32.58	    0.0	 1500.0	    0.0	  109.7	 1081.9	    0.0	  200.0	    0.0	 1500.0	    0.0	  200.0	  100.0	    0.0	    0.0	    0.0	    0.0	    4.4	   20.7	  1	   50.0	  750.0	    0.0	    0.0	    4.4	1	  299.8	 21	    0.0	    0.0	
  306	  32.68	    0.0	 1500.0	    0.0	  109.7	 1081.9	    0.0	  200.0	    0.0	 1500.0	    0.0	  200.0	  100.0	    0.0	    0.0	    0.0	    0.0	    4.4	   20.8	  1	   50.0	  750.0	    0.0	    0.0	    4.4	1	  299.8	 21	    0.0	    0.0	
  307	  32.78	    0.0	 1500.0	    0.0	  109.7	 1081.9	    0.0	  200.0	    0.0	 1500.0	    0.0	  200.0	  100.0	    0.0	    0.0	    0.0	    0.0	    4.5	   20.8	  1	   50.0	  750.0	    0.0	    0.0	    4.5	1	  299.8	 21	    0.0	    0.0	
  308	  32.88	    0.0	 1500.0	    0.0	  109.7	 1081.9	    0.0	  200.0	    0.0	 1500.0	    0.0	  200.0	  100.0	    0.0	    0.0	    0.0	    0.0	    4.5	   20.9	  1	   50.0	  750.0	    0.0	    0.0	    4.5	1	  299.8	 21	    0.0	    0.0	
  309	  32.98	    0.0	 1500.0	    0.0	   74.5	 1097.0	    0.0	  200.0	    0.0	 1500.0	    0.0	  200.0	  100.0	    0.0	    0.0	    0.0	    0.0	    4.6	   21.0	  1	   50.0	  750.0	    0.0	    0.0	    4.6	1	  299.9	 21	    0.0	    0.0	
  310	  33.08	    0.0	 1500.0	    0.0	   74.5	 1097.0	    0.0	  200.0	    0.0	 1500.0	    0.0	  200.0	  100.0	    0.0	    0.0	    0.0	    0.0	    4.6	   21.0	  1	   50.0	  750.0	    0.0	    0.0	    4.6	1	  299.9	 21	    0.0	    0.0	
  311	  33.18	    0.0	 1500.0	    0.0	   74.5	 1097.0	    0.0	  200.0	    0.0	 1500.0	    0.0	  200.0	  100.0	    0.0	    0.0	    0.0	    0.0	    4.7	   21.1	  1	   50.0	  750.0	    0.0	    0.0	    4.7	1	  299.9	 21	    0.0	    0.0	
  312	  33.28	    0.0	 1500.0	    0.0	   74.5	 1097.0	    0.0	  200.0	    0.0	 1500.0	    0.0	  200.0	  100.0	    0.0	    0.0	    0.0	    0.0	    4.7	   21.2	  1	   50.0	  750.0	    0.0	    0.0	    4.7	1	  299.9	 21	    0.0	    0.0	
  313	  33.38	    0.0	 1500.0	    0.0	   74.5	 1097.0	    0.0	  200.0	    0.0	 1500.0	    0.0	  200.0	  100.0	    0.0	    0.0	    0.0	    0.0	    4.7	   21.2	  1	   50.0	  750.0	    0.0	    0.0	    4.7	1	  299.9	 21	    0.0	    0.0	
  314	  33.48	    0.0	 1500.0	    0.0	   74.5	 1097.0	    0.0	  200.0	    0.0	 1500.0	    0.0	  200.0	  100.0	    0.0	    0.0	    0.0	    0.0	    4.8	   21.3	  1	   50.0	  750.0	    0.0	    0.0	    4.8	1	  299.9	 21	    0.0	    0.0	
  315	  33.58	    0.0	 1500.0	    0.0	   74.5	 1097.0	    0.0	  200.0	    0.0	 1500.0	    0.0	  200.0	  100.0	    0.0	    0.0	    0.0	    0.0	    4.8	   21.4	  1	   50.0	  750.0	    0.0	    0.0	    4.8	1	  299.9	 21	    0.0	    0.0	
