    1	   3.82	    0.0	 1500.0	    0.0	    0.0	 1500.0	    0.0	  200.0	    0.0	 1500.0	    0.0	  200.0	  100.0	   99.7	    0.0	    0.0	    0.0	    0.0	    0.1	  1	 -750.0	 1550.0	   99.7	    0.0	    0.0	1	  521.5	 21	    0.0	    7.7	
    2	   3.92	    0.0	 1500.0	    0.0	    0.0	 1500.0	    0.0	  200.0	    0.0	 1500.0	    0.0	  200.0	  100.0	   99.2	    0.0	    0.0	    0.0	    0.0	    0.1	  1	 -750.0	 1550.0	   99.2	    0.0	    0.0	1	  396.2	 21	 1305.5	   10.5	
    3	   4.02	    0.0	 1500.0	    0.0	    0.0	 1500.0	    0.0	  200.0	    0.0	 1500.0	    0.0	  200.0	  100.0	   98.7	    0.0	    0.0	    0.0	    0.0	    0.2	  1	 -750.0	 1550.0	   98.7	    0.0	    0.0	1	  395.8	 21	 1305.2	   10.5	
    4	   4.12	    0.0	 1500.0	    0.0	    0.0	 1500.0	    0.0	  200.0	    0.0	 1500.0	    0.0	  200.0	  100.0	   98.2	    0.0	    0.0	    0.0	    0.0	    0.3	  1	 -750.0	 1550.0	   98.2	    0.0	    0.0	1	  395.3	 21	 1304.9	   10.5	
    5	   4.22	    0.0	 1500.0	    0.0	    0.0	 1500.0	    0.0	  200.0	    0.0	 1500.0	    0.0	  200.0	  100.0	   97.7	    0.0	    0.0	    0.0	    0.0	    0.3	  1	 -750.0	 1550.0	   97.7	    0.0	    0.0	1	  394.9	 21	 1304.6	   10.5	
    6	   4.32	    0.0	 1500.0	    0.0	    0.0	 1500.0	    0.0	  200.0	    0.0	 1500.0	    0.0	  200.0	  100.0	   97.2	    0.0	    0.0	    0.0	    0.0	    0.4	  1	 -750.0	 1550.0	   97.2	    0.0	    0.0	1	  394.4	 21	 1304.3	   10.4	
    7	   4.42	    0.0	 1500.0	    0.0	    0.0	 1500.0	    0.0	  200.0	    0.0	 1500.0	    0.0	  200.0	  100.0	   96.7	    0.0	    0.0	    0.0	    0.0	    0.5	  1	 -750.0	 1550.0	   96.7	    0.0	    0.0	1	  394.0	 21	 1304.1	   10.4	
    8	   4.52	    0.0	 1500.0	    0.0	    0.0	 1500.0	    0.0	  200.0	    0.0	 1500.0	    0.0	  200.0	  100.0	   96.2	    0.0	    0.0	    0.0	    0.0	    0.5	  1	 -750.0	 1550.0	   96.2	    0.0	    0.0	1	  393.5	 21	 1303.8	   10.4	
    9	   4.62	    0.0	 1500.0	    0.0	    0.0	 1500.0	    0.0	  200.0	    0.0	 1500.0	    0.0	  200.0	  100.0	   95.7	    0.0	    0.0	    0.0	    0.0	    0.6	  1	 -750.0	 1550.0	   95.7	    0.0	    0.0	1	  393.1	 21	 1303.5	   10.3	
   10	   4.72	    0.0	 1500.0	    0.0	    0.0	 1500.0	    0.0	  200.0	    0.0	 1500.0	    0.0	  200.0	  100.0	   95.2	    0.0	    0.0	    0.0	    0.0	    0.7	  1	 -750.0	 1550.0	   95.2	    0.0	    0.0	1	  392.6	 21	 1303.2	   10.3	
   11	   4.82	    0.0	 1500.0	    0.0	    0.0	 1500.0	    0.0	  200.0	    0.0	 1500.0	    0.0	  200.0	  100.0	   94.7	    0.0	    0.0	    0.0	    0.0	    0.7	  1	 -750.0	 1550.0	   94.7	    0.0	    0.0	1	  392.2	 21	 1302.9	   10.3	
   12	   4.92	    0.0	 1500.0	    0.0	    0.0	 1500.0	    0.0	  200.0	    0.0	 1500.0	    0.0	  200.0	  100.0	   94.2	    0.0	    0.0	    0.0	    0.0	    0.8	  1	 -750.0	 1550.0	   94.2	    0.0	    0.0	1	  391.7	 21	 1302.6	   10.3	
   13	   5.03	    0.0	 1500.0	    0.0	    0.0	 1500.0	    0.0	  200.0	    0.0	 1500.0	    0.0	  200.0	  100.0	   93.7	    0.0	    0.0	    0.0	    0.0	    0.9	  1	 -750.0	 1550.0	   93.7	    0.0	    0.0	1	  391.2	 21	 1302.4	   10.2	
   14	   5.12	    0.0	 1500.0	    0.0	    0.0	 1500.0	    0.0	  200.0	    0.0	 1500.0	    0.0	  200.0	  100.0	   93.2	    0.0	    0.0	    0.0	    0.0	    0.9	  1	 -750.0	 1550.0	   93.2	    0.0	    0.0	1	  390.8	 21	 1302.1	   10.2	
   15	   5.22	    0.0	 1500.0	    0.0	    0.0	 1500.0	    0.0	  200.0	    0.0	 1500.0	    0.0	  200.0	  100.0	   92.7	    0.0	    0.0	    0.0	    0.0	    1.0	  1	 -750.0	 1550.0	   92.7	    0.0	    0.0	1	  390.3	 21	 1301.8	   10.2	
   16	   5.32	    0.0	 1500.0	    0.0	    0.0	 1500.0	    0.0	  200.0	    0.0	 1500.0	    0.0	  200.0	  100.0	   92.2	    0.0	    0.0	    0.0	    0.0	    1.1	  1	 -750.0	 1550.0	   92.2	    0.0	    0.0	1	  389.9	 21	 1301.5	   10.2	
   17	   5.42	    0.0	 1500.0	    0.0	    0.0	 1500.0	    0.0	  200.0	    0.0	 1500.0	    0.0	  200.0	  100.0	   91.7	    0.0	    0.0	    0.0	    0.0	    1.2	  1	 -750.0	 1550.0	   91.7	    0.0	    0.0	1	  389.4	 21	 1301.2	   10.1	
   18	   5.52	    0.0	 1500.0	    0.0	    0.0	 1500.0	    0.0	  200.0	    0.0	 1500.0	    0.0	  200.0	  100.0	   91.2	    0.0	    0.0	    0.0	    0.0	    1.2	  1	 -750.0	 1550.0	   91.2	    0.0	    0.0	1	  389.0	 21	 1301.0	   10.1	
   19	   5.62	    0.0	 1500.0	    0.0	    0.0	 1500.0	    0.0	  200.0	    0.0	 1500.0	    0.0	  200.0	  100.0	   90.7	    0.0	    0.0	    0.0	    0.0	    1.3	  1	 -750.0	 1550.0	   90.7	    0.0	    0.0	1	  388.5	 21	 1300.7	   10.1	
   20	   5.72	    0.0	 1500.0	    0.0	    0.0	 1500.0	    0.0	  200.0	    0.0	 1500.0	    0.0	  200.0	  100.0	   90.2	    0.0	    0.0	    0.0	    0.0	    1.4	  1	 -750.0	 1550.0	   90.2	    0.0	    0.0	1	  388.0	 21	 1300.4	   10.0	
   21	   5.82	    0.0	 1500.0	    0.0	    0.0	 1500.0	    0.0	  200.0	    0.0	 1500.0	    0.0	  200.0	  100.0	   89.7	    0.0	    0.0	    0.0	    0.0	    1.4	  1	 -750.0	 1550.0	   89.7	    0.0	    0.0	1	  387.6	 21	 1300.1	   10.0	
   22	   5.92	    0.0	 1500.0	    0.0	    0.0	 1500.0	    0.0	  200.0	    0.0	 1500.0	    0.0	  200.0	  100.0	   89.2	    0.0	    0.0	    0.0	    0.0	    1.5	  1	 -750.0	 1550.0	   89.2	    0.0	    0.0	1	  387.1	 21	    0.0	   10.0	
   23	   6.03	    0.0	 1500.0	    0.0	    0.0	 1500.0	    0.0	  200.0	    0.0	 1500.0	    0.0	  200.0	  100.0	   88.7	    0.0	    0.0	    0.0	    0.0	    1.6	  1	 -750.0	 1550.0	   88.7	    0.0	    0.0	1	  386.7	 21	    0.0	   10.0	
   24	   6.12	    0.0	 1500.0	    0.0	    0.0	 1500.0	    0.0	  200.0	    0.0	 1500.0	    0.0	  200.0	  100.0	   88.2	    0.0	    0.0	    0.0	    0.0	    1.6	  1	 -750.0	 1550.0	   88.2	    0.0	    0.0	1	  386.2	 21	    0.0	    9.9	
   25	   6.23	    0.0	 1500.0	    0.0	    0.0	 1500.0	    0.0	  200.0	    0.0	 1500.0	    0.0	  200.0	  100.0	   87.7	    0.0	    0.0	    0.0	    0.0	    1.7	  1	 -750.0	 1550.0	   87.7	    0.0	    0.0	1	  385.7	 21	    0.0	    9.9	
   26	   6.32	    0.0	 1500.0	    0.0	    0.0	 1500.0	    0.0	  200.0	    0.0	 1500.0	    0.0	  200.0	  100.0	   87.2	    0.0	    0.0	    0.0	    0.0	    1.8	  1	 -750.0	 1550.0	   87.2	    0.0	    0.0	1	  385.3	 21	    0.0	    9.9	
   27	   6.42	    0.0	 1500.0	    0.0	    0.0	 1500.0	    0.0	  200.0	    0.0	 1500.0	    0.0	  200.0	  100.0	   86.7	    0.0	    0.0	    0.0	    0.0	    1.8	  1	 -750.0	 1550.0	   86.7	    0.0	    0.0	1	  384.8	 21	    0.0	    9.8	
   28	   6.52	    0.0	 1500.0	    0.0	    0.0	 1500.0	    0.0	  200.0	    0.0	 1500.0	    0.0	  200.0	  100.0	   86.2	    0.0	    0.0	    0.0	    0.0	    1.9	  1	 -750.0	 1550.0	   86.2	    0.0	    0.0	1	  384.4	 21	    0.0	    9.8	
   29	   6.62	    0.0	 1500.0	    0.0	    0.0	 1500.0	    0.0	  200.0	    0.0	 1500.0	    0.0	  200.0	  100.0	   85.7	    0.0	    0.0	    0.0	    0.0	    2.0	  1	 -750.0	 1550.0	   85.7	    0.0	    0.0	1	  383.9	 21	    0.0	    9.8	
   30	   6.72	    0.0	 1500.0	    0.0	    0.0	 1500.0	    0.0	  200.0	    0.0	 1500.0	    0.0	  200.0	  100.0	   85.2	    0.0	    0.0	    0.0	    0.0	    2.0	  1	 -750.0	 1550.0	   85.2	    0.0	    0.0	1	  383.4	 21	    0.0	    9.8	
   31	   6.83	    0.0	 1500.0	    0.0	    0.0	 1500.0	    0.0	  200.0	    0.0	 1500.0	    0.0	  200.0	  100.0	   84.7	    0.0	    0.0	    0.0	    0.0	    2.1	  1	 -750.0	 1550.0	   84.7	    0.0	    0.0	1	  383.0	 21	    0.0	    9.7	
   32	   6.92	    0.0	 1500.0	    0.0	    0.0	 1500.0	    0.0	  200.0	    0.0	 1500.0	    0.0	  200.0	  100.0	   84.2	    0.0	    0.0	    0.0	    0.0	    2.2	  1	 -750.0	 1550.0	   84.2	    0.0	    0.0	1	  382.5	 21	    0.0	    9.7	
   33	   7.03	    0.0	 1500.0	    0.0	    0.0	 1500.0	    0.0	  200.0	    0.0	 1500.0	    0.0	  200.0	  100.0	   83.7	    0.0	    0.0	    0.0	    0.0	    2.2	  1	 -750.0	 1550.0	   83.7	    0.0	    0.0	1	  382.0	 21	    0.0	    9.7	
   34	   7.12	    0.0	 1500.0	    0.0	    0.0	 1500.0	    0.0	  200.0	    0.0	 1500.0	    0.0	  200.0	  100.0	   83.2	    0.0	    0.0	    0.0	    0.0	    2.3	  1	 -750.0	 1550.0	   83.2	    0.0	    0.0	1	  381.6	 21	    0.0	    9.6	
   35	   7.22	    0.0	 1500.0	    0.0	    0.0	 1500.0	    0.0	  200.0	    0.0	 1500.0	    0.0	  200.0	  100.0	   82.7	    0.0	    0.0	    0.0	    0.0	    2.4	  1	 -750.0	 1550.0	   82.7	    0.0	    0.0	1	  381.1	 21	    0.0	    9.6	
   36	   7.33	    0.0	 1500.0	    0.0	    0.0	 1500.0	    0.0	  200.0	    0.0	 1500.0	    0.0	  200.0	  100.0	   82.2	    0.0	    0.0	    0.0	    0.0	    2.4	  1	 -750.0	 1550.0	   82.2	    0.0	    0.0	1	  380.6	 21	    0.0	    9.6	
   37	   7.43	    0.0	 1500.0	    0.0	    0.0	 1500.0	    0.0	  200.0	    0.0	 1500.0	    0.0	  200.0	  100.0	   81.7	    0.0	    0.0	    0.0	    0.0	    2.5	  1	 -750.0	 1550.0	   81.7	    0.0	    0.0	1	  380.2	 21	    0.0	    9.6	
   38	   7.52	    0.0	 1500.0	    0.0	    0.0	 1500.0	    0.0	  200.0	    0.0	 1500.0	    0.0	  200.0	  100.0	   81.2	    0.0	    0.0	    0.0	    0.0	    2.6	  1	 -750.0	 1550.0	   81.2	    0.0	    0.0	1	  379.7	 21	    0.0	    9.5	
   39	   7.62	    0.0	 1500.0	    0.0	    0.0	 1500.0	    0.0	  200.0	    0.0	 1500.0	    0.0	  200.0	  100.0	   80.7	    0.0	    0.0	    0.0	    0.0	    2.6	  1	 -750.0	 1550.0	   80.7	    0.0	    0.0	1	  379.2	 21	    0.0	    9.5	
   40	   7.72	    0.0	 1500.0	    0.0	    0.0	 1500.0	    0.0	  200.0	    0.0	 1500.0	    0.0	  200.0	  100.0	   80.2	    0.0	    0.0	    0.0	    0.0	    2.7	  1	 -750.0	 1550.0	   80.2	    0.0	    0.0	1	  378.8	 21	    0.0	    9.5	
   41	   7.83	    0.0	 1500.0	    0.0	    0.0	 1500.0	    0.0	  200.0	    0.0	 1500.0	    0.0	  200.0	  100.0	   79.7	    0.0	    0.0	    0.0	    0.0	    2.8	  1	 -750.0	 1550.0	   79.7	    0.0	    0.0	1	  378.3	 21	    0.0	    9.4	
   42	   7.92	    0.0	 1500.0	    0.0	    0.0	 1500.0	    0.0	  200.0	    0.0	 1500.0	    0.0	  200.0	  100.0	   79.2	    0.0	    0.0	    0.0	    0.0	    2.8	  1	 -750.0	 1550.0	   79.2	    0.0	    0.0	1	  377.8	 21	    0.0	    9.4	
   43	   8.03	    0.0	 1500.0	    0.0	    0.0	 1500.0	    0.0	  200.0	    0.0	 1500.0	    0.0	  200.0	  100.0	   78.7	    0.0	    0.0	    0.0	    0.0	    2.9	  1	 -750.0	 1550.0	   78.7	    0.0	    0.0	1	  377.4	 21	    0.0	    9.4	
   44	   8.12	    0.0	 1500.0	    0.0	    0.0	 1500.0	    0.0	  200.0	    0.0	 1500.0	    0.0	  200.0	  100.0	   78.2	    0.0	    0.0	    0.0	    0.0	    3.0	  1	 -750.0	 1550.0	   78.2	    0.0	    0.0	1	  376.9	 21	    0.0	    9.4	
   45	   8.22	    0.0	 1500.0	    0.0	    0.0	 1500.0	    0.0	  200.0	    0.0	 1500.0	    0.0	  200.0	  100.0	   77.7	    0.0	    0.0	    0.0	    0.0	    3.1	  1	 -750.0	 1550.0	   77.7	    0.0	    0.0	1	  376.4	 21	    0.0	    9.3	
   46	   8.32	    0.0	 1500.0	    0.0	    0.0	 1500.0	    0.0	  200.0	    0.0	 1500.0	    0.0	  200.0	  100.0	   77.2	    0.0	    0.0	    0.0	    0.0	    3.1	  1	 -750.0	 1550.0	   77.2	    0.0	    0.0	1	  375.9	 21	    0.0	    9.3	
   47	   8.42	    0.0	 1500.0	    0.0	    0.0	 1500.0	    0.0	  200.0	    0.0	 1500.0	    0.0	  200.0	  100.0	   76.7	    0.0	    0.0	    0.0	    0.0	    3.2	  1	 -750.0	 1550.0	   76.7	    0.0	    0.0	1	  375.5	 21	    0.0	    9.3	
   48	   8.52	    0.0	 1500.0	    0.0	    0.0	 1500.0	    0.0	  200.0	    0.0	 1500.0	    0.0	  200.0	  100.0	   76.2	    0.0	    0.0	    0.0	    0.0	    3.3	  1	 -750.0	 1550.0	   76.2	    0.0	    0.0	1	  375.0	 21	    0.0	    9.2	
   49	   8.62	    0.0	 1500.0	    0.0	    0.0	 1500.0	    0.0	  200.0	    0.0	 1500.0	    0.0	  200.0	  100.0	   75.7	    0.0	    0.0	    0.0	    0.0	    3.3	  1	 -750.0	 1550.0	   75.7	    0.0	    0.0	1	  374.5	 21	    0.0	    9.2	
   50	   8.72	    0.0	 1500.0	    0.0	    0.0	 1500.0	    0.0	  200.0	    0.0	 1500.0	    0.0	  200.0	  100.0	   75.2	    0.0	    0.0	    0.0	    0.0	    3.4	  1	 -750.0	 1550.0	   75.2	    0.0	    0.0	1	  374.1	 21	    0.0	    9.2	
   51	   8.82	    0.0	 1500.0	    0.0	    0.0	 1500.0	    0.0	  200.0	    0.0	 1500.0	    0.0	  200.0	  100.0	   74.7	    0.0	    0.0	    0.0	    0.0	    3.5	  1	 -750.0	 1550.0	   74.7	    0.0	    0.0	1	  373.6	 21	    0.0	    9.2	
   52	   8.93	    0.0	 1500.0	    0.0	    0.0	 1500.0	    0.0	  200.0	    0.0	 1500.0	    0.0	  200.0	  100.0	   74.2	    0.0	    0.0	    0.0	    0.0	    3.5	  1	 -750.0	 1550.0	   74.2	    0.0	    0.0	1	  373.1	 21	    0.0	    9.1	
   53	   9.03	    0.0	 1500.0	    0.0	    0.0	 1500.0	    0.0	  200.0	    0.0	 1500.0	    0.0	  200.0	  100.0	   73.7	    0.0	    0.0	    0.0	    0.0	    3.6	  1	 -750.0	 1550.0	   73.7	    0.0	    0.0	1	  372.6	 21	    0.0	    9.1	
   54	   9.12	    0.0	 1500.0	    0.0	    0.0	 1500.0	    0.0	  200.0	    0.0	 1500.0	    0.0	  200.0	  100.0	   73.2	    0.0	    0.0	    0.0	    0.0	    3.7	  1	 -750.0	 1550.0	   73.2	    0.0	    0.0	1	  372.2	 21	    0.0	    9.1	
   55	   9.22	    0.0	 1500.0	    0.0	    0.0	 1500.0	    0.0	  200.0	    0.0	 1500.0	    0.0	  200.0	  100.0	   72.7	    0.0	    0.0	    0.0	    0.0	    3.7	  1	 -750.0	 1550.0	   72.7	    0.0	    0.0	1	  371.7	 21	    0.0	    9.1	
   56	   9.32	    0.0	 1500.0	    0.0	    0.0	 1500.0	    0.0	  200.0	    0.0	 1500.0	    0.0	  200.0	  100.0	   72.2	    0.0	    0.0	    0.0	    0.0	    3.8	  1	 -750.0	 1550.0	   72.2	    0.0	    0.0	1	  371.2	 21	    0.0	    9.0	
   57	   9.43	    0.0	 1500.0	    0.0	    0.0	 1500.0	    0.0	  200.0	    0.0	 1500.0	    0.0	  200.0	  100.0	   71.7	    0.0	    0.0	    0.0	    0.0	    3.9	  1	 -750.0	 1550.0	   71.7	    0.0	    0.0	1	  370.7	 21	    0.0	    9.0	
   58	   9.53	    0.0	 1500.0	    0.0	    0.0	 1500.0	    0.0	  200.0	    0.0	 1500.0	    0.0	  200.0	  100.0	   71.2	    0.0	    0.0	    0.0	    0.0	    3.9	  1	 -750.0	 1550.0	   71.2	    0.0	    0.0	1	  370.3	 21	    0.0	    9.0	
   59	   9.62	    0.0	 1500.0	    0.0	    0.0	 1500.0	    0.0	  200.0	    0.0	 1500.0	    0.0	  200.0	  100.0	   70.7	    0.0	    0.0	    0.0	    0.0	    4.0	  1	 -750.0	 1550.0	   70.7	    0.0	    0.0	1	  369.8	 21	    0.0	    8.9	
   60	   9.72	    0.0	 1500.0	    0.0	    0.0	 1500.0	    0.0	  200.0	    0.0	 1500.0	    0.0	  200.0	  100.0	   70.2	    0.0	    0.0	    0.0	    0.0	    4.1	  1	 -750.0	 1550.0	   70.2	    0.0	    0.0	1	  369.3	 21	    0.0	    8.9	
   61	   9.82	    0.0	 1500.0	    0.0	    0.0	 1500.0	    0.0	  200.0	    0.0	 1500.0	    0.0	  200.0	  100.0	   69.7	    0.0	    0.0	    0.0	    0.0	    4.1	  1	 -750.0	 1550.0	   69.7	    0.0	    0.0	1	  368.8	 21	    0.0	    8.9	
   62	   9.92	    0.0	 1500.0	    0.0	    0.0	 1500.0	    0.0	  200.0	    0.0	 1500.0	    0.0	  200.0	  100.0	   69.2	    0.0	    0.0	    0.0	    0.0	    4.2	  1	 -750.0	 1550.0	   69.2	    0.0	    0.0	1	  368.4	 21	    0.0	    8.9	
   63	  10.03	    0.0	 1500.0	    0.0	    0.0	 1500.0	    0.0	  200.0	    0.0	 1500.0	    0.0	  200.0	  100.0	   68.7	    0.0	    0.0	    0.0	    0.0	    4.3	  1	 -750.0	 1550.0	   68.7	    0.0	    0.0	1	  367.9	 21	    0.0	    8.8	
   64	  10.12	    0.0	 1500.0	    0.0	    0.0	 1500.0	    0.0	  200.0	    0.0	 1500.0	    0.0	  200.0	  100.0	   68.2	    0.0	    0.0	    0.0	    0.0	    4.3	  1	 -750.0	 1550.0	   68.2	    0.0	    0.0	1	  367.4	 21	    0.0	    8.8	
   65	  10.22	    0.0	 1500.0	    0.0	    0.0	 1500.0	    0.0	  200.0	    0.0	 1500.0	    0.0	  200.0	  100.0	   67.7	    0.0	    0.0	    0.0	    0.0	    4.4	  1	 -750.0	 1550.0	   67.7	    0.0	    0.0	1	  366.9	 21	    0.0	    8.8	
   66	  10.32	    0.0	 1500.0	    0.0	    0.0	 1500.0	    0.0	  200.0	    0.0	 1500.0	    0.0	  200.0	  100.0	   67.2	    0.0	    0.0	    0.0	    0.0	    4.5	  1	 -750.0	 1550.0	   67.2	    0.0	    0.0	1	  366.5	 21	    0.0	    8.7	
   67	  10.42	    0.0	 1500.0	    0.0	    0.0	 1500.0	    0.0	  200.0	    0.0	 1500.0	    0.0	  200.0	  100.0	   66.7	    0.0	    0.0	    0.0	    0.0	    4.5	  1	 -750.0	 1550.0	   66.7	    0.0	    0.0	1	  366.0	 21	    0.0	    8.7	
   68	  10.53	    0.0	 1500.0	    0.0	    0.0	 1500.0	    0.0	  200.0	    0.0	 1500.0	    0.0	  200.0	  100.0	   66.2	    0.0	    0.0	    0.0	    0.0	    4.6	  1	 -750.0	 1550.0	   66.2	    0.0	    0.0	1	  365.5	 21	    0.0	    8.7	
   69	  10.62	    0.0	 1500.0	    0.0	    0.0	 1500.0	    0.0	  200.0	    0.0	 1500.0	    0.0	  200.0	  100.0	   65.7	    0.0	    0.0	    0.0	    0.0	    4.7	  1	 -750.0	 1550.0	   65.7	    0.0	    0.0	1	  365.0	 21	    0.0	    8.7	
   70	  10.72	    0.0	 1500.0	    0.0	    0.0	 1500.0	    0.0	  200.0	    0.0	 1500.0	    0.0	  200.0	  100.0	   65.2	    0.0	    0.0	    0.0	    0.0	    4.7	  1	 -750.0	 1550.0	   65.2	    0.0	    0.0	1	  364.5	 21	    0.0	    8.6	
   71	  10.82	    0.0	 1500.0	    0.0	    0.0	 1500.0	    0.0	  200.0	    0.0	 1500.0	    0.0	  200.0	  100.0	   64.7	    0.0	    0.0	    0.0	    0.0	    4.8	  1	 -750.0	 1550.0	   64.7	    0.0	    0.0	1	  364.1	 21	    0.0	    8.6	
   72	  10.92	    0.0	 1500.0	    0.0	    0.0	 1500.0	    0.0	  200.0	    0.0	 1500.0	    0.0	  200.0	  100.0	   64.2	    0.0	    0.0	    0.0	    0.0	    4.9	  1	 -750.0	 1550.0	   64.2	    0.0	    0.0	1	  363.6	 21	    0.0	    8.6	
   73	  11.03	    0.0	 1500.0	    0.0	    0.0	 1500.0	    0.0	  200.0	    0.0	 1500.0	    0.0	  200.0	  100.0	   63.7	    0.0	    0.0	    0.0	    0.0	    5.0	  1	 -750.0	 1550.0	   63.7	    0.0	    0.0	1	  363.1	 21	    0.0	    8.5	
   74	  11.12	    0.0	 1500.0	    0.0	    0.0	 1500.0	    0.0	  200.0	    0.0	 1500.0	    0.0	  200.0	  100.0	   63.2	    0.0	    0.0	    0.0	    0.0	    5.0	  1	 -750.0	 1550.0	   63.2	    0.0	    0.0	1	  362.6	 21	    0.0	    8.5	
   75	  11.22	    0.0	 1500.0	    0.0	    0.0	 1500.0	    0.0	  200.0	    0.0	 1500.0	    0.0	  200.0	  100.0	   62.7	    0.0	    0.0	    0.0	    0.0	    5.1	  1	 -750.0	 1550.0	   62.7	    0.0	    0.0	1	  362.1	 21	    0.0	    8.5	
   76	  11.32	    0.0	 1500.0	    0.0	    0.0	 1500.0	    0.0	  200.0	    0.0	 1500.0	    0.0	  200.0	  100.0	   62.2	    0.0	    0.0	    0.0	    0.0	    5.2	  1	 -750.0	 1550.0	   62.2	    0.0	    0.0	1	  361.7	 21	    0.0	    8.5	
   77	  11.43	    0.0	 1500.0	    0.0	    0.0	 1500.0	    0.0	  200.0	    0.0	 1500.0	    0.0	  200.0	  100.0	   61.7	    0.0	    0.0	    0.0	    0.0	    5.2	  1	 -750.0	 1550.0	   61.7	    0.0	    0.0	1	  361.2	 21	    0.0	    8.4	
   78	  11.52	    0.0	 1500.0	    0.0	    0.0	 1500.0	    0.0	  200.0	    0.0	 1500.0	    0.0	  200.0	  100.0	   61.2	    0.0	    0.0	    0.0	    0.0	    5.3	  1	 -750.0	 1550.0	   61.2	    0.0	    0.0	1	  360.7	 21	    0.0	    8.4	
   79	  11.62	    0.0	 1500.0	    0.0	    0.0	 1500.0	    0.0	  200.0	    0.0	 1500.0	    0.0	  200.0	  100.0	   60.7	    0.0	    0.0	    0.0	    0.0	    5.4	  1	 -750.0	 1550.0	   60.7	    0.0	    0.0	1	  360.2	 21	    0.0	    8.4	
   80	  11.72	    0.0	 1500.0	    0.0	    0.0	 1500.0	    0.0	  200.0	    0.0	 1500.0	    0.0	  200.0	  100.0	   60.2	    0.0	    0.0	    0.0	    0.0	    5.4	  1	 -750.0	 1550.0	   60.2	    0.0	    0.0	1	  359.7	 21	    0.0	    8.3	
   81	  11.83	    0.0	 1500.0	    0.0	    0.0	 1500.0	    0.0	  200.0	    0.0	 1500.0	    0.0	  200.0	  100.0	   59.7	    0.0	    0.0	    0.0	    0.0	    5.5	  1	 -750.0	 1550.0	   59.7	    0.0	    0.0	1	  359.3	 21	    0.0	    8.3	
   82	  11.92	    0.0	 1500.0	    0.0	    0.0	 1500.0	    0.0	  200.0	    0.0	 1500.0	    0.0	  200.0	  100.0	   59.2	    0.0	    0.0	    0.0	    0.0	    5.6	  1	 -750.0	 1550.0	   59.2	    0.0	    0.0	1	  358.8	 21	    0.0	    8.3	
   83	  12.03	    0.0	 1500.0	    0.0	    0.0	 1500.0	    0.0	  200.0	    0.0	 1500.0	    0.0	  200.0	  100.0	   58.7	    0.0	    0.0	    0.0	    0.0	    5.6	  1	 -750.0	 1550.0	   58.7	    0.0	    0.0	1	  358.3	 21	    0.0	    8.3	
   84	  12.12	    0.0	 1500.0	    0.0	    0.0	 1500.0	    0.0	  200.0	    0.0	 1500.0	    0.0	  200.0	  100.0	   58.2	    0.0	    0.0	    0.0	    0.0	    5.7	  1	 -750.0	 1550.0	   58.2	    0.0	    0.0	1	  357.8	 21	    0.0	    8.2	
   85	  12.22	    0.0	 1500.0	    0.0	    0.0	 1500.0	    0.0	  200.0	    0.0	 1500.0	    0.0	  200.0	  100.0	   57.7	    0.0	    0.0	    0.0	    0.0	    5.8	  1	 -750.0	 1550.0	   57.7	    0.0	    0.0	1	  357.3	 21	    0.0	    8.2	
   86	  12.33	    0.0	 1500.0	    0.0	    0.0	 1500.0	    0.0	  200.0	    0.0	 1500.0	    0.0	  200.0	  100.0	   57.2	    0.0	    0.0	    0.0	    0.0	    5.8	  1	 -750.0	 1550.0	   57.2	    0.0	    0.0	1	  356.8	 21	    0.0	    8.2	
   87	  12.42	    0.0	 1500.0	    0.0	    0.0	 1500.0	    0.0	  200.0	    0.0	 1500.0	    0.0	  200.0	  100.0	   56.7	    0.0	    0.0	    0.0	    0.0	    5.9	  1	 -750.0	 1550.0	   56.7	    0.0	    0.0	1	  356.3	 21	    0.0	    8.1	
   88	  12.53	    0.0	 1500.0	    0.0	    0.0	 1500.0	    0.0	  200.0	    0.0	 1500.0	    0.0	  200.0	  100.0	   56.2	    0.0	    0.0	    0.0	    0.0	    6.0	  1	 -750.0	 1550.0	   56.2	    0.0	    0.0	1	  355.9	 21	    0.0	    8.1	
   89	  12.62	    0.0	 1500.0	    0.0	    0.0	 1500.0	    0.0	  200.0	    0.0	 1500.0	    0.0	  200.0	  100.0	   55.7	    0.0	    0.0	    0.0	    0.0	    6.0	  1	 -750.0	 1550.0	   55.7	    0.0	    0.0	1	  355.4	 21	    0.0	    8.1	
   90	  12.72	    0.0	 1500.0	    0.0	    0.0	 1500.0	    0.0	  200.0	    0.0	 1500.0	    0.0	  200.0	  100.0	   55.2	    0.0	    0.0	    0.0	    0.0	    6.1	  1	 -750.0	 1550.0	   55.2	    0.0	    0.0	1	  354.9	 21	    0.0	    8.1	
   91	  12.82	    0.0	 1500.0	    0.0	    0.0	 1500.0	    0.0	  200.0	    0.0	 1500.0	    0.0	  200.0	  100.0	   54.7	    0.0	    0.0	    0.0	    0.0	    6.2	  1	 -750.0	 1550.0	   54.7	    0.0	    0.0	1	  354.4	 21	    0.0	    8.0	
   92	  12.93	    0.0	 1500.0	    0.0	    0.0	 1500.0	    0.0	  200.0	    0.0	 1500.0	    0.0	  200.0	  100.0	   54.2	    0.0	    0.0	    0.0	    0.0	    6.2	  1	 -750.0	 1550.0	   54.2	    0.0	    0.0	1	  353.9	 21	    0.0	    8.0	
   93	  13.02	    0.0	 1500.0	    0.0	    0.0	 1500.0	    0.0	  200.0	    0.0	 1500.0	    0.0	  200.0	  100.0	   53.7	    0.0	    0.0	    0.0	    0.0	    6.3	  1	 -750.0	 1550.0	   53.7	    0.0	    0.0	1	  353.4	 21	    0.0	    8.0	
   94	  13.12	    0.0	 1500.0	    0.0	    0.0	 1500.0	    0.0	  200.0	    0.0	 1500.0	    0.0	  200.0	  100.0	   53.2	    0.0	    0.0	    0.0	    0.0	    6.4	  1	 -750.0	 1550.0	   53.2	    0.0	    0.0	1	  352.9	 21	    0.0	    8.0	
   95	  13.22	    0.0	 1500.0	    0.0	    0.0	 1500.0	    0.0	  200.0	    0.0	 1500.0	    0.0	  200.0	  100.0	   52.7	    0.0	    0.0	    0.0	    0.0	    6.4	  1	 -750.0	 1550.0	   52.7	    0.0	    0.0	1	  352.5	 21	    0.0	    7.9	
   96	  13.33	    0.0	 1500.0	    0.0	    0.0	 1500.0	    0.0	  200.0	    0.0	 1500.0	    0.0	  200.0	  100.0	   52.2	    0.0	    0.0	    0.0	    0.0	    6.5	  1	 -750.0	 1550.0	   52.2	    0.0	    0.0	1	  352.0	 21	    0.0	    7.9	
   97	  13.42	    0.0	 1500.0	    0.0	    0.0	 1500.0	    0.0	  200.0	    0.0	 1500.0	    0.0	  200.0	  100.0	   51.7	    0.0	    0.0	    0.0	    0.0	    6.6	  1	 -750.0	 1550.0	   51.7	    0.0	    0.0	1	  351.5	 21	    0.0	    7.9	
   98	  13.52	    0.0	 1500.0	    0.0	    0.0	 1500.0	    0.0	  200.0	    0.0	 1500.0	    0.0	  200.0	  100.0	   51.2	    0.0	    0.0	    0.0	    0.0	    6.6	  1	 -750.0	 1550.0	   51.2	    0.0	    0.0	1	  351.0	 21	    0.0	    7.8	
   99	  13.62	    0.0	 1500.0	    0.0	    0.0	 1500.0	    0.0	  200.0	    0.0	 1500.0	    0.0	  200.0	  100.0	   50.7	    0.0	    0.0	    0.0	    0.0	    6.7	  1	 -750.0	 1550.0	   50.7	    0.0	    0.0	1	  350.5	 21	    0.0	    7.8	
  100	  13.72	    0.0	 1500.0	    0.0	    0.0	 1500.0	    0.0	  200.0	    0.0	 1500.0	    0.0	  200.0	  100.0	   50.2	    0.0	    0.0	    0.0	    0.0	    6.8	  1	 -750.0	 1550.0	   50.2	    0.0	    0.0	1	  350.0	 21	    0.0	    7.8	
  101	  13.82	    0.0	 1500.0	    0.0	    0.0	 1500.0	    0.0	  200.0	    0.0	 1500.0	    0.0	  200.0	  100.0	   49.7	    0.0	    0.0	    0.0	    0.0	    6.9	  1	 -750.0	 1550.0	   49.7	    0.0	    0.0	1	  349.5	 21	    0.0	    7.8	
  102	  13.93	    0.0	 1500.0	    0.0	    0.0	 1500.0	    0.0	  200.0	    0.0	 1500.0	    0.0	  200.0	  100.0	   49.2	    0.0	    0.0	    0.0	    0.0	    6.9	  1	 -750.0	 1550.0	   49.2	    0.0	    0.0	1	  349.0	 21	    0.0	    7.7	
  103	  14.03	    0.0	 1500.0	    0.0	    0.0	 1500.0	    0.0	  200.0	    0.0	 1500.0	    0.0	  200.0	  100.0	   48.7	    0.0	    0.0	    0.0	    0.0	    7.0	  1	 -750.0	 1550.0	   48.7	    0.0	    0.0	1	  348.5	 21	    0.0	    7.7	
  104	  14.12	    0.0	 1500.0	    0.0	    0.0	 1500.0	    0.0	  200.0	    0.0	 1500.0	    0.0	  200.0	  100.0	   48.2	    0.0	    0.0	    0.0	    0.0	    7.1	  1	 -750.0	 1550.0	   48.2	    0.0	    0.0	1	  348.1	 21	    0.0	    7.7	
  105	  14.22	    0.0	 1500.0	    0.0	    0.0	 1500.0	    0.0	  200.0	    0.0	 1500.0	    0.0	  200.0	  100.0	   47.7	    0.0	    0.0	    0.0	    0.0	    7.1	  1	 -750.0	 1550.0	   47.7	    0.0	    0.0	1	  347.6	 21	    0.0	    7.6	
  106	  14.32	    0.0	 1500.0	    0.0	    0.0	 1500.0	    0.0	  200.0	    0.0	 1500.0	    0.0	  200.0	  100.0	   47.2	    0.0	    0.0	    0.0	    0.0	    7.2	  1	 -750.0	 1550.0	   47.2	    0.0	    0.0	1	  347.1	 21	    0.0	    7.6	
  107	  14.42	    0.0	 1500.0	    0.0	    0.0	 1500.0	    0.0	  200.0	    0.0	 1500.0	    0.0	  200.0	  100.0	   46.7	    0.0	    0.0	    0.0	    0.0	    7.3	  1	 -750.0	 1550.0	   46.7	    0.0	    0.0	1	  346.6	 21	    0.0	    7.6	
  108	  14.53	    0.0	 1500.0	    0.0	    0.0	 1500.0	    0.0	  200.0	    0.0	 1500.0	    0.0	  200.0	  100.0	   46.2	    0.0	    0.0	    0.0	    0.0	    7.3	  1	 -750.0	 1550.0	   46.2	    0.0	    0.0	1	  346.1	 21	    0.0	    7.6	
  109	  14.62	    0.0	 1500.0	    0.0	    0.0	 1500.0	    0.0	  200.0	    0.0	 1500.0	    0.0	  200.0	  100.0	   45.7	    0.0	    0.0	    0.0	    0.0	    7.4	  1	 -750.0	 1550.0	   45.7	    0.0	    0.0	1	  345.6	 21	    0.0	    7.5	
  110	  14.72	    0.0	 1500.0	    0.0	    0.0	 1500.0	    0.0	  200.0	    0.0	 1500.0	    0.0	  200.0	  100.0	   45.2	    0.0	    0.0	    0.0	    0.0	    7.5	  1	 -750.0	 1550.0	   45.2	    0.0	    0.0	1	  345.1	 21	    0.0	    7.5	
  111	  14.82	    0.0	 1500.0	    0.0	    0.0	 1500.0	    0.0	  200.0	    0.0	 1500.0	    0.0	  200.0	  100.0	   44.7	    0.0	    0.0	    0.0	    0.0	    7.5	  1	 -750.0	 1550.0	   44.7	    0.0	    0.0	1	  344.6	 21	    0.0	    7.5	
  112	  14.93	    0.0	 1500.0	    0.0	    0.0	 1500.0	    0.0	  200.0	    0.0	 1500.0	    0.0	  200.0	  100.0	   44.2	    0.0	    0.0	    0.0	    0.0	    7.6	  1	 -750.0	 1550.0	   44.2	    0.0	    0.0	1	  344.1	 21	    0.0	    7.4	
  113	  15.02	    0.0	 1500.0	    0.0	    0.0	 1500.0	    0.0	  200.0	    0.0	 1500.0	    0.0	  200.0	  100.0	   43.7	    0.0	    0.0	    0.0	    0.0	    7.7	  1	 -750.0	 1550.0	   43.7	    0.0	    0.0	1	  343.6	 21	    0.0	    7.4	
  114	  15.12	    0.0	 1500.0	    0.0	    0.0	 1500.0	    0.0	  200.0	    0.0	 1500.0	    0.0	  200.0	  100.0	   43.2	    0.0	    0.0	    0.0	    0.0	    7.7	  1	 -750.0	 1550.0	   43.2	    0.0	    0.0	1	  343.1	 21	    0.0	    7.4	
  115	  15.22	    0.0	 1500.0	    0.0	    0.0	 1500.0	    0.0	  200.0	    0.0	 1500.0	    0.0	  200.0	  100.0	   42.7	    0.0	    0.0	    0.0	    0.0	    7.8	  1	 -750.0	 1550.0	   42.7	    0.0	    0.0	1	  342.7	 21	    0.0	    7.4	
  116	  15.32	    0.0	 1500.0	    0.0	    0.0	 1500.0	    0.0	  200.0	    0.0	 1500.0	    0.0	  200.0	  100.0	   42.2	    0.0	    0.0	    0.0	    0.0	    7.9	  1	 -750.0	 1550.0	   42.2	    0.0	    0.0	1	  342.2	 21	    0.0	    7.3	
  117	  15.42	    0.0	 1500.0	    0.0	    0.0	 1500.0	    0.0	  200.0	    0.0	 1500.0	    0.0	  200.0	  100.0	   41.7	    0.0	    0.0	    0.0	    0.0	    7.9	  1	 -750.0	 1550.0	   41.7	    0.0	    0.0	1	  341.7	 21	    0.0	    7.3	
  118	  15.53	    0.0	 1500.0	    0.0	    0.0	 1500.0	    0.0	  200.0	    0.0	 1500.0	    0.0	  200.0	  100.0	   41.2	    0.0	    0.0	    0.0	    0.0	    8.0	  1	 -750.0	 1550.0	   41.2	    0.0	    0.0	1	  341.2	 21	    0.0	    7.3	
  119	  15.62	    0.0	 1500.0	    0.0	    0.0	 1500.0	    0.0	  200.0	    0.0	 1500.0	    0.0	  200.0	  100.0	   40.7	    0.0	    0.0	    0.0	    0.0	    8.1	  1	 -750.0	 1550.0	   40.7	    0.0	    0.0	1	  340.7	 21	    0.0	    7.2	
  120	  15.72	    0.0	 1500.0	    0.0	    0.0	 1500.0	    0.0	  200.0	    0.0	 1500.0	    0.0	  200.0	  100.0	   40.2	    0.0	    0.0	    0.0	    0.0	    8.1	  1	 -750.0	 1550.0	   40.2	    0.0	    0.0	1	  340.2	 21	    0.0	    7.2	
  121	  15.82	    0.0	 1500.0	    0.0	    0.0	 1500.0	    0.0	  200.0	    0.0	 1500.0	    0.0	  200.0	  100.0	   39.7	    0.0	    0.0	    0.0	    0.0	    8.2	  1	 -750.0	 1550.0	   39.7	    0.0	    0.0	1	  339.7	 21	    0.0	    7.2	
  122	  15.93	    0.0	 1500.0	    0.0	    0.0	 1500.0	    0.0	  200.0	    0.0	 1500.0	    0.0	  200.0	  100.0	   39.2	    0.0	    0.0	    0.0	    0.0	    8.3	  1	 -750.0	 1550.0	   39.2	    0.0	    0.0	1	  339.2	 21	    0.0	    7.2	
  123	  16.02	    0.0	 1500.0	    0.0	    0.0	 1500.0	    0.0	  200.0	    0.0	 1500.0	    0.0	  200.0	  100.0	   38.7	    0.0	    0.0	    0.0	    0.0	    8.3	  1	 -750.0	 1550.0	   38.7	    0.0	    0.0	1	  338.7	 21	    0.0	    7.1	
  124	  16.13	    0.0	 1500.0	    0.0	    0.0	 1500.0	    0.0	  200.0	    0.0	 1500.0	    0.0	  200.0	  100.0	   38.2	    0.0	    0.0	    0.0	    0.0	    8.4	  1	 -750.0	 1550.0	   38.2	    0.0	    0.0	1	  338.2	 21	    0.0	    7.1	
  125	  16.23	    0.0	 1500.0	    0.0	    0.0	 1500.0	    0.0	  200.0	    0.0	 1500.0	    0.0	  200.0	  100.0	   37.7	    0.0	    0.0	    0.0	    0.0	    8.5	  1	 -750.0	 1550.0	   37.7	    0.0	    0.0	1	  337.7	 21	    0.0	    7.1	
  126	  16.32	    0.0	 1500.0	    0.0	    0.0	 1500.0	    0.0	  200.0	    0.0	 1500.0	    0.0	  200.0	  100.0	   37.2	    0.0	    0.0	    0.0	    0.0	    8.5	  1	 -750.0	 1550.0	   37.2	    0.0	    0.0	1	  337.2	 21	    0.0	    7.0	
  127	  16.42	    0.0	 1500.0	    0.0	    0.0	 1500.0	    0.0	  200.0	    0.0	 1500.0	    0.0	  200.0	  100.0	   36.7	    0.0	    0.0	    0.0	    0.0	    8.6	  1	 -750.0	 1550.0	   36.7	    0.0	    0.0	1	  336.7	 21	    0.0	    7.0	
  128	  16.52	    0.0	 1500.0	    0.0	    0.0	 1500.0	    0.0	  200.0	    0.0	 1500.0	    0.0	  200.0	  100.0	   36.2	    0.0	    0.0	    0.0	    0.0	    8.7	  1	 -750.0	 1550.0	   36.2	    0.0	    0.0	1	  336.2	 21	    0.0	    7.0	
  129	  16.62	    0.0	 1500.0	    0.0	    0.0	 1500.0	    0.0	  200.0	    0.0	 1500.0	    0.0	  200.0	  100.0	   35.7	    0.0	    0.0	    0.0	    0.0	    8.8	  1	 -750.0	 1550.0	   35.7	    0.0	    0.0	1	  335.7	 21	    0.0	    7.0	
  130	  16.73	    0.0	 1500.0	    0.0	    0.0	 1500.0	    0.0	  200.0	    0.0	 1500.0	    0.0	  200.0	  100.0	   35.2	    0.0	    0.0	    0.0	    0.0	    8.8	  1	 -750.0	 1550.0	   35.2	    0.0	    0.0	1	  335.2	 21	    0.0	    6.9	
  131	  16.82	    0.0	 1500.0	    0.0	    0.0	 1500.0	    0.0	  200.0	    0.0	 1500.0	    0.0	  200.0	  100.0	   34.7	    0.0	    0.0	    0.0	    0.0	    8.9	  1	 -750.0	 1550.0	   34.7	    0.0	    0.0	1	  334.7	 21	    0.0	    6.9	
  132	  16.92	    0.0	 1500.0	    0.0	    0.0	 1500.0	    0.0	  200.0	    0.0	 1500.0	    0.0	  200.0	  100.0	   34.2	    0.0	    0.0	    0.0	    0.0	    9.0	  1	 -750.0	 1550.0	   34.2	    0.0	    0.0	1	  334.2	 21	    0.0	    6.9	
  133	  17.02	    0.0	 1500.0	    0.0	  695.5	 1262.8	    0.0	  200.0	    0.0	 1500.0	    0.0	  200.0	  100.0	   34.0	    0.0	    0.0	    0.0	    0.1	    9.0	  1	  750.0	 1250.0	   34.0	    0.0	    0.1	1	  388.4	 21	 1312.2	  -87.8	
  134	  17.12	    0.0	 1500.0	    0.0	  695.5	 1262.8	    0.0	  200.0	    0.0	 1500.0	    0.0	  200.0	  100.0	   33.5	    0.0	    0.0	    0.0	    0.3	    9.1	  1	  750.0	  750.0	   33.5	    0.0	    0.3	1	  309.6	 21	 1309.4	   10.9	
  135	  17.23	    0.0	 1500.0	    0.0	  695.5	 1262.8	    0.0	  200.0	    0.0	 1500.0	    0.0	  200.0	  100.0	   33.1	    0.0	    0.0	    0.0	    0.4	    9.2	  1	  750.0	  750.0	   33.1	    0.0	    0.4	1	  309.8	 21	 1309.2	   10.9	
  136	  17.32	    0.0	 1500.0	    0.0	  695.5	 1262.8	    0.0	  200.0	    0.0	 1500.0	    0.0	  200.0	  100.0	   32.7	    0.0	    0.0	    0.0	    0.6	    9.2	  1	  750.0	  750.0	   32.7	    0.0	    0.6	1	  310.0	 21	 1309.0	   10.9	
  137	  17.42	    0.0	 1500.0	    0.0	  692.9	 1259.6	    0.0	  200.0	    0.0	 1500.0	    0.0	  200.0	  100.0	   32.2	    0.0	    0.0	    0.0	    0.7	    9.3	  1	  750.0	  750.0	   32.2	    0.0	    0.7	1	  310.2	 21	 1308.9	   10.9	
  138	  17.52	    0.0	 1500.0	    0.0	  695.5	 1262.8	    0.0	  200.0	    0.0	 1500.0	    0.0	  200.0	  100.0	   31.8	    0.0	    0.0	    0.0	    0.8	    9.4	  1	  750.0	  750.0	   31.8	    0.0	    0.8	1	  310.4	 21	 1308.8	   10.9	
  139	  17.62	    0.0	 1500.0	    0.0	  692.9	 1259.6	    0.0	  200.0	    0.0	 1500.0	    0.0	  200.0	  100.0	   31.4	    0.0	    0.0	    0.0	    1.0	    9.4	  1	  750.0	  750.0	   31.4	    0.0	    1.0	1	  310.6	 21	 1308.7	   10.9	
  140	  17.73	    0.0	 1500.0	    0.0	  693.8	 1259.2	    0.0	  200.0	    0.0	 1500.0	    0.0	  200.0	  100.0	   30.9	    0.0	    0.0	    0.0	    1.1	    9.5	  1	  750.0	  750.0	   30.9	    0.0	    1.1	1	  310.9	 21	 1308.6	   10.9	
  141	  17.82	    0.0	 1500.0	    0.0	  693.8	 1259.2	    0.0	  200.0	    0.0	 1500.0	    0.0	  200.0	  100.0	   30.5	    0.0	    0.0	    0.0	    1.3	    9.6	  1	  750.0	  750.0	   30.5	    0.0	    1.3	1	  311.1	 21	 1308.5	   10.8	
  142	  17.93	    0.0	 1500.0	    0.0	  693.8	 1259.2	    0.0	  200.0	    0.0	 1500.0	    0.0	  200.0	  100.0	   30.1	    0.0	    0.0	    0.0	    1.4	    9.6	  1	  750.0	  750.0	   30.1	    0.0	    1.4	1	  311.3	 21	 1308.4	   10.8	
  143	  18.02	    0.0	 1500.0	    0.0	  693.8	 1259.2	    0.0	  200.0	    0.0	 1500.0	    0.0	  200.0	  100.0	   29.6	    0.0	    0.0	    0.0	    1.5	    9.7	  1	  750.0	  750.0	   29.6	    0.0	    1.5	1	  311.5	 21	 1308.4	   10.8	
  144	  18.12	    0.0	 1500.0	    0.0	  693.8	 1259.2	    0.0	  200.0	    0.0	 1500.0	    0.0	  200.0	  100.0	   29.2	    0.0	    0.0	    0.0	    1.7	    9.8	  1	  750.0	  750.0	   29.2	    0.0	    1.7	1	  311.7	 21	 1308.4	   10.8	
  145	  18.23	    0.0	 1500.0	    0.0	  693.8	 1259.2	    0.0	  200.0	    0.0	 1500.0	    0.0	  200.0	  100.0	   28.8	    0.0	    0.0	    0.0	    1.8	    9.8	  1	  750.0	  750.0	   28.8	    0.0	    1.8	1	  311.9	 21	 1308.4	   10.8	
  146	  18.32	    0.0	 1500.0	    0.0	  693.8	 1259.2	    0.0	  200.0	    0.0	 1500.0	    0.0	  200.0	  100.0	   28.3	    0.0	    0.0	    0.0	    2.0	    9.9	  1	  750.0	  750.0	   28.3	    0.0	    2.0	1	  312.1	 21	 1308.4	   10.8	
  147	  18.43	    0.0	 1500.0	    0.0	  693.8	 1259.2	    0.0	  200.0	    0.0	 1500.0	    0.0	  200.0	  100.0	   27.9	    0.0	    0.0	    0.0	    2.1	   10.0	  1	  750.0	  750.0	   27.9	    0.0	    2.1	1	  312.2	 21	 1308.5	   10.8	
  148	  18.52	    0.0	 1500.0	    0.0	  693.8	 1259.2	    0.0	  200.0	    0.0	 1500.0	    0.0	  200.0	  100.0	   27.5	    0.0	    0.0	    0.0	    2.3	   10.0	  1	  750.0	  750.0	   27.5	    0.0	    2.3	1	  312.4	 21	 1308.6	   10.9	
  149	  18.62	    0.0	 1500.0	    0.0	  693.8	 1259.2	    0.0	  200.0	    0.0	 1500.0	    0.0	  200.0	  100.0	   27.0	    0.0	    0.0	    0.0	    2.4	   10.1	  1	  750.0	  750.0	   27.0	    0.0	    2.4	1	  312.6	 21	 1308.7	   10.9	
  150	  18.73	    0.0	 1500.0	    0.0	  693.8	 1259.2	    0.0	  200.0	    0.0	 1500.0	    0.0	  200.0	  100.0	   26.6	    0.0	    0.0	    0.0	    2.5	   10.2	  1	  750.0	  750.0	   26.6	    0.0	    2.5	1	  312.8	 21	 1308.8	   10.9	
  151	  18.82	    0.0	 1500.0	    0.0	  693.8	 1259.2	    0.0	  200.0	    0.0	 1500.0	    0.0	  200.0	  100.0	   26.2	    0.0	    0.0	    0.0	    2.7	   10.2	  1	  750.0	  750.0	   26.2	    0.0	    2.7	1	  313.0	 21	 1308.9	   10.9	
  152	  18.93	    0.0	 1500.0	    0.0	  693.8	 1259.2	    0.0	  200.0	    0.0	 1500.0	    0.0	  200.0	  100.0	   25.7	    0.0	    0.0	    0.0	    2.8	   10.3	  1	  750.0	  750.0	   25.7	    0.0	    2.8	1	  313.2	 21	 1309.1	   10.9	
  153	  19.02	    0.0	 1500.0	    0.0	  693.8	 1259.2	    0.0	  200.0	    0.0	 1500.0	    0.0	  200.0	  100.0	   25.3	    0.0	    0.0	    0.0	    3.0	   10.4	  1	  750.0	  750.0	   25.3	    0.0	    3.0	1	  313.4	 21	 1309.3	   10.9	
  154	  19.12	    0.0	 1500.0	    0.0	  691.2	 1258.2	    0.0	  200.0	    0.0	 1500.0	    0.0	  200.0	  100.0	   24.9	    0.0	    0.0	    0.0	    3.1	   10.4	  1	  750.0	  750.0	   24.9	    0.0	    3.1	1	  313.5	 21	 1309.6	   11.0	
  155	  19.23	    0.0	 1500.0	    0.0	  693.8	 1259.2	    0.0	  200.0	    0.0	 1500.0	    0.0	  200.0	  100.0	   24.4	    0.0	    0.0	    0.0	    3.2	   10.5	  1	  750.0	  750.0	   24.4	    0.0	    3.2	1	  313.8	 21	 1309.8	   11.0	
  156	  19.32	    0.0	 1500.0	    0.0	  691.2	 1258.2	    0.0	  200.0	    0.0	 1500.0	    0.0	  200.0	  100.0	   24.0	    0.0	    0.0	    0.0	    3.4	   10.6	  1	  750.0	  750.0	   24.0	    0.0	    3.4	1	  313.9	 21	 1310.1	   11.0	
  157	  19.42	    0.0	 1500.0	    0.0	  691.2	 1258.2	    0.0	  200.0	    0.0	 1500.0	    0.0	  200.0	  100.0	   23.5	    0.0	    0.0	    0.0	    3.5	   10.6	  1	  750.0	  750.0	   23.5	    0.0	    3.5	1	  314.1	 21	 1310.4	   11.0	
  158	  19.52	    0.0	 1500.0	    0.0	  691.2	 1258.2	    0.0	  200.0	    0.0	 1500.0	    0.0	  200.0	  100.0	   23.1	    0.0	    0.0	    0.0	    3.7	   10.7	  1	  750.0	  750.0	   23.1	    0.0	    3.7	1	  314.2	 21	 1310.8	   11.1	
  159	  19.62	    0.0	 1500.0	    0.0	  691.2	 1258.2	    0.0	  200.0	    0.0	 1500.0	    0.0	  200.0	  100.0	   22.7	    0.0	    0.0	    0.0	    3.8	   10.8	  1	  750.0	  750.0	   22.7	    0.0	    3.8	1	  314.4	 21	 1311.1	   11.1	
  160	  19.72	    0.0	 1500.0	    0.0	  691.2	 1258.2	    0.0	  200.0	    0.0	 1500.0	    0.0	  200.0	  100.0	   22.2	    0.0	    0.0	    0.0	    3.9	   10.9	  1	  750.0	  750.0	   22.2	    0.0	    3.9	1	  314.6	 21	 1311.5	   11.2	
  161	  19.82	    0.0	 1500.0	    0.0	  691.2	 1258.2	    0.0	  200.0	    0.0	 1500.0	    0.0	  200.0	  100.0	   21.8	    0.0	    0.0	    0.0	    4.1	   10.9	  1	  750.0	  750.0	   21.8	    0.0	    4.1	1	  314.8	 21	 1312.0	   11.2	
  162	  19.92	    0.0	 1500.0	    0.0	  691.2	 1258.2	    0.0	  200.0	    0.0	 1500.0	    0.0	  200.0	  100.0	   21.4	    0.0	    0.0	    0.0	    4.2	   11.0	  1	  750.0	  750.0	   21.4	    0.0	    4.2	1	  315.0	 21	 1312.5	   11.2	
  163	  20.02	    0.0	 1500.0	    0.0	  691.2	 1258.2	    0.0	  200.0	    0.0	 1500.0	    0.0	  200.0	  100.0	   20.9	    0.0	    0.0	    0.0	    4.4	   11.1	  1	  750.0	  750.0	   20.9	    0.0	    4.4	1	  315.2	 21	 1313.0	   11.3	
  164	  20.13	    0.0	 1500.0	    0.0	  691.2	 1258.2	    0.0	  200.0	    0.0	 1500.0	    0.0	  200.0	  100.0	   20.5	    0.0	    0.0	    0.0	    4.5	   11.1	  1	  750.0	  750.0	   20.5	    0.0	    4.5	1	  315.4	 21	 1313.5	   11.4	
  165	  20.23	    0.0	 1500.0	    0.0	  691.2	 1258.2	    0.0	  200.0	    0.0	 1500.0	    0.0	  200.0	  100.0	   20.1	    0.0	    0.0	    0.0	    4.6	   11.2	  1	  750.0	  750.0	   20.1	    0.0	    4.6	1	  315.6	 21	 1314.1	   11.4	
  166	  20.32	    0.0	 1500.0	    0.0	  691.2	 1258.2	    0.0	  200.0	    0.0	 1500.0	    0.0	  200.0	  100.0	   19.6	    0.0	    0.0	    0.0	    4.8	   11.3	  1	  750.0	  750.0	   19.6	    0.0	    4.8	1	  315.8	 21	 1314.7	   11.5	
  167	  20.42	    0.0	 1500.0	    0.0	  691.2	 1258.2	    0.0	  200.0	    0.0	 1500.0	    0.0	  200.0	  100.0	   19.2	    0.0	    0.0	    0.0	    4.9	   11.3	  1	  750.0	  750.0	   19.2	    0.0	    4.9	1	  316.0	 21	 1315.4	   11.5	
  168	  20.52	    0.0	 1500.0	    0.0	  691.2	 1258.2	    0.0	  200.0	    0.0	 1500.0	    0.0	  200.0	  100.0	   18.8	    0.0	    0.0	    0.0	    5.1	   11.4	  1	  750.0	  750.0	   18.8	    0.0	    5.1	1	  316.2	 21	 1316.1	   11.6	
  169	  20.62	    0.0	 1500.0	    0.0	  691.2	 1258.2	    0.0	  200.0	    0.0	 1500.0	    0.0	  200.0	  100.0	   18.3	    0.0	    0.0	    0.0	    5.2	   11.5	  1	  750.0	  750.0	   18.3	    0.0	    5.2	1	  316.4	 21	 1316.9	   11.7	
  170	  20.73	    0.0	 1500.0	    0.0	  691.2	 1258.2	    0.0	  200.0	    0.0	 1500.0	    0.0	  200.0	  100.0	   17.9	    0.0	    0.0	    0.0	    5.3	   11.5	  1	  750.0	  750.0	   17.9	    0.0	    5.3	1	  316.5	 21	 1317.7	   11.8	
  171	  20.82	    0.0	 1500.0	    0.0	  691.2	 1258.2	    0.0	  200.0	    0.0	 1500.0	    0.0	  200.0	  100.0	   17.5	    0.0	    0.0	    0.0	    5.5	   11.6	  1	  750.0	  750.0	   17.5	    0.0	    5.5	1	  316.7	 21	 1318.5	   11.9	
  172	  20.93	    0.0	 1500.0	    0.0	  688.3	 1256.4	    0.0	  200.0	    0.0	 1500.0	    0.0	  200.0	  100.0	   17.0	    0.0	    0.0	    0.0	    5.6	   11.7	  1	  750.0	  750.0	   17.0	    0.0	    5.6	1	  316.9	 21	 1319.5	   11.9	
  173	  21.02	    0.0	 1500.0	    0.0	  691.2	 1258.2	    0.0	  200.0	    0.0	 1500.0	    0.0	  200.0	  100.0	   16.6	    0.0	    0.0	    0.0	    5.8	   11.7	  1	  750.0	  750.0	   16.6	    0.0	    5.8	1	  317.1	 21	 1320.4	   12.0	
  174	  21.12	    0.0	 1500.0	    0.0	  688.3	 1256.4	    0.0	  200.0	    0.0	 1500.0	    0.0	  200.0	  100.0	   16.1	    0.0	    0.0	    0.0	    5.9	   11.8	  1	  750.0	  750.0	   16.1	    0.0	    5.9	1	  317.2	 21	 1321.4	   12.1	
  175	  21.22	    0.0	 1500.0	    0.0	  652.5	 1258.5	    0.0	  200.0	    0.0	 1500.0	    0.0	  200.0	  100.0	   15.7	    0.0	    0.0	    0.0	    6.0	   11.9	  1	  750.0	 1750.0	   15.7	    0.0	    6.0	1	  315.6	 21	 1322.7	   12.3	
  176	  21.32	    0.0	 1500.0	    0.0	  688.3	 1256.4	    0.0	  200.0	    0.0	 1500.0	    0.0	  200.0	  100.0	   15.3	    0.0	    0.0	    0.0	    6.2	   11.9	  1	  750.0	  750.0	   15.3	    0.0	    6.2	1	  317.6	 21	 1323.6	   12.4	
  177	  21.42	    0.0	 1500.0	    0.0	  689.1	 1256.0	    0.0	  200.0	    0.0	 1500.0	    0.0	  200.0	  100.0	   14.8	    0.0	    0.0	    0.0	    6.3	   12.0	  1	  750.0	  750.0	   14.8	    0.0	    6.3	1	  317.9	 21	 1324.7	   12.5	
  178	  21.52	    0.0	 1500.0	    0.0	  688.3	 1256.4	    0.0	  200.0	    0.0	 1500.0	    0.0	  200.0	  100.0	   14.4	    0.0	    0.0	    0.0	    6.4	   12.1	  1	  750.0	  750.0	   14.4	    0.0	    6.4	1	  318.0	 21	 1326.0	   12.6	
  179	  21.62	    0.0	 1500.0	    0.0	  688.3	 1256.4	    0.0	  200.0	    0.0	 1500.0	    0.0	  200.0	  100.0	   14.0	    0.0	    0.0	    0.0	    6.6	   12.1	  1	  750.0	  750.0	   14.0	    0.0	    6.6	1	  318.2	 21	 1327.3	   12.7	
  180	  21.73	    0.0	 1500.0	    0.0	  689.1	 1256.0	    0.0	  200.0	    0.0	 1500.0	    0.0	  200.0	  100.0	   13.5	    0.0	    0.0	    0.0	    6.7	   12.2	  1	  750.0	  750.0	   13.5	    0.0	    6.7	1	  318.4	 21	 1328.7	   12.9	
  181	  21.82	    0.0	 1500.0	    0.0	  689.1	 1256.0	    0.0	  200.0	    0.0	 1500.0	    0.0	  200.0	  100.0	   13.1	    0.0	    0.0	    0.0	    6.9	   12.3	  1	  750.0	  750.0	   13.1	    0.0	    6.9	1	  318.6	 21	 1330.1	   13.0	
  182	  21.93	    0.0	 1500.0	    0.0	  689.1	 1256.0	    0.0	  200.0	    0.0	 1500.0	    0.0	  200.0	  100.0	   12.7	    0.0	    0.0	    0.0	    7.0	   12.3	  1	  750.0	  750.0	   12.7	    0.0	    7.0	1	  318.8	 21	 1331.6	   13.2	
  183	  22.02	    0.0	 1500.0	    0.0	  689.1	 1256.0	    0.0	  200.0	    0.0	 1500.0	    0.0	  200.0	  100.0	   12.2	    0.0	    0.0	    0.0	    7.1	   12.4	  1	  750.0	  750.0	   12.2	    0.0	    7.1	1	  319.0	 21	 1333.3	   13.3	
  184	  22.12	    0.0	 1500.0	    0.0	  688.7	 1257.3	    0.0	  200.0	    0.0	 1500.0	    0.0	  200.0	  100.0	   11.8	    0.0	    0.0	    0.0	    7.3	   12.5	  1	  750.0	  750.0	   11.8	    0.0	    7.3	1	  319.1	 21	 1334.9	   13.5	
  185	  22.22	    0.0	 1500.0	    0.0	  689.1	 1256.0	    0.0	  200.0	    0.0	 1500.0	    0.0	  200.0	  100.0	   11.4	    0.0	    0.0	    0.0	    7.4	   12.5	  1	  750.0	  750.0	   11.4	    0.0	    7.4	1	  319.4	 21	 1336.7	   13.7	
  186	  22.32	    0.0	 1500.0	    0.0	  688.7	 1257.3	    0.0	  200.0	    0.0	 1500.0	    0.0	  200.0	  100.0	   10.9	    0.0	    0.0	    0.0	    7.6	   12.6	  1	  750.0	  750.0	   10.9	    0.0	    7.6	1	  319.5	 21	 1338.6	   13.9	
  187	  22.42	    0.0	 1500.0	    0.0	  688.7	 1257.3	    0.0	  200.0	    0.0	 1500.0	    0.0	  200.0	  100.0	   10.5	    0.0	    0.0	    0.0	    7.7	   12.7	  1	  750.0	  750.0	   10.5	    0.0	    7.7	1	  319.7	 21	 1340.5	   14.1	
  188	  22.53	    0.0	 1500.0	    0.0	  688.7	 1257.3	    0.0	  200.0	    0.0	 1500.0	    0.0	  200.0	  100.0	   10.0	    0.0	    0.0	    0.0	    7.8	   12.8	  1	  750.0	  750.0	   10.0	    0.0	    7.8	1	  319.8	 21	 1342.6	   14.3	
  189	  22.62	    0.0	 1500.0	    0.0	  688.7	 1257.3	    0.0	  200.0	    0.0	 1500.0	    0.0	  200.0	  100.0	    9.6	    0.0	    0.0	    0.0	    8.0	   12.8	  1	  750.0	  750.0	    9.6	    0.0	    8.0	1	  320.0	 21	 1344.7	   14.5	
  190	  22.73	    0.0	 1500.0	    0.0	  688.7	 1257.3	    0.0	  200.0	    0.0	 1500.0	    0.0	  200.0	  100.0	    9.2	    0.0	    0.0	    0.0	    8.1	   12.9	  1	  750.0	  750.0	    9.2	    0.0	    8.1	1	  320.2	 21	 1347.0	   14.7	
  191	  22.83	    0.0	 1500.0	    0.0	  688.7	 1257.3	    0.0	  200.0	    0.0	 1500.0	    0.0	  200.0	  100.0	    8.7	    0.0	    0.0	    0.0	    8.3	   13.0	  1	  750.0	  750.0	    8.7	    0.0	    8.3	1	  320.4	 21	 1349.3	   14.9	
  192	  22.92	    0.0	 1500.0	    0.0	  688.7	 1257.3	    0.0	  200.0	    0.0	 1500.0	    0.0	  200.0	  100.0	    8.3	    0.0	    0.0	    0.0	    8.4	   13.0	  1	  750.0	  750.0	    8.3	    0.0	    8.4	1	  320.6	 21	 1351.8	   15.2	
  193	  23.02	    0.0	 1500.0	    0.0	  688.7	 1257.3	    0.0	  200.0	    0.0	 1500.0	    0.0	  200.0	  100.0	    7.9	    0.0	    0.0	    0.0	    8.5	   13.1	  1	  750.0	  750.0	    7.9	    0.0	    8.5	1	  320.8	 21	 1354.4	   15.4	
  194	  23.13	    0.0	 1500.0	    0.0	  688.7	 1257.3	    0.0	  200.0	    0.0	 1500.0	    0.0	  200.0	  100.0	    7.4	    0.0	    0.0	    0.0	    8.7	   13.2	  1	  750.0	  750.0	    7.4	    0.0	    8.7	1	  321.0	 21	 1357.2	   15.7	
  195	  23.22	    0.0	 1500.0	    0.0	  688.7	 1257.3	    0.0	  200.0	    0.0	 1500.0	    0.0	  200.0	  100.0	    7.0	    0.0	    0.0	    0.0	    8.8	   13.2	  1	  750.0	  750.0	    7.0	    0.0	    8.8	1	  321.2	 21	 1360.1	   16.0	
  196	  23.33	    0.0	 1500.0	    0.0	  688.7	 1257.3	    0.0	  200.0	    0.0	 1500.0	    0.0	  200.0	  100.0	    6.6	    0.0	    0.0	    0.0	    8.9	   13.3	  1	  750.0	  750.0	    6.6	    0.0	    8.9	1	  321.4	 21	 1363.1	   16.3	
  197	  23.42	    0.0	 1500.0	    0.0	  689.1	 1256.0	    0.0	  200.0	    0.0	 1500.0	    0.0	  200.0	  100.0	    6.1	    0.0	    0.0	    0.0	    9.1	   13.4	  1	  750.0	  750.0	    6.1	    0.0	    9.1	1	  321.6	 21	 1366.2	   16.6	
  198	  23.53	    0.0	 1500.0	    0.0	  688.7	 1257.3	    0.0	  200.0	    0.0	 1500.0	    0.0	  200.0	  100.0	    5.7	    0.0	    0.0	    0.0	    9.2	   13.4	  1	  750.0	  750.0	    5.7	    0.0	    9.2	1	  321.7	 21	 1369.6	   17.0	
  199	  23.62	    0.0	 1500.0	    0.0	  700.6	 1264.8	    0.0	  200.0	    0.0	 1500.0	    0.0	  200.0	  100.0	    5.3	    0.0	    0.0	    0.0	    9.4	   13.5	  1	  750.0	  750.0	    5.3	    0.0	    9.4	1	  322.2	 21	 1373.1	   17.3	
  200	  23.72	    0.0	 1500.0	    0.0	  689.1	 1256.0	    0.0	  200.0	    0.0	 1500.0	    0.0	  200.0	  100.0	    4.8	    0.0	    0.0	    0.0	    9.5	   13.6	  1	  750.0	  750.0	    4.8	    0.0	    9.5	1	  322.2	 21	 1376.8	   17.7	
  201	  23.82	    0.0	 1500.0	    0.0	  689.1	 1256.0	    0.0	  200.0	    0.0	 1500.0	    0.0	  200.0	  100.0	    4.4	    0.0	    0.0	    0.0	    9.6	   13.6	  1	  750.0	  750.0	    4.4	    0.0	    9.6	1	  322.4	 21	 1380.7	   18.1	
  202	  23.92	    0.0	 1500.0	    0.0	  689.1	 1256.0	    0.0	  200.0	    0.0	 1500.0	    0.0	  200.0	  100.0	    3.9	    0.0	    0.0	    0.0	    9.8	   13.7	  1	  750.0	  750.0	    3.9	    0.0	    9.8	1	  322.6	 21	 1384.7	   18.5	
  203	  24.02	    0.0	 1500.0	    0.0	  686.7	 1256.1	    0.0	  200.0	    0.0	 1500.0	    0.0	  200.0	  100.0	    3.5	    0.0	    0.0	    0.0	    9.9	   13.8	  1	  750.0	  750.0	    3.5	    0.0	    9.9	1	  322.6	 21	 1389.0	   18.9	
  204	  24.12	    0.0	 1500.0	    0.0	  686.1	 1256.3	    0.0	  200.0	    0.0	 1500.0	    0.0	  200.0	  100.0	    3.1	    0.0	    0.0	    0.0	   10.1	   13.8	  1	  750.0	  750.0	    3.1	    0.0	   10.1	1	  322.8	 21	 1393.5	   19.4	
  205	  24.23	    0.0	 1500.0	    0.0	  686.1	 1256.3	    0.0	  200.0	    0.0	 1500.0	    0.0	  200.0	  100.0	    2.6	    0.0	    0.0	    0.0	   10.2	   13.9	  1	  750.0	  750.0	    2.6	    0.0	   10.2	1	  323.0	 21	 1398.3	   19.8	
  206	  24.32	    0.0	 1500.0	    0.0	  686.1	 1256.3	    0.0	  200.0	    0.0	 1500.0	    0.0	  200.0	  100.0	    2.2	    0.0	    0.0	    0.0	   10.3	   14.0	  1	  750.0	  750.0	    2.2	    0.0	   10.3	1	  323.2	 21	    0.0	    0.0	
  207	  24.43	    0.0	 1500.0	    0.0	  686.1	 1256.3	    0.0	  200.0	    0.0	 1500.0	    0.0	  200.0	  100.0	    1.8	    0.0	    0.0	    0.0	   10.5	   14.0	  1	  750.0	  750.0	    1.8	    0.0	   10.5	1	  323.4	 21	    0.0	    0.0	
  208	  24.52	    0.0	 1500.0	    0.0	  686.1	 1256.3	    0.0	  200.0	    0.0	 1500.0	    0.0	  200.0	  100.0	    1.3	    0.0	    0.0	    0.0	   10.6	   14.1	  1	  750.0	  750.0	    1.3	    0.0	   10.6	1	  323.5	 21	    0.0	    0.0	
  209	  24.63	    0.0	 1500.0	    0.0	  686.1	 1256.3	    0.0	  200.0	    0.0	 1500.0	    0.0	  200.0	  100.0	    0.9	    0.0	    0.0	    0.0	   10.8	   14.2	  1	  750.0	  750.0	    0.9	    0.0	   10.8	1	  323.7	 21	    0.0	    0.0	
  210	  24.72	    0.0	 1500.0	    0.0	  685.5	 1255.6	    0.0	  200.0	    0.0	 1500.0	    0.0	  200.0	  100.0	    0.5	    0.0	    0.0	    0.0	   10.9	   14.2	  1	  750.0	 1750.0	    0.5	    0.0	   10.9	1	  322.1	 21	    0.0	    0.0	
  211	  24.82	    0.0	 1500.0	    0.0	  685.5	 1255.6	    0.0	  200.0	    0.0	 1500.0	    0.0	  200.0	  100.0	    0.0	    0.0	    0.0	    0.0	   11.0	   14.3	  1	  750.0	 1750.0	    0.0	    0.0	   11.0	1	  322.2	 21	    0.0	    0.0	
  212	  24.93	    0.0	 1500.0	    0.0	  685.5	 1255.6	    0.0	  200.0	    0.0	 1500.0	    0.0	  200.0	  100.0	    0.0	    0.0	    0.0	    0.0	   11.2	   14.4	  1	  750.0	 1750.0	    0.0	    0.0	   11.2	1	  322.5	 21	    0.0	    0.0	
  213	  25.02	    0.0	 1500.0	    0.0	  685.5	 1255.6	    0.0	  200.0	    0.0	 1500.0	    0.0	  200.0	  100.0	    0.0	    0.0	    0.0	    0.0	   11.3	   14.4	  1	  750.0	 1750.0	    0.0	    0.0	   11.3	1	  322.8	 21	    0.0	    0.0	
  214	  25.12	    0.0	 1500.0	    0.0	  685.3	 1254.6	    0.0	  200.0	    0.0	 1500.0	    0.0	  200.0	  100.0	    0.0	    0.0	    0.0	    0.0	   11.4	   14.5	  1	  750.0	 1750.0	    0.0	    0.0	   11.4	1	  323.0	 21	    0.0	    0.0	
  215	  25.23	    0.0	 1500.0	    0.0	  685.5	 1255.6	    0.0	  200.0	    0.0	 1500.0	    0.0	  200.0	  100.0	    0.0	    0.0	    0.0	    0.0	   11.6	   14.6	  1	  750.0	 1750.0	    0.0	    0.0	   11.6	1	  323.4	 21	    0.0	    0.0	
  216	  25.32	    0.0	 1500.0	    0.0	  685.3	 1254.6	    0.0	  200.0	    0.0	 1500.0	    0.0	  200.0	  100.0	    0.0	    0.0	    0.0	    0.0	   11.7	   14.7	  1	  750.0	 1750.0	    0.0	    0.0	   11.7	1	  323.6	 21	    0.0	    0.0	
  217	  25.42	    0.0	 1500.0	    0.0	  685.3	 1254.6	    0.0	  200.0	    0.0	 1500.0	    0.0	  200.0	  100.0	    0.0	    0.0	    0.0	    0.0	   11.9	   14.7	  1	  750.0	 1750.0	    0.0	    0.0	   11.9	1	  323.9	 21	    0.0	    0.0	
  218	  25.52	    0.0	 1500.0	    0.0	  685.3	 1254.6	    0.0	  200.0	    0.0	 1500.0	    0.0	  200.0	  100.0	    0.0	    0.0	    0.0	    0.0	   12.0	   14.8	  1	  750.0	 1750.0	    0.0	    0.0	   12.0	1	  324.1	 21	    0.0	    0.0	
  219	  25.62	    0.0	 1500.0	    0.0	  685.3	 1254.6	    0.0	  200.0	    0.0	 1500.0	    0.0	  200.0	  100.0	    0.0	    0.0	    0.0	    0.0	   12.1	   14.9	  1	  750.0	 1750.0	    0.0	    0.0	   12.1	1	  324.4	 21	    0.0	    0.0	
  220	  25.73	    0.0	 1500.0	    0.0	  685.3	 1254.6	    0.0	  200.0	    0.0	 1500.0	    0.0	  200.0	  100.0	    0.0	    0.0	    0.0	    0.0	   12.3	   14.9	  1	  750.0	 1750.0	    0.0	    0.0	   12.3	1	  324.7	 21	    0.0	    0.0	
  221	  25.82	    0.0	 1500.0	    0.0	  684.0	 1254.1	    0.0	  200.0	    0.0	 1500.0	    0.0	  200.0	  100.0	    0.0	    0.0	    0.0	    0.0	   12.4	   15.0	  1	  750.0	 1750.0	    0.0	    0.0	   12.4	1	  324.9	 21	    0.0	    0.0	
  222	  25.93	    0.0	 1500.0	    0.0	  684.0	 1254.1	    0.0	  200.0	    0.0	 1500.0	    0.0	  200.0	  100.0	    0.0	    0.0	    0.0	    0.0	   12.6	   15.1	  1	  750.0	 1750.0	    0.0	    0.0	   12.6	1	  325.2	 21	    0.0	    0.0	
  223	  26.03	    0.0	 1500.0	    0.0	  684.0	 1254.1	    0.0	  200.0	    0.0	 1500.0	    0.0	  200.0	  100.0	    0.0	    0.0	    0.0	    0.0	   12.7	   15.1	  1	  750.0	 1750.0	    0.0	    0.0	   12.7	1	  325.4	 21	    0.0	    0.0	
  224	  26.12	    0.0	 1500.0	    0.0	  683.1	 1254.5	    0.0	  200.0	    0.0	 1500.0	    0.0	  200.0	  100.0	    0.0	    0.0	    0.0	    0.0	   12.8	   15.2	  1	  750.0	 1750.0	    0.0	    0.0	   12.8	1	  325.7	 21	    0.0	    0.0	
  225	  26.22	    0.0	 1500.0	    0.0	  684.0	 1254.1	    0.0	  200.0	    0.0	 1500.0	    0.0	  200.0	  100.0	    0.0	    0.0	    0.0	    0.0	   13.0	   15.3	  1	  750.0	 1750.0	    0.0	    0.0	   13.0	1	  326.0	 21	    0.0	    0.0	
  226	  26.32	    0.0	 1500.0	    0.0	  683.1	 1254.5	    0.0	  200.0	    0.0	 1500.0	    0.0	  200.0	  100.0	    0.0	    0.0	    0.0	    0.0	   13.1	   15.3	  1	  750.0	 1750.0	    0.0	    0.0	   13.1	1	  326.2	 21	    0.0	    0.0	
  227	  26.43	    0.0	 1500.0	    0.0	  684.0	 1254.1	    0.0	  200.0	    0.0	 1500.0	    0.0	  200.0	  100.0	    0.0	    0.0	    0.0	    0.0	   13.2	   15.4	  1	  750.0	 1750.0	    0.0	    0.0	   13.2	1	  326.5	 21	    0.0	    0.0	
  228	  26.52	    0.0	 1500.0	    0.0	  684.0	 1254.1	    0.0	  200.0	    0.0	 1500.0	    0.0	  200.0	  100.0	    0.0	    0.0	    0.0	    0.0	   13.4	   15.5	  1	  750.0	 1750.0	    0.0	    0.0	   13.4	1	  326.8	 21	    0.0	    0.0	
  229	  26.62	    0.0	 1500.0	    0.0	  684.0	 1254.1	    0.0	  200.0	    0.0	 1500.0	    0.0	  200.0	  100.0	    0.0	    0.0	    0.0	    0.0	   13.5	   15.5	  1	  750.0	 1750.0	    0.0	    0.0	   13.5	1	  327.1	 21	    0.0	    0.0	
  230	  26.73	    0.0	 1500.0	    0.0	  684.0	 1254.1	    0.0	  200.0	    0.0	 1500.0	    0.0	  200.0	  100.0	    0.0	    0.0	    0.0	    0.0	   13.7	   15.6	  1	  750.0	 1750.0	    0.0	    0.0	   13.7	1	  327.4	 21	    0.0	    0.0	
  231	  26.82	    0.0	 1500.0	    0.0	  684.0	 1254.1	    0.0	  200.0	    0.0	 1500.0	    0.0	  200.0	  100.0	    0.0	    0.0	    0.0	    0.0	   13.8	   15.7	  1	  750.0	 1750.0	    0.0	    0.0	   13.8	1	  327.7	 21	    0.0	    0.0	
  232	  26.93	    0.0	 1500.0	    0.0	  684.0	 1254.1	    0.0	  200.0	    0.0	 1500.0	    0.0	  200.0	  100.0	    0.0	    0.0	    0.0	    0.0	   13.9	   15.7	  1	  750.0	 1750.0	    0.0	    0.0	   13.9	1	  327.9	 21	    0.0	    0.0	
  233	  27.02	    0.0	 1500.0	    0.0	  684.0	 1254.1	    0.0	  200.0	    0.0	 1500.0	    0.0	  200.0	  100.0	    0.0	    0.0	    0.0	    0.0	   14.1	   15.8	  1	  750.0	 1750.0	    0.0	    0.0	   14.1	1	  328.2	 21	    0.0	    0.0	
  234	  27.13	    0.0	 1500.0	    0.0	  684.0	 1254.1	    0.0	  200.0	    0.0	 1500.0	    0.0	  200.0	  100.0	    0.0	    0.0	    0.0	    0.0	   14.2	   15.9	  1	  750.0	 1750.0	    0.0	    0.0	   14.2	1	  328.5	 21	    0.0	    0.0	
  235	  27.23	    0.0	 1500.0	    0.0	  684.0	 1254.1	    0.0	  200.0	    0.0	 1500.0	    0.0	  200.0	  100.0	    0.0	    0.0	    0.0	    0.0	   14.4	   15.9	  1	  750.0	 1750.0	    0.0	    0.0	   14.4	1	  328.8	 21	    0.0	    0.0	
  236	  27.32	    0.0	 1500.0	    0.0	  684.0	 1254.1	    0.0	  200.0	    0.0	 1500.0	    0.0	  200.0	  100.0	    0.0	    0.0	    0.0	    0.0	   14.5	   16.0	  1	  750.0	 1750.0	    0.0	    0.0	   14.5	1	  329.0	 21	    0.0	    0.0	
  237	  27.42	    0.0	 1500.0	    0.0	  683.6	 1255.4	    0.0	  200.0	    0.0	 1500.0	    0.0	  200.0	  100.0	    0.0	    0.0	    0.0	    0.0	   14.6	   16.1	  1	  750.0	 1750.0	    0.0	    0.0	   14.6	1	  329.3	 21	    0.0	    0.0	
  238	  27.52	    0.0	 1500.0	    0.0	  683.6	 1255.4	    0.0	  200.0	    0.0	 1500.0	    0.0	  200.0	  100.0	    0.0	    0.0	    0.0	    0.0	   14.8	   16.1	  1	  750.0	 1750.0	    0.0	    0.0	   14.8	1	  329.6	 21	    0.0	    0.0	
  239	  27.62	    0.0	 1500.0	    0.0	  683.6	 1255.4	    0.0	  200.0	    0.0	 1500.0	    0.0	  200.0	  100.0	    0.0	    0.0	    0.0	    0.0	   14.9	   16.2	  1	  750.0	 1750.0	    0.0	    0.0	   14.9	1	  329.9	 21	    0.0	    0.0	
  240	  27.73	    0.0	 1500.0	    0.0	  683.6	 1255.4	    0.0	  200.0	    0.0	 1500.0	    0.0	  200.0	  100.0	    0.0	    0.0	    0.0	    0.0	   15.0	   16.3	  1	  750.0	 1750.0	    0.0	    0.0	   15.0	1	  330.2	 21	    0.0	    0.0	
  241	  27.82	    0.0	 1500.0	    0.0	  683.6	 1255.4	    0.0	  200.0	    0.0	 1500.0	    0.0	  200.0	  100.0	    0.0	    0.0	    0.0	    0.0	   15.2	   16.3	  1	  750.0	 1750.0	    0.0	    0.0	   15.2	1	  330.4	 21	    0.0	    0.0	
  242	  27.93	    0.0	 1500.0	    0.0	  683.6	 1255.4	    0.0	  200.0	    0.0	 1500.0	    0.0	  200.0	  100.0	    0.0	    0.0	    0.0	    0.0	   15.3	   16.4	  1	  750.0	 1750.0	    0.0	    0.0	   15.3	1	  330.7	 21	    0.0	    0.0	
  243	  28.02	    0.0	 1500.0	    0.0	  683.6	 1255.4	    0.0	  200.0	    0.0	 1500.0	    0.0	  200.0	  100.0	    0.0	    0.0	    0.0	    0.0	   15.5	   16.5	  1	  750.0	 1750.0	    0.0	    0.0	   15.5	1	  331.0	 21	    0.0	    0.0	
  244	  28.12	    0.0	 1500.0	    0.0	  683.6	 1255.4	    0.0	  200.0	    0.0	 1500.0	    0.0	  200.0	  100.0	    0.0	    0.0	    0.0	    0.0	   15.6	   16.6	  1	  750.0	 1750.0	    0.0	    0.0	   15.6	1	  331.3	 21	    0.0	    0.0	
  245	  28.23	    0.0	 1500.0	    0.0	  683.6	 1255.4	    0.0	  200.0	    0.0	 1500.0	    0.0	  200.0	  100.0	    0.0	    0.0	    0.0	    0.0	   15.7	   16.6	  1	  750.0	 1750.0	    0.0	    0.0	   15.7	1	  331.5	 21	    0.0	    0.0	
  246	  28.32	    0.0	 1500.0	    0.0	  683.6	 1255.4	    0.0	  200.0	    0.0	 1500.0	    0.0	  200.0	  100.0	    0.0	    0.0	    0.0	    0.0	   15.9	   16.7	  1	  750.0	 1750.0	    0.0	    0.0	   15.9	1	  331.8	 21	    0.0	    0.0	
  247	  28.43	    0.0	 1500.0	    0.0	  683.6	 1255.4	    0.0	  200.0	    0.0	 1500.0	    0.0	  200.0	  100.0	    0.0	    0.0	    0.0	    0.0	   16.0	   16.8	  1	  750.0	 1750.0	    0.0	    0.0	   16.0	1	  332.1	 21	    0.0	    0.0	
  248	  28.52	    0.0	 1500.0	    0.0	  683.6	 1255.4	    0.0	  200.0	    0.0	 1500.0	    0.0	  200.0	  100.0	    0.0	    0.0	    0.0	    0.0	   16.1	   16.8	  1	  750.0	 1750.0	    0.0	    0.0	   16.1	1	  332.4	 21	    0.0	    0.0	
  249	  28.63	    0.0	 1500.0	    0.0	  683.6	 1255.4	    0.0	  200.0	    0.0	 1500.0	    0.0	  200.0	  100.0	    0.0	    0.0	    0.0	    0.0	   16.3	   16.9	  1	  750.0	 1750.0	    0.0	    0.0	   16.3	1	  332.7	 21	    0.0	    0.0	
  250	  28.73	    0.0	 1500.0	    0.0	  683.6	 1255.4	    0.0	  200.0	    0.0	 1500.0	    0.0	  200.0	  100.0	    0.0	    0.0	    0.0	    0.0	   16.4	   17.0	  1	  750.0	 1750.0	    0.0	    0.0	   16.4	1	  332.9	 21	    0.0	    0.0	
  251	  28.82	    0.0	 1500.0	    0.0	  683.6	 1255.4	    0.0	  200.0	    0.0	 1500.0	    0.0	  200.0	  100.0	    0.0	    0.0	    0.0	    0.0	   16.6	   17.0	  1	  750.0	 1750.0	    0.0	    0.0	   16.6	1	  333.2	 21	    0.0	    0.0	
  252	  28.93	    0.0	 1500.0	    0.0	  683.6	 1255.4	    0.0	  200.0	    0.0	 1500.0	    0.0	  200.0	  100.0	    0.0	    0.0	    0.0	    0.0	   16.7	   17.1	  1	  750.0	 1750.0	    0.0	    0.0	   16.7	1	  333.5	 21	    0.0	    0.0	
  253	  29.02	    0.0	 1500.0	    0.0	  683.6	 1255.4	    0.0	  200.0	    0.0	 1500.0	    0.0	  200.0	  100.0	    0.0	    0.0	    0.0	    0.0	   16.8	   17.2	  1	  750.0	 1750.0	    0.0	    0.0	   16.8	1	  333.8	 21	    0.0	    0.0	
  254	  29.12	    0.0	 1500.0	    0.0	  769.6	 1328.0	    0.0	  200.0	    0.0	 1500.0	    0.0	  200.0	  100.0	    0.0	    0.0	    0.0	    0.0	   17.0	   17.2	  1	  750.0	  750.0	    0.0	    0.0	   17.0	1	  337.7	 21	    0.0	    0.0	
  255	  29.23	    0.0	 1500.0	    0.0	  683.6	 1255.4	    0.0	  200.0	    0.0	 1500.0	    0.0	  200.0	  100.0	    0.0	    0.0	    0.0	    0.0	   17.1	   17.3	  1	  750.0	 1750.0	    0.0	    0.0	   17.1	1	  334.4	 21	    0.0	    0.0	
  256	  29.33	    0.0	 1500.0	    0.0	  769.6	 1328.0	    0.0	  200.0	    0.0	 1500.0	    0.0	  200.0	  100.0	    0.0	    0.0	    0.0	    0.0	   17.3	   17.4	  1	  750.0	  750.0	    0.0	    0.0	   17.3	1	  338.4	 21	    0.0	    0.0	
  257	  29.43	    0.0	 1500.0	    0.0	  769.6	 1328.0	    0.0	  200.0	    0.0	 1500.0	    0.0	  200.0	  100.0	    0.0	    0.0	    0.0	    0.0	   17.5	   17.4	  1	  750.0	  750.0	    0.0	    0.0	   17.5	1	  338.7	 21	    0.0	    0.0	
  258	  29.52	    0.0	 1500.0	    0.0	  769.6	 1328.0	    0.0	  200.0	    0.0	 1500.0	    0.0	  200.0	  100.0	    0.0	    0.0	    0.0	    0.0	   17.6	   17.5	  1	  750.0	  750.0	    0.0	    0.0	   17.6	1	  339.1	 21	    0.0	    0.0	
  259	  29.63	    0.0	 1500.0	    0.0	  772.7	 1403.8	    0.0	  200.0	    0.0	 1500.0	    0.0	  200.0	  100.0	    0.0	    0.0	    0.0	    0.0	   17.8	   17.6	  1	  750.0	  750.0	    0.0	    0.0	   17.8	1	  334.0	 21	    0.0	    0.0	
  260	  29.73	    0.0	 1500.0	    0.0	  772.7	 1403.8	    0.0	  200.0	    0.0	 1500.0	    0.0	  200.0	  100.0	    0.0	    0.0	    0.0	    0.0	   17.9	   17.6	  1	  750.0	  750.0	    0.0	    0.0	   17.9	1	  334.3	 21	    0.0	    0.0	
  261	  29.82	    0.0	 1500.0	    0.0	  772.7	 1403.8	    0.0	  200.0	    0.0	 1500.0	    0.0	  200.0	  100.0	    0.0	    0.0	    0.0	    0.0	   18.1	   17.7	  1	  750.0	  750.0	    0.0	    0.0	   18.1	1	  334.6	 21	    0.0	    0.0	
  262	  29.93	    0.0	 1500.0	    0.0	  772.7	 1403.8	    0.0	  200.0	    0.0	 1500.0	    0.0	  200.0	  100.0	    0.0	    0.0	    0.0	    0.0	   18.2	   17.8	  1	  750.0	  750.0	    0.0	    0.0	   18.2	1	  334.9	 21	    0.0	    0.0	
  263	  30.02	    0.0	 1500.0	    0.0	  772.7	 1403.8	    0.0	  200.0	    0.0	 1500.0	    0.0	  200.0	  100.0	    0.0	    0.0	    0.0	    0.0	   18.4	   17.8	  1	  750.0	  750.0	    0.0	    0.0	   18.4	1	  335.2	 21	    0.0	    0.0	
  264	  30.13	    0.0	 1500.0	    0.0	  802.0	 1402.9	    0.0	  200.0	    0.0	 1500.0	    0.0	  200.0	  100.0	    0.0	    0.0	    0.0	    0.0	   18.6	   17.9	  1	  750.0	  750.0	    0.0	    0.0	   18.6	1	  337.7	 21	    0.0	    0.0	
  265	  30.23	    0.0	 1500.0	    0.0	  802.0	 1402.9	    0.0	  200.0	    0.0	 1500.0	    0.0	  200.0	  100.0	    0.0	    0.0	    0.0	    0.0	   18.7	   18.0	  1	  750.0	  750.0	    0.0	    0.0	   18.7	1	  338.0	 21	    0.0	    0.0	
  266	  30.33	    0.0	 1500.0	    0.0	  802.0	 1402.9	    0.0	  200.0	    0.0	 1500.0	    0.0	  200.0	  100.0	    0.0	    0.0	    0.0	    0.0	   18.9	   18.0	  1	  750.0	  750.0	    0.0	    0.0	   18.9	1	  338.4	 21	    0.0	    0.0	
  267	  30.43	    0.0	 1500.0	    0.0	  866.8	 1385.2	    0.0	  200.0	    0.0	 1500.0	    0.0	  200.0	  100.0	    0.0	    0.0	    0.0	    0.0	   19.1	   18.1	  1	  750.0	  750.0	    0.0	    0.0	   19.1	1	  344.8	 21	    0.0	    0.0	
  268	  30.53	    0.0	 1500.0	    0.0	  866.8	 1385.2	    0.0	  200.0	    0.0	 1500.0	    0.0	  200.0	  100.0	    0.0	    0.0	    0.0	    0.0	   19.3	   18.2	  1	  750.0	  750.0	    0.0	    0.0	   19.3	1	  345.2	 21	    0.0	    0.0	
  269	  30.62	    0.0	 1500.0	    0.0	  866.8	 1385.2	    0.0	  200.0	    0.0	 1500.0	    0.0	  200.0	  100.0	    0.0	    0.0	    0.0	    0.0	   19.5	   18.2	  1	  750.0	  750.0	    0.0	    0.0	   19.5	1	  345.7	 21	    0.0	    0.0	
  270	  30.73	    0.0	 1500.0	    0.0	  866.8	 1385.2	    0.0	  200.0	    0.0	 1500.0	    0.0	  200.0	  100.0	    0.0	    0.0	    0.0	    0.0	   19.7	   18.3	  1	  750.0	  750.0	    0.0	    0.0	   19.7	1	  346.1	 21	    0.0	    0.0	
  271	  30.82	    0.0	 1500.0	    0.0	  866.8	 1385.2	    0.0	  200.0	    0.0	 1500.0	    0.0	  200.0	  100.0	    0.0	    0.0	    0.0	    0.0	   19.9	   18.4	  1	  750.0	  750.0	    0.0	    0.0	   19.9	1	  346.6	 21	    0.0	    0.0	
  272	  30.93	    0.0	 1500.0	    0.0	  866.8	 1385.2	    0.0	  200.0	    0.0	 1500.0	    0.0	  200.0	  100.0	    0.0	    0.0	    0.0	    0.0	   20.1	   18.5	  1	  750.0	  750.0	    0.0	    0.0	   20.1	1	  347.0	 21	    0.0	    0.0	
  273	  31.02	    0.0	 1500.0	    0.0	  890.8	 1368.5	    0.0	  200.0	    0.0	 1500.0	    0.0	  200.0	  100.0	    0.0	    0.0	    0.0	    0.0	   20.3	   18.5	  1	  750.0	 2050.0	    0.0	    0.0	   20.3	1	  342.3	 21	    0.0	    0.0	
  274	  31.12	    0.0	 1500.0	    0.0	  890.8	 1368.5	    0.0	  200.0	    0.0	 1500.0	    0.0	  200.0	  100.0	    0.0	    0.0	    0.0	    0.0	   20.5	   18.6	  1	  750.0	 2050.0	    0.0	    0.0	   20.5	1	  342.7	 21	    0.0	    0.0	
  275	  31.23	    0.0	 1500.0	    0.0	  890.8	 1368.5	    0.0	  200.0	    0.0	 1500.0	    0.0	  200.0	  100.0	    0.0	    0.0	    0.0	    0.0	   20.7	   18.7	  1	  750.0	 2050.0	    0.0	    0.0	   20.7	1	  343.2	 21	    0.0	    0.0	
  276	  31.32	    0.0	 1500.0	    0.0	  890.8	 1368.5	    0.0	  200.0	    0.0	 1500.0	    0.0	  200.0	  100.0	    0.0	    0.0	    0.0	    0.0	   20.9	   18.7	  1	  750.0	 2050.0	    0.0	    0.0	   20.9	1	  343.6	 21	    0.0	    0.0	
  277	  31.42	    0.0	 1500.0	    0.0	  885.2	 1359.0	    0.0	  200.0	    0.0	 1500.0	    0.0	  200.0	  100.0	    0.0	    0.0	    0.0	    0.0	   21.1	   18.8	  1	  750.0	  750.0	    0.0	    0.0	   21.1	1	  353.1	 21	    0.0	    0.0	
  278	  31.52	    0.0	 1500.0	    0.0	  890.8	 1368.5	    0.0	  200.0	    0.0	 1500.0	    0.0	  200.0	  100.0	    0.0	    0.0	    0.0	    0.0	   21.3	   18.9	  1	  750.0	 2050.0	    0.0	    0.0	   21.3	1	  344.4	 21	    0.0	    0.0	
  279	  31.62	    0.0	 1500.0	    0.0	  885.2	 1359.0	    0.0	  200.0	    0.0	 1500.0	    0.0	  200.0	  100.0	    0.0	    0.0	    0.0	    0.0	   21.5	   18.9	  1	  750.0	  750.0	    0.0	    0.0	   21.5	1	  354.1	 21	    0.0	    0.0	
  280	  31.72	    0.0	 1500.0	    0.0	  885.2	 1359.0	    0.0	  200.0	    0.0	 1500.0	    0.0	  200.0	  100.0	    0.0	    0.0	    0.0	    0.0	   21.7	   19.0	  1	  750.0	  750.0	    0.0	    0.0	   21.7	1	  354.6	 21	    0.0	    0.0	
  281	  31.82	    0.0	 1500.0	    0.0	  885.2	 1359.0	    0.0	  200.0	    0.0	 1500.0	    0.0	  200.0	  100.0	    0.0	    0.0	    0.0	    0.0	   21.9	   19.1	  1	  750.0	  750.0	    0.0	    0.0	   21.9	1	  355.1	 21	    0.0	    0.0	
  282	  31.92	    0.0	 1500.0	    0.0	  885.2	 1359.0	    0.0	  200.0	    0.0	 1500.0	    0.0	  200.0	  100.0	    0.0	    0.0	    0.0	    0.0	   22.1	   19.1	  1	  750.0	  750.0	    0.0	    0.0	   22.1	1	  355.6	 21	    0.0	    0.0	
  283	  32.02	    0.0	 1500.0	    0.0	  881.3	 1363.6	    0.0	  200.0	    0.0	 1500.0	    0.0	  200.0	  100.0	    0.0	    0.0	    0.0	    0.0	   22.3	   19.2	  1	  750.0	 1950.0	    0.0	    0.0	   22.3	1	  354.6	 21	    0.0	    0.0	
  284	  32.12	    0.0	 1500.0	    0.0	  881.3	 1363.6	    0.0	  200.0	    0.0	 1500.0	    0.0	  200.0	  100.0	    0.0	    0.0	    0.0	    0.0	   22.5	   19.3	  1	  750.0	 1950.0	    0.0	    0.0	   22.5	1	  355.1	 21	    0.0	    0.0	
  285	  32.22	    0.0	 1500.0	    0.0	  881.3	 1363.6	    0.0	  200.0	    0.0	 1500.0	    0.0	  200.0	  100.0	    0.0	    0.0	    0.0	    0.0	   22.7	   19.3	  1	  750.0	 1950.0	    0.0	    0.0	   22.7	1	  355.6	 21	    0.0	    0.0	
  286	  32.33	    0.0	 1500.0	    0.0	  881.3	 1363.6	    0.0	  200.0	    0.0	 1500.0	    0.0	  200.0	  100.0	    0.0	    0.0	    0.0	    0.0	   22.9	   19.4	  1	  750.0	 1950.0	    0.0	    0.0	   22.9	1	  356.0	 21	    0.0	    0.0	
  287	  32.42	    0.0	 1500.0	    0.0	  881.3	 1363.6	    0.0	  200.0	    0.0	 1500.0	    0.0	  200.0	  100.0	    0.0	    0.0	    0.0	    0.0	   23.1	   19.5	  1	  750.0	 1950.0	    0.0	    0.0	   23.1	1	  356.5	 21	    0.0	    0.0	
  288	  32.52	    0.0	 1500.0	    0.0	  880.6	 1365.1	    0.0	  200.0	    0.0	 1500.0	    0.0	  200.0	  100.0	    0.0	    0.0	    0.0	    0.0	   23.3	   19.5	  1	  750.0	 2050.0	    0.0	    0.0	   23.3	1	  347.2	 21	    0.0	    0.0	
  289	  32.62	    0.0	 1500.0	    0.0	  880.6	 1365.1	    0.0	  200.0	    0.0	 1500.0	    0.0	  200.0	  100.0	    0.0	    0.0	    0.0	    0.0	   23.5	   19.6	  1	  750.0	 2050.0	    0.0	    0.0	   23.5	1	  347.6	 21	    0.0	    0.0	
  290	  32.73	    0.0	 1500.0	    0.0	  880.6	 1365.1	    0.0	  200.0	    0.0	 1500.0	    0.0	  200.0	  100.0	    0.0	    0.0	    0.0	    0.0	   23.7	   19.7	  1	  750.0	 2050.0	    0.0	    0.0	   23.7	1	  348.0	 21	    0.0	    0.0	
  291	  32.82	    0.0	 1500.0	    0.0	  880.6	 1365.1	    0.0	  200.0	    0.0	 1500.0	    0.0	  200.0	  100.0	    0.0	    0.0	    0.0	    0.0	   23.9	   19.7	  1	  750.0	 2050.0	    0.0	    0.0	   23.9	1	  348.4	 21	    0.0	    0.0	
  292	  32.92	    0.0	 1500.0	    0.0	  880.6	 1365.1	    0.0	  200.0	    0.0	 1500.0	    0.0	  200.0	  100.0	    0.0	    0.0	    0.0	    0.0	   24.1	   19.8	  1	  750.0	 2050.0	    0.0	    0.0	   24.1	1	  348.8	 21	    0.0	    0.0	
  293	  33.03	    0.0	 1500.0	    0.0	  879.5	 1364.0	    0.0	  200.0	    0.0	 1500.0	    0.0	  200.0	  100.0	    0.0	    0.0	    0.0	    0.0	   24.3	   19.9	  1	  750.0	 1950.0	    0.0	    0.0	   24.3	1	  359.2	 21	    0.0	    0.0	
  294	  33.12	    0.0	 1500.0	    0.0	  879.5	 1364.0	    0.0	  200.0	    0.0	 1500.0	    0.0	  200.0	  100.0	    0.0	    0.0	    0.0	    0.0	   24.5	   19.9	  1	  750.0	 1950.0	    0.0	    0.0	   24.5	1	  359.7	 21	    0.0	    0.0	
  295	  33.23	    0.0	 1500.0	    0.0	  879.5	 1364.0	    0.0	  200.0	    0.0	 1500.0	    0.0	  200.0	  100.0	    0.0	    0.0	    0.0	    0.0	   24.7	   20.0	  1	  750.0	 1950.0	    0.0	    0.0	   24.7	1	  360.2	 21	    0.0	    0.0	
  296	  33.32	    0.0	 1500.0	    0.0	  877.6	 1364.3	    0.0	  200.0	    0.0	 1500.0	    0.0	  200.0	  100.0	    0.0	    0.0	    0.0	    0.0	   24.9	   20.1	  1	  750.0	 1950.0	    0.0	    0.0	   24.9	1	  360.5	 21	    0.0	    0.0	
  297	  33.42	    0.0	 1500.0	    0.0	  877.6	 1364.3	    0.0	  200.0	    0.0	 1500.0	    0.0	  200.0	  100.0	    0.0	    0.0	    0.0	    0.0	   25.1	   20.1	  1	  750.0	 1950.0	    0.0	    0.0	   25.1	1	  361.0	 21	    0.0	    0.0	
  298	  33.52	    0.0	 1500.0	    0.0	  877.6	 1364.3	    0.0	  200.0	    0.0	 1500.0	    0.0	  200.0	  100.0	    0.0	    0.0	    0.0	    0.0	   25.3	   20.2	  1	  750.0	 1950.0	    0.0	    0.0	   25.3	1	  361.4	 21	    0.0	    0.0	
  299	  33.62	    0.0	 1500.0	    0.0	  877.6	 1364.3	    0.0	  200.0	    0.0	 1500.0	    0.0	  200.0	  100.0	    0.0	    0.0	    0.0	    0.0	   25.5	   20.3	  1	  750.0	 1950.0	    0.0	    0.0	   25.5	1	  361.9	 21	    0.0	    0.0	
  300	  33.73	    0.0	 1500.0	    0.0	  877.6	 1364.3	    0.0	  200.0	    0.0	 1500.0	    0.0	  200.0	  100.0	    0.0	    0.0	    0.0	    0.0	   25.7	   20.3	  1	  750.0	 1950.0	    0.0	    0.0	   25.7	1	  362.4	 21	    0.0	    0.0	
  301	  33.82	    0.0	 1500.0	    0.0	  877.6	 1364.3	    0.0	  200.0	    0.0	 1500.0	    0.0	  200.0	  100.0	    0.0	    0.0	    0.0	    0.0	   25.9	   20.4	  1	  750.0	 1950.0	    0.0	    0.0	   25.9	1	  362.8	 21	    0.0	    0.0	
  302	  33.92	    0.0	 1500.0	    0.0	  877.6	 1364.3	    0.0	  200.0	    0.0	 1500.0	    0.0	  200.0	  100.0	    0.0	    0.0	    0.0	    0.0	   26.1	   20.5	  1	  750.0	 1950.0	    0.0	    0.0	   26.1	1	  363.3	 21	    0.0	    0.0	
  303	  34.02	    0.0	 1500.0	    0.0	  859.1	 1363.9	    0.0	  200.0	    0.0	 1500.0	    0.0	  200.0	  100.0	    0.0	    0.0	    0.0	    0.0	   26.3	   20.6	  1	  750.0	 1950.0	    0.0	    0.0	   26.3	1	  361.7	 21	    0.0	    0.0	
  304	  34.13	    0.0	 1500.0	    0.0	  877.6	 1364.3	    0.0	  200.0	    0.0	 1500.0	    0.0	  200.0	  100.0	    0.0	    0.0	    0.0	    0.0	   26.5	   20.6	  1	  750.0	 1950.0	    0.0	    0.0	   26.5	1	  364.2	 21	    0.0	    0.0	
  305	  34.23	    0.0	 1500.0	    0.0	  859.1	 1363.9	    0.0	  200.0	    0.0	 1500.0	    0.0	  200.0	  100.0	    0.0	    0.0	    0.0	    0.0	   26.7	   20.7	  1	  750.0	 1950.0	    0.0	    0.0	   26.7	1	  362.6	 21	    0.0	    0.0	
  306	  34.33	    0.0	 1500.0	    0.0	  859.1	 1363.9	    0.0	  200.0	    0.0	 1500.0	    0.0	  200.0	  100.0	    0.0	    0.0	    0.0	    0.0	   26.9	   20.8	  1	  750.0	 1950.0	    0.0	    0.0	   26.9	1	  363.1	 21	    0.0	    0.0	
  307	  34.42	    0.0	 1500.0	    0.0	  859.1	 1363.9	    0.0	  200.0	    0.0	 1500.0	    0.0	  200.0	  100.0	    0.0	    0.0	    0.0	    0.0	   27.0	   20.8	  1	  750.0	 1950.0	    0.0	    0.0	   27.0	1	  363.5	 21	    0.0	    0.0	
  308	  34.52	    0.0	 1500.0	    0.0	  757.9	 1407.0	    0.0	  200.0	    0.0	 1500.0	    0.0	  200.0	  100.0	    0.0	    0.0	    0.0	    0.0	   27.2	   20.9	  1	  750.0	 2050.0	    0.0	    0.0	   27.2	1	  345.4	 21	    0.0	    0.0	
  309	  34.62	    0.0	 1500.0	    0.0	  859.1	 1363.9	    0.0	  200.0	    0.0	 1500.0	    0.0	  200.0	  100.0	    0.0	    0.0	    0.0	    0.0	   27.4	   21.0	  1	  750.0	 1950.0	    0.0	    0.0	   27.4	1	  364.3	 21	    0.0	    0.0	
  310	  34.73	    0.0	 1500.0	    0.0	  757.9	 1407.0	    0.0	  200.0	    0.0	 1500.0	    0.0	  200.0	  100.0	    0.0	    0.0	    0.0	    0.0	   27.5	   21.0	  1	  750.0	 2050.0	    0.0	    0.0	   27.5	1	  345.9	 21	    0.0	    0.0	
  311	  34.83	    0.0	 1500.0	    0.0	  757.9	 1407.0	    0.0	  200.0	    0.0	 1500.0	    0.0	  200.0	  100.0	    0.0	    0.0	    0.0	    0.0	   27.7	   21.1	  1	  750.0	 2050.0	    0.0	    0.0	   27.7	1	  346.2	 21	    0.0	    0.0	
  312	  34.92	    0.0	 1500.0	    0.0	  757.9	 1407.0	    0.0	  200.0	    0.0	 1500.0	    0.0	  200.0	  100.0	    0.0	    0.0	    0.0	    0.0	   27.8	   21.2	  1	  750.0	 2050.0	    0.0	    0.0	   27.8	1	  346.4	 21	    0.0	    0.0	
  313	  35.02	    0.0	 1500.0	    0.0	  677.6	 1435.1	    0.0	  200.0	    0.0	 1500.0	    0.0	  200.0	  100.0	    0.0	    0.0	    0.0	    0.0	   28.0	   21.2	  1	  750.0	  850.0	    0.0	    0.0	   28.0	1	  347.3	 21	    0.0	    0.0	
  314	  35.12	    0.0	 1500.0	    0.0	  677.6	 1435.1	    0.0	  200.0	    0.0	 1500.0	    0.0	  200.0	  100.0	    0.0	    0.0	    0.0	    0.0	   28.1	   21.3	  1	  750.0	  850.0	    0.0	    0.0	   28.1	1	  347.5	 21	    0.0	    0.0	
  315	  35.23	    0.0	 1500.0	    0.0	  677.6	 1435.1	    0.0	  200.0	    0.0	 1500.0	    0.0	  200.0	  100.0	    0.0	    0.0	    0.0	    0.0	   28.2	   21.4	  1	  750.0	  850.0	    0.0	    0.0	   28.2	1	  347.7	 21	    0.0	    0.0	
  316	  35.32	    0.0	 1500.0	    0.0	  677.6	 1435.1	    0.0	  200.0	    0.0	 1500.0	    0.0	  200.0	  100.0	    0.0	    0.0	    0.0	    0.0	   28.3	   21.4	  1	  750.0	  850.0	    0.0	    0.0	   28.3	1	  347.9	 21	    0.0	    0.0	
  317	  35.42	    0.0	 1500.0	    0.0	  677.6	 1435.1	    0.0	  200.0	    0.0	 1500.0	    0.0	  200.0	  100.0	    0.0	    0.0	    0.0	    0.0	   28.5	   21.5	  1	  750.0	  850.0	    0.0	    0.0	   28.5	1	  348.1	 21	    0.0	    0.0	
  318	  35.52	    0.0	 1500.0	    0.0	  673.1	 1432.1	    0.0	  200.0	    0.0	 1500.0	    0.0	  200.0	  100.0	    0.0	    0.0	    0.0	    0.0	   28.6	   21.6	  1	  750.0	  850.0	    0.0	    0.0	   28.6	1	  348.0	 21	    0.0	    0.0	
