    1	   0.10	    0.0	    0.0	    0.0	    0.0	    0.0	    0.0	    0.0	    0.0	    0.0	    0.0	    0.0	  100.0	   99.9	    0.0	    0.0	    0.0	    0.0	    0.1	  1	 -750.0	  750.0	   99.9	    0.0	    0.0	1	  967.7	 21	    0.0	    5.0	
    2	   0.20	    0.0	    0.0	  -91.1	    0.0	    0.0	    0.0	    0.0	    0.0	    0.0	    0.0	    0.0	  100.0	   99.4	    0.0	    0.0	    0.0	    0.0	    0.1	  1	  -50.0	 1250.0	   99.4	    0.0	    0.0	1	 1173.9	 21	    0.0	    5.0	
    3	   0.30	    0.0	    0.0	  -90.0	    0.0	    0.0	    0.0	    0.0	    0.0	    0.0	    0.0	    0.0	  100.0	   98.9	    0.0	    0.0	    0.0	    0.0	    0.2	  1	  -50.0	 1250.0	   98.9	    0.0	    0.0	1	 1173.9	 21	    0.0	    5.0	
    4	   0.40	    0.0	    0.0	  -90.0	    0.0	    0.0	    0.0	    0.0	    0.0	    0.0	    0.0	    0.0	  100.0	   98.4	    0.0	    0.0	    0.0	    0.0	    0.3	  1	  -50.0	 1250.0	   98.4	    0.0	    0.0	1	 1173.9	 21	    0.0	    5.0	
    5	   0.50	    0.0	    0.0	  -90.0	    0.0	    0.0	    0.0	    0.0	    0.0	    0.0	    0.0	    0.0	  100.0	   97.9	    0.0	    0.0	    0.0	    0.0	    0.4	  1	  -50.0	 1250.0	   97.9	    0.0	    0.0	1	 1173.9	 21	    0.0	    5.0	
    6	   0.60	    0.0	    0.0	  -90.0	    0.0	    0.0	    0.0	    0.0	    0.0	    0.0	    0.0	    0.0	  100.0	   97.4	    0.0	    0.0	    0.0	    0.0	    0.4	  1	  -50.0	 1250.0	   97.4	    0.0	    0.0	1	 1173.9	 21	    0.0	    5.0	
    7	   0.70	    0.0	    0.0	  -90.0	    0.0	    0.0	    0.0	    0.0	    0.0	    0.0	    0.0	    0.0	  100.0	   96.9	    0.0	    0.0	    0.0	    0.0	    0.5	  1	  -50.0	 1250.0	   96.9	    0.0	    0.0	1	 1173.9	 21	    0.0	    5.0	
    8	   0.80	    0.0	    0.0	  -90.0	    0.0	    0.0	    0.0	    0.0	    0.0	    0.0	    0.0	    0.0	  100.0	   96.4	    0.0	    0.0	    0.0	    0.0	    0.6	  1	  -50.0	 1250.0	   96.4	    0.0	    0.0	1	 1173.9	 21	    0.0	    5.0	
    9	   0.90	    0.0	    0.0	  -90.0	    0.0	    0.0	    0.0	    0.0	    0.0	    0.0	    0.0	    0.0	  100.0	   95.9	    0.0	    0.0	    0.0	    0.0	    0.6	  1	  -50.0	 1250.0	   95.9	    0.0	    0.0	1	 1173.9	 21	    0.0	    5.0	
   10	   1.00	    0.0	    0.0	  -90.0	    0.0	    0.0	    0.0	    0.0	    0.0	    0.0	    0.0	    0.0	  100.0	   95.4	    0.0	    0.0	    0.0	    0.0	    0.7	  1	  -50.0	 1250.0	   95.4	    0.0	    0.0	1	 1173.9	 21	    0.0	    5.0	
   11	   1.10	    0.0	    0.0	  -90.0	    0.0	    0.0	    0.0	    0.0	    0.0	    0.0	    0.0	    0.0	  100.0	   94.9	    0.0	    0.0	    0.0	    0.0	    0.8	  1	  -50.0	 1250.0	   94.9	    0.0	    0.0	1	 1173.9	 21	    0.0	    5.0	
   12	   1.20	    0.0	    0.0	  -90.0	    0.0	    0.0	    0.0	    0.0	    0.0	    0.0	    0.0	    0.0	  100.0	   94.4	    0.0	    0.0	    0.0	    0.0	    0.9	  1	  -50.0	 1250.0	   94.4	    0.0	    0.0	1	 1173.9	 21	    0.0	    5.0	
   13	   1.30	    0.0	    0.0	  -90.0	    0.0	    0.0	    0.0	    0.0	    0.0	    0.0	    0.0	    0.0	  100.0	   93.9	    0.0	    0.0	    0.0	    0.0	    0.9	  1	  -50.0	 1250.0	   93.9	    0.0	    0.0	1	 1173.9	 21	    0.0	    5.0	
   14	   1.40	    0.0	    0.0	  -90.0	    0.0	    0.0	    0.0	    0.0	    0.0	    0.0	    0.0	    0.0	  100.0	   93.4	    0.0	    0.0	    0.0	    0.0	    1.0	  1	  -50.0	 1250.0	   93.4	    0.0	    0.0	1	 1173.9	 21	    0.0	    5.0	
   15	   1.50	    0.0	    0.0	  -90.0	    0.0	    0.0	    0.0	    0.0	    0.0	    0.0	    0.0	    0.0	  100.0	   92.9	    0.0	    0.0	    0.0	    0.0	    1.1	  1	  -50.0	 1250.0	   92.9	    0.0	    0.0	1	 1173.9	 21	    0.0	    5.0	
   16	   1.60	    0.0	    0.0	  -90.0	    0.0	    0.0	    0.0	    0.0	    0.0	    0.0	    0.0	    0.0	  100.0	   92.4	    0.0	    0.0	    0.0	    0.0	    1.1	  1	  -50.0	 1250.0	   92.4	    0.0	    0.0	1	 1173.9	 21	    0.0	    5.0	
   17	   1.70	    0.0	    0.0	  -90.0	    0.0	    0.0	    0.0	    0.0	    0.0	    0.0	    0.0	    0.0	  100.0	   91.9	    0.0	    0.0	    0.0	    0.0	    1.2	  1	  -50.0	 1250.0	   91.9	    0.0	    0.0	1	 1173.9	 21	    0.0	    5.0	
   18	   1.80	    0.0	    0.0	  -90.0	    0.0	    0.0	    0.0	    0.0	    0.0	    0.0	    0.0	    0.0	  100.0	   91.4	    0.0	    0.0	    0.0	    0.0	    1.3	  1	  -50.0	 1250.0	   91.4	    0.0	    0.0	1	 1173.9	 21	    0.0	    5.0	
   19	   1.90	    0.0	    0.0	  -90.0	    0.0	    0.0	    0.0	    0.0	    0.0	    0.0	    0.0	    0.0	  100.0	   90.9	    0.0	    0.0	    0.0	    0.0	    1.4	  1	  -50.0	 1250.0	   90.9	    0.0	    0.0	1	 1173.9	 21	    0.0	    5.0	
   20	   2.00	    0.0	    0.0	  -90.0	    0.0	    0.0	    0.0	    0.0	    0.0	    0.0	    0.0	    0.0	  100.0	   90.4	    0.0	    0.0	    0.0	    0.0	    1.4	  1	  -50.0	 1250.0	   90.4	    0.0	    0.0	1	 1173.9	 21	    0.0	    5.0	
   21	   2.10	    0.0	    0.0	  -90.0	    0.0	    0.0	    0.0	    0.0	    0.0	    0.0	    0.0	    0.0	  100.0	   89.9	    0.0	    0.0	    0.0	    0.0	    1.5	  1	  -50.0	 1250.0	   89.9	    0.0	    0.0	1	 1173.9	 21	    0.0	    5.0	
   22	   2.20	    0.0	    0.0	  -90.0	    0.0	    0.0	    0.0	    0.0	    0.0	    0.0	    0.0	    0.0	  100.0	   89.4	    0.0	    0.0	    0.0	    0.0	    1.6	  1	  -50.0	 1250.0	   89.4	    0.0	    0.0	1	 1173.9	 21	    0.0	    5.0	
   23	   2.30	    0.0	    0.0	  -90.0	    0.0	    0.0	    0.0	    0.0	    0.0	    0.0	    0.0	    0.0	  100.0	   88.9	    0.0	    0.0	    0.0	    0.0	    1.6	  1	  -50.0	 1250.0	   88.9	    0.0	    0.0	1	 1173.9	 21	    0.0	    5.0	
   24	   2.40	    0.0	    0.0	  -90.0	    0.0	    0.0	    0.0	    0.0	    0.0	    0.0	    0.0	    0.0	  100.0	   88.4	    0.0	    0.0	    0.0	    0.0	    1.7	  1	  -50.0	 1250.0	   88.4	    0.0	    0.0	1	 1173.9	 21	    0.0	    5.0	
   25	   2.50	    0.0	    0.0	  -90.0	    0.0	    0.0	    0.0	    0.0	    0.0	    0.0	    0.0	    0.0	  100.0	   87.9	    0.0	    0.0	    0.0	    0.0	    1.8	  1	  -50.0	 1250.0	   87.9	    0.0	    0.0	1	 1173.9	 21	    0.0	    5.0	
   26	   2.60	    0.0	    0.0	  -90.0	    0.0	    0.0	    0.0	    0.0	    0.0	    0.0	    0.0	    0.0	  100.0	   87.4	    0.0	    0.0	    0.0	    0.0	    1.9	  1	  -50.0	 1250.0	   87.4	    0.0	    0.0	1	 1173.9	 21	    0.0	    5.0	
   27	   2.70	    0.0	    0.0	  -90.0	    0.0	    0.0	    0.0	    0.0	    0.0	    0.0	    0.0	    0.0	  100.0	   86.9	    0.0	    0.0	    0.0	    0.0	    1.9	  1	  -50.0	 1250.0	   86.9	    0.0	    0.0	1	 1173.9	 21	    0.0	    5.0	
   28	   2.80	    0.0	    0.0	  -90.0	    0.0	    0.0	    0.0	    0.0	    0.0	    0.0	    0.0	    0.0	  100.0	   86.4	    0.0	    0.0	    0.0	    0.0	    2.0	  1	  -50.0	 1250.0	   86.4	    0.0	    0.0	1	 1173.9	 21	    0.0	    5.0	
   29	   2.90	    0.0	    0.0	  -90.0	    0.0	    0.0	    0.0	    0.0	    0.0	    0.0	    0.0	    0.0	  100.0	   85.9	    0.0	    0.0	    0.0	    0.0	    2.1	  1	  -50.0	 1250.0	   85.9	    0.0	    0.0	1	 1173.9	 21	    0.0	    5.0	
   30	   3.00	    0.0	    0.0	  -90.0	    0.0	    0.0	    0.0	    0.0	    0.0	    0.0	    0.0	    0.0	  100.0	   85.4	    0.0	    0.0	    0.0	    0.0	    2.1	  1	  -50.0	 1250.0	   85.4	    0.0	    0.0	1	 1173.9	 21	    0.0	    5.0	
   31	   3.10	    0.0	    0.0	  -90.0	    0.0	    0.0	    0.0	    0.0	    0.0	    0.0	    0.0	    0.0	  100.0	   84.9	    0.0	    0.0	    0.0	    0.0	    2.2	  1	  -50.0	 1250.0	   84.9	    0.0	    0.0	1	 1173.9	 21	    0.0	    5.0	
   32	   3.20	    0.0	    0.0	  -90.0	    0.0	    0.0	    0.0	    0.0	    0.0	    0.0	    0.0	    0.0	  100.0	   84.4	    0.0	    0.0	    0.0	    0.0	    2.3	  1	  -50.0	 1250.0	   84.4	    0.0	    0.0	1	 1173.9	 21	    0.0	    5.0	
   33	   3.30	    0.0	    0.0	  -90.0	    0.0	    0.0	    0.0	    0.0	    0.0	    0.0	    0.0	    0.0	  100.0	   83.9	    0.0	    0.0	    0.0	    0.0	    2.4	  1	  -50.0	 1250.0	   83.9	    0.0	    0.0	1	 1173.9	 21	    0.0	    5.0	
   34	   3.40	    0.0	    0.0	  -90.0	    0.0	    0.0	    0.0	    0.0	    0.0	    0.0	    0.0	    0.0	  100.0	   83.4	    0.0	    0.0	    0.0	    0.0	    2.4	  1	  -50.0	 1250.0	   83.4	    0.0	    0.0	1	 1173.9	 21	    0.0	    5.0	
   35	   3.50	    0.0	    0.0	  -90.0	    0.0	    0.0	    0.0	    0.0	    0.0	    0.0	    0.0	    0.0	  100.0	   82.9	    0.0	    0.0	    0.0	    0.0	    2.5	  1	  -50.0	 1250.0	   82.9	    0.0	    0.0	1	 1173.1	 21	    0.0	    5.0	
   36	   3.60	    0.0	    0.0	  -91.0	    0.0	    0.0	    0.0	    0.0	    0.0	    0.0	    0.0	    0.0	  100.0	   82.4	    0.0	    0.0	    0.0	    0.0	    2.6	  1	  -50.0	 1250.0	   82.4	    0.0	    0.0	1	 1172.3	 21	    0.0	    5.0	
   37	   3.70	    0.0	    0.0	  -92.5	    0.0	    0.0	    0.0	    0.0	    0.0	    0.0	    0.0	    0.0	  100.0	   81.9	    0.0	    0.0	    0.0	    0.0	    2.6	  1	  -50.0	 1250.0	   81.9	    0.0	    0.0	1	 1171.5	 21	    0.0	    5.0	
   38	   3.80	    0.0	    0.0	  -94.4	    0.0	    0.0	    0.0	    0.0	    0.0	    0.0	    0.0	    0.0	  100.0	   81.4	    0.0	    0.0	    0.0	    0.0	    2.7	  1	  -50.0	 1250.0	   81.4	    0.0	    0.0	1	 1170.7	 21	    0.0	    5.0	
   39	   3.90	    0.0	    0.0	  -96.9	    0.0	    0.0	    0.0	    0.0	    0.0	    0.0	    0.0	    0.0	  100.0	   80.9	    0.0	    0.0	    0.0	    0.0	    2.8	  1	  -50.0	 1250.0	   80.9	    0.0	    0.0	1	 1169.9	 21	    0.0	    5.0	
   40	   4.00	    0.0	    0.0	 -100.1	    0.0	    0.0	    0.0	    0.0	    0.0	    0.0	    0.0	    0.0	  100.0	   80.4	    0.0	    0.0	    0.0	    0.0	    2.9	  1	  -50.0	 1250.0	   80.4	    0.0	    0.0	1	 1169.0	 21	    0.0	    5.0	
   41	   4.10	    0.0	 1500.0	 -104.1	    0.0	 1500.0	    0.0	  200.0	    0.0	 1500.0	    0.0	  200.0	  100.0	   88.2	    0.0	    0.0	    0.0	    0.0	    2.7	  1	  -50.0	 2250.0	   88.2	    0.0	    0.0	1	  505.3	 21	 1207.2	 -192.8	
   42	   4.20	    0.0	 1500.0	   89.3	    0.0	 1500.0	    0.0	  200.0	    0.0	 1500.0	    0.0	  200.0	  100.0	   87.7	    0.0	    0.0	    0.0	    0.0	    2.7	  1	 -750.0	 1550.0	   87.7	    0.0	    0.0	1	  385.7	 21	    0.0	    0.0	
   43	   4.30	    0.0	 1500.0	  102.5	    0.0	 1500.0	    0.0	  200.0	    0.0	 1500.0	    0.0	  200.0	  100.0	   87.2	    0.0	    0.0	    0.0	    0.0	    2.8	  1	 -750.0	 1550.0	   87.2	    0.0	    0.0	1	  385.2	 21	    0.0	    0.0	
   44	   4.40	    0.0	 1500.0	  107.9	    0.0	 1500.0	    0.0	  200.0	    0.0	 1500.0	    0.0	  200.0	  100.0	   86.7	    0.0	    0.0	    0.0	    0.0	    2.8	  1	 -750.0	 1550.0	   86.7	    0.0	    0.0	1	  384.8	 21	    0.0	    0.0	
   45	   4.50	    0.0	 1500.0	  110.6	    0.0	 1500.0	    0.0	  200.0	    0.0	 1500.0	    0.0	  200.0	  100.0	   86.2	    0.0	    0.0	    0.0	    0.0	    2.9	  1	 -750.0	 1550.0	   86.2	    0.0	    0.0	1	  384.3	 21	    0.0	    0.0	
   46	   4.60	    0.0	 1500.0	  112.4	    0.0	 1500.0	    0.0	  200.0	    0.0	 1500.0	    0.0	  200.0	  100.0	   85.7	    0.0	    0.0	    0.0	    0.0	    3.0	  1	 -750.0	 1550.0	   85.7	    0.0	    0.0	1	  383.9	 21	    0.0	    0.0	
   47	   4.70	    0.0	 1500.0	  113.7	    0.0	 1500.0	    0.0	  200.0	    0.0	 1500.0	    0.0	  200.0	  100.0	   85.2	    0.0	    0.0	    0.0	    0.0	    3.0	  1	 -750.0	 1550.0	   85.2	    0.0	    0.0	1	  383.4	 21	    0.0	    0.0	
   48	   4.80	    0.0	 1500.0	  115.0	    0.0	 1500.0	    0.0	  200.0	    0.0	 1500.0	    0.0	  200.0	  100.0	   84.7	    0.0	    0.0	    0.0	    0.0	    3.1	  1	 -750.0	 1550.0	   84.7	    0.0	    0.0	1	  382.9	 21	    0.0	    0.0	
   49	   4.90	    0.0	 1500.0	  116.7	    0.0	 1500.0	    0.0	  200.0	    0.0	 1500.0	    0.0	  200.0	  100.0	   84.2	    0.0	    0.0	    0.0	    0.0	    3.2	  1	 -750.0	 1550.0	   84.2	    0.0	    0.0	1	  382.5	 21	    0.0	    0.0	
   50	   5.00	    0.0	 1500.0	  119.3	    0.0	 1500.0	    0.0	  200.0	    0.0	 1500.0	    0.0	  200.0	  100.0	   83.7	    0.0	    0.0	    0.0	    0.0	    3.2	  1	 -750.0	 1550.0	   83.7	    0.0	    0.0	1	  382.0	 21	    0.0	    0.0	
   51	   5.10	    0.0	 1500.0	  124.1	    0.0	 1500.0	    0.0	  200.0	    0.0	 1500.0	    0.0	  200.0	  100.0	   83.2	    0.0	    0.0	    0.0	    0.0	    3.3	  1	 -750.0	 1550.0	   83.2	    0.0	    0.0	1	  381.5	 21	    0.0	    0.0	
   52	   5.20	    0.0	 1500.0	  134.3	    0.0	 1500.0	    0.0	  200.0	    0.0	 1500.0	    0.0	  200.0	  100.0	   82.7	    0.0	    0.0	    0.0	    0.0	    3.4	  1	 -750.0	 1550.0	   82.7	    0.0	    0.0	1	  381.1	 21	    0.0	    0.0	
   53	   5.30	    0.0	 1500.0	  151.2	    0.0	 1500.0	    0.0	  200.0	    0.0	 1500.0	    0.0	  200.0	  100.0	   82.2	    0.0	    0.0	    0.0	    0.0	    3.5	  1	 -750.0	 1550.0	   82.2	    0.0	    0.0	1	  380.6	 21	    0.0	    0.0	
   54	   5.40	    0.0	 1500.0	  165.4	    0.0	 1500.0	    0.0	  200.0	    0.0	 1500.0	    0.0	  200.0	  100.0	   81.7	    0.0	    0.0	    0.0	    0.0	    3.5	  1	 -750.0	 1550.0	   81.7	    0.0	    0.0	1	  380.1	 21	    0.0	    0.0	
   55	   5.50	    0.0	 1500.0	  171.1	    0.0	 1500.0	    0.0	  200.0	    0.0	 1500.0	    0.0	  200.0	  100.0	   81.2	    0.0	    0.0	    0.0	    0.0	    3.6	  1	 -750.0	 1550.0	   81.2	    0.0	    0.0	1	  379.7	 21	    0.0	    0.0	
   56	   5.60	    0.0	 1500.0	  172.8	    0.0	 1500.0	    0.0	  200.0	    0.0	 1500.0	    0.0	  200.0	  100.0	   80.7	    0.0	    0.0	    0.0	    0.0	    3.7	  1	 -750.0	 1550.0	   80.7	    0.0	    0.0	1	  379.2	 21	    0.0	    0.0	
   57	   5.70	    0.0	 1500.0	  173.3	    0.0	 1500.0	    0.0	  200.0	    0.0	 1500.0	    0.0	  200.0	  100.0	   80.2	    0.0	    0.0	    0.0	    0.0	    3.7	  1	 -750.0	 1550.0	   80.2	    0.0	    0.0	1	  378.7	 21	    0.0	    0.0	
   58	   5.80	    0.0	 1500.0	  173.4	    0.0	 1500.0	    0.0	  200.0	    0.0	 1500.0	    0.0	  200.0	  100.0	   79.7	    0.0	    0.0	    0.0	    0.0	    3.8	  1	 -750.0	 1550.0	   79.7	    0.0	    0.0	1	  378.3	 21	    0.0	    0.0	
   59	   5.90	    0.0	 1500.0	  173.4	    0.0	 1500.0	    0.0	  200.0	    0.0	 1500.0	    0.0	  200.0	  100.0	   79.2	    0.0	    0.0	    0.0	    0.0	    3.9	  1	 -750.0	 1550.0	   79.2	    0.0	    0.0	1	  377.8	 21	    0.0	    0.0	
   60	   6.00	    0.0	 1500.0	  173.3	    0.0	 1500.0	    0.0	  200.0	    0.0	 1500.0	    0.0	  200.0	  100.0	   78.7	    0.0	    0.0	    0.0	    0.0	    3.9	  1	 -750.0	 1550.0	   78.7	    0.0	    0.0	1	  377.3	 21	    0.0	    0.0	
   61	   6.10	    0.0	 1500.0	  173.1	    0.0	 1500.0	    0.0	  200.0	    0.0	 1500.0	    0.0	  200.0	  100.0	   78.2	    0.0	    0.0	    0.0	    0.0	    4.0	  1	 -750.0	 1550.0	   78.2	    0.0	    0.0	1	  376.9	 21	    0.0	    0.0	
   62	   6.20	    0.0	 1500.0	  172.7	    0.0	 1500.0	    0.0	  200.0	    0.0	 1500.0	    0.0	  200.0	  100.0	   77.7	    0.0	    0.0	    0.0	    0.0	    4.1	  1	 -750.0	 1550.0	   77.7	    0.0	    0.0	1	  376.4	 21	    0.0	    0.0	
   63	   6.30	    0.0	 1500.0	  171.7	    0.0	 1500.0	    0.0	  200.0	    0.0	 1500.0	    0.0	  200.0	  100.0	   77.2	    0.0	    0.0	    0.0	    0.0	    4.1	  1	 -750.0	 1550.0	   77.2	    0.0	    0.0	1	  375.9	 21	    0.0	    0.0	
   64	   6.40	    0.0	 1500.0	  167.6	    0.0	 1500.0	    0.0	  200.0	    0.0	 1500.0	    0.0	  200.0	  100.0	   76.7	    0.0	    0.0	    0.0	    0.0	    4.2	  1	 -750.0	 1550.0	   76.7	    0.0	    0.0	1	  375.4	 21	    0.0	    0.0	
   65	   6.50	    0.0	 1500.0	   20.2	    0.0	 1500.0	    0.0	  200.0	    0.0	 1500.0	    0.0	  200.0	  100.0	   76.2	    0.0	    0.0	    0.0	    0.0	    4.3	  1	 -750.0	 1550.0	   76.2	    0.0	    0.0	1	  375.0	 21	    0.0	    0.0	
   66	   6.60	    0.0	 1500.0	    2.6	    0.0	 1500.0	    0.0	  200.0	    0.0	 1500.0	    0.0	  200.0	  100.0	   75.7	    0.0	    0.0	    0.0	    0.0	    4.3	  1	 -750.0	 1550.0	   75.7	    0.0	    0.0	1	  374.5	 21	    0.0	    0.0	
   67	   6.70	    0.0	 1500.0	    2.6	    0.0	 1500.0	    0.0	  200.0	    0.0	 1500.0	    0.0	  200.0	  100.0	   75.2	    0.0	    0.0	    0.0	    0.0	    4.4	  1	 -750.0	 1550.0	   75.2	    0.0	    0.0	1	  374.0	 21	    0.0	    0.0	
   68	   6.80	    0.0	 1500.0	    2.6	    0.0	 1500.0	    0.0	  200.0	    0.0	 1500.0	    0.0	  200.0	  100.0	   74.7	    0.0	    0.0	    0.0	    0.0	    4.5	  1	 -750.0	 1550.0	   74.7	    0.0	    0.0	1	  373.6	 21	    0.0	    0.0	
   69	   6.90	    0.0	 1500.0	    2.6	    0.0	 1500.0	    0.0	  200.0	    0.0	 1500.0	    0.0	  200.0	  100.0	   74.2	    0.0	    0.0	    0.0	    0.0	    4.5	  1	 -750.0	 1550.0	   74.2	    0.0	    0.0	1	  373.1	 21	    0.0	    0.0	
   70	   7.00	    0.0	 1500.0	    2.6	    0.0	 1500.0	    0.0	  200.0	    0.0	 1500.0	    0.0	  200.0	  100.0	   73.7	    0.0	    0.0	    0.0	    0.0	    4.6	  1	 -750.0	 1550.0	   73.7	    0.0	    0.0	1	  372.6	 21	    0.0	    0.0	
   71	   7.10	    0.0	 1500.0	    2.6	    0.0	 1500.0	    0.0	  200.0	    0.0	 1500.0	    0.0	  200.0	  100.0	   73.2	    0.0	    0.0	    0.0	    0.0	    4.7	  1	 -750.0	 1550.0	   73.2	    0.0	    0.0	1	  372.1	 21	    0.0	    0.0	
   72	   7.20	    0.0	 1500.0	    2.6	    0.0	 1500.0	    0.0	  200.0	    0.0	 1500.0	    0.0	  200.0	  100.0	   72.7	    0.0	    0.0	    0.0	    0.0	    4.7	  1	 -750.0	 1550.0	   72.7	    0.0	    0.0	1	  371.7	 21	    0.0	    0.0	
   73	   7.30	    0.0	 1500.0	    2.6	    0.0	 1500.0	    0.0	  200.0	    0.0	 1500.0	    0.0	  200.0	  100.0	   72.2	    0.0	    0.0	    0.0	    0.0	    4.8	  1	 -750.0	 1550.0	   72.2	    0.0	    0.0	1	  371.2	 21	    0.0	    0.0	
   74	   7.40	    0.0	 1500.0	    2.6	    0.0	 1500.0	    0.0	  200.0	    0.0	 1500.0	    0.0	  200.0	  100.0	   71.7	    0.0	    0.0	    0.0	    0.0	    4.9	  1	 -750.0	 1550.0	   71.7	    0.0	    0.0	1	  370.7	 21	    0.0	    0.0	
   75	   7.50	    0.0	 1500.0	    2.6	    0.0	 1500.0	    0.0	  200.0	    0.0	 1500.0	    0.0	  200.0	  100.0	   71.2	    0.0	    0.0	    0.0	    0.0	    4.9	  1	 -750.0	 1550.0	   71.2	    0.0	    0.0	1	  370.2	 21	    0.0	    0.0	
   76	   7.60	    0.0	 1500.0	    2.6	    0.0	 1500.0	    0.0	  200.0	    0.0	 1500.0	    0.0	  200.0	  100.0	   70.7	    0.0	    0.0	    0.0	    0.0	    5.0	  1	 -750.0	 1550.0	   70.7	    0.0	    0.0	1	  369.8	 21	    0.0	    0.0	
   77	   7.70	    0.0	 1500.0	    2.6	    0.0	 1500.0	    0.0	  200.0	    0.0	 1500.0	    0.0	  200.0	  100.0	   70.2	    0.0	    0.0	    0.0	    0.0	    5.1	  1	 -750.0	 1550.0	   70.2	    0.0	    0.0	1	  369.3	 21	    0.0	    0.0	
   78	   7.80	    0.0	 1500.0	    2.6	    0.0	 1500.0	    0.0	  200.0	    0.0	 1500.0	    0.0	  200.0	  100.0	   69.7	    0.0	    0.0	    0.0	    0.0	    5.1	  1	 -750.0	 1550.0	   69.7	    0.0	    0.0	1	  368.8	 21	    0.0	    0.0	
   79	   7.90	    0.0	 1500.0	    2.6	    0.0	 1500.0	    0.0	  200.0	    0.0	 1500.0	    0.0	  200.0	  100.0	   69.2	    0.0	    0.0	    0.0	    0.0	    5.2	  1	 -750.0	 1550.0	   69.2	    0.0	    0.0	1	  368.3	 21	    0.0	    0.0	
   80	   8.00	    0.0	 1500.0	    2.6	    0.0	 1500.0	    0.0	  200.0	    0.0	 1500.0	    0.0	  200.0	  100.0	   68.7	    0.0	    0.0	    0.0	    0.0	    5.3	  1	 -750.0	 1550.0	   68.7	    0.0	    0.0	1	  367.9	 21	    0.0	    0.0	
   81	   8.10	    0.0	 1500.0	    2.6	    0.0	 1500.0	    0.0	  200.0	    0.0	 1500.0	    0.0	  200.0	  100.0	   68.2	    0.0	    0.0	    0.0	    0.0	    5.4	  1	 -750.0	 1550.0	   68.2	    0.0	    0.0	1	  367.4	 21	    0.0	    0.0	
   82	   8.20	    0.0	 1500.0	    2.7	    0.0	 1500.0	    0.0	  200.0	    0.0	 1500.0	    0.0	  200.0	  100.0	   67.7	    0.0	    0.0	    0.0	    0.0	    5.4	  1	 -750.0	 1550.0	   67.7	    0.0	    0.0	1	  366.9	 21	    0.0	    0.0	
   83	   8.30	    0.0	 1500.0	    2.7	    0.0	 1500.0	    0.0	  200.0	    0.0	 1500.0	    0.0	  200.0	  100.0	   67.2	    0.0	    0.0	    0.0	    0.0	    5.5	  1	 -750.0	 1550.0	   67.2	    0.0	    0.0	1	  366.4	 21	    0.0	    0.0	
   84	   8.40	    0.0	 1500.0	    2.7	    0.0	 1500.0	    0.0	  200.0	    0.0	 1500.0	    0.0	  200.0	  100.0	   66.7	    0.0	    0.0	    0.0	    0.0	    5.6	  1	 -750.0	 1550.0	   66.7	    0.0	    0.0	1	  366.0	 21	    0.0	    0.0	
   85	   8.50	    0.0	 1500.0	    2.7	    0.0	 1500.0	    0.0	  200.0	    0.0	 1500.0	    0.0	  200.0	  100.0	   66.2	    0.0	    0.0	    0.0	    0.0	    5.6	  1	 -750.0	 1550.0	   66.2	    0.0	    0.0	1	  365.5	 21	    0.0	    0.0	
   86	   8.60	    0.0	 1500.0	    2.7	    0.0	 1500.0	    0.0	  200.0	    0.0	 1500.0	    0.0	  200.0	  100.0	   65.7	    0.0	    0.0	    0.0	    0.0	    5.7	  1	 -750.0	 1550.0	   65.7	    0.0	    0.0	1	  365.0	 21	    0.0	    0.0	
   87	   8.70	    0.0	 1500.0	    2.7	    0.0	 1500.0	    0.0	  200.0	    0.0	 1500.0	    0.0	  200.0	  100.0	   65.2	    0.0	    0.0	    0.0	    0.0	    5.8	  1	 -750.0	 1550.0	   65.2	    0.0	    0.0	1	  364.5	 21	    0.0	    0.0	
   88	   8.80	    0.0	 1500.0	    2.7	    0.0	 1500.0	    0.0	  200.0	    0.0	 1500.0	    0.0	  200.0	  100.0	   64.7	    0.0	    0.0	    0.0	    0.0	    5.8	  1	 -750.0	 1550.0	   64.7	    0.0	    0.0	1	  364.0	 21	    0.0	    0.0	
   89	   8.90	    0.0	 1500.0	    2.8	    0.0	 1500.0	    0.0	  200.0	    0.0	 1500.0	    0.0	  200.0	  100.0	   64.2	    0.0	    0.0	    0.0	    0.0	    5.9	  1	 -750.0	 1550.0	   64.2	    0.0	    0.0	1	  363.6	 21	    0.0	    0.0	
   90	   9.00	    0.0	 1500.0	    2.8	    0.0	 1500.0	    0.0	  200.0	    0.0	 1500.0	    0.0	  200.0	  100.0	   63.7	    0.0	    0.0	    0.0	    0.0	    6.0	  1	 -750.0	 1550.0	   63.7	    0.0	    0.0	1	  363.1	 21	    0.0	    0.0	
   91	   9.10	    0.0	 1500.0	    2.9	    0.0	 1500.0	    0.0	  200.0	    0.0	 1500.0	    0.0	  200.0	  100.0	   63.2	    0.0	    0.0	    0.0	    0.0	    6.0	  1	 -750.0	 1550.0	   63.2	    0.0	    0.0	1	  362.6	 21	    0.0	    0.0	
   92	   9.20	    0.0	 1500.0	    2.9	    0.0	 1500.0	    0.0	  200.0	    0.0	 1500.0	    0.0	  200.0	  100.0	   62.7	    0.0	    0.0	    0.0	    0.0	    6.1	  1	 -750.0	 1550.0	   62.7	    0.0	    0.0	1	  362.1	 21	    0.0	    0.0	
   93	   9.30	    0.0	 1500.0	    3.0	    0.0	 1500.0	    0.0	  200.0	    0.0	 1500.0	    0.0	  200.0	  100.0	   62.2	    0.0	    0.0	    0.0	    0.0	    6.2	  1	 -750.0	 1550.0	   62.2	    0.0	    0.0	1	  361.6	 21	    0.0	    0.0	
   94	   9.40	    0.0	 1500.0	    3.1	    0.0	 1500.0	    0.0	  200.0	    0.0	 1500.0	    0.0	  200.0	  100.0	   61.7	    0.0	    0.0	    0.0	    0.0	    6.2	  1	 -750.0	 1550.0	   61.7	    0.0	    0.0	1	  361.1	 21	    0.0	    0.0	
   95	   9.50	    0.0	 1500.0	    3.3	    0.0	 1500.0	    0.0	  200.0	    0.0	 1500.0	    0.0	  200.0	  100.0	   61.2	    0.0	    0.0	    0.0	    0.0	    6.3	  1	 -750.0	 1550.0	   61.2	    0.0	    0.0	1	  360.7	 21	    0.0	    0.0	
   96	   9.60	    0.0	 1500.0	    3.4	    0.0	 1500.0	    0.0	  200.0	    0.0	 1500.0	    0.0	  200.0	  100.0	   60.7	    0.0	    0.0	    0.0	    0.0	    6.4	  1	 -750.0	 1550.0	   60.7	    0.0	    0.0	1	  360.2	 21	    0.0	    0.0	
   97	   9.70	    0.0	 1500.0	    3.7	    0.0	 1500.0	    0.0	  200.0	    0.0	 1500.0	    0.0	  200.0	  100.0	   60.2	    0.0	    0.0	    0.0	    0.0	    6.4	  1	 -750.0	 1550.0	   60.2	    0.0	    0.0	1	  359.7	 21	    0.0	    0.0	
   98	   9.80	    0.0	 1500.0	    4.0	    0.0	 1500.0	    0.0	  200.0	    0.0	 1500.0	    0.0	  200.0	  100.0	   59.7	    0.0	    0.0	    0.0	    0.0	    6.5	  1	 -750.0	 1550.0	   59.7	    0.0	    0.0	1	  359.2	 21	    0.0	    0.0	
   99	   9.90	    0.0	 1500.0	    4.4	    0.0	 1500.0	    0.0	  200.0	    0.0	 1500.0	    0.0	  200.0	  100.0	   59.2	    0.0	    0.0	    0.0	    0.0	    6.6	  1	 -750.0	 1550.0	   59.2	    0.0	    0.0	1	  358.7	 21	    0.0	    0.0	
  100	  10.00	    0.0	 1500.0	    4.9	    0.0	 1500.0	    0.0	  200.0	    0.0	 1500.0	    0.0	  200.0	  100.0	   58.7	    0.0	    0.0	    0.0	    0.0	    6.6	  1	 -750.0	 1550.0	   58.7	    0.0	    0.0	1	  358.3	 21	    0.0	    0.0	
  101	  10.10	    0.0	 1500.0	    5.6	    0.0	 1500.0	    0.0	  200.0	    0.0	 1500.0	    0.0	  200.0	  100.0	   58.2	    0.0	    0.0	    0.0	    0.0	    6.7	  1	 -750.0	 1550.0	   58.2	    0.0	    0.0	1	  357.8	 21	    0.0	    0.0	
  102	  10.20	    0.0	 1500.0	    6.5	    0.0	 1500.0	    0.0	  200.0	    0.0	 1500.0	    0.0	  200.0	  100.0	   57.7	    0.0	    0.0	    0.0	    0.0	    6.8	  1	 -750.0	 1550.0	   57.7	    0.0	    0.0	1	  357.3	 21	    0.0	    0.0	
  103	  10.30	    0.0	 1500.0	    7.6	    0.0	 1500.0	    0.0	  200.0	    0.0	 1500.0	    0.0	  200.0	  100.0	   57.2	    0.0	    0.0	    0.0	    0.0	    6.8	  1	 -750.0	 1550.0	   57.2	    0.0	    0.0	1	  356.8	 21	    0.0	    0.0	
  104	  10.40	    0.0	 1500.0	    9.1	    0.0	 1500.0	    0.0	  200.0	    0.0	 1500.0	    0.0	  200.0	  100.0	   56.7	    0.0	    0.0	    0.0	    0.0	    6.9	  1	 -750.0	 1550.0	   56.7	    0.0	    0.0	1	  356.3	 21	    0.0	    0.0	
  105	  10.50	    0.0	 1500.0	   10.8	    0.0	 1500.0	    0.0	  200.0	    0.0	 1500.0	    0.0	  200.0	  100.0	   56.2	    0.0	    0.0	    0.0	    0.0	    7.0	  1	 -750.0	 1550.0	   56.2	    0.0	    0.0	1	  355.8	 21	    0.0	    0.0	
  106	  10.60	    0.0	 1500.0	   13.0	    0.0	 1500.0	    0.0	  200.0	    0.0	 1500.0	    0.0	  200.0	  100.0	   55.7	    0.0	    0.0	    0.0	    0.0	    7.0	  1	 -750.0	 1550.0	   55.7	    0.0	    0.0	1	  355.3	 21	    0.0	    0.0	
  107	  10.70	    0.0	 1500.0	   15.7	    0.0	 1500.0	    0.0	  200.0	    0.0	 1500.0	    0.0	  200.0	  100.0	   55.2	    0.0	    0.0	    0.0	    0.0	    7.1	  1	 -750.0	 1550.0	   55.2	    0.0	    0.0	1	  354.9	 21	    0.0	    0.0	
  108	  10.80	    0.0	 1500.0	   19.3	    0.0	 1500.0	    0.0	  200.0	    0.0	 1500.0	    0.0	  200.0	  100.0	   54.7	    0.0	    0.0	    0.0	    0.0	    7.2	  1	 -750.0	 1550.0	   54.7	    0.0	    0.0	1	  354.4	 21	    0.0	    0.0	
  109	  10.90	    0.0	 1500.0	   23.7	    0.0	 1500.0	    0.0	  200.0	    0.0	 1500.0	    0.0	  200.0	  100.0	   54.2	    0.0	    0.0	    0.0	    0.0	    7.3	  1	 -750.0	 1550.0	   54.2	    0.0	    0.0	1	  353.9	 21	    0.0	    0.0	
  110	  11.00	    0.0	 1500.0	   29.1	    0.0	 1500.0	    0.0	  200.0	    0.0	 1500.0	    0.0	  200.0	  100.0	   53.7	    0.0	    0.0	    0.0	    0.0	    7.3	  1	 -750.0	 1550.0	   53.7	    0.0	    0.0	1	  353.4	 21	    0.0	    0.0	
  111	  11.10	    0.0	 1500.0	   35.4	    0.0	 1500.0	    0.0	  200.0	    0.0	 1500.0	    0.0	  200.0	  100.0	   53.2	    0.0	    0.0	    0.0	    0.0	    7.4	  1	 -750.0	 1550.0	   53.2	    0.0	    0.0	1	  352.9	 21	    0.0	    0.0	
  112	  11.20	    0.0	 1500.0	   42.3	    0.0	 1500.0	    0.0	  200.0	    0.0	 1500.0	    0.0	  200.0	  100.0	   52.7	    0.0	    0.0	    0.0	    0.0	    7.5	  1	 -750.0	 1550.0	   52.7	    0.0	    0.0	1	  352.4	 21	    0.0	    0.0	
  113	  11.30	    0.0	 1500.0	   49.6	    0.0	 1500.0	    0.0	  200.0	    0.0	 1500.0	    0.0	  200.0	  100.0	   52.2	    0.0	    0.0	    0.0	    0.0	    7.5	  1	 -750.0	 1550.0	   52.2	    0.0	    0.0	1	  351.9	 21	    0.0	    0.0	
  114	  11.40	    0.0	 1500.0	   56.9	    0.0	 1500.0	    0.0	  200.0	    0.0	 1500.0	    0.0	  200.0	  100.0	   51.7	    0.0	    0.0	    0.0	    0.0	    7.6	  1	 -750.0	 1550.0	   51.7	    0.0	    0.0	1	  351.4	 21	    0.0	    0.0	
  115	  11.50	    0.0	 1500.0	   63.6	    0.0	 1500.0	    0.0	  200.0	    0.0	 1500.0	    0.0	  200.0	  100.0	   51.2	    0.0	    0.0	    0.0	    0.0	    7.7	  1	 -750.0	 1550.0	   51.2	    0.0	    0.0	1	  351.0	 21	    0.0	    0.0	
  116	  11.60	    0.0	 1500.0	   69.4	    0.0	 1500.0	    0.0	  200.0	    0.0	 1500.0	    0.0	  200.0	  100.0	   50.7	    0.0	    0.0	    0.0	    0.0	    7.7	  1	 -750.0	 1550.0	   50.7	    0.0	    0.0	1	  350.5	 21	    0.0	    0.0	
  117	  11.70	    0.0	 1500.0	   74.3	    0.0	 1500.0	    0.0	  200.0	    0.0	 1500.0	    0.0	  200.0	  100.0	   50.2	    0.0	    0.0	    0.0	    0.0	    7.8	  1	 -750.0	 1550.0	   50.2	    0.0	    0.0	1	  350.0	 21	    0.0	    0.0	
  118	  11.80	    0.0	 1500.0	   78.2	    0.0	 1500.0	    0.0	  200.0	    0.0	 1500.0	    0.0	  200.0	  100.0	   49.7	    0.0	    0.0	    0.0	    0.0	    7.9	  1	 -750.0	 1550.0	   49.7	    0.0	    0.0	1	  349.5	 21	    0.0	    0.0	
  119	  11.90	    0.0	 1500.0	   81.4	    0.0	 1500.0	    0.0	  200.0	    0.0	 1500.0	    0.0	  200.0	  100.0	   49.2	    0.0	    0.0	    0.0	    0.0	    7.9	  1	 -750.0	 1550.0	   49.2	    0.0	    0.0	1	  349.0	 21	    0.0	    0.0	
  120	  12.00	    0.0	 1500.0	   83.8	    0.0	 1500.0	    0.0	  200.0	    0.0	 1500.0	    0.0	  200.0	  100.0	   48.7	    0.0	    0.0	    0.0	    0.0	    8.0	  1	 -750.0	 1550.0	   48.7	    0.0	    0.0	1	  348.5	 21	    0.0	    0.0	
  121	  12.10	    0.0	 1500.0	 -177.7	    0.0	 1500.0	    0.0	  200.0	    0.0	 1500.0	    0.0	  200.0	  100.0	   48.2	    0.0	    0.0	    0.0	    0.0	    8.1	  1	 -750.0	 1550.0	   48.2	    0.0	    0.0	1	  348.0	 21	    0.0	    0.0	
  122	  12.20	    0.0	 1500.0	 -177.7	    0.0	 1500.0	    0.0	  200.0	    0.0	 1500.0	    0.0	  200.0	  100.0	   47.7	    0.0	    0.0	    0.0	    0.0	    8.1	  1	 -750.0	 1550.0	   47.7	    0.0	    0.0	1	  347.5	 21	    0.0	    0.0	
  123	  12.30	    0.0	 1500.0	 -177.7	    0.0	 1500.0	    0.0	  200.0	    0.0	 1500.0	    0.0	  200.0	  100.0	   47.2	    0.0	    0.0	    0.0	    0.0	    8.2	  1	 -750.0	 1550.0	   47.2	    0.0	    0.0	1	  347.0	 21	    0.0	    0.0	
  124	  12.40	    0.0	 1500.0	 -177.7	    0.0	 1500.0	    0.0	  200.0	    0.0	 1500.0	    0.0	  200.0	  100.0	   46.7	    0.0	    0.0	    0.0	    0.0	    8.3	  1	 -750.0	 1550.0	   46.7	    0.0	    0.0	1	  346.6	 21	    0.0	    0.0	
  125	  12.50	    0.0	 1500.0	 -177.7	    0.0	 1500.0	    0.0	  200.0	    0.0	 1500.0	    0.0	  200.0	  100.0	   46.2	    0.0	    0.0	    0.0	    0.0	    8.3	  1	 -750.0	 1550.0	   46.2	    0.0	    0.0	1	  346.1	 21	    0.0	    0.0	
  126	  12.60	    0.0	 1500.0	 -177.7	    0.0	 1500.0	    0.0	  200.0	    0.0	 1500.0	    0.0	  200.0	  100.0	   45.7	    0.0	    0.0	    0.0	    0.0	    8.4	  1	 -750.0	 1550.0	   45.7	    0.0	    0.0	1	  345.6	 21	    0.0	    0.0	
  127	  12.70	    0.0	 1500.0	 -177.7	    0.0	 1500.0	    0.0	  200.0	    0.0	 1500.0	    0.0	  200.0	  100.0	   45.2	    0.0	    0.0	    0.0	    0.0	    8.5	  1	 -750.0	 1550.0	   45.2	    0.0	    0.0	1	  345.1	 21	    0.0	    0.0	
  128	  12.80	    0.0	 1500.0	 -177.7	    0.0	 1500.0	    0.0	  200.0	    0.0	 1500.0	    0.0	  200.0	  100.0	   44.7	    0.0	    0.0	    0.0	    0.0	    8.5	  1	 -750.0	 1550.0	   44.7	    0.0	    0.0	1	  344.6	 21	    0.0	    0.0	
  129	  12.90	    0.0	 1500.0	 -177.7	    0.0	 1500.0	    0.0	  200.0	    0.0	 1500.0	    0.0	  200.0	  100.0	   44.2	    0.0	    0.0	    0.0	    0.0	    8.6	  1	 -750.0	 1550.0	   44.2	    0.0	    0.0	1	  344.1	 21	    0.0	    0.0	
  130	  13.00	    0.0	 1500.0	 -177.7	    0.0	 1500.0	    0.0	  200.0	    0.0	 1500.0	    0.0	  200.0	  100.0	   43.7	    0.0	    0.0	    0.0	    0.0	    8.7	  1	 -750.0	 1550.0	   43.7	    0.0	    0.0	1	  343.6	 21	    0.0	    0.0	
  131	  13.10	    0.0	 1500.0	 -177.7	    0.0	 1500.0	    0.0	  200.0	    0.0	 1500.0	    0.0	  200.0	  100.0	   43.2	    0.0	    0.0	    0.0	    0.0	    8.7	  1	 -750.0	 1550.0	   43.2	    0.0	    0.0	1	  343.1	 21	    0.0	    0.0	
  132	  13.20	    0.0	 1500.0	 -177.7	    0.0	 1500.0	    0.0	  200.0	    0.0	 1500.0	    0.0	  200.0	  100.0	   42.7	    0.0	    0.0	    0.0	    0.0	    8.8	  1	 -750.0	 1550.0	   42.7	    0.0	    0.0	1	  342.6	 21	    0.0	    0.0	
  133	  13.30	    0.0	 1500.0	 -177.7	    0.0	 1500.0	    0.0	  200.0	    0.0	 1500.0	    0.0	  200.0	  100.0	   42.2	    0.0	    0.0	    0.0	    0.0	    8.9	  1	 -750.0	 1550.0	   42.2	    0.0	    0.0	1	  342.1	 21	    0.0	    0.0	
  134	  13.40	    0.0	 1500.0	 -177.7	    0.0	 1500.0	    0.0	  200.0	    0.0	 1500.0	    0.0	  200.0	  100.0	   41.7	    0.0	    0.0	    0.0	    0.0	    8.9	  1	 -750.0	 1550.0	   41.7	    0.0	    0.0	1	  341.6	 21	    0.0	    0.0	
  135	  13.50	    0.0	 1500.0	 -177.7	    0.0	 1500.0	    0.0	  200.0	    0.0	 1500.0	    0.0	  200.0	  100.0	   41.2	    0.0	    0.0	    0.0	    0.0	    9.0	  1	 -750.0	 1550.0	   41.2	    0.0	    0.0	1	  341.1	 21	    0.0	    0.0	
  136	  13.60	    0.0	 1500.0	 -177.8	    0.0	 1500.0	    0.0	  200.0	    0.0	 1500.0	    0.0	  200.0	  100.0	   40.7	    0.0	    0.0	    0.0	    0.0	    9.1	  1	 -750.0	 1550.0	   40.7	    0.0	    0.0	1	  340.6	 21	    0.0	    0.0	
  137	  13.70	    0.0	 1500.0	 -177.8	    0.0	 1500.0	    0.0	  200.0	    0.0	 1500.0	    0.0	  200.0	  100.0	   40.2	    0.0	    0.0	    0.0	    0.0	    9.1	  1	 -750.0	 1550.0	   40.2	    0.0	    0.0	1	  340.2	 21	    0.0	    0.0	
  138	  13.80	    0.0	 1500.0	 -177.9	    0.0	 1500.0	    0.0	  200.0	    0.0	 1500.0	    0.0	  200.0	  100.0	   39.7	    0.0	    0.0	    0.0	    0.0	    9.2	  1	 -750.0	 1550.0	   39.7	    0.0	    0.0	1	  339.7	 21	    0.0	    0.0	
  139	  13.90	    0.0	 1500.0	 -178.1	    0.0	 1500.0	    0.0	  200.0	    0.0	 1500.0	    0.0	  200.0	  100.0	   39.2	    0.0	    0.0	    0.0	    0.0	    9.3	  1	 -750.0	 1550.0	   39.2	    0.0	    0.0	1	  339.2	 21	    0.0	    0.0	
  140	  14.00	    0.0	 1500.0	    3.0	    0.0	 1500.0	    0.0	  200.0	    0.0	 1500.0	    0.0	  200.0	  100.0	   38.7	    0.0	    0.0	    0.0	    0.0	    9.4	  1	 -750.0	 1550.0	   38.7	    0.0	    0.0	1	  338.7	 21	    0.0	    0.0	
  141	  14.10	    0.0	 1500.0	    2.3	    0.0	 1500.0	    0.0	  200.0	    0.0	 1500.0	    0.0	  200.0	  100.0	   38.2	    0.0	    0.0	    0.0	    0.0	    9.4	  1	 -750.0	 1550.0	   38.2	    0.0	    0.0	1	  338.2	 21	    0.0	    0.0	
  142	  14.20	    0.0	 1500.0	    2.3	    0.0	 1500.0	    0.0	  200.0	    0.0	 1500.0	    0.0	  200.0	  100.0	   37.7	    0.0	    0.0	    0.0	    0.0	    9.5	  1	 -750.0	 1550.0	   37.7	    0.0	    0.0	1	  337.7	 21	    0.0	    0.0	
  143	  14.30	    0.0	 1500.0	    2.3	    0.0	 1500.0	    0.0	  200.0	    0.0	 1500.0	    0.0	  200.0	  100.0	   37.2	    0.0	    0.0	    0.0	    0.0	    9.6	  1	 -750.0	 1550.0	   37.2	    0.0	    0.0	1	  337.2	 21	    0.0	    0.0	
  144	  14.40	    0.0	 1500.0	    2.3	    0.0	 1500.0	    0.0	  200.0	    0.0	 1500.0	    0.0	  200.0	  100.0	   36.7	    0.0	    0.0	    0.0	    0.0	    9.6	  1	 -750.0	 1550.0	   36.7	    0.0	    0.0	1	  336.7	 21	    0.0	    0.0	
  145	  14.50	    0.0	 1500.0	    2.3	    0.0	 1500.0	    0.0	  200.0	    0.0	 1500.0	    0.0	  200.0	  100.0	   36.2	    0.0	    0.0	    0.0	    0.0	    9.7	  1	 -750.0	 1550.0	   36.2	    0.0	    0.0	1	  336.2	 21	    0.0	    0.0	
  146	  14.60	    0.0	 1500.0	    2.3	    0.0	 1500.0	    0.0	  200.0	    0.0	 1500.0	    0.0	  200.0	  100.0	   35.7	    0.0	    0.0	    0.0	    0.0	    9.8	  1	 -750.0	 1550.0	   35.7	    0.0	    0.0	1	  335.7	 21	    0.0	    0.0	
  147	  14.70	    0.0	 1500.0	    2.3	    0.0	 1500.0	    0.0	  200.0	    0.0	 1500.0	    0.0	  200.0	  100.0	   35.2	    0.0	    0.0	    0.0	    0.0	    9.8	  1	 -750.0	 1550.0	   35.2	    0.0	    0.0	1	  335.2	 21	 1399.2	   19.9	
  148	  14.80	    0.0	 1500.0	    2.3	    0.0	 1500.0	    0.0	  200.0	    0.0	 1500.0	    0.0	  200.0	  100.0	   34.7	    0.0	    0.0	    0.0	    0.0	    9.9	  1	 -750.0	 1550.0	   34.7	    0.0	    0.0	1	  334.7	 21	 1397.1	   19.7	
  149	  14.90	  440.1	 1595.6	    2.3	    0.0	 1500.0	    0.0	  200.0	    0.0	 1500.0	    0.0	  200.0	  100.0	   34.2	    0.0	    0.0	    0.0	    0.0	    9.9	  1	  750.0	 1550.0	   34.2	    0.0	    0.0	1	  285.1	 21	 1387.8	   18.8	
  150	  15.00	  440.1	 1595.6	    8.6	    0.0	 1500.0	    0.0	  200.0	    0.0	 1500.0	    0.0	  200.0	  100.0	   33.8	    0.0	    0.0	    0.0	    0.0	    9.8	  1	  750.0	 1550.0	   33.8	    0.0	    0.0	1	  285.1	 21	 1385.9	   18.6	
  151	  15.10	  440.1	 1595.6	    8.6	  936.3	 1357.0	    0.0	  200.0	    0.0	 1500.0	    0.0	  200.0	  100.0	   46.9	    0.0	    0.0	    0.0	    0.0	    9.9	  1	  750.0	 1350.0	   46.9	    0.0	    0.0	1	  392.9	 21	 1209.3	 -190.7	
  152	  15.20	  440.1	 1595.6	   30.4	  936.3	 1357.0	    0.0	  200.0	    0.0	 1500.0	    0.0	  200.0	  100.0	   46.4	    0.0	    0.0	    0.0	    0.1	    9.9	  1	  750.0	 2050.0	   46.4	    0.0	    0.1	1	  317.2	 21	    0.0	    0.0	
  153	  15.30	  440.1	 1595.6	   29.9	  936.3	 1357.0	    0.0	  200.0	    0.0	 1500.0	    0.0	  200.0	  100.0	   46.0	    0.0	    0.0	    0.0	    0.1	    9.9	  1	  750.0	 2050.0	   46.0	    0.0	    0.1	1	  316.9	 21	    0.0	    0.0	
  154	  15.40	  440.1	 1595.6	   29.9	  929.1	 1348.8	    0.0	  200.0	    0.0	 1500.0	    0.0	  200.0	  100.0	   45.5	    0.0	    0.0	    0.0	    0.1	   10.0	  1	  750.0	 2050.0	   45.5	    0.0	    0.1	1	  318.4	 21	    0.0	    0.0	
  155	  15.50	  440.1	 1595.6	   29.8	  929.1	 1348.8	    0.0	  200.0	    0.0	 1500.0	    0.0	  200.0	  100.0	   45.0	    0.0	    0.0	    0.0	    0.1	   10.0	  1	  750.0	 2050.0	   45.0	    0.0	    0.1	1	  318.2	 21	    0.0	    0.0	
  156	  15.60	  440.1	 1595.6	   29.8	  929.1	 1348.8	    0.0	  200.0	    0.0	 1500.0	    0.0	  200.0	  100.0	   44.6	    0.0	    0.0	    0.0	    0.2	   10.1	  1	  750.0	 2050.0	   44.6	    0.0	    0.2	1	  317.9	 21	    0.0	    0.0	
  157	  15.70	  440.1	 1595.6	   29.7	  929.1	 1348.8	    0.0	  200.0	    0.0	 1500.0	    0.0	  200.0	  100.0	   44.1	    0.0	    0.0	    0.0	    0.2	   10.1	  1	  750.0	 2050.0	   44.1	    0.0	    0.2	1	  317.6	 21	    0.0	    0.0	
  158	  15.80	  440.1	 1595.6	   29.6	  929.1	 1348.8	    0.0	  200.0	    0.0	 1500.0	    0.0	  200.0	  100.0	   43.6	    0.0	    0.0	    0.0	    0.2	   10.2	  1	  750.0	 2050.0	   43.6	    0.0	    0.2	1	  317.3	 21	    0.0	    0.0	
  159	  15.90	  440.1	 1595.6	   29.5	  890.7	 1327.6	    0.0	  200.0	    0.0	 1500.0	    0.0	  200.0	  100.0	   43.2	    0.0	    0.0	    0.0	    0.2	   10.3	  1	  750.0	 2050.0	   43.2	    0.0	    0.2	1	  323.3	 21	    0.0	    0.0	
  160	  16.00	  440.1	 1595.6	   33.0	  890.7	 1327.6	    0.0	  200.0	    0.0	 1500.0	    0.0	  200.0	  100.0	   42.7	    0.0	    0.0	    0.0	    0.2	   10.3	  1	  750.0	 2050.0	   42.7	    0.0	    0.2	1	  323.0	 21	    0.0	    0.0	
  161	  16.10	  440.1	 1595.6	   34.4	  890.7	 1327.6	    0.0	  200.0	    0.0	 1500.0	    0.0	  200.0	  100.0	   42.2	    0.0	    0.0	    0.0	    0.3	   10.4	  1	  750.0	 2050.0	   42.2	    0.0	    0.3	1	  322.6	 21	    0.0	    0.0	
  162	  16.20	  440.1	 1595.6	   34.9	  890.7	 1327.6	    0.0	  200.0	    0.0	 1500.0	    0.0	  200.0	  100.0	   41.8	    0.0	    0.0	    0.0	    0.3	   10.4	  1	  750.0	 2050.0	   41.8	    0.0	    0.3	1	  322.3	 21	    0.0	    0.0	
  163	  16.30	  440.1	 1595.6	   34.9	  890.7	 1327.6	    0.0	  200.0	    0.0	 1500.0	    0.0	  200.0	  100.0	   41.3	    0.0	    0.0	    0.0	    0.3	   10.5	  1	  750.0	 2050.0	   41.3	    0.0	    0.3	1	  322.0	 21	    0.0	    0.0	
  164	  16.40	  440.1	 1595.6	   34.7	  875.4	 1324.1	    0.0	  200.0	    0.0	 1500.0	    0.0	  200.0	  100.0	   40.8	    0.0	    0.0	    0.0	    0.3	   10.6	  1	  750.0	 2050.0	   40.8	    0.0	    0.3	1	  323.5	 21	    0.0	    0.0	
  165	  16.50	  440.1	 1595.6	   41.3	  875.4	 1324.1	    0.0	  200.0	    0.0	 1500.0	    0.0	  200.0	  100.0	   40.4	    0.0	    0.0	    0.0	    0.3	   10.6	  1	  750.0	 2050.0	   40.4	    0.0	    0.3	1	  323.1	 21	    0.0	    0.0	
  166	  16.60	  440.1	 1595.6	   42.4	  875.4	 1324.1	    0.0	  200.0	    0.0	 1500.0	    0.0	  200.0	  100.0	   39.9	    0.0	    0.0	    0.0	    0.3	   10.7	  1	  750.0	 2050.0	   39.9	    0.0	    0.3	1	  322.8	 21	    0.0	    0.0	
  167	  16.70	  440.1	 1595.6	   42.4	  875.4	 1324.1	    0.0	  200.0	    0.0	 1500.0	    0.0	  200.0	  100.0	   39.4	    0.0	    0.0	    0.0	    0.4	   10.8	  1	  750.0	 2050.0	   39.4	    0.0	    0.4	1	  322.4	 21	    0.0	    0.0	
  168	  16.80	  440.1	 1595.6	   42.1	  871.2	 1324.4	    0.0	  200.0	    0.0	 1500.0	    0.0	  200.0	  100.0	   39.0	    0.0	    0.0	    0.0	    0.4	   10.9	  1	  750.0	 2050.0	   39.0	    0.0	    0.4	1	  322.4	 21	    0.0	    0.0	
  169	  16.90	  440.1	 1595.6	   46.5	  871.2	 1324.4	    0.0	  200.0	    0.0	 1500.0	    0.0	  200.0	  100.0	   38.5	    0.0	    0.0	    0.0	    0.4	   10.9	  1	  750.0	 2050.0	   38.5	    0.0	    0.4	1	  322.1	 21	    0.0	    0.0	
  170	  17.00	  440.1	 1595.6	   46.3	  871.2	 1324.4	    0.0	  200.0	    0.0	 1500.0	    0.0	  200.0	  100.0	   38.0	    0.0	    0.0	    0.0	    0.4	   11.0	  1	  750.0	 2050.0	   38.0	    0.0	    0.4	1	  321.7	 21	    0.0	    0.0	
  171	  17.10	  440.1	 1595.6	   45.7	  873.0	 1338.1	    0.0	  200.0	    0.0	 1500.0	    0.0	  200.0	  100.0	   37.6	    0.0	    0.0	    0.0	    0.4	   11.1	  1	  750.0	 2050.0	   37.6	    0.0	    0.4	1	  319.7	 21	    0.0	    0.0	
  172	  17.20	  440.1	 1595.6	   78.5	  873.0	 1338.1	    0.0	  200.0	    0.0	 1500.0	    0.0	  200.0	  100.0	   37.1	    0.0	    0.0	    0.0	    0.4	   11.1	  1	  750.0	 2050.0	   37.1	    0.0	    0.4	1	  319.4	 21	 1399.5	   20.0	
  173	  17.30	  440.1	 1595.6	 -138.2	  873.0	 1338.1	    0.0	  200.0	    0.0	 1500.0	    0.0	  200.0	  100.0	   36.6	    0.0	    0.0	    0.0	    0.4	   11.2	  1	  750.0	 2050.0	   36.6	    0.0	    0.4	1	  319.0	 21	 1397.7	   19.8	
  174	  17.40	  440.1	 1595.6	 -135.8	  873.0	 1338.1	    0.0	  200.0	    0.0	 1500.0	    0.0	  200.0	  100.0	   36.2	    0.0	    0.0	    0.0	    0.5	   11.3	  1	  750.0	 2050.0	   36.2	    0.0	    0.5	1	  318.7	 21	 1395.8	   19.6	
  175	  17.50	  440.1	 1595.6	 -135.8	  879.2	 1341.3	    0.0	  200.0	    0.0	 1500.0	    0.0	  200.0	  100.0	   35.7	    0.0	    0.0	    0.0	    0.5	   11.3	  1	  750.0	 2050.0	   35.7	    0.0	    0.5	1	  317.5	 21	 1393.8	   19.4	
  176	  17.60	  440.1	 1595.6	 -135.7	  879.2	 1341.3	    0.0	  200.0	    0.0	 1500.0	    0.0	  200.0	  100.0	   35.2	    0.0	    0.0	    0.0	    0.5	   11.4	  1	  750.0	 2050.0	   35.2	    0.0	    0.5	1	  317.1	 21	 1391.9	   19.2	
  177	  17.70	  440.1	 1595.6	 -135.7	  879.2	 1341.3	    0.0	  200.0	    0.0	 1500.0	    0.0	  200.0	  100.0	   34.8	    0.0	    0.0	    0.0	    0.5	   11.5	  1	  750.0	 2050.0	   34.8	    0.0	    0.5	1	  316.8	 21	 1390.0	   19.0	
  178	  17.80	  440.1	 1595.6	 -135.7	  879.2	 1341.3	    0.0	  200.0	    0.0	 1500.0	    0.0	  200.0	  100.0	   34.3	    0.0	    0.0	    0.0	    0.5	   11.5	  1	  750.0	 2050.0	   34.3	    0.0	    0.5	1	  316.5	 21	 1388.2	   18.8	
  179	  17.90	  440.1	 1595.6	 -135.7	  879.2	 1341.3	    0.0	  200.0	    0.0	 1500.0	    0.0	  200.0	  100.0	   33.8	    0.0	    0.0	    0.0	    0.5	   11.6	  1	  750.0	 2050.0	   33.8	    0.0	    0.5	1	  316.2	 21	 1386.3	   18.6	
  180	  18.00	  440.1	 1595.6	 -135.6	  879.2	 1341.3	    0.0	  200.0	    0.0	 1500.0	    0.0	  200.0	  100.0	   33.4	    0.0	    0.0	    0.0	    0.5	   11.7	  1	  750.0	 2050.0	   33.4	    0.0	    0.5	1	  315.8	 21	 1384.4	   18.4	
  181	  18.10	  440.1	 1595.6	 -135.6	  883.7	 1345.4	    0.0	  200.0	    0.0	 1500.0	    0.0	  200.0	  100.0	   32.9	    0.0	    0.0	    0.0	    0.6	   11.7	  1	  750.0	 2050.0	   32.9	    0.0	    0.6	1	  314.7	 21	 1382.5	   18.3	
  182	  18.20	  440.1	 1595.6	 -135.8	  883.7	 1345.4	    0.0	  200.0	    0.0	 1500.0	    0.0	  200.0	  100.0	   32.4	    0.0	    0.0	    0.0	    0.6	   11.8	  1	  750.0	 2050.0	   32.4	    0.0	    0.6	1	  314.4	 21	 1380.7	   18.1	
  183	  18.30	  440.1	 1595.6	 -135.7	  883.7	 1345.4	    0.0	  200.0	    0.0	 1500.0	    0.0	  200.0	  100.0	   31.9	    0.0	    0.0	    0.0	    0.6	   11.9	  1	  750.0	 2050.0	   31.9	    0.0	    0.6	1	  314.1	 21	 1378.8	   17.9	
  184	  18.40	  440.1	 1595.6	 -135.6	  881.9	 1343.1	    0.0	  200.0	    0.0	 1500.0	    0.0	  200.0	  100.0	   31.5	    0.0	    0.0	    0.0	    0.6	   11.9	  1	  750.0	 2050.0	   31.5	    0.0	    0.6	1	  314.1	 21	 1377.0	   17.7	
  185	  18.50	  440.1	 1595.6	 -135.0	  881.9	 1343.1	    0.0	  200.0	    0.0	 1500.0	    0.0	  200.0	  100.0	   31.0	    0.0	    0.0	    0.0	    0.6	   12.0	  1	  750.0	 2050.0	   31.0	    0.0	    0.6	1	  313.8	 21	 1375.2	   17.5	
  186	  18.60	  440.1	 1595.6	 -134.8	  881.9	 1343.1	    0.0	  200.0	    0.0	 1500.0	    0.0	  200.0	  100.0	   30.5	    0.0	    0.0	    0.0	    0.6	   12.1	  1	  750.0	 2050.0	   30.5	    0.0	    0.6	1	  313.5	 21	 1373.3	   17.3	
  187	  18.70	  440.1	 1595.6	 -134.7	  881.9	 1343.1	    0.0	  200.0	    0.0	 1500.0	    0.0	  200.0	  100.0	   30.1	    0.0	    0.0	    0.0	    0.7	   12.1	  1	  750.0	 2050.0	   30.1	    0.0	    0.7	1	  313.2	 21	 1371.5	   17.2	
  188	  18.80	  440.1	 1595.6	 -134.4	  881.9	 1343.1	    0.0	  200.0	    0.0	 1500.0	    0.0	  200.0	  100.0	   29.6	    0.0	    0.0	    0.0	    0.7	   12.2	  1	  750.0	 2050.0	   29.6	    0.0	    0.7	1	  312.8	 21	 1369.7	   17.0	
  189	  18.90	  440.1	 1595.6	 -134.1	  881.8	 1342.0	    0.0	  200.0	    0.0	 1500.0	    0.0	  200.0	  100.0	   29.1	    0.0	    0.0	    0.0	    0.7	   12.3	  1	  750.0	 2050.0	   29.1	    0.0	    0.7	1	  312.6	 21	 1367.9	   16.8	
  190	  19.00	  440.1	 1595.6	 -131.6	  882.6	 1341.5	    0.0	  200.0	    0.0	 1500.0	    0.0	  200.0	  100.0	   28.7	    0.0	    0.0	    0.0	    0.7	   12.3	  1	  750.0	 2050.0	   28.7	    0.0	    0.7	1	  312.3	 21	 1366.0	   16.6	
  191	  19.10	  440.1	 1595.6	 -128.3	  882.6	 1341.5	    0.0	  200.0	    0.0	 1500.0	    0.0	  200.0	  100.0	   28.2	    0.0	    0.0	    0.0	    0.7	   12.4	  1	  750.0	 2050.0	   28.2	    0.0	    0.7	1	  312.0	 21	 1364.2	   16.4	
  192	  19.20	  440.1	 1595.6	 -127.7	  882.6	 1341.5	    0.0	  200.0	    0.0	 1500.0	    0.0	  200.0	  100.0	   27.7	    0.0	    0.0	    0.0	    0.7	   12.5	  1	  750.0	 2050.0	   27.7	    0.0	    0.7	1	  311.7	 21	 1362.4	   16.2	
  193	  19.30	  440.1	 1595.6	 -126.8	  882.6	 1341.5	    0.0	  200.0	    0.0	 1500.0	    0.0	  200.0	  100.0	   27.3	    0.0	    0.0	    0.0	    0.7	   12.5	  1	  750.0	 2050.0	   27.3	    0.0	    0.7	1	  311.3	 21	 1360.6	   16.1	
  194	  19.40	  440.1	 1595.6	 -125.8	  882.6	 1341.5	    0.0	  200.0	    0.0	 1500.0	    0.0	  200.0	  100.0	   26.8	    0.0	    0.0	    0.0	    0.8	   12.6	  1	  750.0	 2050.0	   26.8	    0.0	    0.8	1	  311.0	 21	 1358.8	   15.9	
  195	  19.50	  440.1	 1595.6	 -124.4	  878.3	 1338.4	    0.0	  200.0	    0.0	 1500.0	    0.0	  200.0	  100.0	   26.3	    0.0	    0.0	    0.0	    0.8	   12.7	  1	  750.0	 2050.0	   26.3	    0.0	    0.8	1	  311.3	 21	 1357.1	   15.7	
  196	  19.60	  440.1	 1595.6	 -121.9	  878.3	 1338.4	    0.0	  200.0	    0.0	 1500.0	    0.0	  200.0	  100.0	   25.9	    0.0	    0.0	    0.0	    0.8	   12.7	  1	  750.0	 2050.0	   25.9	    0.0	    0.8	1	  311.0	 21	 1355.3	   15.5	
  197	  19.70	  440.1	 1595.6	 -119.7	  878.3	 1338.4	    0.0	  200.0	    0.0	 1500.0	    0.0	  200.0	  100.0	   25.4	    0.0	    0.0	    0.0	    0.8	   12.8	  1	  750.0	 2050.0	   25.4	    0.0	    0.8	1	  310.6	 21	 1353.6	   15.4	
  198	  19.80	  440.1	 1595.6	 -116.8	  878.3	 1338.4	    0.0	  200.0	    0.0	 1500.0	    0.0	  200.0	  100.0	   24.9	    0.0	    0.0	    0.0	    0.8	   12.9	  1	  750.0	 2050.0	   24.9	    0.0	    0.8	1	  310.3	 21	 1351.8	   15.2	
  199	  19.90	  440.1	 1595.6	 -113.3	  879.2	 1341.3	    0.0	  200.0	    0.0	 1500.0	    0.0	  200.0	  100.0	   24.5	    0.0	    0.0	    0.0	    0.8	   13.0	  1	  750.0	 2050.0	   24.5	    0.0	    0.8	1	  309.6	 21	 1350.1	   15.0	
  200	  20.00	  440.1	 1595.6	 -165.2	  879.2	 1341.3	    0.0	  200.0	    0.0	 1500.0	    0.0	  200.0	  100.0	   24.0	    0.0	    0.0	    0.0	    0.8	   13.0	  1	  750.0	 2050.0	   24.0	    0.0	    0.8	1	  309.3	 21	 1348.3	   14.8	
  201	  20.10	  440.1	 1595.6	 -159.9	  879.2	 1341.3	    0.0	  200.0	    0.0	 1500.0	    0.0	  200.0	  100.0	   23.5	    0.0	    0.0	    0.0	    0.9	   13.1	  1	  750.0	 2050.0	   23.5	    0.0	    0.9	1	  309.0	 21	 1346.6	   14.7	
  202	  20.20	  440.1	 1595.6	 -152.2	  879.2	 1341.3	    0.0	  200.0	    0.0	 1500.0	    0.0	  200.0	  100.0	   23.1	    0.0	    0.0	    0.0	    0.9	   13.2	  1	  750.0	 2050.0	   23.1	    0.0	    0.9	1	  308.7	 21	 1344.8	   14.5	
  203	  20.30	  440.1	 1595.6	 -141.3	  879.2	 1341.3	    0.0	  200.0	    0.0	 1500.0	    0.0	  200.0	  100.0	   22.6	    0.0	    0.0	    0.0	    0.9	   13.2	  1	  750.0	 2050.0	   22.6	    0.0	    0.9	1	  308.3	 21	 1343.1	   14.3	
  204	  20.40	  440.1	 1595.6	 -126.6	  895.8	 1354.5	    0.0	  200.0	    0.0	 1500.0	    0.0	  200.0	  100.0	   22.1	    0.0	    0.0	    0.0	    0.9	   13.3	  1	  750.0	 2050.0	   22.1	    0.0	    0.9	1	  305.8	 21	 1341.2	   14.1	
  205	  20.50	  440.1	 1595.6	 -179.4	  895.8	 1354.5	    0.0	  200.0	    0.0	 1500.0	    0.0	  200.0	  100.0	   21.6	    0.0	    0.0	    0.0	    0.9	   13.4	  1	  750.0	 2050.0	   21.6	    0.0	    0.9	1	  305.5	 21	 1339.5	   14.0	
  206	  20.60	  440.1	 1595.6	 -163.4	  895.8	 1354.5	    0.0	  200.0	    0.0	 1500.0	    0.0	  200.0	  100.0	   21.2	    0.0	    0.0	    0.0	    0.9	   13.4	  1	  750.0	 2050.0	   21.2	    0.0	    0.9	1	  305.2	 21	 1337.9	   13.8	
  207	  20.70	  440.1	 1595.6	 -133.5	  895.8	 1354.5	    0.0	  200.0	    0.0	 1500.0	    0.0	  200.0	  100.0	   20.7	    0.0	    0.0	    0.0	    1.0	   13.5	  1	  750.0	 2050.0	   20.7	    0.0	    1.0	1	  304.9	 21	 1336.2	   13.6	
  208	  20.80	  440.1	 1595.6	  -98.1	  919.8	 1364.9	    0.0	  200.0	    0.0	 1500.0	    0.0	  200.0	  100.0	   20.2	    0.0	    0.0	    0.0	    1.0	   13.6	  1	  750.0	 2050.0	   20.2	    0.0	    1.0	1	  302.3	 21	 1334.3	   13.4	
  209	  20.90	  440.1	 1595.6	  -47.1	  919.8	 1364.9	    0.0	  200.0	    0.0	 1500.0	    0.0	  200.0	  100.0	   19.8	    0.0	    0.0	    0.0	    1.0	   13.6	  1	  750.0	 2050.0	   19.8	    0.0	    1.0	1	  302.0	 21	 1332.7	   13.3	
  210	  21.00	  440.1	 1595.6	   41.1	  919.8	 1364.9	    0.0	  200.0	    0.0	 1500.0	    0.0	  200.0	  100.0	   19.3	    0.0	    0.0	    0.0	    1.0	   13.7	  1	  750.0	 2050.0	   19.3	    0.0	    1.0	1	  301.7	 21	 1331.1	   13.1	
  211	  21.10	  440.1	 1595.6	   43.6	  919.8	 1364.9	    0.0	  200.0	    0.0	 1500.0	    0.0	  200.0	  100.0	   18.9	    0.0	    0.0	    0.0	    1.0	   13.8	  1	  750.0	 2050.0	   18.9	    0.0	    1.0	1	  301.4	 21	 1329.5	   13.0	
  212	  21.20	  440.1	 1595.6	   43.5	  928.0	 1352.8	    0.0	  200.0	    0.0	 1500.0	    0.0	  200.0	  100.0	   18.4	    0.0	    0.0	    0.0	    1.1	   13.8	  1	  750.0	 2050.0	   18.4	    0.0	    1.1	1	  301.8	 21	 1327.8	   12.8	
  213	  21.30	  440.1	 1595.6	   40.2	  919.8	 1364.9	    0.0	  200.0	    0.0	 1500.0	    0.0	  200.0	  100.0	   17.9	    0.0	    0.0	    0.0	    1.1	   13.9	  1	  750.0	 2050.0	   17.9	    0.0	    1.1	1	  300.9	 21	 1326.5	   12.7	
  214	  21.40	  440.1	 1595.6	   44.4	  928.0	 1352.8	    0.0	  200.0	    0.0	 1500.0	    0.0	  200.0	  100.0	   17.5	    0.0	    0.0	    0.0	    1.1	   14.0	  1	  750.0	 2050.0	   17.5	    0.0	    1.1	1	  301.2	 21	 1324.9	   12.5	
  215	  21.50	  440.1	 1595.6	   38.8	  928.0	 1352.8	    0.0	  200.0	    0.0	 1500.0	    0.0	  200.0	  100.0	   17.0	    0.0	    0.0	    0.0	    1.1	   14.0	  1	  750.0	 2050.0	   17.0	    0.0	    1.1	1	  301.0	 21	 1323.4	   12.3	
  216	  21.60	  440.1	 1595.6	   38.4	  928.0	 1352.8	    0.0	  200.0	    0.0	 1500.0	    0.0	  200.0	  100.0	   16.5	    0.0	    0.0	    0.0	    1.2	   14.1	  1	  750.0	 2050.0	   16.5	    0.0	    1.2	1	  300.7	 21	 1322.0	   12.2	
  217	  21.70	  440.1	 1595.6	   38.2	  912.7	 1346.7	    0.0	  200.0	    0.0	 1500.0	    0.0	  200.0	  100.0	   16.1	    0.0	    0.0	    0.0	    1.2	   14.2	  1	  750.0	 2050.0	   16.1	    0.0	    1.2	1	  301.6	 21	 1320.8	   12.1	
  218	  21.80	  440.1	 1595.6	   42.7	  912.7	 1346.7	    0.0	  200.0	    0.0	 1500.0	    0.0	  200.0	  100.0	   15.6	    0.0	    0.0	    0.0	    1.2	   14.2	  1	  750.0	 2150.0	   15.6	    0.0	    1.2	1	  305.2	 21	 1319.4	   11.9	
  219	  21.90	  440.1	 1595.6	   47.7	  912.7	 1346.7	    0.0	  200.0	    0.0	 1500.0	    0.0	  200.0	  100.0	   15.1	    0.0	    0.0	    0.0	    1.2	   14.3	  1	  750.0	 2150.0	   15.1	    0.0	    1.2	1	  304.8	 21	 1318.1	   11.8	
  220	  22.00	  440.1	 1595.6	   49.2	  912.7	 1346.7	    0.0	  200.0	    0.0	 1500.0	    0.0	  200.0	  100.0	   14.7	    0.0	    0.0	    0.0	    1.2	   14.4	  1	  750.0	 2150.0	   14.7	    0.0	    1.2	1	  304.4	 21	 1316.8	   11.7	
  221	  22.10	  440.1	 1595.6	   50.6	  898.9	 1332.2	    0.0	  200.0	    0.0	 1500.0	    0.0	  200.0	  100.0	   14.2	    0.0	    0.0	    0.0	    1.3	   14.4	  1	  750.0	 2050.0	   14.2	    0.0	    1.3	1	  302.1	 21	 1315.6	   11.6	
  222	  22.20	  440.1	 1595.6	  -19.5	  898.9	 1332.2	    0.0	  200.0	    0.0	 1500.0	    0.0	  200.0	  100.0	   13.7	    0.0	    0.0	    0.0	    1.3	   14.5	  1	  750.0	 2050.0	   13.7	    0.0	    1.3	1	  301.8	 21	 1314.3	   11.4	
  223	  22.30	  440.1	 1595.6	 -136.3	  912.7	 1346.7	    0.0	  200.0	    0.0	 1500.0	    0.0	  200.0	  100.0	   13.3	    0.0	    0.0	    0.0	    1.3	   14.6	  1	  750.0	 2150.0	   13.3	    0.0	    1.3	1	  303.2	 21	 1313.1	   11.3	
  224	  22.40	  440.1	 1595.6	 -137.3	  898.9	 1332.2	    0.0	  200.0	    0.0	 1500.0	    0.0	  200.0	  100.0	   12.8	    0.0	    0.0	    0.0	    1.3	   14.6	  1	  750.0	 2050.0	   12.8	    0.0	    1.3	1	  301.1	 21	 1312.0	   11.2	
  225	  22.50	  440.1	 1595.6	 -136.7	  898.9	 1332.2	    0.0	  200.0	    0.0	 1500.0	    0.0	  200.0	  100.0	   12.3	    0.0	    0.0	    0.0	    1.3	   14.7	  1	  750.0	 2050.0	   12.3	    0.0	    1.3	1	  300.8	 21	 1310.9	   11.1	
  226	  22.60	  440.1	 1595.6	 -136.7	  877.0	 1341.4	    0.0	  200.0	    0.0	 1500.0	    0.0	  200.0	  100.0	   11.9	    0.0	    0.0	    0.0	    1.4	   14.8	  1	  750.0	 2050.0	   11.9	    0.0	    1.4	1	  301.0	 21	 1310.0	   11.0	
  227	  22.70	  440.1	 1595.6	 -138.9	  840.5	 1338.3	    0.0	  200.0	    0.0	 1500.0	    0.0	  200.0	  100.0	   11.4	    0.0	    0.0	    0.0	    1.4	   14.8	  1	  750.0	 2050.0	   11.4	    0.0	    1.4	1	  302.8	 21	 1309.1	   10.9	
  228	  22.80	  440.1	 1595.6	 -141.3	  877.0	 1341.4	    0.0	  200.0	    0.0	 1500.0	    0.0	  200.0	  100.0	   10.9	    0.0	    0.0	    0.0	    1.4	   14.9	  1	  750.0	 2050.0	   10.9	    0.0	    1.4	1	  300.3	 21	 1307.8	   10.8	
  229	  22.90	  440.1	 1595.6	 -138.1	  877.0	 1341.4	    0.0	  200.0	    0.0	 1500.0	    0.0	  200.0	  100.0	   10.5	    0.0	    0.0	    0.0	    1.4	   15.0	  1	  750.0	 2050.0	   10.5	    0.0	    1.4	1	  300.0	 21	 1306.8	   10.7	
  230	  23.00	  440.1	 1595.6	 -138.0	  877.0	 1341.4	    0.0	  200.0	    0.0	 1500.0	    0.0	  200.0	  100.0	   10.0	    0.0	    0.0	    0.0	    1.4	   15.1	  1	  750.0	 2050.0	   10.0	    0.0	    1.4	1	  299.7	 21	 1305.9	   10.6	
  231	  23.10	  440.1	 1595.6	 -138.0	  878.2	 1339.6	    0.0	  200.0	    0.0	 1500.0	    0.0	  200.0	  100.0	    9.5	    0.0	    0.0	    0.0	    1.4	   15.1	  1	  750.0	 2050.0	    9.5	    0.0	    1.4	1	  299.4	 21	 1305.1	   10.5	
  232	  23.20	  440.1	 1595.6	 -137.0	  878.2	 1339.6	    0.0	  200.0	    0.0	 1500.0	    0.0	  200.0	  100.0	    9.1	    0.0	    0.0	    0.0	    1.4	   15.2	  1	  750.0	 2050.0	    9.1	    0.0	    1.4	1	  299.0	 21	 1304.5	   10.4	
  233	  23.30	  440.1	 1595.6	 -137.0	  878.2	 1339.6	    0.0	  200.0	    0.0	 1500.0	    0.0	  200.0	  100.0	    8.6	    0.0	    0.0	    0.0	    1.5	   15.3	  1	  750.0	 2050.0	    8.6	    0.0	    1.5	1	  298.7	 21	 1303.9	   10.4	
  234	  23.40	  440.1	 1595.6	 -136.9	  878.2	 1339.6	    0.0	  200.0	    0.0	 1500.0	    0.0	  200.0	  100.0	    8.1	    0.0	    0.0	    0.0	    1.5	   15.3	  1	  750.0	 2050.0	    8.1	    0.0	    1.5	1	  298.4	 21	 1303.4	   10.3	
  235	  23.50	  440.1	 1595.6	 -136.7	  877.5	 1336.6	    0.0	  200.0	    0.0	 1500.0	    0.0	  200.0	  100.0	    7.7	    0.0	    0.0	    0.0	    1.5	   15.4	  1	  750.0	 2050.0	    7.7	    0.0	    1.5	1	  298.2	 21	 1303.1	   10.3	
  236	  23.60	  440.1	 1595.6	 -134.2	  877.5	 1336.6	    0.0	  200.0	    0.0	 1500.0	    0.0	  200.0	  100.0	    7.2	    0.0	    0.0	    0.0	    1.5	   15.5	  1	  750.0	 2050.0	    7.2	    0.0	    1.5	1	  297.9	 21	 1302.9	   10.3	
  237	  23.70	  440.1	 1595.6	 -134.0	  877.5	 1336.6	    0.0	  200.0	    0.0	 1500.0	    0.0	  200.0	  100.0	    6.7	    0.0	    0.0	    0.0	    1.5	   15.5	  1	  750.0	 2050.0	    6.7	    0.0	    1.5	1	  297.6	 21	 1302.9	   10.3	
  238	  23.80	  440.1	 1595.6	 -133.6	  879.0	 1352.5	    0.0	  200.0	    0.0	 1500.0	    0.0	  200.0	  100.0	    6.3	    0.0	    0.0	    0.0	    1.5	   15.6	  1	  750.0	 2150.0	    6.3	    0.0	    1.5	1	  298.3	 21	 1303.1	   10.3	
  239	  23.90	  440.1	 1595.6	 -170.5	  879.0	 1352.5	    0.0	  200.0	    0.0	 1500.0	    0.0	  200.0	  100.0	    5.8	    0.0	    0.0	    0.0	    1.5	   15.7	  1	  750.0	 2150.0	    5.8	    0.0	    1.5	1	  297.9	 21	 1303.5	   10.4	
  240	  24.00	  440.1	 1595.6	 -170.1	  879.0	 1352.5	    0.0	  200.0	    0.0	 1500.0	    0.0	  200.0	  100.0	    5.3	    0.0	    0.0	    0.0	    1.6	   15.7	  1	  750.0	 2150.0	    5.3	    0.0	    1.6	1	  297.4	 21	 1304.3	   10.4	
  241	  24.10	  440.1	 1595.6	 -169.5	  879.0	 1352.5	    0.0	  200.0	    0.0	 1500.0	    0.0	  200.0	  100.0	    4.8	    0.0	    0.0	    0.0	    1.6	   15.8	  1	  750.0	 2150.0	    4.8	    0.0	    1.6	1	  297.0	 21	 1305.3	   10.5	
  242	  24.20	  440.1	 1595.6	 -168.7	  879.0	 1352.5	    0.0	  200.0	    0.0	 1500.0	    0.0	  200.0	  100.0	    4.4	    0.0	    0.0	    0.0	    1.6	   15.9	  1	  750.0	 2150.0	    4.4	    0.0	    1.6	1	  296.6	 21	 1306.7	   10.7	
  243	  24.30	  440.1	 1595.6	 -167.7	  879.0	 1352.5	    0.0	  200.0	    0.0	 1500.0	    0.0	  200.0	  100.0	    3.9	    0.0	    0.0	    0.0	    1.6	   15.9	  1	  750.0	 2150.0	    3.9	    0.0	    1.6	1	  296.2	 21	 1308.6	   10.9	
  244	  24.40	  440.1	 1595.6	 -166.3	  879.0	 1352.5	    0.0	  200.0	    0.0	 1500.0	    0.0	  200.0	  100.0	    3.4	    0.0	    0.0	    0.0	    1.6	   16.0	  1	  750.0	 2150.0	    3.4	    0.0	    1.6	1	  295.8	 21	 1311.1	   11.1	
  245	  24.50	  440.1	 1595.6	 -164.5	  879.0	 1352.5	    0.0	  200.0	    0.0	 1500.0	    0.0	  200.0	  100.0	    3.0	    0.0	    0.0	    0.0	    1.6	   16.1	  1	  750.0	 2150.0	    3.0	    0.0	    1.6	1	  295.4	 21	 1314.4	   11.4	
  246	  24.60	  440.1	 1595.6	 -162.0	  879.0	 1352.5	    0.0	  200.0	    0.0	 1500.0	    0.0	  200.0	  100.0	    2.5	    0.0	    0.0	    0.0	    1.6	   16.1	  1	  750.0	 2150.0	    2.5	    0.0	    1.6	1	  295.0	 21	 1318.5	   11.9	
  247	  24.70	  440.1	 1595.6	 -158.6	  879.0	 1352.5	    0.0	  200.0	    0.0	 1500.0	    0.0	  200.0	  100.0	    2.0	    0.0	    0.0	    0.0	    1.6	   16.2	  1	  750.0	 2150.0	    2.0	    0.0	    1.6	1	  294.6	 21	 1323.9	   12.4	
  248	  24.80	  440.1	 1595.6	 -153.9	  879.0	 1352.5	    0.0	  200.0	    0.0	 1500.0	    0.0	  200.0	  100.0	    1.6	    0.0	    0.0	    0.0	    1.7	   16.3	  1	  750.0	 2150.0	    1.6	    0.0	    1.7	1	  294.2	 21	 1330.8	   13.1	
  249	  24.90	  440.1	 1595.6	 -147.4	  879.0	 1352.5	    0.0	  200.0	    0.0	 1500.0	    0.0	  200.0	  100.0	    1.1	    0.0	    0.0	    0.0	    1.7	   16.3	  1	  750.0	 2150.0	    1.1	    0.0	    1.7	1	  293.7	 21	 1340.0	   14.0	
  250	  25.00	  440.1	 1595.6	 -138.5	  879.0	 1352.5	    0.0	  200.0	    0.0	 1500.0	    0.0	  200.0	  100.0	    0.6	    0.0	    0.0	    0.0	    1.7	   16.4	  1	  750.0	 2150.0	    0.6	    0.0	    1.7	1	  293.3	 21	 1352.2	   15.2	
  251	  25.10	  440.1	 1595.6	 -126.6	  879.0	 1352.5	    0.0	  200.0	    0.0	 1500.0	    0.0	  200.0	  100.0	    0.2	    0.0	    0.0	    0.0	    1.7	   16.5	  1	  750.0	 2150.0	    0.2	    0.0	    1.7	1	  292.9	 21	 1368.9	   16.9	
  252	  25.20	  440.1	 1595.6	 -112.5	  879.0	 1352.5	    0.0	  200.0	    0.0	 1500.0	    0.0	  200.0	  100.0	    0.0	    0.0	    0.0	    0.0	    1.7	   16.5	  1	  750.0	 2150.0	    0.0	    0.0	    1.7	1	  292.8	 21	 1376.1	   17.6	
  253	  25.30	  440.1	 1595.6	 -107.1	  879.0	 1352.5	    0.0	  200.0	    0.0	 1500.0	    0.0	  200.0	  100.0	    0.0	    0.0	    0.0	    0.0	    1.7	   16.6	  1	  750.0	 2150.0	    0.0	    0.0	    1.7	1	  292.8	 21	 1376.4	   17.6	
  254	  25.40	  440.1	 1595.6	 -107.2	  879.0	 1352.5	    0.0	  200.0	    0.0	 1500.0	    0.0	  200.0	  100.0	    0.0	    0.0	    0.0	    0.0	    1.7	   16.7	  1	  750.0	 2150.0	    0.0	    0.0	    1.7	1	  292.8	 21	 1376.8	   17.7	
  255	  25.50	  440.1	 1595.6	 -107.4	  879.0	 1352.5	    0.0	  200.0	    0.0	 1500.0	    0.0	  200.0	  100.0	    0.0	    0.0	    0.0	    0.0	    1.7	   16.7	  1	  750.0	 2150.0	    0.0	    0.0	    1.7	1	  292.8	 21	 1377.1	   17.7	
  256	  25.60	  440.1	 1595.6	 -107.7	  857.0	 1308.1	    0.0	  200.0	    0.0	 1500.0	    0.0	  200.0	  100.0	    0.0	    0.0	    0.0	    0.0	    1.8	   16.8	  1	  750.0	 2050.0	    0.0	    0.0	    1.8	1	  294.3	 21	 1377.5	   17.8	
  257	  25.70	  440.1	 1595.6	  -46.7	  857.0	 1308.1	    0.0	  200.0	    0.0	 1500.0	    0.0	  200.0	  100.0	    0.0	    0.0	    0.0	    0.0	    1.8	   16.9	  1	  750.0	 2050.0	    0.0	    0.0	    1.8	1	  294.3	 21	 1377.9	   17.8	
  258	  25.80	  440.1	 1595.6	   33.4	  857.0	 1308.1	    0.0	  200.0	    0.0	 1500.0	    0.0	  200.0	  100.0	    0.0	    0.0	    0.0	    0.0	    1.8	   16.9	  1	  750.0	 2050.0	    0.0	    0.0	    1.8	1	  294.3	 21	 1378.2	   17.8	
  259	  25.90	  440.1	 1595.6	   41.4	  857.0	 1308.1	    0.0	  200.0	    0.0	 1500.0	    0.0	  200.0	  100.0	    0.0	    0.0	    0.0	    0.0	    1.8	   17.0	  1	  750.0	 2050.0	    0.0	    0.0	    1.8	1	  294.3	 21	 1378.6	   17.9	
  260	  26.00	  440.1	 1595.6	   41.5	  857.0	 1308.1	    0.0	  200.0	    0.0	 1500.0	    0.0	  200.0	  100.0	    0.0	    0.0	    0.0	    0.0	    1.8	   17.1	  1	  750.0	 2050.0	    0.0	    0.0	    1.8	1	  294.3	 21	 1379.0	   17.9	
  261	  26.10	  440.1	 1595.6	   41.5	  857.0	 1308.1	    0.0	  200.0	    0.0	 1500.0	    0.0	  200.0	  100.0	    0.0	    0.0	    0.0	    0.0	    1.8	   17.2	  1	  750.0	 2050.0	    0.0	    0.0	    1.8	1	  294.3	 21	 1379.3	   17.9	
  262	  26.20	  440.1	 1595.6	   41.5	  857.0	 1308.1	    0.0	  200.0	    0.0	 1500.0	    0.0	  200.0	  100.0	    0.0	    0.0	    0.0	    0.0	    1.8	   17.2	  1	  750.0	 2050.0	    0.0	    0.0	    1.8	1	  294.4	 21	 1379.7	   18.0	
  263	  26.30	  440.1	 1595.6	   41.5	  857.0	 1308.1	    0.0	  200.0	    0.0	 1500.0	    0.0	  200.0	  100.0	    0.0	    0.0	    0.0	    0.0	    1.9	   17.3	  1	  750.0	 2050.0	    0.0	    0.0	    1.9	1	  294.4	 21	 1380.0	   18.0	
  264	  26.40	  440.1	 1595.6	   41.5	  857.0	 1308.1	    0.0	  200.0	    0.0	 1500.0	    0.0	  200.0	  100.0	    0.0	    0.0	    0.0	    0.0	    1.9	   17.4	  1	  750.0	 2050.0	    0.0	    0.0	    1.9	1	  294.4	 21	 1380.4	   18.0	
  265	  26.50	  440.1	 1595.6	   41.5	  857.0	 1308.1	    0.0	  200.0	    0.0	 1500.0	    0.0	  200.0	  100.0	    0.0	    0.0	    0.0	    0.0	    1.9	   17.4	  1	  750.0	 2050.0	    0.0	    0.0	    1.9	1	  294.4	 21	 1380.7	   18.1	
  266	  26.60	  440.1	 1595.6	   41.5	  857.0	 1308.1	    0.0	  200.0	    0.0	 1500.0	    0.0	  200.0	  100.0	    0.0	    0.0	    0.0	    0.0	    1.9	   17.5	  1	  750.0	 2050.0	    0.0	    0.0	    1.9	1	  294.4	 21	 1381.0	   18.1	
  267	  26.70	  440.1	 1595.6	   41.5	  857.0	 1308.1	    0.0	  200.0	    0.0	 1500.0	    0.0	  200.0	  100.0	    0.0	    0.0	    0.0	    0.0	    1.9	   17.6	  1	  750.0	 2050.0	    0.0	    0.0	    1.9	1	  294.4	 21	 1381.4	   18.1	
  268	  26.80	  440.1	 1595.6	   41.5	  838.8	 1311.5	    0.0	  200.0	    0.0	 1500.0	    0.0	  200.0	  100.0	    0.0	    0.0	    0.0	    0.0	    1.9	   17.6	  1	  750.0	 2050.0	    0.0	    0.0	    1.9	1	  294.8	 21	 1381.6	   18.2	
  269	  26.90	  440.1	 1595.6	   64.2	  838.8	 1311.5	    0.0	  200.0	    0.0	 1500.0	    0.0	  200.0	  100.0	    0.0	    0.0	    0.0	    0.0	    1.9	   17.7	  1	  750.0	 2050.0	    0.0	    0.0	    1.9	1	  294.8	 21	 1381.8	   18.2	
  270	  27.00	  440.1	 1595.6	 -144.6	  838.8	 1311.5	    0.0	  200.0	    0.0	 1500.0	    0.0	  200.0	  100.0	    0.0	    0.0	    0.0	    0.0	    1.9	   17.8	  1	  750.0	 2050.0	    0.0	    0.0	    1.9	1	  294.8	 21	 1382.1	   18.2	
  271	  27.10	  440.1	 1595.6	 -137.6	  838.8	 1311.5	    0.0	  200.0	    0.0	 1500.0	    0.0	  200.0	  100.0	    0.0	    0.0	    0.0	    0.0	    2.0	   17.8	  1	  750.0	 2050.0	    0.0	    0.0	    2.0	1	  294.8	 21	 1382.3	   18.2	
  272	  27.20	  440.1	 1595.6	 -137.6	  845.0	 1322.1	    0.0	  200.0	    0.0	 1500.0	    0.0	  200.0	  100.0	    0.0	    0.0	    0.0	    0.0	    2.0	   17.9	  1	  750.0	 2050.0	    0.0	    0.0	    2.0	1	  294.3	 21	 1382.5	   18.3	
  273	  27.30	  440.1	 1595.6	 -138.1	  845.0	 1322.1	    0.0	  200.0	    0.0	 1500.0	    0.0	  200.0	  100.0	    0.0	    0.0	    0.0	    0.0	    2.0	   18.0	  1	  750.0	 2050.0	    0.0	    0.0	    2.0	1	  294.3	 21	 1382.7	   18.3	
  274	  27.40	  440.1	 1595.6	 -138.1	  845.0	 1322.1	    0.0	  200.0	    0.0	 1500.0	    0.0	  200.0	  100.0	    0.0	    0.0	    0.0	    0.0	    2.0	   18.0	  1	  750.0	 2050.0	    0.0	    0.0	    2.0	1	  294.3	 21	 1382.9	   18.3	
  275	  27.50	  440.1	 1595.6	 -138.1	  845.0	 1322.1	    0.0	  200.0	    0.0	 1500.0	    0.0	  200.0	  100.0	    0.0	    0.0	    0.0	    0.0	    2.0	   18.1	  1	  750.0	 2050.0	    0.0	    0.0	    2.0	1	  294.4	 21	 1383.1	   18.3	
  276	  27.60	  440.1	 1595.6	 -138.1	  845.0	 1322.1	    0.0	  200.0	    0.0	 1500.0	    0.0	  200.0	  100.0	    0.0	    0.0	    0.0	    0.0	    2.0	   18.2	  1	  750.0	 2050.0	    0.0	    0.0	    2.0	1	  294.4	 21	 1383.4	   18.3	
  277	  27.70	  440.1	 1595.6	 -138.1	  845.0	 1322.1	    0.0	  200.0	    0.0	 1500.0	    0.0	  200.0	  100.0	    0.0	    0.0	    0.0	    0.0	    2.0	   18.2	  1	  750.0	 2050.0	    0.0	    0.0	    2.0	1	  294.4	 21	 1383.6	   18.4	
  278	  27.80	  440.1	 1595.6	 -138.1	  845.0	 1322.1	    0.0	  200.0	    0.0	 1500.0	    0.0	  200.0	  100.0	    0.0	    0.0	    0.0	    0.0	    2.0	   18.3	  1	  750.0	 2050.0	    0.0	    0.0	    2.0	1	  294.4	 21	 1383.8	   18.4	
  279	  27.90	  440.1	 1595.6	 -138.1	  875.4	 1336.7	    0.0	  200.0	    0.0	 1500.0	    0.0	  200.0	  100.0	    0.0	    0.0	    0.0	    0.0	    2.0	   18.4	  1	  750.0	 2050.0	    0.0	    0.0	    2.0	1	  293.2	 21	 1384.1	   18.4	
  280	  28.00	  440.1	 1595.6	 -136.2	  875.4	 1336.7	    0.0	  200.0	    0.0	 1500.0	    0.0	  200.0	  100.0	    0.0	    0.0	    0.0	    0.0	    2.0	   18.4	  1	  750.0	 2050.0	    0.0	    0.0	    2.0	1	  293.2	 21	 1384.4	   18.4	
  281	  28.10	  440.1	 1595.6	 -136.2	  875.4	 1336.7	    0.0	  200.0	    0.0	 1500.0	    0.0	  200.0	  100.0	    0.0	    0.0	    0.0	    0.0	    2.1	   18.5	  1	  750.0	 2050.0	    0.0	    0.0	    2.1	1	  293.2	 21	 1384.7	   18.5	
  282	  28.20	  440.1	 1595.6	 -136.2	  875.4	 1336.7	    0.0	  200.0	    0.0	 1500.0	    0.0	  200.0	  100.0	    0.0	    0.0	    0.0	    0.0	    2.1	   18.6	  1	  750.0	 2050.0	    0.0	    0.0	    2.1	1	  293.2	 21	 1385.0	   18.5	
  283	  28.30	  440.1	 1595.6	 -136.2	  875.4	 1336.7	    0.0	  200.0	    0.0	 1500.0	    0.0	  200.0	  100.0	    0.0	    0.0	    0.0	    0.0	    2.1	   18.6	  1	  750.0	 2050.0	    0.0	    0.0	    2.1	1	  293.2	 21	 1385.3	   18.5	
  284	  28.40	  440.1	 1595.6	 -136.2	  880.0	 1336.2	    0.0	  200.0	    0.0	 1500.0	    0.0	  200.0	  100.0	    0.0	    0.0	    0.0	    0.0	    2.1	   18.7	  1	  750.0	 2050.0	    0.0	    0.0	    2.1	1	  293.1	 21	 1385.6	   18.6	
  285	  28.50	  440.1	 1595.6	 -131.0	  880.0	 1336.2	    0.0	  200.0	    0.0	 1500.0	    0.0	  200.0	  100.0	    0.0	    0.0	    0.0	    0.0	    2.1	   18.8	  1	  750.0	 2050.0	    0.0	    0.0	    2.1	1	  293.1	 21	 1385.9	   18.6	
  286	  28.60	  440.1	 1595.6	 -131.0	  880.0	 1336.2	    0.0	  200.0	    0.0	 1500.0	    0.0	  200.0	  100.0	    0.0	    0.0	    0.0	    0.0	    2.1	   18.8	  1	  750.0	 2050.0	    0.0	    0.0	    2.1	1	  293.1	 21	 1386.2	   18.6	
  287	  28.70	  440.1	 1595.6	 -131.0	  880.0	 1336.2	    0.0	  200.0	    0.0	 1500.0	    0.0	  200.0	  100.0	    0.0	    0.0	    0.0	    0.0	    2.2	   18.9	  1	  750.0	 2050.0	    0.0	    0.0	    2.2	1	  293.1	 21	 1386.5	   18.7	
  288	  28.80	  440.1	 1595.6	 -131.0	  880.0	 1336.2	    0.0	  200.0	    0.0	 1500.0	    0.0	  200.0	  100.0	    0.0	    0.0	    0.0	    0.0	    2.2	   19.0	  1	  750.0	 2050.0	    0.0	    0.0	    2.2	1	  293.1	 21	 1386.9	   18.7	
  289	  28.90	  440.1	 1595.6	 -131.0	  872.7	 1326.9	    0.0	  200.0	    0.0	 1500.0	    0.0	  200.0	  100.0	    0.0	    0.0	    0.0	    0.0	    2.2	   19.0	  1	  750.0	 2050.0	    0.0	    0.0	    2.2	1	  293.4	 21	 1387.1	   18.7	
  290	  29.00	  440.1	 1595.6	 -109.7	  872.7	 1326.9	    0.0	  200.0	    0.0	 1500.0	    0.0	  200.0	  100.0	    0.0	    0.0	    0.0	    0.0	    2.2	   19.1	  1	  750.0	 2050.0	    0.0	    0.0	    2.2	1	  293.4	 21	 1387.4	   18.7	
  291	  29.10	  440.1	 1595.6	 -109.7	  872.7	 1326.9	    0.0	  200.0	    0.0	 1500.0	    0.0	  200.0	  100.0	    0.0	    0.0	    0.0	    0.0	    2.2	   19.2	  1	  750.0	 2050.0	    0.0	    0.0	    2.2	1	  293.4	 21	 1387.7	   18.8	
  292	  29.20	  440.1	 1595.6	 -109.7	  872.7	 1326.9	    0.0	  200.0	    0.0	 1500.0	    0.0	  200.0	  100.0	    0.0	    0.0	    0.0	    0.0	    2.2	   19.3	  1	  750.0	 2050.0	    0.0	    0.0	    2.2	1	  293.4	 21	 1388.0	   18.8	
  293	  29.30	  440.1	 1595.6	 -109.7	  872.7	 1326.9	    0.0	  200.0	    0.0	 1500.0	    0.0	  200.0	  100.0	    0.0	    0.0	    0.0	    0.0	    2.2	   19.3	  1	  750.0	 2050.0	    0.0	    0.0	    2.2	1	  293.4	 21	 1388.3	   18.8	
  294	  29.40	  440.1	 1595.6	 -109.7	  872.7	 1326.9	    0.0	  200.0	    0.0	 1500.0	    0.0	  200.0	  100.0	    0.0	    0.0	    0.0	    0.0	    2.3	   19.4	  1	  750.0	 2050.0	    0.0	    0.0	    2.3	1	  293.4	 21	 1388.6	   18.9	
  295	  29.50	  440.1	 1595.6	 -109.7	  872.7	 1326.9	    0.0	  200.0	    0.0	 1500.0	    0.0	  200.0	  100.0	    0.0	    0.0	    0.0	    0.0	    2.3	   19.5	  1	  750.0	 2050.0	    0.0	    0.0	    2.3	1	  293.4	 21	 1388.9	   18.9	
  296	  29.60	  440.1	 1595.6	 -109.7	  872.7	 1326.9	    0.0	  200.0	    0.0	 1500.0	    0.0	  200.0	  100.0	    0.0	    0.0	    0.0	    0.0	    2.3	   19.5	  1	  750.0	 2050.0	    0.0	    0.0	    2.3	1	  293.4	 21	 1389.1	   18.9	
  297	  29.70	  440.1	 1595.6	 -109.7	  872.7	 1326.9	    0.0	  200.0	    0.0	 1500.0	    0.0	  200.0	  100.0	    0.0	    0.0	    0.0	    0.0	    2.3	   19.6	  1	  750.0	 2050.0	    0.0	    0.0	    2.3	1	  293.4	 21	 1389.4	   18.9	
  298	  29.80	  440.1	 1595.6	 -109.7	  872.7	 1326.9	    0.0	  200.0	    0.0	 1500.0	    0.0	  200.0	  100.0	    0.0	    0.0	    0.0	    0.0	    2.3	   19.7	  1	  750.0	 2050.0	    0.0	    0.0	    2.3	1	  293.4	 21	 1389.7	   19.0	
  299	  29.90	  440.1	 1595.6	 -109.7	  872.7	 1326.9	    0.0	  200.0	    0.0	 1500.0	    0.0	  200.0	  100.0	    0.0	    0.0	    0.0	    0.0	    2.3	   19.7	  1	  750.0	 2050.0	    0.0	    0.0	    2.3	1	  293.4	 21	 1390.0	   19.0	
  300	  30.00	  440.1	 1595.6	 -109.7	  872.7	 1326.9	    0.0	  200.0	    0.0	 1500.0	    0.0	  200.0	  100.0	    0.0	    0.0	    0.0	    0.0	    2.3	   19.8	  1	  750.0	 2050.0	    0.0	    0.0	    2.3	1	  293.4	 21	 1390.2	   19.0	
  301	  30.10	  440.1	 1595.6	 -109.8	  872.7	 1326.9	    0.0	  200.0	    0.0	 1500.0	    0.0	  200.0	  100.0	    0.0	    0.0	    0.0	    0.0	    2.4	   19.9	  1	  750.0	 2050.0	    0.0	    0.0	    2.4	1	  293.4	 21	 1390.5	   19.0	
