    1	  11.73	    0.0	 1500.0	    0.0	    0.0	 1500.0	    0.0	  200.0	    0.0	 1500.0	    0.0	  200.0	  100.0	   99.7	    0.0	    0.0	    0.0	    0.0	    0.1	  1	 -750.0	 1550.0	   99.7	    0.0	    0.0	1	  521.5	 21	    0.0	    7.7	
    2	  11.83	    0.0	 1500.0	    0.0	    0.0	 1500.0	    0.0	  200.0	    0.0	 1500.0	    0.0	  200.0	  100.0	   99.2	    0.0	    0.0	    0.0	    0.0	    0.1	  1	 -750.0	 1550.0	   99.2	    0.0	    0.0	1	  396.2	 21	 1305.5	   10.5	
    3	  11.93	    0.0	 1500.0	    0.0	    0.0	 1500.0	    0.0	  200.0	    0.0	 1500.0	    0.0	  200.0	  100.0	   98.7	    0.0	    0.0	    0.0	    0.0	    0.2	  1	 -750.0	 1550.0	   98.7	    0.0	    0.0	1	  395.8	 21	 1305.2	   10.5	
    4	  12.03	    0.0	 1500.0	    0.0	    0.0	 1500.0	    0.0	  200.0	    0.0	 1500.0	    0.0	  200.0	  100.0	   98.2	    0.0	    0.0	    0.0	    0.0	    0.3	  1	 -750.0	 1550.0	   98.2	    0.0	    0.0	1	  395.3	 21	 1304.9	   10.5	
    5	  12.13	    0.0	 1500.0	    0.0	    0.0	 1500.0	    0.0	  200.0	    0.0	 1500.0	    0.0	  200.0	  100.0	   97.7	    0.0	    0.0	    0.0	    0.0	    0.3	  1	 -750.0	 1550.0	   97.7	    0.0	    0.0	1	  394.9	 21	 1304.6	   10.5	
    6	  12.23	    0.0	 1500.0	    0.0	    0.0	 1500.0	    0.0	  200.0	    0.0	 1500.0	    0.0	  200.0	  100.0	   97.2	    0.0	    0.0	    0.0	    0.0	    0.4	  1	 -750.0	 1550.0	   97.2	    0.0	    0.0	1	  394.4	 21	 1304.3	   10.4	
    7	  12.33	    0.0	 1500.0	    0.0	    0.0	 1500.0	    0.0	  200.0	    0.0	 1500.0	    0.0	  200.0	  100.0	   96.7	    0.0	    0.0	    0.0	    0.0	    0.5	  1	 -750.0	 1550.0	   96.7	    0.0	    0.0	1	  394.0	 21	 1304.1	   10.4	
    8	  12.43	    0.0	 1500.0	    0.0	    0.0	 1500.0	    0.0	  200.0	    0.0	 1500.0	    0.0	  200.0	  100.0	   96.2	    0.0	    0.0	    0.0	    0.0	    0.5	  1	 -750.0	 1550.0	   96.2	    0.0	    0.0	1	  393.5	 21	 1303.8	   10.4	
    9	  12.53	    0.0	 1500.0	    0.0	    0.0	 1500.0	    0.0	  200.0	    0.0	 1500.0	    0.0	  200.0	  100.0	   95.7	    0.0	    0.0	    0.0	    0.0	    0.6	  1	 -750.0	 1550.0	   95.7	    0.0	    0.0	1	  393.1	 21	 1303.5	   10.3	
   10	  12.63	    0.0	 1500.0	    0.0	    0.0	 1500.0	    0.0	  200.0	    0.0	 1500.0	    0.0	  200.0	  100.0	   95.2	    0.0	    0.0	    0.0	    0.0	    0.7	  1	 -750.0	 1550.0	   95.2	    0.0	    0.0	1	  392.6	 21	 1303.2	   10.3	
   11	  12.73	    0.0	 1500.0	    0.0	    0.0	 1500.0	    0.0	  200.0	    0.0	 1500.0	    0.0	  200.0	  100.0	   94.7	    0.0	    0.0	    0.0	    0.0	    0.7	  1	 -750.0	 1550.0	   94.7	    0.0	    0.0	1	  392.2	 21	 1302.9	   10.3	
   12	  12.83	    0.0	 1500.0	    0.0	    0.0	 1500.0	    0.0	  200.0	    0.0	 1500.0	    0.0	  200.0	  100.0	   94.2	    0.0	    0.0	    0.0	    0.0	    0.8	  1	 -750.0	 1550.0	   94.2	    0.0	    0.0	1	  391.7	 21	 1302.6	   10.3	
   13	  12.93	    0.0	 1500.0	    0.0	    0.0	 1500.0	    0.0	  200.0	    0.0	 1500.0	    0.0	  200.0	  100.0	   93.7	    0.0	    0.0	    0.0	    0.0	    0.9	  1	 -750.0	 1550.0	   93.7	    0.0	    0.0	1	  391.2	 21	 1302.4	   10.2	
   14	  13.03	    0.0	 1500.0	    0.0	    0.0	 1500.0	    0.0	  200.0	    0.0	 1500.0	    0.0	  200.0	  100.0	   93.2	    0.0	    0.0	    0.0	    0.0	    0.9	  1	 -750.0	 1550.0	   93.2	    0.0	    0.0	1	  390.8	 21	 1302.1	   10.2	
   15	  13.13	    0.0	 1500.0	    0.0	    0.0	 1500.0	    0.0	  200.0	    0.0	 1500.0	    0.0	  200.0	  100.0	   92.7	    0.0	    0.0	    0.0	    0.0	    1.0	  1	 -750.0	 1550.0	   92.7	    0.0	    0.0	1	  390.3	 21	 1301.8	   10.2	
   16	  13.23	    0.0	 1500.0	    0.0	    0.0	 1500.0	    0.0	  200.0	    0.0	 1500.0	    0.0	  200.0	  100.0	   92.2	    0.0	    0.0	    0.0	    0.0	    1.1	  1	 -750.0	 1550.0	   92.2	    0.0	    0.0	1	  389.9	 21	 1301.5	   10.2	
   17	  13.33	    0.0	 1500.0	    0.0	    0.0	 1500.0	    0.0	  200.0	    0.0	 1500.0	    0.0	  200.0	  100.0	   91.7	    0.0	    0.0	    0.0	    0.0	    1.2	  1	 -750.0	 1550.0	   91.7	    0.0	    0.0	1	  389.4	 21	 1301.2	   10.1	
   18	  13.43	    0.0	 1500.0	    0.0	    0.0	 1500.0	    0.0	  200.0	    0.0	 1500.0	    0.0	  200.0	  100.0	   91.2	    0.0	    0.0	    0.0	    0.0	    1.2	  1	 -750.0	 1550.0	   91.2	    0.0	    0.0	1	  389.0	 21	 1301.0	   10.1	
   19	  13.53	    0.0	 1500.0	    0.0	    0.0	 1500.0	    0.0	  200.0	    0.0	 1500.0	    0.0	  200.0	  100.0	   90.7	    0.0	    0.0	    0.0	    0.0	    1.3	  1	 -750.0	 1550.0	   90.7	    0.0	    0.0	1	  388.5	 21	 1300.7	   10.1	
   20	  13.63	    0.0	 1500.0	    0.0	    0.0	 1500.0	    0.0	  200.0	    0.0	 1500.0	    0.0	  200.0	  100.0	   90.2	    0.0	    0.0	    0.0	    0.0	    1.4	  1	 -750.0	 1550.0	   90.2	    0.0	    0.0	1	  388.0	 21	 1300.4	   10.0	
   21	  13.73	    0.0	 1500.0	    0.0	    0.0	 1500.0	    0.0	  200.0	    0.0	 1500.0	    0.0	  200.0	  100.0	   89.7	    0.0	    0.0	    0.0	    0.0	    1.4	  1	 -750.0	 1550.0	   89.7	    0.0	    0.0	1	  387.6	 21	 1300.1	   10.0	
   22	  13.83	    0.0	 1500.0	    0.0	    0.0	 1500.0	    0.0	  200.0	    0.0	 1500.0	    0.0	  200.0	  100.0	   89.2	    0.0	    0.0	    0.0	    0.0	    1.5	  1	 -750.0	 1550.0	   89.2	    0.0	    0.0	1	  387.1	 21	    0.0	   10.0	
   23	  13.93	    0.0	 1500.0	    0.0	    0.0	 1500.0	    0.0	  200.0	    0.0	 1500.0	    0.0	  200.0	  100.0	   88.7	    0.0	    0.0	    0.0	    0.0	    1.6	  1	 -750.0	 1550.0	   88.7	    0.0	    0.0	1	  386.7	 21	    0.0	   10.0	
   24	  14.03	    0.0	 1500.0	    0.0	    0.0	 1500.0	    0.0	  200.0	    0.0	 1500.0	    0.0	  200.0	  100.0	   88.2	    0.0	    0.0	    0.0	    0.0	    1.6	  1	 -750.0	 1550.0	   88.2	    0.0	    0.0	1	  386.2	 21	    0.0	    9.9	
   25	  14.13	    0.0	 1500.0	    0.0	    0.0	 1500.0	    0.0	  200.0	    0.0	 1500.0	    0.0	  200.0	  100.0	   87.7	    0.0	    0.0	    0.0	    0.0	    1.7	  1	 -750.0	 1550.0	   87.7	    0.0	    0.0	1	  385.7	 21	    0.0	    9.9	
   26	  14.23	    0.0	 1500.0	    0.0	    0.0	 1500.0	    0.0	  200.0	    0.0	 1500.0	    0.0	  200.0	  100.0	   87.2	    0.0	    0.0	    0.0	    0.0	    1.8	  1	 -750.0	 1550.0	   87.2	    0.0	    0.0	1	  385.3	 21	    0.0	    9.9	
   27	  14.33	    0.0	 1500.0	    0.0	    0.0	 1500.0	    0.0	  200.0	    0.0	 1500.0	    0.0	  200.0	  100.0	   86.7	    0.0	    0.0	    0.0	    0.0	    1.8	  1	 -750.0	 1550.0	   86.7	    0.0	    0.0	1	  384.8	 21	    0.0	    9.8	
   28	  14.43	    0.0	 1500.0	    0.0	    0.0	 1500.0	    0.0	  200.0	    0.0	 1500.0	    0.0	  200.0	  100.0	   86.2	    0.0	    0.0	    0.0	    0.0	    1.9	  1	 -750.0	 1550.0	   86.2	    0.0	    0.0	1	  384.4	 21	    0.0	    9.8	
   29	  14.53	    0.0	 1500.0	    0.0	    0.0	 1500.0	    0.0	  200.0	    0.0	 1500.0	    0.0	  200.0	  100.0	   85.7	    0.0	    0.0	    0.0	    0.0	    2.0	  1	 -750.0	 1550.0	   85.7	    0.0	    0.0	1	  383.9	 21	    0.0	    9.8	
   30	  14.63	    0.0	 1500.0	    0.0	    0.0	 1500.0	    0.0	  200.0	    0.0	 1500.0	    0.0	  200.0	  100.0	   85.2	    0.0	    0.0	    0.0	    0.0	    2.0	  1	 -750.0	 1550.0	   85.2	    0.0	    0.0	1	  383.4	 21	    0.0	    9.8	
   31	  14.73	    0.0	 1500.0	    0.0	    0.0	 1500.0	    0.0	  200.0	    0.0	 1500.0	    0.0	  200.0	  100.0	   84.7	    0.0	    0.0	    0.0	    0.0	    2.1	  1	 -750.0	 1550.0	   84.7	    0.0	    0.0	1	  383.0	 21	    0.0	    9.7	
   32	  14.83	    0.0	 1500.0	    0.0	    0.0	 1500.0	    0.0	  200.0	    0.0	 1500.0	    0.0	  200.0	  100.0	   84.2	    0.0	    0.0	    0.0	    0.0	    2.2	  1	 -750.0	 1550.0	   84.2	    0.0	    0.0	1	  382.5	 21	    0.0	    9.7	
   33	  14.93	    0.0	 1500.0	    0.0	    0.0	 1500.0	    0.0	  200.0	    0.0	 1500.0	    0.0	  200.0	  100.0	   83.7	    0.0	    0.0	    0.0	    0.0	    2.2	  1	 -750.0	 1550.0	   83.7	    0.0	    0.0	1	  382.0	 21	    0.0	    9.7	
   34	  15.03	    0.0	 1500.0	    0.0	    0.0	 1500.0	    0.0	  200.0	    0.0	 1500.0	    0.0	  200.0	  100.0	   83.2	    0.0	    0.0	    0.0	    0.0	    2.3	  1	 -750.0	 1550.0	   83.2	    0.0	    0.0	1	  381.6	 21	    0.0	    9.6	
   35	  15.13	    0.0	 1500.0	    0.0	    0.0	 1500.0	    0.0	  200.0	    0.0	 1500.0	    0.0	  200.0	  100.0	   82.7	    0.0	    0.0	    0.0	    0.0	    2.4	  1	 -750.0	 1550.0	   82.7	    0.0	    0.0	1	  381.1	 21	    0.0	    9.6	
   36	  15.23	    0.0	 1500.0	    0.0	    0.0	 1500.0	    0.0	  200.0	    0.0	 1500.0	    0.0	  200.0	  100.0	   82.2	    0.0	    0.0	    0.0	    0.0	    2.4	  1	 -750.0	 1550.0	   82.2	    0.0	    0.0	1	  380.6	 21	    0.0	    9.6	
   37	  15.33	    0.0	 1500.0	    0.0	    0.0	 1500.0	    0.0	  200.0	    0.0	 1500.0	    0.0	  200.0	  100.0	   81.7	    0.0	    0.0	    0.0	    0.0	    2.5	  1	 -750.0	 1550.0	   81.7	    0.0	    0.0	1	  380.2	 21	    0.0	    9.6	
   38	  15.43	    0.0	 1500.0	    0.0	    0.0	 1500.0	    0.0	  200.0	    0.0	 1500.0	    0.0	  200.0	  100.0	   81.2	    0.0	    0.0	    0.0	    0.0	    2.6	  1	 -750.0	 1550.0	   81.2	    0.0	    0.0	1	  379.7	 21	    0.0	    9.5	
   39	  15.53	    0.0	 1500.0	    0.0	    0.0	 1500.0	    0.0	  200.0	    0.0	 1500.0	    0.0	  200.0	  100.0	   80.7	    0.0	    0.0	    0.0	    0.0	    2.6	  1	 -750.0	 1550.0	   80.7	    0.0	    0.0	1	  379.2	 21	    0.0	    9.5	
   40	  15.63	    0.0	 1500.0	    0.0	    0.0	 1500.0	    0.0	  200.0	    0.0	 1500.0	    0.0	  200.0	  100.0	   80.2	    0.0	    0.0	    0.0	    0.0	    2.7	  1	 -750.0	 1550.0	   80.2	    0.0	    0.0	1	  378.8	 21	    0.0	    9.5	
   41	  15.73	    0.0	 1500.0	    0.0	    0.0	 1500.0	    0.0	  200.0	    0.0	 1500.0	    0.0	  200.0	  100.0	   79.7	    0.0	    0.0	    0.0	    0.0	    2.8	  1	 -750.0	 1550.0	   79.7	    0.0	    0.0	1	  378.3	 21	    0.0	    9.4	
   42	  15.83	    0.0	 1500.0	    0.0	    0.0	 1500.0	    0.0	  200.0	    0.0	 1500.0	    0.0	  200.0	  100.0	   79.2	    0.0	    0.0	    0.0	    0.0	    2.8	  1	 -750.0	 1550.0	   79.2	    0.0	    0.0	1	  377.8	 21	    0.0	    9.4	
   43	  15.93	    0.0	 1500.0	    0.0	    0.0	 1500.0	    0.0	  200.0	    0.0	 1500.0	    0.0	  200.0	  100.0	   78.7	    0.0	    0.0	    0.0	    0.0	    2.9	  1	 -750.0	 1550.0	   78.7	    0.0	    0.0	1	  377.4	 21	    0.0	    9.4	
   44	  16.03	    0.0	 1500.0	    0.0	    0.0	 1500.0	    0.0	  200.0	    0.0	 1500.0	    0.0	  200.0	  100.0	   78.2	    0.0	    0.0	    0.0	    0.0	    3.0	  1	 -750.0	 1550.0	   78.2	    0.0	    0.0	1	  376.9	 21	    0.0	    9.4	
   45	  16.13	    0.0	 1500.0	    0.0	    0.0	 1500.0	    0.0	  200.0	    0.0	 1500.0	    0.0	  200.0	  100.0	   77.7	    0.0	    0.0	    0.0	    0.0	    3.1	  1	 -750.0	 1550.0	   77.7	    0.0	    0.0	1	  376.4	 21	    0.0	    9.3	
   46	  16.23	    0.0	 1500.0	    0.0	    0.0	 1500.0	    0.0	  200.0	    0.0	 1500.0	    0.0	  200.0	  100.0	   77.2	    0.0	    0.0	    0.0	    0.0	    3.1	  1	 -750.0	 1550.0	   77.2	    0.0	    0.0	1	  375.9	 21	    0.0	    9.3	
   47	  16.33	    0.0	 1500.0	    0.0	    0.0	 1500.0	    0.0	  200.0	    0.0	 1500.0	    0.0	  200.0	  100.0	   76.7	    0.0	    0.0	    0.0	    0.0	    3.2	  1	 -750.0	 1550.0	   76.7	    0.0	    0.0	1	  375.5	 21	    0.0	    9.3	
   48	  16.43	    0.0	 1500.0	    0.0	    0.0	 1500.0	    0.0	  200.0	    0.0	 1500.0	    0.0	  200.0	  100.0	   76.2	    0.0	    0.0	    0.0	    0.0	    3.3	  1	 -750.0	 1550.0	   76.2	    0.0	    0.0	1	  375.0	 21	    0.0	    9.2	
   49	  16.53	    0.0	 1500.0	    0.0	    0.0	 1500.0	    0.0	  200.0	    0.0	 1500.0	    0.0	  200.0	  100.0	   75.7	    0.0	    0.0	    0.0	    0.0	    3.3	  1	 -750.0	 1550.0	   75.7	    0.0	    0.0	1	  374.5	 21	    0.0	    9.2	
   50	  16.63	    0.0	 1500.0	    0.0	    0.0	 1500.0	    0.0	  200.0	    0.0	 1500.0	    0.0	  200.0	  100.0	   75.2	    0.0	    0.0	    0.0	    0.0	    3.4	  1	 -750.0	 1550.0	   75.2	    0.0	    0.0	1	  374.1	 21	    0.0	    9.2	
   51	  16.73	    0.0	 1500.0	    0.0	    0.0	 1500.0	    0.0	  200.0	    0.0	 1500.0	    0.0	  200.0	  100.0	   74.7	    0.0	    0.0	    0.0	    0.0	    3.5	  1	 -750.0	 1550.0	   74.7	    0.0	    0.0	1	  373.6	 21	    0.0	    9.2	
   52	  16.83	    0.0	 1500.0	    0.0	    0.0	 1500.0	    0.0	  200.0	    0.0	 1500.0	    0.0	  200.0	  100.0	   74.2	    0.0	    0.0	    0.0	    0.0	    3.5	  1	 -750.0	 1550.0	   74.2	    0.0	    0.0	1	  373.1	 21	    0.0	    9.1	
   53	  16.93	    0.0	 1500.0	    0.0	    0.0	 1500.0	    0.0	  200.0	    0.0	 1500.0	    0.0	  200.0	  100.0	   73.7	    0.0	    0.0	    0.0	    0.0	    3.6	  1	 -750.0	 1550.0	   73.7	    0.0	    0.0	1	  372.6	 21	    0.0	    9.1	
   54	  17.03	    0.0	 1500.0	    0.0	    0.0	 1500.0	    0.0	  200.0	    0.0	 1500.0	    0.0	  200.0	  100.0	   73.2	    0.0	    0.0	    0.0	    0.0	    3.7	  1	 -750.0	 1550.0	   73.2	    0.0	    0.0	1	  372.2	 21	    0.0	    9.1	
   55	  17.13	    0.0	 1500.0	    0.0	    0.0	 1500.0	    0.0	  200.0	    0.0	 1500.0	    0.0	  200.0	  100.0	   72.7	    0.0	    0.0	    0.0	    0.0	    3.7	  1	 -750.0	 1550.0	   72.7	    0.0	    0.0	1	  371.7	 21	    0.0	    9.1	
   56	  17.23	    0.0	 1500.0	    0.0	    0.0	 1500.0	    0.0	  200.0	    0.0	 1500.0	    0.0	  200.0	  100.0	   72.2	    0.0	    0.0	    0.0	    0.0	    3.8	  1	 -750.0	 1550.0	   72.2	    0.0	    0.0	1	  371.2	 21	    0.0	    9.0	
   57	  17.33	    0.0	 1500.0	    0.0	    0.0	 1500.0	    0.0	  200.0	    0.0	 1500.0	    0.0	  200.0	  100.0	   71.7	    0.0	    0.0	    0.0	    0.0	    3.9	  1	 -750.0	 1550.0	   71.7	    0.0	    0.0	1	  370.7	 21	    0.0	    9.0	
   58	  17.43	    0.0	 1500.0	    0.0	    0.0	 1500.0	    0.0	  200.0	    0.0	 1500.0	    0.0	  200.0	  100.0	   71.2	    0.0	    0.0	    0.0	    0.0	    3.9	  1	 -750.0	 1550.0	   71.2	    0.0	    0.0	1	  370.3	 21	    0.0	    9.0	
   59	  17.53	    0.0	 1500.0	    0.0	    0.0	 1500.0	    0.0	  200.0	    0.0	 1500.0	    0.0	  200.0	  100.0	   70.7	    0.0	    0.0	    0.0	    0.0	    4.0	  1	 -750.0	 1550.0	   70.7	    0.0	    0.0	1	  369.8	 21	    0.0	    8.9	
   60	  17.63	    0.0	 1500.0	    0.0	    0.0	 1500.0	    0.0	  200.0	    0.0	 1500.0	    0.0	  200.0	  100.0	   70.2	    0.0	    0.0	    0.0	    0.0	    4.1	  1	 -750.0	 1550.0	   70.2	    0.0	    0.0	1	  369.3	 21	    0.0	    8.9	
   61	  17.73	    0.0	 1500.0	    0.0	    0.0	 1500.0	    0.0	  200.0	    0.0	 1500.0	    0.0	  200.0	  100.0	   69.7	    0.0	    0.0	    0.0	    0.0	    4.1	  1	 -750.0	 1550.0	   69.7	    0.0	    0.0	1	  368.8	 21	    0.0	    8.9	
   62	  17.83	    0.0	 1500.0	    0.0	    0.0	 1500.0	    0.0	  200.0	    0.0	 1500.0	    0.0	  200.0	  100.0	   69.2	    0.0	    0.0	    0.0	    0.0	    4.2	  1	 -750.0	 1550.0	   69.2	    0.0	    0.0	1	  368.4	 21	    0.0	    8.9	
   63	  17.93	    0.0	 1500.0	    0.0	    0.0	 1500.0	    0.0	  200.0	    0.0	 1500.0	    0.0	  200.0	  100.0	   68.7	    0.0	    0.0	    0.0	    0.0	    4.3	  1	 -750.0	 1550.0	   68.7	    0.0	    0.0	1	  367.9	 21	    0.0	    8.8	
   64	  18.03	    0.0	 1500.0	    0.0	    0.0	 1500.0	    0.0	  200.0	    0.0	 1500.0	    0.0	  200.0	  100.0	   68.2	    0.0	    0.0	    0.0	    0.0	    4.3	  1	 -750.0	 1550.0	   68.2	    0.0	    0.0	1	  367.4	 21	    0.0	    8.8	
   65	  18.13	    0.0	 1500.0	    0.0	    0.0	 1500.0	    0.0	  200.0	    0.0	 1500.0	    0.0	  200.0	  100.0	   67.7	    0.0	    0.0	    0.0	    0.0	    4.4	  1	 -750.0	 1550.0	   67.7	    0.0	    0.0	1	  366.9	 21	    0.0	    8.8	
   66	  18.23	    0.0	 1500.0	    0.0	    0.0	 1500.0	    0.0	  200.0	    0.0	 1500.0	    0.0	  200.0	  100.0	   67.2	    0.0	    0.0	    0.0	    0.0	    4.5	  1	 -750.0	 1550.0	   67.2	    0.0	    0.0	1	  366.5	 21	    0.0	    8.7	
   67	  18.33	    0.0	 1500.0	    0.0	    0.0	 1500.0	    0.0	  200.0	    0.0	 1500.0	    0.0	  200.0	  100.0	   66.7	    0.0	    0.0	    0.0	    0.0	    4.5	  1	 -750.0	 1550.0	   66.7	    0.0	    0.0	1	  366.0	 21	    0.0	    8.7	
   68	  18.43	    0.0	 1500.0	    0.0	    0.0	 1500.0	    0.0	  200.0	    0.0	 1500.0	    0.0	  200.0	  100.0	   66.2	    0.0	    0.0	    0.0	    0.0	    4.6	  1	 -750.0	 1550.0	   66.2	    0.0	    0.0	1	  365.5	 21	    0.0	    8.7	
   69	  18.53	    0.0	 1500.0	    0.0	    0.0	 1500.0	    0.0	  200.0	    0.0	 1500.0	    0.0	  200.0	  100.0	   65.7	    0.0	    0.0	    0.0	    0.0	    4.7	  1	 -750.0	 1550.0	   65.7	    0.0	    0.0	1	  365.0	 21	    0.0	    8.7	
   70	  18.63	    0.0	 1500.0	    0.0	    0.0	 1500.0	    0.0	  200.0	    0.0	 1500.0	    0.0	  200.0	  100.0	   65.2	    0.0	    0.0	    0.0	    0.0	    4.7	  1	 -750.0	 1550.0	   65.2	    0.0	    0.0	1	  364.5	 21	    0.0	    8.6	
   71	  18.73	    0.0	 1500.0	    0.0	    0.0	 1500.0	    0.0	  200.0	    0.0	 1500.0	    0.0	  200.0	  100.0	   64.7	    0.0	    0.0	    0.0	    0.0	    4.8	  1	 -750.0	 1550.0	   64.7	    0.0	    0.0	1	  364.1	 21	    0.0	    8.6	
   72	  18.83	    0.0	 1500.0	    0.0	    0.0	 1500.0	    0.0	  200.0	    0.0	 1500.0	    0.0	  200.0	  100.0	   64.2	    0.0	    0.0	    0.0	    0.0	    4.9	  1	 -750.0	 1550.0	   64.2	    0.0	    0.0	1	  363.6	 21	    0.0	    8.6	
   73	  18.93	    0.0	 1500.0	    0.0	    0.0	 1500.0	    0.0	  200.0	    0.0	 1500.0	    0.0	  200.0	  100.0	   63.7	    0.0	    0.0	    0.0	    0.0	    5.0	  1	 -750.0	 1550.0	   63.7	    0.0	    0.0	1	  363.1	 21	    0.0	    8.5	
   74	  19.03	    0.0	 1500.0	    0.0	    0.0	 1500.0	    0.0	  200.0	    0.0	 1500.0	    0.0	  200.0	  100.0	   63.2	    0.0	    0.0	    0.0	    0.0	    5.0	  1	 -750.0	 1550.0	   63.2	    0.0	    0.0	1	  362.6	 21	    0.0	    8.5	
   75	  19.13	    0.0	 1500.0	    0.0	    0.0	 1500.0	    0.0	  200.0	    0.0	 1500.0	    0.0	  200.0	  100.0	   62.7	    0.0	    0.0	    0.0	    0.0	    5.1	  1	 -750.0	 1550.0	   62.7	    0.0	    0.0	1	  362.1	 21	    0.0	    8.5	
   76	  19.23	    0.0	 1500.0	    0.0	    0.0	 1500.0	    0.0	  200.0	    0.0	 1500.0	    0.0	  200.0	  100.0	   62.2	    0.0	    0.0	    0.0	    0.0	    5.2	  1	 -750.0	 1550.0	   62.2	    0.0	    0.0	1	  361.7	 21	    0.0	    8.5	
   77	  19.33	    0.0	 1500.0	    0.0	    0.0	 1500.0	    0.0	  200.0	    0.0	 1500.0	    0.0	  200.0	  100.0	   61.7	    0.0	    0.0	    0.0	    0.0	    5.2	  1	 -750.0	 1550.0	   61.7	    0.0	    0.0	1	  361.2	 21	    0.0	    8.4	
   78	  19.43	    0.0	 1500.0	    0.0	    0.0	 1500.0	    0.0	  200.0	    0.0	 1500.0	    0.0	  200.0	  100.0	   61.2	    0.0	    0.0	    0.0	    0.0	    5.3	  1	 -750.0	 1550.0	   61.2	    0.0	    0.0	1	  360.7	 21	    0.0	    8.4	
   79	  19.53	    0.0	 1500.0	    0.0	    0.0	 1500.0	    0.0	  200.0	    0.0	 1500.0	    0.0	  200.0	  100.0	   60.7	    0.0	    0.0	    0.0	    0.0	    5.4	  1	 -750.0	 1550.0	   60.7	    0.0	    0.0	1	  360.2	 21	    0.0	    8.4	
   80	  19.63	    0.0	 1500.0	    0.0	    0.0	 1500.0	    0.0	  200.0	    0.0	 1500.0	    0.0	  200.0	  100.0	   60.2	    0.0	    0.0	    0.0	    0.0	    5.4	  1	 -750.0	 1550.0	   60.2	    0.0	    0.0	1	  359.7	 21	    0.0	    8.3	
   81	  19.73	    0.0	 1500.0	    0.0	    0.0	 1500.0	    0.0	  200.0	    0.0	 1500.0	    0.0	  200.0	  100.0	   59.7	    0.0	    0.0	    0.0	    0.0	    5.5	  1	 -750.0	 1550.0	   59.7	    0.0	    0.0	1	  359.3	 21	    0.0	    8.3	
   82	  19.83	    0.0	 1500.0	    0.0	    0.0	 1500.0	    0.0	  200.0	    0.0	 1500.0	    0.0	  200.0	  100.0	   59.2	    0.0	    0.0	    0.0	    0.0	    5.6	  1	 -750.0	 1550.0	   59.2	    0.0	    0.0	1	  358.8	 21	    0.0	    8.3	
   83	  19.93	    0.0	 1500.0	    0.0	    0.0	 1500.0	    0.0	  200.0	    0.0	 1500.0	    0.0	  200.0	  100.0	   58.7	    0.0	    0.0	    0.0	    0.0	    5.6	  1	 -750.0	 1550.0	   58.7	    0.0	    0.0	1	  358.3	 21	    0.0	    8.3	
   84	  20.03	    0.0	 1500.0	    0.0	    0.0	 1500.0	    0.0	  200.0	    0.0	 1500.0	    0.0	  200.0	  100.0	   58.2	    0.0	    0.0	    0.0	    0.0	    5.7	  1	 -750.0	 1550.0	   58.2	    0.0	    0.0	1	  357.8	 21	    0.0	    8.2	
   85	  20.13	    0.0	 1500.0	    0.0	    0.0	 1500.0	    0.0	  200.0	    0.0	 1500.0	    0.0	  200.0	  100.0	   57.7	    0.0	    0.0	    0.0	    0.0	    5.8	  1	 -750.0	 1550.0	   57.7	    0.0	    0.0	1	  357.3	 21	    0.0	    8.2	
   86	  20.23	    0.0	 1500.0	    0.0	    0.0	 1500.0	    0.0	  200.0	    0.0	 1500.0	    0.0	  200.0	  100.0	   57.2	    0.0	    0.0	    0.0	    0.0	    5.8	  1	 -750.0	 1550.0	   57.2	    0.0	    0.0	1	  356.8	 21	    0.0	    8.2	
   87	  20.33	    0.0	 1500.0	    0.0	    0.0	 1500.0	    0.0	  200.0	    0.0	 1500.0	    0.0	  200.0	  100.0	   56.7	    0.0	    0.0	    0.0	    0.0	    5.9	  1	 -750.0	 1550.0	   56.7	    0.0	    0.0	1	  356.3	 21	    0.0	    8.1	
   88	  20.43	    0.0	 1500.0	    0.0	    0.0	 1500.0	    0.0	  200.0	    0.0	 1500.0	    0.0	  200.0	  100.0	   56.2	    0.0	    0.0	    0.0	    0.0	    6.0	  1	 -750.0	 1550.0	   56.2	    0.0	    0.0	1	  355.9	 21	    0.0	    8.1	
   89	  20.53	    0.0	 1500.0	    0.0	    0.0	 1500.0	    0.0	  200.0	    0.0	 1500.0	    0.0	  200.0	  100.0	   55.7	    0.0	    0.0	    0.0	    0.0	    6.0	  1	 -750.0	 1550.0	   55.7	    0.0	    0.0	1	  355.4	 21	    0.0	    8.1	
   90	  20.63	    0.0	 1500.0	    0.0	    0.0	 1500.0	    0.0	  200.0	    0.0	 1500.0	    0.0	  200.0	  100.0	   55.2	    0.0	    0.0	    0.0	    0.0	    6.1	  1	 -750.0	 1550.0	   55.2	    0.0	    0.0	1	  354.9	 21	    0.0	    8.1	
   91	  20.73	    0.0	 1500.0	    0.0	    0.0	 1500.0	    0.0	  200.0	    0.0	 1500.0	    0.0	  200.0	  100.0	   54.7	    0.0	    0.0	    0.0	    0.0	    6.2	  1	 -750.0	 1550.0	   54.7	    0.0	    0.0	1	  354.4	 21	    0.0	    8.0	
   92	  20.83	    0.0	 1500.0	    0.0	    0.0	 1500.0	    0.0	  200.0	    0.0	 1500.0	    0.0	  200.0	  100.0	   54.2	    0.0	    0.0	    0.0	    0.0	    6.2	  1	 -750.0	 1550.0	   54.2	    0.0	    0.0	1	  353.9	 21	    0.0	    8.0	
   93	  20.93	    0.0	 1500.0	    0.0	    0.0	 1500.0	    0.0	  200.0	    0.0	 1500.0	    0.0	  200.0	  100.0	   53.7	    0.0	    0.0	    0.0	    0.0	    6.3	  1	 -750.0	 1550.0	   53.7	    0.0	    0.0	1	  353.4	 21	    0.0	    8.0	
   94	  21.03	    0.0	 1500.0	    0.0	    0.0	 1500.0	    0.0	  200.0	    0.0	 1500.0	    0.0	  200.0	  100.0	   53.2	    0.0	    0.0	    0.0	    0.0	    6.4	  1	 -750.0	 1550.0	   53.2	    0.0	    0.0	1	  352.9	 21	    0.0	    8.0	
   95	  21.13	    0.0	 1500.0	    0.0	    0.0	 1500.0	    0.0	  200.0	    0.0	 1500.0	    0.0	  200.0	  100.0	   52.7	    0.0	    0.0	    0.0	    0.0	    6.4	  1	 -750.0	 1550.0	   52.7	    0.0	    0.0	1	  352.5	 21	    0.0	    7.9	
   96	  21.23	    0.0	 1500.0	    0.0	    0.0	 1500.0	    0.0	  200.0	    0.0	 1500.0	    0.0	  200.0	  100.0	   52.2	    0.0	    0.0	    0.0	    0.0	    6.5	  1	 -750.0	 1550.0	   52.2	    0.0	    0.0	1	  352.0	 21	    0.0	    7.9	
   97	  21.33	    0.0	 1500.0	    0.0	    0.0	 1500.0	    0.0	  200.0	    0.0	 1500.0	    0.0	  200.0	  100.0	   51.7	    0.0	    0.0	    0.0	    0.0	    6.6	  1	 -750.0	 1550.0	   51.7	    0.0	    0.0	1	  351.5	 21	    0.0	    7.9	
   98	  21.43	    0.0	 1500.0	    0.0	    0.0	 1500.0	    0.0	  200.0	    0.0	 1500.0	    0.0	  200.0	  100.0	   51.2	    0.0	    0.0	    0.0	    0.0	    6.6	  1	 -750.0	 1550.0	   51.2	    0.0	    0.0	1	  351.0	 21	    0.0	    7.8	
   99	  21.53	    0.0	 1500.0	    0.0	    0.0	 1500.0	    0.0	  200.0	    0.0	 1500.0	    0.0	  200.0	  100.0	   50.7	    0.0	    0.0	    0.0	    0.0	    6.7	  1	 -750.0	 1550.0	   50.7	    0.0	    0.0	1	  350.5	 21	    0.0	    7.8	
  100	  21.63	    0.0	 1500.0	    0.0	    0.0	 1500.0	    0.0	  200.0	    0.0	 1500.0	    0.0	  200.0	  100.0	   50.2	    0.0	    0.0	    0.0	    0.0	    6.8	  1	 -750.0	 1550.0	   50.2	    0.0	    0.0	1	  350.0	 21	    0.0	    7.8	
  101	  21.73	    0.0	 1500.0	    0.0	    0.0	 1500.0	    0.0	  200.0	    0.0	 1500.0	    0.0	  200.0	  100.0	   49.7	    0.0	    0.0	    0.0	    0.0	    6.9	  1	 -750.0	 1550.0	   49.7	    0.0	    0.0	1	  349.5	 21	    0.0	    7.8	
  102	  21.83	    0.0	 1500.0	    0.0	    0.0	 1500.0	    0.0	  200.0	    0.0	 1500.0	    0.0	  200.0	  100.0	   49.2	    0.0	    0.0	    0.0	    0.0	    6.9	  1	 -750.0	 1550.0	   49.2	    0.0	    0.0	1	  349.0	 21	    0.0	    7.7	
  103	  21.93	    0.0	 1500.0	    0.0	    0.0	 1500.0	    0.0	  200.0	    0.0	 1500.0	    0.0	  200.0	  100.0	   48.7	    0.0	    0.0	    0.0	    0.0	    7.0	  1	 -750.0	 1550.0	   48.7	    0.0	    0.0	1	  348.5	 21	    0.0	    7.7	
  104	  22.03	    0.0	 1500.0	    0.0	    0.0	 1500.0	    0.0	  200.0	    0.0	 1500.0	    0.0	  200.0	  100.0	   48.2	    0.0	    0.0	    0.0	    0.0	    7.1	  1	 -750.0	 1550.0	   48.2	    0.0	    0.0	1	  348.1	 21	    0.0	    7.7	
  105	  22.13	    0.0	 1500.0	    0.0	    0.0	 1500.0	    0.0	  200.0	    0.0	 1500.0	    0.0	  200.0	  100.0	   47.7	    0.0	    0.0	    0.0	    0.0	    7.1	  1	 -750.0	 1550.0	   47.7	    0.0	    0.0	1	  347.6	 21	    0.0	    7.6	
  106	  22.23	    0.0	 1500.0	    0.0	    0.0	 1500.0	    0.0	  200.0	    0.0	 1500.0	    0.0	  200.0	  100.0	   47.2	    0.0	    0.0	    0.0	    0.0	    7.2	  1	 -750.0	 1550.0	   47.2	    0.0	    0.0	1	  347.1	 21	    0.0	    7.6	
  107	  22.33	    0.0	 1500.0	    0.0	    0.0	 1500.0	    0.0	  200.0	    0.0	 1500.0	    0.0	  200.0	  100.0	   46.7	    0.0	    0.0	    0.0	    0.0	    7.3	  1	 -750.0	 1550.0	   46.7	    0.0	    0.0	1	  346.6	 21	    0.0	    7.6	
  108	  22.43	    0.0	 1500.0	    0.0	    0.0	 1500.0	    0.0	  200.0	    0.0	 1500.0	    0.0	  200.0	  100.0	   46.2	    0.0	    0.0	    0.0	    0.0	    7.3	  1	 -750.0	 1550.0	   46.2	    0.0	    0.0	1	  346.1	 21	    0.0	    7.6	
  109	  22.53	    0.0	 1500.0	    0.0	    0.0	 1500.0	    0.0	  200.0	    0.0	 1500.0	    0.0	  200.0	  100.0	   45.7	    0.0	    0.0	    0.0	    0.0	    7.4	  1	 -750.0	 1550.0	   45.7	    0.0	    0.0	1	  345.6	 21	    0.0	    7.5	
  110	  22.63	    0.0	 1500.0	    0.0	    0.0	 1500.0	    0.0	  200.0	    0.0	 1500.0	    0.0	  200.0	  100.0	   45.2	    0.0	    0.0	    0.0	    0.0	    7.5	  1	 -750.0	 1550.0	   45.2	    0.0	    0.0	1	  345.1	 21	    0.0	    7.5	
  111	  22.73	    0.0	 1500.0	    0.0	    0.0	 1500.0	    0.0	  200.0	    0.0	 1500.0	    0.0	  200.0	  100.0	   44.7	    0.0	    0.0	    0.0	    0.0	    7.5	  1	 -750.0	 1550.0	   44.7	    0.0	    0.0	1	  344.6	 21	    0.0	    7.5	
  112	  22.83	    0.0	 1500.0	    0.0	    0.0	 1500.0	    0.0	  200.0	    0.0	 1500.0	    0.0	  200.0	  100.0	   44.2	    0.0	    0.0	    0.0	    0.0	    7.6	  1	 -750.0	 1550.0	   44.2	    0.0	    0.0	1	  344.1	 21	    0.0	    7.4	
  113	  22.93	    0.0	 1500.0	    0.0	    0.0	 1500.0	    0.0	  200.0	    0.0	 1500.0	    0.0	  200.0	  100.0	   43.7	    0.0	    0.0	    0.0	    0.0	    7.7	  1	 -750.0	 1550.0	   43.7	    0.0	    0.0	1	  343.6	 21	    0.0	    7.4	
  114	  23.03	    0.0	 1500.0	    0.0	    0.0	 1500.0	    0.0	  200.0	    0.0	 1500.0	    0.0	  200.0	  100.0	   43.2	    0.0	    0.0	    0.0	    0.0	    7.7	  1	 -750.0	 1550.0	   43.2	    0.0	    0.0	1	  343.1	 21	    0.0	    7.4	
  115	  23.13	    0.0	 1500.0	    0.0	    0.0	 1500.0	    0.0	  200.0	    0.0	 1500.0	    0.0	  200.0	  100.0	   42.7	    0.0	    0.0	    0.0	    0.0	    7.8	  1	 -750.0	 1550.0	   42.7	    0.0	    0.0	1	  342.7	 21	    0.0	    7.4	
  116	  23.23	    0.0	 1500.0	    0.0	    0.0	 1500.0	    0.0	  200.0	    0.0	 1500.0	    0.0	  200.0	  100.0	   42.2	    0.0	    0.0	    0.0	    0.0	    7.9	  1	 -750.0	 1550.0	   42.2	    0.0	    0.0	1	  342.2	 21	    0.0	    7.3	
  117	  23.33	    0.0	 1500.0	    0.0	    0.0	 1500.0	    0.0	  200.0	    0.0	 1500.0	    0.0	  200.0	  100.0	   41.7	    0.0	    0.0	    0.0	    0.0	    7.9	  1	 -750.0	 1550.0	   41.7	    0.0	    0.0	1	  341.7	 21	    0.0	    7.3	
  118	  23.43	    0.0	 1500.0	    0.0	    0.0	 1500.0	    0.0	  200.0	    0.0	 1500.0	    0.0	  200.0	  100.0	   41.2	    0.0	    0.0	    0.0	    0.0	    8.0	  1	 -750.0	 1550.0	   41.2	    0.0	    0.0	1	  341.2	 21	    0.0	    7.3	
  119	  23.53	    0.0	 1500.0	    0.0	    0.0	 1500.0	    0.0	  200.0	    0.0	 1500.0	    0.0	  200.0	  100.0	   40.7	    0.0	    0.0	    0.0	    0.0	    8.1	  1	 -750.0	 1550.0	   40.7	    0.0	    0.0	1	  340.7	 21	    0.0	    7.2	
  120	  23.63	    0.0	 1500.0	    0.0	    0.0	 1500.0	    0.0	  200.0	    0.0	 1500.0	    0.0	  200.0	  100.0	   40.2	    0.0	    0.0	    0.0	    0.0	    8.1	  1	 -750.0	 1550.0	   40.2	    0.0	    0.0	1	  340.2	 21	    0.0	    7.2	
  121	  23.73	    0.0	 1500.0	    0.0	    0.0	 1500.0	    0.0	  200.0	    0.0	 1500.0	    0.0	  200.0	  100.0	   39.7	    0.0	    0.0	    0.0	    0.0	    8.2	  1	 -750.0	 1550.0	   39.7	    0.0	    0.0	1	  339.7	 21	    0.0	    7.2	
  122	  23.83	    0.0	 1500.0	    0.0	    0.0	 1500.0	    0.0	  200.0	    0.0	 1500.0	    0.0	  200.0	  100.0	   39.2	    0.0	    0.0	    0.0	    0.0	    8.3	  1	 -750.0	 1550.0	   39.2	    0.0	    0.0	1	  339.2	 21	    0.0	    7.2	
  123	  23.93	    0.0	 1500.0	    0.0	    0.0	 1500.0	    0.0	  200.0	    0.0	 1500.0	    0.0	  200.0	  100.0	   38.7	    0.0	    0.0	    0.0	    0.0	    8.3	  1	 -750.0	 1550.0	   38.7	    0.0	    0.0	1	  338.7	 21	    0.0	    7.1	
  124	  24.03	    0.0	 1500.0	    0.0	    0.0	 1500.0	    0.0	  200.0	    0.0	 1500.0	    0.0	  200.0	  100.0	   38.2	    0.0	    0.0	    0.0	    0.0	    8.4	  1	 -750.0	 1550.0	   38.2	    0.0	    0.0	1	  338.2	 21	    0.0	    7.1	
  125	  24.13	  231.2	 1378.4	    0.0	    0.0	 1500.0	    0.0	  200.0	    0.0	 1500.0	    0.0	  200.0	  100.0	   37.8	    0.0	    0.0	    0.0	    0.0	    8.4	  1	  750.0	 1450.0	   37.8	    0.0	    0.0	1	  350.5	 21	    0.0	    7.0	
  126	  24.23	  231.2	 1378.4	    0.0	    0.0	 1500.0	    0.0	  200.0	    0.0	 1500.0	    0.0	  200.0	  100.0	   37.3	    0.0	    0.0	    0.0	    0.0	    8.5	  1	  750.0	 1450.0	   37.3	    0.0	    0.0	1	  349.8	 21	    0.0	    7.0	
  127	  24.33	  231.2	 1378.4	    0.0	    0.0	 1500.0	    0.0	  200.0	    0.0	 1500.0	    0.0	  200.0	  100.0	   36.8	    0.0	    0.0	    0.0	    0.0	    8.5	  1	  750.0	 1450.0	   36.8	    0.0	    0.0	1	  349.2	 21	    0.0	    7.0	
  128	  24.43	  231.2	 1378.4	    0.0	  820.7	 1191.8	    0.0	  200.0	    0.0	 1500.0	    0.0	  200.0	  100.0	   44.5	    0.0	    0.0	    0.0	    0.1	    8.5	  1	  750.0	  950.0	   44.5	    0.0	    0.1	1	  362.8	 21	 1264.5	 -135.5	
  129	  24.53	  231.2	 1378.4	    0.0	  821.5	 1191.5	    0.0	  200.0	    0.0	 1500.0	    0.0	  200.0	  100.0	   44.1	    0.0	    0.0	    0.0	    0.2	    8.6	  1	  750.0	 1850.0	   44.1	    0.0	    0.2	1	  285.7	 21	 1332.8	   13.3	
  130	  24.63	  231.2	 1378.4	    0.0	  822.4	 1191.2	    0.0	  200.0	    0.0	 1500.0	    0.0	  200.0	  100.0	   43.6	    0.0	    0.0	    0.0	    0.2	    8.6	  1	  750.0	 1850.0	   43.6	    0.0	    0.2	1	  285.8	 21	 1332.2	   13.2	
  131	  24.73	  231.2	 1378.4	    0.0	  821.5	 1191.5	    0.0	  200.0	    0.0	 1500.0	    0.0	  200.0	  100.0	   43.1	    0.0	    0.0	    0.0	    0.3	    8.7	  1	  750.0	 1850.0	   43.1	    0.0	    0.3	1	  285.6	 21	 1331.6	   13.2	
  132	  24.83	  231.2	 1378.4	    0.0	  821.5	 1191.5	    0.0	  200.0	    0.0	 1500.0	    0.0	  200.0	  100.0	   42.7	    0.0	    0.0	    0.0	    0.4	    8.8	  1	  750.0	 1850.0	   42.7	    0.0	    0.4	1	  285.5	 21	 1330.9	   13.1	
  133	  24.93	  231.2	 1378.4	    0.0	  822.4	 1191.2	    0.0	  200.0	    0.0	 1500.0	    0.0	  200.0	  100.0	   42.2	    0.0	    0.0	    0.0	    0.5	    8.8	  1	  750.0	 1850.0	   42.2	    0.0	    0.5	1	  285.6	 21	 1330.3	   13.0	
  134	  25.03	  231.2	 1378.4	    0.0	  822.4	 1191.2	    0.0	  200.0	    0.0	 1500.0	    0.0	  200.0	  100.0	   41.8	    0.0	    0.0	    0.0	    0.6	    8.9	  1	  750.0	 1850.0	   41.8	    0.0	    0.6	1	  285.5	 21	 1329.7	   13.0	
  135	  25.13	  231.2	 1378.4	    0.0	  822.4	 1191.2	    0.0	  200.0	    0.0	 1500.0	    0.0	  200.0	  100.0	   41.3	    0.0	    0.0	    0.0	    0.7	    8.9	  1	  750.0	 1850.0	   41.3	    0.0	    0.7	1	  285.5	 21	 1329.1	   12.9	
  136	  25.23	  231.2	 1378.4	    0.0	  822.4	 1191.2	    0.0	  200.0	    0.0	 1500.0	    0.0	  200.0	  100.0	   40.9	    0.0	    0.0	    0.0	    0.8	    9.0	  1	  750.0	 1850.0	   40.9	    0.0	    0.8	1	  285.4	 21	 1328.5	   12.8	
  137	  25.33	  231.2	 1378.4	    0.0	  822.4	 1191.2	    0.0	  200.0	    0.0	 1500.0	    0.0	  200.0	  100.0	   40.4	    0.0	    0.0	    0.0	    0.8	    9.1	  1	  750.0	 1850.0	   40.4	    0.0	    0.8	1	  285.3	 21	 1327.9	   12.8	
  138	  25.43	  231.2	 1378.4	    0.0	  823.3	 1190.9	    0.0	  200.0	    0.0	 1500.0	    0.0	  200.0	  100.0	   40.0	    0.0	    0.0	    0.0	    0.9	    9.1	  1	  750.0	 1850.0	   40.0	    0.0	    0.9	1	  285.4	 21	 1327.3	   12.7	
  139	  25.53	  231.2	 1378.4	    0.0	  822.4	 1191.2	    0.0	  200.0	    0.0	 1500.0	    0.0	  200.0	  100.0	   39.5	    0.0	    0.0	    0.0	    1.0	    9.2	  1	  750.0	 1850.0	   39.5	    0.0	    1.0	1	  285.2	 21	 1326.8	   12.7	
  140	  25.63	  231.2	 1378.4	    0.0	  821.5	 1191.5	    0.0	  200.0	    0.0	 1500.0	    0.0	  200.0	  100.0	   39.1	    0.0	    0.0	    0.0	    1.1	    9.3	  1	  750.0	 1850.0	   39.1	    0.0	    1.1	1	  284.9	 21	 1326.2	   12.6	
  141	  25.73	  231.2	 1378.4	    0.0	  821.5	 1191.5	    0.0	  200.0	    0.0	 1500.0	    0.0	  200.0	  100.0	   38.6	    0.0	    0.0	    0.0	    1.2	    9.3	  1	  750.0	 1850.0	   38.6	    0.0	    1.2	1	  284.8	 21	 1325.7	   12.6	
  142	  25.83	  231.2	 1378.4	    0.0	  821.5	 1191.5	    0.0	  200.0	    0.0	 1500.0	    0.0	  200.0	  100.0	   38.2	    0.0	    0.0	    0.0	    1.3	    9.4	  1	  750.0	 1850.0	   38.2	    0.0	    1.3	1	  284.8	 21	 1325.1	   12.5	
  143	  25.93	  231.2	 1378.4	    0.0	  821.5	 1191.5	    0.0	  200.0	    0.0	 1500.0	    0.0	  200.0	  100.0	   37.7	    0.0	    0.0	    0.0	    1.3	    9.5	  1	  750.0	 1850.0	   37.7	    0.0	    1.3	1	  284.7	 21	 1324.6	   12.5	
  144	  26.03	  231.2	 1378.4	    0.0	  824.2	 1190.6	    0.0	  200.0	    0.0	 1500.0	    0.0	  200.0	  100.0	   37.3	    0.0	    0.0	    0.0	    1.4	    9.5	  1	  750.0	 1850.0	   37.3	    0.0	    1.4	1	  285.2	 21	 1324.0	   12.4	
  145	  26.13	  231.2	 1378.4	    0.0	  824.2	 1190.6	    0.0	  200.0	    0.0	 1500.0	    0.0	  200.0	  100.0	   36.8	    0.0	    0.0	    0.0	    1.5	    9.6	  1	  750.0	 1850.0	   36.8	    0.0	    1.5	1	  285.1	 21	 1323.5	   12.4	
  146	  26.23	  231.2	 1378.4	    0.0	  824.2	 1190.6	    0.0	  200.0	    0.0	 1500.0	    0.0	  200.0	  100.0	   36.3	    0.0	    0.0	    0.0	    1.6	    9.7	  1	  750.0	 1850.0	   36.3	    0.0	    1.6	1	  285.0	 21	 1323.0	   12.3	
  147	  26.33	  231.2	 1378.4	    0.0	  823.3	 1190.9	    0.0	  200.0	    0.0	 1500.0	    0.0	  200.0	  100.0	   35.9	    0.0	    0.0	    0.0	    1.7	    9.7	  1	  750.0	 1850.0	   35.9	    0.0	    1.7	1	  284.8	 21	 1322.5	   12.3	
  148	  26.43	  231.2	 1378.4	    0.0	  823.3	 1190.9	    0.0	  200.0	    0.0	 1500.0	    0.0	  200.0	  100.0	   35.4	    0.0	    0.0	    0.0	    1.8	    9.8	  1	  750.0	 1850.0	   35.4	    0.0	    1.8	1	  284.7	 21	 1322.1	   12.2	
  149	  26.53	  231.2	 1378.4	    0.0	  823.3	 1190.9	    0.0	  200.0	    0.0	 1500.0	    0.0	  200.0	  100.0	   35.0	    0.0	    0.0	    0.0	    1.8	    9.9	  1	  750.0	 1850.0	   35.0	    0.0	    1.8	1	  284.6	 21	 1321.6	   12.2	
  150	  26.63	  231.2	 1378.4	    0.0	  823.3	 1190.9	    0.0	  200.0	    0.0	 1500.0	    0.0	  200.0	  100.0	   34.5	    0.0	    0.0	    0.0	    1.9	   10.0	  1	  750.0	 1850.0	   34.5	    0.0	    1.9	1	  284.6	 21	 1321.1	   12.1	
  151	  26.73	  231.2	 1378.4	    0.0	  823.3	 1190.9	    0.0	  200.0	    0.0	 1500.0	    0.0	  200.0	  100.0	   34.1	    0.0	    0.0	    0.0	    2.0	   10.0	  1	  750.0	 1850.0	   34.1	    0.0	    2.0	1	  284.5	 21	 1320.7	   12.1	
  152	  26.83	  231.2	 1378.4	    0.0	  822.4	 1191.2	    0.0	  200.0	    0.0	 1500.0	    0.0	  200.0	  100.0	   33.6	    0.0	    0.0	    0.0	    2.1	   10.1	  1	  750.0	 1850.0	   33.6	    0.0	    2.1	1	  284.2	 21	 1320.3	   12.0	
  153	  26.93	  231.2	 1378.4	    0.0	  823.3	 1190.9	    0.0	  200.0	    0.0	 1500.0	    0.0	  200.0	  100.0	   33.2	    0.0	    0.0	    0.0	    2.2	   10.2	  1	  750.0	 1850.0	   33.2	    0.0	    2.2	1	  284.4	 21	 1319.8	   12.0	
  154	  27.03	  231.2	 1378.4	    0.0	  823.3	 1190.9	    0.0	  200.0	    0.0	 1500.0	    0.0	  200.0	  100.0	   32.7	    0.0	    0.0	    0.0	    2.3	   10.2	  1	  750.0	 1850.0	   32.7	    0.0	    2.3	1	  284.3	 21	 1319.4	   11.9	
  155	  27.13	  231.2	 1378.4	    0.0	  820.7	 1191.8	    0.0	  200.0	    0.0	 1500.0	    0.0	  200.0	  100.0	   32.3	    0.0	    0.0	    0.0	    2.3	   10.3	  1	  750.0	 1850.0	   32.3	    0.0	    2.3	1	  283.7	 21	 1319.1	   11.9	
  156	  27.23	  231.2	 1378.4	    0.0	  820.7	 1191.8	    0.0	  200.0	    0.0	 1500.0	    0.0	  200.0	  100.0	   31.8	    0.0	    0.0	    0.0	    2.4	   10.4	  1	  750.0	 1850.0	   31.8	    0.0	    2.4	1	  283.6	 21	 1318.7	   11.9	
  157	  27.33	  231.2	 1378.4	    0.0	  820.7	 1191.8	    0.0	  200.0	    0.0	 1500.0	    0.0	  200.0	  100.0	   31.4	    0.0	    0.0	    0.0	    2.5	   10.4	  1	  750.0	 1850.0	   31.4	    0.0	    2.5	1	  283.5	 21	 1318.4	   11.8	
  158	  27.43	  231.2	 1378.4	    0.0	  820.7	 1191.8	    0.0	  200.0	    0.0	 1500.0	    0.0	  200.0	  100.0	   30.9	    0.0	    0.0	    0.0	    2.6	   10.5	  1	  750.0	 1850.0	   30.9	    0.0	    2.6	1	  283.5	 21	 1318.0	   11.8	
  159	  27.53	  231.2	 1378.4	    0.0	  820.7	 1191.8	    0.0	  200.0	    0.0	 1500.0	    0.0	  200.0	  100.0	   30.5	    0.0	    0.0	    0.0	    2.7	   10.6	  1	  750.0	 1850.0	   30.5	    0.0	    2.7	1	  283.4	 21	 1317.7	   11.8	
  160	  27.63	  231.2	 1378.4	    0.0	  820.7	 1191.8	    0.0	  200.0	    0.0	 1500.0	    0.0	  200.0	  100.0	   30.0	    0.0	    0.0	    0.0	    2.8	   10.6	  1	  750.0	 1850.0	   30.0	    0.0	    2.8	1	  283.3	 21	 1317.3	   11.7	
  161	  27.73	  231.2	 1378.4	    0.0	  820.7	 1191.8	    0.0	  200.0	    0.0	 1500.0	    0.0	  200.0	  100.0	   29.6	    0.0	    0.0	    0.0	    2.8	   10.7	  1	  750.0	 1850.0	   29.6	    0.0	    2.8	1	  283.2	 21	 1317.0	   11.7	
  162	  27.83	  231.2	 1378.4	    0.0	  820.7	 1191.8	    0.0	  200.0	    0.0	 1500.0	    0.0	  200.0	  100.0	   29.1	    0.0	    0.0	    0.0	    2.9	   10.8	  1	  750.0	 1850.0	   29.1	    0.0	    2.9	1	  283.2	 21	 1316.8	   11.7	
  163	  27.93	  231.2	 1378.4	    0.0	  820.7	 1191.8	    0.0	  200.0	    0.0	 1500.0	    0.0	  200.0	  100.0	   28.6	    0.0	    0.0	    0.0	    3.0	   10.8	  1	  750.0	 1850.0	   28.6	    0.0	    3.0	1	  283.1	 21	 1316.5	   11.6	
  164	  28.03	  231.2	 1378.4	    0.0	  820.7	 1191.8	    0.0	  200.0	    0.0	 1500.0	    0.0	  200.0	  100.0	   28.2	    0.0	    0.0	    0.0	    3.1	   10.9	  1	  750.0	 1850.0	   28.2	    0.0	    3.1	1	  283.0	 21	 1316.2	   11.6	
  165	  28.13	  231.2	 1378.4	    0.0	  820.7	 1191.8	    0.0	  200.0	    0.0	 1500.0	    0.0	  200.0	  100.0	   27.7	    0.0	    0.0	    0.0	    3.2	   11.0	  1	  750.0	 1850.0	   27.7	    0.0	    3.2	1	  283.0	 21	 1316.0	   11.6	
  166	  28.23	  231.2	 1378.4	    0.0	  823.7	 1192.1	    0.0	  200.0	    0.0	 1500.0	    0.0	  200.0	  100.0	   27.3	    0.0	    0.0	    0.0	    3.3	   11.0	  1	  750.0	 1850.0	   27.3	    0.0	    3.3	1	  283.5	 21	 1315.8	   11.6	
  167	  28.33	  231.2	 1378.4	    0.0	  823.7	 1192.1	    0.0	  200.0	    0.0	 1500.0	    0.0	  200.0	  100.0	   26.8	    0.0	    0.0	    0.0	    3.3	   11.1	  1	  750.0	 1850.0	   26.8	    0.0	    3.3	1	  283.4	 21	 1315.6	   11.6	
  168	  28.43	  231.2	 1378.4	    0.0	  821.9	 1192.6	    0.0	  200.0	    0.0	 1500.0	    0.0	  200.0	  100.0	   26.4	    0.0	    0.0	    0.0	    3.4	   11.2	  1	  750.0	 1850.0	   26.4	    0.0	    3.4	1	  283.0	 21	 1315.4	   11.5	
  169	  28.53	  231.2	 1378.4	    0.0	  821.9	 1192.6	    0.0	  200.0	    0.0	 1500.0	    0.0	  200.0	  100.0	   25.9	    0.0	    0.0	    0.0	    3.5	   11.2	  1	  750.0	 1850.0	   25.9	    0.0	    3.5	1	  282.9	 21	 1315.3	   11.5	
  170	  28.63	  231.2	 1378.4	    0.0	  821.9	 1192.6	    0.0	  200.0	    0.0	 1500.0	    0.0	  200.0	  100.0	   25.5	    0.0	    0.0	    0.0	    3.6	   11.3	  1	  750.0	 1850.0	   25.5	    0.0	    3.6	1	  282.8	 21	 1315.2	   11.5	
  171	  28.73	  231.2	 1378.4	    0.0	  821.9	 1192.6	    0.0	  200.0	    0.0	 1500.0	    0.0	  200.0	  100.0	   25.0	    0.0	    0.0	    0.0	    3.7	   11.4	  1	  750.0	 1850.0	   25.0	    0.0	    3.7	1	  282.8	 21	 1315.1	   11.5	
  172	  28.83	  231.2	 1378.4	    0.0	  821.9	 1192.6	    0.0	  200.0	    0.0	 1500.0	    0.0	  200.0	  100.0	   24.6	    0.0	    0.0	    0.0	    3.8	   11.4	  1	  750.0	 1850.0	   24.6	    0.0	    3.8	1	  282.7	 21	 1315.0	   11.5	
  173	  28.93	  231.2	 1378.4	    0.0	  821.9	 1192.6	    0.0	  200.0	    0.0	 1500.0	    0.0	  200.0	  100.0	   24.1	    0.0	    0.0	    0.0	    3.8	   11.5	  1	  750.0	 1850.0	   24.1	    0.0	    3.8	1	  282.6	 21	 1314.9	   11.5	
  174	  29.03	  231.2	 1378.4	    0.0	  821.9	 1192.6	    0.0	  200.0	    0.0	 1500.0	    0.0	  200.0	  100.0	   23.7	    0.0	    0.0	    0.0	    3.9	   11.6	  1	  750.0	 1850.0	   23.7	    0.0	    3.9	1	  282.5	 21	 1314.9	   11.5	
  175	  29.13	  231.2	 1378.4	    0.0	  821.9	 1192.6	    0.0	  200.0	    0.0	 1500.0	    0.0	  200.0	  100.0	   23.2	    0.0	    0.0	    0.0	    4.0	   11.6	  1	  750.0	 1850.0	   23.2	    0.0	    4.0	1	  282.5	 21	 1314.9	   11.5	
  176	  29.23	  231.2	 1378.4	    0.0	  821.9	 1192.6	    0.0	  200.0	    0.0	 1500.0	    0.0	  200.0	  100.0	   22.8	    0.0	    0.0	    0.0	    4.1	   11.7	  1	  750.0	 1850.0	   22.8	    0.0	    4.1	1	  282.4	 21	 1314.9	   11.5	
  177	  29.33	  231.2	 1378.4	    0.0	  821.9	 1192.6	    0.0	  200.0	    0.0	 1500.0	    0.0	  200.0	  100.0	   22.3	    0.0	    0.0	    0.0	    4.2	   11.8	  1	  750.0	 1850.0	   22.3	    0.0	    4.2	1	  282.3	 21	 1315.0	   11.5	
  178	  29.43	  231.2	 1378.4	    0.0	  821.9	 1192.6	    0.0	  200.0	    0.0	 1500.0	    0.0	  200.0	  100.0	   21.8	    0.0	    0.0	    0.0	    4.3	   11.8	  1	  750.0	 1850.0	   21.8	    0.0	    4.3	1	  282.4	 21	 1315.1	   11.5	
  179	  29.53	  231.2	 1378.4	    0.0	  821.9	 1192.6	    0.0	  200.0	    0.0	 1500.0	    0.0	  200.0	  100.0	   21.4	    0.0	    0.0	    0.0	    4.3	   11.9	  1	  750.0	 1850.0	   21.4	    0.0	    4.3	1	  282.5	 21	 1315.2	   11.5	
  180	  29.63	  231.2	 1378.4	    0.0	  821.9	 1192.6	    0.0	  200.0	    0.0	 1500.0	    0.0	  200.0	  100.0	   20.9	    0.0	    0.0	    0.0	    4.4	   12.0	  1	  750.0	 1850.0	   20.9	    0.0	    4.4	1	  282.5	 21	 1315.3	   11.5	
  181	  29.73	  231.2	 1378.4	    0.0	  821.9	 1192.6	    0.0	  200.0	    0.0	 1500.0	    0.0	  200.0	  100.0	   20.5	    0.0	    0.0	    0.0	    4.5	   12.0	  1	  750.0	 1850.0	   20.5	    0.0	    4.5	1	  282.6	 21	 1315.5	   11.6	
  182	  29.83	  231.2	 1378.4	    0.0	  821.9	 1192.6	    0.0	  200.0	    0.0	 1500.0	    0.0	  200.0	  100.0	   20.0	    0.0	    0.0	    0.0	    4.6	   12.1	  1	  750.0	 1850.0	   20.0	    0.0	    4.6	1	  282.7	 21	 1315.8	   11.6	
  183	  29.93	  231.2	 1378.4	    0.0	  827.9	 1199.5	    0.0	  200.0	    0.0	 1500.0	    0.0	  200.0	  100.0	   19.6	    0.0	    0.0	    0.0	    4.7	   12.2	  1	  750.0	  750.0	   19.6	    0.0	    4.7	1	  298.0	 21	 1316.0	   11.6	
  184	  30.03	  231.2	 1378.4	    0.0	  827.9	 1199.5	    0.0	  200.0	    0.0	 1500.0	    0.0	  200.0	  100.0	   19.1	    0.0	    0.0	    0.0	    4.8	   12.3	  1	  750.0	  750.0	   19.1	    0.0	    4.8	1	  298.1	 21	 1316.3	   11.6	
  185	  30.13	  231.2	 1378.4	    0.0	  827.9	 1199.5	    0.0	  200.0	    0.0	 1500.0	    0.0	  200.0	  100.0	   18.7	    0.0	    0.0	    0.0	    4.8	   12.3	  1	  750.0	  750.0	   18.7	    0.0	    4.8	1	  298.1	 21	 1316.7	   11.7	
  186	  30.23	  231.2	 1378.4	    0.0	  827.9	 1199.5	    0.0	  200.0	    0.0	 1500.0	    0.0	  200.0	  100.0	   18.2	    0.0	    0.0	    0.0	    4.9	   12.4	  1	  750.0	  750.0	   18.2	    0.0	    4.9	1	  298.2	 21	 1317.0	   11.7	
  187	  30.33	  231.2	 1378.4	    0.0	  859.6	 1222.5	    0.0	  200.0	    0.0	 1500.0	    0.0	  200.0	  100.0	   17.8	    0.0	    0.0	    0.0	    5.0	   12.5	  1	  750.0	  750.0	   17.8	    0.0	    5.0	1	  305.3	 21	 1317.3	   11.7	
  188	  30.43	  231.2	 1378.4	    0.0	  859.6	 1222.5	    0.0	  200.0	    0.0	 1500.0	    0.0	  200.0	  100.0	   17.3	    0.0	    0.0	    0.0	    5.1	   12.5	  1	  750.0	  750.0	   17.3	    0.0	    5.1	1	  305.4	 21	 1317.9	   11.8	
  189	  30.53	  231.2	 1378.4	    0.0	  859.6	 1222.5	    0.0	  200.0	    0.0	 1500.0	    0.0	  200.0	  100.0	   16.9	    0.0	    0.0	    0.0	    5.2	   12.6	  1	  750.0	  750.0	   16.9	    0.0	    5.2	1	  305.4	 21	 1318.4	   11.8	
  190	  30.63	  231.2	 1378.4	    0.0	  859.6	 1222.5	    0.0	  200.0	    0.0	 1500.0	    0.0	  200.0	  100.0	   16.4	    0.0	    0.0	    0.0	    5.3	   12.7	  1	  750.0	  750.0	   16.4	    0.0	    5.3	1	  305.5	 21	 1319.1	   11.9	
  191	  30.73	  231.2	 1378.4	    0.0	  859.6	 1222.5	    0.0	  200.0	    0.0	 1500.0	    0.0	  200.0	  100.0	   16.0	    0.0	    0.0	    0.0	    5.4	   12.7	  1	  750.0	  750.0	   16.0	    0.0	    5.4	1	  305.6	 21	 1319.8	   12.0	
  192	  30.83	  231.2	 1378.4	    0.0	  859.6	 1222.5	    0.0	  200.0	    0.0	 1500.0	    0.0	  200.0	  100.0	   15.5	    0.0	    0.0	    0.0	    5.5	   12.8	  1	  750.0	  750.0	   15.5	    0.0	    5.5	1	  305.7	 21	 1320.5	   12.1	
  193	  30.93	  231.2	 1378.4	    0.0	  913.1	 1228.5	    0.0	  200.0	    0.0	 1500.0	    0.0	  200.0	  100.0	   16.0	    0.0	    0.0	    0.0	    5.6	   12.9	  1	  750.0	  750.0	   16.0	    0.0	    5.6	1	  315.5	 21	    0.0	    7.9	
  194	  31.03	  231.2	 1378.4	    0.0	  913.1	 1228.5	    0.0	  200.0	    0.0	 1500.0	    0.0	  200.0	  100.0	   15.5	    0.0	    0.0	    0.0	    5.7	   12.9	  1	  750.0	  750.0	   15.5	    0.0	    5.7	1	  314.5	 21	 1321.4	   12.1	
  195	  31.13	  231.2	 1378.4	    0.0	  913.1	 1228.5	    0.0	  200.0	    0.0	 1500.0	    0.0	  200.0	  100.0	   15.1	    0.0	    0.0	    0.0	    5.8	   13.0	  1	  750.0	  750.0	   15.1	    0.0	    5.8	1	  314.6	 21	 1322.4	   12.2	
  196	  31.23	  231.2	 1378.4	    0.0	  913.1	 1228.5	    0.0	  200.0	    0.0	 1500.0	    0.0	  200.0	  100.0	   14.6	    0.0	    0.0	    0.0	    5.9	   13.1	  1	  750.0	  750.0	   14.6	    0.0	    5.9	1	  314.7	 21	 1323.4	   12.3	
  197	  31.33	  231.2	 1378.4	    0.0	  913.1	 1228.5	    0.0	  200.0	    0.0	 1500.0	    0.0	  200.0	  100.0	   14.2	    0.0	    0.0	    0.0	    6.0	   13.1	  1	  750.0	  750.0	   14.2	    0.0	    6.0	1	  314.8	 21	 1324.4	   12.4	
  198	  31.43	  231.2	 1378.4	    0.0	  731.8	 1146.8	    0.0	  200.0	    0.0	 1500.0	    0.0	  200.0	  100.0	   13.7	    0.0	    0.0	    0.0	    6.1	   13.2	  1	  550.0	  750.0	   13.7	    0.0	    6.1	1	  265.4	 21	 1326.6	   12.7	
  199	  31.53	  231.2	 1378.4	    0.0	  958.6	 1211.2	    0.0	  200.0	    0.0	 1500.0	    0.0	  200.0	  100.0	   17.5	    0.0	    0.0	    0.0	    6.2	   13.3	  1	  750.0	 1950.0	   17.5	    0.0	    6.2	1	  313.0	 21	    0.0	   -9.8	
  200	  31.63	  231.2	 1378.4	    0.0	  958.6	 1211.2	    0.0	  200.0	    0.0	 1500.0	    0.0	  200.0	  100.0	   17.1	    0.0	    0.0	    0.0	    6.3	   13.3	  1	  750.0	  750.0	   17.1	    0.0	    6.3	1	  323.0	 21	 1323.7	   12.4	
  201	  31.73	  231.2	 1378.4	    0.0	  958.6	 1211.2	    0.0	  200.0	    0.0	 1500.0	    0.0	  200.0	  100.0	   16.7	    0.0	    0.0	    0.0	    6.5	   13.4	  1	  750.0	  750.0	   16.7	    0.0	    6.5	1	  323.1	 21	 1324.6	   12.5	
  202	  31.83	  231.2	 1378.4	    0.0	  958.6	 1211.2	    0.0	  200.0	    0.0	 1500.0	    0.0	  200.0	  100.0	   16.2	    0.0	    0.0	    0.0	    6.6	   13.5	  1	  750.0	  750.0	   16.2	    0.0	    6.6	1	  323.2	 21	 1325.5	   12.6	
  203	  31.93	  231.2	 1378.4	    0.0	  960.4	 1207.8	    0.0	  200.0	    0.0	 1500.0	    0.0	  200.0	  100.0	   15.8	    0.0	    0.0	    0.0	    6.7	   13.5	  1	  750.0	  750.0	   15.8	    0.0	    6.7	1	  323.8	 21	 1326.5	   12.7	
  204	  32.03	  231.2	 1378.4	    0.0	  960.4	 1207.8	    0.0	  200.0	    0.0	 1500.0	    0.0	  200.0	  100.0	   15.4	    0.0	    0.0	    0.0	    6.8	   13.6	  1	  750.0	  750.0	   15.4	    0.0	    6.8	1	  323.9	 21	 1327.5	   12.8	
  205	  32.13	  231.2	 1378.4	    0.0	  960.4	 1207.8	    0.0	  200.0	    0.0	 1500.0	    0.0	  200.0	  100.0	   14.9	    0.0	    0.0	    0.0	    7.0	   13.7	  1	  750.0	  750.0	   14.9	    0.0	    7.0	1	  324.1	 21	 1328.6	   12.9	
  206	  32.23	  231.2	 1378.4	    0.0	  960.4	 1207.8	    0.0	  200.0	    0.0	 1500.0	    0.0	  200.0	  100.0	   14.5	    0.0	    0.0	    0.0	    7.1	   13.7	  1	  750.0	  750.0	   14.5	    0.0	    7.1	1	  324.2	 21	 1329.8	   13.0	
  207	  32.33	  231.2	 1378.4	    0.0	  944.0	 1220.3	    0.0	  200.0	    0.0	 1500.0	    0.0	  200.0	  100.0	   14.1	    0.0	    0.0	    0.0	    7.2	   13.8	  1	  750.0	  750.0	   14.1	    0.0	    7.2	1	  321.8	 21	 1331.1	   13.1	
  208	  32.43	  231.2	 1378.4	    0.0	  944.0	 1220.3	    0.0	  200.0	    0.0	 1500.0	    0.0	  200.0	  100.0	   13.6	    0.0	    0.0	    0.0	    7.3	   13.9	  1	  750.0	  750.0	   13.6	    0.0	    7.3	1	  321.9	 21	 1332.3	   13.2	
  209	  32.53	  231.2	 1378.4	    0.0	  944.0	 1220.3	    0.0	  200.0	    0.0	 1500.0	    0.0	  200.0	  100.0	   13.2	    0.0	    0.0	    0.0	    7.5	   13.9	  1	  750.0	  750.0	   13.2	    0.0	    7.5	1	  322.0	 21	 1333.7	   13.4	
  210	  32.63	  231.2	 1378.4	    0.0	  944.0	 1220.3	    0.0	  200.0	    0.0	 1500.0	    0.0	  200.0	  100.0	   12.8	    0.0	    0.0	    0.0	    7.6	   14.0	  1	  750.0	  750.0	   12.8	    0.0	    7.6	1	  322.2	 21	 1335.0	   13.5	
  211	  32.73	  231.2	 1378.4	    0.0	  944.0	 1220.3	    0.0	  200.0	    0.0	 1500.0	    0.0	  200.0	  100.0	   12.3	    0.0	    0.0	    0.0	    7.7	   14.1	  1	  750.0	  750.0	   12.3	    0.0	    7.7	1	  322.3	 21	 1336.5	   13.7	
  212	  32.83	  231.2	 1378.4	    0.0	  940.6	 1256.4	    0.0	  200.0	    0.0	 1500.0	    0.0	  200.0	  100.0	   11.9	    0.0	    0.0	    0.0	    7.8	   14.1	  1	  750.0	  750.0	   11.9	    0.0	    7.8	1	  319.9	 21	 1338.1	   13.8	
  213	  32.93	  231.2	 1378.4	    0.0	  940.6	 1256.4	    0.0	  200.0	    0.0	 1500.0	    0.0	  200.0	  100.0	   11.5	    0.0	    0.0	    0.0	    7.9	   14.2	  1	  750.0	  750.0	   11.5	    0.0	    7.9	1	  320.1	 21	 1339.7	   14.0	
  214	  33.03	  231.2	 1378.4	    0.0	  940.6	 1256.4	    0.0	  200.0	    0.0	 1500.0	    0.0	  200.0	  100.0	   11.0	    0.0	    0.0	    0.0	    8.0	   14.3	  1	  750.0	  750.0	   11.0	    0.0	    8.0	1	  320.2	 21	 1341.4	   14.1	
  215	  33.13	  231.2	 1378.4	    0.0	  940.6	 1256.4	    0.0	  200.0	    0.0	 1500.0	    0.0	  200.0	  100.0	   10.6	    0.0	    0.0	    0.0	    8.2	   14.3	  1	  750.0	  750.0	   10.6	    0.0	    8.2	1	  320.3	 21	 1343.2	   14.3	
  216	  33.23	  231.2	 1378.4	    0.0	  940.6	 1256.4	    0.0	  200.0	    0.0	 1500.0	    0.0	  200.0	  100.0	   10.1	    0.0	    0.0	    0.0	    8.3	   14.4	  1	  750.0	  750.0	   10.1	    0.0	    8.3	1	  320.5	 21	 1345.0	   14.5	
  217	  33.33	  231.2	 1378.4	    0.0	  886.7	 1324.5	    0.0	  200.0	    0.0	 1500.0	    0.0	  200.0	  100.0	    9.7	    0.0	    0.0	    0.0	    8.4	   14.5	  1	  750.0	  750.0	    9.7	    0.0	    8.4	1	  309.6	 21	 1347.3	   14.7	
  218	  33.43	  231.2	 1378.4	    0.0	  886.7	 1324.5	    0.0	  200.0	    0.0	 1500.0	    0.0	  200.0	  100.0	    9.2	    0.0	    0.0	    0.0	    8.5	   14.6	  1	  750.0	  750.0	    9.2	    0.0	    8.5	1	  311.8	 21	 1349.1	   14.9	
  219	  33.53	  231.2	 1378.4	    0.0	  886.7	 1324.5	    0.0	  200.0	    0.0	 1500.0	    0.0	  200.0	  100.0	    8.8	    0.0	    0.0	    0.0	    8.6	   14.6	  1	  750.0	  750.0	    8.8	    0.0	    8.6	1	  312.0	 21	 1351.2	   15.1	
  220	  33.63	  231.2	 1378.4	    0.0	  886.7	 1324.5	    0.0	  200.0	    0.0	 1500.0	    0.0	  200.0	  100.0	    8.3	    0.0	    0.0	    0.0	    8.7	   14.7	  1	  750.0	  750.0	    8.3	    0.0	    8.7	1	  312.1	 21	 1353.5	   15.3	
  221	  33.73	  231.2	 1378.4	    0.0	  846.2	 1321.9	    0.0	  200.0	    0.0	 1500.0	    0.0	  200.0	  100.0	    7.9	    0.0	    0.0	    0.0	    8.7	   14.8	  1	  750.0	  750.0	    7.9	    0.0	    8.7	1	  307.2	 21	 1355.9	   15.6	
  222	  33.83	  231.2	 1378.4	    0.0	  846.2	 1321.9	    0.0	  200.0	    0.0	 1500.0	    0.0	  200.0	  100.0	    7.4	    0.0	    0.0	    0.0	    8.8	   14.8	  1	  750.0	  750.0	    7.4	    0.0	    8.8	1	  307.3	 21	 1358.4	   15.8	
  223	  33.93	  231.2	 1378.4	    0.0	  846.2	 1321.9	    0.0	  200.0	    0.0	 1500.0	    0.0	  200.0	  100.0	    7.0	    0.0	    0.0	    0.0	    8.9	   14.9	  1	  750.0	  750.0	    7.0	    0.0	    8.9	1	  307.4	 21	 1361.0	   16.1	
  224	  34.03	  231.2	 1378.4	    0.0	  846.2	 1321.9	    0.0	  200.0	    0.0	 1500.0	    0.0	  200.0	  100.0	    6.5	    0.0	    0.0	    0.0	    9.0	   15.0	  1	  750.0	  750.0	    6.5	    0.0	    9.0	1	  307.5	 21	 1363.8	   16.4	
  225	  34.13	  231.2	 1378.4	    0.0	  846.2	 1321.9	    0.0	  200.0	    0.0	 1500.0	    0.0	  200.0	  100.0	    6.1	    0.0	    0.0	    0.0	    9.1	   15.0	  1	  750.0	  750.0	    6.1	    0.0	    9.1	1	  307.6	 21	 1366.7	   16.7	
  226	  34.23	  231.2	 1378.4	    0.0	  822.7	 1282.5	    0.0	  200.0	    0.0	 1500.0	    0.0	  200.0	  100.0	    5.6	    0.0	    0.0	    0.0	    9.2	   15.1	  1	  750.0	  750.0	    5.6	    0.0	    9.2	1	  303.8	 21	 1369.9	   17.0	
  227	  34.33	  231.2	 1378.4	    0.0	  822.7	 1282.5	    0.0	  200.0	    0.0	 1500.0	    0.0	  200.0	  100.0	    5.2	    0.0	    0.0	    0.0	    9.2	   15.2	  1	  750.0	  750.0	    5.2	    0.0	    9.2	1	  303.9	 21	 1373.2	   17.3	
  228	  34.43	  231.2	 1378.4	    0.0	  846.2	 1321.9	    0.0	  200.0	    0.0	 1500.0	    0.0	  200.0	  100.0	    4.7	    0.0	    0.0	    0.0	    9.3	   15.2	  1	  750.0	  750.0	    4.7	    0.0	    9.3	1	  308.0	 21	 1376.8	   17.7	
  229	  34.53	  231.2	 1378.4	    0.0	  822.7	 1282.5	    0.0	  200.0	    0.0	 1500.0	    0.0	  200.0	  100.0	    4.3	    0.0	    0.0	    0.0	    9.4	   15.3	  1	  750.0	  750.0	    4.3	    0.0	    9.4	1	  304.1	 21	 1380.6	   18.1	
  230	  34.63	  231.2	 1378.4	    0.0	  822.7	 1282.5	    0.0	  200.0	    0.0	 1500.0	    0.0	  200.0	  100.0	    3.8	    0.0	    0.0	    0.0	    9.5	   15.4	  1	  750.0	  750.0	    3.8	    0.0	    9.5	1	  304.2	 21	 1384.6	   18.5	
  231	  34.73	  231.2	 1378.4	    0.0	  823.6	 1245.8	    0.0	  200.0	    0.0	 1500.0	    0.0	  200.0	  100.0	    3.3	    0.0	    0.0	    0.0	    9.5	   15.4	  1	  750.0	  750.0	    3.3	    0.0	    9.5	1	  303.5	 21	 1389.0	   18.9	
  232	  34.83	  231.2	 1378.4	    0.0	  822.7	 1282.5	    0.0	  200.0	    0.0	 1500.0	    0.0	  200.0	  100.0	    2.9	    0.0	    0.0	    0.0	    9.6	   15.5	  1	  750.0	  750.0	    2.9	    0.0	    9.6	1	  304.4	 21	 1393.6	   19.4	
  233	  34.93	  231.2	 1378.4	    0.0	  823.6	 1245.8	    0.0	  200.0	    0.0	 1500.0	    0.0	  200.0	  100.0	    2.4	    0.0	    0.0	    0.0	    9.7	   15.6	  1	  750.0	  750.0	    2.4	    0.0	    9.7	1	  303.7	 21	 1398.5	   19.9	
  234	  35.03	  231.2	 1378.4	    0.0	  823.6	 1245.8	    0.0	  200.0	    0.0	 1500.0	    0.0	  200.0	  100.0	    2.0	    0.0	    0.0	    0.0	    9.8	   15.6	  1	  750.0	  750.0	    2.0	    0.0	    9.8	1	  303.7	 21	    0.0	    0.0	
  235	  35.13	  231.2	 1378.4	    0.0	  826.2	 1217.3	    0.0	  200.0	    0.0	 1500.0	    0.0	  200.0	  100.0	    1.5	    0.0	    0.0	    0.0	    9.9	   15.7	  1	  750.0	  750.0	    1.5	    0.0	    9.9	1	  303.3	 21	    0.0	    0.0	
  236	  35.23	  231.2	 1378.4	    0.0	  823.6	 1245.8	    0.0	  200.0	    0.0	 1500.0	    0.0	  200.0	  100.0	    1.1	    0.0	    0.0	    0.0	    9.9	   15.8	  1	  750.0	  750.0	    1.1	    0.0	    9.9	1	  303.9	 21	    0.0	    0.0	
  237	  35.33	  231.2	 1378.4	    0.0	  826.2	 1217.3	    0.0	  200.0	    0.0	 1500.0	    0.0	  200.0	  100.0	    0.6	    0.0	    0.0	    0.0	   10.0	   15.8	  1	  750.0	  750.0	    0.6	    0.0	   10.0	1	  303.4	 21	    0.0	    0.0	
  238	  35.43	  231.2	 1378.4	    0.0	  826.2	 1217.3	    0.0	  200.0	    0.0	 1500.0	    0.0	  200.0	  100.0	    0.2	    0.0	    0.0	    0.0	   10.1	   15.9	  1	  750.0	  750.0	    0.2	    0.0	   10.1	1	  303.5	 21	    0.0	    0.0	
  239	  35.53	  231.2	 1378.4	    0.0	  826.2	 1217.3	    0.0	  200.0	    0.0	 1500.0	    0.0	  200.0	  100.0	    0.0	    0.0	    0.0	    0.0	   10.2	   16.0	  1	  750.0	  750.0	    0.0	    0.0	   10.2	1	  303.6	 21	    0.0	    0.0	
  240	  35.63	  231.2	 1378.4	    0.0	  826.2	 1217.3	    0.0	  200.0	    0.0	 1500.0	    0.0	  200.0	  100.0	    0.0	    0.0	    0.0	    0.0	   10.3	   16.0	  1	  750.0	  750.0	    0.0	    0.0	   10.3	1	  303.7	 21	    0.0	    0.0	
  241	  35.73	  231.2	 1378.4	    0.0	  820.7	 1211.5	    0.0	  200.0	    0.0	 1500.0	    0.0	  200.0	  100.0	    0.0	    0.0	    0.0	    0.0	   10.4	   16.1	  1	  750.0	  750.0	    0.0	    0.0	   10.4	1	  302.6	 21	    0.0	    0.0	
  242	  35.83	  231.2	 1378.4	    0.0	  820.7	 1211.5	    0.0	  200.0	    0.0	 1500.0	    0.0	  200.0	  100.0	    0.0	    0.0	    0.0	    0.0	   10.4	   16.2	  1	  750.0	  750.0	    0.0	    0.0	   10.4	1	  302.7	 21	    0.0	    0.0	
  243	  35.93	  231.2	 1378.4	    0.0	  820.7	 1211.5	    0.0	  200.0	    0.0	 1500.0	    0.0	  200.0	  100.0	    0.0	    0.0	    0.0	    0.0	   10.5	   16.2	  1	  750.0	  750.0	    0.0	    0.0	   10.5	1	  302.8	 21	    0.0	    0.0	
  244	  36.03	  231.2	 1378.4	    0.0	  820.7	 1211.5	    0.0	  200.0	    0.0	 1500.0	    0.0	  200.0	  100.0	    0.0	    0.0	    0.0	    0.0	   10.6	   16.3	  1	  750.0	  750.0	    0.0	    0.0	   10.6	1	  303.0	 21	    0.0	    0.0	
  245	  36.13	  231.2	 1378.4	    0.0	  832.2	 1212.0	    0.0	  200.0	    0.0	 1500.0	    0.0	  200.0	  100.0	    0.0	    0.0	    0.0	    0.0	   10.7	   16.4	  1	  750.0	  750.0	    0.0	    0.0	   10.7	1	  305.6	 21	    0.0	    0.0	
  246	  36.23	  231.2	 1378.4	    0.0	  832.2	 1212.0	    0.0	  200.0	    0.0	 1500.0	    0.0	  200.0	  100.0	    0.0	    0.0	    0.0	    0.0	   10.8	   16.4	  1	  750.0	  750.0	    0.0	    0.0	   10.8	1	  305.7	 21	    0.0	    0.0	
  247	  36.33	  231.2	 1378.4	    0.0	  832.2	 1212.0	    0.0	  200.0	    0.0	 1500.0	    0.0	  200.0	  100.0	    0.0	    0.0	    0.0	    0.0	   10.9	   16.5	  1	  750.0	  750.0	    0.0	    0.0	   10.9	1	  305.9	 21	    0.0	    0.0	
  248	  36.43	  231.2	 1378.4	    0.0	  832.2	 1212.0	    0.0	  200.0	    0.0	 1500.0	    0.0	  200.0	  100.0	    0.0	    0.0	    0.0	    0.0	   10.9	   16.6	  1	  750.0	  750.0	    0.0	    0.0	   10.9	1	  306.0	 21	    0.0	    0.0	
  249	  36.53	  231.2	 1378.4	    0.0	  832.2	 1212.0	    0.0	  200.0	    0.0	 1500.0	    0.0	  200.0	  100.0	    0.0	    0.0	    0.0	    0.0	   11.0	   16.6	  1	  750.0	  750.0	    0.0	    0.0	   11.0	1	  306.2	 21	    0.0	    0.0	
  250	  36.63	  231.2	 1378.4	    0.0	  832.2	 1212.0	    0.0	  200.0	    0.0	 1500.0	    0.0	  200.0	  100.0	    0.0	    0.0	    0.0	    0.0	   11.1	   16.7	  1	  750.0	  750.0	    0.0	    0.0	   11.1	1	  306.3	 21	    0.0	    0.0	
  251	  36.73	  231.2	 1378.4	    0.0	  849.5	 1209.8	    0.0	  200.0	    0.0	 1500.0	    0.0	  200.0	  100.0	    0.0	    0.0	    0.0	    0.0	   11.2	   16.8	  1	  750.0	  750.0	    0.0	    0.0	   11.2	1	  310.6	 21	    0.0	    0.0	
  252	  36.83	  231.2	 1378.4	    0.0	  849.5	 1209.8	    0.0	  200.0	    0.0	 1500.0	    0.0	  200.0	  100.0	    0.0	    0.0	    0.0	    0.0	   11.3	   16.9	  1	  750.0	  750.0	    0.0	    0.0	   11.3	1	  310.8	 21	    0.0	    0.0	
  253	  36.93	  231.2	 1378.4	    0.0	  849.5	 1209.8	    0.0	  200.0	    0.0	 1500.0	    0.0	  200.0	  100.0	    0.0	    0.0	    0.0	    0.0	   11.4	   16.9	  1	  750.0	  750.0	    0.0	    0.0	   11.4	1	  310.9	 21	    0.0	    0.0	
  254	  37.03	  231.2	 1378.4	    0.0	  849.5	 1209.8	    0.0	  200.0	    0.0	 1500.0	    0.0	  200.0	  100.0	    0.0	    0.0	    0.0	    0.0	   11.5	   17.0	  1	  750.0	  750.0	    0.0	    0.0	   11.5	1	  311.1	 21	    0.0	    0.0	
  255	  37.13	  231.2	 1378.4	    0.0	  849.2	 1212.4	    0.0	  200.0	    0.0	 1500.0	    0.0	  200.0	  100.0	    0.0	    0.0	    0.0	    0.0	   11.6	   17.1	  1	  750.0	  750.0	    0.0	    0.0	   11.6	1	  311.1	 21	    0.0	    0.0	
  256	  37.23	  231.2	 1378.4	    0.0	  849.2	 1212.4	    0.0	  200.0	    0.0	 1500.0	    0.0	  200.0	  100.0	    0.0	    0.0	    0.0	    0.0	   11.6	   17.1	  1	  750.0	  750.0	    0.0	    0.0	   11.6	1	  311.3	 21	    0.0	    0.0	
  257	  37.33	  231.2	 1378.4	    0.0	  849.2	 1212.4	    0.0	  200.0	    0.0	 1500.0	    0.0	  200.0	  100.0	    0.0	    0.0	    0.0	    0.0	   11.7	   17.2	  1	  750.0	  750.0	    0.0	    0.0	   11.7	1	  311.4	 21	    0.0	    0.0	
  258	  37.43	  231.2	 1378.4	    0.0	  849.2	 1212.4	    0.0	  200.0	    0.0	 1500.0	    0.0	  200.0	  100.0	    0.0	    0.0	    0.0	    0.0	   11.8	   17.3	  1	  750.0	  750.0	    0.0	    0.0	   11.8	1	  311.6	 21	    0.0	    0.0	
  259	  37.53	  231.2	 1378.4	    0.0	  848.9	 1218.8	    0.0	  200.0	    0.0	 1500.0	    0.0	  200.0	  100.0	    0.0	    0.0	    0.0	    0.0	   11.9	   17.3	  1	  750.0	  750.0	    0.0	    0.0	   11.9	1	  311.6	 21	    0.0	    0.0	
  260	  37.63	  231.2	 1378.4	    0.0	  849.2	 1212.4	    0.0	  200.0	    0.0	 1500.0	    0.0	  200.0	  100.0	    0.0	    0.0	    0.0	    0.0	   12.0	   17.4	  1	  750.0	  750.0	    0.0	    0.0	   12.0	1	  311.9	 21	    0.0	    0.0	
  261	  37.73	  231.2	 1378.4	    0.0	  848.9	 1218.8	    0.0	  200.0	    0.0	 1500.0	    0.0	  200.0	  100.0	    0.0	    0.0	    0.0	    0.0	   12.1	   17.5	  1	  750.0	  750.0	    0.0	    0.0	   12.1	1	  311.9	 21	    0.0	    0.0	
  262	  37.83	  231.2	 1378.4	    0.0	  848.9	 1218.8	    0.0	  200.0	    0.0	 1500.0	    0.0	  200.0	  100.0	    0.0	    0.0	    0.0	    0.0	   12.2	   17.5	  1	  750.0	  750.0	    0.0	    0.0	   12.2	1	  312.1	 21	    0.0	    0.0	
  263	  37.93	  231.2	 1378.4	    0.0	  848.9	 1218.8	    0.0	  200.0	    0.0	 1500.0	    0.0	  200.0	  100.0	    0.0	    0.0	    0.0	    0.0	   12.3	   17.6	  1	  750.0	  750.0	    0.0	    0.0	   12.3	1	  312.2	 21	    0.0	    0.0	
  264	  38.03	  231.2	 1378.4	    0.0	  848.9	 1218.8	    0.0	  200.0	    0.0	 1500.0	    0.0	  200.0	  100.0	    0.0	    0.0	    0.0	    0.0	   12.4	   17.7	  1	  750.0	  750.0	    0.0	    0.0	   12.4	1	  312.4	 21	    0.0	    0.0	
  265	  38.13	  231.2	 1378.4	    0.0	  849.5	 1224.9	    0.0	  200.0	    0.0	 1500.0	    0.0	  200.0	  100.0	    0.0	    0.0	    0.0	    0.0	   12.4	   17.7	  1	  750.0	  750.0	    0.0	    0.0	   12.4	1	  313.0	 21	    0.0	    0.0	
  266	  38.23	  231.2	 1378.4	    0.0	  849.5	 1224.9	    0.0	  200.0	    0.0	 1500.0	    0.0	  200.0	  100.0	    0.0	    0.0	    0.0	    0.0	   12.5	   17.8	  1	  750.0	  750.0	    0.0	    0.0	   12.5	1	  313.2	 21	    0.0	    0.0	
  267	  38.33	  231.2	 1378.4	    0.0	  849.5	 1224.9	    0.0	  200.0	    0.0	 1500.0	    0.0	  200.0	  100.0	    0.0	    0.0	    0.0	    0.0	   12.6	   17.9	  1	  750.0	  750.0	    0.0	    0.0	   12.6	1	  313.3	 21	    0.0	    0.0	
  268	  38.43	  231.2	 1378.4	    0.0	  849.5	 1224.9	    0.0	  200.0	    0.0	 1500.0	    0.0	  200.0	  100.0	    0.0	    0.0	    0.0	    0.0	   12.7	   17.9	  1	  750.0	  750.0	    0.0	    0.0	   12.7	1	  313.5	 21	    0.0	    0.0	
  269	  38.53	  231.2	 1378.4	    0.0	  849.5	 1224.9	    0.0	  200.0	    0.0	 1500.0	    0.0	  200.0	  100.0	    0.0	    0.0	    0.0	    0.0	   12.8	   18.0	  1	  750.0	  750.0	    0.0	    0.0	   12.8	1	  313.6	 21	    0.0	    0.0	
  270	  38.63	  231.2	 1378.4	    0.0	  854.1	 1226.4	    0.0	  200.0	    0.0	 1500.0	    0.0	  200.0	  100.0	    0.0	    0.0	    0.0	    0.0	   12.9	   18.1	  1	  750.0	  750.0	    0.0	    0.0	   12.9	1	  314.8	 21	    0.0	    0.0	
  271	  38.73	  231.2	 1378.4	    0.0	  854.1	 1226.4	    0.0	  200.0	    0.0	 1500.0	    0.0	  200.0	  100.0	    0.0	    0.0	    0.0	    0.0	   13.0	   18.1	  1	  750.0	  750.0	    0.0	    0.0	   13.0	1	  315.0	 21	    0.0	    0.0	
  272	  38.83	  231.2	 1378.4	    0.0	  854.1	 1226.4	    0.0	  200.0	    0.0	 1500.0	    0.0	  200.0	  100.0	    0.0	    0.0	    0.0	    0.0	   13.1	   18.2	  1	  750.0	  750.0	    0.0	    0.0	   13.1	1	  315.1	 21	    0.0	    0.0	
  273	  38.93	  231.2	 1378.4	    0.0	  854.1	 1226.4	    0.0	  200.0	    0.0	 1500.0	    0.0	  200.0	  100.0	    0.0	    0.0	    0.0	    0.0	   13.2	   18.3	  1	  750.0	  750.0	    0.0	    0.0	   13.2	1	  315.3	 21	    0.0	    0.0	
  274	  39.03	  231.2	 1378.4	    0.0	  849.8	 1226.1	    0.0	  200.0	    0.0	 1500.0	    0.0	  200.0	  100.0	    0.0	    0.0	    0.0	    0.0	   13.3	   18.3	  1	  750.0	  750.0	    0.0	    0.0	   13.3	1	  314.4	 21	    0.0	    0.0	
  275	  39.13	  231.2	 1378.4	    0.0	  854.1	 1226.4	    0.0	  200.0	    0.0	 1500.0	    0.0	  200.0	  100.0	    0.0	    0.0	    0.0	    0.0	   13.3	   18.4	  1	  750.0	  750.0	    0.0	    0.0	   13.3	1	  315.6	 21	    0.0	    0.0	
  276	  39.23	  231.2	 1378.4	    0.0	  850.7	 1225.9	    0.0	  200.0	    0.0	 1500.0	    0.0	  200.0	  100.0	    0.0	    0.0	    0.0	    0.0	   13.4	   18.5	  1	  750.0	  750.0	    0.0	    0.0	   13.4	1	  314.9	 21	    0.0	    0.0	
  277	  39.33	  231.2	 1378.4	    0.0	  850.7	 1225.9	    0.0	  200.0	    0.0	 1500.0	    0.0	  200.0	  100.0	    0.0	    0.0	    0.0	    0.0	   13.5	   18.5	  1	  750.0	  750.0	    0.0	    0.0	   13.5	1	  315.1	 21	    0.0	    0.0	
  278	  39.43	  231.2	 1378.4	    0.0	  850.7	 1225.9	    0.0	  200.0	    0.0	 1500.0	    0.0	  200.0	  100.0	    0.0	    0.0	    0.0	    0.0	   13.6	   18.6	  1	  750.0	  750.0	    0.0	    0.0	   13.6	1	  315.2	 21	    0.0	    0.0	
  279	  39.53	  231.2	 1378.4	    0.0	  850.7	 1225.9	    0.0	  200.0	    0.0	 1500.0	    0.0	  200.0	  100.0	    0.0	    0.0	    0.0	    0.0	   13.7	   18.7	  1	  750.0	  750.0	    0.0	    0.0	   13.7	1	  315.4	 21	    0.0	    0.0	
  280	  39.63	  231.2	 1378.4	    0.0	  850.7	 1225.9	    0.0	  200.0	    0.0	 1500.0	    0.0	  200.0	  100.0	    0.0	    0.0	    0.0	    0.0	   13.8	   18.7	  1	  750.0	  750.0	    0.0	    0.0	   13.8	1	  315.5	 21	    0.0	    0.0	
  281	  39.73	  231.2	 1378.4	    0.0	  857.4	 1225.5	    0.0	  200.0	    0.0	 1500.0	    0.0	  200.0	  100.0	    0.0	    0.0	    0.0	    0.0	   13.9	   18.8	  1	  750.0	  750.0	    0.0	    0.0	   13.9	1	  317.3	 21	    0.0	    0.0	
  282	  39.83	  231.2	 1378.4	    0.0	  857.4	 1225.5	    0.0	  200.0	    0.0	 1500.0	    0.0	  200.0	  100.0	    0.0	    0.0	    0.0	    0.0	   14.0	   18.9	  1	  750.0	  750.0	    0.0	    0.0	   14.0	1	  317.4	 21	    0.0	    0.0	
  283	  39.93	  231.2	 1378.4	    0.0	  857.4	 1225.5	    0.0	  200.0	    0.0	 1500.0	    0.0	  200.0	  100.0	    0.0	    0.0	    0.0	    0.0	   14.1	   18.9	  1	  750.0	  750.0	    0.0	    0.0	   14.1	1	  317.6	 21	    0.0	    0.0	
  284	  40.03	  231.2	 1378.4	    0.0	  857.4	 1225.5	    0.0	  200.0	    0.0	 1500.0	    0.0	  200.0	  100.0	    0.0	    0.0	    0.0	    0.0	   14.2	   19.0	  1	  750.0	  750.0	    0.0	    0.0	   14.2	1	  317.8	 21	    0.0	    0.0	
  285	  40.13	  231.2	 1378.4	    0.0	  857.4	 1225.5	    0.0	  200.0	    0.0	 1500.0	    0.0	  200.0	  100.0	    0.0	    0.0	    0.0	    0.0	   14.2	   19.1	  1	  750.0	  750.0	    0.0	    0.0	   14.2	1	  317.9	 21	    0.0	    0.0	
  286	  40.23	  231.2	 1378.4	    0.0	  857.4	 1225.5	    0.0	  200.0	    0.0	 1500.0	    0.0	  200.0	  100.0	    0.0	    0.0	    0.0	    0.0	   14.3	   19.1	  1	  750.0	  750.0	    0.0	    0.0	   14.3	1	  318.1	 21	    0.0	    0.0	
  287	  40.33	  231.2	 1378.4	    0.0	  963.0	 1238.0	    0.0	  200.0	    0.0	 1500.0	    0.0	  200.0	  100.0	    1.3	    0.0	    0.0	    0.0	   14.5	   19.2	  1	  750.0	  750.0	    1.3	    0.0	   14.5	1	  335.8	 21	    0.0	    0.0	
  288	  40.43	  231.2	 1378.4	    0.0	  857.4	 1225.5	    0.0	  200.0	    0.0	 1500.0	    0.0	  200.0	  100.0	    0.9	    0.0	    0.0	    0.0	   14.6	   19.3	  1	  750.0	  750.0	    0.9	    0.0	   14.6	1	  318.5	 21	    0.0	    0.0	
  289	  40.53	  231.2	 1378.4	    0.0	  963.0	 1238.0	    0.0	  200.0	    0.0	 1500.0	    0.0	  200.0	  100.0	    2.2	    0.0	    0.0	    0.0	   14.7	   19.4	  1	  750.0	  750.0	    2.2	    0.0	   14.7	1	  336.8	 21	    0.0	    0.0	
  290	  40.63	  231.2	 1378.4	    0.0	  963.0	 1238.0	    0.0	  200.0	    0.0	 1500.0	    0.0	  200.0	  100.0	    1.8	    0.0	    0.0	    0.0	   14.8	   19.4	  1	  750.0	  750.0	    1.8	    0.0	   14.8	1	  336.6	 21	    0.0	    0.0	
  291	  40.73	  231.2	 1378.4	    0.0	  963.0	 1238.0	    0.0	  200.0	    0.0	 1500.0	    0.0	  200.0	  100.0	    1.4	    0.0	    0.0	    0.0	   14.9	   19.5	  1	  750.0	  750.0	    1.4	    0.0	   14.9	1	  336.8	 21	    0.0	    0.0	
  292	  40.83	  231.2	 1378.4	    0.0	 1053.8	 1217.4	    0.0	  200.0	    0.0	 1500.0	    0.0	  200.0	  100.0	    2.1	    0.0	    0.0	    0.0	   15.1	   19.6	  1	  750.0	  750.0	    2.1	    0.0	   15.1	1	  347.8	 21	    0.0	    0.0	
  293	  40.93	  231.2	 1378.4	    0.0	 1053.8	 1217.4	    0.0	  200.0	    0.0	 1500.0	    0.0	  200.0	  100.0	    1.7	    0.0	    0.0	    0.0	   15.3	   19.6	  1	  750.0	  750.0	    1.7	    0.0	   15.3	1	  347.7	 21	    0.0	    0.0	
  294	  41.03	  231.2	 1378.4	    0.0	 1053.8	 1217.4	    0.0	  200.0	    0.0	 1500.0	    0.0	  200.0	  100.0	    1.2	    0.0	    0.0	    0.0	   15.4	   19.7	  1	  750.0	  750.0	    1.2	    0.0	   15.4	1	  347.9	 21	    0.0	    0.0	
  295	  41.13	  231.2	 1378.4	    0.0	 1053.8	 1217.4	    0.0	  200.0	    0.0	 1500.0	    0.0	  200.0	  100.0	    0.8	    0.0	    0.0	    0.0	   15.6	   19.8	  1	  750.0	  750.0	    0.8	    0.0	   15.6	1	  348.1	 21	    0.0	    0.0	
  296	  41.23	  231.2	 1378.4	    0.0	 1062.4	 1222.3	    0.0	  200.0	    0.0	 1500.0	    0.0	  200.0	  100.0	    0.4	    0.0	    0.0	    0.0	   15.7	   19.8	  1	  750.0	  750.0	    0.4	    0.0	   15.7	1	  348.6	 21	    0.0	    0.0	
  297	  41.33	  231.2	 1378.4	    0.0	 1062.4	 1222.3	    0.0	  200.0	    0.0	 1500.0	    0.0	  200.0	  100.0	    0.0	    0.0	    0.0	    0.0	   15.9	   19.9	  1	  750.0	  750.0	    0.0	    0.0	   15.9	1	  348.9	 21	    0.0	    0.0	
  298	  41.43	  231.2	 1378.4	    0.0	 1053.8	 1217.4	    0.0	  200.0	    0.0	 1500.0	    0.0	  200.0	  100.0	    0.0	    0.0	    0.0	    0.0	   16.1	   20.0	  1	  750.0	  750.0	    0.0	    0.0	   16.1	1	  349.1	 21	    0.0	    0.0	
  299	  41.53	  231.2	 1378.4	    0.0	 1062.4	 1222.3	    0.0	  200.0	    0.0	 1500.0	    0.0	  200.0	  100.0	    0.0	    0.0	    0.0	    0.0	   16.2	   20.0	  1	  750.0	  750.0	    0.0	    0.0	   16.2	1	  349.8	 21	    0.0	    0.0	
  300	  41.63	  231.2	 1378.4	    0.0	 1062.4	 1222.3	    0.0	  200.0	    0.0	 1500.0	    0.0	  200.0	  100.0	    0.0	    0.0	    0.0	    0.0	   16.4	   20.1	  1	  750.0	  750.0	    0.0	    0.0	   16.4	1	  350.3	 21	    0.0	    0.0	
  301	  41.73	  231.2	 1378.4	    0.0	 1062.4	 1222.3	    0.0	  200.0	    0.0	 1500.0	    0.0	  200.0	  100.0	    0.0	    0.0	    0.0	    0.0	   16.5	   20.2	  1	  750.0	  750.0	    0.0	    0.0	   16.5	1	  350.8	 21	    0.0	    0.0	
  302	  41.83	  231.2	 1378.4	    0.0	 1062.4	 1222.3	    0.0	  200.0	    0.0	 1500.0	    0.0	  200.0	  100.0	    0.0	    0.0	    0.0	    0.0	   16.7	   20.2	  1	  750.0	  750.0	    0.0	    0.0	   16.7	1	  351.3	 21	    0.0	    0.0	
  303	  41.93	  231.2	 1378.4	    0.0	 1043.2	 1232.3	    0.0	  200.0	    0.0	 1500.0	    0.0	  200.0	  100.0	    0.0	    0.0	    0.0	    0.0	   16.9	   20.3	  1	  750.0	  750.0	    0.0	    0.0	   16.9	1	  349.5	 21	    0.0	    0.0	
  304	  42.03	  231.2	 1378.4	    0.0	 1043.2	 1232.3	    0.0	  200.0	    0.0	 1500.0	    0.0	  200.0	  100.0	    0.0	    0.0	    0.0	    0.0	   17.0	   20.4	  1	  750.0	  750.0	    0.0	    0.0	   17.0	1	  349.9	 21	    0.0	    0.0	
  305	  42.13	  231.2	 1378.4	    0.0	 1043.2	 1232.3	    0.0	  200.0	    0.0	 1500.0	    0.0	  200.0	  100.0	    0.0	    0.0	    0.0	    0.0	   17.2	   20.4	  1	  750.0	  750.0	    0.0	    0.0	   17.2	1	  350.4	 21	    0.0	    0.0	
  306	  42.23	  231.2	 1378.4	    0.0	 1043.2	 1232.3	    0.0	  200.0	    0.0	 1500.0	    0.0	  200.0	  100.0	    0.0	    0.0	    0.0	    0.0	   17.3	   20.5	  1	  750.0	  750.0	    0.0	    0.0	   17.3	1	  350.8	 21	    0.0	    0.0	
  307	  42.33	  231.2	 1378.4	    0.0	 1039.9	 1236.1	    0.0	  200.0	    0.0	 1500.0	    0.0	  200.0	  100.0	    0.0	    0.0	    0.0	    0.0	   17.5	   20.6	  1	  750.0	  750.0	    0.0	    0.0	   17.5	1	  350.6	 21	    0.0	    0.0	
  308	  42.43	  231.2	 1378.4	    0.0	 1039.9	 1236.1	    0.0	  200.0	    0.0	 1500.0	    0.0	  200.0	  100.0	    0.0	    0.0	    0.0	    0.0	   17.6	   20.6	  1	  750.0	  750.0	    0.0	    0.0	   17.6	1	  351.1	 21	    0.0	    0.0	
  309	  42.53	  231.2	 1378.4	    0.0	 1039.9	 1236.1	    0.0	  200.0	    0.0	 1500.0	    0.0	  200.0	  100.0	    0.0	    0.0	    0.0	    0.0	   17.8	   20.7	  1	  750.0	  750.0	    0.0	    0.0	   17.8	1	  351.5	 21	    0.0	    0.0	
  310	  42.63	  231.2	 1378.4	    0.0	 1039.9	 1236.1	    0.0	  200.0	    0.0	 1500.0	    0.0	  200.0	  100.0	    0.0	    0.0	    0.0	    0.0	   17.9	   20.8	  1	  750.0	  750.0	    0.0	    0.0	   17.9	1	  351.9	 21	    0.0	    0.0	
  311	  42.73	  231.2	 1378.4	    0.0	 1039.9	 1236.1	    0.0	  200.0	    0.0	 1500.0	    0.0	  200.0	  100.0	    0.0	    0.0	    0.0	    0.0	   18.1	   20.8	  1	  750.0	  750.0	    0.0	    0.0	   18.1	1	  352.4	 21	    0.0	    0.0	
  312	  42.83	  231.2	 1378.4	    0.0	 1031.6	 1228.1	    0.0	  200.0	    0.0	 1500.0	    0.0	  200.0	  100.0	    0.0	    0.0	    0.0	    0.0	   18.3	   20.9	  1	  750.0	  750.0	    0.0	    0.0	   18.3	1	  352.7	 21	    0.0	    0.0	
  313	  42.93	  231.2	 1378.4	    0.0	 1031.6	 1228.1	    0.0	  200.0	    0.0	 1500.0	    0.0	  200.0	  100.0	    0.0	    0.0	    0.0	    0.0	   18.4	   21.0	  1	  750.0	  750.0	    0.0	    0.0	   18.4	1	  353.1	 21	    0.0	    0.0	
  314	  43.03	  231.2	 1378.4	    0.0	 1031.6	 1228.1	    0.0	  200.0	    0.0	 1500.0	    0.0	  200.0	  100.0	    0.0	    0.0	    0.0	    0.0	   18.6	   21.0	  1	  750.0	  750.0	    0.0	    0.0	   18.6	1	  353.5	 21	    0.0	    0.0	
  315	  43.13	  231.2	 1378.4	    0.0	 1031.6	 1228.1	    0.0	  200.0	    0.0	 1500.0	    0.0	  200.0	  100.0	    0.0	    0.0	    0.0	    0.0	   18.7	   21.1	  1	  750.0	  750.0	    0.0	    0.0	   18.7	1	  353.9	 21	    0.0	    0.0	
  316	  43.23	  231.2	 1378.4	    0.0	 1031.6	 1228.1	    0.0	  200.0	    0.0	 1500.0	    0.0	  200.0	  100.0	    0.0	    0.0	    0.0	    0.0	   18.9	   21.2	  1	  750.0	  750.0	    0.0	    0.0	   18.9	1	  354.3	 21	    0.0	    0.0	
  317	  43.33	  231.2	 1378.4	    0.0	 1024.3	 1221.6	    0.0	  200.0	    0.0	 1500.0	    0.0	  200.0	  100.0	    0.0	    0.0	    0.0	    0.0	   19.0	   21.2	  1	  750.0	  750.0	    0.0	    0.0	   19.0	1	  354.5	 21	    0.0	    0.0	
  318	  43.43	  231.2	 1378.4	    0.0	 1024.3	 1221.6	    0.0	  200.0	    0.0	 1500.0	    0.0	  200.0	  100.0	    0.0	    0.0	    0.0	    0.0	   19.2	   21.3	  1	  750.0	  750.0	    0.0	    0.0	   19.2	1	  354.9	 21	    0.0	    0.0	
  319	  43.53	  231.2	 1378.4	    0.0	 1024.3	 1221.6	    0.0	  200.0	    0.0	 1500.0	    0.0	  200.0	  100.0	    0.0	    0.0	    0.0	    0.0	   19.3	   21.4	  1	  750.0	  750.0	    0.0	    0.0	   19.3	1	  355.3	 21	    0.0	    0.0	
  320	  43.63	  231.2	 1378.4	    0.0	 1024.3	 1221.6	    0.0	  200.0	    0.0	 1500.0	    0.0	  200.0	  100.0	    0.0	    0.0	    0.0	    0.0	   19.5	   21.4	  1	  750.0	  750.0	    0.0	    0.0	   19.5	1	  355.7	 21	    0.0	    0.0	
  321	  43.73	  231.2	 1378.4	    0.0	 1024.3	 1221.6	    0.0	  200.0	    0.0	 1500.0	    0.0	  200.0	  100.0	    0.0	    0.0	    0.0	    0.0	   19.6	   21.5	  1	  750.0	  750.0	    0.0	    0.0	   19.6	1	  356.1	 21	    0.0	    0.0	
  322	  43.83	  231.2	 1378.4	    0.0	 1024.3	 1221.6	    0.0	  200.0	    0.0	 1500.0	    0.0	  200.0	  100.0	    0.0	    0.0	    0.0	    0.0	   19.8	   21.6	  1	  750.0	  750.0	    0.0	    0.0	   19.8	1	  356.5	 21	    0.0	    0.0	
  323	  43.93	  231.2	 1378.4	    0.0	 1006.9	 1217.2	    0.0	  200.0	    0.0	 1500.0	    0.0	  200.0	  100.0	    0.0	    0.0	    0.0	    0.0	   19.9	   21.7	  1	  750.0	  750.0	    0.0	    0.0	   19.9	1	  355.3	 21	    0.0	    0.0	
