    1	   0.10	    0.0	    0.0	    0.0	    0.0	    0.0	    0.0	    0.0	    0.0	    0.0	    0.0	    0.0	  100.0	   99.9	    0.0	    0.0	    0.0	    0.0	    0.1	  1	-1250.0	   50.0	   99.9	    0.0	    0.0	1	  485.0	 21	    0.0	    5.0	
    2	   0.20	    0.0	    0.0	  -90.1	    0.0	    0.0	    0.0	    0.0	    0.0	    0.0	    0.0	    0.0	  100.0	   99.4	    0.0	    0.0	    0.0	    0.0	    0.1	  1	  -50.0	 1250.0	   99.4	    0.0	    0.0	1	  526.3	 21	    0.0	    5.0	
    3	   0.30	    0.0	    0.0	  -90.0	    0.0	    0.0	    0.0	    0.0	    0.0	    0.0	    0.0	    0.0	  100.0	   98.9	    0.0	    0.0	    0.0	    0.0	    0.2	  1	  -50.0	 1250.0	   98.9	    0.0	    0.0	1	  525.7	 21	    0.0	    5.0	
    4	   0.40	    0.0	    0.0	  -90.0	    0.0	    0.0	    0.0	    0.0	    0.0	    0.0	    0.0	    0.0	  100.0	   98.4	    0.0	    0.0	    0.0	    0.0	    0.3	  1	  -50.0	 1250.0	   98.4	    0.0	    0.0	1	  525.0	 21	    0.0	    5.0	
    5	   0.50	    0.0	    0.0	  -90.0	    0.0	    0.0	    0.0	    0.0	    0.0	    0.0	    0.0	    0.0	  100.0	   97.9	    0.0	    0.0	    0.0	    0.0	    0.4	  1	  -50.0	 1250.0	   97.9	    0.0	    0.0	1	  524.4	 21	    0.0	    5.0	
    6	   0.60	    0.0	    0.0	  -90.0	    0.0	    0.0	    0.0	    0.0	    0.0	    0.0	    0.0	    0.0	  100.0	   97.4	    0.0	    0.0	    0.0	    0.0	    0.4	  1	  -50.0	 1250.0	   97.4	    0.0	    0.0	1	  523.7	 21	    0.0	    5.0	
    7	   0.70	    0.0	    0.0	  -90.0	    0.0	    0.0	    0.0	    0.0	    0.0	    0.0	    0.0	    0.0	  100.0	   96.9	    0.0	    0.0	    0.0	    0.0	    0.5	  1	  -50.0	 1250.0	   96.9	    0.0	    0.0	1	  523.1	 21	    0.0	    5.0	
    8	   0.80	    0.0	    0.0	  -90.0	    0.0	    0.0	    0.0	    0.0	    0.0	    0.0	    0.0	    0.0	  100.0	   96.4	    0.0	    0.0	    0.0	    0.0	    0.6	  1	  -50.0	 1250.0	   96.4	    0.0	    0.0	1	  522.4	 21	    0.0	    5.0	
    9	   0.90	    0.0	    0.0	  -90.0	    0.0	    0.0	    0.0	    0.0	    0.0	    0.0	    0.0	    0.0	  100.0	   95.9	    0.0	    0.0	    0.0	    0.0	    0.6	  1	  -50.0	 1250.0	   95.9	    0.0	    0.0	1	  521.7	 21	    0.0	    5.0	
   10	   1.00	    0.0	    0.0	  -90.0	    0.0	    0.0	    0.0	    0.0	    0.0	    0.0	    0.0	    0.0	  100.0	   95.4	    0.0	    0.0	    0.0	    0.0	    0.7	  1	  -50.0	 1250.0	   95.4	    0.0	    0.0	1	  521.1	 21	    0.0	    5.0	
   11	   1.10	    0.0	    0.0	  -90.0	    0.0	    0.0	    0.0	    0.0	    0.0	    0.0	    0.0	    0.0	  100.0	   94.9	    0.0	    0.0	    0.0	    0.0	    0.8	  1	  -50.0	 1250.0	   94.9	    0.0	    0.0	1	  520.4	 21	    0.0	    5.0	
   12	   1.20	    0.0	    0.0	  -90.0	    0.0	    0.0	    0.0	    0.0	    0.0	    0.0	    0.0	    0.0	  100.0	   94.4	    0.0	    0.0	    0.0	    0.0	    0.9	  1	  -50.0	 1250.0	   94.4	    0.0	    0.0	1	  519.7	 21	    0.0	    5.0	
   13	   1.30	    0.0	    0.0	  -90.0	    0.0	    0.0	    0.0	    0.0	    0.0	    0.0	    0.0	    0.0	  100.0	   93.9	    0.0	    0.0	    0.0	    0.0	    0.9	  1	  -50.0	 1250.0	   93.9	    0.0	    0.0	1	  519.0	 21	    0.0	    5.0	
   14	   1.40	    0.0	    0.0	  -90.0	    0.0	    0.0	    0.0	    0.0	    0.0	    0.0	    0.0	    0.0	  100.0	   93.4	    0.0	    0.0	    0.0	    0.0	    1.0	  1	  -50.0	 1250.0	   93.4	    0.0	    0.0	1	  518.3	 21	    0.0	    5.0	
   15	   1.50	    0.0	    0.0	  -90.0	    0.0	    0.0	    0.0	    0.0	    0.0	    0.0	    0.0	    0.0	  100.0	   92.9	    0.0	    0.0	    0.0	    0.0	    1.1	  1	  -50.0	 1250.0	   92.9	    0.0	    0.0	1	  517.6	 21	    0.0	    5.0	
   16	   1.60	    0.0	    0.0	  -90.0	    0.0	    0.0	    0.0	    0.0	    0.0	    0.0	    0.0	    0.0	  100.0	   92.4	    0.0	    0.0	    0.0	    0.0	    1.1	  1	  -50.0	 1250.0	   92.4	    0.0	    0.0	1	  516.9	 21	    0.0	    5.0	
   17	   1.70	    0.0	    0.0	  -90.0	    0.0	    0.0	    0.0	    0.0	    0.0	    0.0	    0.0	    0.0	  100.0	   91.9	    0.0	    0.0	    0.0	    0.0	    1.2	  1	  -50.0	 1250.0	   91.9	    0.0	    0.0	1	  516.2	 21	    0.0	    5.0	
   18	   1.80	    0.0	    0.0	  -90.0	    0.0	    0.0	    0.0	    0.0	    0.0	    0.0	    0.0	    0.0	  100.0	   91.4	    0.0	    0.0	    0.0	    0.0	    1.3	  1	  -50.0	 1250.0	   91.4	    0.0	    0.0	1	  515.5	 21	    0.0	    5.0	
   19	   1.90	    0.0	    0.0	  -90.0	    0.0	    0.0	    0.0	    0.0	    0.0	    0.0	    0.0	    0.0	  100.0	   90.9	    0.0	    0.0	    0.0	    0.0	    1.4	  1	  -50.0	 1250.0	   90.9	    0.0	    0.0	1	  514.8	 21	    0.0	    5.0	
   20	   2.00	    0.0	    0.0	  -90.0	    0.0	    0.0	    0.0	    0.0	    0.0	    0.0	    0.0	    0.0	  100.0	   90.4	    0.0	    0.0	    0.0	    0.0	    1.4	  1	  -50.0	 1250.0	   90.4	    0.0	    0.0	1	  514.0	 21	    0.0	    5.0	
   21	   2.10	    0.0	    0.0	  -90.0	    0.0	    0.0	    0.0	    0.0	    0.0	    0.0	    0.0	    0.0	  100.0	   89.9	    0.0	    0.0	    0.0	    0.0	    1.5	  1	  -50.0	 1250.0	   89.9	    0.0	    0.0	1	  513.3	 21	    0.0	    5.0	
   22	   2.20	    0.0	    0.0	  -90.0	    0.0	    0.0	    0.0	    0.0	    0.0	    0.0	    0.0	    0.0	  100.0	   89.4	    0.0	    0.0	    0.0	    0.0	    1.6	  1	  -50.0	 1250.0	   89.4	    0.0	    0.0	1	  512.6	 21	    0.0	    5.0	
   23	   2.30	    0.0	    0.0	  -90.0	    0.0	    0.0	    0.0	    0.0	    0.0	    0.0	    0.0	    0.0	  100.0	   88.9	    0.0	    0.0	    0.0	    0.0	    1.6	  1	  -50.0	 1250.0	   88.9	    0.0	    0.0	1	  511.8	 21	    0.0	    5.0	
   24	   2.40	    0.0	    0.0	  -90.0	    0.0	    0.0	    0.0	    0.0	    0.0	    0.0	    0.0	    0.0	  100.0	   88.4	    0.0	    0.0	    0.0	    0.0	    1.7	  1	  -50.0	 1250.0	   88.4	    0.0	    0.0	1	  511.1	 21	    0.0	    5.0	
   25	   2.50	    0.0	    0.0	  -90.0	    0.0	    0.0	    0.0	    0.0	    0.0	    0.0	    0.0	    0.0	  100.0	   87.9	    0.0	    0.0	    0.0	    0.0	    1.8	  1	  -50.0	 1250.0	   87.9	    0.0	    0.0	1	  510.3	 21	    0.0	    5.0	
   26	   2.60	    0.0	    0.0	  -90.0	    0.0	    0.0	    0.0	    0.0	    0.0	    0.0	    0.0	    0.0	  100.0	   87.4	    0.0	    0.0	    0.0	    0.0	    1.9	  1	  -50.0	 1250.0	   87.4	    0.0	    0.0	1	  509.6	 21	    0.0	    5.0	
   27	   2.70	    0.0	    0.0	  -90.0	    0.0	    0.0	    0.0	    0.0	    0.0	    0.0	    0.0	    0.0	  100.0	   86.9	    0.0	    0.0	    0.0	    0.0	    1.9	  1	  -50.0	 1250.0	   86.9	    0.0	    0.0	1	  508.8	 21	    0.0	    5.0	
   28	   2.80	    0.0	    0.0	  -90.0	    0.0	    0.0	    0.0	    0.0	    0.0	    0.0	    0.0	    0.0	  100.0	   86.4	    0.0	    0.0	    0.0	    0.0	    2.0	  1	  -50.0	 1250.0	   86.4	    0.0	    0.0	1	  508.0	 21	    0.0	    5.0	
   29	   2.90	    0.0	    0.0	  -90.0	    0.0	    0.0	    0.0	    0.0	    0.0	    0.0	    0.0	    0.0	  100.0	   85.9	    0.0	    0.0	    0.0	    0.0	    2.1	  1	  -50.0	 1250.0	   85.9	    0.0	    0.0	1	  507.3	 21	    0.0	    5.0	
   30	   3.00	    0.0	    0.0	  -90.0	    0.0	    0.0	    0.0	    0.0	    0.0	    0.0	    0.0	    0.0	  100.0	   85.4	    0.0	    0.0	    0.0	    0.0	    2.1	  1	  -50.0	 1250.0	   85.4	    0.0	    0.0	1	  506.5	 21	    0.0	    5.0	
   31	   3.10	    0.0	    0.0	  -90.0	    0.0	    0.0	    0.0	    0.0	    0.0	    0.0	    0.0	    0.0	  100.0	   84.9	    0.0	    0.0	    0.0	    0.0	    2.2	  1	  -50.0	 1250.0	   84.9	    0.0	    0.0	1	  505.7	 21	    0.0	    5.0	
   32	   3.20	    0.0	    0.0	  -90.0	    0.0	    0.0	    0.0	    0.0	    0.0	    0.0	    0.0	    0.0	  100.0	   84.4	    0.0	    0.0	    0.0	    0.0	    2.3	  1	  -50.0	 1250.0	   84.4	    0.0	    0.0	1	  504.9	 21	    0.0	    5.0	
   33	   3.30	    0.0	    0.0	  -89.9	    0.0	    0.0	    0.0	    0.0	    0.0	    0.0	    0.0	    0.0	  100.0	   83.9	    0.0	    0.0	    0.0	    0.0	    2.4	  1	  -50.0	 1250.0	   83.9	    0.0	    0.0	1	  504.1	 21	    0.0	    5.0	
   34	   3.40	    0.0	    0.0	  -89.9	    0.0	    0.0	    0.0	    0.0	    0.0	    0.0	    0.0	    0.0	  100.0	   83.4	    0.0	    0.0	    0.0	    0.0	    2.4	  1	  -50.0	 1250.0	   83.4	    0.0	    0.0	1	  503.3	 21	    0.0	    5.0	
   35	   3.50	    0.0	    0.0	  -89.9	    0.0	    0.0	    0.0	    0.0	    0.0	    0.0	    0.0	    0.0	  100.0	   82.9	    0.0	    0.0	    0.0	    0.0	    2.5	  1	  -50.0	 1250.0	   82.9	    0.0	    0.0	1	  502.5	 21	    0.0	    5.0	
   36	   3.60	    0.0	    0.0	  -89.9	    0.0	    0.0	    0.0	    0.0	    0.0	    0.0	    0.0	    0.0	  100.0	   82.4	    0.0	    0.0	    0.0	    0.0	    2.6	  1	  -50.0	 1250.0	   82.4	    0.0	    0.0	1	  501.7	 21	    0.0	    5.0	
   37	   3.70	    0.0	    0.0	  -89.9	    0.0	    0.0	    0.0	    0.0	    0.0	    0.0	    0.0	    0.0	  100.0	   81.9	    0.0	    0.0	    0.0	    0.0	    2.6	  1	  -50.0	 1250.0	   81.9	    0.0	    0.0	1	  500.9	 21	    0.0	    5.0	
   38	   3.80	    0.0	 1500.0	  -89.9	    0.0	 1500.0	    0.0	  200.0	    0.0	 1500.0	    0.0	  200.0	  100.0	   89.7	    0.0	    0.0	    0.0	    0.0	    2.5	  1	  -50.0	 2750.0	   89.7	    0.0	    0.0	1	  479.7	 21	 1207.2	 -192.8	
   39	   3.90	    0.0	 1500.0	   89.7	    0.0	 1500.0	    0.0	  200.0	    0.0	 1500.0	    0.0	  200.0	  100.0	   89.2	    0.0	    0.0	    0.0	    0.0	    2.5	  1	-1250.0	 1550.0	   89.2	    0.0	    0.0	1	  434.9	 21	    0.0	    0.0	
   40	   4.00	    0.0	 1500.0	   96.9	    0.0	 1500.0	    0.0	  200.0	    0.0	 1500.0	    0.0	  200.0	  100.0	   88.7	    0.0	    0.0	    0.0	    0.0	    2.6	  1	-1250.0	 1550.0	   88.7	    0.0	    0.0	1	  434.3	 21	    0.0	    0.0	
   41	   4.10	    0.0	 1500.0	   98.8	    0.0	 1500.0	    0.0	  200.0	    0.0	 1500.0	    0.0	  200.0	  100.0	   88.2	    0.0	    0.0	    0.0	    0.0	    2.6	  1	-1250.0	 1550.0	   88.2	    0.0	    0.0	1	  433.6	 21	    0.0	    0.0	
   42	   4.20	    0.0	 1500.0	   99.4	    0.0	 1500.0	    0.0	  200.0	    0.0	 1500.0	    0.0	  200.0	  100.0	   87.7	    0.0	    0.0	    0.0	    0.0	    2.7	  1	-1250.0	 1550.0	   87.7	    0.0	    0.0	1	  432.9	 21	    0.0	    0.0	
   43	   4.30	    0.0	 1500.0	   99.7	    0.0	 1500.0	    0.0	  200.0	    0.0	 1500.0	    0.0	  200.0	  100.0	   87.2	    0.0	    0.0	    0.0	    0.0	    2.8	  1	-1250.0	 1550.0	   87.2	    0.0	    0.0	1	  432.3	 21	    0.0	    0.0	
   44	   4.40	    0.0	 1500.0	   99.8	    0.0	 1500.0	    0.0	  200.0	    0.0	 1500.0	    0.0	  200.0	  100.0	   86.7	    0.0	    0.0	    0.0	    0.0	    2.9	  1	-1250.0	 1550.0	   86.7	    0.0	    0.0	1	  431.6	 21	    0.0	    0.0	
   45	   4.50	    0.0	 1500.0	   99.9	    0.0	 1500.0	    0.0	  200.0	    0.0	 1500.0	    0.0	  200.0	  100.0	   86.2	    0.0	    0.0	    0.0	    0.0	    2.9	  1	-1250.0	 1550.0	   86.2	    0.0	    0.0	1	  431.0	 21	    0.0	    0.0	
   46	   4.60	    0.0	 1500.0	  100.0	    0.0	 1500.0	    0.0	  200.0	    0.0	 1500.0	    0.0	  200.0	  100.0	   85.7	    0.0	    0.0	    0.0	    0.0	    3.0	  1	-1250.0	 1550.0	   85.7	    0.0	    0.0	1	  430.3	 21	    0.0	    0.0	
   47	   4.70	    0.0	 1500.0	  100.0	    0.0	 1500.0	    0.0	  200.0	    0.0	 1500.0	    0.0	  200.0	  100.0	   85.2	    0.0	    0.0	    0.0	    0.0	    3.1	  1	-1250.0	 1550.0	   85.2	    0.0	    0.0	1	  429.7	 21	    0.0	    0.0	
   48	   4.80	    0.0	 1500.0	  100.0	    0.0	 1500.0	    0.0	  200.0	    0.0	 1500.0	    0.0	  200.0	  100.0	   84.7	    0.0	    0.0	    0.0	    0.0	    3.1	  1	-1250.0	 1550.0	   84.7	    0.0	    0.0	1	  429.0	 21	    0.0	    0.0	
   49	   4.90	    0.0	 1500.0	   99.8	    0.0	 1500.0	    0.0	  200.0	    0.0	 1500.0	    0.0	  200.0	  100.0	   84.2	    0.0	    0.0	    0.0	    0.0	    3.2	  1	-1250.0	 1550.0	   84.2	    0.0	    0.0	1	  428.3	 21	    0.0	    0.0	
   50	   5.00	    0.0	 1500.0	   99.4	    0.0	 1500.0	    0.0	  200.0	    0.0	 1500.0	    0.0	  200.0	  100.0	   83.7	    0.0	    0.0	    0.0	    0.0	    3.3	  1	-1250.0	 1550.0	   83.7	    0.0	    0.0	1	  427.7	 21	    0.0	    0.0	
   51	   5.10	    0.0	 1500.0	   97.9	    0.0	 1500.0	    0.0	  200.0	    0.0	 1500.0	    0.0	  200.0	  100.0	   83.2	    0.0	    0.0	    0.0	    0.0	    3.3	  1	-1250.0	 1550.0	   83.2	    0.0	    0.0	1	  427.0	 21	    0.0	    0.0	
   52	   5.20	    0.0	 1500.0	   91.0	    0.0	 1500.0	    0.0	  200.0	    0.0	 1500.0	    0.0	  200.0	  100.0	   82.7	    0.0	    0.0	    0.0	    0.0	    3.4	  1	-1250.0	 1550.0	   82.7	    0.0	    0.0	1	  426.3	 21	    0.0	    0.0	
   53	   5.30	    0.0	 1500.0	   56.5	    0.0	 1500.0	    0.0	  200.0	    0.0	 1500.0	    0.0	  200.0	  100.0	   82.2	    0.0	    0.0	    0.0	    0.0	    3.5	  1	-1250.0	 1550.0	   82.2	    0.0	    0.0	1	  425.7	 21	    0.0	    0.0	
   54	   5.40	    0.0	 1500.0	   32.3	    0.0	 1500.0	    0.0	  200.0	    0.0	 1500.0	    0.0	  200.0	  100.0	   81.7	    0.0	    0.0	    0.0	    0.0	    3.5	  1	-1250.0	 1550.0	   81.7	    0.0	    0.0	1	  425.0	 21	    0.0	    0.0	
   55	   5.50	    0.0	 1500.0	   32.3	    0.0	 1500.0	    0.0	  200.0	    0.0	 1500.0	    0.0	  200.0	  100.0	   81.2	    0.0	    0.0	    0.0	    0.0	    3.6	  1	-1250.0	 1550.0	   81.2	    0.0	    0.0	1	  424.3	 21	    0.0	    0.0	
   56	   5.60	    0.0	 1500.0	   32.3	    0.0	 1500.0	    0.0	  200.0	    0.0	 1500.0	    0.0	  200.0	  100.0	   80.7	    0.0	    0.0	    0.0	    0.0	    3.7	  1	-1250.0	 1550.0	   80.7	    0.0	    0.0	1	  423.6	 21	    0.0	    0.0	
   57	   5.70	    0.0	 1500.0	   32.3	    0.0	 1500.0	    0.0	  200.0	    0.0	 1500.0	    0.0	  200.0	  100.0	   80.2	    0.0	    0.0	    0.0	    0.0	    3.7	  1	-1250.0	 1550.0	   80.2	    0.0	    0.0	1	  423.0	 21	    0.0	    0.0	
   58	   5.80	    0.0	 1500.0	   32.3	    0.0	 1500.0	    0.0	  200.0	    0.0	 1500.0	    0.0	  200.0	  100.0	   79.7	    0.0	    0.0	    0.0	    0.0	    3.8	  1	-1250.0	 1550.0	   79.7	    0.0	    0.0	1	  422.3	 21	    0.0	    0.0	
   59	   5.90	    0.0	 1500.0	   32.3	    0.0	 1500.0	    0.0	  200.0	    0.0	 1500.0	    0.0	  200.0	  100.0	   79.2	    0.0	    0.0	    0.0	    0.0	    3.9	  1	-1250.0	 1550.0	   79.2	    0.0	    0.0	1	  421.6	 21	    0.0	    0.0	
   60	   6.00	    0.0	 1500.0	   32.3	    0.0	 1500.0	    0.0	  200.0	    0.0	 1500.0	    0.0	  200.0	  100.0	   78.7	    0.0	    0.0	    0.0	    0.0	    3.9	  1	-1250.0	 1550.0	   78.7	    0.0	    0.0	1	  420.9	 21	    0.0	    0.0	
   61	   6.10	    0.0	 1500.0	   32.3	    0.0	 1500.0	    0.0	  200.0	    0.0	 1500.0	    0.0	  200.0	  100.0	   78.2	    0.0	    0.0	    0.0	    0.0	    4.0	  1	-1250.0	 1550.0	   78.2	    0.0	    0.0	1	  420.2	 21	    0.0	    0.0	
   62	   6.20	    0.0	 1500.0	   32.3	    0.0	 1500.0	    0.0	  200.0	    0.0	 1500.0	    0.0	  200.0	  100.0	   77.7	    0.0	    0.0	    0.0	    0.0	    4.1	  1	-1250.0	 1550.0	   77.7	    0.0	    0.0	1	  419.5	 21	    0.0	    0.0	
   63	   6.30	    0.0	 1500.0	   32.3	    0.0	 1500.0	    0.0	  200.0	    0.0	 1500.0	    0.0	  200.0	  100.0	   77.2	    0.0	    0.0	    0.0	    0.0	    4.1	  1	-1250.0	 1550.0	   77.2	    0.0	    0.0	1	  418.9	 21	    0.0	    0.0	
   64	   6.40	    0.0	 1500.0	   32.3	    0.0	 1500.0	    0.0	  200.0	    0.0	 1500.0	    0.0	  200.0	  100.0	   76.7	    0.0	    0.0	    0.0	    0.0	    4.2	  1	-1250.0	 1550.0	   76.7	    0.0	    0.0	1	  418.2	 21	    0.0	    0.0	
   65	   6.50	    0.0	 1500.0	   32.4	    0.0	 1500.0	    0.0	  200.0	    0.0	 1500.0	    0.0	  200.0	  100.0	   76.2	    0.0	    0.0	    0.0	    0.0	    4.3	  1	-1250.0	 1550.0	   76.2	    0.0	    0.0	1	  417.5	 21	    0.0	    0.0	
   66	   6.60	    0.0	 1500.0	   32.4	    0.0	 1500.0	    0.0	  200.0	    0.0	 1500.0	    0.0	  200.0	  100.0	   75.7	    0.0	    0.0	    0.0	    0.0	    4.3	  1	-1250.0	 1550.0	   75.7	    0.0	    0.0	1	  416.8	 21	    0.0	    0.0	
   67	   6.70	    0.0	 1500.0	   32.4	    0.0	 1500.0	    0.0	  200.0	    0.0	 1500.0	    0.0	  200.0	  100.0	   75.2	    0.0	    0.0	    0.0	    0.0	    4.4	  1	-1250.0	 1550.0	   75.2	    0.0	    0.0	1	  416.1	 21	    0.0	    0.0	
   68	   6.80	    0.0	 1500.0	   32.5	    0.0	 1500.0	    0.0	  200.0	    0.0	 1500.0	    0.0	  200.0	  100.0	   74.7	    0.0	    0.0	    0.0	    0.0	    4.5	  1	-1250.0	 1550.0	   74.7	    0.0	    0.0	1	  415.4	 21	    0.0	    0.0	
   69	   6.90	    0.0	 1500.0	   32.5	    0.0	 1500.0	    0.0	  200.0	    0.0	 1500.0	    0.0	  200.0	  100.0	   74.2	    0.0	    0.0	    0.0	    0.0	    4.5	  1	-1250.0	 1550.0	   74.2	    0.0	    0.0	1	  414.7	 21	    0.0	    0.0	
   70	   7.00	    0.0	 1500.0	   32.6	    0.0	 1500.0	    0.0	  200.0	    0.0	 1500.0	    0.0	  200.0	  100.0	   73.7	    0.0	    0.0	    0.0	    0.0	    4.6	  1	-1250.0	 1550.0	   73.7	    0.0	    0.0	1	  414.0	 21	    0.0	    0.0	
   71	   7.10	    0.0	 1500.0	   32.7	    0.0	 1500.0	    0.0	  200.0	    0.0	 1500.0	    0.0	  200.0	  100.0	   73.2	    0.0	    0.0	    0.0	    0.0	    4.7	  1	-1250.0	 1550.0	   73.2	    0.0	    0.0	1	  413.3	 21	    0.0	    0.0	
   72	   7.20	    0.0	 1500.0	   32.8	    0.0	 1500.0	    0.0	  200.0	    0.0	 1500.0	    0.0	  200.0	  100.0	   72.7	    0.0	    0.0	    0.0	    0.0	    4.8	  1	-1250.0	 1550.0	   72.7	    0.0	    0.0	1	  412.6	 21	    0.0	    0.0	
   73	   7.30	    0.0	 1500.0	   33.0	    0.0	 1500.0	    0.0	  200.0	    0.0	 1500.0	    0.0	  200.0	  100.0	   72.2	    0.0	    0.0	    0.0	    0.0	    4.8	  1	-1250.0	 1550.0	   72.2	    0.0	    0.0	1	  411.9	 21	    0.0	    0.0	
   74	   7.40	    0.0	 1500.0	   33.2	    0.0	 1500.0	    0.0	  200.0	    0.0	 1500.0	    0.0	  200.0	  100.0	   71.7	    0.0	    0.0	    0.0	    0.0	    4.9	  1	 1250.0	 1550.0	   71.7	    0.0	    0.0	1	  419.5	 21	    0.0	    0.0	
   75	   7.50	    0.0	 1500.0	   -0.7	    0.0	 1500.0	    0.0	  200.0	    0.0	 1500.0	    0.0	  200.0	  100.0	   71.2	    0.0	    0.0	    0.0	    0.0	    5.0	  1	-1250.0	 1550.0	   71.2	    0.0	    0.0	1	  410.5	 21	    0.0	    0.0	
   76	   7.60	    0.0	 1500.0	  179.3	    0.0	 1500.0	    0.0	  200.0	    0.0	 1500.0	    0.0	  200.0	  100.0	   70.7	    0.0	    0.0	    0.0	    0.0	    5.0	  1	-1250.0	 1550.0	   70.7	    0.0	    0.0	1	  409.8	 21	    0.0	    0.0	
   77	   7.70	    0.0	 1500.0	 -177.7	    0.0	 1500.0	    0.0	  200.0	    0.0	 1500.0	    0.0	  200.0	  100.0	   70.2	    0.0	    0.0	    0.0	    0.0	    5.1	  1	-1250.0	 1550.0	   70.2	    0.0	    0.0	1	  409.1	 21	    0.0	    0.0	
   78	   7.80	    0.0	 1500.0	 -177.7	    0.0	 1500.0	    0.0	  200.0	    0.0	 1500.0	    0.0	  200.0	  100.0	   69.7	    0.0	    0.0	    0.0	    0.0	    5.2	  1	-1250.0	 1550.0	   69.7	    0.0	    0.0	1	  408.4	 21	    0.0	    0.0	
   79	   7.90	    0.0	 1500.0	 -177.7	    0.0	 1500.0	    0.0	  200.0	    0.0	 1500.0	    0.0	  200.0	  100.0	   69.2	    0.0	    0.0	    0.0	    0.0	    5.2	  1	-1250.0	 1550.0	   69.2	    0.0	    0.0	1	  407.7	 21	    0.0	    0.0	
   80	   8.00	    0.0	 1500.0	 -177.7	    0.0	 1500.0	    0.0	  200.0	    0.0	 1500.0	    0.0	  200.0	  100.0	   68.7	    0.0	    0.0	    0.0	    0.0	    5.3	  1	-1250.0	 1550.0	   68.7	    0.0	    0.0	1	  407.0	 21	    0.0	    0.0	
   81	   8.10	    0.0	 1500.0	 -177.7	    0.0	 1500.0	    0.0	  200.0	    0.0	 1500.0	    0.0	  200.0	  100.0	   68.2	    0.0	    0.0	    0.0	    0.0	    5.4	  1	-1250.0	 1550.0	   68.2	    0.0	    0.0	1	  406.3	 21	    0.0	    0.0	
   82	   8.20	    0.0	 1500.0	 -177.7	    0.0	 1500.0	    0.0	  200.0	    0.0	 1500.0	    0.0	  200.0	  100.0	   67.7	    0.0	    0.0	    0.0	    0.0	    5.4	  1	-1250.0	 1550.0	   67.7	    0.0	    0.0	1	  405.6	 21	    0.0	    0.0	
   83	   8.30	    0.0	 1500.0	 -177.7	    0.0	 1500.0	    0.0	  200.0	    0.0	 1500.0	    0.0	  200.0	  100.0	   67.2	    0.0	    0.0	    0.0	    0.0	    5.5	  1	-1250.0	 1550.0	   67.2	    0.0	    0.0	1	  404.8	 21	    0.0	    0.0	
   84	   8.40	    0.0	 1500.0	 -177.7	    0.0	 1500.0	    0.0	  200.0	    0.0	 1500.0	    0.0	  200.0	  100.0	   66.7	    0.0	    0.0	    0.0	    0.0	    5.6	  1	-1250.0	 1550.0	   66.7	    0.0	    0.0	1	  404.1	 21	    0.0	    0.0	
   85	   8.50	    0.0	 1500.0	 -177.7	    0.0	 1500.0	    0.0	  200.0	    0.0	 1500.0	    0.0	  200.0	  100.0	   66.2	    0.0	    0.0	    0.0	    0.0	    5.6	  1	-1250.0	 1550.0	   66.2	    0.0	    0.0	1	  403.4	 21	    0.0	    0.0	
   86	   8.60	    0.0	 1500.0	 -177.8	    0.0	 1500.0	    0.0	  200.0	    0.0	 1500.0	    0.0	  200.0	  100.0	   65.7	    0.0	    0.0	    0.0	    0.0	    5.7	  1	-1250.0	 1550.0	   65.7	    0.0	    0.0	1	  402.7	 21	    0.0	    0.0	
   87	   8.70	    0.0	 1500.0	 -177.8	    0.0	 1500.0	    0.0	  200.0	    0.0	 1500.0	    0.0	  200.0	  100.0	   65.2	    0.0	    0.0	    0.0	    0.0	    5.8	  1	-1250.0	 1550.0	   65.2	    0.0	    0.0	1	  402.0	 21	    0.0	    0.0	
   88	   8.80	    0.0	 1500.0	 -177.9	    0.0	 1500.0	    0.0	  200.0	    0.0	 1500.0	    0.0	  200.0	  100.0	   64.7	    0.0	    0.0	    0.0	    0.0	    5.8	  1	-1250.0	 1550.0	   64.7	    0.0	    0.0	1	  401.2	 21	    0.0	    0.0	
   89	   8.90	    0.0	 1500.0	 -177.9	    0.0	 1500.0	    0.0	  200.0	    0.0	 1500.0	    0.0	  200.0	  100.0	   64.2	    0.0	    0.0	    0.0	    0.0	    5.9	  1	-1250.0	 1550.0	   64.2	    0.0	    0.0	1	  400.5	 21	    0.0	    0.0	
   90	   9.00	    0.0	 1500.0	 -178.0	    0.0	 1500.0	    0.0	  200.0	    0.0	 1500.0	    0.0	  200.0	  100.0	   63.7	    0.0	    0.0	    0.0	    0.0	    6.0	  1	-1250.0	 1550.0	   63.7	    0.0	    0.0	1	  399.8	 21	    0.0	    0.0	
   91	   9.10	    0.0	 1500.0	 -178.3	    0.0	 1500.0	    0.0	  200.0	    0.0	 1500.0	    0.0	  200.0	  100.0	   63.2	    0.0	    0.0	    0.0	    0.0	    6.0	  1	-1250.0	 1550.0	   63.2	    0.0	    0.0	1	  399.1	 21	    0.0	    0.0	
   92	   9.20	    0.0	 1500.0	 -178.8	    0.0	 1500.0	    0.0	  200.0	    0.0	 1500.0	    0.0	  200.0	  100.0	   62.7	    0.0	    0.0	    0.0	    0.0	    6.1	  1	-1250.0	 1550.0	   62.7	    0.0	    0.0	1	  398.3	 21	    0.0	    0.0	
   93	   9.30	    0.0	 1500.0	  173.0	    0.0	 1500.0	    0.0	  200.0	    0.0	 1500.0	    0.0	  200.0	  100.0	   62.2	    0.0	    0.0	    0.0	    0.0	    6.2	  1	-1250.0	 1550.0	   62.2	    0.0	    0.0	1	  397.6	 21	    0.0	    0.0	
   94	   9.40	    0.0	 1500.0	    3.2	    0.0	 1500.0	    0.0	  200.0	    0.0	 1500.0	    0.0	  200.0	  100.0	   61.7	    0.0	    0.0	    0.0	    0.0	    6.2	  1	-1250.0	 1550.0	   61.7	    0.0	    0.0	1	  396.9	 21	    0.0	    0.0	
   95	   9.50	    0.0	 1500.0	    3.0	    0.0	 1500.0	    0.0	  200.0	    0.0	 1500.0	    0.0	  200.0	  100.0	   61.2	    0.0	    0.0	    0.0	    0.0	    6.3	  1	-1250.0	 1550.0	   61.2	    0.0	    0.0	1	  396.2	 21	    0.0	    0.0	
   96	   9.60	    0.0	 1500.0	    3.0	    0.0	 1500.0	    0.0	  200.0	    0.0	 1500.0	    0.0	  200.0	  100.0	   60.7	    0.0	    0.0	    0.0	    0.0	    6.4	  1	-1250.0	 1550.0	   60.7	    0.0	    0.0	1	  395.4	 21	    0.0	    0.0	
   97	   9.70	    0.0	 1500.0	    3.0	    0.0	 1500.0	    0.0	  200.0	    0.0	 1500.0	    0.0	  200.0	  100.0	   60.2	    0.0	    0.0	    0.0	    0.0	    6.4	  1	-1250.0	 1550.0	   60.2	    0.0	    0.0	1	  394.7	 21	    0.0	    0.0	
   98	   9.80	    0.0	 1500.0	    3.0	    0.0	 1500.0	    0.0	  200.0	    0.0	 1500.0	    0.0	  200.0	  100.0	   59.7	    0.0	    0.0	    0.0	    0.0	    6.5	  1	-1250.0	 1550.0	   59.7	    0.0	    0.0	1	  394.0	 21	    0.0	    0.0	
   99	   9.90	    0.0	 1500.0	    3.0	    0.0	 1500.0	    0.0	  200.0	    0.0	 1500.0	    0.0	  200.0	  100.0	   59.2	    0.0	    0.0	    0.0	    0.0	    6.6	  1	-1250.0	 1550.0	   59.2	    0.0	    0.0	1	  393.2	 21	    0.0	    0.0	
  100	  10.00	    0.0	 1500.0	    3.0	    0.0	 1500.0	    0.0	  200.0	    0.0	 1500.0	    0.0	  200.0	  100.0	   58.7	    0.0	    0.0	    0.0	    0.0	    6.7	  1	-1250.0	 1550.0	   58.7	    0.0	    0.0	1	  392.5	 21	    0.0	    0.0	
  101	  10.10	    0.0	 1500.0	    3.0	    0.0	 1500.0	    0.0	  200.0	    0.0	 1500.0	    0.0	  200.0	  100.0	   58.2	    0.0	    0.0	    0.0	    0.0	    6.7	  1	-1250.0	 1550.0	   58.2	    0.0	    0.0	1	  391.8	 21	    0.0	    0.0	
  102	  10.20	    0.0	 1500.0	    3.0	    0.0	 1500.0	    0.0	  200.0	    0.0	 1500.0	    0.0	  200.0	  100.0	   57.7	    0.0	    0.0	    0.0	    0.0	    6.8	  1	-1250.0	 1550.0	   57.7	    0.0	    0.0	1	  391.0	 21	    0.0	    0.0	
  103	  10.30	    0.0	 1500.0	    3.0	    0.0	 1500.0	    0.0	  200.0	    0.0	 1500.0	    0.0	  200.0	  100.0	   57.2	    0.0	    0.0	    0.0	    0.0	    6.9	  1	-1250.0	 1550.0	   57.2	    0.0	    0.0	1	  390.3	 21	    0.0	    0.0	
  104	  10.40	    0.0	 1500.0	    3.0	    0.0	 1500.0	    0.0	  200.0	    0.0	 1500.0	    0.0	  200.0	  100.0	   56.7	    0.0	    0.0	    0.0	    0.0	    6.9	  1	-1250.0	 1550.0	   56.7	    0.0	    0.0	1	  389.5	 21	    0.0	    0.0	
  105	  10.50	    0.0	 1500.0	    3.0	    0.0	 1500.0	    0.0	  200.0	    0.0	 1500.0	    0.0	  200.0	  100.0	   56.2	    0.0	    0.0	    0.0	    0.0	    7.0	  1	-1250.0	 1550.0	   56.2	    0.0	    0.0	1	  388.8	 21	    0.0	    0.0	
  106	  10.60	    0.0	 1500.0	    3.1	    0.0	 1500.0	    0.0	  200.0	    0.0	 1500.0	    0.0	  200.0	  100.0	   55.7	    0.0	    0.0	    0.0	    0.0	    7.1	  1	-1250.0	 1550.0	   55.7	    0.0	    0.0	1	  388.0	 21	    0.0	    0.0	
  107	  10.70	    0.0	 1500.0	    3.1	    0.0	 1500.0	    0.0	  200.0	    0.0	 1500.0	    0.0	  200.0	  100.0	   55.2	    0.0	    0.0	    0.0	    0.0	    7.1	  1	-1250.0	 1550.0	   55.2	    0.0	    0.0	1	  387.3	 21	    0.0	    0.0	
  108	  10.80	    0.0	 1500.0	    3.1	    0.0	 1500.0	    0.0	  200.0	    0.0	 1500.0	    0.0	  200.0	  100.0	   54.7	    0.0	    0.0	    0.0	    0.0	    7.2	  1	-1250.0	 1550.0	   54.7	    0.0	    0.0	1	  386.6	 21	    0.0	    0.0	
  109	  10.90	    0.0	 1500.0	    3.1	    0.0	 1500.0	    0.0	  200.0	    0.0	 1500.0	    0.0	  200.0	  100.0	   54.2	    0.0	    0.0	    0.0	    0.0	    7.3	  1	-1250.0	 1550.0	   54.2	    0.0	    0.0	1	  385.8	 21	    0.0	    0.0	
  110	  11.00	    0.0	 1500.0	    3.1	    0.0	 1500.0	    0.0	  200.0	    0.0	 1500.0	    0.0	  200.0	  100.0	   53.7	    0.0	    0.0	    0.0	    0.0	    7.3	  1	-1250.0	 1550.0	   53.7	    0.0	    0.0	1	  385.1	 21	    0.0	    0.0	
  111	  11.10	    0.0	 1500.0	    3.1	    0.0	 1500.0	    0.0	  200.0	    0.0	 1500.0	    0.0	  200.0	  100.0	   53.2	    0.0	    0.0	    0.0	    0.0	    7.4	  1	-1250.0	 1550.0	   53.2	    0.0	    0.0	1	  384.3	 21	    0.0	    0.0	
  112	  11.20	    0.0	 1500.0	    3.1	    0.0	 1500.0	    0.0	  200.0	    0.0	 1500.0	    0.0	  200.0	  100.0	   52.7	    0.0	    0.0	    0.0	    0.0	    7.5	  1	-1250.0	 1550.0	   52.7	    0.0	    0.0	1	  383.6	 21	    0.0	    0.0	
  113	  11.30	    0.0	 1500.0	    3.1	    0.0	 1500.0	    0.0	  200.0	    0.0	 1500.0	    0.0	  200.0	  100.0	   52.2	    0.0	    0.0	    0.0	    0.0	    7.5	  1	-1250.0	 1550.0	   52.2	    0.0	    0.0	1	  382.8	 21	    0.0	    0.0	
  114	  11.40	    0.0	 1500.0	    3.2	    0.0	 1500.0	    0.0	  200.0	    0.0	 1500.0	    0.0	  200.0	  100.0	   51.7	    0.0	    0.0	    0.0	    0.0	    7.6	  1	-1250.0	 1550.0	   51.7	    0.0	    0.0	1	  382.1	 21	    0.0	    0.0	
  115	  11.50	    0.0	 1500.0	    3.2	    0.0	 1500.0	    0.0	  200.0	    0.0	 1500.0	    0.0	  200.0	  100.0	   51.2	    0.0	    0.0	    0.0	    0.0	    7.7	  1	-1250.0	 1550.0	   51.2	    0.0	    0.0	1	  381.3	 21	    0.0	    0.0	
  116	  11.60	    0.0	 1500.0	    3.2	    0.0	 1500.0	    0.0	  200.0	    0.0	 1500.0	    0.0	  200.0	  100.0	   50.7	    0.0	    0.0	    0.0	    0.0	    7.7	  1	-1250.0	 1550.0	   50.7	    0.0	    0.0	1	  380.5	 21	    0.0	    0.0	
  117	  11.70	    0.0	 1500.0	    3.3	    0.0	 1500.0	    0.0	  200.0	    0.0	 1500.0	    0.0	  200.0	  100.0	   50.2	    0.0	    0.0	    0.0	    0.0	    7.8	  1	-1250.0	 1550.0	   50.2	    0.0	    0.0	1	  379.8	 21	    0.0	    0.0	
  118	  11.80	    0.0	 1500.0	    3.4	    0.0	 1500.0	    0.0	  200.0	    0.0	 1500.0	    0.0	  200.0	  100.0	   49.7	    0.0	    0.0	    0.0	    0.0	    7.9	  1	-1250.0	 1550.0	   49.7	    0.0	    0.0	1	  379.0	 21	    0.0	    0.0	
  119	  11.90	    0.0	 1500.0	    3.5	    0.0	 1500.0	    0.0	  200.0	    0.0	 1500.0	    0.0	  200.0	  100.0	   49.2	    0.0	    0.0	    0.0	    0.0	    7.9	  1	-1250.0	 1550.0	   49.2	    0.0	    0.0	1	  378.3	 21	    0.0	    0.0	
  120	  12.00	    0.0	 1500.0	    3.6	    0.0	 1500.0	    0.0	  200.0	    0.0	 1500.0	    0.0	  200.0	  100.0	   48.7	    0.0	    0.0	    0.0	    0.0	    8.0	  1	-1250.0	 1550.0	   48.7	    0.0	    0.0	1	  377.5	 21	    0.0	    0.0	
  121	  12.10	    0.0	 1500.0	    3.8	    0.0	 1500.0	    0.0	  200.0	    0.0	 1500.0	    0.0	  200.0	  100.0	   48.2	    0.0	    0.0	    0.0	    0.0	    8.1	  1	-1250.0	 1550.0	   48.2	    0.0	    0.0	1	  376.7	 21	    0.0	    0.0	
  122	  12.20	    0.0	 1500.0	    4.0	    0.0	 1500.0	    0.0	  200.0	    0.0	 1500.0	    0.0	  200.0	  100.0	   47.7	    0.0	    0.0	    0.0	    0.0	    8.1	  1	-1250.0	 1550.0	   47.7	    0.0	    0.0	1	  376.0	 21	    0.0	    0.0	
  123	  12.30	    0.0	 1500.0	    4.3	    0.0	 1500.0	    0.0	  200.0	    0.0	 1500.0	    0.0	  200.0	  100.0	   47.2	    0.0	    0.0	    0.0	    0.0	    8.2	  1	-1250.0	 1550.0	   47.2	    0.0	    0.0	1	  375.2	 21	    0.0	    0.0	
  124	  12.40	    0.0	 1500.0	    4.7	    0.0	 1500.0	    0.0	  200.0	    0.0	 1500.0	    0.0	  200.0	  100.0	   46.7	    0.0	    0.0	    0.0	    0.0	    8.3	  1	-1250.0	 1550.0	   46.7	    0.0	    0.0	1	  374.5	 21	    0.0	    0.0	
  125	  12.50	    0.0	 1500.0	    5.2	    0.0	 1500.0	    0.0	  200.0	    0.0	 1500.0	    0.0	  200.0	  100.0	   46.2	    0.0	    0.0	    0.0	    0.0	    8.3	  1	-1250.0	 1550.0	   46.2	    0.0	    0.0	1	  373.7	 21	    0.0	    0.0	
  126	  12.60	    0.0	 1500.0	    5.8	    0.0	 1500.0	    0.0	  200.0	    0.0	 1500.0	    0.0	  200.0	  100.0	   45.7	    0.0	    0.0	    0.0	    0.0	    8.4	  1	-1250.0	 1550.0	   45.7	    0.0	    0.0	1	  372.9	 21	    0.0	    0.0	
  127	  12.70	    0.0	 1500.0	    6.5	    0.0	 1500.0	    0.0	  200.0	    0.0	 1500.0	    0.0	  200.0	  100.0	   45.2	    0.0	    0.0	    0.0	    0.0	    8.5	  1	-1250.0	 1550.0	   45.2	    0.0	    0.0	1	  372.2	 21	    0.0	    0.0	
  128	  12.80	    0.0	 1500.0	    7.5	    0.0	 1500.0	    0.0	  200.0	    0.0	 1500.0	    0.0	  200.0	  100.0	   44.7	    0.0	    0.0	    0.0	    0.0	    8.6	  1	-1250.0	 1550.0	   44.7	    0.0	    0.0	1	  371.4	 21	    0.0	    0.0	
  129	  12.90	    0.0	 1500.0	    8.8	    0.0	 1500.0	    0.0	  200.0	    0.0	 1500.0	    0.0	  200.0	  100.0	   44.2	    0.0	    0.0	    0.0	    0.0	    8.6	  1	-1250.0	 1550.0	   44.2	    0.0	    0.0	1	  370.6	 21	    0.0	    0.0	
  130	  13.00	    0.0	 1500.0	   10.5	    0.0	 1500.0	    0.0	  200.0	    0.0	 1500.0	    0.0	  200.0	  100.0	   43.7	    0.0	    0.0	    0.0	    0.0	    8.7	  1	-1250.0	 1550.0	   43.7	    0.0	    0.0	1	  369.9	 21	    0.0	    0.0	
  131	  13.10	    0.0	 1500.0	   12.7	    0.0	 1500.0	    0.0	  200.0	    0.0	 1500.0	    0.0	  200.0	  100.0	   43.2	    0.0	    0.0	    0.0	    0.0	    8.8	  1	-1250.0	 1550.0	   43.2	    0.0	    0.0	1	  369.1	 21	    0.0	    0.0	
  132	  13.20	    0.0	 1500.0	   15.4	    0.0	 1500.0	    0.0	  200.0	    0.0	 1500.0	    0.0	  200.0	  100.0	   42.7	    0.0	    0.0	    0.0	    0.0	    8.8	  1	-1250.0	 1550.0	   42.7	    0.0	    0.0	1	  368.3	 21	    0.0	    0.0	
  133	  13.30	    0.0	 1500.0	   18.9	    0.0	 1500.0	    0.0	  200.0	    0.0	 1500.0	    0.0	  200.0	  100.0	   42.2	    0.0	    0.0	    0.0	    0.0	    8.9	  1	-1250.0	 1550.0	   42.2	    0.0	    0.0	1	  367.5	 21	    0.0	    0.0	
  134	  13.40	    0.0	 1500.0	   23.3	    0.0	 1500.0	    0.0	  200.0	    0.0	 1500.0	    0.0	  200.0	  100.0	   41.7	    0.0	    0.0	    0.0	    0.0	    9.0	  1	-1250.0	 1550.0	   41.7	    0.0	    0.0	1	  366.8	 21	    0.0	    0.0	
  135	  13.50	    0.0	 1500.0	   28.7	    0.0	 1500.0	    0.0	  200.0	    0.0	 1500.0	    0.0	  200.0	  100.0	   41.2	    0.0	    0.0	    0.0	    0.0	    9.0	  1	-1250.0	 1550.0	   41.2	    0.0	    0.0	1	  366.0	 21	    0.0	    0.0	
  136	  13.60	    0.0	 1500.0	   35.0	    0.0	 1500.0	    0.0	  200.0	    0.0	 1500.0	    0.0	  200.0	  100.0	   40.7	    0.0	    0.0	    0.0	    0.0	    9.1	  1	-1250.0	 1550.0	   40.7	    0.0	    0.0	1	  365.2	 21	    0.0	    0.0	
  137	  13.70	    0.0	 1500.0	   41.4	    0.0	 1500.0	    0.0	  200.0	    0.0	 1500.0	    0.0	  200.0	  100.0	   40.2	    0.0	    0.0	    0.0	    0.0	    9.2	  1	-1250.0	 1550.0	   40.2	    0.0	    0.0	1	  364.4	 21	    0.0	    0.0	
  138	  13.80	    0.0	 1500.0	   48.3	    0.0	 1500.0	    0.0	  200.0	    0.0	 1500.0	    0.0	  200.0	  100.0	   39.7	    0.0	    0.0	    0.0	    0.0	    9.2	  1	-1250.0	 1550.0	   39.7	    0.0	    0.0	1	  363.7	 21	    0.0	    0.0	
  139	  13.90	    0.0	 1500.0	   55.4	    0.0	 1500.0	    0.0	  200.0	    0.0	 1500.0	    0.0	  200.0	  100.0	   39.2	    0.0	    0.0	    0.0	    0.0	    9.3	  1	-1250.0	 1550.0	   39.2	    0.0	    0.0	1	  362.9	 21	    0.0	    0.0	
  140	  14.00	    0.0	 1500.0	   62.1	    0.0	 1500.0	    0.0	  200.0	    0.0	 1500.0	    0.0	  200.0	  100.0	   38.7	    0.0	    0.0	    0.0	    0.0	    9.4	  1	-1250.0	 1550.0	   38.7	    0.0	    0.0	1	  362.1	 21	    0.0	    0.0	
  141	  14.10	    0.0	 1500.0	   68.1	    0.0	 1500.0	    0.0	  200.0	    0.0	 1500.0	    0.0	  200.0	  100.0	   38.2	    0.0	    0.0	    0.0	    0.0	    9.4	  1	-1250.0	 1550.0	   38.2	    0.0	    0.0	1	  361.3	 21	    0.0	    0.0	
  142	  14.20	    0.0	 1500.0	   73.2	    0.0	 1500.0	    0.0	  200.0	    0.0	 1500.0	    0.0	  200.0	  100.0	   37.7	    0.0	    0.0	    0.0	    0.0	    9.5	  1	-1250.0	 1550.0	   37.7	    0.0	    0.0	1	  360.5	 21	    0.0	    0.0	
  143	  14.30	    0.0	 1500.0	   77.5	    0.0	 1500.0	    0.0	  200.0	    0.0	 1500.0	    0.0	  200.0	  100.0	   37.2	    0.0	    0.0	    0.0	    0.0	    9.6	  1	-1250.0	 1550.0	   37.2	    0.0	    0.0	1	  359.8	 21	    0.0	    0.0	
  144	  14.40	  435.4	 1493.9	   80.9	    0.0	 1500.0	    0.0	  200.0	    0.0	 1500.0	    0.0	  200.0	  100.0	   36.7	    0.0	    0.0	    0.0	    0.0	    9.5	  1	 1250.0	 1450.0	   36.7	    0.0	    0.0	1	  300.0	 21	 1398.2	   19.8	
  145	  14.50	  435.4	 1493.9	   -0.4	    0.0	 1500.0	    0.0	  200.0	    0.0	 1500.0	    0.0	  200.0	  100.0	   36.3	    0.0	    0.0	    0.0	    0.0	    9.5	  1	 1250.0	 1450.0	   36.3	    0.0	    0.0	1	  300.0	 21	 1396.3	   19.6	
  146	  14.60	  435.4	 1493.9	   -0.6	 1183.0	 1034.2	    0.0	  200.0	    0.0	 1500.0	    0.0	  200.0	  100.0	   45.4	    0.0	    0.0	    0.0	    0.1	    9.5	  1	 1950.0	  850.0	   45.4	    0.0	    0.1	1	  420.9	 21	 1210.0	 -190.0	
  147	  14.70	  435.4	 1493.9	    4.3	 1183.0	 1034.2	    0.0	  200.0	    0.0	 1500.0	    0.0	  200.0	  100.0	   45.0	    0.0	    0.0	    0.0	    0.3	    9.6	  1	 1250.0	 1850.0	   45.0	    0.0	    0.3	1	  301.6	 21	    0.0	    0.0	
  148	  14.80	  435.4	 1493.9	    5.3	 1183.0	 1034.2	    0.0	  200.0	    0.0	 1500.0	    0.0	  200.0	  100.0	   44.6	    0.0	    0.0	    0.0	    0.4	    9.6	  1	 1250.0	 1850.0	   44.6	    0.0	    0.4	1	  301.9	 21	    0.0	    0.0	
  149	  14.90	  435.4	 1493.9	    5.3	 1183.0	 1034.2	    0.0	  200.0	    0.0	 1500.0	    0.0	  200.0	  100.0	   44.2	    0.0	    0.0	    0.0	    0.6	    9.7	  1	 1250.0	 1850.0	   44.2	    0.0	    0.6	1	  302.2	 21	    0.0	    0.0	
  150	  15.00	  435.4	 1493.9	    5.4	 1183.0	 1034.2	    0.0	  200.0	    0.0	 1500.0	    0.0	  200.0	  100.0	   43.8	    0.0	    0.0	    0.0	    0.7	    9.7	  1	 1250.0	 1850.0	   43.8	    0.0	    0.7	1	  302.5	 21	    0.0	    0.0	
  151	  15.10	  435.4	 1493.9	    5.4	 1183.0	 1034.2	    0.0	  200.0	    0.0	 1500.0	    0.0	  200.0	  100.0	   43.4	    0.0	    0.0	    0.0	    0.9	    9.8	  1	 1250.0	 1850.0	   43.4	    0.0	    0.9	1	  302.8	 21	    0.0	    0.0	
  152	  15.20	  435.4	 1493.9	    5.4	 1183.0	 1034.2	    0.0	  200.0	    0.0	 1500.0	    0.0	  200.0	  100.0	   43.0	    0.0	    0.0	    0.0	    1.0	    9.8	  1	 1250.0	 1850.0	   43.0	    0.0	    1.0	1	  303.1	 21	    0.0	    0.0	
  153	  15.30	  435.4	 1493.9	    5.5	 1183.0	 1034.2	    0.0	  200.0	    0.0	 1500.0	    0.0	  200.0	  100.0	   42.6	    0.0	    0.0	    0.0	    1.1	    9.9	  1	 1250.0	 1850.0	   42.6	    0.0	    1.1	1	  303.4	 21	    0.0	    0.0	
  154	  15.40	  435.4	 1493.9	    5.5	 1183.0	 1034.2	    0.0	  200.0	    0.0	 1500.0	    0.0	  200.0	  100.0	   42.2	    0.0	    0.0	    0.0	    1.3	   10.0	  1	 1250.0	 1850.0	   42.2	    0.0	    1.3	1	  303.7	 21	    0.0	    0.0	
  155	  15.50	  435.4	 1493.9	    5.6	 1183.0	 1034.2	    0.0	  200.0	    0.0	 1500.0	    0.0	  200.0	  100.0	   41.8	    0.0	    0.0	    0.0	    1.4	   10.0	  1	 1250.0	 1850.0	   41.8	    0.0	    1.4	1	  304.0	 21	 1399.5	   19.9	
  156	  15.60	  435.4	 1493.9	    5.7	 1183.0	 1034.2	    0.0	  200.0	    0.0	 1500.0	    0.0	  200.0	  100.0	   41.4	    0.0	    0.0	    0.0	    1.6	   10.1	  1	 1250.0	 1850.0	   41.4	    0.0	    1.6	1	  304.2	 21	 1398.3	   19.8	
  157	  15.70	  435.4	 1493.9	    5.9	 1194.4	 1064.5	    0.0	  200.0	    0.0	 1500.0	    0.0	  200.0	  100.0	   40.9	    0.0	    0.0	    0.0	    1.7	   10.1	  1	 1250.0	 1850.0	   40.9	    0.0	    1.7	1	  307.2	 21	 1397.3	   19.7	
  158	  15.80	  435.4	 1493.9	    8.8	 1194.4	 1064.5	    0.0	  200.0	    0.0	 1500.0	    0.0	  200.0	  100.0	   40.5	    0.0	    0.0	    0.0	    1.9	   10.2	  1	 1250.0	 1850.0	   40.5	    0.0	    1.9	1	  307.5	 21	 1396.1	   19.6	
  159	  15.90	  435.4	 1493.9	    8.9	 1194.4	 1064.5	    0.0	  200.0	    0.0	 1500.0	    0.0	  200.0	  100.0	   40.1	    0.0	    0.0	    0.0	    2.0	   10.3	  1	 1250.0	 1850.0	   40.1	    0.0	    2.0	1	  307.8	 21	 1394.8	   19.5	
  160	  16.00	  435.4	 1493.9	    9.1	 1194.4	 1064.5	    0.0	  200.0	    0.0	 1500.0	    0.0	  200.0	  100.0	   39.7	    0.0	    0.0	    0.0	    2.1	   10.3	  1	 1250.0	 1850.0	   39.7	    0.0	    2.1	1	  308.0	 21	 1393.6	   19.4	
  161	  16.10	  435.4	 1493.9	    9.4	 1194.4	 1064.5	    0.0	  200.0	    0.0	 1500.0	    0.0	  200.0	  100.0	   39.3	    0.0	    0.0	    0.0	    2.3	   10.4	  1	 1250.0	 1850.0	   39.3	    0.0	    2.3	1	  308.3	 21	 1392.5	   19.2	
  162	  16.20	  435.4	 1493.9	    9.7	 1235.6	 1098.3	    0.0	  200.0	    0.0	 1500.0	    0.0	  200.0	  100.0	   40.0	    0.0	    0.0	    0.0	    2.4	   10.5	  1	 1250.0	 1850.0	   40.0	    0.0	    2.4	1	  320.6	 21	 1383.1	  -16.9	
  163	  16.30	  435.4	 1493.9	    9.0	 1194.4	 1064.5	    0.0	  200.0	    0.0	 1500.0	    0.0	  200.0	  100.0	   39.6	    0.0	    0.0	    0.0	    2.6	   10.5	  1	 1250.0	 1850.0	   39.6	    0.0	    2.6	1	  303.5	 21	 1395.0	   19.5	
  164	  16.40	  435.4	 1493.9	  -36.9	 1235.6	 1098.3	    0.0	  200.0	    0.0	 1500.0	    0.0	  200.0	  100.0	   40.3	    0.0	    0.0	    0.0	    2.7	   10.6	  1	 1250.0	 1850.0	   40.3	    0.0	    2.7	1	  321.5	 21	 1383.2	  -16.8	
  165	  16.50	  435.4	 1493.9	 -171.8	 1235.6	 1098.3	    0.0	  200.0	    0.0	 1500.0	    0.0	  200.0	  100.0	   39.9	    0.0	    0.0	    0.0	    2.9	   10.7	  1	 1250.0	 1850.0	   39.9	    0.0	    2.9	1	  316.3	 21	 1393.9	   19.4	
  166	  16.60	  435.4	 1493.9	 -171.3	 1235.6	 1098.3	    0.0	  200.0	    0.0	 1500.0	    0.0	  200.0	  100.0	   39.5	    0.0	    0.0	    0.0	    3.0	   10.7	  1	 1250.0	 1850.0	   39.5	    0.0	    3.0	1	  316.5	 21	 1392.8	   19.3	
  167	  16.70	  435.4	 1493.9	 -171.4	 1235.6	 1098.3	    0.0	  200.0	    0.0	 1500.0	    0.0	  200.0	  100.0	   39.1	    0.0	    0.0	    0.0	    3.2	   10.8	  1	 1250.0	 1850.0	   39.1	    0.0	    3.2	1	  316.8	 21	 1391.7	   19.2	
  168	  16.80	  435.4	 1493.9	 -171.4	 1235.6	 1098.3	    0.0	  200.0	    0.0	 1500.0	    0.0	  200.0	  100.0	   38.7	    0.0	    0.0	    0.0	    3.3	   10.9	  1	 1250.0	 1850.0	   38.7	    0.0	    3.3	1	  317.1	 21	 1390.6	   19.1	
  169	  16.90	  435.4	 1493.9	 -171.4	 1415.2	 1123.7	    0.0	  200.0	    0.0	 1500.0	    0.0	  200.0	  100.0	   41.5	    0.0	    0.0	    0.0	    3.5	   11.0	  1	 1250.0	 1950.0	   41.5	    0.0	    3.5	1	  345.6	 21	 1316.2	  -83.8	
  170	  17.00	  435.4	 1493.9	 -169.6	 1415.2	 1123.7	    0.0	  200.0	    0.0	 1500.0	    0.0	  200.0	  100.0	   41.1	    0.0	    0.0	    0.0	    3.7	   11.0	  1	 1250.0	 1950.0	   41.1	    0.0	    3.7	1	  329.2	 21	 1388.1	   18.8	
  171	  17.10	  435.4	 1493.9	 -168.5	 1415.2	 1123.7	    0.0	  200.0	    0.0	 1500.0	    0.0	  200.0	  100.0	   40.7	    0.0	    0.0	    0.0	    3.9	   11.1	  1	 1250.0	 1950.0	   40.7	    0.0	    3.9	1	  329.7	 21	 1387.3	   18.7	
  172	  17.20	  435.4	 1493.9	 -168.5	 1415.2	 1123.7	    0.0	  200.0	    0.0	 1500.0	    0.0	  200.0	  100.0	   40.4	    0.0	    0.0	    0.0	    4.2	   11.2	  1	 1250.0	 1950.0	   40.4	    0.0	    4.2	1	  330.1	 21	 1386.5	   18.7	
  173	  17.30	  435.4	 1493.9	 -168.6	 1235.6	 1098.3	    0.0	  200.0	    0.0	 1500.0	    0.0	  200.0	  100.0	   39.9	    0.0	    0.0	    0.0	    4.3	   11.2	  1	 1250.0	 1850.0	   39.9	    0.0	    4.3	1	  301.7	 21	    0.0	    0.0	
  174	  17.40	  435.4	 1493.9	 -172.8	 1415.2	 1123.7	    0.0	  200.0	    0.0	 1500.0	    0.0	  200.0	  100.0	   42.7	    0.0	    0.0	    0.0	    4.5	   11.3	  1	 1250.0	 1950.0	   42.7	    0.0	    4.5	1	  349.5	 21	 1315.6	  -84.4	
  175	  17.50	  435.4	 1493.9	 -171.0	 1415.2	 1123.7	    0.0	  200.0	    0.0	 1500.0	    0.0	  200.0	  100.0	   42.3	    0.0	    0.0	    0.0	    4.7	   11.4	  1	 1250.0	 1950.0	   42.3	    0.0	    4.7	1	  332.7	 21	 1392.9	   19.3	
  176	  17.60	  435.4	 1493.9	 -166.8	 1415.2	 1123.7	    0.0	  200.0	    0.0	 1500.0	    0.0	  200.0	  100.0	   42.0	    0.0	    0.0	    0.0	    5.0	   11.4	  1	 1250.0	 1950.0	   42.0	    0.0	    5.0	1	  333.2	 21	 1392.1	   19.2	
  177	  17.70	  435.4	 1493.9	 -167.0	 1360.4	 1060.6	    0.0	  200.0	    0.0	 1500.0	    0.0	  200.0	  100.0	   41.6	    0.0	    0.0	    0.0	    5.2	   11.5	  1	 1250.0	 1850.0	   41.6	    0.0	    5.2	1	  328.1	 21	 1394.8	   19.5	
  178	  17.80	  435.4	 1493.9	 -162.5	 1360.4	 1060.6	    0.0	  200.0	    0.0	 1500.0	    0.0	  200.0	  100.0	   41.2	    0.0	    0.0	    0.0	    5.4	   11.6	  1	 1250.0	 1850.0	   41.2	    0.0	    5.4	1	  337.0	 21	 1392.4	   19.2	
  179	  17.90	  435.4	 1493.9	 -166.9	 1360.4	 1060.6	    0.0	  200.0	    0.0	 1500.0	    0.0	  200.0	  100.0	   40.8	    0.0	    0.0	    0.0	    5.6	   11.6	  1	 1250.0	 1850.0	   40.8	    0.0	    5.6	1	  337.4	 21	 1391.6	   19.2	
  180	  18.00	  435.4	 1493.9	 -167.2	 1360.4	 1060.6	    0.0	  200.0	    0.0	 1500.0	    0.0	  200.0	  100.0	   40.5	    0.0	    0.0	    0.0	    5.8	   11.7	  1	 1250.0	 1850.0	   40.5	    0.0	    5.8	1	  337.9	 21	 1390.8	   19.1	
  181	  18.10	  435.4	 1493.9	 -167.5	 1360.4	 1060.6	    0.0	  200.0	    0.0	 1500.0	    0.0	  200.0	  100.0	   40.1	    0.0	    0.0	    0.0	    6.0	   11.8	  1	 1250.0	 1850.0	   40.1	    0.0	    6.0	1	  338.3	 21	 1390.0	   19.0	
  182	  18.20	  435.4	 1493.9	 -168.0	 1360.4	 1060.6	    0.0	  200.0	    0.0	 1500.0	    0.0	  200.0	  100.0	   39.7	    0.0	    0.0	    0.0	    6.2	   11.8	  1	 1250.0	 1850.0	   39.7	    0.0	    6.2	1	  338.7	 21	 1389.3	   18.9	
  183	  18.30	  435.4	 1493.9	 -168.7	 1100.4	 1028.2	    0.0	  200.0	    0.0	 1500.0	    0.0	  200.0	  100.0	   39.2	    0.0	    0.0	    0.0	    6.3	   11.9	  1	  750.0	  350.0	   39.2	    0.0	    6.3	1	  307.9	 21	    0.0	    0.0	
  184	  18.40	  435.4	 1493.9	  -96.4	 1100.4	 1028.2	    0.0	  200.0	    0.0	 1500.0	    0.0	  200.0	  100.0	   38.8	    0.0	    0.0	    0.0	    6.4	   12.0	  1	 1350.0	 1750.0	   38.8	    0.0	    6.4	1	  313.1	 21	 1399.5	   19.9	
  185	  18.50	  435.4	 1493.9	  107.9	 1360.4	 1060.6	    0.0	  200.0	    0.0	 1500.0	    0.0	  200.0	  100.0	   42.7	    0.0	    0.0	    0.0	    6.6	   12.0	  1	 1350.0	 1850.0	   42.7	    0.0	    6.6	1	  366.3	 21	 1284.9	 -115.1	
  186	  18.60	  435.4	 1493.9	  128.5	 1360.4	 1060.6	    0.0	  200.0	    0.0	 1500.0	    0.0	  200.0	  100.0	   42.3	    0.0	    0.0	    0.0	    6.8	   12.1	  1	 1250.0	 1850.0	   42.3	    0.0	    6.8	1	  342.0	 21	 1397.2	   19.7	
  187	  18.70	  435.4	 1493.9	  151.1	 1100.4	 1028.2	    0.0	  200.0	    0.0	 1500.0	    0.0	  200.0	  100.0	   41.9	    0.0	    0.0	    0.0	    6.9	   12.2	  1	  750.0	  350.0	   41.9	    0.0	    6.9	1	  308.9	 21	    0.0	    0.0	
  188	  18.80	  435.4	 1493.9	  -89.9	 1100.4	 1028.2	    0.0	  200.0	    0.0	 1500.0	    0.0	  200.0	  100.0	   41.5	    0.0	    0.0	    0.0	    7.0	   12.2	  1	 1350.0	 1750.0	   41.5	    0.0	    7.0	1	  314.6	 21	    0.0	    0.0	
  189	  18.90	  435.4	 1493.9	   92.1	 1100.4	 1028.2	    0.0	  200.0	    0.0	 1500.0	    0.0	  200.0	  100.0	   41.0	    0.0	    0.0	    0.0	    7.2	   12.3	  1	 1350.0	 1750.0	   41.0	    0.0	    7.2	1	  314.8	 21	    0.0	    0.0	
  190	  19.00	  435.4	 1493.9	   17.6	 1100.4	 1028.2	    0.0	  200.0	    0.0	 1500.0	    0.0	  200.0	  100.0	   40.6	    0.0	    0.0	    0.0	    7.3	   12.4	  1	 1350.0	 1750.0	   40.6	    0.0	    7.3	1	  315.1	 21	    0.0	    0.0	
  191	  19.10	  435.4	 1493.9	   10.9	 1100.4	 1028.2	    0.0	  200.0	    0.0	 1500.0	    0.0	  200.0	  100.0	   40.2	    0.0	    0.0	    0.0	    7.4	   12.4	  1	 1350.0	 1750.0	   40.2	    0.0	    7.4	1	  315.3	 21	    0.0	    0.0	
  192	  19.20	  435.4	 1493.9	   10.8	 1100.4	 1028.2	    0.0	  200.0	    0.0	 1500.0	    0.0	  200.0	  100.0	   39.8	    0.0	    0.0	    0.0	    7.5	   12.5	  1	 1350.0	 1750.0	   39.8	    0.0	    7.5	1	  315.6	 21	    0.0	    0.0	
  193	  19.30	  435.4	 1493.9	   10.8	 1100.4	 1028.2	    0.0	  200.0	    0.0	 1500.0	    0.0	  200.0	  100.0	   39.4	    0.0	    0.0	    0.0	    7.6	   12.6	  1	 1350.0	 1750.0	   39.4	    0.0	    7.6	1	  315.8	 21	    0.0	    0.0	
  194	  19.40	  435.4	 1493.9	   10.9	 1165.3	 1097.4	    0.0	  200.0	    0.0	 1500.0	    0.0	  200.0	  100.0	   40.9	    0.0	    0.0	    0.0	    7.8	   12.6	  1	 1250.0	 1850.0	   40.9	    0.0	    7.8	1	  328.0	 21	 1362.9	  -37.1	
  195	  19.50	  435.4	 1493.9	   16.3	 1165.3	 1097.4	    0.0	  200.0	    0.0	 1500.0	    0.0	  200.0	  100.0	   40.5	    0.0	    0.0	    0.0	    7.9	   12.7	  1	 1250.0	 1850.0	   40.5	    0.0	    7.9	1	  318.8	 21	    0.0	    0.0	
  196	  19.60	  435.4	 1493.9	   14.9	 1165.3	 1097.4	    0.0	  200.0	    0.0	 1500.0	    0.0	  200.0	  100.0	   40.1	    0.0	    0.0	    0.0	    8.0	   12.8	  1	 1250.0	 1850.0	   40.1	    0.0	    8.0	1	  319.0	 21	    0.0	    0.0	
  197	  19.70	  435.4	 1493.9	   14.6	 1165.3	 1097.4	    0.0	  200.0	    0.0	 1500.0	    0.0	  200.0	  100.0	   39.6	    0.0	    0.0	    0.0	    8.1	   12.8	  1	 1250.0	 1850.0	   39.6	    0.0	    8.1	1	  319.2	 21	    0.0	    0.0	
  198	  19.80	  435.4	 1493.9	   14.7	 1165.3	 1097.4	    0.0	  200.0	    0.0	 1500.0	    0.0	  200.0	  100.0	   39.2	    0.0	    0.0	    0.0	    8.2	   12.9	  1	 1250.0	 1850.0	   39.2	    0.0	    8.2	1	  319.5	 21	    0.0	    0.0	
  199	  19.90	  435.4	 1493.9	   14.8	 1165.3	 1097.4	    0.0	  200.0	    0.0	 1500.0	    0.0	  200.0	  100.0	   38.8	    0.0	    0.0	    0.0	    8.4	   13.0	  1	 1250.0	 1850.0	   38.8	    0.0	    8.4	1	  319.7	 21	    0.0	    0.0	
  200	  20.00	  435.4	 1493.9	   15.1	 1174.0	 1118.0	    0.0	  200.0	    0.0	 1500.0	    0.0	  200.0	  100.0	   38.4	    0.0	    0.0	    0.0	    8.5	   13.1	  1	 1350.0	 1850.0	   38.4	    0.0	    8.5	1	  320.4	 21	 1399.4	   19.9	
  201	  20.10	  435.4	 1493.9	    8.7	 1174.0	 1118.0	    0.0	  200.0	    0.0	 1500.0	    0.0	  200.0	  100.0	   38.0	    0.0	    0.0	    0.0	    8.6	   13.1	  1	 1350.0	 1850.0	   38.0	    0.0	    8.6	1	  320.6	 21	 1398.3	   19.8	
  202	  20.20	  435.4	 1493.9	    9.7	 1174.0	 1118.0	    0.0	  200.0	    0.0	 1500.0	    0.0	  200.0	  100.0	   37.6	    0.0	    0.0	    0.0	    8.7	   13.2	  1	 1350.0	 1850.0	   37.6	    0.0	    8.7	1	  320.9	 21	 1397.3	   19.7	
  203	  20.30	  435.4	 1493.9	   10.1	 1174.0	 1118.0	    0.0	  200.0	    0.0	 1500.0	    0.0	  200.0	  100.0	   37.1	    0.0	    0.0	    0.0	    8.9	   13.3	  1	 1350.0	 1850.0	   37.1	    0.0	    8.9	1	  321.1	 21	 1396.3	   19.6	
  204	  20.40	  435.4	 1493.9	   10.5	 1174.0	 1118.0	    0.0	  200.0	    0.0	 1500.0	    0.0	  200.0	  100.0	   36.7	    0.0	    0.0	    0.0	    9.0	   13.3	  1	 1350.0	 1850.0	   36.7	    0.0	    9.0	1	  321.4	 21	 1395.3	   19.5	
  205	  20.50	  435.4	 1493.9	   10.9	 1174.0	 1118.0	    0.0	  200.0	    0.0	 1500.0	    0.0	  200.0	  100.0	   36.3	    0.0	    0.0	    0.0	    9.1	   13.4	  1	 1350.0	 1850.0	   36.3	    0.0	    9.1	1	  321.6	 21	 1394.3	   19.4	
  206	  20.60	  435.4	 1493.9	   11.6	 1174.0	 1118.0	    0.0	  200.0	    0.0	 1500.0	    0.0	  200.0	  100.0	   35.9	    0.0	    0.0	    0.0	    9.2	   13.5	  1	 1350.0	 1850.0	   35.9	    0.0	    9.2	1	  321.9	 21	 1393.4	   19.3	
  207	  20.70	  435.4	 1493.9	   12.8	 1190.1	 1131.5	    0.0	  200.0	    0.0	 1500.0	    0.0	  200.0	  100.0	   35.5	    0.0	    0.0	    0.0	    9.4	   13.5	  1	 1450.0	 1850.0	   35.5	    0.0	    9.4	1	  322.3	 21	 1392.0	   19.2	
  208	  20.80	  435.4	 1493.9	  -77.0	 1190.1	 1131.5	    0.0	  200.0	    0.0	 1500.0	    0.0	  200.0	  100.0	   35.1	    0.0	    0.0	    0.0	    9.5	   13.6	  1	 1450.0	 1850.0	   35.1	    0.0	    9.5	1	  322.5	 21	 1391.1	   19.1	
  209	  20.90	  435.4	 1493.9	 -169.4	 1190.1	 1131.5	    0.0	  200.0	    0.0	 1500.0	    0.0	  200.0	  100.0	   34.6	    0.0	    0.0	    0.0	    9.6	   13.7	  1	 1450.0	 1850.0	   34.6	    0.0	    9.6	1	  322.8	 21	 1390.2	   19.0	
  210	  21.00	  435.4	 1493.9	 -169.5	 1190.1	 1131.5	    0.0	  200.0	    0.0	 1500.0	    0.0	  200.0	  100.0	   34.2	    0.0	    0.0	    0.0	    9.7	   13.7	  1	 1450.0	 1850.0	   34.2	    0.0	    9.7	1	  323.1	 21	 1389.3	   18.9	
  211	  21.10	  435.4	 1493.9	 -169.5	 1190.1	 1131.5	    0.0	  200.0	    0.0	 1500.0	    0.0	  200.0	  100.0	   33.8	    0.0	    0.0	    0.0	    9.9	   13.8	  1	 1450.0	 1850.0	   33.8	    0.0	    9.9	1	  323.3	 21	 1388.5	   18.8	
  212	  21.20	  435.4	 1493.9	 -169.5	 1190.1	 1131.5	    0.0	  200.0	    0.0	 1500.0	    0.0	  200.0	  100.0	   33.4	    0.0	    0.0	    0.0	   10.0	   13.9	  1	 1450.0	 1850.0	   33.4	    0.0	   10.0	1	  323.6	 21	 1387.6	   18.8	
  213	  21.30	  435.4	 1493.9	 -169.6	 1190.1	 1131.5	    0.0	  200.0	    0.0	 1500.0	    0.0	  200.0	  100.0	   33.0	    0.0	    0.0	    0.0	   10.1	   13.9	  1	 1450.0	 1850.0	   33.0	    0.0	   10.1	1	  323.8	 21	 1386.8	   18.7	
  214	  21.40	  435.4	 1493.9	 -169.6	 1190.1	 1131.5	    0.0	  200.0	    0.0	 1500.0	    0.0	  200.0	  100.0	   32.6	    0.0	    0.0	    0.0	   10.3	   14.0	  1	 1450.0	 1850.0	   32.6	    0.0	   10.3	1	  324.1	 21	 1386.0	   18.6	
  215	  21.50	  435.4	 1493.9	 -169.6	 1190.1	 1131.5	    0.0	  200.0	    0.0	 1500.0	    0.0	  200.0	  100.0	   32.1	    0.0	    0.0	    0.0	   10.4	   14.1	  1	 1450.0	 1850.0	   32.1	    0.0	   10.4	1	  324.3	 21	 1385.2	   18.5	
  216	  21.60	  435.4	 1493.9	 -169.6	 1190.1	 1131.5	    0.0	  200.0	    0.0	 1500.0	    0.0	  200.0	  100.0	   31.7	    0.0	    0.0	    0.0	   10.5	   14.1	  1	 1450.0	 1850.0	   31.7	    0.0	   10.5	1	  324.6	 21	 1384.4	   18.4	
  217	  21.70	  435.4	 1493.9	 -169.7	 1190.1	 1131.5	    0.0	  200.0	    0.0	 1500.0	    0.0	  200.0	  100.0	   31.3	    0.0	    0.0	    0.0	   10.6	   14.2	  1	 1450.0	 1850.0	   31.3	    0.0	   10.6	1	  324.9	 21	 1383.7	   18.4	
  218	  21.80	  435.4	 1493.9	 -169.8	 1190.1	 1131.5	    0.0	  200.0	    0.0	 1500.0	    0.0	  200.0	  100.0	   30.9	    0.0	    0.0	    0.0	   10.8	   14.3	  1	 1450.0	 1850.0	   30.9	    0.0	   10.8	1	  325.1	 21	 1382.9	   18.3	
  219	  21.90	  435.4	 1493.9	 -169.8	 1190.1	 1131.5	    0.0	  200.0	    0.0	 1500.0	    0.0	  200.0	  100.0	   30.5	    0.0	    0.0	    0.0	   10.9	   14.3	  1	 1450.0	 1850.0	   30.5	    0.0	   10.9	1	  325.4	 21	 1382.2	   18.2	
  220	  22.00	  435.4	 1493.9	 -169.9	 1190.1	 1131.5	    0.0	  200.0	    0.0	 1500.0	    0.0	  200.0	  100.0	   30.1	    0.0	    0.0	    0.0	   11.0	   14.4	  1	 1450.0	 1850.0	   30.1	    0.0	   11.0	1	  325.6	 21	 1381.5	   18.2	
  221	  22.10	  435.4	 1493.9	 -170.1	 1190.1	 1131.5	    0.0	  200.0	    0.0	 1500.0	    0.0	  200.0	  100.0	   29.6	    0.0	    0.0	    0.0	   11.1	   14.5	  1	 1450.0	 1850.0	   29.6	    0.0	   11.1	1	  325.9	 21	 1380.8	   18.1	
  222	  22.20	  435.4	 1493.9	 -170.3	 1190.1	 1131.5	    0.0	  200.0	    0.0	 1500.0	    0.0	  200.0	  100.0	   29.2	    0.0	    0.0	    0.0	   11.3	   14.5	  1	 1450.0	 1850.0	   29.2	    0.0	   11.3	1	  326.1	 21	 1380.2	   18.0	
  223	  22.30	  435.4	 1493.9	 -170.5	 1190.1	 1131.5	    0.0	  200.0	    0.0	 1500.0	    0.0	  200.0	  100.0	   28.8	    0.0	    0.0	    0.0	   11.4	   14.6	  1	 1450.0	 1850.0	   28.8	    0.0	   11.4	1	  326.4	 21	 1379.6	   18.0	
  224	  22.40	  435.4	 1493.9	 -170.9	 1190.1	 1131.5	    0.0	  200.0	    0.0	 1500.0	    0.0	  200.0	  100.0	   28.4	    0.0	    0.0	    0.0	   11.5	   14.7	  1	 1450.0	 1850.0	   28.4	    0.0	   11.5	1	  326.7	 21	 1378.9	   17.9	
  225	  22.50	  435.4	 1493.9	 -171.3	 1190.1	 1131.5	    0.0	  200.0	    0.0	 1500.0	    0.0	  200.0	  100.0	   28.0	    0.0	    0.0	    0.0	   11.7	   14.7	  1	 1450.0	 1850.0	   28.0	    0.0	   11.7	1	  326.9	 21	 1378.4	   17.8	
  226	  22.60	  435.4	 1493.9	 -171.8	 1190.1	 1131.5	    0.0	  200.0	    0.0	 1500.0	    0.0	  200.0	  100.0	   27.6	    0.0	    0.0	    0.0	   11.8	   14.8	  1	 1450.0	 1850.0	   27.6	    0.0	   11.8	1	  327.2	 21	 1377.8	   17.8	
  227	  22.70	  435.4	 1493.9	 -172.5	 1190.1	 1131.5	    0.0	  200.0	    0.0	 1500.0	    0.0	  200.0	  100.0	   27.1	    0.0	    0.0	    0.0	   11.9	   14.9	  1	 1450.0	 1850.0	   27.1	    0.0	   11.9	1	  327.4	 21	 1377.3	   17.7	
  228	  22.80	  435.4	 1493.9	 -173.4	 1190.1	 1131.5	    0.0	  200.0	    0.0	 1500.0	    0.0	  200.0	  100.0	   26.7	    0.0	    0.0	    0.0	   12.0	   14.9	  1	 1450.0	 1850.0	   26.7	    0.0	   12.0	1	  327.7	 21	 1376.7	   17.7	
  229	  22.90	  435.4	 1493.9	 -174.5	 1190.1	 1131.5	    0.0	  200.0	    0.0	 1500.0	    0.0	  200.0	  100.0	   26.3	    0.0	    0.0	    0.0	   12.2	   15.0	  1	 1450.0	 1850.0	   26.3	    0.0	   12.2	1	  327.9	 21	 1376.3	   17.6	
  230	  23.00	  435.4	 1493.9	 -176.0	 1190.1	 1131.5	    0.0	  200.0	    0.0	 1500.0	    0.0	  200.0	  100.0	   25.9	    0.0	    0.0	    0.0	   12.3	   15.1	  1	 1450.0	 1850.0	   25.9	    0.0	   12.3	1	  328.2	 21	 1375.8	   17.6	
  231	  23.10	  435.4	 1493.9	 -177.9	 1190.1	 1131.5	    0.0	  200.0	    0.0	 1500.0	    0.0	  200.0	  100.0	   25.5	    0.0	    0.0	    0.0	   12.4	   15.2	  1	 1450.0	 1850.0	   25.5	    0.0	   12.4	1	  328.4	 21	 1375.4	   17.5	
  232	  23.20	  435.4	 1493.9	  179.7	 1308.6	 1167.8	    0.0	  200.0	    0.0	 1500.0	    0.0	  200.0	  100.0	   27.5	    0.0	    0.0	    0.0	   12.6	   15.2	  1	 1250.0	 1950.0	   27.5	    0.0	   12.6	1	  347.0	 21	 1378.4	  -21.6	
  233	  23.30	  435.4	 1493.9	 -109.0	 1308.6	 1167.8	    0.0	  200.0	    0.0	 1500.0	    0.0	  200.0	  100.0	   27.1	    0.0	    0.0	    0.0	   12.7	   15.3	  1	 1250.0	 1950.0	   27.1	    0.0	   12.7	1	  339.2	 21	 1375.7	   17.6	
  234	  23.40	  435.4	 1493.9	  -95.1	 1308.6	 1167.8	    0.0	  200.0	    0.0	 1500.0	    0.0	  200.0	  100.0	   26.7	    0.0	    0.0	    0.0	   12.9	   15.4	  1	 1250.0	 1950.0	   26.7	    0.0	   12.9	1	  339.5	 21	 1375.4	   17.5	
  235	  23.50	  435.4	 1493.9	  -95.5	 1308.6	 1167.8	    0.0	  200.0	    0.0	 1500.0	    0.0	  200.0	  100.0	   26.3	    0.0	    0.0	    0.0	   13.1	   15.4	  1	 1250.0	 1950.0	   26.3	    0.0	   13.1	1	  339.8	 21	 1375.1	   17.5	
  236	  23.60	  435.4	 1493.9	  -96.0	 1308.6	 1167.8	    0.0	  200.0	    0.0	 1500.0	    0.0	  200.0	  100.0	   25.9	    0.0	    0.0	    0.0	   13.2	   15.5	  1	 1250.0	 1950.0	   25.9	    0.0	   13.2	1	  340.1	 21	 1374.8	   17.5	
  237	  23.70	  435.4	 1493.9	  -96.7	 1308.6	 1167.8	    0.0	  200.0	    0.0	 1500.0	    0.0	  200.0	  100.0	   25.5	    0.0	    0.0	    0.0	   13.4	   15.6	  1	 1250.0	 1950.0	   25.5	    0.0	   13.4	1	  340.4	 21	 1374.6	   17.5	
  238	  23.80	  435.4	 1493.9	  -97.8	 1308.6	 1167.8	    0.0	  200.0	    0.0	 1500.0	    0.0	  200.0	  100.0	   25.1	    0.0	    0.0	    0.0	   13.6	   15.6	  1	 1250.0	 1950.0	   25.1	    0.0	   13.6	1	  340.7	 21	 1374.3	   17.4	
  239	  23.90	  435.4	 1493.9	  -99.3	 1308.6	 1167.8	    0.0	  200.0	    0.0	 1500.0	    0.0	  200.0	  100.0	   24.7	    0.0	    0.0	    0.0	   13.7	   15.7	  1	 1250.0	 1950.0	   24.7	    0.0	   13.7	1	  341.0	 21	 1374.1	   17.4	
  240	  24.00	  435.4	 1493.9	 -101.7	 1308.6	 1167.8	    0.0	  200.0	    0.0	 1500.0	    0.0	  200.0	  100.0	   24.3	    0.0	    0.0	    0.0	   13.9	   15.8	  1	 1250.0	 1950.0	   24.3	    0.0	   13.9	1	  341.3	 21	 1374.0	   17.4	
  241	  24.10	  435.4	 1493.9	 -106.0	 1308.6	 1167.8	    0.0	  200.0	    0.0	 1500.0	    0.0	  200.0	  100.0	   23.9	    0.0	    0.0	    0.0	   14.1	   15.8	  1	 1250.0	 1950.0	   23.9	    0.0	   14.1	1	  341.6	 21	 1373.8	   17.4	
  242	  24.20	  435.4	 1493.9	 -114.5	 1308.6	 1167.8	    0.0	  200.0	    0.0	 1500.0	    0.0	  200.0	  100.0	   23.6	    0.0	    0.0	    0.0	   14.2	   15.9	  1	 1250.0	 1950.0	   23.6	    0.0	   14.2	1	  341.9	 21	 1373.7	   17.4	
  243	  24.30	  435.4	 1493.9	 -136.3	 1308.6	 1167.8	    0.0	  200.0	    0.0	 1500.0	    0.0	  200.0	  100.0	   23.2	    0.0	    0.0	    0.0	   14.4	   16.0	  1	 1250.0	 1950.0	   23.2	    0.0	   14.4	1	  342.2	 21	 1373.6	   17.4	
  244	  24.40	  435.4	 1493.9	  170.5	 1308.6	 1167.8	    0.0	  200.0	    0.0	 1500.0	    0.0	  200.0	  100.0	   22.8	    0.0	    0.0	    0.0	   14.6	   16.0	  1	 1250.0	 1950.0	   22.8	    0.0	   14.6	1	  342.5	 21	 1373.5	   17.4	
  245	  24.50	  435.4	 1493.9	  129.7	 1213.8	 1172.1	    0.0	  200.0	    0.0	 1500.0	    0.0	  200.0	  100.0	   22.3	    0.0	    0.0	    0.0	   14.7	   16.1	  1	 1250.0	 1950.0	   22.3	    0.0	   14.7	1	  325.6	 21	 1377.3	   17.7	
  246	  24.60	  435.4	 1493.9	  100.7	 1213.8	 1172.1	    0.0	  200.0	    0.0	 1500.0	    0.0	  200.0	  100.0	   21.9	    0.0	    0.0	    0.0	   14.8	   16.2	  1	 1250.0	 1950.0	   21.9	    0.0	   14.8	1	  330.2	 21	 1375.3	   17.5	
  247	  24.70	  435.4	 1493.9	   19.0	 1213.8	 1172.1	    0.0	  200.0	    0.0	 1500.0	    0.0	  200.0	  100.0	   21.5	    0.0	    0.0	    0.0	   14.9	   16.2	  1	 1250.0	 1950.0	   21.5	    0.0	   14.9	1	  330.5	 21	 1375.2	   17.5	
  248	  24.80	  435.4	 1493.9	   12.6	 1213.8	 1172.1	    0.0	  200.0	    0.0	 1500.0	    0.0	  200.0	  100.0	   21.1	    0.0	    0.0	    0.0	   15.1	   16.3	  1	 1250.0	 1950.0	   21.1	    0.0	   15.1	1	  330.7	 21	 1375.1	   17.5	
  249	  24.90	  435.4	 1493.9	   12.6	 1213.8	 1172.1	    0.0	  200.0	    0.0	 1500.0	    0.0	  200.0	  100.0	   20.7	    0.0	    0.0	    0.0	   15.2	   16.4	  1	 1250.0	 1950.0	   20.7	    0.0	   15.2	1	  330.9	 21	 1375.0	   17.5	
  250	  25.00	  435.4	 1493.9	   12.6	 1213.8	 1172.1	    0.0	  200.0	    0.0	 1500.0	    0.0	  200.0	  100.0	   20.2	    0.0	    0.0	    0.0	   15.3	   16.4	  1	 1250.0	 1950.0	   20.2	    0.0	   15.3	1	  331.2	 21	 1375.0	   17.5	
  251	  25.10	  435.4	 1493.9	   12.7	 1213.8	 1172.1	    0.0	  200.0	    0.0	 1500.0	    0.0	  200.0	  100.0	   19.8	    0.0	    0.0	    0.0	   15.5	   16.5	  1	 1250.0	 1950.0	   19.8	    0.0	   15.5	1	  331.4	 21	 1375.0	   17.5	
  252	  25.20	  435.4	 1493.9	   12.7	 1213.8	 1172.1	    0.0	  200.0	    0.0	 1500.0	    0.0	  200.0	  100.0	   19.4	    0.0	    0.0	    0.0	   15.6	   16.6	  1	 1250.0	 1950.0	   19.4	    0.0	   15.6	1	  331.7	 21	 1375.1	   17.5	
  253	  25.30	  435.4	 1493.9	   12.8	 1213.8	 1172.1	    0.0	  200.0	    0.0	 1500.0	    0.0	  200.0	  100.0	   19.0	    0.0	    0.0	    0.0	   15.7	   16.6	  1	 1250.0	 1950.0	   19.0	    0.0	   15.7	1	  331.9	 21	 1375.1	   17.5	
  254	  25.40	  435.4	 1493.9	   12.9	 1213.8	 1172.1	    0.0	  200.0	    0.0	 1500.0	    0.0	  200.0	  100.0	   18.6	    0.0	    0.0	    0.0	   15.8	   16.7	  1	 1250.0	 1950.0	   18.6	    0.0	   15.8	1	  332.1	 21	 1375.3	   17.5	
  255	  25.50	  435.4	 1493.9	   13.1	 1213.8	 1172.1	    0.0	  200.0	    0.0	 1500.0	    0.0	  200.0	  100.0	   18.2	    0.0	    0.0	    0.0	   16.0	   16.8	  1	 1250.0	 1950.0	   18.2	    0.0	   16.0	1	  332.4	 21	 1375.4	   17.5	
  256	  25.60	  435.4	 1493.9	   13.2	 1213.8	 1172.1	    0.0	  200.0	    0.0	 1500.0	    0.0	  200.0	  100.0	   17.8	    0.0	    0.0	    0.0	   16.1	   16.8	  1	 1250.0	 1950.0	   17.8	    0.0	   16.1	1	  332.6	 21	 1375.6	   17.6	
  257	  25.70	  435.4	 1493.9	   13.5	 1213.8	 1172.1	    0.0	  200.0	    0.0	 1500.0	    0.0	  200.0	  100.0	   17.3	    0.0	    0.0	    0.0	   16.2	   16.9	  1	 1250.0	 1950.0	   17.3	    0.0	   16.2	1	  332.8	 21	 1375.9	   17.6	
  258	  25.80	  435.4	 1493.9	   13.8	 1213.8	 1172.1	    0.0	  200.0	    0.0	 1500.0	    0.0	  200.0	  100.0	   16.9	    0.0	    0.0	    0.0	   16.4	   17.0	  1	 1250.0	 1950.0	   16.9	    0.0	   16.4	1	  333.1	 21	 1376.1	   17.6	
  259	  25.90	  435.4	 1493.9	   14.4	 1213.8	 1172.1	    0.0	  200.0	    0.0	 1500.0	    0.0	  200.0	  100.0	   16.5	    0.0	    0.0	    0.0	   16.5	   17.0	  1	 1550.0	 1850.0	   16.5	    0.0	   16.5	1	  338.3	 21	 1376.5	   17.6	
  260	  26.00	  435.4	 1493.9	  -32.0	 1213.8	 1172.1	    0.0	  200.0	    0.0	 1500.0	    0.0	  200.0	  100.0	   16.1	    0.0	    0.0	    0.0	   16.6	   17.1	  1	 1550.0	 1850.0	   16.1	    0.0	   16.6	1	  338.6	 21	 1376.8	   17.7	
  261	  26.10	  435.4	 1493.9	 -165.0	 1213.8	 1172.1	    0.0	  200.0	    0.0	 1500.0	    0.0	  200.0	  100.0	   15.7	    0.0	    0.0	    0.0	   16.7	   17.2	  1	 1550.0	 1850.0	   15.7	    0.0	   16.7	1	  338.8	 21	 1377.2	   17.7	
  262	  26.20	  435.4	 1493.9	 -168.1	 1213.8	 1172.1	    0.0	  200.0	    0.0	 1500.0	    0.0	  200.0	  100.0	   15.3	    0.0	    0.0	    0.0	   16.9	   17.2	  1	 1550.0	 1850.0	   15.3	    0.0	   16.9	1	  339.1	 21	 1377.7	   17.8	
  263	  26.30	  435.4	 1493.9	 -168.1	 1213.8	 1172.1	    0.0	  200.0	    0.0	 1500.0	    0.0	  200.0	  100.0	   14.9	    0.0	    0.0	    0.0	   17.0	   17.3	  1	 1550.0	 1850.0	   14.9	    0.0	   17.0	1	  339.3	 21	 1378.2	   17.8	
  264	  26.40	  435.4	 1493.9	 -168.2	 1213.8	 1172.1	    0.0	  200.0	    0.0	 1500.0	    0.0	  200.0	  100.0	   14.4	    0.0	    0.0	    0.0	   17.1	   17.4	  1	 1550.0	 1850.0	   14.4	    0.0	   17.1	1	  339.6	 21	 1378.7	   17.9	
  265	  26.50	  435.4	 1493.9	 -168.2	 1213.8	 1172.1	    0.0	  200.0	    0.0	 1500.0	    0.0	  200.0	  100.0	   14.0	    0.0	    0.0	    0.0	   17.3	   17.5	  1	 1550.0	 1850.0	   14.0	    0.0	   17.3	1	  339.8	 21	 1379.3	   17.9	
  266	  26.60	  435.4	 1493.9	 -168.2	 1213.8	 1172.1	    0.0	  200.0	    0.0	 1500.0	    0.0	  200.0	  100.0	   13.6	    0.0	    0.0	    0.0	   17.4	   17.5	  1	 1550.0	 1850.0	   13.6	    0.0	   17.4	1	  340.1	 21	 1380.0	   18.0	
  267	  26.70	  435.4	 1493.9	 -168.2	 1213.8	 1172.1	    0.0	  200.0	    0.0	 1500.0	    0.0	  200.0	  100.0	   13.2	    0.0	    0.0	    0.0	   17.5	   17.6	  1	 1550.0	 1850.0	   13.2	    0.0	   17.5	1	  340.3	 21	 1380.7	   18.1	
  268	  26.80	  435.4	 1493.9	 -168.3	 1212.0	 1122.8	    0.0	  200.0	    0.0	 1500.0	    0.0	  200.0	  100.0	   12.8	    0.0	    0.0	    0.0	   17.7	   17.7	  1	 1450.0	 1850.0	   12.8	    0.0	   17.7	1	  342.1	 21	 1381.3	   18.1	
  269	  26.90	  435.4	 1493.9	 -167.2	 1213.8	 1172.1	    0.0	  200.0	    0.0	 1500.0	    0.0	  200.0	  100.0	   12.4	    0.0	    0.0	    0.0	   17.8	   17.7	  1	 1550.0	 1850.0	   12.4	    0.0	   17.8	1	  340.9	 21	 1382.2	   18.2	
  270	  27.00	  435.4	 1493.9	 -168.8	 1212.0	 1122.8	    0.0	  200.0	    0.0	 1500.0	    0.0	  200.0	  100.0	   12.0	    0.0	    0.0	    0.0	   17.9	   17.8	  1	 1450.0	 1850.0	   12.0	    0.0	   17.9	1	  342.7	 21	 1383.0	   18.3	
  271	  27.10	  435.4	 1493.9	 -166.9	 1212.0	 1122.8	    0.0	  200.0	    0.0	 1500.0	    0.0	  200.0	  100.0	   11.5	    0.0	    0.0	    0.0	   18.1	   17.9	  1	 1450.0	 1850.0	   11.5	    0.0	   18.1	1	  342.9	 21	 1383.9	   18.4	
  272	  27.20	  435.4	 1493.9	 -167.0	 1212.0	 1122.8	    0.0	  200.0	    0.0	 1500.0	    0.0	  200.0	  100.0	   11.1	    0.0	    0.0	    0.0	   18.2	   17.9	  1	 1450.0	 1850.0	   11.1	    0.0	   18.2	1	  343.2	 21	 1384.9	   18.5	
  273	  27.30	  435.4	 1493.9	 -167.1	 1212.0	 1122.8	    0.0	  200.0	    0.0	 1500.0	    0.0	  200.0	  100.0	   10.7	    0.0	    0.0	    0.0	   18.3	   18.0	  1	 1450.0	 1850.0	   10.7	    0.0	   18.3	1	  343.5	 21	 1385.9	   18.6	
  274	  27.40	  435.4	 1493.9	 -167.3	 1212.0	 1122.8	    0.0	  200.0	    0.0	 1500.0	    0.0	  200.0	  100.0	   10.3	    0.0	    0.0	    0.0	   18.5	   18.1	  1	 1450.0	 1850.0	   10.3	    0.0	   18.5	1	  343.7	 21	 1387.1	   18.7	
  275	  27.50	  435.4	 1493.9	 -167.5	 1212.0	 1122.8	    0.0	  200.0	    0.0	 1500.0	    0.0	  200.0	  100.0	    9.9	    0.0	    0.0	    0.0	   18.6	   18.1	  1	 1450.0	 1850.0	    9.9	    0.0	   18.6	1	  344.0	 21	 1388.2	   18.8	
  276	  27.60	  435.4	 1493.9	 -167.8	 1212.0	 1122.8	    0.0	  200.0	    0.0	 1500.0	    0.0	  200.0	  100.0	    9.5	    0.0	    0.0	    0.0	   18.7	   18.2	  1	 1450.0	 1850.0	    9.5	    0.0	   18.7	1	  344.3	 21	 1389.5	   18.9	
  277	  27.70	  435.4	 1493.9	 -168.1	 1212.0	 1122.8	    0.0	  200.0	    0.0	 1500.0	    0.0	  200.0	  100.0	    9.1	    0.0	    0.0	    0.0	   18.9	   18.3	  1	 1450.0	 1850.0	    9.1	    0.0	   18.9	1	  344.5	 21	 1390.8	   19.1	
  278	  27.80	  435.4	 1493.9	 -168.6	 1212.0	 1122.8	    0.0	  200.0	    0.0	 1500.0	    0.0	  200.0	  100.0	    8.7	    0.0	    0.0	    0.0	   19.0	   18.3	  1	 1450.0	 1850.0	    8.7	    0.0	   19.0	1	  344.8	 21	 1392.2	   19.2	
  279	  27.90	  435.4	 1493.9	 -169.2	 1212.0	 1122.8	    0.0	  200.0	    0.0	 1500.0	    0.0	  200.0	  100.0	    8.2	    0.0	    0.0	    0.0	   19.1	   18.4	  1	 1450.0	 1850.0	    8.2	    0.0	   19.1	1	  345.1	 21	 1393.6	   19.4	
  280	  28.00	  435.4	 1493.9	 -170.0	 1212.0	 1122.8	    0.0	  200.0	    0.0	 1500.0	    0.0	  200.0	  100.0	    7.8	    0.0	    0.0	    0.0	   19.3	   18.5	  1	 1450.0	 1850.0	    7.8	    0.0	   19.3	1	  345.3	 21	 1395.1	   19.5	
  281	  28.10	  435.4	 1493.9	 -171.1	 1181.1	 1107.2	    0.0	  200.0	    0.0	 1500.0	    0.0	  200.0	  100.0	    7.4	    0.0	    0.0	    0.0	   19.4	   18.5	  1	 1350.0	 1850.0	    7.4	    0.0	   19.4	1	  342.7	 21	 1396.8	   19.7	
  282	  28.20	  435.4	 1493.9	  135.2	 1181.1	 1107.2	    0.0	  200.0	    0.0	 1500.0	    0.0	  200.0	  100.0	    7.0	    0.0	    0.0	    0.0	   19.5	   18.6	  1	 1350.0	 1850.0	    7.0	    0.0	   19.5	1	  343.0	 21	 1398.4	   19.8	
  283	  28.30	  435.4	 1493.9	  134.8	 1181.1	 1107.2	    0.0	  200.0	    0.0	 1500.0	    0.0	  200.0	  100.0	    6.6	    0.0	    0.0	    0.0	   19.7	   18.7	  1	 1350.0	 1850.0	    6.6	    0.0	   19.7	1	  343.2	 21	    0.0	    0.0	
  284	  28.40	  435.4	 1493.9	  134.1	 1181.1	 1107.2	    0.0	  200.0	    0.0	 1500.0	    0.0	  200.0	  100.0	    6.2	    0.0	    0.0	    0.0	   19.8	   18.7	  1	 1350.0	 1850.0	    6.2	    0.0	   19.8	1	  343.4	 21	    0.0	    0.0	
  285	  28.50	  435.4	 1493.9	  133.3	 1181.1	 1107.2	    0.0	  200.0	    0.0	 1500.0	    0.0	  200.0	  100.0	    5.8	    0.0	    0.0	    0.0	   19.9	   18.8	  1	 1350.0	 1850.0	    5.8	    0.0	   19.9	1	  343.7	 21	    0.0	    0.0	
  286	  28.60	  435.4	 1493.9	  132.3	 1181.1	 1107.2	    0.0	  200.0	    0.0	 1500.0	    0.0	  200.0	  100.0	    5.3	    0.0	    0.0	    0.0	   20.1	   18.9	  1	 1350.0	 1850.0	    5.3	    0.0	   20.1	1	  343.9	 21	    0.0	    0.0	
  287	  28.70	  435.4	 1493.9	  131.1	 1181.1	 1107.2	    0.0	  200.0	    0.0	 1500.0	    0.0	  200.0	  100.0	    4.9	    0.0	    0.0	    0.0	   20.2	   18.9	  1	 1350.0	 1850.0	    4.9	    0.0	   20.2	1	  344.2	 21	    0.0	    0.0	
  288	  28.80	  435.4	 1493.9	  129.7	 1181.1	 1107.2	    0.0	  200.0	    0.0	 1500.0	    0.0	  200.0	  100.0	    4.5	    0.0	    0.0	    0.0	   20.3	   19.0	  1	 1350.0	 1850.0	    4.5	    0.0	   20.3	1	  344.4	 21	    0.0	    0.0	
  289	  28.90	  435.4	 1493.9	  128.1	 1181.1	 1107.2	    0.0	  200.0	    0.0	 1500.0	    0.0	  200.0	  100.0	    4.1	    0.0	    0.0	    0.0	   20.4	   19.1	  1	 1350.0	 1850.0	    4.1	    0.0	   20.4	1	  344.7	 21	    0.0	    0.0	
  290	  29.00	  435.4	 1493.9	  126.2	 1181.1	 1107.2	    0.0	  200.0	    0.0	 1500.0	    0.0	  200.0	  100.0	    3.7	    0.0	    0.0	    0.0	   20.6	   19.1	  1	 1350.0	 1850.0	    3.7	    0.0	   20.6	1	  344.9	 21	    0.0	    0.0	
  291	  29.10	  435.4	 1493.9	  124.1	 1181.1	 1107.2	    0.0	  200.0	    0.0	 1500.0	    0.0	  200.0	  100.0	    3.3	    0.0	    0.0	    0.0	   20.7	   19.2	  1	 1350.0	 1850.0	    3.3	    0.0	   20.7	1	  345.1	 21	    0.0	    0.0	
  292	  29.20	  435.4	 1493.9	  121.9	 1181.1	 1107.2	    0.0	  200.0	    0.0	 1500.0	    0.0	  200.0	  100.0	    2.9	    0.0	    0.0	    0.0	   20.8	   19.3	  1	 1350.0	 1850.0	    2.9	    0.0	   20.8	1	  345.4	 21	    0.0	    0.0	
  293	  29.30	  435.4	 1493.9	  119.5	 1181.1	 1107.2	    0.0	  200.0	    0.0	 1500.0	    0.0	  200.0	  100.0	    2.4	    0.0	    0.0	    0.0	   21.0	   19.3	  1	 1350.0	 1850.0	    2.4	    0.0	   21.0	1	  345.6	 21	    0.0	    0.0	
  294	  29.40	  435.4	 1493.9	  117.2	 1181.1	 1107.2	    0.0	  200.0	    0.0	 1500.0	    0.0	  200.0	  100.0	    2.0	    0.0	    0.0	    0.0	   21.1	   19.4	  1	 1350.0	 1850.0	    2.0	    0.0	   21.1	1	  345.9	 21	    0.0	    0.0	
  295	  29.50	  435.4	 1493.9	  115.0	 1181.1	 1107.2	    0.0	  200.0	    0.0	 1500.0	    0.0	  200.0	  100.0	    1.6	    0.0	    0.0	    0.0	   21.2	   19.5	  1	 1350.0	 1850.0	    1.6	    0.0	   21.2	1	  346.1	 21	    0.0	    0.0	
  296	  29.60	  435.4	 1493.9	  112.9	 1181.1	 1107.2	    0.0	  200.0	    0.0	 1500.0	    0.0	  200.0	  100.0	    1.2	    0.0	    0.0	    0.0	   21.3	   19.6	  1	 1350.0	 1850.0	    1.2	    0.0	   21.3	1	  346.4	 21	    0.0	    0.0	
  297	  29.70	  435.4	 1493.9	  111.0	 1181.1	 1107.2	    0.0	  200.0	    0.0	 1500.0	    0.0	  200.0	  100.0	    0.8	    0.0	    0.0	    0.0	   21.5	   19.6	  1	 1350.0	 1850.0	    0.8	    0.0	   21.5	1	  346.6	 21	    0.0	    0.0	
  298	  29.80	  435.4	 1493.9	   16.7	 1181.1	 1107.2	    0.0	  200.0	    0.0	 1500.0	    0.0	  200.0	  100.0	    0.4	    0.0	    0.0	    0.0	   21.6	   19.7	  1	 1350.0	 1850.0	    0.4	    0.0	   21.6	1	  346.8	 21	    0.0	    0.0	
  299	  29.90	  435.4	 1493.9	   11.7	 1181.1	 1107.2	    0.0	  200.0	    0.0	 1500.0	    0.0	  200.0	  100.0	    0.0	    0.0	    0.0	    0.0	   21.7	   19.8	  1	 1350.0	 1850.0	    0.0	    0.0	   21.7	1	  347.1	 21	    0.0	    0.0	
  300	  30.00	  435.4	 1493.9	   11.7	 1181.1	 1107.2	    0.0	  200.0	    0.0	 1500.0	    0.0	  200.0	  100.0	    0.0	    0.0	    0.0	    0.0	   21.8	   19.8	  1	 1350.0	 1850.0	    0.0	    0.0	   21.8	1	  347.4	 21	    0.0	    0.0	
  301	  30.10	  435.4	 1493.9	   11.7	 1181.1	 1107.2	    0.0	  200.0	    0.0	 1500.0	    0.0	  200.0	  100.0	    0.0	    0.0	    0.0	    0.0	   22.0	   19.9	  1	 1350.0	 1850.0	    0.0	    0.0	   22.0	1	  347.7	 21	    0.0	    0.0	
  302	  30.20	  435.4	 1493.9	   11.8	 1181.1	 1107.2	    0.0	  200.0	    0.0	 1500.0	    0.0	  200.0	  100.0	    0.0	    0.0	    0.0	    0.0	   22.1	   20.0	  1	 1350.0	 1850.0	    0.0	    0.0	   22.1	1	  347.9	 21	    0.0	    0.0	
  303	  30.30	  435.4	 1493.9	   11.9	 1181.1	 1107.2	    0.0	  200.0	    0.0	 1500.0	    0.0	  200.0	  100.0	    0.0	    0.0	    0.0	    0.0	   22.2	   20.0	  1	 1350.0	 1850.0	    0.0	    0.0	   22.2	1	  348.2	 21	    0.0	    0.0	
  304	  30.40	  435.4	 1493.9	   12.0	 1181.1	 1107.2	    0.0	  200.0	    0.0	 1500.0	    0.0	  200.0	  100.0	    0.0	    0.0	    0.0	    0.0	   22.4	   20.1	  1	 1350.0	 1850.0	    0.0	    0.0	   22.4	1	  348.5	 21	    0.0	    0.0	
  305	  30.50	  435.4	 1493.9	   12.1	 1181.1	 1107.2	    0.0	  200.0	    0.0	 1500.0	    0.0	  200.0	  100.0	    0.0	    0.0	    0.0	    0.0	   22.5	   20.2	  1	 1350.0	 1850.0	    0.0	    0.0	   22.5	1	  348.8	 21	    0.0	    0.0	
  306	  30.60	  435.4	 1493.9	   12.2	 1181.1	 1107.2	    0.0	  200.0	    0.0	 1500.0	    0.0	  200.0	  100.0	    0.0	    0.0	    0.0	    0.0	   22.6	   20.2	  1	 1350.0	 1850.0	    0.0	    0.0	   22.6	1	  349.1	 21	    0.0	    0.0	
  307	  30.70	  435.4	 1493.9	   12.4	 1181.1	 1107.2	    0.0	  200.0	    0.0	 1500.0	    0.0	  200.0	  100.0	    0.0	    0.0	    0.0	    0.0	   22.7	   20.3	  1	 1350.0	 1850.0	    0.0	    0.0	   22.7	1	  349.3	 21	    0.0	    0.0	
  308	  30.80	  435.4	 1493.9	   12.7	 1181.1	 1107.2	    0.0	  200.0	    0.0	 1500.0	    0.0	  200.0	  100.0	    0.0	    0.0	    0.0	    0.0	   22.9	   20.4	  1	 1350.0	 1850.0	    0.0	    0.0	   22.9	1	  349.6	 21	    0.0	    0.0	
  309	  30.90	  435.4	 1493.9	   13.0	 1181.1	 1107.2	    0.0	  200.0	    0.0	 1500.0	    0.0	  200.0	  100.0	    0.0	    0.0	    0.0	    0.0	   23.0	   20.4	  1	 1350.0	 1850.0	    0.0	    0.0	   23.0	1	  349.9	 21	    0.0	    0.0	
  310	  31.00	  435.4	 1493.9	   13.5	 1181.1	 1107.2	    0.0	  200.0	    0.0	 1500.0	    0.0	  200.0	  100.0	    0.0	    0.0	    0.0	    0.0	   23.1	   20.5	  1	 1350.0	 1850.0	    0.0	    0.0	   23.1	1	  350.2	 21	    0.0	    0.0	
  311	  31.10	  435.4	 1493.9	   14.2	 1181.1	 1107.2	    0.0	  200.0	    0.0	 1500.0	    0.0	  200.0	  100.0	    0.0	    0.0	    0.0	    0.0	   23.3	   20.6	  1	 1350.0	 1850.0	    0.0	    0.0	   23.3	1	  350.5	 21	    0.0	    0.0	
  312	  31.20	  435.4	 1493.9	   15.8	 1181.1	 1107.2	    0.0	  200.0	    0.0	 1500.0	    0.0	  200.0	  100.0	    0.0	    0.0	    0.0	    0.0	   23.4	   20.6	  1	 1350.0	 1850.0	    0.0	    0.0	   23.4	1	  350.7	 21	    0.0	    0.0	
  313	  31.30	  435.4	 1493.9	   31.2	 1258.5	 1094.8	    0.0	  200.0	    0.0	 1500.0	    0.0	  200.0	  100.0	    0.5	    0.0	    0.0	    0.0	   23.5	   20.7	  1	 1650.0	 1750.0	    0.5	    0.0	   23.5	1	  362.2	 21	    0.0	    0.0	
  314	  31.40	  435.4	 1493.9	 -141.5	 1181.1	 1107.2	    0.0	  200.0	    0.0	 1500.0	    0.0	  200.0	  100.0	    0.1	    0.0	    0.0	    0.0	   23.7	   20.8	  1	 1350.0	 1850.0	    0.1	    0.0	   23.7	1	  351.4	 21	    0.0	    0.0	
  315	  31.50	  435.4	 1493.9	 -169.4	 1181.1	 1107.2	    0.0	  200.0	    0.0	 1500.0	    0.0	  200.0	  100.0	    0.0	    0.0	    0.0	    0.0	   23.8	   20.8	  1	 1350.0	 1850.0	    0.0	    0.0	   23.8	1	  351.6	 21	    0.0	    0.0	
  316	  31.60	  435.4	 1493.9	 -169.4	 1181.1	 1107.2	    0.0	  200.0	    0.0	 1500.0	    0.0	  200.0	  100.0	    0.0	    0.0	    0.0	    0.0	   23.9	   20.9	  1	 1350.0	 1850.0	    0.0	    0.0	   23.9	1	  351.9	 21	    0.0	    0.0	
  317	  31.70	  435.4	 1493.9	 -169.4	 1181.1	 1107.2	    0.0	  200.0	    0.0	 1500.0	    0.0	  200.0	  100.0	    0.0	    0.0	    0.0	    0.0	   24.1	   21.0	  1	 1850.0	 1450.0	    0.0	    0.0	   24.1	1	  298.7	 21	    0.0	    0.0	
  318	  31.80	  435.4	 1493.9	 -163.7	 1181.1	 1107.2	    0.0	  200.0	    0.0	 1500.0	    0.0	  200.0	  100.0	    0.0	    0.0	    0.0	    0.0	   24.2	   21.0	  1	 1850.0	 1450.0	    0.0	    0.0	   24.2	1	  298.7	 21	    0.0	    0.0	
  319	  31.90	  435.4	 1493.9	 -163.7	 1181.1	 1107.2	    0.0	  200.0	    0.0	 1500.0	    0.0	  200.0	  100.0	    0.0	    0.0	    0.0	    0.0	   24.3	   21.1	  1	 1850.0	 1450.0	    0.0	    0.0	   24.3	1	  298.7	 21	    0.0	    0.0	
  320	  32.00	  435.4	 1493.9	 -163.7	 1181.1	 1107.2	    0.0	  200.0	    0.0	 1500.0	    0.0	  200.0	  100.0	    0.0	    0.0	    0.0	    0.0	   24.4	   21.2	  1	 1850.0	 1450.0	    0.0	    0.0	   24.4	1	  298.7	 21	    0.0	    0.0	
  321	  32.10	  435.4	 1493.9	 -163.7	 1181.1	 1107.2	    0.0	  200.0	    0.0	 1500.0	    0.0	  200.0	  100.0	    0.0	    0.0	    0.0	    0.0	   24.6	   21.2	  1	 1850.0	 1450.0	    0.0	    0.0	   24.6	1	  298.7	 21	    0.0	    0.0	
  322	  32.20	  435.4	 1493.9	 -163.7	 1181.1	 1107.2	    0.0	  200.0	    0.0	 1500.0	    0.0	  200.0	  100.0	    0.0	    0.0	    0.0	    0.0	   24.7	   21.3	  1	 1850.0	 1450.0	    0.0	    0.0	   24.7	1	  298.7	 21	    0.0	    0.0	
  323	  32.30	  435.4	 1493.9	 -163.7	 1181.1	 1107.2	    0.0	  200.0	    0.0	 1500.0	    0.0	  200.0	  100.0	    0.0	    0.0	    0.0	    0.0	   24.8	   21.4	  1	 1850.0	 1450.0	    0.0	    0.0	   24.8	1	  298.7	 21	    0.0	    0.0	
  324	  32.40	  435.4	 1493.9	 -163.7	 1181.1	 1107.2	    0.0	  200.0	    0.0	 1500.0	    0.0	  200.0	  100.0	    0.0	    0.0	    0.0	    0.0	   25.0	   21.4	  1	 1850.0	 1450.0	    0.0	    0.0	   25.0	1	  298.7	 21	    0.0	    0.0	
  325	  32.50	  435.4	 1493.9	 -163.7	 1181.1	 1107.2	    0.0	  200.0	    0.0	 1500.0	    0.0	  200.0	  100.0	    0.0	    0.0	    0.0	    0.0	   25.1	   21.5	  1	 1850.0	 1450.0	    0.0	    0.0	   25.1	1	  298.7	 21	    0.0	    0.0	
  326	  32.60	  435.4	 1493.9	 -163.7	 1181.1	 1107.2	    0.0	  200.0	    0.0	 1500.0	    0.0	  200.0	  100.0	    0.0	    0.0	    0.0	    0.0	   25.2	   21.6	  1	 1850.0	 1450.0	    0.0	    0.0	   25.2	1	  298.7	 21	    0.0	    0.0	
  327	  32.70	  435.4	 1493.9	 -163.7	 1224.5	 1131.7	    0.0	  200.0	    0.0	 1500.0	    0.0	  200.0	  100.0	    0.0	    0.0	    0.0	    0.0	   25.3	   21.7	  1	 1650.0	 1750.0	    0.0	    0.0	   25.3	1	  361.9	 21	    0.0	    0.0	
  328	  32.80	  435.4	 1493.9	  151.8	 1181.1	 1107.2	    0.0	  200.0	    0.0	 1500.0	    0.0	  200.0	  100.0	    0.0	    0.0	    0.0	    0.0	   25.5	   21.7	  1	 1850.0	 1450.0	    0.0	    0.0	   25.5	1	  298.7	 21	    0.0	    0.0	
  329	  32.90	  435.4	 1493.9	 -149.7	 1224.5	 1131.7	    0.0	  200.0	    0.0	 1500.0	    0.0	  200.0	  100.0	    0.0	    0.0	    0.0	    0.0	   25.6	   21.8	  1	 1650.0	 1750.0	    0.0	    0.0	   25.6	1	  362.6	 21	    0.0	    0.0	
  330	  33.00	  435.4	 1493.9	  140.8	 1224.5	 1131.7	    0.0	  200.0	    0.0	 1500.0	    0.0	  200.0	  100.0	    0.0	    0.0	    0.0	    0.0	   25.8	   21.9	  1	 1650.0	 1750.0	    0.0	    0.0	   25.8	1	  362.9	 21	    0.0	    0.0	
  331	  33.10	  435.4	 1493.9	  140.6	 1258.5	 1094.8	    0.0	  200.0	    0.0	 1500.0	    0.0	  200.0	  100.0	    0.0	    0.0	    0.0	    0.0	   25.9	   21.9	  1	 1650.0	 1750.0	    0.0	    0.0	   25.9	1	  368.0	 21	    0.0	    0.0	
  332	  33.20	  435.4	 1493.9	  176.6	 1224.5	 1131.7	    0.0	  200.0	    0.0	 1500.0	    0.0	  200.0	  100.0	    0.0	    0.0	    0.0	    0.0	   26.0	   22.0	  1	 1650.0	 1750.0	    0.0	    0.0	   26.0	1	  363.6	 21	    0.0	    0.0	
  333	  33.30	  435.4	 1493.9	  134.3	 1224.5	 1131.7	    0.0	  200.0	    0.0	 1500.0	    0.0	  200.0	  100.0	    0.0	    0.0	    0.0	    0.0	   26.2	   22.1	  1	 1650.0	 1750.0	    0.0	    0.0	   26.2	1	  363.9	 21	    0.0	    0.0	
  334	  33.40	  435.4	 1493.9	  133.9	 1195.1	 1002.3	    0.0	  200.0	    0.0	 1500.0	    0.0	  200.0	  100.0	    0.0	    0.0	    0.0	    0.0	   26.3	   22.1	  1	 1750.0	 1550.0	    0.0	    0.0	   26.3	1	  368.0	 21	    0.0	    0.0	
  335	  33.50	  435.4	 1493.9	 -105.2	 1195.1	 1002.3	    0.0	  200.0	    0.0	 1500.0	    0.0	  200.0	  100.0	    0.0	    0.0	    0.0	    0.0	   26.5	   22.2	  1	 1750.0	 1550.0	    0.0	    0.0	   26.5	1	  368.4	 21	    0.0	    0.0	
  336	  33.60	  435.4	 1493.9	 -105.4	 1195.1	 1002.3	    0.0	  200.0	    0.0	 1500.0	    0.0	  200.0	  100.0	    0.0	    0.0	    0.0	    0.0	   26.6	   22.3	  1	 1750.0	 1550.0	    0.0	    0.0	   26.6	1	  368.8	 21	    0.0	    0.0	
  337	  33.70	  435.4	 1493.9	 -105.7	 1195.1	 1002.3	    0.0	  200.0	    0.0	 1500.0	    0.0	  200.0	  100.0	    0.0	    0.0	    0.0	    0.0	   26.8	   22.3	  1	 1750.0	 1550.0	    0.0	    0.0	   26.8	1	  369.2	 21	    0.0	    0.0	
  338	  33.80	  435.4	 1493.9	 -106.0	 1195.1	 1002.3	    0.0	  200.0	    0.0	 1500.0	    0.0	  200.0	  100.0	    0.0	    0.0	    0.0	    0.0	   27.0	   22.4	  1	 1750.0	 1550.0	    0.0	    0.0	   27.0	1	  369.5	 21	    0.0	    0.0	
  339	  33.90	  435.4	 1493.9	 -106.5	 1195.1	 1002.3	    0.0	  200.0	    0.0	 1500.0	    0.0	  200.0	  100.0	    0.0	    0.0	    0.0	    0.0	   27.1	   22.5	  1	 1750.0	 1550.0	    0.0	    0.0	   27.1	1	  369.9	 21	    0.0	    0.0	
  340	  34.00	  435.4	 1493.9	 -107.1	 1195.1	 1002.3	    0.0	  200.0	    0.0	 1500.0	    0.0	  200.0	  100.0	    0.0	    0.0	    0.0	    0.0	   27.3	   22.5	  1	 1750.0	 1550.0	    0.0	    0.0	   27.3	1	  370.3	 21	    0.0	    0.0	
  341	  34.10	  435.4	 1493.9	 -108.0	 1195.1	 1002.3	    0.0	  200.0	    0.0	 1500.0	    0.0	  200.0	  100.0	    0.0	    0.0	    0.0	    0.0	   27.4	   22.6	  1	 1750.0	 1550.0	    0.0	    0.0	   27.4	1	  370.7	 21	    0.0	    0.0	
  342	  34.20	  435.4	 1493.9	 -109.2	 1195.1	 1002.3	    0.0	  200.0	    0.0	 1500.0	    0.0	  200.0	  100.0	    0.0	    0.0	    0.0	    0.0	   27.6	   22.7	  1	 1750.0	 1550.0	    0.0	    0.0	   27.6	1	  371.1	 21	    0.0	    0.0	
  343	  34.30	  435.4	 1493.9	 -110.9	 1195.1	 1002.3	    0.0	  200.0	    0.0	 1500.0	    0.0	  200.0	  100.0	    0.0	    0.0	    0.0	    0.0	   27.7	   22.7	  1	 1750.0	 1550.0	    0.0	    0.0	   27.7	1	  371.4	 21	    0.0	    0.0	
  344	  34.40	  435.4	 1493.9	 -113.4	 1195.1	 1002.3	    0.0	  200.0	    0.0	 1500.0	    0.0	  200.0	  100.0	    0.0	    0.0	    0.0	    0.0	   27.9	   22.8	  1	 1750.0	 1550.0	    0.0	    0.0	   27.9	1	  371.8	 21	    0.0	    0.0	
  345	  34.50	  435.4	 1493.9	 -117.5	 1195.1	 1002.3	    0.0	  200.0	    0.0	 1500.0	    0.0	  200.0	  100.0	    0.0	    0.0	    0.0	    0.0	   28.0	   22.9	  1	 1750.0	 1550.0	    0.0	    0.0	   28.0	1	  372.2	 21	    0.0	    0.0	
  346	  34.60	  435.4	 1493.9	 -124.1	 1195.1	 1002.3	    0.0	  200.0	    0.0	 1500.0	    0.0	  200.0	  100.0	    0.0	    0.0	    0.0	    0.0	   28.2	   22.9	  1	 1750.0	 1550.0	    0.0	    0.0	   28.2	1	  372.6	 21	    0.0	    0.0	
  347	  34.70	  435.4	 1493.9	 -136.1	 1195.1	 1002.3	    0.0	  200.0	    0.0	 1500.0	    0.0	  200.0	  100.0	    0.0	    0.0	    0.0	    0.0	   28.3	   23.0	  1	 1750.0	 1550.0	    0.0	    0.0	   28.3	1	  373.0	 21	    0.0	    0.0	
  348	  34.80	  435.4	 1493.9	 -160.5	 1195.1	 1002.3	    0.0	  200.0	    0.0	 1500.0	    0.0	  200.0	  100.0	    0.0	    0.0	    0.0	    0.0	   28.5	   23.1	  1	 1750.0	 1550.0	    0.0	    0.0	   28.5	1	  373.3	 21	    0.0	    0.0	
  349	  34.90	  435.4	 1493.9	  161.0	 1195.1	 1002.3	    0.0	  200.0	    0.0	 1500.0	    0.0	  200.0	  100.0	    0.0	    0.0	    0.0	    0.0	   28.6	   23.1	  1	 1750.0	 1550.0	    0.0	    0.0	   28.6	1	  373.7	 21	    0.0	    0.0	
  350	  35.00	  435.4	 1493.9	  132.1	 1195.1	 1002.3	    0.0	  200.0	    0.0	 1500.0	    0.0	  200.0	  100.0	    0.0	    0.0	    0.0	    0.0	   28.8	   23.2	  1	 1750.0	 1550.0	    0.0	    0.0	   28.8	1	  374.1	 21	    0.0	    0.0	
  351	  35.10	  435.4	 1493.9	  117.8	 1195.1	 1002.3	    0.0	  200.0	    0.0	 1500.0	    0.0	  200.0	  100.0	    0.0	    0.0	    0.0	    0.0	   29.0	   23.3	  1	 1750.0	 1550.0	    0.0	    0.0	   29.0	1	  374.5	 21	    0.0	    0.0	
  352	  35.20	  435.4	 1493.9	  110.4	 1195.1	 1002.3	    0.0	  200.0	    0.0	 1500.0	    0.0	  200.0	  100.0	    0.0	    0.0	    0.0	    0.0	   29.1	   23.3	  1	 1750.0	 1550.0	    0.0	    0.0	   29.1	1	  374.8	 21	    0.0	    0.0	
  353	  35.30	  435.4	 1493.9	  106.1	 1195.1	 1002.3	    0.0	  200.0	    0.0	 1500.0	    0.0	  200.0	  100.0	    0.0	    0.0	    0.0	    0.0	   29.3	   23.4	  1	 1750.0	 1550.0	    0.0	    0.0	   29.3	1	  375.2	 21	    0.0	    0.0	
  354	  35.40	  435.4	 1493.9	    9.0	 1195.1	 1002.3	    0.0	  200.0	    0.0	 1500.0	    0.0	  200.0	  100.0	    0.0	    0.0	    0.0	    0.0	   29.4	   23.5	  1	 1750.0	 1550.0	    0.0	    0.0	   29.4	1	  375.6	 21	    0.0	    0.0	
  355	  35.50	  435.4	 1493.9	    7.0	 1195.1	 1002.3	    0.0	  200.0	    0.0	 1500.0	    0.0	  200.0	  100.0	    0.0	    0.0	    0.0	    0.0	   29.6	   23.5	  1	 1750.0	 1550.0	    0.0	    0.0	   29.6	1	  376.0	 21	    0.0	    0.0	
  356	  35.60	  435.4	 1493.9	    7.0	 1195.1	 1002.3	    0.0	  200.0	    0.0	 1500.0	    0.0	  200.0	  100.0	    0.0	    0.0	    0.0	    0.0	   29.7	   23.6	  1	 1750.0	 1550.0	    0.0	    0.0	   29.7	1	  376.3	 21	    0.0	    0.0	
  357	  35.70	  435.4	 1493.9	    7.0	 1195.1	 1002.3	    0.0	  200.0	    0.0	 1500.0	    0.0	  200.0	  100.0	    0.0	    0.0	    0.0	    0.0	   29.9	   23.7	  1	 1750.0	 1550.0	    0.0	    0.0	   29.9	1	  376.7	 21	    0.0	    0.0	
  358	  35.80	  435.4	 1493.9	    7.1	 1195.1	 1002.3	    0.0	  200.0	    0.0	 1500.0	    0.0	  200.0	  100.0	    0.0	    0.0	    0.0	    0.0	   30.0	   23.7	  1	 1750.0	 1550.0	    0.0	    0.0	   30.0	1	  377.1	 21	    0.0	    0.0	
  359	  35.90	  435.4	 1493.9	    7.1	 1195.1	 1002.3	    0.0	  200.0	    0.0	 1500.0	    0.0	  200.0	  100.0	    0.0	    0.0	    0.0	    0.0	   30.2	   23.8	  1	 1750.0	 1550.0	    0.0	    0.0	   30.2	1	  377.5	 21	    0.0	    0.0	
  360	  36.00	  435.4	 1493.9	    7.2	 1195.1	 1002.3	    0.0	  200.0	    0.0	 1500.0	    0.0	  200.0	  100.0	    0.0	    0.0	    0.0	    0.0	   30.3	   23.9	  1	 1750.0	 1550.0	    0.0	    0.0	   30.3	1	  377.8	 21	    0.0	    0.0	
  361	  36.10	  435.4	 1493.9	    7.3	 1195.1	 1002.3	    0.0	  200.0	    0.0	 1500.0	    0.0	  200.0	  100.0	    0.0	    0.0	    0.0	    0.0	   30.5	   24.0	  1	 1750.0	 1550.0	    0.0	    0.0	   30.5	1	  378.2	 21	    0.0	    0.0	
  362	  36.20	  435.4	 1493.9	    7.4	 1195.1	 1002.3	    0.0	  200.0	    0.0	 1500.0	    0.0	  200.0	  100.0	    0.0	    0.0	    0.0	    0.0	   30.6	   24.0	  1	 1750.0	 1550.0	    0.0	    0.0	   30.6	1	  378.6	 21	    0.0	    0.0	
  363	  36.30	  435.4	 1493.9	    7.6	 1195.1	 1002.3	    0.0	  200.0	    0.0	 1500.0	    0.0	  200.0	  100.0	    0.0	    0.0	    0.0	    0.0	   30.8	   24.1	  1	 1750.0	 1550.0	    0.0	    0.0	   30.8	1	  379.0	 21	    0.0	    0.0	
  364	  36.40	  435.4	 1493.9	    7.8	 1195.1	 1002.3	    0.0	  200.0	    0.0	 1500.0	    0.0	  200.0	  100.0	    0.0	    0.0	    0.0	    0.0	   31.0	   24.2	  1	 1750.0	 1550.0	    0.0	    0.0	   31.0	1	  379.3	 21	    0.0	    0.0	
  365	  36.50	  435.4	 1493.9	    8.1	 1195.1	 1002.3	    0.0	  200.0	    0.0	 1500.0	    0.0	  200.0	  100.0	    0.0	    0.0	    0.0	    0.0	   31.1	   24.2	  1	 1750.0	 1550.0	    0.0	    0.0	   31.1	1	  379.7	 21	    0.0	    0.0	
  366	  36.60	  435.4	 1493.9	    8.4	 1195.1	 1002.3	    0.0	  200.0	    0.0	 1500.0	    0.0	  200.0	  100.0	    0.0	    0.0	    0.0	    0.0	   31.3	   24.3	  1	 1750.0	 1550.0	    0.0	    0.0	   31.3	1	  380.1	 21	    0.0	    0.0	
  367	  36.70	  435.4	 1493.9	    8.9	 1195.1	 1002.3	    0.0	  200.0	    0.0	 1500.0	    0.0	  200.0	  100.0	    0.0	    0.0	    0.0	    0.0	   31.4	   24.4	  1	 1750.0	 1550.0	    0.0	    0.0	   31.4	1	  380.5	 21	    0.0	    0.0	
  368	  36.80	  435.4	 1493.9	    9.9	 1195.1	 1002.3	    0.0	  200.0	    0.0	 1500.0	    0.0	  200.0	  100.0	    0.0	    0.0	    0.0	    0.0	   31.6	   24.4	  1	 1750.0	 1550.0	    0.0	    0.0	   31.6	1	  380.8	 21	    0.0	    0.0	
  369	  36.90	  435.4	 1493.9	   12.5	 1195.1	 1002.3	    0.0	  200.0	    0.0	 1500.0	    0.0	  200.0	  100.0	    0.0	    0.0	    0.0	    0.0	   31.7	   24.5	  1	 1750.0	 1550.0	    0.0	    0.0	   31.7	1	  381.2	 21	    0.0	    0.0	
  370	  37.00	  435.4	 1493.9	 -178.8	 1195.1	 1002.3	    0.0	  200.0	    0.0	 1500.0	    0.0	  200.0	  100.0	    0.0	    0.0	    0.0	    0.0	   31.9	   24.6	  1	 1750.0	 1550.0	    0.0	    0.0	   31.9	1	  381.6	 21	    0.0	    0.0	
  371	  37.10	  435.4	 1493.9	 -172.9	 1195.1	 1002.3	    0.0	  200.0	    0.0	 1500.0	    0.0	  200.0	  100.0	    0.0	    0.0	    0.0	    0.0	   32.0	   24.6	  1	 1750.0	 1550.0	    0.0	    0.0	   32.0	1	  381.9	 21	    0.0	    0.0	
  372	  37.20	  435.4	 1493.9	 -172.9	 1195.1	 1002.3	    0.0	  200.0	    0.0	 1500.0	    0.0	  200.0	  100.0	    0.0	    0.0	    0.0	    0.0	   32.2	   24.7	  1	 1750.0	 1550.0	    0.0	    0.0	   32.2	1	  382.3	 21	    0.0	    0.0	
  373	  37.30	  435.4	 1493.9	 -172.9	 1195.1	 1002.3	    0.0	  200.0	    0.0	 1500.0	    0.0	  200.0	  100.0	    0.0	    0.0	    0.0	    0.0	   32.3	   24.8	  1	 1750.0	 1550.0	    0.0	    0.0	   32.3	1	  382.7	 21	    0.0	    0.0	
  374	  37.40	  435.4	 1493.9	 -172.9	 1195.1	 1002.3	    0.0	  200.0	    0.0	 1500.0	    0.0	  200.0	  100.0	    0.0	    0.0	    0.0	    0.0	   32.5	   24.8	  1	 1750.0	 1550.0	    0.0	    0.0	   32.5	1	  383.0	 21	    0.0	    0.0	
  375	  37.50	  435.4	 1493.9	 -172.9	 1195.1	 1002.3	    0.0	  200.0	    0.0	 1500.0	    0.0	  200.0	  100.0	    0.0	    0.0	    0.0	    0.0	   32.6	   24.9	  1	 1750.0	 1550.0	    0.0	    0.0	   32.6	1	  383.4	 21	    0.0	    0.0	
  376	  37.60	  435.4	 1493.9	 -172.9	 1195.1	 1002.3	    0.0	  200.0	    0.0	 1500.0	    0.0	  200.0	  100.0	    0.0	    0.0	    0.0	    0.0	   32.8	   25.0	  1	 1950.0	 1050.0	    0.0	    0.0	   32.8	1	  385.0	 21	    0.0	    0.0	
  377	  37.70	  435.4	 1493.9	 -168.3	 1195.1	 1002.3	    0.0	  200.0	    0.0	 1500.0	    0.0	  200.0	  100.0	    0.0	    0.0	    0.0	    0.0	   33.0	   25.0	  1	 1950.0	 1050.0	    0.0	    0.0	   33.0	1	  385.4	 21	    0.0	    0.0	
  378	  37.80	  435.4	 1493.9	 -168.3	 1195.1	 1002.3	    0.0	  200.0	    0.0	 1500.0	    0.0	  200.0	  100.0	    0.0	    0.0	    0.0	    0.0	   33.1	   25.1	  1	 1950.0	 1050.0	    0.0	    0.0	   33.1	1	  385.7	 21	    0.0	    0.0	
  379	  37.90	  435.4	 1493.9	 -168.3	 1195.1	 1002.3	    0.0	  200.0	    0.0	 1500.0	    0.0	  200.0	  100.0	    0.0	    0.0	    0.0	    0.0	   33.3	   25.2	  1	 1950.0	 1050.0	    0.0	    0.0	   33.3	1	  386.1	 21	    0.0	    0.0	
  380	  38.00	  435.4	 1493.9	 -168.4	 1195.1	 1002.3	    0.0	  200.0	    0.0	 1500.0	    0.0	  200.0	  100.0	    0.0	    0.0	    0.0	    0.0	   33.4	   25.2	  1	 1950.0	 1050.0	    0.0	    0.0	   33.4	1	  386.5	 21	    0.0	    0.0	
  381	  38.10	  435.4	 1493.9	 -168.4	 1195.1	 1002.3	    0.0	  200.0	    0.0	 1500.0	    0.0	  200.0	  100.0	    0.0	    0.0	    0.0	    0.0	   33.6	   25.3	  1	 1950.0	 1050.0	    0.0	    0.0	   33.6	1	  386.8	 21	    0.0	    0.0	
  382	  38.20	  435.4	 1493.9	 -168.5	 1195.1	 1002.3	    0.0	  200.0	    0.0	 1500.0	    0.0	  200.0	  100.0	    0.0	    0.0	    0.0	    0.0	   33.7	   25.4	  1	 1950.0	 1050.0	    0.0	    0.0	   33.7	1	  387.2	 21	    0.0	    0.0	
  383	  38.30	  435.4	 1493.9	 -168.6	 1195.1	 1002.3	    0.0	  200.0	    0.0	 1500.0	    0.0	  200.0	  100.0	    0.0	    0.0	    0.0	    0.0	   33.9	   25.4	  1	 1950.0	 1050.0	    0.0	    0.0	   33.9	1	  387.6	 21	    0.0	    0.0	
  384	  38.40	  435.4	 1493.9	 -168.8	 1195.1	 1002.3	    0.0	  200.0	    0.0	 1500.0	    0.0	  200.0	  100.0	    0.0	    0.0	    0.0	    0.0	   34.0	   25.5	  1	 1950.0	 1050.0	    0.0	    0.0	   34.0	1	  388.0	 21	    0.0	    0.0	
  385	  38.50	  435.4	 1493.9	 -168.9	 1195.1	 1002.3	    0.0	  200.0	    0.0	 1500.0	    0.0	  200.0	  100.0	    0.0	    0.0	    0.0	    0.0	   34.2	   25.6	  1	 1950.0	 1050.0	    0.0	    0.0	   34.2	1	  388.3	 21	    0.0	    0.0	
  386	  38.60	  435.4	 1493.9	 -169.1	 1195.1	 1002.3	    0.0	  200.0	    0.0	 1500.0	    0.0	  200.0	  100.0	    0.0	    0.0	    0.0	    0.0	   34.3	   25.6	  1	 1950.0	 1050.0	    0.0	    0.0	   34.3	1	  388.7	 21	    0.0	    0.0	
  387	  38.70	  435.4	 1493.9	 -169.4	 1195.1	 1002.3	    0.0	  200.0	    0.0	 1500.0	    0.0	  200.0	  100.0	    0.0	    0.0	    0.0	    0.0	   34.5	   25.7	  1	 1950.0	 1050.0	    0.0	    0.0	   34.5	1	  389.1	 21	    0.0	    0.0	
  388	  38.80	  435.4	 1493.9	 -169.8	 1195.1	 1002.3	    0.0	  200.0	    0.0	 1500.0	    0.0	  200.0	  100.0	    0.0	    0.0	    0.0	    0.0	   34.6	   25.8	  1	 1950.0	 1050.0	    0.0	    0.0	   34.6	1	  389.4	 21	    0.0	    0.0	
  389	  38.90	  435.4	 1493.9	 -170.2	 1195.1	 1002.3	    0.0	  200.0	    0.0	 1500.0	    0.0	  200.0	  100.0	    0.0	    0.0	    0.0	    0.0	   34.8	   25.8	  1	 1950.0	 1050.0	    0.0	    0.0	   34.8	1	  389.8	 21	    0.0	    0.0	
  390	  39.00	  435.4	 1493.9	 -170.9	 1195.1	 1002.3	    0.0	  200.0	    0.0	 1500.0	    0.0	  200.0	  100.0	    0.0	    0.0	    0.0	    0.0	   35.0	   25.9	  1	 1950.0	 1050.0	    0.0	    0.0	   35.0	1	  390.2	 21	    0.0	    0.0	
  391	  39.10	  435.4	 1493.9	 -171.7	 1195.1	 1002.3	    0.0	  200.0	    0.0	 1500.0	    0.0	  200.0	  100.0	    0.0	    0.0	    0.0	    0.0	   35.1	   26.0	  1	 1950.0	 1050.0	    0.0	    0.0	   35.1	1	  390.5	 21	    0.0	    0.0	
  392	  39.20	  435.4	 1493.9	 -172.7	 1195.1	 1002.3	    0.0	  200.0	    0.0	 1500.0	    0.0	  200.0	  100.0	    0.0	    0.0	    0.0	    0.0	   35.3	   26.1	  1	 1950.0	 1050.0	    0.0	    0.0	   35.3	1	  390.9	 21	    0.0	    0.0	
  393	  39.30	  435.4	 1493.9	 -174.1	 1195.1	 1002.3	    0.0	  200.0	    0.0	 1500.0	    0.0	  200.0	  100.0	    0.0	    0.0	    0.0	    0.0	   35.4	   26.1	  1	 1950.0	 1050.0	    0.0	    0.0	   35.4	1	  391.3	 21	    0.0	    0.0	
  394	  39.40	  435.4	 1493.9	 -175.8	 1195.1	 1002.3	    0.0	  200.0	    0.0	 1500.0	    0.0	  200.0	  100.0	    0.0	    0.0	    0.0	    0.0	   35.6	   26.2	  1	 1950.0	 1050.0	    0.0	    0.0	   35.6	1	  391.6	 21	    0.0	    0.0	
  395	  39.50	  435.4	 1493.9	 -178.1	 1195.1	 1002.3	    0.0	  200.0	    0.0	 1500.0	    0.0	  200.0	  100.0	    0.0	    0.0	    0.0	    0.0	   35.7	   26.3	  1	 1950.0	 1050.0	    0.0	    0.0	   35.7	1	  392.0	 21	    0.0	    0.0	
