    1	   3.93	    0.0	 1500.0	    0.0	    0.0	 1500.0	    0.0	  200.0	    0.0	 1500.0	    0.0	  200.0	  100.0	   99.5	    0.0	    0.0	    0.0	    0.0	    0.1	  1	 -750.0	 1550.0	   99.5	    0.0	    0.0	1	  521.2	 21	    0.0	    8.5	
    2	   4.03	    0.0	 1500.0	    0.0	    0.0	 1500.0	    0.0	  200.0	    0.0	 1500.0	    0.0	  200.0	  100.0	   99.0	    0.0	    0.0	    0.0	    0.0	    0.1	  1	 -750.0	 1550.0	   99.0	    0.0	    0.0	1	  396.0	 21	 1322.3	   12.2	
    3	   4.12	    0.0	 1500.0	    0.0	    0.0	 1500.0	    0.0	  200.0	    0.0	 1500.0	    0.0	  200.0	  100.0	   98.5	    0.0	    0.0	    0.0	    0.0	    0.2	  1	 -750.0	 1550.0	   98.5	    0.0	    0.0	1	  395.6	 21	 1321.9	   12.2	
    4	   4.22	    0.0	 1500.0	    0.0	    0.0	 1500.0	    0.0	  200.0	    0.0	 1500.0	    0.0	  200.0	  100.0	   98.0	    0.0	    0.0	    0.0	    0.0	    0.3	  1	 -750.0	 1550.0	   98.0	    0.0	    0.0	1	  395.1	 21	 1321.5	   12.2	
    5	   4.33	    0.0	 1500.0	    0.0	    0.0	 1500.0	    0.0	  200.0	    0.0	 1500.0	    0.0	  200.0	  100.0	   97.5	    0.0	    0.0	    0.0	    0.0	    0.3	  1	 -750.0	 1550.0	   97.5	    0.0	    0.0	1	  394.7	 21	 1321.2	   12.1	
    6	   4.42	    0.0	 1500.0	    0.0	    0.0	 1500.0	    0.0	  200.0	    0.0	 1500.0	    0.0	  200.0	  100.0	   97.0	    0.0	    0.0	    0.0	    0.0	    0.4	  1	 -750.0	 1550.0	   97.0	    0.0	    0.0	1	  394.2	 21	 1320.8	   12.1	
    7	   4.53	    0.0	 1500.0	    0.0	    0.0	 1500.0	    0.0	  200.0	    0.0	 1500.0	    0.0	  200.0	  100.0	   96.5	    0.0	    0.0	    0.0	    0.0	    0.5	  1	 -750.0	 1550.0	   96.5	    0.0	    0.0	1	  393.8	 21	 1320.4	   12.0	
    8	   4.62	    0.0	 1500.0	    0.0	    0.0	 1500.0	    0.0	  200.0	    0.0	 1500.0	    0.0	  200.0	  100.0	   96.0	    0.0	    0.0	    0.0	    0.0	    0.5	  1	 -750.0	 1550.0	   96.0	    0.0	    0.0	1	  393.3	 21	 1320.0	   12.0	
    9	   4.72	    0.0	 1500.0	    0.0	    0.0	 1500.0	    0.0	  200.0	    0.0	 1500.0	    0.0	  200.0	  100.0	   95.5	    0.0	    0.0	    0.0	    0.0	    0.6	  1	 -750.0	 1550.0	   95.5	    0.0	    0.0	1	  392.8	 21	 1319.7	   12.0	
   10	   4.83	    0.0	 1500.0	    0.0	    0.0	 1500.0	    0.0	  200.0	    0.0	 1500.0	    0.0	  200.0	  100.0	   95.0	    0.0	    0.0	    0.0	    0.0	    0.7	  1	 -750.0	 1550.0	   95.0	    0.0	    0.0	1	  392.4	 21	 1319.3	   11.9	
   11	   4.92	    0.0	 1500.0	    0.0	    0.0	 1500.0	    0.0	  200.0	    0.0	 1500.0	    0.0	  200.0	  100.0	   94.5	    0.0	    0.0	    0.0	    0.0	    0.7	  1	 -750.0	 1550.0	   94.5	    0.0	    0.0	1	  391.9	 21	 1318.9	   11.9	
   12	   5.03	    0.0	 1500.0	    0.0	    0.0	 1500.0	    0.0	  200.0	    0.0	 1500.0	    0.0	  200.0	  100.0	   94.0	    0.0	    0.0	    0.0	    0.0	    0.8	  1	 -750.0	 1550.0	   94.0	    0.0	    0.0	1	  391.5	 21	 1318.6	   11.9	
   13	   5.12	    0.0	 1500.0	    0.0	    0.0	 1500.0	    0.0	  200.0	    0.0	 1500.0	    0.0	  200.0	  100.0	   93.5	    0.0	    0.0	    0.0	    0.0	    0.9	  1	 -750.0	 1550.0	   93.5	    0.0	    0.0	1	  391.0	 21	 1318.2	   11.8	
   14	   5.22	    0.0	 1500.0	    0.0	    0.0	 1500.0	    0.0	  200.0	    0.0	 1500.0	    0.0	  200.0	  100.0	   93.0	    0.0	    0.0	    0.0	    0.0	    0.9	  1	 -750.0	 1550.0	   93.0	    0.0	    0.0	1	  390.6	 21	 1317.8	   11.8	
   15	   5.33	    0.0	 1500.0	    0.0	    0.0	 1500.0	    0.0	  200.0	    0.0	 1500.0	    0.0	  200.0	  100.0	   92.5	    0.0	    0.0	    0.0	    0.0	    1.0	  1	 -750.0	 1550.0	   92.5	    0.0	    0.0	1	  390.1	 21	 1317.5	   11.7	
   16	   5.42	    0.0	 1500.0	    0.0	    0.0	 1500.0	    0.0	  200.0	    0.0	 1500.0	    0.0	  200.0	  100.0	   92.0	    0.0	    0.0	    0.0	    0.0	    1.1	  1	 -750.0	 1550.0	   92.0	    0.0	    0.0	1	  389.7	 21	 1317.1	   11.7	
   17	   5.53	    0.0	 1500.0	    0.0	    0.0	 1500.0	    0.0	  200.0	    0.0	 1500.0	    0.0	  200.0	  100.0	   91.5	    0.0	    0.0	    0.0	    0.0	    1.2	  1	 -750.0	 1550.0	   91.5	    0.0	    0.0	1	  389.2	 21	 1316.7	   11.7	
   18	   5.62	    0.0	 1500.0	    0.0	    0.0	 1500.0	    0.0	  200.0	    0.0	 1500.0	    0.0	  200.0	  100.0	   91.0	    0.0	    0.0	    0.0	    0.0	    1.2	  1	 -750.0	 1550.0	   91.0	    0.0	    0.0	1	  388.7	 21	 1316.4	   11.6	
   19	   5.72	    0.0	 1500.0	    0.0	    0.0	 1500.0	    0.0	  200.0	    0.0	 1500.0	    0.0	  200.0	  100.0	   90.5	    0.0	    0.0	    0.0	    0.0	    1.3	  1	 -750.0	 1550.0	   90.5	    0.0	    0.0	1	  388.3	 21	 1316.0	   11.6	
   20	   5.83	    0.0	 1500.0	    0.0	    0.0	 1500.0	    0.0	  200.0	    0.0	 1500.0	    0.0	  200.0	  100.0	   90.0	    0.0	    0.0	    0.0	    0.0	    1.4	  1	 -750.0	 1550.0	   90.0	    0.0	    0.0	1	  387.8	 21	 1315.6	   11.6	
   21	   5.92	    0.0	 1500.0	    0.0	    0.0	 1500.0	    0.0	  200.0	    0.0	 1500.0	    0.0	  200.0	  100.0	   89.5	    0.0	    0.0	    0.0	    0.0	    1.4	  1	 -750.0	 1550.0	   89.5	    0.0	    0.0	1	  387.4	 21	 1315.3	   11.5	
   22	   6.03	    0.0	 1500.0	    0.0	    0.0	 1500.0	    0.0	  200.0	    0.0	 1500.0	    0.0	  200.0	  100.0	   89.0	    0.0	    0.0	    0.0	    0.0	    1.5	  1	 -750.0	 1550.0	   89.0	    0.0	    0.0	1	  386.9	 21	 1314.9	   11.5	
   23	   6.12	    0.0	 1500.0	    0.0	    0.0	 1500.0	    0.0	  200.0	    0.0	 1500.0	    0.0	  200.0	  100.0	   88.5	    0.0	    0.0	    0.0	    0.0	    1.6	  1	 -750.0	 1550.0	   88.5	    0.0	    0.0	1	  386.4	 21	 1314.5	   11.5	
   24	   6.22	    0.0	 1500.0	    0.0	    0.0	 1500.0	    0.0	  200.0	    0.0	 1500.0	    0.0	  200.0	  100.0	   88.0	    0.0	    0.0	    0.0	    0.0	    1.6	  1	 -750.0	 1550.0	   88.0	    0.0	    0.0	1	  386.0	 21	 1314.1	   11.4	
   25	   6.32	    0.0	 1500.0	    0.0	    0.0	 1500.0	    0.0	  200.0	    0.0	 1500.0	    0.0	  200.0	  100.0	   87.5	    0.0	    0.0	    0.0	    0.0	    1.7	  1	 -750.0	 1550.0	   87.5	    0.0	    0.0	1	  385.5	 21	 1313.8	   11.4	
   26	   6.42	    0.0	 1500.0	    0.0	    0.0	 1500.0	    0.0	  200.0	    0.0	 1500.0	    0.0	  200.0	  100.0	   87.0	    0.0	    0.0	    0.0	    0.0	    1.8	  1	 -750.0	 1550.0	   87.0	    0.0	    0.0	1	  385.1	 21	 1313.4	   11.3	
   27	   6.52	    0.0	 1500.0	    0.0	    0.0	 1500.0	    0.0	  200.0	    0.0	 1500.0	    0.0	  200.0	  100.0	   86.5	    0.0	    0.0	    0.0	    0.0	    1.8	  1	 -750.0	 1550.0	   86.5	    0.0	    0.0	1	  384.6	 21	 1313.0	   11.3	
   28	   6.62	    0.0	 1500.0	    0.0	    0.0	 1500.0	    0.0	  200.0	    0.0	 1500.0	    0.0	  200.0	  100.0	   86.0	    0.0	    0.0	    0.0	    0.0	    1.9	  1	 -750.0	 1550.0	   86.0	    0.0	    0.0	1	  384.1	 21	 1312.7	   11.3	
   29	   6.72	    0.0	 1500.0	    0.0	    0.0	 1500.0	    0.0	  200.0	    0.0	 1500.0	    0.0	  200.0	  100.0	   85.5	    0.0	    0.0	    0.0	    0.0	    2.0	  1	 -750.0	 1550.0	   85.5	    0.0	    0.0	1	  383.7	 21	 1312.3	   11.2	
   30	   6.83	    0.0	 1500.0	    0.0	    0.0	 1500.0	    0.0	  200.0	    0.0	 1500.0	    0.0	  200.0	  100.0	   85.0	    0.0	    0.0	    0.0	    0.0	    2.0	  1	 -750.0	 1550.0	   85.0	    0.0	    0.0	1	  383.2	 21	 1311.9	   11.2	
   31	   6.92	    0.0	 1500.0	    0.0	    0.0	 1500.0	    0.0	  200.0	    0.0	 1500.0	    0.0	  200.0	  100.0	   84.5	    0.0	    0.0	    0.0	    0.0	    2.1	  1	 -750.0	 1550.0	   84.5	    0.0	    0.0	1	  382.7	 21	 1311.6	   11.2	
   32	   7.02	    0.0	 1500.0	    0.0	    0.0	 1500.0	    0.0	  200.0	    0.0	 1500.0	    0.0	  200.0	  100.0	   84.0	    0.0	    0.0	    0.0	    0.0	    2.2	  1	 -750.0	 1550.0	   84.0	    0.0	    0.0	1	  382.3	 21	 1311.2	   11.1	
   33	   7.12	    0.0	 1500.0	    0.0	    0.0	 1500.0	    0.0	  200.0	    0.0	 1500.0	    0.0	  200.0	  100.0	   83.5	    0.0	    0.0	    0.0	    0.0	    2.2	  1	 -750.0	 1550.0	   83.5	    0.0	    0.0	1	  381.8	 21	 1310.8	   11.1	
   34	   7.22	    0.0	 1500.0	    0.0	    0.0	 1500.0	    0.0	  200.0	    0.0	 1500.0	    0.0	  200.0	  100.0	   83.0	    0.0	    0.0	    0.0	    0.0	    2.3	  1	 -750.0	 1550.0	   83.0	    0.0	    0.0	1	  381.3	 21	 1310.5	   11.0	
   35	   7.32	    0.0	 1500.0	    0.0	    0.0	 1500.0	    0.0	  200.0	    0.0	 1500.0	    0.0	  200.0	  100.0	   82.5	    0.0	    0.0	    0.0	    0.0	    2.4	  1	 -750.0	 1550.0	   82.5	    0.0	    0.0	1	  380.9	 21	 1310.1	   11.0	
   36	   7.42	    0.0	 1500.0	    0.0	    0.0	 1500.0	    0.0	  200.0	    0.0	 1500.0	    0.0	  200.0	  100.0	   82.0	    0.0	    0.0	    0.0	    0.0	    2.4	  1	 -750.0	 1550.0	   82.0	    0.0	    0.0	1	  380.4	 21	 1309.7	   11.0	
   37	   7.52	    0.0	 1500.0	    0.0	    0.0	 1500.0	    0.0	  200.0	    0.0	 1500.0	    0.0	  200.0	  100.0	   81.5	    0.0	    0.0	    0.0	    0.0	    2.5	  1	 -750.0	 1550.0	   81.5	    0.0	    0.0	1	  379.9	 21	 1309.4	   10.9	
   38	   7.62	    0.0	 1500.0	    0.0	    0.0	 1500.0	    0.0	  200.0	    0.0	 1500.0	    0.0	  200.0	  100.0	   81.0	    0.0	    0.0	    0.0	    0.0	    2.6	  1	 -750.0	 1550.0	   81.0	    0.0	    0.0	1	  379.5	 21	 1309.0	   10.9	
   39	   7.72	    0.0	 1500.0	    0.0	    0.0	 1500.0	    0.0	  200.0	    0.0	 1500.0	    0.0	  200.0	  100.0	   80.5	    0.0	    0.0	    0.0	    0.0	    2.6	  1	 -750.0	 1550.0	   80.5	    0.0	    0.0	1	  379.0	 21	 1308.6	   10.9	
   40	   7.82	    0.0	 1500.0	    0.0	    0.0	 1500.0	    0.0	  200.0	    0.0	 1500.0	    0.0	  200.0	  100.0	   80.0	    0.0	    0.0	    0.0	    0.0	    2.7	  1	 -750.0	 1550.0	   80.0	    0.0	    0.0	1	  378.5	 21	 1308.3	   10.8	
   41	   7.92	    0.0	 1500.0	    0.0	    0.0	 1500.0	    0.0	  200.0	    0.0	 1500.0	    0.0	  200.0	  100.0	   79.5	    0.0	    0.0	    0.0	    0.0	    2.8	  1	 -750.0	 1550.0	   79.5	    0.0	    0.0	1	  378.1	 21	 1307.9	   10.8	
   42	   8.02	    0.0	 1500.0	    0.0	    0.0	 1500.0	    0.0	  200.0	    0.0	 1500.0	    0.0	  200.0	  100.0	   79.0	    0.0	    0.0	    0.0	    0.0	    2.8	  1	 -750.0	 1550.0	   79.0	    0.0	    0.0	1	  377.6	 21	 1307.5	   10.8	
   43	   8.12	    0.0	 1500.0	    0.0	    0.0	 1500.0	    0.0	  200.0	    0.0	 1500.0	    0.0	  200.0	  100.0	   78.5	    0.0	    0.0	    0.0	    0.0	    2.9	  1	 -750.0	 1550.0	   78.5	    0.0	    0.0	1	  377.1	 21	 1307.1	   10.7	
   44	   8.22	    0.0	 1500.0	    0.0	    0.0	 1500.0	    0.0	  200.0	    0.0	 1500.0	    0.0	  200.0	  100.0	   78.0	    0.0	    0.0	    0.0	    0.0	    3.0	  1	 -750.0	 1550.0	   78.0	    0.0	    0.0	1	  376.7	 21	 1306.8	   10.7	
   45	   8.32	    0.0	 1500.0	    0.0	    0.0	 1500.0	    0.0	  200.0	    0.0	 1500.0	    0.0	  200.0	  100.0	   77.5	    0.0	    0.0	    0.0	    0.0	    3.1	  1	 -750.0	 1550.0	   77.5	    0.0	    0.0	1	  376.2	 21	 1306.4	   10.6	
   46	   8.43	    0.0	 1500.0	    0.0	    0.0	 1500.0	    0.0	  200.0	    0.0	 1500.0	    0.0	  200.0	  100.0	   77.0	    0.0	    0.0	    0.0	    0.0	    3.1	  1	 -750.0	 1550.0	   77.0	    0.0	    0.0	1	  375.7	 21	 1306.0	   10.6	
   47	   8.52	    0.0	 1500.0	    0.0	    0.0	 1500.0	    0.0	  200.0	    0.0	 1500.0	    0.0	  200.0	  100.0	   76.5	    0.0	    0.0	    0.0	    0.0	    3.2	  1	 -750.0	 1550.0	   76.5	    0.0	    0.0	1	  375.2	 21	 1305.7	   10.6	
   48	   8.62	    0.0	 1500.0	    0.0	    0.0	 1500.0	    0.0	  200.0	    0.0	 1500.0	    0.0	  200.0	  100.0	   76.0	    0.0	    0.0	    0.0	    0.0	    3.3	  1	 -750.0	 1550.0	   76.0	    0.0	    0.0	1	  374.8	 21	 1305.3	   10.5	
   49	   8.72	    0.0	 1500.0	    0.0	    0.0	 1500.0	    0.0	  200.0	    0.0	 1500.0	    0.0	  200.0	  100.0	   75.5	    0.0	    0.0	    0.0	    0.0	    3.3	  1	 -750.0	 1550.0	   75.5	    0.0	    0.0	1	  374.3	 21	 1304.9	   10.5	
   50	   8.82	    0.0	 1500.0	    0.0	    0.0	 1500.0	    0.0	  200.0	    0.0	 1500.0	    0.0	  200.0	  100.0	   75.0	    0.0	    0.0	    0.0	    0.0	    3.4	  1	 -750.0	 1550.0	   75.0	    0.0	    0.0	1	  373.8	 21	 1304.6	   10.5	
   51	   8.92	    0.0	 1500.0	    0.0	    0.0	 1500.0	    0.0	  200.0	    0.0	 1500.0	    0.0	  200.0	  100.0	   74.5	    0.0	    0.0	    0.0	    0.0	    3.5	  1	 -750.0	 1550.0	   74.5	    0.0	    0.0	1	  373.4	 21	 1304.2	   10.4	
   52	   9.03	    0.0	 1500.0	    0.0	    0.0	 1500.0	    0.0	  200.0	    0.0	 1500.0	    0.0	  200.0	  100.0	   74.0	    0.0	    0.0	    0.0	    0.0	    3.5	  1	 -750.0	 1550.0	   74.0	    0.0	    0.0	1	  372.9	 21	 1303.8	   10.4	
   53	   9.12	    0.0	 1500.0	    0.0	    0.0	 1500.0	    0.0	  200.0	    0.0	 1500.0	    0.0	  200.0	  100.0	   73.5	    0.0	    0.0	    0.0	    0.0	    3.6	  1	 -750.0	 1550.0	   73.5	    0.0	    0.0	1	  372.4	 21	 1303.5	   10.3	
   54	   9.22	    0.0	 1500.0	    0.0	    0.0	 1500.0	    0.0	  200.0	    0.0	 1500.0	    0.0	  200.0	  100.0	   73.0	    0.0	    0.0	    0.0	    0.0	    3.7	  1	 -750.0	 1550.0	   73.0	    0.0	    0.0	1	  371.9	 21	 1303.1	   10.3	
   55	   9.32	    0.0	 1500.0	    0.0	    0.0	 1500.0	    0.0	  200.0	    0.0	 1500.0	    0.0	  200.0	  100.0	   72.5	    0.0	    0.0	    0.0	    0.0	    3.7	  1	 -750.0	 1550.0	   72.5	    0.0	    0.0	1	  371.5	 21	 1302.7	   10.3	
   56	   9.42	    0.0	 1500.0	    0.0	    0.0	 1500.0	    0.0	  200.0	    0.0	 1500.0	    0.0	  200.0	  100.0	   72.0	    0.0	    0.0	    0.0	    0.0	    3.8	  1	 -750.0	 1550.0	   72.0	    0.0	    0.0	1	  371.0	 21	 1302.4	   10.2	
   57	   9.52	    0.0	 1500.0	    0.0	    0.0	 1500.0	    0.0	  200.0	    0.0	 1500.0	    0.0	  200.0	  100.0	   71.5	    0.0	    0.0	    0.0	    0.0	    3.9	  1	 -750.0	 1550.0	   71.5	    0.0	    0.0	1	  370.5	 21	 1302.0	   10.2	
   58	   9.62	    0.0	 1500.0	    0.0	    0.0	 1500.0	    0.0	  200.0	    0.0	 1500.0	    0.0	  200.0	  100.0	   71.0	    0.0	    0.0	    0.0	    0.0	    3.9	  1	 -750.0	 1550.0	   71.0	    0.0	    0.0	1	  370.0	 21	 1301.6	   10.2	
   59	   9.72	    0.0	 1500.0	    0.0	    0.0	 1500.0	    0.0	  200.0	    0.0	 1500.0	    0.0	  200.0	  100.0	   70.5	    0.0	    0.0	    0.0	    0.0	    4.0	  1	 -750.0	 1550.0	   70.5	    0.0	    0.0	1	  369.6	 21	 1301.2	   10.1	
   60	   9.82	    0.0	 1500.0	    0.0	    0.0	 1500.0	    0.0	  200.0	    0.0	 1500.0	    0.0	  200.0	  100.0	   70.0	    0.0	    0.0	    0.0	    0.0	    4.1	  1	 -750.0	 1550.0	   70.0	    0.0	    0.0	1	  369.1	 21	 1300.9	   10.1	
   61	   9.93	    0.0	 1500.0	    0.0	    0.0	 1500.0	    0.0	  200.0	    0.0	 1500.0	    0.0	  200.0	  100.0	   69.5	    0.0	    0.0	    0.0	    0.0	    4.1	  1	 -750.0	 1550.0	   69.5	    0.0	    0.0	1	  368.6	 21	 1300.5	   10.1	
   62	  10.02	    0.0	 1500.0	    0.0	    0.0	 1500.0	    0.0	  200.0	    0.0	 1500.0	    0.0	  200.0	  100.0	   69.0	    0.0	    0.0	    0.0	    0.0	    4.2	  1	 -750.0	 1550.0	   69.0	    0.0	    0.0	1	  368.1	 21	 1300.1	   10.0	
   63	  10.12	    0.0	 1500.0	    0.0	    0.0	 1500.0	    0.0	  200.0	    0.0	 1500.0	    0.0	  200.0	  100.0	   68.5	    0.0	    0.0	    0.0	    0.0	    4.3	  1	 -750.0	 1550.0	   68.5	    0.0	    0.0	1	  367.7	 21	    0.0	   10.0	
   64	  10.22	    0.0	 1500.0	    0.0	    0.0	 1500.0	    0.0	  200.0	    0.0	 1500.0	    0.0	  200.0	  100.0	   68.0	    0.0	    0.0	    0.0	    0.0	    4.3	  1	 -750.0	 1550.0	   68.0	    0.0	    0.0	1	  367.2	 21	    0.0	    9.9	
   65	  10.32	    0.0	 1500.0	    0.0	    0.0	 1500.0	    0.0	  200.0	    0.0	 1500.0	    0.0	  200.0	  100.0	   67.5	    0.0	    0.0	    0.0	    0.0	    4.4	  1	 -750.0	 1550.0	   67.5	    0.0	    0.0	1	  366.7	 21	    0.0	    9.9	
   66	  10.42	    0.0	 1500.0	    0.0	    0.0	 1500.0	    0.0	  200.0	    0.0	 1500.0	    0.0	  200.0	  100.0	   67.0	    0.0	    0.0	    0.0	    0.0	    4.5	  1	 -750.0	 1550.0	   67.0	    0.0	    0.0	1	  366.2	 21	    0.0	    9.9	
   67	  10.53	    0.0	 1500.0	    0.0	    0.0	 1500.0	    0.0	  200.0	    0.0	 1500.0	    0.0	  200.0	  100.0	   66.5	    0.0	    0.0	    0.0	    0.0	    4.5	  1	 -750.0	 1550.0	   66.5	    0.0	    0.0	1	  365.7	 21	    0.0	    9.8	
   68	  10.62	    0.0	 1500.0	    0.0	    0.0	 1500.0	    0.0	  200.0	    0.0	 1500.0	    0.0	  200.0	  100.0	   66.0	    0.0	    0.0	    0.0	    0.0	    4.6	  1	 -750.0	 1550.0	   66.0	    0.0	    0.0	1	  365.3	 21	    0.0	    9.8	
   69	  10.72	    0.0	 1500.0	    0.0	    0.0	 1500.0	    0.0	  200.0	    0.0	 1500.0	    0.0	  200.0	  100.0	   65.5	    0.0	    0.0	    0.0	    0.0	    4.7	  1	 -750.0	 1550.0	   65.5	    0.0	    0.0	1	  364.8	 21	    0.0	    9.8	
   70	  10.82	    0.0	 1500.0	    0.0	    0.0	 1500.0	    0.0	  200.0	    0.0	 1500.0	    0.0	  200.0	  100.0	   65.0	    0.0	    0.0	    0.0	    0.0	    4.7	  1	 -750.0	 1550.0	   65.0	    0.0	    0.0	1	  364.3	 21	    0.0	    9.7	
   71	  10.92	    0.0	 1500.0	    0.0	    0.0	 1500.0	    0.0	  200.0	    0.0	 1500.0	    0.0	  200.0	  100.0	   64.5	    0.0	    0.0	    0.0	    0.0	    4.8	  1	 -750.0	 1550.0	   64.5	    0.0	    0.0	1	  363.8	 21	    0.0	    9.7	
   72	  11.02	    0.0	 1500.0	    0.0	    0.0	 1500.0	    0.0	  200.0	    0.0	 1500.0	    0.0	  200.0	  100.0	   64.0	    0.0	    0.0	    0.0	    0.0	    4.9	  1	 -750.0	 1550.0	   64.0	    0.0	    0.0	1	  363.4	 21	    0.0	    9.6	
   73	  11.12	    0.0	 1500.0	    0.0	    0.0	 1500.0	    0.0	  200.0	    0.0	 1500.0	    0.0	  200.0	  100.0	   63.5	    0.0	    0.0	    0.0	    0.0	    5.0	  1	 -750.0	 1550.0	   63.5	    0.0	    0.0	1	  362.9	 21	    0.0	    9.6	
   74	  11.22	    0.0	 1500.0	    0.0	    0.0	 1500.0	    0.0	  200.0	    0.0	 1500.0	    0.0	  200.0	  100.0	   63.0	    0.0	    0.0	    0.0	    0.0	    5.0	  1	 -750.0	 1550.0	   63.0	    0.0	    0.0	1	  362.4	 21	    0.0	    9.6	
   75	  11.32	    0.0	 1500.0	    0.0	    0.0	 1500.0	    0.0	  200.0	    0.0	 1500.0	    0.0	  200.0	  100.0	   62.5	    0.0	    0.0	    0.0	    0.0	    5.1	  1	 -750.0	 1550.0	   62.5	    0.0	    0.0	1	  361.9	 21	    0.0	    9.5	
   76	  11.42	    0.0	 1500.0	    0.0	    0.0	 1500.0	    0.0	  200.0	    0.0	 1500.0	    0.0	  200.0	  100.0	   62.0	    0.0	    0.0	    0.0	    0.0	    5.2	  1	 -750.0	 1550.0	   62.0	    0.0	    0.0	1	  361.4	 21	    0.0	    9.5	
   77	  11.52	    0.0	 1500.0	    0.0	    0.0	 1500.0	    0.0	  200.0	    0.0	 1500.0	    0.0	  200.0	  100.0	   61.5	    0.0	    0.0	    0.0	    0.0	    5.2	  1	 -750.0	 1550.0	   61.5	    0.0	    0.0	1	  360.9	 21	    0.0	    9.5	
   78	  11.62	    0.0	 1500.0	    0.0	    0.0	 1500.0	    0.0	  200.0	    0.0	 1500.0	    0.0	  200.0	  100.0	   61.0	    0.0	    0.0	    0.0	    0.0	    5.3	  1	 -750.0	 1550.0	   61.0	    0.0	    0.0	1	  360.5	 21	    0.0	    9.4	
   79	  11.72	    0.0	 1500.0	    0.0	    0.0	 1500.0	    0.0	  200.0	    0.0	 1500.0	    0.0	  200.0	  100.0	   60.5	    0.0	    0.0	    0.0	    0.0	    5.4	  1	 -750.0	 1550.0	   60.5	    0.0	    0.0	1	  360.0	 21	    0.0	    9.4	
   80	  11.82	    0.0	 1500.0	    0.0	    0.0	 1500.0	    0.0	  200.0	    0.0	 1500.0	    0.0	  200.0	  100.0	   60.0	    0.0	    0.0	    0.0	    0.0	    5.4	  1	 -750.0	 1550.0	   60.0	    0.0	    0.0	1	  359.5	 21	    0.0	    9.4	
   81	  11.92	    0.0	 1500.0	    0.0	    0.0	 1500.0	    0.0	  200.0	    0.0	 1500.0	    0.0	  200.0	  100.0	   59.5	    0.0	    0.0	    0.0	    0.0	    5.5	  1	 -750.0	 1550.0	   59.5	    0.0	    0.0	1	  359.0	 21	    0.0	    9.3	
   82	  12.03	    0.0	 1500.0	    0.0	    0.0	 1500.0	    0.0	  200.0	    0.0	 1500.0	    0.0	  200.0	  100.0	   59.0	    0.0	    0.0	    0.0	    0.0	    5.6	  1	 -750.0	 1550.0	   59.0	    0.0	    0.0	1	  358.5	 21	    0.0	    9.3	
   83	  12.12	    0.0	 1500.0	    0.0	    0.0	 1500.0	    0.0	  200.0	    0.0	 1500.0	    0.0	  200.0	  100.0	   58.5	    0.0	    0.0	    0.0	    0.0	    5.6	  1	 -750.0	 1550.0	   58.5	    0.0	    0.0	1	  358.0	 21	    0.0	    9.2	
   84	  12.22	    0.0	 1500.0	    0.0	    0.0	 1500.0	    0.0	  200.0	    0.0	 1500.0	    0.0	  200.0	  100.0	   58.0	    0.0	    0.0	    0.0	    0.0	    5.7	  1	 -750.0	 1550.0	   58.0	    0.0	    0.0	1	  357.6	 21	    0.0	    9.2	
   85	  12.32	    0.0	 1500.0	    0.0	    0.0	 1500.0	    0.0	  200.0	    0.0	 1500.0	    0.0	  200.0	  100.0	   57.5	    0.0	    0.0	    0.0	    0.0	    5.8	  1	 -750.0	 1550.0	   57.5	    0.0	    0.0	1	  357.1	 21	    0.0	    9.2	
   86	  12.42	    0.0	 1500.0	    0.0	    0.0	 1500.0	    0.0	  200.0	    0.0	 1500.0	    0.0	  200.0	  100.0	   57.0	    0.0	    0.0	    0.0	    0.0	    5.8	  1	 -750.0	 1550.0	   57.0	    0.0	    0.0	1	  356.6	 21	    0.0	    9.1	
   87	  12.53	    0.0	 1500.0	    0.0	    0.0	 1500.0	    0.0	  200.0	    0.0	 1500.0	    0.0	  200.0	  100.0	   56.5	    0.0	    0.0	    0.0	    0.0	    5.9	  1	 -750.0	 1550.0	   56.5	    0.0	    0.0	1	  356.1	 21	    0.0	    9.1	
   88	  12.62	    0.0	 1500.0	    0.0	    0.0	 1500.0	    0.0	  200.0	    0.0	 1500.0	    0.0	  200.0	  100.0	   56.0	    0.0	    0.0	    0.0	    0.0	    6.0	  1	 -750.0	 1550.0	   56.0	    0.0	    0.0	1	  355.6	 21	    0.0	    9.1	
   89	  12.72	    0.0	 1500.0	    0.0	    0.0	 1500.0	    0.0	  200.0	    0.0	 1500.0	    0.0	  200.0	  100.0	   55.5	    0.0	    0.0	    0.0	    0.0	    6.0	  1	 -750.0	 1550.0	   55.5	    0.0	    0.0	1	  355.1	 21	    0.0	    9.0	
   90	  12.83	    0.0	 1500.0	    0.0	    0.0	 1500.0	    0.0	  200.0	    0.0	 1500.0	    0.0	  200.0	  100.0	   55.0	    0.0	    0.0	    0.0	    0.0	    6.1	  1	 -750.0	 1550.0	   55.0	    0.0	    0.0	1	  354.7	 21	    0.0	    9.0	
   91	  12.93	    0.0	 1500.0	    0.0	    0.0	 1500.0	    0.0	  200.0	    0.0	 1500.0	    0.0	  200.0	  100.0	   54.5	    0.0	    0.0	    0.0	    0.0	    6.2	  1	 -750.0	 1550.0	   54.5	    0.0	    0.0	1	  354.2	 21	    0.0	    8.9	
   92	  13.02	    0.0	 1500.0	    0.0	    0.0	 1500.0	    0.0	  200.0	    0.0	 1500.0	    0.0	  200.0	  100.0	   54.0	    0.0	    0.0	    0.0	    0.0	    6.2	  1	 -750.0	 1550.0	   54.0	    0.0	    0.0	1	  353.7	 21	    0.0	    8.9	
   93	  13.12	    0.0	 1500.0	    0.0	    0.0	 1500.0	    0.0	  200.0	    0.0	 1500.0	    0.0	  200.0	  100.0	   53.5	    0.0	    0.0	    0.0	    0.0	    6.3	  1	 -750.0	 1550.0	   53.5	    0.0	    0.0	1	  353.2	 21	    0.0	    8.9	
   94	  13.22	    0.0	 1500.0	    0.0	    0.0	 1500.0	    0.0	  200.0	    0.0	 1500.0	    0.0	  200.0	  100.0	   53.0	    0.0	    0.0	    0.0	    0.0	    6.4	  1	 -750.0	 1550.0	   53.0	    0.0	    0.0	1	  352.7	 21	    0.0	    8.8	
   95	  13.33	    0.0	 1500.0	    0.0	    0.0	 1500.0	    0.0	  200.0	    0.0	 1500.0	    0.0	  200.0	  100.0	   52.5	    0.0	    0.0	    0.0	    0.0	    6.4	  1	 -750.0	 1550.0	   52.5	    0.0	    0.0	1	  352.2	 21	    0.0	    8.8	
   96	  13.42	    0.0	 1500.0	    0.0	    0.0	 1500.0	    0.0	  200.0	    0.0	 1500.0	    0.0	  200.0	  100.0	   52.0	    0.0	    0.0	    0.0	    0.0	    6.5	  1	 -750.0	 1550.0	   52.0	    0.0	    0.0	1	  351.7	 21	    0.0	    8.8	
   97	  13.53	    0.0	 1500.0	    0.0	    0.0	 1500.0	    0.0	  200.0	    0.0	 1500.0	    0.0	  200.0	  100.0	   51.5	    0.0	    0.0	    0.0	    0.0	    6.6	  1	 -750.0	 1550.0	   51.5	    0.0	    0.0	1	  351.2	 21	    0.0	    8.7	
   98	  13.62	    0.0	 1500.0	    0.0	    0.0	 1500.0	    0.0	  200.0	    0.0	 1500.0	    0.0	  200.0	  100.0	   51.0	    0.0	    0.0	    0.0	    0.0	    6.6	  1	 -750.0	 1550.0	   51.0	    0.0	    0.0	1	  350.8	 21	    0.0	    8.7	
   99	  13.72	    0.0	 1500.0	    0.0	    0.0	 1500.0	    0.0	  200.0	    0.0	 1500.0	    0.0	  200.0	  100.0	   50.5	    0.0	    0.0	    0.0	    0.0	    6.7	  1	 -750.0	 1550.0	   50.5	    0.0	    0.0	1	  350.3	 21	    0.0	    8.7	
  100	  13.82	    0.0	 1500.0	    0.0	    0.0	 1500.0	    0.0	  200.0	    0.0	 1500.0	    0.0	  200.0	  100.0	   50.0	    0.0	    0.0	    0.0	    0.0	    6.8	  1	 -750.0	 1550.0	   50.0	    0.0	    0.0	1	  349.8	 21	    0.0	    8.6	
  101	  13.92	    0.0	 1500.0	    0.0	    0.0	 1500.0	    0.0	  200.0	    0.0	 1500.0	    0.0	  200.0	  100.0	   49.5	    0.0	    0.0	    0.0	    0.0	    6.9	  1	 -750.0	 1550.0	   49.5	    0.0	    0.0	1	  349.3	 21	    0.0	    8.6	
  102	  14.02	    0.0	 1500.0	    0.0	    0.0	 1500.0	    0.0	  200.0	    0.0	 1500.0	    0.0	  200.0	  100.0	   49.0	    0.0	    0.0	    0.0	    0.0	    6.9	  1	 -750.0	 1550.0	   49.0	    0.0	    0.0	1	  348.8	 21	    0.0	    8.5	
  103	  14.12	    0.0	 1500.0	    0.0	    0.0	 1500.0	    0.0	  200.0	    0.0	 1500.0	    0.0	  200.0	  100.0	   48.5	    0.0	    0.0	    0.0	    0.0	    7.0	  1	 -750.0	 1550.0	   48.5	    0.0	    0.0	1	  348.3	 21	    0.0	    8.5	
  104	  14.22	    0.0	 1500.0	    0.0	    0.0	 1500.0	    0.0	  200.0	    0.0	 1500.0	    0.0	  200.0	  100.0	   48.0	    0.0	    0.0	    0.0	    0.0	    7.1	  1	 -750.0	 1550.0	   48.0	    0.0	    0.0	1	  347.8	 21	    0.0	    8.5	
  105	  14.32	    0.0	 1500.0	    0.0	    0.0	 1500.0	    0.0	  200.0	    0.0	 1500.0	    0.0	  200.0	  100.0	   47.5	    0.0	    0.0	    0.0	    0.0	    7.1	  1	 -750.0	 1550.0	   47.5	    0.0	    0.0	1	  347.3	 21	    0.0	    8.4	
  106	  14.43	    0.0	 1500.0	    0.0	    0.0	 1500.0	    0.0	  200.0	    0.0	 1500.0	    0.0	  200.0	  100.0	   47.0	    0.0	    0.0	    0.0	    0.0	    7.2	  1	 -750.0	 1550.0	   47.0	    0.0	    0.0	1	  346.8	 21	    0.0	    8.4	
  107	  14.52	    0.0	 1500.0	    0.0	    0.0	 1500.0	    0.0	  200.0	    0.0	 1500.0	    0.0	  200.0	  100.0	   46.5	    0.0	    0.0	    0.0	    0.0	    7.3	  1	 -750.0	 1550.0	   46.5	    0.0	    0.0	1	  346.3	 21	    0.0	    8.4	
  108	  14.63	    0.0	 1500.0	    0.0	 -563.3	 1326.8	    0.0	  200.0	 -622.1	 1387.3	    0.0	  200.0	  100.0	   46.0	    0.0	    0.0	    0.0	    0.0	    7.3	  1	 -750.0	  750.0	   46.0	    0.0	    0.0	1	  365.0	 21	    0.0	    7.2	
  109	  14.72	    0.0	 1500.0	    0.0	 -547.8	 1332.3	    0.0	  200.0	 -622.1	 1387.3	    0.0	  200.0	  100.0	   45.5	    0.0	    0.0	    0.0	    0.0	    7.4	  1	  650.0	 1450.0	   45.5	    0.0	    0.0	1	  299.8	 21	    0.0	    8.0	
  110	  14.82	    0.0	 1500.0	    0.0	 -563.3	 1326.8	    0.0	  200.0	 -622.1	 1387.3	    0.0	  200.0	  100.0	   45.0	    0.0	    0.0	    0.0	    0.0	    7.5	  1	  650.0	 1450.0	   45.0	    0.0	    0.0	1	  299.8	 21	    0.0	    7.9	
  111	  14.93	    0.0	 1500.0	    0.0	 -563.3	 1326.8	    0.0	  200.0	 -622.1	 1387.3	    0.0	  200.0	  100.0	   44.5	    0.0	    0.0	    0.0	    0.0	    7.5	  1	  650.0	 1450.0	   44.5	    0.0	    0.0	1	  299.8	 21	    0.0	    7.9	
  112	  15.02	    0.0	 1500.0	    0.0	 -563.3	 1326.8	    0.0	  200.0	 -622.1	 1387.3	    0.0	  200.0	  100.0	   44.0	    0.0	    0.0	    0.0	    0.0	    7.6	  1	  650.0	 1450.0	   44.0	    0.0	    0.0	1	  299.8	 21	    0.0	    7.9	
  113	  15.12	    0.0	 1500.0	    0.0	 -563.3	 1326.8	    0.0	  200.0	 -622.1	 1387.3	    0.0	  200.0	  100.0	   43.5	    0.0	    0.0	    0.0	    0.0	    7.7	  1	  650.0	 1450.0	   43.5	    0.0	    0.0	1	  299.8	 21	    0.0	    7.8	
  114	  15.22	    0.0	 1500.0	    0.0	 -608.1	 1341.8	    0.0	  200.0	 -622.1	 1387.3	    0.0	  200.0	  100.0	   43.0	    0.0	    0.0	    0.0	    0.0	    7.7	  1	  550.0	 1850.0	   43.0	    0.0	    0.0	1	  397.8	 21	    0.0	    7.8	
  115	  15.32	    0.0	 1500.0	    0.0	 -608.1	 1341.8	    0.0	  200.0	 -622.1	 1387.3	    0.0	  200.0	  100.0	   42.5	    0.0	    0.0	    0.0	    0.0	    7.8	  1	  550.0	 1850.0	   42.5	    0.0	    0.0	1	  396.7	 21	    0.0	    7.7	
  116	  15.42	    0.0	 1500.0	    0.0	 -608.1	 1341.8	    0.0	  200.0	 -622.1	 1387.3	    0.0	  200.0	  100.0	   42.0	    0.0	    0.0	    0.0	    0.0	    7.9	  1	  550.0	 1850.0	   42.0	    0.0	    0.0	1	  395.7	 21	    0.0	    7.7	
  117	  15.53	    0.0	 1500.0	    0.0	 -608.1	 1341.8	    0.0	  200.0	 -622.1	 1387.3	    0.0	  200.0	  100.0	   41.5	    0.0	    0.0	    0.0	    0.0	    7.9	  1	  550.0	 1850.0	   41.5	    0.0	    0.0	1	  394.6	 21	    0.0	    7.7	
  118	  15.62	    0.0	 1500.0	    0.0	 -608.1	 1341.8	    0.0	  200.0	 -622.1	 1387.3	    0.0	  200.0	  100.0	   41.0	    0.0	    0.0	    0.0	    0.0	    8.0	  1	  550.0	 1850.0	   41.0	    0.0	    0.0	1	  393.6	 21	    0.0	    7.6	
  119	  15.73	    0.0	 1500.0	    0.0	 -613.2	 1343.1	    0.0	  200.0	 -622.1	 1387.3	    0.0	  200.0	  100.0	   40.5	    0.0	    0.0	    0.0	    0.0	    8.1	  1	  550.0	 1850.0	   40.5	    0.0	    0.0	1	  392.7	 21	    0.0	    7.6	
  120	  15.82	    0.0	 1500.0	    0.0	 -613.2	 1343.1	    0.0	  200.0	 -622.1	 1387.3	    0.0	  200.0	  100.0	   40.0	    0.0	    0.0	    0.0	    0.0	    8.1	  1	  550.0	 1850.0	   40.0	    0.0	    0.0	1	  391.6	 21	    0.0	    7.6	
  121	  15.92	    0.0	 1500.0	    0.0	 -613.2	 1343.1	    0.0	  200.0	 -622.1	 1387.3	    0.0	  200.0	  100.0	   39.5	    0.0	    0.0	    0.0	    0.0	    8.2	  1	  550.0	 1850.0	   39.5	    0.0	    0.0	1	  390.6	 21	    0.0	    7.5	
  122	  16.02	    0.0	 1500.0	    0.0	 -612.9	 1344.0	    0.0	  200.0	 -622.1	 1387.3	    0.0	  200.0	  100.0	   39.0	    0.0	    0.0	    0.0	    0.0	    8.3	  1	  550.0	 1850.0	   39.0	    0.0	    0.0	1	  389.4	 21	    0.0	    7.5	
  123	  16.12	    0.0	 1500.0	    0.0	 -612.9	 1344.0	    0.0	  200.0	 -622.1	 1387.3	    0.0	  200.0	  100.0	   38.5	    0.0	    0.0	    0.0	    0.0	    8.3	  1	  550.0	 1850.0	   38.5	    0.0	    0.0	1	  388.4	 21	    0.0	    7.5	
  124	  16.22	    0.0	 1500.0	    0.0	 -612.9	 1344.0	    0.0	  200.0	 -622.1	 1387.3	    0.0	  200.0	  100.0	   38.0	    0.0	    0.0	    0.0	    0.0	    8.4	  1	  550.0	 1850.0	   38.0	    0.0	    0.0	1	  387.3	 21	    0.0	    7.4	
  125	  16.32	    0.0	 1500.0	    0.0	 -612.9	 1344.0	    0.0	  200.0	 -622.1	 1387.3	    0.0	  200.0	  100.0	   37.5	    0.0	    0.0	    0.0	    0.0	    8.5	  1	  550.0	 1850.0	   37.5	    0.0	    0.0	1	  386.2	 21	    0.0	    7.4	
  126	  16.42	    0.0	 1500.0	    0.0	 -612.9	 1344.0	    0.0	  200.0	 -622.1	 1387.3	    0.0	  200.0	  100.0	   37.0	    0.0	    0.0	    0.0	    0.0	    8.5	  1	  550.0	 1850.0	   37.0	    0.0	    0.0	1	  385.1	 21	    0.0	    7.4	
  127	  16.52	    0.0	 1500.0	    0.0	 -612.9	 1344.0	    0.0	  200.0	 -622.1	 1387.3	    0.0	  200.0	  100.0	   36.5	    0.0	    0.0	    0.0	    0.0	    8.6	  1	  550.0	 1850.0	   36.5	    0.0	    0.0	1	  384.0	 21	    0.0	    7.3	
  128	  16.62	    0.0	 1500.0	    0.0	 -612.9	 1344.0	    0.0	  200.0	 -622.1	 1387.3	    0.0	  200.0	  100.0	   36.0	    0.0	    0.0	    0.0	    0.0	    8.7	  1	  550.0	 1850.0	   36.0	    0.0	    0.0	1	  382.9	 21	    0.0	    7.3	
  129	  16.72	    0.0	 1500.0	    0.0	 -620.7	 1349.9	    0.0	  200.0	 -622.1	 1387.3	    0.0	  200.0	  100.0	   35.5	    0.0	    0.0	    0.0	    0.0	    8.8	  1	  550.0	 1850.0	   35.5	    0.0	    0.0	1	  381.9	 21	    0.0	    7.3	
  130	  16.83	    0.0	 1500.0	    0.0	 -620.7	 1349.9	    0.0	  200.0	 -622.1	 1387.3	    0.0	  200.0	  100.0	   35.0	    0.0	    0.0	    0.0	    0.0	    8.8	  1	  550.0	 1850.0	   35.0	    0.0	    0.0	1	  380.8	 21	    0.0	    7.2	
  131	  16.92	    0.0	 1500.0	    0.0	 -620.7	 1349.9	    0.0	  200.0	 -622.1	 1387.3	    0.0	  200.0	  100.0	   34.5	    0.0	    0.0	    0.0	    0.0	    8.9	  1	  550.0	 1850.0	   34.5	    0.0	    0.0	1	  379.8	 21	    0.0	    7.2	
  132	  17.02	    0.0	 1500.0	    0.0	 -620.7	 1349.9	    0.0	  200.0	 -622.1	 1387.3	    0.0	  200.0	  100.0	   34.0	    0.0	    0.0	    0.0	    0.0	    9.0	  1	  550.0	 1850.0	   34.0	    0.0	    0.0	1	  378.7	 21	    0.0	    7.2	
  133	  17.12	    0.0	 1500.0	    0.0	 -595.8	 1341.9	    0.0	  200.0	 -622.1	 1387.3	    0.0	  200.0	  100.0	   33.5	    0.0	    0.0	    0.0	    0.0	    9.0	  1	  550.0	 1850.0	   33.5	    0.0	    0.0	1	  376.8	 21	    0.0	    7.2	
  134	  17.23	    0.0	 1500.0	    0.0	 -595.8	 1341.9	    0.0	  200.0	 -622.1	 1387.3	    0.0	  200.0	  100.0	   33.0	    0.0	    0.0	    0.0	    0.0	    9.1	  1	  550.0	 1850.0	   33.0	    0.0	    0.0	1	  375.7	 21	    0.0	    7.1	
  135	  17.33	    0.0	 1500.0	    0.0	 -595.8	 1341.9	    0.0	  200.0	 -622.1	 1387.3	    0.0	  200.0	  100.0	   32.5	    0.0	    0.0	    0.0	    0.0	    9.2	  1	  550.0	 1850.0	   32.5	    0.0	    0.0	1	  374.6	 21	    0.0	    7.1	
  136	  17.42	    0.0	 1500.0	    0.0	 -595.8	 1341.9	    0.0	  200.0	 -622.1	 1387.3	    0.0	  200.0	  100.0	   32.0	    0.0	    0.0	    0.0	    0.0	    9.2	  1	  550.0	 1850.0	   32.0	    0.0	    0.0	1	  373.5	 21	    0.0	    7.1	
  137	  17.52	    0.0	 1500.0	    0.0	 -595.8	 1341.9	    0.0	  200.0	 -622.1	 1387.3	    0.0	  200.0	  100.0	   31.5	    0.0	    0.0	    0.0	    0.0	    9.3	  1	  550.0	 1850.0	   31.5	    0.0	    0.0	1	  372.4	 21	    0.0	    7.0	
  138	  17.63	    0.0	 1500.0	    0.0	 -612.9	 1344.0	    0.0	  200.0	 -622.1	 1387.3	    0.0	  200.0	  100.0	   31.0	    0.0	    0.0	    0.0	    0.0	    9.4	  1	  550.0	 1850.0	   31.0	    0.0	    0.0	1	  371.9	 21	    0.0	    7.0	
  139	  17.73	    0.0	 1500.0	    0.0	 -515.2	 1332.3	    0.0	  200.0	 -622.1	 1387.3	    0.0	  200.0	  100.0	   30.5	    0.0	    0.0	    0.0	    0.0	    9.4	  1	  650.0	 1450.0	   30.5	    0.0	    0.0	1	  299.8	 21	    0.0	    4.2	
  140	  17.82	    0.0	 1500.0	    0.0	 -515.2	 1332.3	    0.0	  200.0	 -622.1	 1387.3	    0.0	  200.0	  100.0	   30.0	    0.0	    0.0	    0.0	    0.0	    9.5	  1	  550.0	 1850.0	   30.0	    0.0	    0.0	1	  365.9	 21	    0.0	    7.0	
  141	  17.93	    0.0	 1500.0	    0.0	 -515.2	 1332.3	    0.0	  200.0	 -622.1	 1387.3	    0.0	  200.0	  100.0	   29.5	    0.0	    0.0	    0.0	    0.0	    9.6	  1	  550.0	 1850.0	   29.5	    0.0	    0.0	1	  364.8	 21	    0.0	    6.9	
  142	  18.02	    0.0	 1500.0	    0.0	 -515.2	 1332.3	    0.0	  200.0	 -622.1	 1387.3	    0.0	  200.0	  100.0	   29.0	    0.0	    0.0	    0.0	    0.0	    9.6	  1	  550.0	 1850.0	   29.0	    0.0	    0.0	1	  363.8	 21	    0.0	    6.9	
  143	  18.12	    0.0	 1500.0	    0.0	 -453.2	 1317.1	    0.0	  200.0	 -622.1	 1387.3	    0.0	  200.0	  100.0	   28.5	    0.0	    0.0	    0.0	    0.0	    9.7	  1	  650.0	 1450.0	   28.5	    0.0	    0.0	1	  299.7	 21	    0.0	    5.3	
  144	  18.22	    0.0	 1500.0	    0.0	 -453.2	 1317.1	    0.0	  200.0	 -622.1	 1387.3	    0.0	  200.0	  100.0	   28.0	    0.0	    0.0	    0.0	    0.0	    9.8	  1	  550.0	 1850.0	   28.0	    0.0	    0.0	1	  359.6	 21	    0.0	    6.9	
  145	  18.32	    0.0	 1500.0	    0.0	 -453.2	 1317.1	    0.0	  200.0	 -622.1	 1387.3	    0.0	  200.0	  100.0	   27.5	    0.0	    0.0	    0.0	    0.0	    9.8	  1	  550.0	 1850.0	   27.5	    0.0	    0.0	1	  358.5	 21	    0.0	    6.8	
  146	  18.43	    0.0	 1500.0	    0.0	 -453.2	 1317.1	    0.0	  200.0	 -622.1	 1387.3	    0.0	  200.0	  100.0	   27.0	    0.0	    0.0	    0.0	    0.0	    9.9	  1	  550.0	 1850.0	   27.0	    0.0	    0.0	1	  357.5	 21	    0.0	    6.8	
  147	  18.52	    0.0	 1500.0	    0.0	 -453.2	 1317.1	    0.0	  200.0	 -622.1	 1387.3	    0.0	  200.0	  100.0	   26.5	    0.0	    0.0	    0.0	    0.0	   10.0	  1	  550.0	 1850.0	   26.5	    0.0	    0.0	1	  356.4	 21	    0.0	    6.8	
  148	  18.63	    0.0	 1500.0	    0.0	 -425.0	 1289.6	    0.0	  200.0	 -622.1	 1387.3	    0.0	  200.0	  100.0	   26.0	    0.0	    0.0	    0.0	    0.0	   10.0	  1	  650.0	 1450.0	   26.0	    0.0	    0.0	1	  299.7	 21	    0.0	    6.7	
  149	  18.72	    0.0	 1500.0	    0.0	 -425.0	 1289.6	    0.0	  200.0	 -622.1	 1387.3	    0.0	  200.0	  100.0	   25.5	    0.0	    0.0	    0.0	    0.0	   10.1	  1	  650.0	 1450.0	   25.5	    0.0	    0.0	1	  299.7	 21	    0.0	    6.7	
  150	  18.82	    0.0	 1500.0	    0.0	 -425.0	 1289.6	    0.0	  200.0	 -622.1	 1387.3	    0.0	  200.0	  100.0	   25.0	    0.0	    0.0	    0.0	    0.0	   10.2	  1	  650.0	 1450.0	   25.0	    0.0	    0.0	1	  299.7	 21	    0.0	    6.7	
  151	  18.93	    0.0	 1500.0	    0.0	 -425.0	 1289.6	    0.0	  200.0	 -622.1	 1387.3	    0.0	  200.0	  100.0	   24.5	    0.0	    0.0	    0.0	    0.0	   10.2	  1	  650.0	 1450.0	   24.5	    0.0	    0.0	1	  299.7	 21	    0.0	    6.6	
  152	  19.02	    0.0	 1500.0	    0.0	 -425.0	 1289.6	    0.0	  200.0	 -622.1	 1387.3	    0.0	  200.0	  100.0	   24.0	    0.0	    0.0	    0.0	    0.0	   10.3	  1	  650.0	 1450.0	   24.0	    0.0	    0.0	1	  299.7	 21	    0.0	    6.6	
  153	  19.12	    0.0	 1500.0	    0.0	 -439.8	 1222.9	    0.0	  200.0	 -622.1	 1387.3	    0.0	  200.0	  100.0	   23.5	    0.0	    0.0	    0.0	    0.0	   10.4	  1	  650.0	 1350.0	   23.5	    0.0	    0.0	1	  346.7	 21	    0.0	    6.5	
  154	  19.23	    0.0	 1500.0	    0.0	 -439.8	 1222.9	    0.0	  200.0	 -622.1	 1387.3	    0.0	  200.0	  100.0	   23.0	    0.0	    0.0	    0.0	    0.0	   10.4	  1	  650.0	 1450.0	   23.0	    0.0	    0.0	1	  299.7	 21	    0.0	    6.5	
  155	  19.32	    0.0	 1500.0	    0.0	 -439.8	 1222.9	    0.0	  200.0	 -622.1	 1387.3	    0.0	  200.0	  100.0	   22.5	    0.0	    0.0	    0.0	    0.0	   10.5	  1	  650.0	 1450.0	   22.5	    0.0	    0.0	1	  299.7	 21	    0.0	    6.5	
  156	  19.43	    0.0	 1500.0	    0.0	 -439.8	 1222.9	    0.0	  200.0	 -622.1	 1387.3	    0.0	  200.0	  100.0	   22.0	    0.0	    0.0	    0.0	    0.0	   10.6	  1	  650.0	 1450.0	   22.0	    0.0	    0.0	1	  299.7	 21	    0.0	    6.4	
  157	  19.52	    0.0	 1500.0	    0.0	 -457.7	 1191.5	    0.0	  200.0	 -622.1	 1387.3	    0.0	  200.0	  100.0	   21.5	    0.0	    0.0	    0.0	    0.0	   10.6	  1	  650.0	 1350.0	   21.5	    0.0	    0.0	1	  343.4	 21	    0.0	    6.4	
  158	  19.62	    0.0	 1500.0	    0.0	 -439.8	 1222.9	    0.0	  200.0	 -622.1	 1387.3	    0.0	  200.0	  100.0	   21.0	    0.0	    0.0	    0.0	    0.0	   10.7	  1	  650.0	 1450.0	   21.0	    0.0	    0.0	1	  299.7	 21	    0.0	    6.4	
  159	  19.72	    0.0	 1500.0	    0.0	 -457.7	 1191.5	    0.0	  200.0	 -622.1	 1387.3	    0.0	  200.0	  100.0	   20.5	    0.0	    0.0	    0.0	    0.0	   10.8	  1	  650.0	 1450.0	   20.5	    0.0	    0.0	1	  299.7	 21	    0.0	    6.3	
  160	  19.83	    0.0	 1500.0	    0.0	 -457.7	 1191.5	    0.0	  200.0	 -622.1	 1387.3	    0.0	  200.0	  100.0	   20.0	    0.0	    0.0	    0.0	    0.0	   10.9	  1	  650.0	 1450.0	   20.0	    0.0	    0.0	1	  299.7	 21	    0.0	    6.3	
  161	  19.92	    0.0	 1500.0	    0.0	 -457.7	 1191.5	    0.0	  200.0	 -622.1	 1387.3	    0.0	  200.0	  100.0	   19.5	    0.0	    0.0	    0.0	    0.0	   10.9	  1	  650.0	 1450.0	   19.5	    0.0	    0.0	1	  299.7	 21	    0.0	    6.3	
  162	  20.02	    0.0	 1500.0	    0.0	 -457.7	 1191.5	    0.0	  200.0	 -622.1	 1387.3	    0.0	  200.0	  100.0	   19.0	    0.0	    0.0	    0.0	    0.0	   11.0	  1	  650.0	 1450.0	   19.0	    0.0	    0.0	1	  299.7	 21	    0.0	    6.2	
  163	  20.12	    0.0	 1500.0	    0.0	 -457.7	 1191.5	    0.0	  200.0	 -622.1	 1387.3	    0.0	  200.0	  100.0	   18.5	    0.0	    0.0	    0.0	    0.0	   11.1	  1	  650.0	 1450.0	   18.5	    0.0	    0.0	1	  299.7	 21	    0.0	    6.2	
  164	  20.22	    0.0	 1500.0	    0.0	 -476.5	 1195.9	    0.0	  200.0	 -622.1	 1387.3	    0.0	  200.0	  100.0	   18.0	    0.0	    0.0	    0.0	    0.0	   11.1	  1	  650.0	 1450.0	   18.0	    0.0	    0.0	1	  299.7	 21	    0.0	    6.2	
  165	  20.33	    0.0	 1500.0	    0.0	 -476.5	 1195.9	    0.0	  200.0	 -622.1	 1387.3	    0.0	  200.0	  100.0	   17.5	    0.0	    0.0	    0.0	    0.0	   11.2	  1	  650.0	 1450.0	   17.5	    0.0	    0.0	1	  299.7	 21	    0.0	    6.1	
  166	  20.43	    0.0	 1500.0	    0.0	 -476.5	 1195.9	    0.0	  200.0	 -622.1	 1387.3	    0.0	  200.0	  100.0	   17.0	    0.0	    0.0	    0.0	    0.0	   11.3	  1	  650.0	 1450.0	   17.0	    0.0	    0.0	1	  299.7	 21	    0.0	    6.1	
  167	  20.52	    0.0	 1500.0	    0.0	 -476.5	 1195.9	    0.0	  200.0	 -622.1	 1387.3	    0.0	  200.0	  100.0	   16.5	    0.0	    0.0	    0.0	    0.0	   11.3	  1	  650.0	 1450.0	   16.5	    0.0	    0.0	1	  299.7	 21	    0.0	    6.1	
  168	  20.62	    0.0	 1500.0	    0.0	 -500.8	 1213.9	    0.0	  200.0	 -622.1	 1387.3	    0.0	  200.0	  100.0	   16.0	    0.0	    0.0	    0.0	    0.0	   11.4	  1	  650.0	 1450.0	   16.0	    0.0	    0.0	1	  299.7	 21	    0.0	    6.0	
  169	  20.73	    0.0	 1500.0	    0.0	 -500.8	 1213.9	    0.0	  200.0	 -622.1	 1387.3	    0.0	  200.0	  100.0	   15.5	    0.0	    0.0	    0.0	    0.0	   11.5	  1	  550.0	 1850.0	   15.5	    0.0	    0.0	1	  336.8	 21	    0.0	    6.0	
  170	  20.82	    0.0	 1500.0	    0.0	 -500.8	 1213.9	    0.0	  200.0	 -622.1	 1387.3	    0.0	  200.0	  100.0	   15.0	    0.0	    0.0	    0.0	    0.0	   11.5	  1	  550.0	 1850.0	   15.0	    0.0	    0.0	1	  335.6	 21	    0.0	    5.9	
  171	  20.92	    0.0	 1500.0	    0.0	 -500.8	 1213.9	    0.0	  200.0	 -622.1	 1387.3	    0.0	  200.0	  100.0	   14.5	    0.0	    0.0	    0.0	    0.0	   11.6	  1	  550.0	 1850.0	   14.5	    0.0	    0.0	1	  334.4	 21	    0.0	    5.9	
  172	  21.02	    0.0	 1500.0	    0.0	 -500.8	 1213.9	    0.0	  200.0	 -622.1	 1387.3	    0.0	  200.0	  100.0	   14.0	    0.0	    0.0	    0.0	    0.0	   11.7	  1	  550.0	 1850.0	   14.0	    0.0	    0.0	1	  333.2	 21	    0.0	    5.9	
  173	  21.12	    0.0	 1500.0	    0.0	 -505.6	 1224.1	    0.0	  200.0	 -622.1	 1387.3	    0.0	  200.0	  100.0	   13.5	    0.0	    0.0	    0.0	    0.0	   11.7	  1	  550.0	 1850.0	   13.5	    0.0	    0.0	1	  331.9	 21	    0.0	    5.8	
  174	  21.23	    0.0	 1500.0	    0.0	 -500.8	 1213.9	    0.0	  200.0	 -622.1	 1387.3	    0.0	  200.0	  100.0	   13.0	    0.0	    0.0	    0.0	    0.0	   11.8	  1	  550.0	 1850.0	   13.0	    0.0	    0.0	1	  330.9	 21	    0.0	    5.8	
  175	  21.32	    0.0	 1500.0	    0.0	 -505.6	 1224.1	    0.0	  200.0	 -622.1	 1387.3	    0.0	  200.0	  100.0	   12.5	    0.0	    0.0	    0.0	    0.0	   11.9	  1	  550.0	 1850.0	   12.5	    0.0	    0.0	1	  329.6	 21	    0.0	    5.8	
  176	  21.42	    0.0	 1500.0	    0.0	 -505.6	 1224.1	    0.0	  200.0	 -622.1	 1387.3	    0.0	  200.0	  100.0	   12.0	    0.0	    0.0	    0.0	    0.0	   11.9	  1	  550.0	 1850.0	   12.0	    0.0	    0.0	1	  328.4	 21	    0.0	    5.7	
  177	  21.53	    0.0	 1500.0	    0.0	 -505.6	 1224.1	    0.0	  200.0	 -622.1	 1387.3	    0.0	  200.0	  100.0	   11.5	    0.0	    0.0	    0.0	    0.0	   12.0	  1	  550.0	 1850.0	   11.5	    0.0	    0.0	1	  327.2	 21	    0.0	    5.7	
  178	  21.62	    0.0	 1500.0	    0.0	 -506.1	 1228.9	    0.0	  200.0	 -622.1	 1387.3	    0.0	  200.0	  100.0	   11.0	    0.0	    0.0	    0.0	    0.0	   12.1	  1	  550.0	 1850.0	   11.0	    0.0	    0.0	1	  326.0	 21	    0.0	    5.7	
  179	  21.73	    0.0	 1500.0	    0.0	 -506.1	 1228.9	    0.0	  200.0	 -622.1	 1387.3	    0.0	  200.0	  100.0	   10.5	    0.0	    0.0	    0.0	    0.0	   12.1	  1	  550.0	 1850.0	   10.5	    0.0	    0.0	1	  324.8	 21	    0.0	    5.6	
  180	  21.82	    0.0	 1500.0	    0.0	 -506.1	 1228.9	    0.0	  200.0	 -622.1	 1387.3	    0.0	  200.0	  100.0	   10.0	    0.0	    0.0	    0.0	    0.0	   12.2	  1	  550.0	 1850.0	   10.0	    0.0	    0.0	1	  323.6	 21	    0.0	    5.6	
  181	  21.92	    0.0	 1500.0	    0.0	 -506.1	 1228.9	    0.0	  200.0	 -622.1	 1387.3	    0.0	  200.0	  100.0	    9.5	    0.0	    0.0	    0.0	    0.0	   12.3	  1	  550.0	 1850.0	    9.5	    0.0	    0.0	1	  322.4	 21	    0.0	    5.6	
  182	  22.02	    0.0	 1500.0	    0.0	 -506.1	 1228.9	    0.0	  200.0	 -622.1	 1387.3	    0.0	  200.0	  100.0	    9.0	    0.0	    0.0	    0.0	    0.0	   12.3	  1	  550.0	 1850.0	    9.0	    0.0	    0.0	1	  321.2	 21	    0.0	    5.5	
  183	  22.12	    0.0	 1500.0	    0.0	 -526.2	 1239.9	    0.0	  200.0	 -622.1	 1387.3	    0.0	  200.0	  100.0	    8.5	    0.0	    0.0	    0.0	    0.0	   12.4	  1	  550.0	 1850.0	    8.5	    0.0	    0.0	1	  320.2	 21	    0.0	    5.5	
  184	  22.23	    0.0	 1500.0	    0.0	 -526.2	 1239.9	    0.0	  200.0	 -622.1	 1387.3	    0.0	  200.0	  100.0	    8.0	    0.0	    0.0	    0.0	    0.0	   12.5	  1	  550.0	 1850.0	    8.0	    0.0	    0.0	1	  319.0	 21	    0.0	    5.5	
  185	  22.32	    0.0	 1500.0	    0.0	 -548.1	 1343.1	    0.0	  200.0	 -622.1	 1387.3	    0.0	  200.0	  100.0	    7.5	    0.0	    0.0	    0.0	    0.0	   12.5	  1	  550.0	 1850.0	    7.5	    0.0	    0.0	1	  316.0	 21	    0.0	    5.3	
  186	  22.43	    0.0	 1500.0	    0.0	 -526.2	 1239.9	    0.0	  200.0	 -622.1	 1387.3	    0.0	  200.0	  100.0	    7.0	    0.0	    0.0	    0.0	    0.0	   12.6	  1	  550.0	 1850.0	    7.0	    0.0	    0.0	1	  317.4	 21	    0.0	    5.4	
  187	  22.53	    0.0	 1500.0	    0.0	 -526.2	 1239.9	    0.0	  200.0	 -622.1	 1387.3	    0.0	  200.0	  100.0	    6.5	    0.0	    0.0	    0.0	    0.0	   12.7	  1	  550.0	 1850.0	    6.5	    0.0	    0.0	1	  315.4	 21	    0.0	    5.4	
  188	  22.62	    0.0	 1500.0	    0.0	 -526.2	 1239.9	    0.0	  200.0	 -622.1	 1387.3	    0.0	  200.0	  100.0	    6.0	    0.0	    0.0	    0.0	    0.0	   12.8	  1	  550.0	 1850.0	    6.0	    0.0	    0.0	1	  314.2	 21	    0.0	    5.3	
  189	  22.73	    0.0	 1500.0	    0.0	 -530.2	 1244.5	    0.0	  200.0	 -622.1	 1387.3	    0.0	  200.0	  100.0	    5.5	    0.0	    0.0	    0.0	    0.0	   12.8	  1	  550.0	 1850.0	    5.5	    0.0	    0.0	1	  313.0	 21	    0.0	    5.3	
  190	  22.82	    0.0	 1500.0	    0.0	 -530.2	 1244.5	    0.0	  200.0	 -622.1	 1387.3	    0.0	  200.0	  100.0	    5.0	    0.0	    0.0	    0.0	    0.0	   12.9	  1	  550.0	 1850.0	    5.0	    0.0	    0.0	1	  311.8	 21	    0.0	    5.3	
  191	  22.93	    0.0	 1500.0	    0.0	 -530.2	 1244.5	    0.0	  200.0	 -622.1	 1387.3	    0.0	  200.0	  100.0	    4.5	    0.0	    0.0	    0.0	    0.0	   13.0	  1	  550.0	 1850.0	    4.5	    0.0	    0.0	1	  310.6	 21	    0.0	    5.2	
  192	  23.02	    0.0	 1500.0	    0.0	 -530.2	 1244.5	    0.0	  200.0	 -622.1	 1387.3	    0.0	  200.0	  100.0	    4.0	    0.0	    0.0	    0.0	    0.0	   13.0	  1	  550.0	 1850.0	    4.0	    0.0	    0.0	1	  309.4	 21	    0.0	    5.2	
  193	  23.13	    0.0	 1500.0	    0.0	 -530.2	 1244.5	    0.0	  200.0	 -622.1	 1387.3	    0.0	  200.0	  100.0	    3.5	    0.0	    0.0	    0.0	    0.0	   13.1	  1	  550.0	 1850.0	    3.5	    0.0	    0.0	1	  308.2	 21	    0.0	    5.2	
  194	  23.22	    0.0	 1500.0	    0.0	 -530.2	 1244.5	    0.0	  200.0	 -622.1	 1387.3	    0.0	  200.0	  100.0	    3.0	    0.0	    0.0	    0.0	    0.0	   13.2	  1	  550.0	 1850.0	    3.0	    0.0	    0.0	1	  307.0	 21	    0.0	    5.2	
  195	  23.32	    0.0	 1500.0	    0.0	 -530.2	 1244.5	    0.0	  200.0	 -622.1	 1387.3	    0.0	  200.0	  100.0	    2.5	    0.0	    0.0	    0.0	    0.0	   13.2	  1	  550.0	 1850.0	    2.5	    0.0	    0.0	1	  305.8	 21	    0.0	    5.1	
  196	  23.42	    0.0	 1500.0	    0.0	 -514.7	 1236.0	    0.0	  200.0	 -622.1	 1387.3	    0.0	  200.0	  100.0	    2.0	    0.0	    0.0	    0.0	    0.0	   13.3	  1	  550.0	 1850.0	    2.0	    0.0	    0.0	1	  304.6	 21	    0.0	    5.1	
  197	  23.52	    0.0	 1500.0	    0.0	 -514.7	 1236.0	    0.0	  200.0	 -622.1	 1387.3	    0.0	  200.0	  100.0	    1.5	    0.0	    0.0	    0.0	    0.0	   13.4	  1	  550.0	 1850.0	    1.5	    0.0	    0.0	1	  303.4	 21	    0.0	    5.1	
  198	  23.62	    0.0	 1500.0	    0.0	 -514.7	 1236.0	    0.0	  200.0	 -622.1	 1387.3	    0.0	  200.0	  100.0	    1.0	    0.0	    0.0	    0.0	    0.0	   13.4	  1	  550.0	 1850.0	    1.0	    0.0	    0.0	1	  302.2	 21	    0.0	    5.0	
  199	  23.73	    0.0	 1500.0	    0.0	 -514.7	 1236.0	    0.0	  200.0	 -622.1	 1387.3	    0.0	  200.0	  100.0	    0.5	    0.0	    0.0	    0.0	    0.0	   13.5	  1	  550.0	 1850.0	    0.5	    0.0	    0.0	1	  301.1	 21	    0.0	    5.0	
  200	  23.82	    0.0	 1500.0	    0.0	 -514.7	 1236.0	    0.0	  200.0	 -622.1	 1387.3	    0.0	  200.0	  100.0	    0.0	    0.0	    0.0	    0.0	    0.0	   13.6	  1	  550.0	 1850.0	    0.0	    0.0	    0.0	1	  299.9	 21	    0.0	    5.0	
  201	  23.92	    0.0	 1500.0	    0.0	 -514.7	 1236.0	    0.0	  200.0	 -622.1	 1387.3	    0.0	  200.0	  100.0	    0.0	    0.0	    0.0	    0.0	    0.0	   13.6	  1	  550.0	 1850.0	    0.0	    0.0	    0.0	1	  299.9	 21	    0.0	    5.0	
  202	  24.02	    0.0	 1500.0	    0.0	 -498.2	 1232.5	    0.0	  200.0	 -622.1	 1387.3	    0.0	  200.0	  100.0	    0.0	    0.0	    0.0	    0.0	    0.0	   13.7	  1	  550.0	 1850.0	    0.0	    0.0	    0.0	1	  299.9	 21	    0.0	    5.0	
  203	  24.12	    0.0	 1500.0	    0.0	 -498.2	 1232.5	    0.0	  200.0	 -622.1	 1387.3	    0.0	  200.0	  100.0	    0.0	    0.0	    0.0	    0.0	    0.0	   13.8	  1	  550.0	 1850.0	    0.0	    0.0	    0.0	1	  299.9	 21	    0.0	    5.0	
  204	  24.23	    0.0	 1500.0	    0.0	 -498.2	 1232.5	    0.0	  200.0	 -622.1	 1387.3	    0.0	  200.0	  100.0	    0.0	    0.0	    0.0	    0.0	    0.0	   13.8	  1	  550.0	 1850.0	    0.0	    0.0	    0.0	1	  299.9	 21	    0.0	    5.0	
  205	  24.33	    0.0	 1500.0	    0.0	 -498.2	 1232.5	    0.0	  200.0	 -622.1	 1387.3	    0.0	  200.0	  100.0	    0.0	    0.0	    0.0	    0.0	    0.0	   13.9	  1	  550.0	 1850.0	    0.0	    0.0	    0.0	1	  299.9	 21	    0.0	    5.0	
  206	  24.42	    0.0	 1500.0	    0.0	 -498.2	 1232.5	    0.0	  200.0	 -622.1	 1387.3	    0.0	  200.0	  100.0	    0.0	    0.0	    0.0	    0.0	    0.0	   14.0	  1	  550.0	 1850.0	    0.0	    0.0	    0.0	1	  299.9	 21	    0.0	    5.0	
  207	  24.52	    0.0	 1500.0	    0.0	 -498.2	 1232.5	    0.0	  200.0	 -622.1	 1387.3	    0.0	  200.0	  100.0	    0.0	    0.0	    0.0	    0.0	    0.0	   14.0	  1	  550.0	 1850.0	    0.0	    0.0	    0.0	1	  299.9	 21	    0.0	    5.0	
  208	  24.62	    0.0	 1500.0	    0.0	 -472.2	 1227.5	    0.0	  200.0	 -622.1	 1387.3	    0.0	  200.0	  100.0	    0.0	    0.0	    0.0	    0.0	    0.0	   14.1	  1	  550.0	 1850.0	    0.0	    0.0	    0.0	1	  299.9	 21	    0.0	    5.0	
  209	  24.72	    0.0	 1500.0	    0.0	 -472.2	 1227.5	    0.0	  200.0	 -622.1	 1387.3	    0.0	  200.0	  100.0	    0.0	    0.0	    0.0	    0.0	    0.0	   14.2	  1	  550.0	 1850.0	    0.0	    0.0	    0.0	1	  299.9	 21	    0.0	    5.0	
  210	  24.82	    0.0	 1500.0	    0.0	 -472.2	 1227.5	    0.0	  200.0	 -622.1	 1387.3	    0.0	  200.0	  100.0	    0.0	    0.0	    0.0	    0.0	    0.0	   14.2	  1	  550.0	 1850.0	    0.0	    0.0	    0.0	1	  299.9	 21	    0.0	    5.0	
  211	  24.92	    0.0	 1500.0	    0.0	 -472.2	 1227.5	    0.0	  200.0	 -622.1	 1387.3	    0.0	  200.0	  100.0	    0.0	    0.0	    0.0	    0.0	    0.0	   14.3	  1	  550.0	 1850.0	    0.0	    0.0	    0.0	1	  299.9	 21	    0.0	    5.0	
  212	  25.02	    0.0	 1500.0	    0.0	 -477.1	 1227.1	    0.0	  200.0	 -622.1	 1387.3	    0.0	  200.0	  100.0	    0.0	    0.0	    0.0	    0.0	    0.0	   14.4	  1	  550.0	 1850.0	    0.0	    0.0	    0.0	1	  299.9	 21	    0.0	    5.0	
  213	  25.12	    0.0	 1500.0	    0.0	 -477.1	 1227.1	    0.0	  200.0	 -622.1	 1387.3	    0.0	  200.0	  100.0	    0.0	    0.0	    0.0	    0.0	    0.0	   14.4	  1	  550.0	 1850.0	    0.0	    0.0	    0.0	1	  299.9	 21	    0.0	    5.0	
  214	  25.22	    0.0	 1500.0	    0.0	 -477.1	 1227.1	    0.0	  200.0	 -622.1	 1387.3	    0.0	  200.0	  100.0	    0.0	    0.0	    0.0	    0.0	    0.0	   14.5	  1	  550.0	 1850.0	    0.0	    0.0	    0.0	1	  299.9	 21	    0.0	    5.0	
  215	  25.32	    0.0	 1500.0	    0.0	 -477.1	 1227.1	    0.0	  200.0	 -622.1	 1387.3	    0.0	  200.0	  100.0	    0.0	    0.0	    0.0	    0.0	    0.0	   14.6	  1	  550.0	 1850.0	    0.0	    0.0	    0.0	1	  299.9	 21	    0.0	    5.0	
  216	  25.43	    0.0	 1500.0	    0.0	 -477.1	 1227.1	    0.0	  200.0	 -622.1	 1387.3	    0.0	  200.0	  100.0	    0.0	    0.0	    0.0	    0.0	    0.0	   14.7	  1	  550.0	 1850.0	    0.0	    0.0	    0.0	1	  299.9	 21	    0.0	    5.0	
  217	  25.52	    0.0	 1500.0	    0.0	 -496.5	 1236.1	    0.0	  200.0	 -622.1	 1387.3	    0.0	  200.0	  100.0	    0.0	    0.0	    0.0	    0.0	    0.0	   14.7	  1	  550.0	 1850.0	    0.0	    0.0	    0.0	1	  299.9	 21	    0.0	    5.0	
  218	  25.62	    0.0	 1500.0	    0.0	 -496.5	 1236.1	    0.0	  200.0	 -622.1	 1387.3	    0.0	  200.0	  100.0	    0.0	    0.0	    0.0	    0.0	    0.0	   14.8	  1	  550.0	 1850.0	    0.0	    0.0	    0.0	1	  299.9	 21	    0.0	    5.0	
  219	  25.72	    0.0	 1500.0	    0.0	 -496.5	 1236.1	    0.0	  200.0	 -622.1	 1387.3	    0.0	  200.0	  100.0	    0.0	    0.0	    0.0	    0.0	    0.0	   14.9	  1	  550.0	 1850.0	    0.0	    0.0	    0.0	1	  299.9	 21	    0.0	    5.0	
  220	  25.82	    0.0	 1500.0	    0.0	 -496.5	 1236.1	    0.0	  200.0	 -622.1	 1387.3	    0.0	  200.0	  100.0	    0.0	    0.0	    0.0	    0.0	    0.0	   14.9	  1	  550.0	 1850.0	    0.0	    0.0	    0.0	1	  299.9	 21	    0.0	    5.0	
  221	  25.93	    0.0	 1500.0	    0.0	 -496.5	 1236.1	    0.0	  200.0	 -622.1	 1387.3	    0.0	  200.0	  100.0	    0.0	    0.0	    0.0	    0.0	    0.0	   15.0	  1	  550.0	 1850.0	    0.0	    0.0	    0.0	1	  299.9	 21	    0.0	    5.0	
  222	  26.02	    0.0	 1500.0	    0.0	 -496.5	 1236.1	    0.0	  200.0	 -622.1	 1387.3	    0.0	  200.0	  100.0	    0.0	    0.0	    0.0	    0.0	    0.0	   15.1	  1	  550.0	 1850.0	    0.0	    0.0	    0.0	1	  299.9	 21	    0.0	    5.0	
  223	  26.12	    0.0	 1500.0	    0.0	 -514.9	 1227.4	    0.0	  200.0	 -622.1	 1387.3	    0.0	  200.0	  100.0	    0.0	    0.0	    0.0	    0.0	    0.0	   15.1	  1	  550.0	 1850.0	    0.0	    0.0	    0.0	1	  299.9	 21	    0.0	    5.0	
  224	  26.23	    0.0	 1500.0	    0.0	 -514.9	 1227.4	    0.0	  200.0	 -622.1	 1387.3	    0.0	  200.0	  100.0	    0.0	    0.0	    0.0	    0.0	    0.0	   15.2	  1	  550.0	 1850.0	    0.0	    0.0	    0.0	1	  299.9	 21	    0.0	    5.0	
  225	  26.32	    0.0	 1500.0	    0.0	 -514.9	 1227.4	    0.0	  200.0	 -622.1	 1387.3	    0.0	  200.0	  100.0	    0.0	    0.0	    0.0	    0.0	    0.0	   15.3	  1	  550.0	 1850.0	    0.0	    0.0	    0.0	1	  299.9	 21	    0.0	    5.0	
  226	  26.42	    0.0	 1500.0	    0.0	 -514.9	 1227.4	    0.0	  200.0	 -622.1	 1387.3	    0.0	  200.0	  100.0	    0.0	    0.0	    0.0	    0.0	    0.0	   15.3	  1	  550.0	 1850.0	    0.0	    0.0	    0.0	1	  299.9	 21	    0.0	    5.0	
  227	  26.52	    0.0	 1500.0	    0.0	 -532.3	 1233.6	    0.0	  200.0	 -622.1	 1387.3	    0.0	  200.0	  100.0	    0.0	    0.0	    0.0	    0.0	    0.0	   15.4	  1	  550.0	 1850.0	    0.0	    0.0	    0.0	1	  299.8	 21	    0.0	    5.0	
  228	  26.62	    0.0	 1500.0	    0.0	 -532.3	 1233.6	    0.0	  200.0	 -622.1	 1387.3	    0.0	  200.0	  100.0	    0.0	    0.0	    0.0	    0.0	    0.0	   15.5	  1	  550.0	 1850.0	    0.0	    0.0	    0.0	1	  299.8	 21	    0.0	    5.0	
  229	  26.72	    0.0	 1500.0	    0.0	 -532.3	 1233.6	    0.0	  200.0	 -622.1	 1387.3	    0.0	  200.0	  100.0	    0.0	    0.0	    0.0	    0.0	    0.0	   15.5	  1	  550.0	 1850.0	    0.0	    0.0	    0.0	1	  299.8	 21	    0.0	    5.0	
  230	  26.82	    0.0	 1500.0	    0.0	 -514.9	 1227.4	    0.0	  200.0	 -622.1	 1387.3	    0.0	  200.0	  100.0	    0.0	    0.0	    0.0	    0.0	    0.0	   15.6	  1	  550.0	 1850.0	    0.0	    0.0	    0.0	1	  299.9	 21	    0.0	    5.0	
  231	  26.93	    0.0	 1500.0	    0.0	 -532.3	 1233.6	    0.0	  200.0	 -622.1	 1387.3	    0.0	  200.0	  100.0	    0.0	    0.0	    0.0	    0.0	    0.0	   15.7	  1	  550.0	 1850.0	    0.0	    0.0	    0.0	1	  299.8	 21	    0.0	    5.0	
  232	  27.02	    0.0	 1500.0	    0.0	 -545.0	 1249.0	    0.0	  200.0	 -622.1	 1387.3	    0.0	  200.0	  100.0	    0.0	    0.0	    0.0	    0.0	    0.0	   15.7	  1	  550.0	 1850.0	    0.0	    0.0	    0.0	1	  299.8	 21	    0.0	    5.0	
  233	  27.13	    0.0	 1500.0	    0.0	 -532.3	 1233.6	    0.0	  200.0	 -622.1	 1387.3	    0.0	  200.0	  100.0	    0.0	    0.0	    0.0	    0.0	    0.0	   15.8	  1	  550.0	 1850.0	    0.0	    0.0	    0.0	1	  299.8	 21	    0.0	    5.0	
  234	  27.23	    0.0	 1500.0	    0.0	 -545.0	 1249.0	    0.0	  200.0	 -622.1	 1387.3	    0.0	  200.0	  100.0	    0.0	    0.0	    0.0	    0.0	    0.0	   15.9	  1	  550.0	 1850.0	    0.0	    0.0	    0.0	1	  299.8	 21	    0.0	    5.0	
  235	  27.32	    0.0	 1500.0	    0.0	 -545.0	 1249.0	    0.0	  200.0	 -622.1	 1387.3	    0.0	  200.0	  100.0	    0.0	    0.0	    0.0	    0.0	    0.0	   15.9	  1	  550.0	 1850.0	    0.0	    0.0	    0.0	1	  299.8	 21	    0.0	    5.0	
  236	  27.42	    0.0	 1500.0	    0.0	 -545.0	 1249.0	    0.0	  200.0	 -622.1	 1387.3	    0.0	  200.0	  100.0	    0.0	    0.0	    0.0	    0.0	    0.0	   16.0	  1	  550.0	 1850.0	    0.0	    0.0	    0.0	1	  299.8	 21	    0.0	    5.0	
  237	  27.52	    0.0	 1500.0	    0.0	 -555.8	 1259.7	    0.0	  200.0	 -622.1	 1387.3	    0.0	  200.0	  100.0	    0.0	    0.0	    0.0	    0.0	    0.0	   16.1	  1	  550.0	 1850.0	    0.0	    0.0	    0.0	1	  299.8	 21	    0.0	    5.0	
  238	  27.62	    0.0	 1500.0	    0.0	 -545.0	 1249.0	    0.0	  200.0	 -622.1	 1387.3	    0.0	  200.0	  100.0	    0.0	    0.0	    0.0	    0.0	    0.0	   16.1	  1	  550.0	 1850.0	    0.0	    0.0	    0.0	1	  299.8	 21	    0.0	    5.0	
  239	  27.72	    0.0	 1500.0	    0.0	 -555.8	 1259.7	    0.0	  200.0	 -622.1	 1387.3	    0.0	  200.0	  100.0	    0.0	    0.0	    0.0	    0.0	    0.0	   16.2	  1	  550.0	 1850.0	    0.0	    0.0	    0.0	1	  299.8	 21	    0.0	    5.0	
  240	  27.82	    0.0	 1500.0	    0.0	 -555.8	 1259.7	    0.0	  200.0	 -622.1	 1387.3	    0.0	  200.0	  100.0	    0.0	    0.0	    0.0	    0.0	    0.0	   16.3	  1	  550.0	 1850.0	    0.0	    0.0	    0.0	1	  299.8	 21	    0.0	    5.0	
  241	  27.92	    0.0	 1500.0	    0.0	 -555.8	 1259.7	    0.0	  200.0	 -622.1	 1387.3	    0.0	  200.0	  100.0	    0.0	    0.0	    0.0	    0.0	    0.0	   16.3	  1	  550.0	 1850.0	    0.0	    0.0	    0.0	1	  299.8	 21	    0.0	    5.0	
  242	  28.02	    0.0	 1500.0	    0.0	 -537.7	 1266.1	    0.0	  200.0	 -622.1	 1387.3	    0.0	  200.0	  100.0	    0.0	    0.0	    0.0	    0.0	    0.0	   16.4	  1	  550.0	 1850.0	    0.0	    0.0	    0.0	1	  299.8	 21	    0.0	    5.0	
  243	  28.12	    0.0	 1500.0	    0.0	 -555.8	 1259.7	    0.0	  200.0	 -622.1	 1387.3	    0.0	  200.0	  100.0	    0.0	    0.0	    0.0	    0.0	    0.0	   16.5	  1	  550.0	 1850.0	    0.0	    0.0	    0.0	1	  299.8	 21	    0.0	    5.0	
  244	  28.22	    0.0	 1500.0	    0.0	 -537.7	 1266.1	    0.0	  200.0	 -622.1	 1387.3	    0.0	  200.0	  100.0	    0.0	    0.0	    0.0	    0.0	    0.0	   16.6	  1	  550.0	 1850.0	    0.0	    0.0	    0.0	1	  299.8	 21	    0.0	    5.0	
  245	  28.32	    0.0	 1500.0	    0.0	 -537.7	 1266.1	    0.0	  200.0	 -622.1	 1387.3	    0.0	  200.0	  100.0	    0.0	    0.0	    0.0	    0.0	    0.0	   16.6	  1	  550.0	 1850.0	    0.0	    0.0	    0.0	1	  299.8	 21	    0.0	    5.0	
  246	  28.42	    0.0	 1500.0	    0.0	 -537.7	 1266.1	    0.0	  200.0	 -622.1	 1387.3	    0.0	  200.0	  100.0	    0.0	    0.0	    0.0	    0.0	    0.0	   16.7	  1	  550.0	 1850.0	    0.0	    0.0	    0.0	1	  299.8	 21	    0.0	    5.0	
  247	  28.52	    0.0	 1500.0	    0.0	 -527.3	 1319.7	    0.0	  200.0	 -622.1	 1387.3	    0.0	  200.0	  100.0	    0.0	    0.0	    0.0	    0.0	    0.0	   16.8	  1	  550.0	 1850.0	    0.0	    0.0	    0.0	1	  299.8	 21	    0.0	    5.0	
  248	  28.62	    0.0	 1500.0	    0.0	 -537.7	 1266.1	    0.0	  200.0	 -622.1	 1387.3	    0.0	  200.0	  100.0	    0.0	    0.0	    0.0	    0.0	    0.0	   16.8	  1	  550.0	 1850.0	    0.0	    0.0	    0.0	1	  299.8	 21	    0.0	    5.0	
  249	  28.73	    0.0	 1500.0	    0.0	 -527.3	 1319.7	    0.0	  200.0	 -622.1	 1387.3	    0.0	  200.0	  100.0	    0.0	    0.0	    0.0	    0.0	    0.0	   16.9	  1	  550.0	 1850.0	    0.0	    0.0	    0.0	1	  299.8	 21	    0.0	    5.0	
  250	  28.82	    0.0	 1500.0	    0.0	 -527.3	 1319.7	    0.0	  200.0	 -622.1	 1387.3	    0.0	  200.0	  100.0	    0.0	    0.0	    0.0	    0.0	    0.0	   17.0	  1	  550.0	 1850.0	    0.0	    0.0	    0.0	1	  299.8	 21	    0.0	    5.0	
  251	  28.93	    0.0	 1500.0	    0.0	 -527.3	 1319.7	    0.0	  200.0	 -622.1	 1387.3	    0.0	  200.0	  100.0	    0.0	    0.0	    0.0	    0.0	    0.0	   17.0	  1	  550.0	 1850.0	    0.0	    0.0	    0.0	1	  299.8	 21	    0.0	    5.0	
  252	  29.02	    0.0	 1500.0	    0.0	 -527.3	 1319.7	    0.0	  200.0	 -622.1	 1387.3	    0.0	  200.0	  100.0	    0.0	    0.0	    0.0	    0.0	    0.0	   17.1	  1	  550.0	 1850.0	    0.0	    0.0	    0.0	1	  299.8	 21	    0.0	    5.0	
  253	  29.12	    0.0	 1500.0	    0.0	 -549.3	 1342.4	    0.0	  200.0	 -622.1	 1387.3	    0.0	  200.0	  100.0	    0.0	    0.0	    0.0	    0.0	    0.0	   17.2	  1	  550.0	 1850.0	    0.0	    0.0	    0.0	1	  299.8	 21	    0.0	    5.0	
  254	  29.23	    0.0	 1500.0	    0.0	 -549.3	 1342.4	    0.0	  200.0	 -622.1	 1387.3	    0.0	  200.0	  100.0	    0.0	    0.0	    0.0	    0.0	    0.0	   17.2	  1	  550.0	 1850.0	    0.0	    0.0	    0.0	1	  299.8	 21	    0.0	    5.0	
  255	  29.32	    0.0	 1500.0	    0.0	 -549.3	 1342.4	    0.0	  200.0	 -622.1	 1387.3	    0.0	  200.0	  100.0	    0.0	    0.0	    0.0	    0.0	    0.0	   17.3	  1	  550.0	 1850.0	    0.0	    0.0	    0.0	1	  299.8	 21	    0.0	    5.0	
  256	  29.43	    0.0	 1500.0	    0.0	 -549.3	 1342.4	    0.0	  200.0	 -622.1	 1387.3	    0.0	  200.0	  100.0	    0.0	    0.0	    0.0	    0.0	    0.0	   17.4	  1	  550.0	 1850.0	    0.0	    0.0	    0.0	1	  299.8	 21	    0.0	    5.0	
  257	  29.52	    0.0	 1500.0	    0.0	 -549.3	 1342.4	    0.0	  200.0	 -622.1	 1387.3	    0.0	  200.0	  100.0	    0.0	    0.0	    0.0	    0.0	    0.0	   17.4	  1	  550.0	 1850.0	    0.0	    0.0	    0.0	1	  299.8	 21	    0.0	    5.0	
  258	  29.62	    0.0	 1500.0	    0.0	 -601.5	 1338.3	    0.0	  200.0	 -622.1	 1387.3	    0.0	  200.0	  100.0	    0.0	    0.0	    0.0	    0.0	    0.0	   17.5	  1	  550.0	 1850.0	    0.0	    0.0	    0.0	1	  299.8	 21	    0.0	    5.0	
  259	  29.72	    0.0	 1500.0	    0.0	 -601.5	 1338.3	    0.0	  200.0	 -622.1	 1387.3	    0.0	  200.0	  100.0	    0.0	    0.0	    0.0	    0.0	    0.0	   17.6	  1	  550.0	 1850.0	    0.0	    0.0	    0.0	1	  299.8	 21	    0.0	    5.0	
  260	  29.82	    0.0	 1500.0	    0.0	 -601.5	 1338.3	    0.0	  200.0	 -622.1	 1387.3	    0.0	  200.0	  100.0	    0.0	    0.0	    0.0	    0.0	    0.0	   17.6	  1	  550.0	 1850.0	    0.0	    0.0	    0.0	1	  299.8	 21	    0.0	    5.0	
  261	  29.93	    0.0	 1500.0	    0.0	 -601.5	 1338.3	    0.0	  200.0	 -622.1	 1387.3	    0.0	  200.0	  100.0	    0.0	    0.0	    0.0	    0.0	    0.0	   17.7	  1	  550.0	 1850.0	    0.0	    0.0	    0.0	1	  299.8	 21	    0.0	    5.0	
  262	  30.02	    0.0	 1500.0	    0.0	 -601.5	 1338.3	    0.0	  200.0	 -622.1	 1387.3	    0.0	  200.0	  100.0	    0.0	    0.0	    0.0	    0.0	    0.0	   17.8	  1	  550.0	 1850.0	    0.0	    0.0	    0.0	1	  299.8	 21	    0.0	    5.0	
  263	  30.12	    0.0	 1500.0	    0.0	 -594.1	 1355.6	    0.0	  200.0	 -622.1	 1387.3	    0.0	  200.0	  100.0	    0.0	    0.0	    0.0	    0.0	    0.0	   17.8	  1	  550.0	 1850.0	    0.0	    0.0	    0.0	1	  299.8	 21	    0.0	    5.0	
  264	  30.22	    0.0	 1500.0	    0.0	 -594.1	 1355.6	    0.0	  200.0	 -622.1	 1387.3	    0.0	  200.0	  100.0	    0.0	    0.0	    0.0	    0.0	    0.0	   17.9	  1	  550.0	 1850.0	    0.0	    0.0	    0.0	1	  299.8	 21	    0.0	    5.0	
  265	  30.32	    0.0	 1500.0	    0.0	 -594.1	 1355.6	    0.0	  200.0	 -622.1	 1387.3	    0.0	  200.0	  100.0	    0.0	    0.0	    0.0	    0.0	    0.0	   18.0	  1	  550.0	 1850.0	    0.0	    0.0	    0.0	1	  299.8	 21	    0.0	    5.0	
  266	  30.42	    0.0	 1500.0	    0.0	 -594.1	 1355.6	    0.0	  200.0	 -622.1	 1387.3	    0.0	  200.0	  100.0	    0.0	    0.0	    0.0	    0.0	    0.0	   18.0	  1	  550.0	 1850.0	    0.0	    0.0	    0.0	1	  299.8	 21	    0.0	    5.0	
  267	  30.52	    0.0	 1500.0	    0.0	 -602.5	 1341.7	    0.0	  200.0	 -622.1	 1387.3	    0.0	  200.0	  100.0	    0.0	    0.0	    0.0	    0.0	    0.0	   18.1	  1	  550.0	 1850.0	    0.0	    0.0	    0.0	1	  299.8	 21	    0.0	    5.0	
  268	  30.62	    0.0	 1500.0	    0.0	 -602.5	 1341.7	    0.0	  200.0	 -622.1	 1387.3	    0.0	  200.0	  100.0	    0.0	    0.0	    0.0	    0.0	    0.0	   18.2	  1	  550.0	 1850.0	    0.0	    0.0	    0.0	1	  299.8	 21	    0.0	    5.0	
  269	  30.72	    0.0	 1500.0	    0.0	 -602.5	 1341.7	    0.0	  200.0	 -622.1	 1387.3	    0.0	  200.0	  100.0	    0.0	    0.0	    0.0	    0.0	    0.0	   18.2	  1	  550.0	 1850.0	    0.0	    0.0	    0.0	1	  299.8	 21	    0.0	    5.0	
  270	  30.82	    0.0	 1500.0	    0.0	 -602.5	 1341.7	    0.0	  200.0	 -622.1	 1387.3	    0.0	  200.0	  100.0	    0.0	    0.0	    0.0	    0.0	    0.0	   18.3	  1	  550.0	 1850.0	    0.0	    0.0	    0.0	1	  299.8	 21	    0.0	    5.0	
  271	  30.92	    0.0	 1500.0	    0.0	 -602.5	 1341.7	    0.0	  200.0	 -622.1	 1387.3	    0.0	  200.0	  100.0	    0.0	    0.0	    0.0	    0.0	    0.0	   18.4	  1	  550.0	 1850.0	    0.0	    0.0	    0.0	1	  299.8	 21	    0.0	    5.0	
  272	  31.02	    0.0	 1500.0	    0.0	 -602.5	 1341.7	    0.0	  200.0	 -622.1	 1387.3	    0.0	  200.0	  100.0	    0.0	    0.0	    0.0	    0.0	    0.0	   18.5	  1	  550.0	 1850.0	    0.0	    0.0	    0.0	1	  299.8	 21	    0.0	    5.0	
  273	  31.13	    0.0	 1500.0	    0.0	 -584.2	 1309.5	    0.0	  200.0	 -622.1	 1387.3	    0.0	  200.0	  100.0	    0.0	    0.0	    0.0	    0.0	    0.0	   18.5	  1	  550.0	 1850.0	    0.0	    0.0	    0.0	1	  299.8	 21	    0.0	    5.0	
  274	  31.22	    0.0	 1500.0	    0.0	 -584.2	 1309.5	    0.0	  200.0	 -622.1	 1387.3	    0.0	  200.0	  100.0	    0.0	    0.0	    0.0	    0.0	    0.0	   18.6	  1	  550.0	 1850.0	    0.0	    0.0	    0.0	1	  299.8	 21	    0.0	    5.0	
  275	  31.32	    0.0	 1500.0	    0.0	 -603.8	 1380.4	    0.0	  200.0	 -622.1	 1387.3	    0.0	  200.0	  100.0	    0.0	    0.0	    0.0	    0.0	    0.0	   18.7	  1	  550.0	 1850.0	    0.0	    0.0	    0.0	1	  299.8	 21	    0.0	    5.0	
  276	  31.42	    0.0	 1500.0	    0.0	 -584.2	 1309.5	    0.0	  200.0	 -622.1	 1387.3	    0.0	  200.0	  100.0	    0.0	    0.0	    0.0	    0.0	    0.0	   18.7	  1	  550.0	 1850.0	    0.0	    0.0	    0.0	1	  299.8	 21	    0.0	    5.0	
  277	  31.52	    0.0	 1500.0	    0.0	 -584.2	 1309.5	    0.0	  200.0	 -622.1	 1387.3	    0.0	  200.0	  100.0	    0.0	    0.0	    0.0	    0.0	    0.0	   18.8	  1	  550.0	 1850.0	    0.0	    0.0	    0.0	1	  299.8	 21	    0.0	    5.0	
  278	  31.63	    0.0	 1500.0	    0.0	 -584.2	 1294.8	    0.0	  200.0	 -622.1	 1387.3	    0.0	  200.0	  100.0	    0.0	    0.0	    0.0	    0.0	    0.0	   18.9	  1	  550.0	 1850.0	    0.0	    0.0	    0.0	1	  299.8	 21	    0.0	    5.0	
  279	  31.72	    0.0	 1500.0	    0.0	 -584.2	 1294.8	    0.0	  200.0	 -622.1	 1387.3	    0.0	  200.0	  100.0	    0.0	    0.0	    0.0	    0.0	    0.0	   18.9	  1	  550.0	 1850.0	    0.0	    0.0	    0.0	1	  299.8	 21	    0.0	    5.0	
  280	  31.82	    0.0	 1500.0	    0.0	 -584.2	 1294.8	    0.0	  200.0	 -622.1	 1387.3	    0.0	  200.0	  100.0	    0.0	    0.0	    0.0	    0.0	    0.0	   19.0	  1	  550.0	 1850.0	    0.0	    0.0	    0.0	1	  299.8	 21	    0.0	    5.0	
  281	  31.92	    0.0	 1500.0	    0.0	 -584.2	 1294.8	    0.0	  200.0	 -622.1	 1387.3	    0.0	  200.0	  100.0	    0.0	    0.0	    0.0	    0.0	    0.0	   19.1	  1	  550.0	 1850.0	    0.0	    0.0	    0.0	1	  299.8	 21	    0.0	    5.0	
  282	  32.03	    0.0	 1500.0	    0.0	 -584.2	 1294.8	    0.0	  200.0	 -622.1	 1387.3	    0.0	  200.0	  100.0	    0.0	    0.0	    0.0	    0.0	    0.0	   19.1	  1	  550.0	 1850.0	    0.0	    0.0	    0.0	1	  299.8	 21	    0.0	    5.0	
  283	  32.12	    0.0	 1500.0	    0.0	 -593.2	 1284.8	    0.0	  200.0	 -622.1	 1387.3	    0.0	  200.0	  100.0	    0.0	    0.0	    0.0	    0.0	    0.0	   19.2	  1	  550.0	 1850.0	    0.0	    0.0	    0.0	1	  299.8	 21	    0.0	    5.0	
  284	  32.23	    0.0	 1500.0	    0.0	 -593.2	 1284.8	    0.0	  200.0	 -622.1	 1387.3	    0.0	  200.0	  100.0	    0.0	    0.0	    0.0	    0.0	    0.0	   19.3	  1	  550.0	 1850.0	    0.0	    0.0	    0.0	1	  299.8	 21	    0.0	    5.0	
  285	  32.32	    0.0	 1500.0	    0.0	 -593.2	 1284.8	    0.0	  200.0	 -622.1	 1387.3	    0.0	  200.0	  100.0	    0.0	    0.0	    0.0	    0.0	    0.0	   19.3	  1	  550.0	 1850.0	    0.0	    0.0	    0.0	1	  299.8	 21	    0.0	    5.0	
  286	  32.42	    0.0	 1500.0	    0.0	 -593.2	 1284.8	    0.0	  200.0	 -622.1	 1387.3	    0.0	  200.0	  100.0	    0.0	    0.0	    0.0	    0.0	    0.0	   19.4	  1	  550.0	 1850.0	    0.0	    0.0	    0.0	1	  299.8	 21	    0.0	    5.0	
  287	  32.52	    0.0	 1500.0	    0.0	 -593.2	 1284.8	    0.0	  200.0	 -622.1	 1387.3	    0.0	  200.0	  100.0	    0.0	    0.0	    0.0	    0.0	    0.0	   19.5	  1	  550.0	 1850.0	    0.0	    0.0	    0.0	1	  299.8	 21	    0.0	    5.0	
  288	  32.62	    0.0	 1500.0	    0.0	 -597.3	 1283.5	    0.0	  200.0	 -622.1	 1387.3	    0.0	  200.0	  100.0	    0.0	    0.0	    0.0	    0.0	    0.0	   19.5	  1	  550.0	 1850.0	    0.0	    0.0	    0.0	1	  299.8	 21	    0.0	    5.0	
  289	  32.73	    0.0	 1500.0	    0.0	 -597.3	 1283.5	    0.0	  200.0	 -622.1	 1387.3	    0.0	  200.0	  100.0	    0.0	    0.0	    0.0	    0.0	    0.0	   19.6	  1	  550.0	 1850.0	    0.0	    0.0	    0.0	1	  299.8	 21	    0.0	    5.0	
  290	  32.82	    0.0	 1500.0	    0.0	 -597.3	 1283.5	    0.0	  200.0	 -622.1	 1387.3	    0.0	  200.0	  100.0	    0.0	    0.0	    0.0	    0.0	    0.0	   19.7	  1	  550.0	 1850.0	    0.0	    0.0	    0.0	1	  299.8	 21	    0.0	    5.0	
  291	  32.93	    0.0	 1500.0	    0.0	 -597.3	 1283.5	    0.0	  200.0	 -622.1	 1387.3	    0.0	  200.0	  100.0	    0.0	    0.0	    0.0	    0.0	    0.0	   19.7	  1	  550.0	 1850.0	    0.0	    0.0	    0.0	1	  299.8	 21	    0.0	    5.0	
  292	  33.02	    0.0	 1500.0	    0.0	 -597.3	 1283.5	    0.0	  200.0	 -622.1	 1387.3	    0.0	  200.0	  100.0	    0.0	    0.0	    0.0	    0.0	    0.0	   19.8	  1	  550.0	 1850.0	    0.0	    0.0	    0.0	1	  299.8	 21	    0.0	    5.0	
  293	  33.12	    0.0	 1500.0	    0.0	 -597.3	 1283.5	    0.0	  200.0	 -622.1	 1387.3	    0.0	  200.0	  100.0	    0.0	    0.0	    0.0	    0.0	    0.0	   19.9	  1	  550.0	 1850.0	    0.0	    0.0	    0.0	1	  299.8	 21	    0.0	    5.0	
  294	  33.23	    0.0	 1500.0	    0.0	 -601.0	 1272.2	    0.0	  200.0	 -622.1	 1387.3	    0.0	  200.0	  100.0	    0.0	    0.0	    0.0	    0.0	    0.0	   19.9	  1	  550.0	 1850.0	    0.0	    0.0	    0.0	1	  299.8	 21	    0.0	    5.0	
  295	  33.32	    0.0	 1500.0	    0.0	 -601.0	 1272.2	    0.0	  200.0	 -622.1	 1387.3	    0.0	  200.0	  100.0	    0.0	    0.0	    0.0	    0.0	    0.0	   20.0	  1	  550.0	 1850.0	    0.0	    0.0	    0.0	1	  299.8	 21	    0.0	    5.1	
  296	  33.42	    0.0	 1500.0	    0.0	 -601.0	 1272.2	    0.0	  200.0	 -622.1	 1387.3	    0.0	  200.0	  100.0	    0.0	    0.0	    0.0	    0.0	    0.0	   20.1	  1	  550.0	 1850.0	    0.0	    0.0	    0.0	1	  299.8	 21	    0.0	    5.1	
  297	  33.52	    0.0	 1500.0	    0.0	 -601.0	 1272.2	    0.0	  200.0	 -622.1	 1387.3	    0.0	  200.0	  100.0	    0.0	    0.0	    0.0	    0.0	    0.0	   20.1	  1	  550.0	 1850.0	    0.0	    0.0	    0.0	1	  299.9	 21	    0.0	    5.1	
  298	  33.62	    0.0	 1500.0	    0.0	 -601.0	 1272.2	    0.0	  200.0	 -622.1	 1387.3	    0.0	  200.0	  100.0	    0.0	    0.0	    0.0	    0.0	    0.0	   20.2	  1	  550.0	 1850.0	    0.0	    0.0	    0.0	1	  299.9	 21	    0.0	    5.2	
  299	  33.72	    0.0	 1500.0	    0.0	 -598.9	 1274.8	    0.0	  200.0	 -622.1	 1387.3	    0.0	  200.0	  100.0	    0.0	    0.0	    0.0	    0.0	    0.0	   20.3	  1	  550.0	 1850.0	    0.0	    0.0	    0.0	1	  299.9	 21	    0.0	    5.2	
  300	  33.82	    0.0	 1500.0	    0.0	 -598.9	 1274.8	    0.0	  200.0	 -622.1	 1387.3	    0.0	  200.0	  100.0	    0.0	    0.0	    0.0	    0.0	    0.0	   20.3	  1	  550.0	 1850.0	    0.0	    0.0	    0.0	1	  299.9	 21	    0.0	    5.3	
  301	  33.92	    0.0	 1500.0	    0.0	 -598.9	 1274.8	    0.0	  200.0	 -622.1	 1387.3	    0.0	  200.0	  100.0	    0.0	    0.0	    0.0	    0.0	    0.0	   20.4	  1	  550.0	 1850.0	    0.0	    0.0	    0.0	1	  299.9	 21	    0.0	    5.3	
  302	  34.02	    0.0	 1500.0	    0.0	 -598.9	 1274.8	    0.0	  200.0	 -622.1	 1387.3	    0.0	  200.0	  100.0	    0.0	    0.0	    0.0	    0.0	    0.0	   20.5	  1	  550.0	 1850.0	    0.0	    0.0	    0.0	1	  299.9	 21	    0.0	    5.4	
  303	  34.12	    0.0	 1500.0	    0.0	 -598.9	 1274.8	    0.0	  200.0	 -622.1	 1387.3	    0.0	  200.0	  100.0	    0.0	    0.0	    0.0	    0.0	    0.0	   20.6	  1	  550.0	 1850.0	    0.0	    0.0	    0.0	1	  299.9	 21	    0.0	    5.4	
  304	  34.23	    0.0	 1500.0	    0.0	 -598.9	 1274.8	    0.0	  200.0	 -622.1	 1387.3	    0.0	  200.0	  100.0	    0.0	    0.0	    0.0	    0.0	    0.0	   20.6	  1	  550.0	 1850.0	    0.0	    0.0	    0.0	1	  299.9	 21	    0.0	    5.5	
  305	  34.32	    0.0	 1500.0	    0.0	 -598.9	 1274.8	    0.0	  200.0	 -622.1	 1387.3	    0.0	  200.0	  100.0	    0.0	    0.0	    0.0	    0.0	    0.0	   20.7	  1	  550.0	 1850.0	    0.0	    0.0	    0.0	1	  299.9	 21	    0.0	    5.6	
  306	  34.42	    0.0	 1500.0	    0.0	 -598.9	 1274.8	    0.0	  200.0	 -622.1	 1387.3	    0.0	  200.0	  100.0	    0.0	    0.0	    0.0	    0.0	    0.0	   20.8	  1	  550.0	 1850.0	    0.0	    0.0	    0.0	1	  299.9	 21	    0.0	    5.7	
  307	  34.52	    0.0	 1500.0	    0.0	 -598.9	 1274.8	    0.0	  200.0	 -622.1	 1387.3	    0.0	  200.0	  100.0	    0.0	    0.0	    0.0	    0.0	    0.0	   20.8	  1	  550.0	 1850.0	    0.0	    0.0	    0.0	1	  299.9	 21	    0.0	    5.7	
  308	  34.62	    0.0	 1500.0	    0.0	 -598.9	 1274.8	    0.0	  200.0	 -622.1	 1387.3	    0.0	  200.0	  100.0	    0.0	    0.0	    0.0	    0.0	    0.0	   20.9	  1	  550.0	 1850.0	    0.0	    0.0	    0.0	1	  299.9	 21	    0.0	    5.8	
  309	  34.73	    0.0	 1500.0	    0.0	 -598.9	 1274.8	    0.0	  200.0	 -622.1	 1387.3	    0.0	  200.0	  100.0	    0.0	    0.0	    0.0	    0.0	    0.0	   21.0	  1	  550.0	 1850.0	    0.0	    0.0	    0.0	1	  299.9	 21	    0.0	    5.9	
  310	  34.82	    0.0	 1500.0	    0.0	 -598.9	 1274.8	    0.0	  200.0	 -622.1	 1387.3	    0.0	  200.0	  100.0	    0.0	    0.0	    0.0	    0.0	    0.1	   21.0	  1	  550.0	 1850.0	    0.0	    0.0	    0.1	1	  299.9	 21	    0.0	    6.0	
  311	  34.92	    0.0	 1500.0	    0.0	 -598.9	 1274.8	    0.0	  200.0	 -622.1	 1387.3	    0.0	  200.0	  100.0	    0.0	    0.0	    0.0	    0.0	    0.1	   21.1	  1	  550.0	 1850.0	    0.0	    0.0	    0.1	1	  299.9	 21	    0.0	    6.0	
  312	  35.02	    0.0	 1500.0	    0.0	 -598.9	 1274.8	    0.0	  200.0	 -622.1	 1387.3	    0.0	  200.0	  100.0	    0.0	    0.0	    0.0	    0.0	    0.1	   21.2	  1	  550.0	 1850.0	    0.0	    0.0	    0.1	1	  299.9	 21	    0.0	    6.1	
  313	  35.12	    0.0	 1500.0	    0.0	 -598.9	 1274.8	    0.0	  200.0	 -622.1	 1387.3	    0.0	  200.0	  100.0	    0.0	    0.0	    0.0	    0.0	    0.1	   21.2	  1	  550.0	 1850.0	    0.0	    0.0	    0.1	1	  300.0	 21	    0.0	    6.1	
  314	  35.22	    0.0	 1500.0	    0.0	 -601.2	 1282.5	    0.0	  200.0	 -622.1	 1387.3	    0.0	  200.0	  100.0	    0.0	    0.0	    0.0	    0.0	    0.1	   21.3	  1	  550.0	 1850.0	    0.0	    0.0	    0.1	1	  300.0	 21	    0.0	    6.2	
  315	  35.32	    0.0	 1500.0	    0.0	 -601.2	 1282.5	    0.0	  200.0	 -622.1	 1387.3	    0.0	  200.0	  100.0	    0.0	    0.0	    0.0	    0.0	    0.1	   21.4	  1	  550.0	 1850.0	    0.0	    0.0	    0.1	1	  300.0	 21	    0.0	    6.2	
  316	  35.42	    0.0	 1500.0	    0.0	 -601.2	 1282.5	    0.0	  200.0	 -622.1	 1387.3	    0.0	  200.0	  100.0	    0.0	    0.0	    0.0	    0.0	    0.1	   21.4	  1	  550.0	 1850.0	    0.0	    0.0	    0.1	1	  300.0	 21	    0.0	    6.2	
  317	  35.52	    0.0	 1500.0	    0.0	 -601.2	 1282.5	    0.0	  200.0	 -622.1	 1387.3	    0.0	  200.0	  100.0	    0.0	    0.0	    0.0	    0.0	    0.1	   21.5	  1	  550.0	 1850.0	    0.0	    0.0	    0.1	1	  300.0	 21	    0.0	    6.3	
  318	  35.62	    0.0	 1500.0	    0.0	 -601.2	 1282.5	    0.0	  200.0	 -622.1	 1387.3	    0.0	  200.0	  100.0	    0.0	    0.0	    0.0	    0.0	    0.1	   21.6	  1	  550.0	 1850.0	    0.0	    0.0	    0.1	1	  300.0	 21	    0.0	    6.3	
  319	  35.72	    0.0	 1500.0	    0.0	 -601.2	 1282.5	    0.0	  200.0	 -622.1	 1387.3	    0.0	  200.0	  100.0	    0.0	    0.0	    0.0	    0.0	    0.1	   21.6	  1	  550.0	 1850.0	    0.0	    0.0	    0.1	1	  300.0	 21	    0.0	    6.4	
  320	  35.83	    0.0	 1500.0	    0.0	 -606.1	 1286.1	    0.0	  200.0	 -622.1	 1387.3	    0.0	  200.0	  100.0	    0.0	    0.0	    0.0	    0.0	    0.1	   21.7	  1	  550.0	 1850.0	    0.0	    0.0	    0.1	1	  300.0	 21	    0.0	    6.4	
