    1	   5.68	    0.0	 1500.0	    0.0	    0.0	 1500.0	    0.0	  200.0	    0.0	 1500.0	    0.0	  200.0	  100.0	   99.7	    0.0	    0.0	    0.0	    0.0	    0.1	  1	 -750.0	 1550.0	   99.7	    0.0	    0.0	1	  521.5	 21	    0.0	    7.7	
    2	   5.78	    0.0	 1500.0	    0.0	    0.0	 1500.0	    0.0	  200.0	    0.0	 1500.0	    0.0	  200.0	  100.0	   99.2	    0.0	    0.0	    0.0	    0.0	    0.1	  1	 -750.0	 1550.0	   99.2	    0.0	    0.0	1	  396.2	 21	 1305.5	   10.5	
    3	   5.88	    0.0	 1500.0	    0.0	    0.0	 1500.0	    0.0	  200.0	    0.0	 1500.0	    0.0	  200.0	  100.0	   98.7	    0.0	    0.0	    0.0	    0.0	    0.2	  1	 -750.0	 1550.0	   98.7	    0.0	    0.0	1	  395.8	 21	 1305.2	   10.5	
    4	   5.98	    0.0	 1500.0	    0.0	    0.0	 1500.0	    0.0	  200.0	    0.0	 1500.0	    0.0	  200.0	  100.0	   98.2	    0.0	    0.0	    0.0	    0.0	    0.3	  1	 -750.0	 1550.0	   98.2	    0.0	    0.0	1	  395.3	 21	 1304.9	   10.5	
    5	   6.08	    0.0	 1500.0	    0.0	    0.0	 1500.0	    0.0	  200.0	    0.0	 1500.0	    0.0	  200.0	  100.0	   97.7	    0.0	    0.0	    0.0	    0.0	    0.3	  1	 -750.0	 1550.0	   97.7	    0.0	    0.0	1	  394.9	 21	 1304.6	   10.5	
    6	   6.18	    0.0	 1500.0	    0.0	    0.0	 1500.0	    0.0	  200.0	    0.0	 1500.0	    0.0	  200.0	  100.0	   97.2	    0.0	    0.0	    0.0	    0.0	    0.4	  1	 -750.0	 1550.0	   97.2	    0.0	    0.0	1	  394.4	 21	 1304.3	   10.4	
    7	   6.28	    0.0	 1500.0	    0.0	    0.0	 1500.0	    0.0	  200.0	    0.0	 1500.0	    0.0	  200.0	  100.0	   96.7	    0.0	    0.0	    0.0	    0.0	    0.5	  1	 -750.0	 1550.0	   96.7	    0.0	    0.0	1	  394.0	 21	 1304.1	   10.4	
    8	   6.38	    0.0	 1500.0	    0.0	    0.0	 1500.0	    0.0	  200.0	    0.0	 1500.0	    0.0	  200.0	  100.0	   96.2	    0.0	    0.0	    0.0	    0.0	    0.5	  1	 -750.0	 1550.0	   96.2	    0.0	    0.0	1	  393.5	 21	 1303.8	   10.4	
    9	   6.48	    0.0	 1500.0	    0.0	    0.0	 1500.0	    0.0	  200.0	    0.0	 1500.0	    0.0	  200.0	  100.0	   95.7	    0.0	    0.0	    0.0	    0.0	    0.6	  1	 -750.0	 1550.0	   95.7	    0.0	    0.0	1	  393.1	 21	 1303.5	   10.3	
   10	   6.58	    0.0	 1500.0	    0.0	    0.0	 1500.0	    0.0	  200.0	    0.0	 1500.0	    0.0	  200.0	  100.0	   95.2	    0.0	    0.0	    0.0	    0.0	    0.7	  1	 -750.0	 1550.0	   95.2	    0.0	    0.0	1	  392.6	 21	 1303.2	   10.3	
   11	   6.68	    0.0	 1500.0	    0.0	    0.0	 1500.0	    0.0	  200.0	    0.0	 1500.0	    0.0	  200.0	  100.0	   94.7	    0.0	    0.0	    0.0	    0.0	    0.7	  1	 -750.0	 1550.0	   94.7	    0.0	    0.0	1	  392.2	 21	 1302.9	   10.3	
   12	   6.78	    0.0	 1500.0	    0.0	    0.0	 1500.0	    0.0	  200.0	    0.0	 1500.0	    0.0	  200.0	  100.0	   94.2	    0.0	    0.0	    0.0	    0.0	    0.8	  1	 -750.0	 1550.0	   94.2	    0.0	    0.0	1	  391.7	 21	 1302.6	   10.3	
   13	   6.88	    0.0	 1500.0	    0.0	    0.0	 1500.0	    0.0	  200.0	    0.0	 1500.0	    0.0	  200.0	  100.0	   93.7	    0.0	    0.0	    0.0	    0.0	    0.9	  1	 -750.0	 1550.0	   93.7	    0.0	    0.0	1	  391.2	 21	 1302.4	   10.2	
   14	   6.98	    0.0	 1500.0	    0.0	    0.0	 1500.0	    0.0	  200.0	    0.0	 1500.0	    0.0	  200.0	  100.0	   93.2	    0.0	    0.0	    0.0	    0.0	    0.9	  1	 -750.0	 1550.0	   93.2	    0.0	    0.0	1	  390.8	 21	 1302.1	   10.2	
   15	   7.08	    0.0	 1500.0	    0.0	    0.0	 1500.0	    0.0	  200.0	    0.0	 1500.0	    0.0	  200.0	  100.0	   92.7	    0.0	    0.0	    0.0	    0.0	    1.0	  1	 -750.0	 1550.0	   92.7	    0.0	    0.0	1	  390.3	 21	 1301.8	   10.2	
   16	   7.18	    0.0	 1500.0	    0.0	    0.0	 1500.0	    0.0	  200.0	    0.0	 1500.0	    0.0	  200.0	  100.0	   92.2	    0.0	    0.0	    0.0	    0.0	    1.1	  1	 -750.0	 1550.0	   92.2	    0.0	    0.0	1	  389.9	 21	 1301.5	   10.2	
   17	   7.28	    0.0	 1500.0	    0.0	    0.0	 1500.0	    0.0	  200.0	    0.0	 1500.0	    0.0	  200.0	  100.0	   91.7	    0.0	    0.0	    0.0	    0.0	    1.2	  1	 -750.0	 1550.0	   91.7	    0.0	    0.0	1	  389.4	 21	 1301.2	   10.1	
   18	   7.38	    0.0	 1500.0	    0.0	    0.0	 1500.0	    0.0	  200.0	    0.0	 1500.0	    0.0	  200.0	  100.0	   91.2	    0.0	    0.0	    0.0	    0.0	    1.2	  1	 -750.0	 1550.0	   91.2	    0.0	    0.0	1	  389.0	 21	 1301.0	   10.1	
   19	   7.48	    0.0	 1500.0	    0.0	    0.0	 1500.0	    0.0	  200.0	    0.0	 1500.0	    0.0	  200.0	  100.0	   90.7	    0.0	    0.0	    0.0	    0.0	    1.3	  1	 -750.0	 1550.0	   90.7	    0.0	    0.0	1	  388.5	 21	 1300.7	   10.1	
   20	   7.58	    0.0	 1500.0	    0.0	    0.0	 1500.0	    0.0	  200.0	    0.0	 1500.0	    0.0	  200.0	  100.0	   90.2	    0.0	    0.0	    0.0	    0.0	    1.4	  1	 -750.0	 1550.0	   90.2	    0.0	    0.0	1	  388.0	 21	 1300.4	   10.0	
   21	   7.68	    0.0	 1500.0	    0.0	    0.0	 1500.0	    0.0	  200.0	    0.0	 1500.0	    0.0	  200.0	  100.0	   89.7	    0.0	    0.0	    0.0	    0.0	    1.4	  1	 -750.0	 1550.0	   89.7	    0.0	    0.0	1	  387.6	 21	 1300.1	   10.0	
   22	   7.78	    0.0	 1500.0	    0.0	    0.0	 1500.0	    0.0	  200.0	    0.0	 1500.0	    0.0	  200.0	  100.0	   89.2	    0.0	    0.0	    0.0	    0.0	    1.5	  1	 -750.0	 1550.0	   89.2	    0.0	    0.0	1	  387.1	 21	    0.0	   10.0	
   23	   7.88	    0.0	 1500.0	    0.0	    0.0	 1500.0	    0.0	  200.0	    0.0	 1500.0	    0.0	  200.0	  100.0	   88.7	    0.0	    0.0	    0.0	    0.0	    1.6	  1	 -750.0	 1550.0	   88.7	    0.0	    0.0	1	  386.7	 21	    0.0	   10.0	
   24	   7.98	    0.0	 1500.0	    0.0	    0.0	 1500.0	    0.0	  200.0	    0.0	 1500.0	    0.0	  200.0	  100.0	   88.2	    0.0	    0.0	    0.0	    0.0	    1.6	  1	 -750.0	 1550.0	   88.2	    0.0	    0.0	1	  386.2	 21	    0.0	    9.9	
   25	   8.08	    0.0	 1500.0	    0.0	    0.0	 1500.0	    0.0	  200.0	    0.0	 1500.0	    0.0	  200.0	  100.0	   87.7	    0.0	    0.0	    0.0	    0.0	    1.7	  1	 -750.0	 1550.0	   87.7	    0.0	    0.0	1	  385.7	 21	    0.0	    9.9	
   26	   8.18	    0.0	 1500.0	    0.0	    0.0	 1500.0	    0.0	  200.0	    0.0	 1500.0	    0.0	  200.0	  100.0	   87.2	    0.0	    0.0	    0.0	    0.0	    1.8	  1	 -750.0	 1550.0	   87.2	    0.0	    0.0	1	  385.3	 21	    0.0	    9.9	
   27	   8.28	    0.0	 1500.0	    0.0	    0.0	 1500.0	    0.0	  200.0	    0.0	 1500.0	    0.0	  200.0	  100.0	   86.7	    0.0	    0.0	    0.0	    0.0	    1.8	  1	 -750.0	 1550.0	   86.7	    0.0	    0.0	1	  384.8	 21	    0.0	    9.8	
   28	   8.38	    0.0	 1500.0	    0.0	    0.0	 1500.0	    0.0	  200.0	    0.0	 1500.0	    0.0	  200.0	  100.0	   86.2	    0.0	    0.0	    0.0	    0.0	    1.9	  1	 -750.0	 1550.0	   86.2	    0.0	    0.0	1	  384.4	 21	    0.0	    9.8	
   29	   8.48	    0.0	 1500.0	    0.0	    0.0	 1500.0	    0.0	  200.0	    0.0	 1500.0	    0.0	  200.0	  100.0	   85.7	    0.0	    0.0	    0.0	    0.0	    2.0	  1	 -750.0	 1550.0	   85.7	    0.0	    0.0	1	  383.9	 21	    0.0	    9.8	
   30	   8.58	    0.0	 1500.0	    0.0	    0.0	 1500.0	    0.0	  200.0	    0.0	 1500.0	    0.0	  200.0	  100.0	   85.2	    0.0	    0.0	    0.0	    0.0	    2.0	  1	 -750.0	 1550.0	   85.2	    0.0	    0.0	1	  383.4	 21	    0.0	    9.8	
   31	   8.68	    0.0	 1500.0	    0.0	    0.0	 1500.0	    0.0	  200.0	    0.0	 1500.0	    0.0	  200.0	  100.0	   84.7	    0.0	    0.0	    0.0	    0.0	    2.1	  1	 -750.0	 1550.0	   84.7	    0.0	    0.0	1	  383.0	 21	    0.0	    9.7	
   32	   8.78	    0.0	 1500.0	    0.0	    0.0	 1500.0	    0.0	  200.0	    0.0	 1500.0	    0.0	  200.0	  100.0	   84.2	    0.0	    0.0	    0.0	    0.0	    2.2	  1	 -750.0	 1550.0	   84.2	    0.0	    0.0	1	  382.5	 21	    0.0	    9.7	
   33	   8.88	    0.0	 1500.0	    0.0	    0.0	 1500.0	    0.0	  200.0	  582.9	 1323.9	    0.0	  200.0	  100.0	   83.7	    0.0	    0.0	    0.0	    0.0	    2.2	  1	 -750.0	 1550.0	   83.7	    0.0	    0.0	1	  381.9	 21	    0.0	    9.7	
   34	   8.98	    0.0	 1500.0	    0.0	    0.0	 1500.0	    0.0	  200.0	  582.9	 1323.9	    0.0	  200.0	  100.0	   83.2	    0.0	    0.0	    0.0	    0.0	    2.3	  1	 -750.0	 1550.0	   83.2	    0.0	    0.0	1	  381.4	 21	    0.0	    9.6	
   35	   9.08	    0.0	 1500.0	    0.0	    0.0	 1500.0	    0.0	  200.0	  582.9	 1323.9	    0.0	  200.0	  100.0	   82.7	    0.0	    0.0	    0.0	    0.0	    2.4	  1	 -750.0	 1550.0	   82.7	    0.0	    0.0	1	  381.0	 21	    0.0	    9.6	
   36	   9.18	    0.0	 1500.0	    0.0	    0.0	 1500.0	    0.0	  200.0	  582.9	 1323.9	    0.0	  200.0	  100.0	   82.2	    0.0	    0.0	    0.0	    0.0	    2.4	  1	 -750.0	 1550.0	   82.2	    0.0	    0.0	1	  380.5	 21	    0.0	    9.6	
   37	   9.28	    0.0	 1500.0	    0.0	    0.0	 1500.0	    0.0	  200.0	  582.9	 1323.9	    0.0	  200.0	  100.0	   81.7	    0.0	    0.0	    0.0	    0.0	    2.5	  1	 -750.0	 1550.0	   81.7	    0.0	    0.0	1	  380.0	 21	    0.0	    9.6	
   38	   9.38	    0.0	 1500.0	    0.0	    0.0	 1500.0	    0.0	  200.0	  582.9	 1323.9	    0.0	  200.0	  100.0	   81.2	    0.0	    0.0	    0.0	    0.0	    2.6	  1	 -750.0	 1550.0	   81.2	    0.0	    0.0	1	  379.6	 21	    0.0	    9.5	
   39	   9.48	    0.0	 1500.0	    0.0	    0.0	 1500.0	    0.0	  200.0	  582.9	 1323.9	    0.0	  200.0	  100.0	   80.7	    0.0	    0.0	    0.0	    0.0	    2.6	  1	 -750.0	 1550.0	   80.7	    0.0	    0.0	1	  379.1	 21	    0.0	    9.5	
   40	   9.58	    0.0	 1500.0	    0.0	  687.4	 1381.4	    0.0	  200.0	  582.9	 1323.9	    0.0	  200.0	  100.0	   80.5	    0.0	    0.0	    0.0	    0.0	    2.7	  1	  750.0	 1350.0	   80.5	    0.0	    0.0	1	  461.8	 21	 1207.5	 -192.5	
   41	   9.68	    0.0	 1500.0	    0.0	  687.4	 1381.4	    0.0	  200.0	  582.9	 1323.9	    0.0	  200.0	  100.0	   80.0	    0.0	    0.0	    0.0	    0.1	    2.8	  1	 -450.0	 2050.0	   80.0	    0.0	    0.1	1	  456.1	 21	    0.0	    0.0	
   42	   9.78	    0.0	 1500.0	    0.0	  687.4	 1381.4	    0.0	  200.0	  582.9	 1323.9	    0.0	  200.0	  100.0	   79.6	    0.0	    0.0	    0.0	    0.1	    2.8	  1	 -450.0	 2050.0	   79.6	    0.0	    0.1	1	  455.4	 21	    0.0	    0.0	
   43	   9.88	    0.0	 1500.0	    0.0	  687.4	 1381.4	    0.0	  200.0	  582.9	 1323.9	    0.0	  200.0	  100.0	   79.1	    0.0	    0.0	    0.0	    0.1	    2.9	  1	 -450.0	 2050.0	   79.1	    0.0	    0.1	1	  454.8	 21	    0.0	    0.0	
   44	   9.98	    0.0	 1500.0	    0.0	  687.4	 1381.4	    0.0	  200.0	  582.9	 1323.9	    0.0	  200.0	  100.0	   78.7	    0.0	    0.0	    0.0	    0.1	    3.0	  1	 -450.0	 2050.0	   78.7	    0.0	    0.1	1	  454.2	 21	    0.0	    0.0	
   45	  10.08	    0.0	 1500.0	    0.0	  780.7	 1361.6	    0.0	  200.0	  582.9	 1323.9	    0.0	  200.0	  100.0	   78.3	    0.0	    0.0	    0.0	    0.2	    3.1	  1	  750.0	 1350.0	   78.3	    0.0	    0.2	1	  400.7	 21	 1377.9	  -22.1	
   46	  10.18	    0.0	 1500.0	    0.0	  780.7	 1361.6	    0.0	  200.0	  582.9	 1323.9	    0.0	  200.0	  100.0	   77.9	    0.0	    0.0	    0.0	    0.3	    3.1	  1	 -450.0	 2050.0	   77.9	    0.0	    0.3	1	  460.3	 21	 1396.9	   19.7	
   47	  10.28	    0.0	 1500.0	    0.0	  780.7	 1361.6	    0.0	  200.0	  582.9	 1323.9	    0.0	  200.0	  100.0	   77.4	    0.0	    0.0	    0.0	    0.3	    3.2	  1	 -450.0	 2050.0	   77.4	    0.0	    0.3	1	  459.7	 21	 1396.1	   19.6	
   48	  10.38	    0.0	 1500.0	    0.0	  780.7	 1361.6	    0.0	  200.0	  582.9	 1323.9	    0.0	  200.0	  100.0	   77.0	    0.0	    0.0	    0.0	    0.4	    3.3	  1	 -450.0	 2050.0	   77.0	    0.0	    0.4	1	  459.1	 21	 1395.3	   19.5	
   49	  10.48	    0.0	 1500.0	    0.0	  780.7	 1361.6	    0.0	  200.0	  582.9	 1323.9	    0.0	  200.0	  100.0	   76.6	    0.0	    0.0	    0.0	    0.5	    3.3	  1	 -450.0	 2050.0	   76.6	    0.0	    0.5	1	  458.5	 21	 1394.6	   19.5	
   50	  10.58	    0.0	 1500.0	    0.0	  780.7	 1361.6	    0.0	  200.0	  582.9	 1323.9	    0.0	  200.0	  100.0	   76.2	    0.0	    0.0	    0.0	    0.5	    3.4	  1	 -450.0	 2050.0	   76.2	    0.0	    0.5	1	  458.0	 21	 1393.8	   19.4	
   51	  10.68	    0.0	 1500.0	    0.0	  786.0	 1336.6	    0.0	  200.0	  582.9	 1323.9	    0.0	  200.0	  100.0	   75.7	    0.0	    0.0	    0.0	    0.6	    3.5	  1	 -450.0	 2050.0	   75.7	    0.0	    0.6	1	  459.9	 21	 1392.6	   19.3	
   52	  10.78	    0.0	 1500.0	    0.0	  786.0	 1336.6	    0.0	  200.0	  582.9	 1323.9	    0.0	  200.0	  100.0	   75.3	    0.0	    0.0	    0.0	    0.7	    3.5	  1	 -450.0	 2050.0	   75.3	    0.0	    0.7	1	  459.3	 21	 1391.8	   19.2	
   53	  10.88	    0.0	 1500.0	    0.0	  786.0	 1336.6	    0.0	  200.0	  582.9	 1323.9	    0.0	  200.0	  100.0	   74.9	    0.0	    0.0	    0.0	    0.7	    3.6	  1	 -450.0	 2050.0	   74.9	    0.0	    0.7	1	  458.7	 21	 1391.1	   19.1	
   54	  10.98	    0.0	 1500.0	    0.0	  786.0	 1336.6	    0.0	  200.0	  582.9	 1323.9	    0.0	  200.0	  100.0	   74.5	    0.0	    0.0	    0.0	    0.8	    3.7	  1	 -450.0	 2050.0	   74.5	    0.0	    0.8	1	  458.1	 21	 1390.4	   19.0	
   55	  11.08	    0.0	 1500.0	    0.0	  786.0	 1336.6	    0.0	  200.0	  582.9	 1323.9	    0.0	  200.0	  100.0	   74.1	    0.0	    0.0	    0.0	    0.9	    3.7	  1	 -450.0	 2050.0	   74.1	    0.0	    0.9	1	  457.6	 21	 1389.6	   19.0	
   56	  11.18	    0.0	 1500.0	    0.0	  786.6	 1323.2	    0.0	  200.0	  582.9	 1323.9	    0.0	  200.0	  100.0	   73.6	    0.0	    0.0	    0.0	    0.9	    3.8	  1	 -650.0	 1550.0	   73.6	    0.0	    0.9	1	  477.7	 21	 1388.7	   18.9	
   57	  11.28	    0.0	 1500.0	    0.0	  786.6	 1323.2	    0.0	  200.0	  582.9	 1323.9	    0.0	  200.0	  100.0	   73.2	    0.0	    0.0	    0.0	    1.0	    3.9	  1	 -650.0	 1550.0	   73.2	    0.0	    1.0	1	  477.1	 21	 1388.0	   18.8	
   58	  11.38	    0.0	 1500.0	    0.0	  786.6	 1323.2	    0.0	  200.0	  582.9	 1323.9	    0.0	  200.0	  100.0	   72.8	    0.0	    0.0	    0.0	    1.1	    3.9	  1	 -650.0	 1550.0	   72.8	    0.0	    1.1	1	  476.4	 21	 1387.3	   18.7	
   59	  11.48	    0.0	 1500.0	    0.0	  786.6	 1323.2	    0.0	  200.0	  582.9	 1323.9	    0.0	  200.0	  100.0	   72.4	    0.0	    0.0	    0.0	    1.1	    4.0	  1	 -650.0	 1550.0	   72.4	    0.0	    1.1	1	  475.8	 21	 1386.5	   18.7	
   60	  11.58	    0.0	 1500.0	    0.0	  786.6	 1323.2	    0.0	  200.0	  582.9	 1323.9	    0.0	  200.0	  100.0	   71.9	    0.0	    0.0	    0.0	    1.2	    4.1	  1	 -650.0	 1550.0	   71.9	    0.0	    1.2	1	  475.2	 21	 1385.8	   18.6	
   61	  11.68	    0.0	 1500.0	    0.0	  811.1	 1313.6	    0.0	  200.0	  582.9	 1323.9	    0.0	  200.0	  100.0	   71.5	    0.0	    0.0	    0.0	    1.3	    4.1	  1	 -650.0	 1550.0	   71.5	    0.0	    1.3	1	  476.6	 21	 1383.7	   18.4	
   62	  11.78	    0.0	 1500.0	    0.0	  811.1	 1313.6	    0.0	  200.0	  582.9	 1323.9	    0.0	  200.0	  100.0	   71.1	    0.0	    0.0	    0.0	    1.4	    4.2	  1	 -650.0	 1550.0	   71.1	    0.0	    1.4	1	  476.0	 21	 1383.0	   18.3	
   63	  11.88	    0.0	 1500.0	    0.0	  811.1	 1313.6	    0.0	  200.0	  582.9	 1323.9	    0.0	  200.0	  100.0	   70.7	    0.0	    0.0	    0.0	    1.4	    4.3	  1	 -650.0	 1550.0	   70.7	    0.0	    1.4	1	  475.4	 21	 1382.3	   18.2	
   64	  11.98	    0.0	 1500.0	    0.0	  811.1	 1313.6	    0.0	  200.0	  582.9	 1323.9	    0.0	  200.0	  100.0	   70.3	    0.0	    0.0	    0.0	    1.5	    4.3	  1	 -650.0	 1550.0	   70.3	    0.0	    1.5	1	  474.8	 21	 1381.7	   18.2	
   65	  12.08	    0.0	 1500.0	    0.0	  811.1	 1313.6	    0.0	  200.0	  582.9	 1323.9	    0.0	  200.0	  100.0	   69.9	    0.0	    0.0	    0.0	    1.6	    4.4	  1	 -650.0	 1550.0	   69.9	    0.0	    1.6	1	  474.2	 21	 1381.0	   18.1	
   66	  12.18	    0.0	 1500.0	    0.0	  811.1	 1313.6	    0.0	  200.0	  582.9	 1323.9	    0.0	  200.0	  100.0	   69.4	    0.0	    0.0	    0.0	    1.7	    4.5	  1	 -650.0	 1550.0	   69.4	    0.0	    1.7	1	  473.6	 21	 1380.3	   18.0	
   67	  12.28	    0.0	 1500.0	    0.0	  811.1	 1313.6	    0.0	  200.0	  582.9	 1323.9	    0.0	  200.0	  100.0	   69.0	    0.0	    0.0	    0.0	    1.7	    4.5	  1	 -650.0	 1550.0	   69.0	    0.0	    1.7	1	  473.0	 21	 1379.6	   18.0	
   68	  12.38	    0.0	 1500.0	    0.0	  798.1	 1347.2	    0.0	  200.0	  582.9	 1323.9	    0.0	  200.0	  100.0	   68.6	    0.0	    0.0	    0.0	    1.8	    4.6	  1	 -450.0	 2050.0	   68.6	    0.0	    1.8	1	  449.8	 21	 1379.8	   18.0	
   69	  12.48	    0.0	 1500.0	    0.0	  798.1	 1347.2	    0.0	  200.0	  582.9	 1323.9	    0.0	  200.0	  100.0	   68.2	    0.0	    0.0	    0.0	    1.9	    4.7	  1	 -450.0	 2050.0	   68.2	    0.0	    1.9	1	  449.2	 21	 1379.2	   17.9	
   70	  12.58	    0.0	 1500.0	    0.0	  798.1	 1347.2	    0.0	  200.0	  582.9	 1323.9	    0.0	  200.0	  100.0	   67.8	    0.0	    0.0	    0.0	    2.0	    4.7	  1	 -450.0	 2050.0	   67.8	    0.0	    2.0	1	  448.6	 21	 1378.5	   17.8	
   71	  12.68	    0.0	 1500.0	    0.0	  798.1	 1347.2	    0.0	  200.0	  582.9	 1323.9	    0.0	  200.0	  100.0	   67.3	    0.0	    0.0	    0.0	    2.0	    4.8	  1	 -450.0	 2050.0	   67.3	    0.0	    2.0	1	  448.0	 21	 1377.8	   17.8	
   72	  12.78	    0.0	 1500.0	    0.0	  798.1	 1347.2	    0.0	  200.0	  582.9	 1323.9	    0.0	  200.0	  100.0	   66.9	    0.0	    0.0	    0.0	    2.1	    4.9	  1	 -450.0	 2050.0	   66.9	    0.0	    2.1	1	  447.4	 21	 1377.1	   17.7	
   73	  12.88	    0.0	 1500.0	    0.0	  798.1	 1347.2	    0.0	  200.0	  582.9	 1323.9	    0.0	  200.0	  100.0	   66.5	    0.0	    0.0	    0.0	    2.2	    5.0	  1	 -450.0	 2050.0	   66.5	    0.0	    2.2	1	  446.8	 21	 1376.4	   17.6	
   74	  12.98	    0.0	 1500.0	    0.0	  798.1	 1347.2	    0.0	  200.0	  582.9	 1323.9	    0.0	  200.0	  100.0	   66.1	    0.0	    0.0	    0.0	    2.2	    5.0	  1	 -450.0	 2050.0	   66.1	    0.0	    2.2	1	  446.2	 21	 1375.7	   17.6	
   75	  13.08	    0.0	 1500.0	    0.0	  798.1	 1347.2	    0.0	  200.0	  582.9	 1323.9	    0.0	  200.0	  100.0	   65.7	    0.0	    0.0	    0.0	    2.3	    5.1	  1	 -450.0	 2050.0	   65.7	    0.0	    2.3	1	  445.6	 21	 1375.0	   17.5	
   76	  13.18	    0.0	 1500.0	    0.0	  798.1	 1347.2	    0.0	  200.0	  582.9	 1323.9	    0.0	  200.0	  100.0	   65.2	    0.0	    0.0	    0.0	    2.4	    5.2	  1	 -450.0	 2050.0	   65.2	    0.0	    2.4	1	  444.9	 21	 1374.4	   17.4	
   77	  13.28	    0.0	 1500.0	    0.0	  824.5	 1475.0	    0.0	  200.0	  582.9	 1323.9	    0.0	  200.0	  100.0	   64.8	    0.0	    0.0	    0.0	    2.5	    5.2	  1	  750.0	 2250.0	   64.8	    0.0	    2.5	1	  320.1	 21	 1365.2	  -34.8	
   78	  13.38	    0.0	 1500.0	    0.0	  824.5	 1475.0	    0.0	  200.0	  582.9	 1323.9	    0.0	  200.0	  100.0	   64.4	    0.0	    0.0	    0.0	    2.5	    5.3	  1	  750.0	 2250.0	   64.4	    0.0	    2.5	1	  300.1	 21	 1372.1	   17.2	
   79	  13.48	    0.0	 1500.0	    0.0	  824.5	 1475.0	    0.0	  200.0	  582.9	 1323.9	    0.0	  200.0	  100.0	   64.0	    0.0	    0.0	    0.0	    2.6	    5.4	  1	  750.0	 2250.0	   64.0	    0.0	    2.6	1	  300.1	 21	 1371.5	   17.1	
   80	  13.58	    0.0	 1500.0	    0.0	  824.5	 1475.0	    0.0	  200.0	  582.9	 1323.9	    0.0	  200.0	  100.0	   63.6	    0.0	    0.0	    0.0	    2.7	    5.4	  1	  750.0	 2250.0	   63.6	    0.0	    2.7	1	  300.2	 21	 1370.8	   17.1	
   81	  13.68	    0.0	 1500.0	    0.0	  824.5	 1475.0	    0.0	  200.0	  582.9	 1323.9	    0.0	  200.0	  100.0	   63.2	    0.0	    0.0	    0.0	    2.8	    5.5	  1	  750.0	 2250.0	   63.2	    0.0	    2.8	1	  300.3	 21	 1370.2	   17.0	
   82	  13.78	    0.0	 1500.0	    0.0	  824.5	 1475.0	    0.0	  200.0	  582.9	 1323.9	    0.0	  200.0	  100.0	   62.7	    0.0	    0.0	    0.0	    2.8	    5.6	  1	  750.0	 2250.0	   62.7	    0.0	    2.8	1	  300.3	 21	 1369.5	   17.0	
   83	  13.88	    0.0	 1500.0	    0.0	  824.5	 1475.0	    0.0	  200.0	  582.9	 1323.9	    0.0	  200.0	  100.0	   62.3	    0.0	    0.0	    0.0	    2.9	    5.6	  1	  750.0	 2250.0	   62.3	    0.0	    2.9	1	  300.4	 21	 1368.9	   16.9	
   84	  13.98	    0.0	 1500.0	    0.0	  824.5	 1475.0	    0.0	  200.0	  582.9	 1323.9	    0.0	  200.0	  100.0	   61.9	    0.0	    0.0	    0.0	    3.0	    5.7	  1	  750.0	 2250.0	   61.9	    0.0	    3.0	1	  300.4	 21	 1368.3	   16.8	
   85	  14.08	    0.0	 1500.0	    0.0	  823.2	 1308.2	    0.0	  200.0	  582.9	 1323.9	    0.0	  200.0	  100.0	   61.5	    0.0	    0.0	    0.0	    3.1	    5.8	  1	  750.0	  750.0	   61.5	    0.0	    3.1	1	  345.0	 21	 1365.0	   16.5	
   86	  14.18	    0.0	 1500.0	    0.0	  823.2	 1308.2	    0.0	  200.0	  582.9	 1323.9	    0.0	  200.0	  100.0	   61.1	    0.0	    0.0	    0.0	    3.1	    5.8	  1	 -650.0	 1550.0	   61.1	    0.0	    3.1	1	  461.5	 21	 1366.5	   16.7	
   87	  14.28	    0.0	 1500.0	    0.0	  823.2	 1308.2	    0.0	  200.0	  582.9	 1323.9	    0.0	  200.0	  100.0	   60.7	    0.0	    0.0	    0.0	    3.2	    5.9	  1	 -650.0	 1550.0	   60.7	    0.0	    3.2	1	  460.9	 21	 1365.9	   16.6	
   88	  14.38	    0.0	 1500.0	    0.0	  823.2	 1308.2	    0.0	  200.0	  582.9	 1323.9	    0.0	  200.0	  100.0	   60.3	    0.0	    0.0	    0.0	    3.3	    6.0	  1	 -650.0	 1550.0	   60.3	    0.0	    3.3	1	  460.2	 21	 1365.3	   16.5	
   89	  14.48	    0.0	 1500.0	    0.0	  823.2	 1308.2	    0.0	  200.0	  582.9	 1323.9	    0.0	  200.0	  100.0	   59.8	    0.0	    0.0	    0.0	    3.4	    6.0	  1	 -650.0	 1550.0	   59.8	    0.0	    3.4	1	  459.6	 21	 1364.7	   16.5	
   90	  14.58	    0.0	 1500.0	    0.0	  823.2	 1308.2	    0.0	  200.0	  582.9	 1323.9	    0.0	  200.0	  100.0	   59.4	    0.0	    0.0	    0.0	    3.5	    6.1	  1	 -650.0	 1550.0	   59.4	    0.0	    3.5	1	  458.9	 21	 1364.2	   16.4	
   91	  14.68	    0.0	 1500.0	    0.0	  817.2	 1322.9	    0.0	  200.0	  582.9	 1323.9	    0.0	  200.0	  100.0	   59.0	    0.0	    0.0	    0.0	    3.6	    6.2	  1	 -450.0	 2050.0	   59.0	    0.0	    3.6	1	  438.7	 21	 1363.9	   16.4	
   92	  14.78	    0.0	 1500.0	    0.0	  817.2	 1322.9	    0.0	  200.0	  582.9	 1323.9	    0.0	  200.0	  100.0	   58.6	    0.0	    0.0	    0.0	    3.6	    6.2	  1	 -450.0	 2050.0	   58.6	    0.0	    3.6	1	  438.1	 21	 1363.3	   16.3	
   93	  14.88	    0.0	 1500.0	    0.0	  817.2	 1322.9	    0.0	  200.0	  582.9	 1323.9	    0.0	  200.0	  100.0	   58.2	    0.0	    0.0	    0.0	    3.7	    6.3	  1	 -450.0	 2050.0	   58.2	    0.0	    3.7	1	  437.5	 21	 1362.7	   16.3	
   94	  14.98	    0.0	 1500.0	    0.0	  817.2	 1322.9	    0.0	  200.0	  582.9	 1323.9	    0.0	  200.0	  100.0	   57.8	    0.0	    0.0	    0.0	    3.8	    6.4	  1	 -450.0	 2050.0	   57.8	    0.0	    3.8	1	  436.8	 21	 1362.2	   16.2	
   95	  15.08	    0.0	 1500.0	    0.0	  817.2	 1322.9	    0.0	  200.0	  582.9	 1323.9	    0.0	  200.0	  100.0	   57.3	    0.0	    0.0	    0.0	    3.9	    6.4	  1	 -450.0	 2050.0	   57.3	    0.0	    3.9	1	  436.2	 21	 1361.6	   16.2	
   96	  15.18	    0.0	 1500.0	    0.0	  813.1	 1325.5	    0.0	  200.0	  582.9	 1323.9	    0.0	  200.0	  100.0	   56.9	    0.0	    0.0	    0.0	    4.0	    6.5	  1	 -450.0	 2050.0	   56.9	    0.0	    4.0	1	  435.2	 21	 1361.2	   16.1	
   97	  15.28	    0.0	 1500.0	    0.0	  813.1	 1325.5	    0.0	  200.0	  582.9	 1323.9	    0.0	  200.0	  100.0	   56.5	    0.0	    0.0	    0.0	    4.0	    6.6	  1	 -450.0	 2050.0	   56.5	    0.0	    4.0	1	  434.6	 21	 1360.6	   16.1	
   98	  15.38	    0.0	 1500.0	    0.0	  813.1	 1325.5	    0.0	  200.0	  582.9	 1323.9	    0.0	  200.0	  100.0	   56.1	    0.0	    0.0	    0.0	    4.1	    6.6	  1	 -450.0	 2050.0	   56.1	    0.0	    4.1	1	  433.9	 21	 1360.0	   16.0	
   99	  15.48	    0.0	 1500.0	    0.0	  813.1	 1325.5	    0.0	  200.0	  582.9	 1323.9	    0.0	  200.0	  100.0	   55.7	    0.0	    0.0	    0.0	    4.2	    6.7	  1	 -450.0	 2050.0	   55.7	    0.0	    4.2	1	  433.3	 21	 1359.5	   15.9	
  100	  15.58	    0.0	 1500.0	    0.0	  813.1	 1325.5	    0.0	  200.0	  582.9	 1323.9	    0.0	  200.0	  100.0	   55.3	    0.0	    0.0	    0.0	    4.3	    6.8	  1	 -450.0	 2050.0	   55.3	    0.0	    4.3	1	  432.6	 21	 1358.9	   15.9	
  101	  15.68	    0.0	 1500.0	    0.0	  807.1	 1322.4	    0.0	  200.0	  582.9	 1323.9	    0.0	  200.0	  100.0	   54.8	    0.0	    0.0	    0.0	    4.3	    6.9	  1	 -450.0	 2050.0	   54.8	    0.0	    4.3	1	  432.0	 21	 1358.5	   15.9	
  102	  15.78	    0.0	 1500.0	    0.0	  807.1	 1322.4	    0.0	  200.0	  582.9	 1323.9	    0.0	  200.0	  100.0	   54.4	    0.0	    0.0	    0.0	    4.4	    6.9	  1	 -450.0	 2050.0	   54.4	    0.0	    4.4	1	  431.3	 21	 1358.0	   15.8	
  103	  15.88	    0.0	 1500.0	    0.0	  807.1	 1322.4	    0.0	  200.0	  582.9	 1323.9	    0.0	  200.0	  100.0	   54.0	    0.0	    0.0	    0.0	    4.5	    7.0	  1	 -450.0	 2050.0	   54.0	    0.0	    4.5	1	  430.7	 21	 1357.4	   15.7	
  104	  15.98	    0.0	 1500.0	    0.0	  807.1	 1322.4	    0.0	  200.0	  582.9	 1323.9	    0.0	  200.0	  100.0	   53.6	    0.0	    0.0	    0.0	    4.6	    7.1	  1	 -450.0	 2050.0	   53.6	    0.0	    4.6	1	  430.0	 21	 1356.9	   15.7	
  105	  16.08	    0.0	 1500.0	    0.0	  807.1	 1322.4	    0.0	  200.0	  582.9	 1323.9	    0.0	  200.0	  100.0	   53.2	    0.0	    0.0	    0.0	    4.6	    7.1	  1	 -450.0	 2050.0	   53.2	    0.0	    4.6	1	  429.4	 21	 1356.3	   15.6	
  106	  16.18	    0.0	 1500.0	    0.0	  800.8	 1318.3	    0.0	  200.0	  582.9	 1323.9	    0.0	  200.0	  100.0	   52.7	    0.0	    0.0	    0.0	    4.7	    7.2	  1	 -650.0	 1550.0	   52.7	    0.0	    4.7	1	  446.1	 21	 1356.0	   15.6	
  107	  16.28	    0.0	 1500.0	    0.0	  800.8	 1318.3	    0.0	  200.0	  582.9	 1323.9	    0.0	  200.0	  100.0	   52.3	    0.0	    0.0	    0.0	    4.8	    7.3	  1	 -650.0	 1550.0	   52.3	    0.0	    4.8	1	  445.4	 21	 1355.4	   15.5	
  108	  16.38	    0.0	 1500.0	    0.0	  800.8	 1318.3	    0.0	  200.0	  582.9	 1323.9	    0.0	  200.0	  100.0	   51.9	    0.0	    0.0	    0.0	    4.9	    7.3	  1	 -650.0	 1550.0	   51.9	    0.0	    4.9	1	  444.7	 21	 1354.9	   15.5	
  109	  16.48	    0.0	 1500.0	    0.0	  800.8	 1318.3	    0.0	  200.0	  582.9	 1323.9	    0.0	  200.0	  100.0	   51.5	    0.0	    0.0	    0.0	    4.9	    7.4	  1	 -650.0	 1550.0	   51.5	    0.0	    4.9	1	  443.9	 21	 1354.3	   15.4	
  110	  16.58	    0.0	 1500.0	    0.0	  800.8	 1318.3	    0.0	  200.0	  582.9	 1323.9	    0.0	  200.0	  100.0	   51.1	    0.0	    0.0	    0.0	    5.0	    7.5	  1	 -650.0	 1550.0	   51.1	    0.0	    5.0	1	  443.2	 21	 1353.8	   15.4	
  111	  16.68	    0.0	 1500.0	    0.0	  800.8	 1318.3	    0.0	  200.0	  582.9	 1323.9	    0.0	  200.0	  100.0	   50.6	    0.0	    0.0	    0.0	    5.1	    7.5	  1	 -650.0	 1550.0	   50.6	    0.0	    5.1	1	  442.5	 21	 1353.3	   15.3	
  112	  16.78	    0.0	 1500.0	    0.0	  770.2	 1307.3	    0.0	  200.0	  582.9	 1323.9	    0.0	  200.0	  100.0	   50.2	    0.0	    0.0	    0.0	    5.1	    7.6	  1	 -650.0	 1550.0	   50.2	    0.0	    5.1	1	  439.6	 21	 1353.7	   15.4	
  113	  16.88	    0.0	 1500.0	    0.0	  770.2	 1307.3	    0.0	  200.0	  582.9	 1323.9	    0.0	  200.0	  100.0	   49.8	    0.0	    0.0	    0.0	    5.2	    7.7	  1	 -650.0	 1550.0	   49.8	    0.0	    5.2	1	  438.8	 21	 1353.1	   15.3	
  114	  16.98	    0.0	 1500.0	    0.0	  770.2	 1307.3	    0.0	  200.0	  582.9	 1323.9	    0.0	  200.0	  100.0	   49.4	    0.0	    0.0	    0.0	    5.3	    7.7	  1	 -650.0	 1550.0	   49.4	    0.0	    5.3	1	  438.0	 21	 1352.6	   15.3	
  115	  17.08	    0.0	 1500.0	    0.0	  770.2	 1307.3	    0.0	  200.0	  582.9	 1323.9	    0.0	  200.0	  100.0	   49.0	    0.0	    0.0	    0.0	    5.3	    7.8	  1	 -650.0	 1550.0	   49.0	    0.0	    5.3	1	  437.3	 21	 1352.0	   15.2	
  116	  17.18	    0.0	 1500.0	    0.0	  770.2	 1307.3	    0.0	  200.0	  582.9	 1323.9	    0.0	  200.0	  100.0	   48.5	    0.0	    0.0	    0.0	    5.4	    7.9	  1	 -650.0	 1550.0	   48.5	    0.0	    5.4	1	  436.5	 21	 1351.5	   15.2	
  117	  17.28	    0.0	 1500.0	    0.0	  729.9	 1315.9	    0.0	  200.0	  582.9	 1323.9	    0.0	  200.0	  100.0	   48.1	    0.0	    0.0	    0.0	    5.4	    7.9	  1	 -650.0	 1550.0	   48.1	    0.0	    5.4	1	  432.5	 21	 1352.2	   15.2	
  118	  17.38	    0.0	 1500.0	    0.0	  729.9	 1315.9	    0.0	  200.0	  582.9	 1323.9	    0.0	  200.0	  100.0	   47.7	    0.0	    0.0	    0.0	    5.5	    8.0	  1	 -650.0	 1550.0	   47.7	    0.0	    5.5	1	  431.7	 21	 1351.7	   15.2	
  119	  17.48	    0.0	 1500.0	    0.0	  729.9	 1315.9	    0.0	  200.0	  582.9	 1323.9	    0.0	  200.0	  100.0	   47.2	    0.0	    0.0	    0.0	    5.5	    8.1	  1	 -650.0	 1550.0	   47.2	    0.0	    5.5	1	  430.9	 21	 1351.1	   15.1	
  120	  17.58	    0.0	 1500.0	    0.0	  729.9	 1315.9	    0.0	  200.0	  582.9	 1323.9	    0.0	  200.0	  100.0	   46.8	    0.0	    0.0	    0.0	    5.6	    8.1	  1	 -650.0	 1550.0	   46.8	    0.0	    5.6	1	  430.1	 21	 1350.5	   15.1	
  121	  17.68	    0.0	 1500.0	    0.0	  729.9	 1315.9	    0.0	  200.0	  582.9	 1323.9	    0.0	  200.0	  100.0	   46.4	    0.0	    0.0	    0.0	    5.6	    8.2	  1	 -650.0	 1550.0	   46.4	    0.0	    5.6	1	  429.3	 21	 1349.9	   15.0	
  122	  17.78	    0.0	 1500.0	    0.0	  729.9	 1315.9	    0.0	  200.0	  582.9	 1323.9	    0.0	  200.0	  100.0	   45.9	    0.0	    0.0	    0.0	    5.7	    8.3	  1	 -650.0	 1550.0	   45.9	    0.0	    5.7	1	  428.5	 21	 1349.4	   14.9	
  123	  17.88	    0.0	 1500.0	    0.0	  757.4	 1330.8	    0.0	  200.0	  582.9	 1323.9	    0.0	  200.0	  100.0	   45.5	    0.0	    0.0	    0.0	    5.7	    8.3	  1	 -650.0	 1550.0	   45.5	    0.0	    5.7	1	  429.6	 21	 1348.2	   14.8	
  124	  17.98	    0.0	 1500.0	    0.0	  757.4	 1330.8	    0.0	  200.0	  582.9	 1323.9	    0.0	  200.0	  100.0	   45.1	    0.0	    0.0	    0.0	    5.8	    8.4	  1	 -650.0	 1550.0	   45.1	    0.0	    5.8	1	  428.8	 21	 1347.6	   14.8	
  125	  18.08	    0.0	 1500.0	    0.0	  757.4	 1330.8	    0.0	  200.0	  582.9	 1323.9	    0.0	  200.0	  100.0	   44.7	    0.0	    0.0	    0.0	    5.9	    8.5	  1	 -650.0	 1550.0	   44.7	    0.0	    5.9	1	  428.0	 21	 1347.1	   14.7	
  126	  18.18	    0.0	 1500.0	    0.0	  757.4	 1330.8	    0.0	  200.0	  582.9	 1323.9	    0.0	  200.0	  100.0	   44.2	    0.0	    0.0	    0.0	    5.9	    8.5	  1	 -650.0	 1550.0	   44.2	    0.0	    5.9	1	  427.2	 21	 1346.6	   14.7	
  127	  18.28	    0.0	 1500.0	    0.0	  757.4	 1330.8	    0.0	  200.0	  582.9	 1323.9	    0.0	  200.0	  100.0	   43.8	    0.0	    0.0	    0.0	    6.0	    8.6	  1	 -650.0	 1550.0	   43.8	    0.0	    6.0	1	  426.3	 21	 1346.1	   14.6	
  128	  18.38	    0.0	 1500.0	    0.0	  757.4	 1330.8	    0.0	  200.0	  582.9	 1323.9	    0.0	  200.0	  100.0	   43.4	    0.0	    0.0	    0.0	    6.0	    8.7	  1	 -650.0	 1550.0	   43.4	    0.0	    6.0	1	  425.5	 21	 1345.7	   14.6	
  129	  18.48	    0.0	 1500.0	    0.0	  795.5	 1338.4	    0.0	  200.0	  582.9	 1323.9	    0.0	  200.0	  100.0	   43.0	    0.0	    0.0	    0.0	    6.1	    8.8	  1	 -450.0	 2050.0	   43.0	    0.0	    6.1	1	  410.3	 21	 1344.2	   14.4	
  130	  18.58	    0.0	 1500.0	    0.0	  795.5	 1338.4	    0.0	  200.0	  582.9	 1323.9	    0.0	  200.0	  100.0	   42.5	    0.0	    0.0	    0.0	    6.2	    8.8	  1	 -450.0	 2050.0	   42.5	    0.0	    6.2	1	  409.6	 21	 1343.8	   14.4	
  131	  18.68	    0.0	 1500.0	    0.0	  795.5	 1338.4	    0.0	  200.0	  582.9	 1323.9	    0.0	  200.0	  100.0	   42.1	    0.0	    0.0	    0.0	    6.2	    8.9	  1	 -450.0	 2050.0	   42.1	    0.0	    6.2	1	  408.9	 21	 1343.4	   14.3	
  132	  18.78	    0.0	 1500.0	    0.0	  795.5	 1338.4	    0.0	  200.0	  582.9	 1323.9	    0.0	  200.0	  100.0	   41.7	    0.0	    0.0	    0.0	    6.3	    9.0	  1	 -450.0	 2050.0	   41.7	    0.0	    6.3	1	  408.2	 21	 1342.9	   14.3	
  133	  18.88	    0.0	 1500.0	    0.0	  795.5	 1338.4	    0.0	  200.0	  582.9	 1323.9	    0.0	  200.0	  100.0	   41.3	    0.0	    0.0	    0.0	    6.4	    9.0	  1	 -450.0	 2050.0	   41.3	    0.0	    6.4	1	  407.5	 21	 1342.5	   14.3	
  134	  18.98	    0.0	 1500.0	    0.0	  795.5	 1338.4	    0.0	  200.0	  582.9	 1323.9	    0.0	  200.0	  100.0	   40.8	    0.0	    0.0	    0.0	    6.5	    9.1	  1	 -450.0	 2050.0	   40.8	    0.0	    6.5	1	  406.7	 21	 1342.2	   14.2	
  135	  19.08	    0.0	 1500.0	    0.0	  795.5	 1338.4	    0.0	  200.0	  582.9	 1323.9	    0.0	  200.0	  100.0	   40.4	    0.0	    0.0	    0.0	    6.5	    9.2	  1	 -450.0	 2050.0	   40.4	    0.0	    6.5	1	  406.0	 21	 1341.8	   14.2	
  136	  19.18	    0.0	 1500.0	    0.0	  795.5	 1338.4	    0.0	  200.0	  582.9	 1323.9	    0.0	  200.0	  100.0	   40.0	    0.0	    0.0	    0.0	    6.6	    9.2	  1	 -450.0	 2050.0	   40.0	    0.0	    6.6	1	  405.3	 21	 1341.4	   14.1	
  137	  19.28	    0.0	 1500.0	    0.0	  795.5	 1338.4	    0.0	  200.0	  582.9	 1323.9	    0.0	  200.0	  100.0	   39.6	    0.0	    0.0	    0.0	    6.7	    9.3	  1	 -450.0	 2050.0	   39.6	    0.0	    6.7	1	  404.6	 21	 1341.0	   14.1	
  138	  19.38	    0.0	 1500.0	    0.0	  781.0	 1321.4	    0.0	  200.0	  582.9	 1323.9	    0.0	  200.0	  100.0	   39.2	    0.0	    0.0	    0.0	    6.7	    9.4	  1	 -650.0	 1550.0	   39.2	    0.0	    6.7	1	  419.3	 21	 1340.9	   14.1	
  139	  19.48	    0.0	 1500.0	    0.0	  781.0	 1321.4	    0.0	  200.0	  582.9	 1323.9	    0.0	  200.0	  100.0	   38.7	    0.0	    0.0	    0.0	    6.8	    9.4	  1	 -650.0	 1550.0	   38.7	    0.0	    6.8	1	  418.5	 21	 1340.6	   14.1	
  140	  19.58	    0.0	 1500.0	    0.0	  781.0	 1321.4	    0.0	  200.0	  582.9	 1323.9	    0.0	  200.0	  100.0	   38.3	    0.0	    0.0	    0.0	    6.9	    9.5	  1	 -650.0	 1550.0	   38.3	    0.0	    6.9	1	  417.7	 21	 1340.2	   14.0	
  141	  19.68	    0.0	 1500.0	    0.0	  781.0	 1321.4	    0.0	  200.0	  582.9	 1323.9	    0.0	  200.0	  100.0	   37.9	    0.0	    0.0	    0.0	    6.9	    9.6	  1	 -650.0	 1550.0	   37.9	    0.0	    6.9	1	  416.8	 21	 1339.9	   14.0	
  142	  19.78	    0.0	 1500.0	    0.0	  781.0	 1321.4	    0.0	  200.0	  582.9	 1323.9	    0.0	  200.0	  100.0	   37.5	    0.0	    0.0	    0.0	    7.0	    9.6	  1	 -650.0	 1550.0	   37.5	    0.0	    7.0	1	  416.0	 21	 1339.5	   14.0	
  143	  19.88	    0.0	 1500.0	    0.0	  766.8	 1291.7	    0.0	  200.0	  582.9	 1323.9	    0.0	  200.0	  100.0	   37.0	    0.0	    0.0	    0.0	    7.1	    9.7	  1	 -650.0	 1550.0	   37.0	    0.0	    7.1	1	  414.5	 21	 1339.4	   13.9	
  144	  19.98	    0.0	 1500.0	    0.0	  766.8	 1291.7	    0.0	  200.0	  582.9	 1323.9	    0.0	  200.0	  100.0	   36.6	    0.0	    0.0	    0.0	    7.1	    9.8	  1	 -650.0	 1550.0	   36.6	    0.0	    7.1	1	  413.6	 21	 1339.1	   13.9	
  145	  20.08	    0.0	 1500.0	    0.0	  766.8	 1291.7	    0.0	  200.0	  582.9	 1323.9	    0.0	  200.0	  100.0	   36.2	    0.0	    0.0	    0.0	    7.2	    9.8	  1	 -650.0	 1550.0	   36.2	    0.0	    7.2	1	  412.8	 21	 1338.7	   13.9	
  146	  20.18	    0.0	 1500.0	    0.0	  766.8	 1291.7	    0.0	  200.0	  582.9	 1323.9	    0.0	  200.0	  100.0	   35.8	    0.0	    0.0	    0.0	    7.2	    9.9	  1	 -650.0	 1550.0	   35.8	    0.0	    7.2	1	  411.9	 21	 1338.4	   13.8	
  147	  20.28	    0.0	 1500.0	    0.0	  766.8	 1291.7	    0.0	  200.0	  582.9	 1323.9	    0.0	  200.0	  100.0	   35.3	    0.0	    0.0	    0.0	    7.3	   10.0	  1	 -650.0	 1550.0	   35.3	    0.0	    7.3	1	  411.1	 21	 1338.1	   13.8	
  148	  20.38	    0.0	 1500.0	    0.0	  715.2	 1274.1	    0.0	  200.0	  582.9	 1323.9	    0.0	  200.0	  100.0	   34.9	    0.0	    0.0	    0.0	    7.4	   10.0	  1	 -650.0	 1550.0	   34.9	    0.0	    7.4	1	  404.0	 21	 1339.6	   14.0	
  149	  20.48	    0.0	 1500.0	    0.0	  715.2	 1274.1	    0.0	  200.0	  582.9	 1323.9	    0.0	  200.0	  100.0	   34.5	    0.0	    0.0	    0.0	    7.4	   10.1	  1	 -650.0	 1550.0	   34.5	    0.0	    7.4	1	  406.0	 21	 1338.4	   13.8	
  150	  20.58	    0.0	 1500.0	    0.0	  715.2	 1274.1	    0.0	  200.0	  582.9	 1323.9	    0.0	  200.0	  100.0	   34.0	    0.0	    0.0	    0.0	    7.5	   10.2	  1	 -650.0	 1550.0	   34.0	    0.0	    7.5	1	  405.1	 21	 1338.1	   13.8	
  151	  20.68	    0.0	 1500.0	    0.0	  715.2	 1274.1	    0.0	  200.0	  582.9	 1323.9	    0.0	  200.0	  100.0	   33.6	    0.0	    0.0	    0.0	    7.5	   10.2	  1	 -650.0	 1550.0	   33.6	    0.0	    7.5	1	  404.2	 21	 1337.7	   13.8	
  152	  20.78	    0.0	 1500.0	    0.0	  715.2	 1274.1	    0.0	  200.0	  582.9	 1323.9	    0.0	  200.0	  100.0	   33.2	    0.0	    0.0	    0.0	    7.5	   10.3	  1	 -650.0	 1550.0	   33.2	    0.0	    7.5	1	  403.3	 21	 1337.4	   13.7	
  153	  20.88	    0.0	 1500.0	    0.0	  715.2	 1274.1	    0.0	  200.0	  582.9	 1323.9	    0.0	  200.0	  100.0	   32.7	    0.0	    0.0	    0.0	    7.6	   10.4	  1	 -650.0	 1550.0	   32.7	    0.0	    7.6	1	  402.4	 21	 1337.1	   13.7	
  154	  20.98	    0.0	 1500.0	    0.0	  715.2	 1274.1	    0.0	  200.0	  582.9	 1323.9	    0.0	  200.0	  100.0	   32.3	    0.0	    0.0	    0.0	    7.6	   10.4	  1	 -650.0	 1550.0	   32.3	    0.0	    7.6	1	  401.5	 21	 1336.9	   13.7	
  155	  21.08	    0.0	 1500.0	    0.0	  715.2	 1274.1	    0.0	  200.0	  582.9	 1323.9	    0.0	  200.0	  100.0	   31.9	    0.0	    0.0	    0.0	    7.7	   10.5	  1	 -650.0	 1550.0	   31.9	    0.0	    7.7	1	  400.6	 21	 1336.6	   13.7	
  156	  21.18	    0.0	 1500.0	    0.0	  715.2	 1274.1	    0.0	  200.0	  582.9	 1323.9	    0.0	  200.0	  100.0	   31.5	    0.0	    0.0	    0.0	    7.7	   10.6	  1	 -650.0	 1550.0	   31.5	    0.0	    7.7	1	  399.7	 21	 1336.3	   13.6	
  157	  21.28	    0.0	 1500.0	    0.0	  715.2	 1274.1	    0.0	  200.0	  582.9	 1323.9	    0.0	  200.0	  100.0	   31.0	    0.0	    0.0	    0.0	    7.8	   10.6	  1	 -650.0	 1550.0	   31.0	    0.0	    7.8	1	  398.8	 21	 1336.1	   13.6	
  158	  21.38	    0.0	 1500.0	    0.0	  715.2	 1274.1	    0.0	  200.0	  582.9	 1323.9	    0.0	  200.0	  100.0	   30.6	    0.0	    0.0	    0.0	    7.8	   10.7	  1	 -650.0	 1550.0	   30.6	    0.0	    7.8	1	  397.9	 21	 1335.8	   13.6	
  159	  21.48	    0.0	 1500.0	    0.0	  679.6	 1279.4	    0.0	  200.0	  582.9	 1323.9	    0.0	  200.0	  100.0	   30.1	    0.0	    0.0	    0.0	    7.9	   10.8	  1	 -650.0	 1550.0	   30.1	    0.0	    7.9	1	  394.6	 21	 1336.2	   13.6	
  160	  21.58	    0.0	 1500.0	    0.0	  679.6	 1279.4	    0.0	  200.0	  582.9	 1323.9	    0.0	  200.0	  100.0	   29.7	    0.0	    0.0	    0.0	    7.9	   10.9	  1	 -650.0	 1550.0	   29.7	    0.0	    7.9	1	  393.7	 21	 1335.9	   13.6	
  161	  21.68	    0.0	 1500.0	    0.0	  679.6	 1279.4	    0.0	  200.0	  582.9	 1323.9	    0.0	  200.0	  100.0	   29.3	    0.0	    0.0	    0.0	    7.9	   10.9	  1	 -650.0	 1550.0	   29.3	    0.0	    7.9	1	  392.7	 21	 1335.7	   13.6	
  162	  21.78	    0.0	 1500.0	    0.0	  679.6	 1279.4	    0.0	  200.0	  582.9	 1323.9	    0.0	  200.0	  100.0	   28.8	    0.0	    0.0	    0.0	    8.0	   11.0	  1	 -650.0	 1550.0	   28.8	    0.0	    8.0	1	  391.8	 21	 1335.4	   13.5	
  163	  21.88	    0.0	 1500.0	    0.0	  679.6	 1279.4	    0.0	  200.0	  582.9	 1323.9	    0.0	  200.0	  100.0	   28.4	    0.0	    0.0	    0.0	    8.0	   11.1	  1	 -650.0	 1550.0	   28.4	    0.0	    8.0	1	  390.8	 21	 1335.2	   13.5	
  164	  21.98	    0.0	 1500.0	    0.0	  679.6	 1279.4	    0.0	  200.0	  582.9	 1323.9	    0.0	  200.0	  100.0	   28.0	    0.0	    0.0	    0.0	    8.0	   11.1	  1	 -650.0	 1550.0	   28.0	    0.0	    8.0	1	  389.9	 21	 1335.0	   13.5	
  165	  22.08	    0.0	 1500.0	    0.0	  710.7	 1326.6	    0.0	  200.0	  582.9	 1323.9	    0.0	  200.0	  100.0	   27.5	    0.0	    0.0	    0.0	    8.1	   11.2	  1	 -450.0	 2050.0	   27.5	    0.0	    8.1	1	  378.7	 21	    0.0	    4.7	
  166	  22.18	    0.0	 1500.0	    0.0	  710.7	 1326.6	    0.0	  200.0	  582.9	 1323.9	    0.0	  200.0	  100.0	   27.1	    0.0	    0.0	    0.0	    8.1	   11.3	  1	 -650.0	 1550.0	   27.1	    0.0	    8.1	1	  389.7	 21	 1334.5	   13.4	
  167	  22.28	    0.0	 1500.0	    0.0	  710.7	 1326.6	    0.0	  200.0	  582.9	 1323.9	    0.0	  200.0	  100.0	   26.7	    0.0	    0.0	    0.0	    8.2	   11.3	  1	 -650.0	 1550.0	   26.7	    0.0	    8.2	1	  388.8	 21	 1334.3	   13.4	
  168	  22.38	    0.0	 1500.0	    0.0	  710.7	 1326.6	    0.0	  200.0	  582.9	 1323.9	    0.0	  200.0	  100.0	   26.2	    0.0	    0.0	    0.0	    8.2	   11.4	  1	 -650.0	 1550.0	   26.2	    0.0	    8.2	1	  387.8	 21	 1334.2	   13.4	
  169	  22.48	    0.0	 1500.0	    0.0	  710.7	 1326.6	    0.0	  200.0	  582.9	 1323.9	    0.0	  200.0	  100.0	   25.8	    0.0	    0.0	    0.0	    8.2	   11.5	  1	 -650.0	 1550.0	   25.8	    0.0	    8.2	1	  386.9	 21	 1334.2	   13.4	
  170	  22.58	    0.0	 1500.0	    0.0	  657.8	 1350.9	    0.0	  200.0	  582.9	 1323.9	    0.0	  200.0	  100.0	   25.3	    0.0	    0.0	    0.0	    8.3	   11.5	  1	 -650.0	 1550.0	   25.3	    0.0	    8.3	1	  379.7	 21	 1335.4	   13.5	
  171	  22.68	    0.0	 1500.0	    0.0	  657.8	 1350.9	    0.0	  200.0	  582.9	 1323.9	    0.0	  200.0	  100.0	   24.9	    0.0	    0.0	    0.0	    8.3	   11.6	  1	 -650.0	 1550.0	   24.9	    0.0	    8.3	1	  381.4	 21	 1334.6	   13.5	
  172	  22.78	    0.0	 1500.0	    0.0	  657.8	 1350.9	    0.0	  200.0	  582.9	 1323.9	    0.0	  200.0	  100.0	   24.4	    0.0	    0.0	    0.0	    8.3	   11.7	  1	 -650.0	 1550.0	   24.4	    0.0	    8.3	1	  380.4	 21	 1334.5	   13.4	
  173	  22.88	    0.0	 1500.0	    0.0	  657.8	 1350.9	    0.0	  200.0	  582.9	 1323.9	    0.0	  200.0	  100.0	   24.0	    0.0	    0.0	    0.0	    8.3	   11.7	  1	 -650.0	 1550.0	   24.0	    0.0	    8.3	1	  379.5	 21	 1334.4	   13.4	
  174	  22.98	    0.0	 1500.0	    0.0	  612.2	 1343.5	    0.0	  200.0	  582.9	 1323.9	    0.0	  200.0	  100.0	   23.5	    0.0	    0.0	    0.0	    8.3	   11.8	  1	 -650.0	 1550.0	   23.5	    0.0	    8.3	1	  375.6	 21	 1334.7	   13.5	
  175	  23.08	    0.0	 1500.0	    0.0	  612.2	 1343.5	    0.0	  200.0	  582.9	 1323.9	    0.0	  200.0	  100.0	   23.1	    0.0	    0.0	    0.0	    8.3	   11.9	  1	 -650.0	 1550.0	   23.1	    0.0	    8.3	1	  374.5	 21	 1334.6	   13.5	
  176	  23.18	    0.0	 1500.0	    0.0	  612.2	 1343.5	    0.0	  200.0	  582.9	 1323.9	    0.0	  200.0	  100.0	   22.6	    0.0	    0.0	    0.0	    8.3	   11.9	  1	 -650.0	 1550.0	   22.6	    0.0	    8.3	1	  373.5	 21	 1334.6	   13.5	
  177	  23.28	    0.0	 1500.0	    0.0	  612.2	 1343.5	    0.0	  200.0	  582.9	 1323.9	    0.0	  200.0	  100.0	   22.2	    0.0	    0.0	    0.0	    8.4	   12.0	  1	 -650.0	 1550.0	   22.2	    0.0	    8.4	1	  372.5	 21	 1334.5	   13.4	
  178	  23.38	    0.0	 1500.0	    0.0	  612.2	 1343.5	    0.0	  200.0	  582.9	 1323.9	    0.0	  200.0	  100.0	   21.7	    0.0	    0.0	    0.0	    8.4	   12.1	  1	 -650.0	 1550.0	   21.7	    0.0	    8.4	1	  371.5	 21	 1334.5	   13.4	
  179	  23.48	    0.0	 1500.0	    0.0	  609.0	 1343.2	    0.0	  200.0	  582.9	 1323.9	    0.0	  200.0	  100.0	   21.3	    0.0	    0.0	    0.0	    8.4	   12.1	  1	 -650.0	 1550.0	   21.3	    0.0	    8.4	1	  370.3	 21	 1334.5	   13.4	
  180	  23.58	    0.0	 1500.0	    0.0	  609.0	 1343.2	    0.0	  200.0	  582.9	 1323.9	    0.0	  200.0	  100.0	   20.8	    0.0	    0.0	    0.0	    8.4	   12.2	  1	 -650.0	 1550.0	   20.8	    0.0	    8.4	1	  369.3	 21	 1334.5	   13.4	
  181	  23.68	    0.0	 1500.0	    0.0	  609.0	 1343.2	    0.0	  200.0	  582.9	 1323.9	    0.0	  200.0	  100.0	   20.4	    0.0	    0.0	    0.0	    8.4	   12.3	  1	 -650.0	 1550.0	   20.4	    0.0	    8.4	1	  368.2	 21	 1334.5	   13.5	
  182	  23.78	    0.0	 1500.0	    0.0	  609.0	 1343.2	    0.0	  200.0	  582.9	 1323.9	    0.0	  200.0	  100.0	   19.9	    0.0	    0.0	    0.0	    8.4	   12.3	  1	 -650.0	 1550.0	   19.9	    0.0	    8.4	1	  367.2	 21	 1334.6	   13.5	
  183	  23.88	    0.0	 1500.0	    0.0	  609.0	 1343.2	    0.0	  200.0	  582.9	 1323.9	    0.0	  200.0	  100.0	   19.5	    0.0	    0.0	    0.0	    8.4	   12.4	  1	 -650.0	 1550.0	   19.5	    0.0	    8.4	1	  366.2	 21	 1334.7	   13.5	
  184	  23.98	    0.0	 1500.0	    0.0	  613.1	 1338.6	    0.0	  200.0	  582.9	 1323.9	    0.0	  200.0	  100.0	   19.0	    0.0	    0.0	    0.0	    8.4	   12.5	  1	 -650.0	 1550.0	   19.0	    0.0	    8.4	1	  365.4	 21	 1334.8	   13.5	
  185	  24.08	    0.0	 1500.0	    0.0	  613.1	 1338.6	    0.0	  200.0	  582.9	 1323.9	    0.0	  200.0	  100.0	   18.6	    0.0	    0.0	    0.0	    8.4	   12.5	  1	 -650.0	 1550.0	   18.6	    0.0	    8.4	1	  364.4	 21	 1335.0	   13.5	
  186	  24.18	    0.0	 1500.0	    0.0	  613.1	 1338.6	    0.0	  200.0	  582.9	 1323.9	    0.0	  200.0	  100.0	   18.1	    0.0	    0.0	    0.0	    8.4	   12.6	  1	 -650.0	 1550.0	   18.1	    0.0	    8.4	1	  363.4	 21	 1335.2	   13.5	
  187	  24.28	    0.0	 1500.0	    0.0	  811.1	 1313.6	    0.0	  200.0	  582.9	 1323.9	    0.0	  200.0	  100.0	   17.8	    0.0	    0.0	    0.0	    8.5	   12.7	  1	 -450.0	 2050.0	   17.8	    0.0	    8.5	1	  365.8	 21	    0.0	   -0.6	
  188	  24.38	    0.0	 1500.0	    0.0	  613.1	 1338.6	    0.0	  200.0	  582.9	 1323.9	    0.0	  200.0	  100.0	   17.3	    0.0	    0.0	    0.0	    8.5	   12.8	  1	 -650.0	 1550.0	   17.3	    0.0	    8.5	1	  354.2	 21	 1337.1	   13.7	
  189	  24.48	    0.0	 1500.0	    0.0	  613.0	 1323.1	    0.0	  200.0	  582.9	 1323.9	    0.0	  200.0	  100.0	   16.8	    0.0	    0.0	    0.0	    8.5	   12.8	  1	 -650.0	 1550.0	   16.8	    0.0	    8.5	1	  360.6	 21	 1336.3	   13.6	
  190	  24.58	    0.0	 1500.0	    0.0	  613.0	 1323.1	    0.0	  200.0	  582.9	 1323.9	    0.0	  200.0	  100.0	   16.4	    0.0	    0.0	    0.0	    8.5	   12.9	  1	 -650.0	 1550.0	   16.4	    0.0	    8.5	1	  359.6	 21	 1336.7	   13.7	
  191	  24.68	    0.0	 1500.0	    0.0	  613.0	 1323.1	    0.0	  200.0	  582.9	 1323.9	    0.0	  200.0	  100.0	   15.9	    0.0	    0.0	    0.0	    8.5	   13.0	  1	 -650.0	 1550.0	   15.9	    0.0	    8.5	1	  358.6	 21	 1337.1	   13.7	
  192	  24.78	    0.0	 1500.0	    0.0	  613.0	 1323.1	    0.0	  200.0	  582.9	 1323.9	    0.0	  200.0	  100.0	   15.5	    0.0	    0.0	    0.0	    8.5	   13.0	  1	 -650.0	 1550.0	   15.5	    0.0	    8.5	1	  357.5	 21	 1337.6	   13.8	
  193	  24.88	    0.0	 1500.0	    0.0	  620.0	 1315.9	    0.0	  200.0	  582.9	 1323.9	    0.0	  200.0	  100.0	   15.0	    0.0	    0.0	    0.0	    8.6	   13.1	  1	 -650.0	 1550.0	   15.0	    0.0	    8.6	1	  356.9	 21	 1338.1	   13.8	
  194	  24.98	    0.0	 1500.0	    0.0	  620.0	 1315.9	    0.0	  200.0	  582.9	 1323.9	    0.0	  200.0	  100.0	   14.6	    0.0	    0.0	    0.0	    8.6	   13.2	  1	 -650.0	 1550.0	   14.6	    0.0	    8.6	1	  355.9	 21	 1338.7	   13.9	
  195	  25.08	    0.0	 1500.0	    0.0	  620.0	 1315.9	    0.0	  200.0	  582.9	 1323.9	    0.0	  200.0	  100.0	   14.1	    0.0	    0.0	    0.0	    8.6	   13.2	  1	 -650.0	 1550.0	   14.1	    0.0	    8.6	1	  354.8	 21	 1339.3	   13.9	
  196	  25.18	    0.0	 1500.0	    0.0	  620.0	 1315.9	    0.0	  200.0	  582.9	 1323.9	    0.0	  200.0	  100.0	   13.7	    0.0	    0.0	    0.0	    8.6	   13.3	  1	 -650.0	 1550.0	   13.7	    0.0	    8.6	1	  353.8	 21	 1340.0	   14.0	
  197	  25.28	    0.0	 1500.0	    0.0	  620.0	 1315.9	    0.0	  200.0	  582.9	 1323.9	    0.0	  200.0	  100.0	   13.2	    0.0	    0.0	    0.0	    8.6	   13.4	  1	 -650.0	 1550.0	   13.2	    0.0	    8.6	1	  352.7	 21	 1340.8	   14.1	
  198	  25.38	    0.0	 1500.0	    0.0	  620.0	 1315.9	    0.0	  200.0	  582.9	 1323.9	    0.0	  200.0	  100.0	   12.8	    0.0	    0.0	    0.0	    8.6	   13.4	  1	 -650.0	 1550.0	   12.8	    0.0	    8.6	1	  351.7	 21	 1341.6	   14.2	
  199	  25.48	    0.0	 1500.0	    0.0	  620.0	 1315.9	    0.0	  200.0	  582.9	 1323.9	    0.0	  200.0	  100.0	   12.3	    0.0	    0.0	    0.0	    8.6	   13.5	  1	 -650.0	 1550.0	   12.3	    0.0	    8.6	1	  350.6	 21	 1342.5	   14.2	
  200	  25.58	    0.0	 1500.0	    0.0	  620.0	 1315.9	    0.0	  200.0	  582.9	 1323.9	    0.0	  200.0	  100.0	   11.9	    0.0	    0.0	    0.0	    8.6	   13.6	  1	 -650.0	 1550.0	   11.9	    0.0	    8.6	1	  349.6	 21	 1343.5	   14.3	
  201	  25.68	    0.0	 1500.0	    0.0	  620.0	 1315.9	    0.0	  200.0	  582.9	 1323.9	    0.0	  200.0	  100.0	   11.4	    0.0	    0.0	    0.0	    8.6	   13.6	  1	 -650.0	 1550.0	   11.4	    0.0	    8.6	1	  348.6	 21	 1344.5	   14.5	
  202	  25.78	    0.0	 1500.0	    0.0	  620.0	 1315.9	    0.0	  200.0	  582.9	 1323.9	    0.0	  200.0	  100.0	   11.0	    0.0	    0.0	    0.0	    8.7	   13.7	  1	 -650.0	 1550.0	   11.0	    0.0	    8.7	1	  347.5	 21	 1345.6	   14.6	
  203	  25.88	    0.0	 1500.0	    0.0	  644.8	 1343.6	    0.0	  200.0	  582.9	 1323.9	    0.0	  200.0	  100.0	   10.5	    0.0	    0.0	    0.0	    8.7	   13.8	  1	 -650.0	 1550.0	   10.5	    0.0	    8.7	1	  347.4	 21	 1346.8	   14.7	
  204	  25.98	    0.0	 1500.0	    0.0	  644.8	 1343.6	    0.0	  200.0	  582.9	 1323.9	    0.0	  200.0	  100.0	   10.1	    0.0	    0.0	    0.0	    8.7	   13.8	  1	 -650.0	 1550.0	   10.1	    0.0	    8.7	1	  346.4	 21	 1348.2	   14.8	
  205	  26.08	    0.0	 1500.0	    0.0	  644.8	 1343.6	    0.0	  200.0	  582.9	 1323.9	    0.0	  200.0	  100.0	    9.6	    0.0	    0.0	    0.0	    8.7	   13.9	  1	 -650.0	 1550.0	    9.6	    0.0	    8.7	1	  345.3	 21	 1349.6	   15.0	
  206	  26.18	    0.0	 1500.0	    0.0	  644.8	 1343.6	    0.0	  200.0	  582.9	 1323.9	    0.0	  200.0	  100.0	    9.2	    0.0	    0.0	    0.0	    8.7	   14.0	  1	 -650.0	 1550.0	    9.2	    0.0	    8.7	1	  344.2	 21	 1351.2	   15.1	
  207	  26.28	    0.0	 1500.0	    0.0	  644.8	 1343.6	    0.0	  200.0	  582.9	 1323.9	    0.0	  200.0	  100.0	    8.8	    0.0	    0.0	    0.0	    8.7	   14.0	  1	 -650.0	 1550.0	    8.8	    0.0	    8.7	1	  343.2	 21	 1352.8	   15.3	
  208	  26.38	    0.0	 1500.0	    0.0	  644.8	 1343.6	    0.0	  200.0	  582.9	 1323.9	    0.0	  200.0	  100.0	    8.3	    0.0	    0.0	    0.0	    8.8	   14.1	  1	 -650.0	 1550.0	    8.3	    0.0	    8.8	1	  342.1	 21	 1354.6	   15.5	
  209	  26.48	    0.0	 1500.0	    0.0	  644.8	 1343.6	    0.0	  200.0	  582.9	 1323.9	    0.0	  200.0	  100.0	    7.9	    0.0	    0.0	    0.0	    8.8	   14.2	  1	 -650.0	 1550.0	    7.9	    0.0	    8.8	1	  341.1	 21	 1356.6	   15.7	
  210	  26.58	    0.0	 1500.0	    0.0	  644.8	 1343.6	    0.0	  200.0	  582.9	 1323.9	    0.0	  200.0	  100.0	    7.4	    0.0	    0.0	    0.0	    8.8	   14.2	  1	 -650.0	 1550.0	    7.4	    0.0	    8.8	1	  340.0	 21	 1358.6	   15.9	
  211	  26.68	    0.0	 1500.0	    0.0	  644.8	 1343.6	    0.0	  200.0	  582.9	 1323.9	    0.0	  200.0	  100.0	    7.0	    0.0	    0.0	    0.0	    8.8	   14.3	  1	 -650.0	 1550.0	    7.0	    0.0	    8.8	1	  339.0	 21	 1360.8	   16.1	
  212	  26.78	    0.0	 1500.0	    0.0	  644.8	 1343.6	    0.0	  200.0	  582.9	 1323.9	    0.0	  200.0	  100.0	    6.5	    0.0	    0.0	    0.0	    8.8	   14.4	  1	 -650.0	 1550.0	    6.5	    0.0	    8.8	1	  337.9	 21	 1363.2	   16.3	
  213	  26.88	    0.0	 1500.0	    0.0	  644.8	 1343.6	    0.0	  200.0	  582.9	 1323.9	    0.0	  200.0	  100.0	    6.1	    0.0	    0.0	    0.0	    8.9	   14.4	  1	 -650.0	 1550.0	    6.1	    0.0	    8.9	1	  336.9	 21	 1365.8	   16.6	
  214	  26.98	    0.0	 1500.0	    0.0	  644.8	 1343.6	    0.0	  200.0	  582.9	 1323.9	    0.0	  200.0	  100.0	    5.6	    0.0	    0.0	    0.0	    8.9	   14.5	  1	 -650.0	 1550.0	    5.6	    0.0	    8.9	1	  335.8	 21	 1368.5	   16.9	
  215	  27.08	    0.0	 1500.0	    0.0	  644.8	 1343.6	    0.0	  200.0	  582.9	 1323.9	    0.0	  200.0	  100.0	    5.2	    0.0	    0.0	    0.0	    8.9	   14.6	  1	 -650.0	 1550.0	    5.2	    0.0	    8.9	1	  334.7	 21	 1371.5	   17.2	
  216	  27.18	    0.0	 1500.0	    0.0	  644.8	 1343.6	    0.0	  200.0	  582.9	 1323.9	    0.0	  200.0	  100.0	    4.7	    0.0	    0.0	    0.0	    8.9	   14.7	  1	 -650.0	 1550.0	    4.7	    0.0	    8.9	1	  333.7	 21	 1374.7	   17.5	
  217	  27.28	    0.0	 1500.0	    0.0	  644.8	 1343.6	    0.0	  200.0	  582.9	 1323.9	    0.0	  200.0	  100.0	    4.3	    0.0	    0.0	    0.0	    8.9	   14.7	  1	 -650.0	 1550.0	    4.3	    0.0	    8.9	1	  332.6	 21	 1378.1	   17.8	
  218	  27.38	    0.0	 1500.0	    0.0	  644.8	 1343.6	    0.0	  200.0	  582.9	 1323.9	    0.0	  200.0	  100.0	    3.8	    0.0	    0.0	    0.0	    8.9	   14.8	  1	 -650.0	 1550.0	    3.8	    0.0	    8.9	1	  331.5	 21	 1381.9	   18.2	
  219	  27.48	    0.0	 1500.0	    0.0	  644.8	 1343.6	    0.0	  200.0	  582.9	 1323.9	    0.0	  200.0	  100.0	    3.4	    0.0	    0.0	    0.0	    9.0	   14.9	  1	 -650.0	 1550.0	    3.4	    0.0	    9.0	1	  330.5	 21	 1385.9	   18.6	
  220	  27.58	    0.0	 1500.0	    0.0	  644.8	 1343.6	    0.0	  200.0	  582.9	 1323.9	    0.0	  200.0	  100.0	    2.9	    0.0	    0.0	    0.0	    9.0	   14.9	  1	 -650.0	 1550.0	    2.9	    0.0	    9.0	1	  329.4	 21	 1390.2	   19.0	
  221	  27.68	    0.0	 1500.0	    0.0	  644.8	 1343.6	    0.0	  200.0	  582.9	 1323.9	    0.0	  200.0	  100.0	    2.5	    0.0	    0.0	    0.0	    9.0	   15.0	  1	 -650.0	 1550.0	    2.5	    0.0	    9.0	1	  328.3	 21	 1394.9	   19.5	
  222	  27.78	    0.0	 1500.0	    0.0	  644.8	 1343.6	    0.0	  200.0	  582.9	 1323.9	    0.0	  200.0	  100.0	    2.1	    0.0	    0.0	    0.0	    9.0	   15.1	  1	 -650.0	 1550.0	    2.1	    0.0	    9.0	1	  327.3	 21	    0.0	    0.0	
  223	  27.88	    0.0	 1500.0	    0.0	  644.8	 1343.6	    0.0	  200.0	  582.9	 1323.9	    0.0	  200.0	  100.0	    1.6	    0.0	    0.0	    0.0	    9.0	   15.1	  1	 -650.0	 1550.0	    1.6	    0.0	    9.0	1	  326.2	 21	    0.0	    0.0	
  224	  27.98	    0.0	 1500.0	    0.0	  644.8	 1343.6	    0.0	  200.0	  582.9	 1323.9	    0.0	  200.0	  100.0	    1.2	    0.0	    0.0	    0.0	    9.0	   15.2	  1	 -650.0	 1550.0	    1.2	    0.0	    9.0	1	  325.1	 21	    0.0	    0.0	
  225	  28.08	    0.0	 1500.0	    0.0	  644.8	 1343.6	    0.0	  200.0	  582.9	 1323.9	    0.0	  200.0	  100.0	    0.7	    0.0	    0.0	    0.0	    9.1	   15.3	  1	 -650.0	 1550.0	    0.7	    0.0	    9.1	1	  324.1	 21	    0.0	    0.0	
  226	  28.18	    0.0	 1500.0	    0.0	  644.8	 1343.6	    0.0	  200.0	  582.9	 1323.9	    0.0	  200.0	  100.0	    0.3	    0.0	    0.0	    0.0	    9.1	   15.3	  1	 -650.0	 1550.0	    0.3	    0.0	    9.1	1	  323.0	 21	    0.0	    0.0	
  227	  28.28	    0.0	 1500.0	    0.0	  644.8	 1343.6	    0.0	  200.0	  582.9	 1323.9	    0.0	  200.0	  100.0	    0.0	    0.0	    0.0	    0.0	    9.1	   15.4	  1	 -650.0	 1550.0	    0.0	    0.0	    9.1	1	  322.4	 21	    0.0	    0.0	
  228	  28.38	    0.0	 1500.0	    0.0	  644.8	 1343.6	    0.0	  200.0	  582.9	 1323.9	    0.0	  200.0	  100.0	    0.0	    0.0	    0.0	    0.0	    9.1	   15.5	  1	 -650.0	 1550.0	    0.0	    0.0	    9.1	1	  322.4	 21	    0.0	    0.0	
  229	  28.48	    0.0	 1500.0	    0.0	  644.8	 1343.6	    0.0	  200.0	  582.9	 1323.9	    0.0	  200.0	  100.0	    0.0	    0.0	    0.0	    0.0	    9.1	   15.5	  1	 -650.0	 1550.0	    0.0	    0.0	    9.1	1	  322.5	 21	    0.0	    0.0	
  230	  28.58	    0.0	 1500.0	    0.0	  644.8	 1343.6	    0.0	  200.0	  582.9	 1323.9	    0.0	  200.0	  100.0	    0.0	    0.0	    0.0	    0.0	    9.1	   15.6	  1	 -650.0	 1550.0	    0.0	    0.0	    9.1	1	  322.5	 21	    0.0	    0.0	
  231	  28.68	    0.0	 1500.0	    0.0	  644.8	 1343.6	    0.0	  200.0	  582.9	 1323.9	    0.0	  200.0	  100.0	    0.0	    0.0	    0.0	    0.0	    9.2	   15.7	  1	 -650.0	 1550.0	    0.0	    0.0	    9.2	1	  322.5	 21	    0.0	    0.0	
  232	  28.78	    0.0	 1500.0	    0.0	  644.8	 1343.6	    0.0	  200.0	  582.9	 1323.9	    0.0	  200.0	  100.0	    0.0	    0.0	    0.0	    0.0	    9.2	   15.7	  1	 -650.0	 1550.0	    0.0	    0.0	    9.2	1	  322.6	 21	    0.0	    0.0	
  233	  28.88	    0.0	 1500.0	    0.0	  644.8	 1343.6	    0.0	  200.0	  582.9	 1323.9	    0.0	  200.0	  100.0	    0.0	    0.0	    0.0	    0.0	    9.2	   15.8	  1	 -650.0	 1550.0	    0.0	    0.0	    9.2	1	  322.6	 21	    0.0	    0.0	
  234	  28.98	    0.0	 1500.0	    0.0	  684.8	 1351.8	    0.0	  200.0	  582.9	 1323.9	    0.0	  200.0	  100.0	    0.0	    0.0	    0.0	    0.0	    9.2	   15.9	  1	 -650.0	 1550.0	    0.0	    0.0	    9.2	1	  323.5	 21	    0.0	    0.0	
  235	  29.08	    0.0	 1500.0	    0.0	  684.8	 1351.8	    0.0	  200.0	  582.9	 1323.9	    0.0	  200.0	  100.0	    0.0	    0.0	    0.0	    0.0	    9.3	   15.9	  1	 -650.0	 1550.0	    0.0	    0.0	    9.3	1	  323.6	 21	    0.0	    0.0	
  236	  29.18	    0.0	 1500.0	    0.0	  684.8	 1351.8	    0.0	  200.0	  582.9	 1323.9	    0.0	  200.0	  100.0	    0.0	    0.0	    0.0	    0.0	    9.3	   16.0	  1	 -650.0	 1550.0	    0.0	    0.0	    9.3	1	  323.7	 21	    0.0	    0.0	
  237	  29.28	    0.0	 1500.0	    0.0	  684.8	 1351.8	    0.0	  200.0	  582.9	 1323.9	    0.0	  200.0	  100.0	    0.0	    0.0	    0.0	    0.0	    9.3	   16.1	  1	 -650.0	 1550.0	    0.0	    0.0	    9.3	1	  323.8	 21	    0.0	    0.0	
  238	  29.38	    0.0	 1500.0	    0.0	  684.8	 1351.8	    0.0	  200.0	  582.9	 1323.9	    0.0	  200.0	  100.0	    0.0	    0.0	    0.0	    0.0	    9.3	   16.1	  1	 -650.0	 1550.0	    0.0	    0.0	    9.3	1	  323.8	 21	    0.0	    0.0	
  239	  29.48	    0.0	 1500.0	    0.0	  677.4	 1364.1	    0.0	  200.0	  582.9	 1323.9	    0.0	  200.0	  100.0	    0.0	    0.0	    0.0	    0.0	    9.4	   16.2	  1	 -650.0	 1550.0	    0.0	    0.0	    9.4	1	  323.7	 21	    0.0	    0.0	
  240	  29.58	    0.0	 1500.0	    0.0	  677.4	 1364.1	    0.0	  200.0	  582.9	 1323.9	    0.0	  200.0	  100.0	    0.0	    0.0	    0.0	    0.0	    9.4	   16.3	  1	 -650.0	 1550.0	    0.0	    0.0	    9.4	1	  323.8	 21	    0.0	    0.0	
  241	  29.68	    0.0	 1500.0	    0.0	  677.4	 1364.1	    0.0	  200.0	  582.9	 1323.9	    0.0	  200.0	  100.0	    0.0	    0.0	    0.0	    0.0	    9.4	   16.3	  1	 -650.0	 1550.0	    0.0	    0.0	    9.4	1	  323.9	 21	    0.0	    0.0	
  242	  29.78	    0.0	 1500.0	    0.0	  677.4	 1364.1	    0.0	  200.0	  582.9	 1323.9	    0.0	  200.0	  100.0	    0.0	    0.0	    0.0	    0.0	    9.5	   16.4	  1	 -650.0	 1550.0	    0.0	    0.0	    9.5	1	  323.9	 21	    0.0	    0.0	
  243	  29.88	    0.0	 1500.0	    0.0	  677.4	 1364.1	    0.0	  200.0	  582.9	 1323.9	    0.0	  200.0	  100.0	    0.0	    0.0	    0.0	    0.0	    9.5	   16.5	  1	 -650.0	 1550.0	    0.0	    0.0	    9.5	1	  324.0	 21	    0.0	    0.0	
  244	  29.98	    0.0	 1500.0	    0.0	  677.4	 1364.1	    0.0	  200.0	  582.9	 1323.9	    0.0	  200.0	  100.0	    0.0	    0.0	    0.0	    0.0	    9.5	   16.6	  1	 -650.0	 1550.0	    0.0	    0.0	    9.5	1	  324.1	 21	    0.0	    0.0	
  245	  30.08	    0.0	 1500.0	    0.0	  668.7	 1370.8	    0.0	  200.0	  582.9	 1323.9	    0.0	  200.0	  100.0	    0.0	    0.0	    0.0	    0.0	    9.5	   16.6	  1	 -650.0	 1550.0	    0.0	    0.0	    9.5	1	  323.9	 21	    0.0	    0.0	
  246	  30.18	    0.0	 1500.0	    0.0	  666.9	 1371.4	    0.0	  200.0	  582.9	 1323.9	    0.0	  200.0	  100.0	    0.0	    0.0	    0.0	    0.0	    9.6	   16.7	  1	 -650.0	 1550.0	    0.0	    0.0	    9.6	1	  323.9	 21	    0.0	    0.0	
  247	  30.28	    0.0	 1500.0	    0.0	  666.9	 1371.4	    0.0	  200.0	  582.9	 1323.9	    0.0	  200.0	  100.0	    0.0	    0.0	    0.0	    0.0	    9.6	   16.8	  1	 -650.0	 1550.0	    0.0	    0.0	    9.6	1	  324.0	 21	    0.0	    0.0	
  248	  30.38	    0.0	 1500.0	    0.0	  666.9	 1371.4	    0.0	  200.0	  582.9	 1323.9	    0.0	  200.0	  100.0	    0.0	    0.0	    0.0	    0.0	    9.6	   16.8	  1	 -650.0	 1550.0	    0.0	    0.0	    9.6	1	  324.0	 21	    0.0	    0.0	
  249	  30.48	    0.0	 1500.0	    0.0	  666.9	 1371.4	    0.0	  200.0	  582.9	 1323.9	    0.0	  200.0	  100.0	    0.0	    0.0	    0.0	    0.0	    9.6	   16.9	  1	 -650.0	 1550.0	    0.0	    0.0	    9.6	1	  324.1	 21	    0.0	    0.0	
  250	  30.58	    0.0	 1500.0	    0.0	  666.9	 1371.4	    0.0	  200.0	  582.9	 1323.9	    0.0	  200.0	  100.0	    0.0	    0.0	    0.0	    0.0	    9.6	   17.0	  1	 -650.0	 1550.0	    0.0	    0.0	    9.6	1	  324.2	 21	    0.0	    0.0	
  251	  30.68	    0.0	 1500.0	    0.0	  666.9	 1371.4	    0.0	  200.0	  582.9	 1323.9	    0.0	  200.0	  100.0	    0.0	    0.0	    0.0	    0.0	    9.7	   17.0	  1	 -650.0	 1550.0	    0.0	    0.0	    9.7	1	  324.2	 21	    0.0	    0.0	
  252	  30.78	    0.0	 1500.0	    0.0	  666.9	 1371.4	    0.0	  200.0	  582.9	 1323.9	    0.0	  200.0	  100.0	    0.0	    0.0	    0.0	    0.0	    9.7	   17.1	  1	 -450.0	 2050.0	    0.0	    0.0	    9.7	1	  319.9	 21	    0.0	    0.0	
  253	  30.88	    0.0	 1500.0	    0.0	  666.9	 1371.4	    0.0	  200.0	  582.9	 1323.9	    0.0	  200.0	  100.0	    0.0	    0.0	    0.0	    0.0	    9.7	   17.2	  1	 -450.0	 2050.0	    0.0	    0.0	    9.7	1	  319.9	 21	    0.0	    0.0	
  254	  30.98	    0.0	 1500.0	    0.0	  666.9	 1371.4	    0.0	  200.0	  582.9	 1323.9	    0.0	  200.0	  100.0	    0.0	    0.0	    0.0	    0.0	    9.7	   17.2	  1	 -450.0	 2050.0	    0.0	    0.0	    9.7	1	  320.0	 21	    0.0	    0.0	
  255	  31.08	    0.0	 1500.0	    0.0	  666.9	 1371.4	    0.0	  200.0	  582.9	 1323.9	    0.0	  200.0	  100.0	    0.0	    0.0	    0.0	    0.0	    9.8	   17.3	  1	 -450.0	 2050.0	    0.0	    0.0	    9.8	1	  320.0	 21	    0.0	    0.0	
  256	  31.18	    0.0	 1500.0	    0.0	  666.9	 1371.4	    0.0	  200.0	  582.9	 1323.9	    0.0	  200.0	  100.0	    0.0	    0.0	    0.0	    0.0	    9.8	   17.4	  1	 -450.0	 2050.0	    0.0	    0.0	    9.8	1	  320.1	 21	    0.0	    0.0	
  257	  31.28	    0.0	 1500.0	    0.0	  666.9	 1371.4	    0.0	  200.0	  582.9	 1323.9	    0.0	  200.0	  100.0	    0.0	    0.0	    0.0	    0.0	    9.8	   17.4	  1	 -450.0	 2050.0	    0.0	    0.0	    9.8	1	  320.1	 21	    0.0	    0.0	
  258	  31.38	    0.0	 1500.0	    0.0	  687.3	 1346.8	    0.0	  200.0	  582.9	 1323.9	    0.0	  200.0	  100.0	    0.0	    0.0	    0.0	    0.0	    9.8	   17.5	  1	 -650.0	 1550.0	    0.0	    0.0	    9.8	1	  325.2	 21	    0.0	    0.0	
  259	  31.48	    0.0	 1500.0	    0.0	  687.3	 1346.8	    0.0	  200.0	  582.9	 1323.9	    0.0	  200.0	  100.0	    0.0	    0.0	    0.0	    0.0	    9.9	   17.6	  1	 -650.0	 1550.0	    0.0	    0.0	    9.9	1	  325.2	 21	    0.0	    0.0	
  260	  31.58	    0.0	 1500.0	    0.0	  687.3	 1346.8	    0.0	  200.0	  582.9	 1323.9	    0.0	  200.0	  100.0	    0.0	    0.0	    0.0	    0.0	    9.9	   17.6	  1	 -650.0	 1550.0	    0.0	    0.0	    9.9	1	  325.3	 21	    0.0	    0.0	
  261	  31.68	    0.0	 1500.0	    0.0	  687.3	 1346.8	    0.0	  200.0	  582.9	 1323.9	    0.0	  200.0	  100.0	    0.0	    0.0	    0.0	    0.0	    9.9	   17.7	  1	 -650.0	 1550.0	    0.0	    0.0	    9.9	1	  325.4	 21	    0.0	    0.0	
  262	  31.78	    0.0	 1500.0	    0.0	  687.3	 1346.8	    0.0	  200.0	  582.9	 1323.9	    0.0	  200.0	  100.0	    0.0	    0.0	    0.0	    0.0	   10.0	   17.8	  1	 -650.0	 1550.0	    0.0	    0.0	   10.0	1	  325.5	 21	    0.0	    0.0	
  263	  31.88	    0.0	 1500.0	    0.0	  687.3	 1346.8	    0.0	  200.0	  582.9	 1323.9	    0.0	  200.0	  100.0	    0.0	    0.0	    0.0	    0.0	   10.0	   17.8	  1	 -650.0	 1550.0	    0.0	    0.0	   10.0	1	  325.6	 21	    0.0	    0.0	
  264	  31.98	    0.0	 1500.0	    0.0	  699.8	 1384.8	    0.0	  200.0	  582.9	 1323.9	    0.0	  200.0	  100.0	    0.0	    0.0	    0.0	    0.0	   10.0	   17.9	  1	 -450.0	 2050.0	    0.0	    0.0	   10.0	1	  320.5	 21	    0.0	    0.0	
  265	  32.08	    0.0	 1500.0	    0.0	  699.8	 1384.8	    0.0	  200.0	  582.9	 1323.9	    0.0	  200.0	  100.0	    0.0	    0.0	    0.0	    0.0	   10.1	   18.0	  1	 -450.0	 2050.0	    0.0	    0.0	   10.1	1	  320.6	 21	    0.0	    0.0	
  266	  32.18	    0.0	 1500.0	    0.0	  699.8	 1384.8	    0.0	  200.0	  582.9	 1323.9	    0.0	  200.0	  100.0	    0.0	    0.0	    0.0	    0.0	   10.1	   18.0	  1	 -450.0	 2050.0	    0.0	    0.0	   10.1	1	  320.7	 21	    0.0	    0.0	
  267	  32.28	    0.0	 1500.0	    0.0	  699.8	 1384.8	    0.0	  200.0	  582.9	 1323.9	    0.0	  200.0	  100.0	    0.0	    0.0	    0.0	    0.0	   10.1	   18.1	  1	 -450.0	 2050.0	    0.0	    0.0	   10.1	1	  320.7	 21	    0.0	    0.0	
  268	  32.38	    0.0	 1500.0	    0.0	  699.8	 1384.8	    0.0	  200.0	  582.9	 1323.9	    0.0	  200.0	  100.0	    0.0	    0.0	    0.0	    0.0	   10.2	   18.2	  1	 -450.0	 2050.0	    0.0	    0.0	   10.2	1	  320.8	 21	    0.0	    0.0	
  269	  32.48	    0.0	 1500.0	    0.0	  703.5	 1371.8	    0.0	  200.0	  582.9	 1323.9	    0.0	  200.0	  100.0	    0.0	    0.0	    0.0	    0.0	   10.2	   18.2	  1	 -450.0	 2050.0	    0.0	    0.0	   10.2	1	  321.3	 21	    0.0	    0.0	
  270	  32.58	    0.0	 1500.0	    0.0	  710.7	 1369.6	    0.0	  200.0	  582.9	 1323.9	    0.0	  200.0	  100.0	    0.0	    0.0	    0.0	    0.0	   10.2	   18.3	  1	 -450.0	 2050.0	    0.0	    0.0	   10.2	1	  321.5	 21	    0.0	    0.0	
  271	  32.68	    0.0	 1500.0	    0.0	  710.7	 1369.6	    0.0	  200.0	  582.9	 1323.9	    0.0	  200.0	  100.0	    0.0	    0.0	    0.0	    0.0	   10.3	   18.4	  1	 -450.0	 2050.0	    0.0	    0.0	   10.3	1	  321.6	 21	    0.0	    0.0	
  272	  32.78	    0.0	 1500.0	    0.0	  710.7	 1369.6	    0.0	  200.0	  582.9	 1323.9	    0.0	  200.0	  100.0	    0.0	    0.0	    0.0	    0.0	   10.3	   18.5	  1	 -450.0	 2050.0	    0.0	    0.0	   10.3	1	  321.7	 21	    0.0	    0.0	
  273	  32.88	    0.0	 1500.0	    0.0	  710.7	 1369.6	    0.0	  200.0	  582.9	 1323.9	    0.0	  200.0	  100.0	    0.0	    0.0	    0.0	    0.0	   10.3	   18.5	  1	 -450.0	 2050.0	    0.0	    0.0	   10.3	1	  321.8	 21	    0.0	    0.0	
  274	  32.98	    0.0	 1500.0	    0.0	  710.7	 1369.6	    0.0	  200.0	  582.9	 1323.9	    0.0	  200.0	  100.0	    0.0	    0.0	    0.0	    0.0	   10.4	   18.6	  1	 -450.0	 2050.0	    0.0	    0.0	   10.4	1	  321.8	 21	    0.0	    0.0	
  275	  33.08	    0.0	 1500.0	    0.0	  704.8	 1366.3	    0.0	  200.0	  582.9	 1323.9	    0.0	  200.0	  100.0	    0.0	    0.0	    0.0	    0.0	   10.4	   18.7	  1	 -450.0	 2050.0	    0.0	    0.0	   10.4	1	  322.0	 21	    0.0	    0.0	
  276	  33.18	    0.0	 1500.0	    0.0	  704.8	 1366.3	    0.0	  200.0	  582.9	 1323.9	    0.0	  200.0	  100.0	    0.0	    0.0	    0.0	    0.0	   10.4	   18.7	  1	 -450.0	 2050.0	    0.0	    0.0	   10.4	1	  322.0	 21	    0.0	    0.0	
  277	  33.28	    0.0	 1500.0	    0.0	  704.8	 1366.3	    0.0	  200.0	  582.9	 1323.9	    0.0	  200.0	  100.0	    0.0	    0.0	    0.0	    0.0	   10.5	   18.8	  1	 -450.0	 2050.0	    0.0	    0.0	   10.5	1	  322.1	 21	    0.0	    0.0	
  278	  33.38	    0.0	 1500.0	    0.0	  704.8	 1366.3	    0.0	  200.0	  582.9	 1323.9	    0.0	  200.0	  100.0	    0.0	    0.0	    0.0	    0.0	   10.5	   18.9	  1	 -450.0	 2050.0	    0.0	    0.0	   10.5	1	  322.2	 21	    0.0	    0.0	
  279	  33.48	    0.0	 1500.0	    0.0	  704.8	 1366.3	    0.0	  200.0	  582.9	 1323.9	    0.0	  200.0	  100.0	    0.0	    0.0	    0.0	    0.0	   10.6	   18.9	  1	 -450.0	 2050.0	    0.0	    0.0	   10.6	1	  322.3	 21	    0.0	    0.0	
  280	  33.58	    0.0	 1500.0	    0.0	  704.8	 1366.3	    0.0	  200.0	  582.9	 1323.9	    0.0	  200.0	  100.0	    0.0	    0.0	    0.0	    0.0	   10.6	   19.0	  1	 -450.0	 2050.0	    0.0	    0.0	   10.6	1	  322.3	 21	    0.0	    0.0	
  281	  33.68	    0.0	 1500.0	    0.0	  673.3	 1328.0	    0.0	  200.0	  582.9	 1323.9	    0.0	  200.0	  100.0	    0.0	    0.0	    0.0	    0.0	   10.6	   19.1	  1	 -650.0	 1550.0	    0.0	    0.0	   10.6	1	  326.9	 21	    0.0	    0.0	
  282	  33.78	    0.0	 1500.0	    0.0	  673.3	 1328.0	    0.0	  200.0	  582.9	 1323.9	    0.0	  200.0	  100.0	    0.0	    0.0	    0.0	    0.0	   10.6	   19.1	  1	 -650.0	 1550.0	    0.0	    0.0	   10.6	1	  327.0	 21	    0.0	    0.0	
  283	  33.88	    0.0	 1500.0	    0.0	  673.3	 1328.0	    0.0	  200.0	  582.9	 1323.9	    0.0	  200.0	  100.0	    0.0	    0.0	    0.0	    0.0	   10.7	   19.2	  1	 -650.0	 1550.0	    0.0	    0.0	   10.7	1	  327.0	 21	    0.0	    0.0	
  284	  33.98	    0.0	 1500.0	    0.0	  673.3	 1328.0	    0.0	  200.0	  582.9	 1323.9	    0.0	  200.0	  100.0	    0.0	    0.0	    0.0	    0.0	   10.7	   19.3	  1	 -650.0	 1550.0	    0.0	    0.0	   10.7	1	  327.1	 21	    0.0	    0.0	
  285	  34.08	    0.0	 1500.0	    0.0	  673.3	 1328.0	    0.0	  200.0	  582.9	 1323.9	    0.0	  200.0	  100.0	    0.0	    0.0	    0.0	    0.0	   10.7	   19.3	  1	 -650.0	 1550.0	    0.0	    0.0	   10.7	1	  327.2	 21	    0.0	    0.0	
  286	  34.18	    0.0	 1500.0	    0.0	  673.3	 1328.0	    0.0	  200.0	  582.9	 1323.9	    0.0	  200.0	  100.0	    0.0	    0.0	    0.0	    0.0	   10.8	   19.4	  1	 -650.0	 1550.0	    0.0	    0.0	   10.8	1	  327.2	 21	    0.0	    0.0	
  287	  34.28	    0.0	 1500.0	    0.0	  673.3	 1328.0	    0.0	  200.0	  582.9	 1323.9	    0.0	  200.0	  100.0	    0.0	    0.0	    0.0	    0.0	   10.8	   19.5	  1	 -650.0	 1550.0	    0.0	    0.0	   10.8	1	  327.3	 21	    0.0	    0.0	
  288	  34.38	    0.0	 1500.0	    0.0	  673.3	 1328.0	    0.0	  200.0	  582.9	 1323.9	    0.0	  200.0	  100.0	    0.0	    0.0	    0.0	    0.0	   10.8	   19.5	  1	 -650.0	 1550.0	    0.0	    0.0	   10.8	1	  327.4	 21	    0.0	    0.0	
  289	  34.48	    0.0	 1500.0	    0.0	  673.3	 1328.0	    0.0	  200.0	  582.9	 1323.9	    0.0	  200.0	  100.0	    0.0	    0.0	    0.0	    0.0	   10.8	   19.6	  1	 -650.0	 1550.0	    0.0	    0.0	   10.8	1	  327.5	 21	    0.0	    0.0	
  290	  34.58	    0.0	 1500.0	    0.0	  673.3	 1328.0	    0.0	  200.0	  582.9	 1323.9	    0.0	  200.0	  100.0	    0.0	    0.0	    0.0	    0.0	   10.9	   19.7	  1	 -650.0	 1550.0	    0.0	    0.0	   10.9	1	  327.5	 21	    0.0	    0.0	
  291	  34.68	    0.0	 1500.0	    0.0	  673.3	 1328.0	    0.0	  200.0	  582.9	 1323.9	    0.0	  200.0	  100.0	    0.0	    0.0	    0.0	    0.0	   10.9	   19.7	  1	 -650.0	 1550.0	    0.0	    0.0	   10.9	1	  327.6	 21	    0.0	    0.0	
  292	  34.78	    0.0	 1500.0	    0.0	  673.3	 1328.0	    0.0	  200.0	  582.9	 1323.9	    0.0	  200.0	  100.0	    0.0	    0.0	    0.0	    0.0	   10.9	   19.8	  1	 -650.0	 1550.0	    0.0	    0.0	   10.9	1	  327.7	 21	    0.0	    0.0	
  293	  34.88	    0.0	 1500.0	    0.0	  673.3	 1328.0	    0.0	  200.0	  582.9	 1323.9	    0.0	  200.0	  100.0	    0.0	    0.0	    0.0	    0.0	   11.0	   19.9	  1	 -650.0	 1550.0	    0.0	    0.0	   11.0	1	  327.7	 21	    0.0	    0.0	
  294	  34.98	    0.0	 1500.0	    0.0	  673.3	 1328.0	    0.0	  200.0	  582.9	 1323.9	    0.0	  200.0	  100.0	    0.0	    0.0	    0.0	    0.0	   11.0	   19.9	  1	 -650.0	 1550.0	    0.0	    0.0	   11.0	1	  327.8	 21	    0.0	    0.0	
  295	  35.08	    0.0	 1500.0	    0.0	  673.3	 1328.0	    0.0	  200.0	  582.9	 1323.9	    0.0	  200.0	  100.0	    0.0	    0.0	    0.0	    0.0	   11.0	   20.0	  1	 -650.0	 1550.0	    0.0	    0.0	   11.0	1	  327.9	 21	    0.0	    0.0	
  296	  35.18	    0.0	 1500.0	    0.0	  673.3	 1328.0	    0.0	  200.0	  582.9	 1323.9	    0.0	  200.0	  100.0	    0.0	    0.0	    0.0	    0.0	   11.0	   20.1	  1	 -650.0	 1550.0	    0.0	    0.0	   11.0	1	  328.0	 21	    0.0	    0.0	
  297	  35.28	    0.0	 1500.0	    0.0	  673.3	 1328.0	    0.0	  200.0	  582.9	 1323.9	    0.0	  200.0	  100.0	    0.0	    0.0	    0.0	    0.0	   11.1	   20.1	  1	 -650.0	 1550.0	    0.0	    0.0	   11.1	1	  328.0	 21	    0.0	    0.0	
  298	  35.38	    0.0	 1500.0	    0.0	  673.3	 1328.0	    0.0	  200.0	  679.5	 1269.4	    0.0	  200.0	  100.0	    0.0	    0.0	    0.0	    0.0	   11.0	   20.2	  1	 -450.0	 1850.0	    0.0	    0.0	   11.0	1	  322.5	 21	    0.0	    0.0	
  299	  35.48	    0.0	 1500.0	    0.0	  673.3	 1328.0	    0.0	  200.0	  679.5	 1269.4	    0.0	  200.0	  100.0	    0.0	    0.0	    0.0	    0.0	   11.0	   20.3	  1	 -450.0	 1850.0	    0.0	    0.0	   11.0	1	  323.7	 21	    0.0	    0.0	
  300	  35.58	    0.0	 1500.0	    0.0	  673.3	 1328.0	    0.0	  200.0	  679.5	 1269.4	    0.0	  200.0	  100.0	    0.0	    0.0	    0.0	    0.0	   11.0	   20.3	  1	 -450.0	 1850.0	    0.0	    0.0	   11.0	1	  323.7	 21	    0.0	    0.0	
  301	  35.68	    0.0	 1500.0	    0.0	  673.3	 1328.0	    0.0	  200.0	  679.5	 1269.4	    0.0	  200.0	  100.0	    0.0	    0.0	    0.0	    0.0	   11.0	   20.4	  1	 -450.0	 1850.0	    0.0	    0.0	   11.0	1	  323.7	 21	    0.0	    0.0	
  302	  35.78	    0.0	 1500.0	    0.0	  673.3	 1328.0	    0.0	  200.0	  679.5	 1269.4	    0.0	  200.0	  100.0	    0.0	    0.0	    0.0	    0.0	   11.0	   20.5	  1	 -450.0	 1850.0	    0.0	    0.0	   11.0	1	  323.7	 21	    0.0	    0.0	
  303	  35.88	    0.0	 1500.0	    0.0	  695.4	 1328.3	    0.0	  200.0	  679.5	 1269.4	    0.0	  200.0	  100.0	    0.0	    0.0	    0.0	    0.0	   11.0	   20.6	  1	 -450.0	 1850.0	    0.0	    0.0	   11.0	1	  324.1	 21	    0.0	    0.0	
  304	  35.98	    0.0	 1500.0	    0.0	  695.4	 1328.3	    0.0	  200.0	  679.5	 1269.4	    0.0	  200.0	  100.0	    0.0	    0.0	    0.0	    0.0	   11.0	   20.6	  1	 -450.0	 1850.0	    0.0	    0.0	   11.0	1	  324.1	 21	    0.0	    0.0	
  305	  36.08	    0.0	 1500.0	    0.0	  695.4	 1328.3	    0.0	  200.0	  679.5	 1269.4	    0.0	  200.0	  100.0	    0.0	    0.0	    0.0	    0.0	   11.0	   20.7	  1	 -450.0	 1850.0	    0.0	    0.0	   11.0	1	  324.1	 21	    0.0	    0.0	
  306	  36.18	    0.0	 1500.0	    0.0	  695.4	 1328.3	    0.0	  200.0	  679.5	 1269.4	    0.0	  200.0	  100.0	    0.0	    0.0	    0.0	    0.0	   11.0	   20.8	  1	 -450.0	 1850.0	    0.0	    0.0	   11.0	1	  324.1	 21	    0.0	    0.0	
  307	  36.28	    0.0	 1500.0	    0.0	  695.4	 1328.3	    0.0	  200.0	  679.5	 1269.4	    0.0	  200.0	  100.0	    0.0	    0.0	    0.0	    0.0	   11.0	   20.8	  1	 -450.0	 1850.0	    0.0	    0.0	   11.0	1	  324.1	 21	    0.0	    0.0	
  308	  36.38	    0.0	 1500.0	    0.0	  695.4	 1328.3	    0.0	  200.0	  679.5	 1269.4	    0.0	  200.0	  100.0	    0.0	    0.0	    0.0	    0.0	   11.0	   20.9	  1	 -450.0	 1850.0	    0.0	    0.0	   11.0	1	  324.1	 21	    0.0	    0.0	
  309	  36.48	    0.0	 1500.0	    0.0	  668.8	 1325.8	    0.0	  200.0	  679.5	 1269.4	    0.0	  200.0	  100.0	    0.0	    0.0	    0.0	    0.0	   11.0	   21.0	  1	 -450.0	 1850.0	    0.0	    0.0	   11.0	1	  323.6	 21	    0.0	    0.0	
  310	  36.58	    0.0	 1500.0	    0.0	  668.8	 1325.8	    0.0	  200.0	  679.5	 1269.4	    0.0	  200.0	  100.0	    0.0	    0.0	    0.0	    0.0	   11.0	   21.0	  1	 -450.0	 1850.0	    0.0	    0.0	   11.0	1	  323.6	 21	    0.0	    0.0	
