    1	   0.10	    0.0	 1500.0	    0.0	    0.0	    0.0	    0.0	    0.0	    0.0	    0.0	    0.0	    0.0	  100.0	  100.0	    0.0	    0.0	    0.0	    0.0	    0.0	  1	-1000.0	  500.0	  100.0	    0.0	    0.0	1	  526.8	 21	 1371.8	  -28.2	
    2	   0.20	  -17.6	 1490.6	 -151.9	    0.0	    0.0	    0.0	    0.0	    0.0	    0.0	    0.0	    0.0	  100.0	   99.7	    0.0	    0.0	    0.0	    0.0	    0.1	  1	  -50.0	 1250.0	   99.7	    0.0	    0.0	1	  216.1	 21	 1390.1	   19.0	
    3	   0.30	  -23.9	 1456.6	  -96.7	    0.0	    0.0	    0.0	    0.0	    0.0	    0.0	    0.0	    0.0	  100.0	   99.5	    0.0	    0.0	    0.0	    0.0	    0.1	  1	  -50.0	 1250.0	   99.5	    0.0	    0.0	1	  181.5	 21	 1389.7	   19.0	
    4	   0.40	  -28.4	 1413.5	  -95.9	    0.0	    0.0	    0.0	    0.0	    0.0	    0.0	    0.0	    0.0	  100.0	   99.2	    0.0	    0.0	    0.0	    0.0	    0.1	  1	  -50.0	 1250.0	   99.2	    0.0	    0.0	1	  150.2	 21	 1389.3	   18.9	
    5	   0.50	  -33.3	 1378.5	  -98.2	    0.0	    0.0	    0.0	    0.0	    0.0	    0.0	    0.0	    0.0	  100.0	   98.9	    0.0	    0.0	    0.0	    0.0	    0.2	  1	  -50.0	 1250.0	   98.9	    0.0	    0.0	1	  117.4	 21	    0.0	    0.0	
    6	   0.60	  -36.5	 1349.2	  -95.9	    0.0	    0.0	    0.0	    0.0	    0.0	    0.0	    0.0	    0.0	  100.0	   98.6	    0.0	    0.0	    0.0	    0.0	    0.2	  1	  -50.0	 1250.0	   98.6	    0.0	    0.0	1	   82.6	 21	    0.0	    0.0	
    7	   0.70	  -36.9	 1345.8	  -97.7	    0.0	    0.0	    0.0	    0.0	    0.0	    0.0	    0.0	    0.0	  100.0	   98.3	    0.0	    0.0	    0.0	    0.0	    0.2	  1	  -50.0	 1250.0	   98.3	    0.0	    0.0	1	   81.1	 21	    0.0	    0.0	
    8	   0.80	  -36.9	 1345.8	  -97.8	    0.0	    0.0	    0.0	    0.0	    0.0	    0.0	    0.0	    0.0	  100.0	   98.0	    0.0	    0.0	    0.0	    0.0	    0.3	  1	  -50.0	 1250.0	   98.0	    0.0	    0.0	1	   81.1	 21	    0.0	    0.0	
    9	   0.90	  -36.9	 1345.8	  -97.8	    0.0	    0.0	    0.0	    0.0	    0.0	    0.0	    0.0	    0.0	  100.0	   97.7	    0.0	    0.0	    0.0	    0.0	    0.3	  1	  -50.0	 1250.0	   97.7	    0.0	    0.0	1	   81.1	 21	    0.0	    0.0	
   10	   1.00	  -36.9	 1345.8	  -97.8	    0.0	    0.0	    0.0	    0.0	    0.0	    0.0	    0.0	    0.0	  100.0	   97.4	    0.0	    0.0	    0.0	    0.0	    0.4	  1	  -50.0	 1250.0	   97.4	    0.0	    0.0	1	   81.1	 21	    0.0	    0.0	
   11	   1.10	  -36.9	 1345.8	  -97.8	    0.0	    0.0	    0.0	    0.0	    0.0	    0.0	    0.0	    0.0	  100.0	   97.1	    0.0	    0.0	    0.0	    0.0	    0.4	  1	  -50.0	 1250.0	   97.1	    0.0	    0.0	1	   81.1	 21	    0.0	    0.0	
   12	   1.20	  -36.9	 1345.8	  -97.8	    0.0	    0.0	    0.0	    0.0	    0.0	    0.0	    0.0	    0.0	  100.0	   96.8	    0.0	    0.0	    0.0	    0.0	    0.4	  1	  -50.0	 1250.0	   96.8	    0.0	    0.0	1	   81.1	 21	 1399.8	   20.0	
   13	   1.30	  -36.9	 1345.8	  -97.8	    0.0	    0.0	    0.0	    0.0	    0.0	    0.0	    0.0	    0.0	  100.0	   96.5	    0.0	    0.0	    0.0	    0.0	    0.5	  1	  -50.0	 1250.0	   96.5	    0.0	    0.0	1	   81.1	 21	 1399.3	   19.9	
   14	   1.40	  -36.9	 1345.8	  -97.8	    0.0	    0.0	    0.0	    0.0	    0.0	    0.0	    0.0	    0.0	  100.0	   96.2	    0.0	    0.0	    0.0	    0.0	    0.5	  1	  -50.0	 1250.0	   96.2	    0.0	    0.0	1	   81.1	 21	 1398.9	   19.9	
   15	   1.50	  -36.9	 1345.8	  -97.8	    0.0	    0.0	    0.0	    0.0	    0.0	    0.0	    0.0	    0.0	  100.0	   95.9	    0.0	    0.0	    0.0	    0.0	    0.5	  1	  -50.0	 1250.0	   95.9	    0.0	    0.0	1	   81.1	 21	 1398.4	   19.8	
   16	   1.60	  -36.9	 1345.8	  -97.8	    0.0	    0.0	    0.0	    0.0	    0.0	    0.0	    0.0	    0.0	  100.0	   95.6	    0.0	    0.0	    0.0	    0.0	    0.6	  1	  -50.0	 1250.0	   95.6	    0.0	    0.0	1	   81.1	 21	 1397.9	   19.8	
   17	   1.70	  -36.9	 1345.8	  -97.8	    0.0	    0.0	    0.0	    0.0	    0.0	    0.0	    0.0	    0.0	  100.0	   95.3	    0.0	    0.0	    0.0	    0.0	    0.6	  1	  -50.0	 1250.0	   95.3	    0.0	    0.0	1	   81.1	 21	 1397.5	   19.7	
   18	   1.80	  -36.9	 1345.8	  -97.8	    0.0	    0.0	    0.0	    0.0	    0.0	    0.0	    0.0	    0.0	  100.0	   95.0	    0.0	    0.0	    0.0	    0.0	    0.7	  1	  -50.0	 1250.0	   95.0	    0.0	    0.0	1	   81.1	 21	 1397.0	   19.7	
   19	   1.90	  -36.9	 1345.8	  -97.8	    0.0	    0.0	    0.0	    0.0	    0.0	    0.0	    0.0	    0.0	  100.0	   94.7	    0.0	    0.0	    0.0	    0.0	    0.7	  1	  -50.0	 1250.0	   94.7	    0.0	    0.0	1	   81.1	 21	 1396.6	   19.7	
   20	   2.00	  -36.9	 1345.8	  -97.8	    0.0	    0.0	    0.0	    0.0	    0.0	    0.0	    0.0	    0.0	  100.0	   94.5	    0.0	    0.0	    0.0	    0.0	    0.7	  1	  -50.0	 1250.0	   94.5	    0.0	    0.0	1	   81.1	 21	 1396.1	   19.6	
   21	   2.10	  -36.9	 1345.8	  -97.8	    0.0	    0.0	    0.0	    0.0	    0.0	    0.0	    0.0	    0.0	  100.0	   94.2	    0.0	    0.0	    0.0	    0.0	    0.8	  1	  -50.0	 1250.0	   94.2	    0.0	    0.0	1	   81.1	 21	 1395.6	   19.6	
   22	   2.20	  -36.9	 1345.8	  -97.8	    0.0	    0.0	    0.0	    0.0	    0.0	    0.0	    0.0	    0.0	  100.0	   93.9	    0.0	    0.0	    0.0	    0.0	    0.8	  1	  -50.0	 1250.0	   93.9	    0.0	    0.0	1	   81.1	 21	 1395.2	   19.5	
   23	   2.30	  -36.9	 1345.8	  -97.8	    0.0	    0.0	    0.0	    0.0	    0.0	    0.0	    0.0	    0.0	  100.0	   93.6	    0.0	    0.0	    0.0	    0.0	    0.8	  1	  -50.0	 1250.0	   93.6	    0.0	    0.0	1	   81.1	 21	 1394.7	   19.5	
   24	   2.40	  -36.9	 1345.8	  -97.8	    0.0	    0.0	    0.0	    0.0	    0.0	    0.0	    0.0	    0.0	  100.0	   93.3	    0.0	    0.0	    0.0	    0.0	    0.9	  1	  -50.0	 1250.0	   93.3	    0.0	    0.0	1	   81.1	 21	 1394.2	   19.4	
   25	   2.50	  -36.9	 1345.8	  -97.8	    0.0	    0.0	    0.0	    0.0	    0.0	    0.0	    0.0	    0.0	  100.0	   93.0	    0.0	    0.0	    0.0	    0.0	    0.9	  1	  -50.0	 1250.0	   93.0	    0.0	    0.0	1	   81.1	 21	 1393.8	   19.4	
   26	   2.60	  -36.9	 1345.8	  -97.8	    0.0	    0.0	    0.0	    0.0	    0.0	    0.0	    0.0	    0.0	  100.0	   92.7	    0.0	    0.0	    0.0	    0.0	    0.9	  1	  -50.0	 1250.0	   92.7	    0.0	    0.0	1	   81.1	 21	 1393.3	   19.3	
   27	   2.70	  -36.9	 1345.8	  -97.8	    0.0	    0.0	    0.0	    0.0	    0.0	    0.0	    0.0	    0.0	  100.0	   92.4	    0.0	    0.0	    0.0	    0.0	    1.0	  1	  -50.0	 1250.0	   92.4	    0.0	    0.0	1	   81.1	 21	 1392.8	   19.3	
   28	   2.80	  -36.9	 1345.8	  -97.8	    0.0	    0.0	    0.0	    0.0	    0.0	    0.0	    0.0	    0.0	  100.0	   92.1	    0.0	    0.0	    0.0	    0.0	    1.0	  1	  -50.0	 1250.0	   92.1	    0.0	    0.0	1	   81.1	 21	 1392.4	   19.2	
   29	   2.90	  -36.9	 1345.8	  -97.8	    0.0	    0.0	    0.0	    0.0	    0.0	    0.0	    0.0	    0.0	  100.0	   91.8	    0.0	    0.0	    0.0	    0.0	    1.1	  1	  -50.0	 1250.0	   91.8	    0.0	    0.0	1	   81.1	 21	 1391.9	   19.2	
   30	   3.00	  -36.9	 1345.8	  -97.8	    0.0	    0.0	    0.0	    0.0	    0.0	    0.0	    0.0	    0.0	  100.0	   91.5	    0.0	    0.0	    0.0	    0.0	    1.1	  1	  -50.0	 1250.0	   91.5	    0.0	    0.0	1	   81.1	 21	 1391.4	   19.1	
   31	   3.10	  -36.9	 1345.8	  -97.8	    0.0	    0.0	    0.0	    0.0	    0.0	    0.0	    0.0	    0.0	  100.0	   91.2	    0.0	    0.0	    0.0	    0.0	    1.1	  1	  -50.0	 1250.0	   91.2	    0.0	    0.0	1	   81.1	 21	 1391.0	   19.1	
   32	   3.20	  -36.9	 1345.8	  -97.8	    0.0	    0.0	    0.0	    0.0	    0.0	    0.0	    0.0	    0.0	  100.0	   90.9	    0.0	    0.0	    0.0	    0.0	    1.2	  1	  -50.0	 1250.0	   90.9	    0.0	    0.0	1	   81.1	 21	 1390.5	   19.1	
   33	   3.30	  -36.9	 1345.8	  -97.8	    0.0	    0.0	    0.0	    0.0	    0.0	    0.0	    0.0	    0.0	  100.0	   90.6	    0.0	    0.0	    0.0	    0.0	    1.2	  1	  -50.0	 1250.0	   90.6	    0.0	    0.0	1	   81.1	 21	 1390.1	   19.0	
   34	   3.40	  -36.9	 1345.8	  -97.8	    0.0	    0.0	    0.0	    0.0	    0.0	    0.0	    0.0	    0.0	  100.0	   90.3	    0.0	    0.0	    0.0	    0.0	    1.2	  1	  -50.0	 1250.0	   90.3	    0.0	    0.0	1	   81.1	 21	 1389.6	   19.0	
   35	   3.50	  -36.9	 1345.8	  -97.8	    0.0	    0.0	    0.0	    0.0	    0.0	    0.0	    0.0	    0.0	  100.0	   90.0	    0.0	    0.0	    0.0	    0.0	    1.3	  1	  -50.0	 1250.0	   90.0	    0.0	    0.0	1	   81.1	 21	 1389.1	   18.9	
   36	   3.60	  -36.9	 1345.8	  -97.8	    0.0	    0.0	    0.0	    0.0	    0.0	    0.0	    0.0	    0.0	  100.0	   89.7	    0.0	    0.0	    0.0	    0.0	    1.3	  1	  -50.0	 1250.0	   89.7	    0.0	    0.0	1	   81.1	 21	 1388.7	   18.9	
   37	   3.70	  -36.9	 1345.8	  -97.8	    0.0	    0.0	    0.0	    0.0	    0.0	    0.0	    0.0	    0.0	  100.0	   89.4	    0.0	    0.0	    0.0	    0.0	    1.4	  1	  -50.0	 1250.0	   89.4	    0.0	    0.0	1	   81.1	 21	 1388.2	   18.8	
   38	   3.80	  -36.9	 1345.8	  -97.8	    0.0	    0.0	    0.0	    0.0	    0.0	    0.0	    0.0	    0.0	  100.0	   89.1	    0.0	    0.0	    0.0	    0.0	    1.4	  1	  -50.0	 1250.0	   89.1	    0.0	    0.0	1	   81.1	 21	 1387.7	   18.8	
   39	   3.90	  -36.9	 1345.8	  -97.8	    0.0	    0.0	    0.0	    0.0	    0.0	    0.0	    0.0	    0.0	  100.0	   88.8	    0.0	    0.0	    0.0	    0.0	    1.4	  1	  -50.0	 1250.0	   88.8	    0.0	    0.0	1	   81.1	 21	 1387.3	   18.7	
   40	   4.00	  -36.9	 1345.8	  -97.8	    0.0	    0.0	    0.0	    0.0	    0.0	    0.0	    0.0	    0.0	  100.0	   88.5	    0.0	    0.0	    0.0	    0.0	    1.5	  1	  -50.0	 1250.0	   88.5	    0.0	    0.0	1	   81.1	 21	 1386.8	   18.7	
   41	   4.10	  -36.9	 1345.8	  -97.8	    0.0	    0.0	    0.0	    0.0	    0.0	    0.0	    0.0	    0.0	  100.0	   88.2	    0.0	    0.0	    0.0	    0.0	    1.5	  1	  -50.0	 1250.0	   88.2	    0.0	    0.0	1	   81.1	 21	 1386.3	   18.6	
   42	   4.20	  -36.9	 1345.8	  -97.8	    0.0	    0.0	    0.0	    0.0	    0.0	    0.0	    0.0	    0.0	  100.0	   87.9	    0.0	    0.0	    0.0	    0.0	    1.5	  1	  -50.0	 1250.0	   87.9	    0.0	    0.0	1	   81.1	 21	 1385.9	   18.6	
   43	   4.30	  -36.9	 1345.8	  -97.8	    0.0	    0.0	    0.0	    0.0	    0.0	    0.0	    0.0	    0.0	  100.0	   87.6	    0.0	    0.0	    0.0	    0.0	    1.6	  1	  -50.0	 1250.0	   87.6	    0.0	    0.0	1	   81.1	 21	 1385.4	   18.5	
   44	   4.40	  -36.9	 1345.8	  -97.8	    0.0	    0.0	    0.0	    0.0	    0.0	    0.0	    0.0	    0.0	  100.0	   87.3	    0.0	    0.0	    0.0	    0.0	    1.6	  1	  -50.0	 1250.0	   87.3	    0.0	    0.0	1	   81.1	 21	 1384.9	   18.5	
   45	   4.50	  -36.9	 1345.8	  -97.8	    0.0	    0.0	    0.0	    0.0	    0.0	    0.0	    0.0	    0.0	  100.0	   87.0	    0.0	    0.0	    0.0	    0.0	    1.7	  1	  -50.0	 1250.0	   87.0	    0.0	    0.0	1	   81.1	 21	 1384.5	   18.4	
   46	   4.60	  -36.9	 1345.8	  -97.8	    0.0	    0.0	    0.0	    0.0	    0.0	    0.0	    0.0	    0.0	  100.0	   86.7	    0.0	    0.0	    0.0	    0.0	    1.7	  1	  -50.0	 1250.0	   86.7	    0.0	    0.0	1	   81.1	 21	 1384.0	   18.4	
   47	   4.70	  -36.9	 1345.8	  -97.8	    0.0	    0.0	    0.0	    0.0	    0.0	    0.0	    0.0	    0.0	  100.0	   86.4	    0.0	    0.0	    0.0	    0.0	    1.7	  1	  -50.0	 1250.0	   86.4	    0.0	    0.0	1	   81.1	 21	 1383.5	   18.4	
   48	   4.80	  -36.9	 1345.8	  -97.8	    0.0	    0.0	    0.0	    0.0	    0.0	    0.0	    0.0	    0.0	  100.0	   86.1	    0.0	    0.0	    0.0	    0.0	    1.8	  1	  -50.0	 1250.0	   86.1	    0.0	    0.0	1	   81.1	 21	 1383.1	   18.3	
   49	   4.90	  -36.9	 1345.8	  -97.8	    0.0	    0.0	    0.0	    0.0	    0.0	    0.0	    0.0	    0.0	  100.0	   85.8	    0.0	    0.0	    0.0	    0.0	    1.8	  1	  -50.0	 1250.0	   85.8	    0.0	    0.0	1	   81.1	 21	 1382.6	   18.3	
   50	   5.00	  -36.9	 1345.8	  -97.8	    0.0	    0.0	    0.0	    0.0	    0.0	    0.0	    0.0	    0.0	  100.0	   85.5	    0.0	    0.0	    0.0	    0.0	    1.8	  1	  -50.0	 1250.0	   85.5	    0.0	    0.0	1	   81.1	 21	 1382.2	   18.2	
   51	   5.10	  -36.9	 1345.8	  -97.8	    0.0	    0.0	    0.0	    0.0	    0.0	    0.0	    0.0	    0.0	  100.0	   85.2	    0.0	    0.0	    0.0	    0.0	    1.9	  1	  -50.0	 1250.0	   85.2	    0.0	    0.0	1	   81.1	 21	 1381.7	   18.2	
   52	   5.20	  -36.9	 1345.8	  -97.8	    0.0	    0.0	    0.0	    0.0	    0.0	    0.0	    0.0	    0.0	  100.0	   84.9	    0.0	    0.0	    0.0	    0.0	    1.9	  1	  -50.0	 1250.0	   84.9	    0.0	    0.0	1	   81.1	 21	 1381.2	   18.1	
   53	   5.30	  -36.9	 1345.8	  -97.8	    0.0	    0.0	    0.0	    0.0	    0.0	    0.0	    0.0	    0.0	  100.0	   84.6	    0.0	    0.0	    0.0	    0.0	    1.9	  1	  -50.0	 1250.0	   84.6	    0.0	    0.0	1	   81.1	 21	 1380.8	   18.1	
   54	   5.40	  -36.9	 1345.8	  -97.8	    0.0	    0.0	    0.0	    0.0	    0.0	    0.0	    0.0	    0.0	  100.0	   84.3	    0.0	    0.0	    0.0	    0.0	    2.0	  1	  -50.0	 1250.0	   84.3	    0.0	    0.0	1	   81.1	 21	 1380.3	   18.0	
   55	   5.50	  -36.9	 1345.8	  -97.8	    0.0	    0.0	    0.0	    0.0	    0.0	    0.0	    0.0	    0.0	  100.0	   84.0	    0.0	    0.0	    0.0	    0.0	    2.0	  1	  -50.0	 1250.0	   84.0	    0.0	    0.0	1	   81.1	 21	 1379.8	   18.0	
   56	   5.60	  -36.9	 1345.8	  -97.8	    0.0	    0.0	    0.0	    0.0	    0.0	    0.0	    0.0	    0.0	  100.0	   83.7	    0.0	    0.0	    0.0	    0.0	    2.1	  1	  -50.0	 1250.0	   83.7	    0.0	    0.0	1	   81.1	 21	 1379.4	   17.9	
   57	   5.70	  -36.9	 1345.8	  -97.8	    0.0	    0.0	    0.0	    0.0	    0.0	    0.0	    0.0	    0.0	  100.0	   83.5	    0.0	    0.0	    0.0	    0.0	    2.1	  1	  -50.0	 1250.0	   83.5	    0.0	    0.0	1	   81.1	 21	 1378.9	   17.9	
   58	   5.80	  -36.9	 1345.8	  -97.8	    0.0	    0.0	    0.0	    0.0	    0.0	    0.0	    0.0	    0.0	  100.0	   83.2	    0.0	    0.0	    0.0	    0.0	    2.1	  1	  -50.0	 1250.0	   83.2	    0.0	    0.0	1	   81.1	 21	 1378.4	   17.8	
   59	   5.90	  -36.9	 1345.8	  -97.8	    0.0	    0.0	    0.0	    0.0	    0.0	    0.0	    0.0	    0.0	  100.0	   82.9	    0.0	    0.0	    0.0	    0.0	    2.2	  1	  -50.0	 1250.0	   82.9	    0.0	    0.0	1	   81.1	 21	 1378.0	   17.8	
   60	   6.00	  -36.9	 1345.8	  -97.8	    0.0	    0.0	    0.0	    0.0	    0.0	    0.0	    0.0	    0.0	  100.0	   82.6	    0.0	    0.0	    0.0	    0.0	    2.2	  1	  -50.0	 1250.0	   82.6	    0.0	    0.0	1	   81.1	 21	 1377.5	   17.8	
   61	   6.10	  -36.9	 1345.8	  -97.8	    0.0	    0.0	    0.0	    0.0	    0.0	    0.0	    0.0	    0.0	  100.0	   82.3	    0.0	    0.0	    0.0	    0.0	    2.2	  1	  -50.0	 1250.0	   82.3	    0.0	    0.0	1	   81.1	 21	 1377.0	   17.7	
   62	   6.20	  -36.9	 1345.8	  -97.8	    0.0	    0.0	    0.0	    0.0	    0.0	    0.0	    0.0	    0.0	  100.0	   82.0	    0.0	    0.0	    0.0	    0.0	    2.3	  1	  -50.0	 1250.0	   82.0	    0.0	    0.0	1	   81.1	 21	 1376.6	   17.7	
   63	   6.30	  -36.9	 1345.8	  -97.8	    0.0	    0.0	    0.0	    0.0	    0.0	    0.0	    0.0	    0.0	  100.0	   81.7	    0.0	    0.0	    0.0	    0.0	    2.3	  1	  -50.0	 1250.0	   81.7	    0.0	    0.0	1	   81.1	 21	 1376.1	   17.6	
   64	   6.40	  -36.9	 1345.8	  -97.8	    0.0	    0.0	    0.0	    0.0	    0.0	    0.0	    0.0	    0.0	  100.0	   81.4	    0.0	    0.0	    0.0	    0.0	    2.4	  1	  -50.0	 1250.0	   81.4	    0.0	    0.0	1	   81.1	 21	 1375.6	   17.6	
   65	   6.50	  -36.9	 1345.8	  -97.8	    0.0	    0.0	    0.0	    0.0	    0.0	    0.0	    0.0	    0.0	  100.0	   81.1	    0.0	    0.0	    0.0	    0.0	    2.4	  1	  -50.0	 1250.0	   81.1	    0.0	    0.0	1	   81.1	 21	 1375.2	   17.5	
   66	   6.60	  -36.9	 1345.8	  -97.8	    0.0	    0.0	    0.0	    0.0	    0.0	    0.0	    0.0	    0.0	  100.0	   80.8	    0.0	    0.0	    0.0	    0.0	    2.4	  1	  -50.0	 1250.0	   80.8	    0.0	    0.0	1	   81.1	 21	 1374.7	   17.5	
   67	   6.70	  -36.9	 1345.8	  -97.8	    0.0	    0.0	    0.0	    0.0	    0.0	    0.0	    0.0	    0.0	  100.0	   80.5	    0.0	    0.0	    0.0	    0.0	    2.5	  1	  -50.0	 1250.0	   80.5	    0.0	    0.0	1	   81.1	 21	 1374.3	   17.4	
   68	   6.80	  -36.9	 1345.8	  -97.8	    0.0	    0.0	    0.0	    0.0	    0.0	    0.0	    0.0	    0.0	  100.0	   80.2	    0.0	    0.0	    0.0	    0.0	    2.5	  1	  -50.0	 1250.0	   80.2	    0.0	    0.0	1	   81.1	 21	 1373.8	   17.4	
   69	   6.90	  -36.9	 1345.8	  -97.8	    0.0	    0.0	    0.0	    0.0	    0.0	    0.0	    0.0	    0.0	  100.0	   79.9	    0.0	    0.0	    0.0	    0.0	    2.5	  1	  -50.0	 1250.0	   79.9	    0.0	    0.0	1	   81.1	 21	 1373.3	   17.3	
   70	   7.00	  -36.9	 1345.8	  -97.8	    0.0	    0.0	    0.0	    0.0	    0.0	    0.0	    0.0	    0.0	  100.0	   79.6	    0.0	    0.0	    0.0	    0.0	    2.6	  1	  -50.0	 1250.0	   79.6	    0.0	    0.0	1	   81.1	 21	 1372.9	   17.3	
   71	   7.10	  -36.9	 1345.8	  -97.8	    0.0	    0.0	    0.0	    0.0	    0.0	    0.0	    0.0	    0.0	  100.0	   79.3	    0.0	    0.0	    0.0	    0.0	    2.6	  1	  -50.0	 1250.0	   79.3	    0.0	    0.0	1	   81.1	 21	 1372.4	   17.2	
   72	   7.20	  -36.9	 1345.8	  -97.8	    0.0	    0.0	    0.0	    0.0	    0.0	    0.0	    0.0	    0.0	  100.0	   79.0	    0.0	    0.0	    0.0	    0.0	    2.7	  1	  -50.0	 1250.0	   79.0	    0.0	    0.0	1	   81.1	 21	 1371.9	   17.2	
   73	   7.30	  -36.9	 1345.8	  -97.8	    0.0	    0.0	    0.0	    0.0	    0.0	    0.0	    0.0	    0.0	  100.0	   78.7	    0.0	    0.0	    0.0	    0.0	    2.7	  1	  -50.0	 1250.0	   78.7	    0.0	    0.0	1	   81.1	 21	 1371.5	   17.1	
   74	   7.40	  -36.9	 1345.8	  -97.8	    0.0	    0.0	    0.0	    0.0	    0.0	    0.0	    0.0	    0.0	  100.0	   78.4	    0.0	    0.0	    0.0	    0.0	    2.7	  1	  -50.0	 1250.0	   78.4	    0.0	    0.0	1	   81.1	 21	 1371.0	   17.1	
   75	   7.50	  -36.9	 1345.8	  -97.8	    0.0	    0.0	    0.0	    0.0	    0.0	    0.0	    0.0	    0.0	  100.0	   78.1	    0.0	    0.0	    0.0	    0.0	    2.8	  1	  -50.0	 1250.0	   78.1	    0.0	    0.0	1	   81.1	 21	 1370.5	   17.1	
   76	   7.60	  -36.9	 1345.8	  -97.8	    0.0	    0.0	    0.0	    0.0	    0.0	    0.0	    0.0	    0.0	  100.0	   77.8	    0.0	    0.0	    0.0	    0.0	    2.8	  1	  -50.0	 1250.0	   77.8	    0.0	    0.0	1	   81.1	 21	 1370.1	   17.0	
   77	   7.70	  -36.9	 1345.8	  -97.8	    0.0	    0.0	    0.0	    0.0	    0.0	    0.0	    0.0	    0.0	  100.0	   77.5	    0.0	    0.0	    0.0	    0.0	    2.8	  1	  -50.0	 1250.0	   77.5	    0.0	    0.0	1	   81.1	 21	 1369.6	   17.0	
   78	   7.80	  -36.9	 1345.8	  -97.8	    0.0	    0.0	    0.0	    0.0	    0.0	    0.0	    0.0	    0.0	  100.0	   77.2	    0.0	    0.0	    0.0	    0.0	    2.9	  1	  -50.0	 1250.0	   77.2	    0.0	    0.0	1	   81.1	 21	 1369.1	   16.9	
   79	   7.90	  -36.9	 1345.8	  -97.8	    0.0	    0.0	    0.0	    0.0	    0.0	    0.0	    0.0	    0.0	  100.0	   76.9	    0.0	    0.0	    0.0	    0.0	    2.9	  1	  -50.0	 1250.0	   76.9	    0.0	    0.0	1	   81.1	 21	 1368.7	   16.9	
   80	   8.00	  -36.9	 1345.8	  -97.8	    0.0	    0.0	    0.0	    0.0	    0.0	    0.0	    0.0	    0.0	  100.0	   76.6	    0.0	    0.0	    0.0	    0.0	    2.9	  1	  -50.0	 1250.0	   76.6	    0.0	    0.0	1	   81.1	 21	 1368.2	   16.8	
   81	   8.10	  -36.9	 1345.8	  -97.8	    0.0	    0.0	    0.0	    0.0	    0.0	    0.0	    0.0	    0.0	  100.0	   76.3	    0.0	    0.0	    0.0	    0.0	    3.0	  1	  -50.0	 1250.0	   76.3	    0.0	    0.0	1	   81.1	 21	 1367.7	   16.8	
   82	   8.20	  -36.9	 1345.8	  -97.8	    0.0	    0.0	    0.0	    0.0	    0.0	    0.0	    0.0	    0.0	  100.0	   76.0	    0.0	    0.0	    0.0	    0.0	    3.0	  1	  -50.0	 1250.0	   76.0	    0.0	    0.0	1	   81.1	 21	 1367.3	   16.7	
   83	   8.30	  -36.9	 1345.8	  -97.8	    0.0	    0.0	    0.0	    0.0	    0.0	    0.0	    0.0	    0.0	  100.0	   75.7	    0.0	    0.0	    0.0	    0.0	    3.1	  1	  -50.0	 1250.0	   75.7	    0.0	    0.0	1	   81.1	 21	 1366.8	   16.7	
   84	   8.40	  -36.9	 1345.8	  -97.8	    0.0	    0.0	    0.0	    0.0	    0.0	    0.0	    0.0	    0.0	  100.0	   75.4	    0.0	    0.0	    0.0	    0.0	    3.1	  1	  -50.0	 1250.0	   75.4	    0.0	    0.0	1	   81.1	 21	 1366.4	   16.6	
   85	   8.50	  -36.9	 1345.8	  -97.8	    0.0	    0.0	    0.0	    0.0	    0.0	    0.0	    0.0	    0.0	  100.0	   75.1	    0.0	    0.0	    0.0	    0.0	    3.1	  1	  -50.0	 1250.0	   75.1	    0.0	    0.0	1	   81.1	 21	 1365.9	   16.6	
   86	   8.60	  -36.9	 1345.8	  -97.8	    0.0	    0.0	    0.0	    0.0	    0.0	    0.0	    0.0	    0.0	  100.0	   74.8	    0.0	    0.0	    0.0	    0.0	    3.2	  1	  -50.0	 1250.0	   74.8	    0.0	    0.0	1	   81.1	 21	 1365.4	   16.5	
   87	   8.70	  -36.9	 1345.8	  -97.8	    0.0	    0.0	    0.0	    0.0	    0.0	    0.0	    0.0	    0.0	  100.0	   74.5	    0.0	    0.0	    0.0	    0.0	    3.2	  1	  -50.0	 1250.0	   74.5	    0.0	    0.0	1	   81.1	 21	 1365.0	   16.5	
   88	   8.80	  -36.9	 1345.8	  -97.8	    0.0	    0.0	    0.0	    0.0	    0.0	    0.0	    0.0	    0.0	  100.0	   74.2	    0.0	    0.0	    0.0	    0.0	    3.2	  1	  -50.0	 1250.0	   74.2	    0.0	    0.0	1	   81.1	 21	 1364.5	   16.4	
   89	   8.90	  -36.9	 1345.8	  -97.8	    0.0	    0.0	    0.0	    0.0	    0.0	    0.0	    0.0	    0.0	  100.0	   73.9	    0.0	    0.0	    0.0	    0.0	    3.3	  1	  -50.0	 1250.0	   73.9	    0.0	    0.0	1	   81.1	 21	 1364.0	   16.4	
   90	   9.00	  -36.9	 1345.8	  -97.8	    0.0	    0.0	    0.0	    0.0	    0.0	    0.0	    0.0	    0.0	  100.0	   73.6	    0.0	    0.0	    0.0	    0.0	    3.3	  1	  -50.0	 1250.0	   73.6	    0.0	    0.0	1	   81.1	 21	 1363.6	   16.4	
   91	   9.10	  -36.9	 1345.8	  -97.8	    0.0	    0.0	    0.0	    0.0	    0.0	    0.0	    0.0	    0.0	  100.0	   73.3	    0.0	    0.0	    0.0	    0.0	    3.4	  1	  -50.0	 1250.0	   73.3	    0.0	    0.0	1	   81.1	 21	 1363.1	   16.3	
   92	   9.20	  -36.9	 1345.8	  -97.8	    0.0	    0.0	    0.0	    0.0	    0.0	    0.0	    0.0	    0.0	  100.0	   73.0	    0.0	    0.0	    0.0	    0.0	    3.4	  1	  -50.0	 1250.0	   73.0	    0.0	    0.0	1	   81.1	 21	 1362.6	   16.3	
   93	   9.30	  -36.9	 1345.8	  -97.8	    0.0	    0.0	    0.0	    0.0	    0.0	    0.0	    0.0	    0.0	  100.0	   72.7	    0.0	    0.0	    0.0	    0.0	    3.4	  1	  -50.0	 1250.0	   72.7	    0.0	    0.0	1	   81.1	 21	 1362.2	   16.2	
   94	   9.40	  -36.9	 1345.8	  -97.8	    0.0	    0.0	    0.0	    0.0	    0.0	    0.0	    0.0	    0.0	  100.0	   72.5	    0.0	    0.0	    0.0	    0.0	    3.5	  1	  -50.0	 1250.0	   72.5	    0.0	    0.0	1	   81.1	 21	 1361.7	   16.2	
   95	   9.50	  -36.9	 1345.8	  -97.8	    0.0	    0.0	    0.0	    0.0	    0.0	    0.0	    0.0	    0.0	  100.0	   72.2	    0.0	    0.0	    0.0	    0.0	    3.5	  1	  -50.0	 1250.0	   72.2	    0.0	    0.0	1	   81.1	 21	 1361.2	   16.1	
   96	   9.60	  -36.9	 1345.8	  -97.8	    0.0	    0.0	    0.0	    0.0	    0.0	    0.0	    0.0	    0.0	  100.0	   71.9	    0.0	    0.0	    0.0	    0.0	    3.5	  1	  -50.0	 1250.0	   71.9	    0.0	    0.0	1	   81.1	 21	 1360.8	   16.1	
   97	   9.70	  -36.9	 1345.8	  -97.8	    0.0	    0.0	    0.0	    0.0	    0.0	    0.0	    0.0	    0.0	  100.0	   71.6	    0.0	    0.0	    0.0	    0.0	    3.6	  1	  -50.0	 1250.0	   71.6	    0.0	    0.0	1	   81.1	 21	 1360.3	   16.0	
   98	   9.80	  -36.9	 1345.8	  -97.8	    0.0	    0.0	    0.0	    0.0	    0.0	    0.0	    0.0	    0.0	  100.0	   71.3	    0.0	    0.0	    0.0	    0.0	    3.6	  1	  -50.0	 1250.0	   71.3	    0.0	    0.0	1	   81.1	 21	 1359.9	   16.0	
   99	   9.90	  -36.9	 1345.8	  -97.8	    0.0	    0.0	    0.0	    0.0	    0.0	    0.0	    0.0	    0.0	  100.0	   71.0	    0.0	    0.0	    0.0	    0.0	    3.7	  1	  -50.0	 1250.0	   71.0	    0.0	    0.0	1	   81.1	 21	 1359.4	   15.9	
  100	  10.00	  -36.9	 1345.8	  -97.8	    0.0	    0.0	    0.0	    0.0	    0.0	    0.0	    0.0	    0.0	  100.0	   70.7	    0.0	    0.0	    0.0	    0.0	    3.7	  1	  -50.0	 1250.0	   70.7	    0.0	    0.0	1	   81.1	 21	 1358.9	   15.9	
  101	  10.10	  -36.9	 1345.8	  -97.8	    0.0	    0.0	    0.0	    0.0	    0.0	    0.0	    0.0	    0.0	  100.0	   70.4	    0.0	    0.0	    0.0	    0.0	    3.7	  1	  -50.0	 1250.0	   70.4	    0.0	    0.0	1	   81.1	 21	 1358.5	   15.8	
  102	  10.20	  -36.9	 1345.8	  -97.8	    0.0	    0.0	    0.0	    0.0	    0.0	    0.0	    0.0	    0.0	  100.0	   70.1	    0.0	    0.0	    0.0	    0.0	    3.8	  1	  -50.0	 1250.0	   70.1	    0.0	    0.0	1	   81.1	 21	 1358.0	   15.8	
  103	  10.30	  -36.9	 1345.8	  -97.8	    0.0	    0.0	    0.0	    0.0	    0.0	    0.0	    0.0	    0.0	  100.0	   69.8	    0.0	    0.0	    0.0	    0.0	    3.8	  1	  -50.0	 1250.0	   69.8	    0.0	    0.0	1	   81.1	 21	 1357.5	   15.8	
  104	  10.40	  -36.9	 1345.8	  -97.8	    0.0	    0.0	    0.0	    0.0	    0.0	    0.0	    0.0	    0.0	  100.0	   69.5	    0.0	    0.0	    0.0	    0.0	    3.8	  1	  -50.0	 1250.0	   69.5	    0.0	    0.0	1	   81.1	 21	 1357.1	   15.7	
  105	  10.50	  -36.9	 1345.8	  -97.8	    0.0	    0.0	    0.0	    0.0	    0.0	    0.0	    0.0	    0.0	  100.0	   69.2	    0.0	    0.0	    0.0	    0.0	    3.9	  1	  -50.0	 1250.0	   69.2	    0.0	    0.0	1	   81.1	 21	 1356.6	   15.7	
  106	  10.60	  -36.9	 1345.8	  -97.8	    0.0	    0.0	    0.0	    0.0	    0.0	    0.0	    0.0	    0.0	  100.0	   68.9	    0.0	    0.0	    0.0	    0.0	    3.9	  1	  -50.0	 1250.0	   68.9	    0.0	    0.0	1	   81.1	 21	 1356.1	   15.6	
  107	  10.70	  -36.9	 1345.8	  -97.8	    0.0	    0.0	    0.0	    0.0	    0.0	    0.0	    0.0	    0.0	  100.0	   68.6	    0.0	    0.0	    0.0	    0.0	    3.9	  1	  -50.0	 1250.0	   68.6	    0.0	    0.0	1	   81.1	 21	 1355.7	   15.6	
  108	  10.80	  -36.9	 1345.8	  -97.8	    0.0	    0.0	    0.0	    0.0	    0.0	    0.0	    0.0	    0.0	  100.0	   68.3	    0.0	    0.0	    0.0	    0.0	    4.0	  1	  -50.0	 1250.0	   68.3	    0.0	    0.0	1	   81.1	 21	 1355.2	   15.5	
  109	  10.90	  -36.9	 1345.8	  -97.8	    0.0	    0.0	    0.0	    0.0	    0.0	    0.0	    0.0	    0.0	  100.0	   68.0	    0.0	    0.0	    0.0	    0.0	    4.0	  1	  -50.0	 1250.0	   68.0	    0.0	    0.0	1	   81.1	 21	 1354.7	   15.5	
  110	  11.00	  -36.9	 1345.8	  -97.8	    0.0	    0.0	    0.0	    0.0	    0.0	    0.0	    0.0	    0.0	  100.0	   67.7	    0.0	    0.0	    0.0	    0.0	    4.1	  1	  -50.0	 1250.0	   67.7	    0.0	    0.0	1	   81.1	 21	 1354.3	   15.4	
  111	  11.10	  -36.9	 1345.8	  -97.8	    0.0	    0.0	    0.0	    0.0	    0.0	    0.0	    0.0	    0.0	  100.0	   67.4	    0.0	    0.0	    0.0	    0.0	    4.1	  1	  -50.0	 1250.0	   67.4	    0.0	    0.0	1	   81.1	 21	 1353.8	   15.4	
  112	  11.20	  -36.9	 1345.8	  -97.8	    0.0	    0.0	    0.0	    0.0	    0.0	    0.0	    0.0	    0.0	  100.0	   67.1	    0.0	    0.0	    0.0	    0.0	    4.1	  1	  -50.0	 1250.0	   67.1	    0.0	    0.0	1	   81.1	 21	 1353.3	   15.3	
  113	  11.30	  -36.9	 1345.8	  -97.8	    0.0	    0.0	    0.0	    0.0	    0.0	    0.0	    0.0	    0.0	  100.0	   66.8	    0.0	    0.0	    0.0	    0.0	    4.2	  1	  -50.0	 1250.0	   66.8	    0.0	    0.0	1	   81.1	 21	 1352.9	   15.3	
  114	  11.40	  -36.9	 1345.8	  -97.8	    0.0	    0.0	    0.0	    0.0	    0.0	    0.0	    0.0	    0.0	  100.0	   66.5	    0.0	    0.0	    0.0	    0.0	    4.2	  1	  -50.0	 1250.0	   66.5	    0.0	    0.0	1	   81.1	 21	 1352.4	   15.2	
  115	  11.50	  -36.9	 1345.8	  -97.8	    0.0	    0.0	    0.0	    0.0	    0.0	    0.0	    0.0	    0.0	  100.0	   66.2	    0.0	    0.0	    0.0	    0.0	    4.2	  1	  -50.0	 1250.0	   66.2	    0.0	    0.0	1	   81.1	 21	 1352.0	   15.2	
  116	  11.60	  -36.9	 1345.8	  -97.8	    0.0	    0.0	    0.0	    0.0	    0.0	    0.0	    0.0	    0.0	  100.0	   65.9	    0.0	    0.0	    0.0	    0.0	    4.3	  1	  -50.0	 1250.0	   65.9	    0.0	    0.0	1	   81.1	 21	 1351.5	   15.1	
  117	  11.70	  -36.9	 1345.8	  -97.8	    0.0	    0.0	    0.0	    0.0	    0.0	    0.0	    0.0	    0.0	  100.0	   65.6	    0.0	    0.0	    0.0	    0.0	    4.3	  1	  -50.0	 1250.0	   65.6	    0.0	    0.0	1	   81.1	 21	 1351.0	   15.1	
  118	  11.80	  -36.9	 1345.8	  -97.8	    0.0	    0.0	    0.0	    0.0	    0.0	    0.0	    0.0	    0.0	  100.0	   65.3	    0.0	    0.0	    0.0	    0.0	    4.4	  1	  -50.0	 1250.0	   65.3	    0.0	    0.0	1	   81.1	 21	 1350.6	   15.1	
  119	  11.90	  -36.9	 1345.8	  -97.8	    0.0	    0.0	    0.0	    0.0	    0.0	    0.0	    0.0	    0.0	  100.0	   65.0	    0.0	    0.0	    0.0	    0.0	    4.4	  1	  -50.0	 1250.0	   65.0	    0.0	    0.0	1	   81.1	 21	 1350.1	   15.0	
  120	  12.00	  -36.9	 1345.8	  -97.8	    0.0	    0.0	    0.0	    0.0	    0.0	    0.0	    0.0	    0.0	  100.0	   64.7	    0.0	    0.0	    0.0	    0.0	    4.4	  1	  -50.0	 1250.0	   64.7	    0.0	    0.0	1	   81.1	 21	 1349.6	   15.0	
  121	  12.10	  -36.9	 1345.8	  -97.8	    0.0	    0.0	    0.0	    0.0	    0.0	    0.0	    0.0	    0.0	  100.0	   64.4	    0.0	    0.0	    0.0	    0.0	    4.5	  1	  -50.0	 1250.0	   64.4	    0.0	    0.0	1	   81.1	 21	 1349.2	   14.9	
  122	  12.20	  -36.9	 1345.8	  -97.8	    0.0	    0.0	    0.0	    0.0	    0.0	    0.0	    0.0	    0.0	  100.0	   64.1	    0.0	    0.0	    0.0	    0.0	    4.5	  1	  -50.0	 1250.0	   64.1	    0.0	    0.0	1	   81.1	 21	 1348.7	   14.9	
  123	  12.30	  -36.9	 1345.8	  -97.8	    0.0	    0.0	    0.0	    0.0	    0.0	    0.0	    0.0	    0.0	  100.0	   63.8	    0.0	    0.0	    0.0	    0.0	    4.5	  1	  -50.0	 1250.0	   63.8	    0.0	    0.0	1	   81.1	 21	 1348.2	   14.8	
  124	  12.40	  -36.9	 1345.8	  -97.8	    0.0	    0.0	    0.0	    0.0	    0.0	    0.0	    0.0	    0.0	  100.0	   63.5	    0.0	    0.0	    0.0	    0.0	    4.6	  1	  -50.0	 1250.0	   63.5	    0.0	    0.0	1	   81.1	 21	 1347.8	   14.8	
  125	  12.50	  -36.9	 1345.8	  -97.8	    0.0	    0.0	    0.0	    0.0	    0.0	    0.0	    0.0	    0.0	  100.0	   63.2	    0.0	    0.0	    0.0	    0.0	    4.6	  1	  -50.0	 1250.0	   63.2	    0.0	    0.0	1	   81.1	 21	 1347.3	   14.7	
  126	  12.60	  -36.9	 1345.8	  -97.8	    0.0	    0.0	    0.0	    0.0	    0.0	    0.0	    0.0	    0.0	  100.0	   62.9	    0.0	    0.0	    0.0	    0.0	    4.6	  1	  -50.0	 1250.0	   62.9	    0.0	    0.0	1	   81.1	 21	 1346.8	   14.7	
  127	  12.70	  -36.9	 1345.8	  -97.8	    0.0	    0.0	    0.0	    0.0	    0.0	    0.0	    0.0	    0.0	  100.0	   62.6	    0.0	    0.0	    0.0	    0.0	    4.7	  1	  -50.0	 1250.0	   62.6	    0.0	    0.0	1	   81.1	 21	 1346.4	   14.6	
  128	  12.80	  -36.9	 1345.8	  -97.8	    0.0	    0.0	    0.0	    0.0	    0.0	    0.0	    0.0	    0.0	  100.0	   62.3	    0.0	    0.0	    0.0	    0.0	    4.7	  1	  -50.0	 1250.0	   62.3	    0.0	    0.0	1	   81.1	 21	 1345.9	   14.6	
  129	  12.90	  -36.9	 1345.8	  -97.8	    0.0	    0.0	    0.0	    0.0	    0.0	    0.0	    0.0	    0.0	  100.0	   62.0	    0.0	    0.0	    0.0	    0.0	    4.8	  1	  -50.0	 1250.0	   62.0	    0.0	    0.0	1	   81.1	 21	 1345.4	   14.5	
  130	  13.00	  -36.9	 1345.8	  -97.8	    0.0	    0.0	    0.0	    0.0	    0.0	    0.0	    0.0	    0.0	  100.0	   61.8	    0.0	    0.0	    0.0	    0.0	    4.8	  1	  -50.0	 1250.0	   61.8	    0.0	    0.0	1	   81.1	 21	 1345.0	   14.5	
  131	  13.10	  -36.9	 1345.8	  -97.8	    0.0	    0.0	    0.0	    0.0	    0.0	    0.0	    0.0	    0.0	  100.0	   61.5	    0.0	    0.0	    0.0	    0.0	    4.8	  1	  -50.0	 1250.0	   61.5	    0.0	    0.0	1	   81.1	 21	 1344.5	   14.5	
  132	  13.20	  -36.9	 1345.8	  -97.8	    0.0	    0.0	    0.0	    0.0	    0.0	    0.0	    0.0	    0.0	  100.0	   61.2	    0.0	    0.0	    0.0	    0.0	    4.9	  1	  -50.0	 1250.0	   61.2	    0.0	    0.0	1	   81.1	 21	 1344.1	   14.4	
  133	  13.30	  -36.9	 1345.8	  -97.8	    0.0	    0.0	    0.0	    0.0	    0.0	    0.0	    0.0	    0.0	  100.0	   60.9	    0.0	    0.0	    0.0	    0.0	    4.9	  1	  -50.0	 1250.0	   60.9	    0.0	    0.0	1	   81.1	 21	 1343.6	   14.4	
  134	  13.40	  -36.9	 1345.8	  -97.8	    0.0	    0.0	    0.0	    0.0	    0.0	    0.0	    0.0	    0.0	  100.0	   60.6	    0.0	    0.0	    0.0	    0.0	    4.9	  1	  -50.0	 1250.0	   60.6	    0.0	    0.0	1	   81.1	 21	 1343.1	   14.3	
  135	  13.50	  -36.9	 1345.8	  -97.8	    0.0	    0.0	    0.0	    0.0	    0.0	    0.0	    0.0	    0.0	  100.0	   60.3	    0.0	    0.0	    0.0	    0.0	    5.0	  1	  -50.0	 1250.0	   60.3	    0.0	    0.0	1	   81.1	 21	 1342.7	   14.3	
  136	  13.60	  -36.9	 1345.8	  -97.8	    0.0	    0.0	    0.0	    0.0	    0.0	    0.0	    0.0	    0.0	  100.0	   60.0	    0.0	    0.0	    0.0	    0.0	    5.0	  1	  -50.0	 1250.0	   60.0	    0.0	    0.0	1	   81.1	 21	 1342.2	   14.2	
  137	  13.70	  -36.9	 1345.8	  -97.8	    0.0	    0.0	    0.0	    0.0	    0.0	    0.0	    0.0	    0.0	  100.0	   59.7	    0.0	    0.0	    0.0	    0.0	    5.1	  1	  -50.0	 1250.0	   59.7	    0.0	    0.0	1	   81.1	 21	 1341.7	   14.2	
  138	  13.80	  -36.9	 1345.8	  -97.8	    0.0	    0.0	    0.0	    0.0	    0.0	    0.0	    0.0	    0.0	  100.0	   59.4	    0.0	    0.0	    0.0	    0.0	    5.1	  1	  -50.0	 1250.0	   59.4	    0.0	    0.0	1	   81.1	 21	 1341.3	   14.1	
  139	  13.90	  -36.9	 1345.8	  -97.8	    0.0	    0.0	    0.0	    0.0	    0.0	    0.0	    0.0	    0.0	  100.0	   59.1	    0.0	    0.0	    0.0	    0.0	    5.1	  1	  -50.0	 1250.0	   59.1	    0.0	    0.0	1	   81.1	 21	 1340.8	   14.1	
  140	  14.00	  -36.9	 1345.8	  -97.8	    0.0	    0.0	    0.0	    0.0	 1270.9	 1509.3	    0.0	  200.0	  100.0	   58.8	    0.0	    0.0	    0.0	    0.0	    5.2	  1	  -50.0	  750.0	   58.8	    0.0	    0.0	1	  298.4	 21	 1340.3	   14.0	
  141	  14.10	  -55.0	 1285.7	 -106.8	    0.0	    0.0	    0.0	    0.0	 1270.9	 1509.3	    0.0	  200.0	  100.0	   58.5	    0.0	    0.0	    0.0	    0.0	    5.2	  1	  -50.0	  750.0	   58.5	    0.0	    0.0	1	  298.2	 21	 1347.8	   14.8	
  142	  14.20	  -71.6	 1218.3	 -103.5	    0.0	    0.0	    0.0	    0.0	 1270.9	 1509.3	    0.0	  200.0	  100.0	   58.1	    0.0	    0.0	    0.0	    0.0	    5.2	  1	  -50.0	  750.0	   58.1	    0.0	    0.0	1	  297.8	 21	 1347.3	   14.7	
  143	  14.30	  -83.9	 1149.9	  -99.5	    0.0	    0.0	    0.0	    0.0	 1270.9	 1509.3	    0.0	  200.0	  100.0	   57.8	    0.0	    0.0	    0.0	    0.0	    5.3	  1	  -50.0	  750.0	   57.8	    0.0	    0.0	1	  296.6	 21	 1354.2	   15.4	
  144	  14.40	  -90.5	 1080.6	  -94.8	    0.0	    0.0	    0.0	    0.0	 1270.9	 1509.3	    0.0	  200.0	  100.0	   57.4	    0.0	    0.0	    0.0	    0.0	    5.3	  1	  -50.0	  750.0	   57.4	    0.0	    0.0	1	  292.1	 21	 1360.6	   16.1	
  145	  14.50	  -89.3	 1015.5	  -88.0	    0.0	    0.0	    0.0	    0.0	 1270.9	 1509.3	    0.0	  200.0	  100.0	   57.0	    0.0	    0.0	    0.0	    0.0	    5.3	  1	  -50.0	  750.0	   57.0	    0.0	    0.0	1	  246.6	 21	 1359.8	   16.0	
  146	  14.60	  -82.2	  957.3	  -82.2	    0.0	    0.0	    0.0	    0.0	 1270.9	 1509.3	    0.0	  200.0	  100.0	   56.7	    0.0	    0.0	    0.0	    0.0	    5.3	  1	  -50.0	  750.0	   56.7	    0.0	    0.0	1	  194.0	 21	 1365.5	   16.6	
  147	  14.70	  -75.1	  909.7	  -81.3	 1289.5	 1596.3	    0.0	  200.0	 1270.9	 1509.3	    0.0	  200.0	  100.0	   56.9	    0.0	    0.0	    0.0	    0.0	    5.3	  1	 1000.0	 2500.0	   56.9	    0.0	    0.0	1	  455.1	 21	 1208.5	 -191.5	
  148	  14.80	  -71.9	  925.3	   84.1	 1289.5	 1596.3	    0.0	  200.0	 1270.9	 1509.3	    0.0	  200.0	  100.0	   56.7	    0.0	    0.0	    0.0	    0.0	    5.2	  1	  150.0	  950.0	   56.7	    0.0	    0.0	1	  201.2	 21	 1369.2	   16.9	
  149	  14.90	  -46.7	  929.0	    4.0	 1289.5	 1596.3	    0.0	  200.0	 1270.9	 1509.3	    0.0	  200.0	  100.0	   56.4	    0.0	    0.0	    0.0	    0.1	    5.2	  1	  150.0	  950.0	   56.4	    0.0	    0.1	1	  173.5	 21	 1368.7	   16.9	
  150	  15.00	   -5.9	  932.9	    5.6	 1315.8	 1598.3	    0.0	  200.0	 1270.9	 1509.3	    0.0	  200.0	  100.0	   56.2	    0.0	    0.0	    0.0	    0.1	    5.2	  1	  150.0	  950.0	   56.2	    0.0	    0.1	1	  138.8	 21	 1365.0	   16.5	
  151	  15.10	   27.6	  935.3	    3.7	 1315.8	 1598.3	    0.0	  200.0	 1270.9	 1509.3	    0.0	  200.0	  100.0	   55.9	    0.0	    0.0	    0.0	    0.1	    5.2	  1	  150.0	  950.0	   55.9	    0.0	    0.1	1	  102.9	 21	 1375.9	   17.6	
  152	  15.20	   53.3	  937.6	    5.4	 1315.8	 1598.3	    0.0	  200.0	 1270.9	 1509.3	    0.0	  200.0	  100.0	   55.6	    0.0	    0.0	    0.0	    0.2	    5.2	  1	  150.0	  950.0	   55.6	    0.0	    0.2	1	   85.6	 21	 1375.3	   17.5	
  153	  15.30	   56.5	  937.9	   25.2	 1315.8	 1598.3	    0.0	  200.0	 1270.9	 1509.3	    0.0	  200.0	  100.0	   55.4	    0.0	    0.0	    0.0	    0.2	    5.2	  1	  150.0	  950.0	   55.4	    0.0	    0.2	1	   84.9	 21	 1374.7	   17.5	
  154	  15.40	   56.5	  937.9	   25.2	 1315.8	 1598.3	    0.0	  200.0	 1270.9	 1509.3	    0.0	  200.0	  100.0	   55.1	    0.0	    0.0	    0.0	    0.3	    5.3	  1	  150.0	  950.0	   55.1	    0.0	    0.3	1	   84.9	 21	 1374.1	   17.4	
  155	  15.50	   56.5	  937.9	   25.2	 1315.8	 1598.3	    0.0	  200.0	 1270.9	 1509.3	    0.0	  200.0	  100.0	   54.8	    0.0	    0.0	    0.0	    0.3	    5.3	  1	  150.0	  950.0	   54.8	    0.0	    0.3	1	   84.9	 21	 1373.6	   17.4	
  156	  15.60	   56.5	  937.9	   25.2	 1318.0	 1603.8	    0.0	  200.0	 1270.9	 1509.3	    0.0	  200.0	  100.0	   54.5	    0.0	    0.0	    0.0	    0.3	    5.3	  1	  150.0	  950.0	   54.5	    0.0	    0.3	1	   84.9	 21	 1372.4	   17.2	
  157	  15.70	   56.5	  937.9	   25.2	 1318.0	 1603.8	    0.0	  200.0	 1270.9	 1509.3	    0.0	  200.0	  100.0	   54.2	    0.0	    0.0	    0.0	    0.4	    5.3	  1	  150.0	  950.0	   54.2	    0.0	    0.4	1	   84.9	 21	 1371.9	   17.2	
  158	  15.80	   56.5	  937.9	   25.2	 1318.0	 1603.8	    0.0	  200.0	 1270.9	 1509.3	    0.0	  200.0	  100.0	   54.0	    0.0	    0.0	    0.0	    0.4	    5.3	  1	  150.0	  950.0	   54.0	    0.0	    0.4	1	   84.9	 21	 1371.3	   17.1	
  159	  15.90	   56.5	  937.9	   25.2	 1318.0	 1603.8	    0.0	  200.0	 1270.9	 1509.3	    0.0	  200.0	  100.0	   53.7	    0.0	    0.0	    0.0	    0.4	    5.4	  1	  150.0	  950.0	   53.7	    0.0	    0.4	1	   84.9	 21	 1370.7	   17.1	
  160	  16.00	   56.5	  937.9	   25.2	 1318.0	 1603.8	    0.0	  200.0	 1270.9	 1509.3	    0.0	  200.0	  100.0	   53.4	    0.0	    0.0	    0.0	    0.5	    5.4	  1	  150.0	  950.0	   53.4	    0.0	    0.5	1	   84.9	 21	 1370.2	   17.0	
  161	  16.10	   56.5	  937.9	   25.2	 1318.0	 1603.8	    0.0	  200.0	 1270.9	 1509.3	    0.0	  200.0	  100.0	   53.1	    0.0	    0.0	    0.0	    0.5	    5.4	  1	  150.0	  950.0	   53.1	    0.0	    0.5	1	   84.9	 21	 1369.6	   17.0	
  162	  16.20	   56.5	  937.9	   25.2	 1329.8	 1607.5	    0.0	  200.0	 1270.9	 1509.3	    0.0	  200.0	  100.0	   52.9	    0.0	    0.0	    0.0	    0.6	    5.4	  1	  150.0	  950.0	   52.9	    0.0	    0.6	1	   84.9	 21	 1367.6	   16.8	
  163	  16.30	   56.5	  937.9	   25.2	 1329.8	 1607.5	    0.0	  200.0	 1270.9	 1509.3	    0.0	  200.0	  100.0	   52.6	    0.0	    0.0	    0.0	    0.6	    5.5	  1	  150.0	  950.0	   52.6	    0.0	    0.6	1	   84.9	 21	 1367.1	   16.7	
  164	  16.40	   56.5	  937.9	   25.2	 1329.8	 1607.5	    0.0	  200.0	 1270.9	 1509.3	    0.0	  200.0	  100.0	   52.3	    0.0	    0.0	    0.0	    0.7	    5.5	  1	  150.0	  950.0	   52.3	    0.0	    0.7	1	   84.9	 21	 1366.6	   16.7	
  165	  16.50	   56.5	  937.9	   25.2	 1329.8	 1607.5	    0.0	  200.0	 1270.9	 1509.3	    0.0	  200.0	  100.0	   52.1	    0.0	    0.0	    0.0	    0.7	    5.5	  1	  150.0	  950.0	   52.1	    0.0	    0.7	1	   84.9	 21	 1366.0	   16.6	
  166	  16.60	   56.5	  937.9	   25.2	 1329.8	 1607.5	    0.0	  200.0	 1270.9	 1509.3	    0.0	  200.0	  100.0	   51.8	    0.0	    0.0	    0.0	    0.7	    5.6	  1	  150.0	  950.0	   51.8	    0.0	    0.7	1	   84.9	 21	 1365.5	   16.6	
  167	  16.70	   56.5	  937.9	   25.2	 1329.8	 1607.5	    0.0	  200.0	 1270.9	 1509.3	    0.0	  200.0	  100.0	   51.5	    0.0	    0.0	    0.0	    0.8	    5.6	  1	  150.0	  950.0	   51.5	    0.0	    0.8	1	   84.9	 21	 1365.0	   16.5	
  168	  16.80	   56.5	  937.9	   25.2	 1329.8	 1607.5	    0.0	  200.0	 1270.9	 1509.3	    0.0	  200.0	  100.0	   51.2	    0.0	    0.0	    0.0	    0.8	    5.6	  1	  150.0	  950.0	   51.2	    0.0	    0.8	1	   84.9	 21	 1364.5	   16.4	
  169	  16.90	   56.5	  937.9	   25.2	 1225.2	 1478.6	    0.0	  200.0	 1270.9	 1509.3	    0.0	  200.0	  100.0	   50.9	    0.0	    0.0	    0.0	    0.8	    5.7	  1	  150.0	  950.0	   50.9	    0.0	    0.8	1	   84.8	 21	 1395.1	   19.5	
  170	  17.00	   56.5	  937.9	    7.4	 1225.2	 1478.6	    0.0	  200.0	 1270.9	 1509.3	    0.0	  200.0	  100.0	   50.6	    0.0	    0.0	    0.0	    0.8	    5.7	  1	  150.0	  950.0	   50.6	    0.0	    0.8	1	   84.8	 21	 1379.3	   17.9	
  171	  17.10	   56.5	  937.9	    7.4	 1225.2	 1478.6	    0.0	  200.0	 1270.9	 1509.3	    0.0	  200.0	  100.0	   50.3	    0.0	    0.0	    0.0	    0.8	    5.7	  1	  150.0	  950.0	   50.3	    0.0	    0.8	1	   84.8	 21	 1378.5	   17.9	
  172	  17.20	   56.5	  937.9	    7.4	 1225.2	 1478.6	    0.0	  200.0	 1270.9	 1509.3	    0.0	  200.0	  100.0	   50.0	    0.0	    0.0	    0.0	    0.7	    5.8	  1	  150.0	  950.0	   50.0	    0.0	    0.7	1	   84.8	 21	 1377.7	   17.8	
  173	  17.30	   56.5	  937.9	    7.4	 1225.2	 1478.6	    0.0	  200.0	 1270.9	 1509.3	    0.0	  200.0	  100.0	   49.6	    0.0	    0.0	    0.0	    0.7	    5.8	  1	  150.0	  950.0	   49.6	    0.0	    0.7	1	   84.8	 21	 1376.9	   17.7	
  174	  17.40	   56.5	  937.9	    7.4	 1225.2	 1478.6	    0.0	  200.0	 1270.9	 1509.3	    0.0	  200.0	  100.0	   49.3	    0.0	    0.0	    0.0	    0.7	    5.8	  1	  150.0	  950.0	   49.3	    0.0	    0.7	1	   84.8	 21	 1376.0	   17.6	
  175	  17.50	   56.5	  937.9	    7.4	 1098.6	 1362.0	    0.0	  200.0	 1270.9	 1509.3	    0.0	  200.0	  100.0	   48.9	    0.0	    0.0	    0.0	    0.6	    5.9	  1	  150.0	  950.0	   48.9	    0.0	    0.6	1	   84.7	 21	    0.0	    0.0	
  176	  17.60	   56.5	  937.9	    7.4	 1098.6	 1362.0	    0.0	  200.0	 1270.9	 1509.3	    0.0	  200.0	  100.0	   48.6	    0.0	    0.0	    0.0	    0.5	    5.9	  1	  150.0	  950.0	   48.6	    0.0	    0.5	1	   84.7	 21	 1389.7	   19.0	
  177	  17.70	   56.5	  937.9	    7.4	 1098.6	 1362.0	    0.0	  200.0	 1270.9	 1509.3	    0.0	  200.0	  100.0	   48.2	    0.0	    0.0	    0.0	    0.4	    5.9	  1	  150.0	  950.0	   48.2	    0.0	    0.4	1	   84.7	 21	 1388.6	   18.9	
  178	  17.80	   56.5	  937.9	    7.4	 1098.6	 1362.0	    0.0	  200.0	 1270.9	 1509.3	    0.0	  200.0	  100.0	   47.9	    0.0	    0.0	    0.0	    0.3	    6.0	  1	  150.0	  950.0	   47.9	    0.0	    0.3	1	   84.7	 21	 1387.4	   18.7	
  179	  17.90	   56.5	  937.9	    7.4	 1098.6	 1362.0	    0.0	  200.0	 1270.9	 1509.3	    0.0	  200.0	  100.0	   47.5	    0.0	    0.0	    0.0	    0.2	    6.0	  1	  150.0	  950.0	   47.5	    0.0	    0.2	1	   84.7	 21	 1386.3	   18.6	
  180	  18.00	   56.5	  937.9	    7.4	 1098.6	 1362.0	    0.0	  200.0	 1270.9	 1509.3	    0.0	  200.0	  100.0	   47.2	    0.0	    0.0	    0.0	    0.1	    6.1	  1	  150.0	  950.0	   47.2	    0.0	    0.1	1	   84.7	 21	 1385.1	   18.5	
  181	  18.10	   56.5	  937.9	    7.4	 1098.6	 1362.0	    0.0	  200.0	 1270.9	 1509.3	    0.0	  200.0	  100.0	   46.8	    0.0	    0.0	    0.0	    0.0	    6.1	  1	  150.0	  950.0	   46.8	    0.0	    0.0	1	   84.7	 21	 1384.0	   18.4	
  182	  18.20	   56.5	  937.9	    7.4	  939.5	 1432.5	    0.0	  200.0	 1270.9	 1509.3	    0.0	  200.0	  100.0	   46.4	    0.0	    0.0	    0.0	    0.0	    6.1	  1	  150.0	  950.0	   46.4	    0.0	    0.0	1	   84.5	 21	    0.0	    0.0	
  183	  18.30	   56.5	  937.9	    7.4	  939.5	 1432.5	    0.0	  200.0	 1270.9	 1509.3	    0.0	  200.0	  100.0	   46.0	    0.0	    0.0	    0.0	    0.0	    6.2	  1	  150.0	  950.0	   46.0	    0.0	    0.0	1	   84.5	 21	 1391.6	   19.2	
  184	  18.40	   56.5	  937.9	    7.4	  939.5	 1432.5	    0.0	  200.0	 1270.9	 1509.3	    0.0	  200.0	  100.0	   45.7	    0.0	    0.0	    0.0	    0.0	    6.2	  1	  150.0	  950.0	   45.7	    0.0	    0.0	1	   84.5	 21	 1390.4	   19.0	
  185	  18.50	   56.5	  937.9	    7.4	  939.5	 1432.5	    0.0	  200.0	 1270.9	 1509.3	    0.0	  200.0	  100.0	   45.3	    0.0	    0.0	    0.0	    0.0	    6.2	  1	  150.0	  950.0	   45.3	    0.0	    0.0	1	   84.5	 21	 1389.2	   18.9	
  186	  18.60	   56.5	  937.9	    7.4	  939.5	 1432.5	    0.0	  200.0	 1270.9	 1509.3	    0.0	  200.0	  100.0	   44.9	    0.0	    0.0	    0.0	    0.0	    6.3	  1	  150.0	  950.0	   44.9	    0.0	    0.0	1	   84.5	 21	 1388.0	   18.8	
  187	  18.70	   56.5	  937.9	    7.4	  939.5	 1432.5	    0.0	  200.0	 1270.9	 1509.3	    0.0	  200.0	  100.0	   44.5	    0.0	    0.0	    0.0	    0.0	    6.3	  1	  150.0	  950.0	   44.5	    0.0	    0.0	1	   84.5	 21	 1386.8	   18.7	
  188	  18.80	   56.5	  937.9	    7.4	  939.5	 1432.5	    0.0	  200.0	 1270.9	 1509.3	    0.0	  200.0	  100.0	   44.1	    0.0	    0.0	    0.0	    0.0	    6.4	  1	  150.0	  950.0	   44.1	    0.0	    0.0	1	   84.5	 21	 1385.6	   18.6	
  189	  18.90	   56.5	  937.9	    7.4	  939.5	 1432.5	    0.0	  200.0	 1270.9	 1509.3	    0.0	  200.0	  100.0	   43.8	    0.0	    0.0	    0.0	    0.0	    6.4	  1	  150.0	  950.0	   43.8	    0.0	    0.0	1	   84.5	 21	 1384.4	   18.4	
  190	  19.00	   56.5	  937.9	    7.4	  939.5	 1432.5	    0.0	  200.0	 1270.9	 1509.3	    0.0	  200.0	  100.0	   43.4	    0.0	    0.0	    0.0	    0.0	    6.4	  1	  150.0	  950.0	   43.4	    0.0	    0.0	1	   84.5	 21	 1383.3	   18.3	
  191	  19.10	   56.5	  937.9	    7.4	  939.5	 1432.5	    0.0	  200.0	 1270.9	 1509.3	    0.0	  200.0	  100.0	   43.0	    0.0	    0.0	    0.0	    0.0	    6.5	  1	  150.0	  950.0	   43.0	    0.0	    0.0	1	   84.5	 21	 1382.1	   18.2	
  192	  19.20	   56.5	  937.9	    7.4	  939.5	 1432.5	    0.0	  200.0	 1270.9	 1509.3	    0.0	  200.0	  100.0	   42.6	    0.0	    0.0	    0.0	    0.0	    6.5	  1	  150.0	  950.0	   42.6	    0.0	    0.0	1	   84.5	 21	 1380.9	   18.1	
  193	  19.30	   56.5	  937.9	    7.4	  939.5	 1432.5	    0.0	  200.0	 1270.9	 1509.3	    0.0	  200.0	  100.0	   42.2	    0.0	    0.0	    0.0	    0.0	    6.5	  1	  150.0	  950.0	   42.2	    0.0	    0.0	1	   84.5	 21	 1379.7	   18.0	
  194	  19.40	   56.5	  937.9	    7.4	  939.5	 1432.5	    0.0	  200.0	 1270.9	 1509.3	    0.0	  200.0	  100.0	   41.9	    0.0	    0.0	    0.0	    0.0	    6.6	  1	  150.0	  950.0	   41.9	    0.0	    0.0	1	   84.5	 21	 1378.5	   17.8	
  195	  19.50	   56.5	  937.9	    7.4	  939.5	 1432.5	    0.0	  200.0	 1270.9	 1509.3	    0.0	  200.0	  100.0	   41.5	    0.0	    0.0	    0.0	    0.0	    6.6	  1	  150.0	  950.0	   41.5	    0.0	    0.0	1	   84.5	 21	 1377.3	   17.7	
  196	  19.60	   56.5	  937.9	    7.4	  939.5	 1432.5	    0.0	  200.0	 1270.9	 1509.3	    0.0	  200.0	  100.0	   41.1	    0.0	    0.0	    0.0	    0.0	    6.7	  1	  150.0	  950.0	   41.1	    0.0	    0.0	1	   84.5	 21	 1376.1	   17.6	
  197	  19.70	   56.5	  937.9	    7.4	  939.5	 1432.5	    0.0	  200.0	 1270.9	 1509.3	    0.0	  200.0	  100.0	   40.7	    0.0	    0.0	    0.0	    0.0	    6.7	  1	  150.0	  950.0	   40.7	    0.0	    0.0	1	   84.5	 21	 1374.9	   17.5	
  198	  19.80	   56.5	  937.9	    7.4	  939.5	 1432.5	    0.0	  200.0	 1270.9	 1509.3	    0.0	  200.0	  100.0	   40.3	    0.0	    0.0	    0.0	    0.0	    6.7	  1	  150.0	  950.0	   40.3	    0.0	    0.0	1	   84.5	 21	 1373.7	   17.4	
  199	  19.90	   56.5	  937.9	    7.4	  939.5	 1432.5	    0.0	  200.0	 1270.9	 1509.3	    0.0	  200.0	  100.0	   40.0	    0.0	    0.0	    0.0	    0.0	    6.8	  1	  150.0	  950.0	   40.0	    0.0	    0.0	1	   84.5	 21	 1372.5	   17.3	
  200	  20.00	   56.5	  937.9	    7.4	  939.5	 1432.5	    0.0	  200.0	 1270.9	 1509.3	    0.0	  200.0	  100.0	   39.6	    0.0	    0.0	    0.0	    0.0	    6.8	  1	  150.0	  950.0	   39.6	    0.0	    0.0	1	   84.5	 21	 1371.3	   17.1	
  201	  20.10	   56.5	  937.9	    7.4	  939.5	 1432.5	    0.0	  200.0	 1270.9	 1509.3	    0.0	  200.0	  100.0	   39.2	    0.0	    0.0	    0.0	    0.0	    6.8	  1	  150.0	  950.0	   39.2	    0.0	    0.0	1	   84.5	 21	 1370.1	   17.0	
  202	  20.20	   56.5	  937.9	    7.4	  939.5	 1432.5	    0.0	  200.0	 1270.9	 1509.3	    0.0	  200.0	  100.0	   38.8	    0.0	    0.0	    0.0	    0.0	    6.9	  1	  150.0	  950.0	   38.8	    0.0	    0.0	1	   84.5	 21	 1368.9	   16.9	
  203	  20.30	   56.5	  937.9	    7.4	  939.5	 1432.5	    0.0	  200.0	 1270.9	 1509.3	    0.0	  200.0	  100.0	   38.4	    0.0	    0.0	    0.0	    0.0	    6.9	  1	  150.0	  950.0	   38.4	    0.0	    0.0	1	   84.5	 21	 1367.7	   16.8	
  204	  20.40	   56.5	  937.9	    7.4	  939.5	 1432.5	    0.0	  200.0	 1270.9	 1509.3	    0.0	  200.0	  100.0	   38.1	    0.0	    0.0	    0.0	    0.0	    7.0	  1	  150.0	  950.0	   38.1	    0.0	    0.0	1	   84.5	 21	 1366.6	   16.7	
  205	  20.50	   56.5	  937.9	    7.4	  939.5	 1432.5	    0.0	  200.0	 1270.9	 1509.3	    0.0	  200.0	  100.0	   37.7	    0.0	    0.0	    0.0	    0.0	    7.0	  1	  150.0	  950.0	   37.7	    0.0	    0.0	1	   84.5	 21	 1365.4	   16.5	
  206	  20.60	   56.5	  937.9	    7.4	  939.5	 1432.5	    0.0	  200.0	 1270.9	 1509.3	    0.0	  200.0	  100.0	   37.3	    0.0	    0.0	    0.0	    0.0	    7.0	  1	  150.0	  950.0	   37.3	    0.0	    0.0	1	   84.5	 21	 1364.2	   16.4	
  207	  20.70	   56.5	  937.9	    7.4	  939.5	 1432.5	    0.0	  200.0	 1270.9	 1509.3	    0.0	  200.0	  100.0	   36.9	    0.0	    0.0	    0.0	    0.0	    7.1	  1	  150.0	  950.0	   36.9	    0.0	    0.0	1	   84.5	 21	 1363.0	   16.3	
  208	  20.80	   56.5	  937.9	    7.4	  939.5	 1432.5	    0.0	  200.0	 1270.9	 1509.3	    0.0	  200.0	  100.0	   36.5	    0.0	    0.0	    0.0	    0.0	    7.1	  1	  150.0	  950.0	   36.5	    0.0	    0.0	1	   84.5	 21	 1361.8	   16.2	
  209	  20.90	   56.5	  937.9	    7.4	  939.5	 1432.5	    0.0	  200.0	 1270.9	 1509.3	    0.0	  200.0	  100.0	   36.2	    0.0	    0.0	    0.0	    0.0	    7.2	  1	  150.0	  950.0	   36.2	    0.0	    0.0	1	   84.5	 21	 1360.6	   16.1	
  210	  21.00	   56.5	  937.9	    7.4	  939.5	 1432.5	    0.0	  200.0	 1270.9	 1509.3	    0.0	  200.0	  100.0	   35.8	    0.0	    0.0	    0.0	    0.0	    7.2	  1	  150.0	  950.0	   35.8	    0.0	    0.0	1	   84.5	 21	 1359.4	   15.9	
  211	  21.10	   56.5	  937.9	    7.4	  939.5	 1432.5	    0.0	  200.0	 1270.9	 1509.3	    0.0	  200.0	  100.0	   35.4	    0.0	    0.0	    0.0	    0.0	    7.2	  1	  150.0	  950.0	   35.4	    0.0	    0.0	1	   84.5	 21	 1358.2	   15.8	
  212	  21.20	   56.5	  937.9	    7.4	  939.5	 1432.5	    0.0	  200.0	 1270.9	 1509.3	    0.0	  200.0	  100.0	   35.0	    0.0	    0.0	    0.0	    0.0	    7.3	  1	  150.0	  950.0	   35.0	    0.0	    0.0	1	   84.5	 21	 1357.0	   15.7	
  213	  21.30	   56.5	  937.9	    7.4	  939.5	 1432.5	    0.0	  200.0	 1270.9	 1509.3	    0.0	  200.0	  100.0	   34.6	    0.0	    0.0	    0.0	    0.0	    7.3	  1	  150.0	  950.0	   34.6	    0.0	    0.0	1	   84.5	 21	 1355.8	   15.6	
  214	  21.40	   56.5	  937.9	    7.4	  939.5	 1432.5	    0.0	  200.0	 1270.9	 1509.3	    0.0	  200.0	  100.0	   34.3	    0.0	    0.0	    0.0	    0.0	    7.4	  1	  150.0	  950.0	   34.3	    0.0	    0.0	1	   84.5	 21	 1354.6	   15.5	
  215	  21.50	   56.5	  937.9	    7.4	  939.5	 1432.5	    0.0	  200.0	 1270.9	 1509.3	    0.0	  200.0	  100.0	   33.9	    0.0	    0.0	    0.0	    0.0	    7.4	  1	  150.0	  950.0	   33.9	    0.0	    0.0	1	   84.5	 21	 1353.4	   15.3	
  216	  21.60	   56.5	  937.9	    7.4	  939.5	 1432.5	    0.0	  200.0	 1270.9	 1509.3	    0.0	  200.0	  100.0	   33.5	    0.0	    0.0	    0.0	    0.0	    7.4	  1	  150.0	  950.0	   33.5	    0.0	    0.0	1	   84.5	 21	 1352.2	   15.2	
  217	  21.70	   56.5	  937.9	    7.4	  939.5	 1432.5	    0.0	  200.0	 1270.9	 1509.3	    0.0	  200.0	  100.0	   33.1	    0.0	    0.0	    0.0	    0.0	    7.5	  1	  150.0	  950.0	   33.1	    0.0	    0.0	1	   84.5	 21	 1351.0	   15.1	
  218	  21.80	   56.5	  937.9	    7.4	  939.5	 1432.5	    0.0	  200.0	 1270.9	 1509.3	    0.0	  200.0	  100.0	   32.7	    0.0	    0.0	    0.0	    0.0	    7.5	  1	  150.0	  950.0	   32.7	    0.0	    0.0	1	   84.5	 21	 1349.9	   15.0	
  219	  21.90	   56.5	  937.9	    7.4	  939.5	 1432.5	    0.0	  200.0	 1270.9	 1509.3	    0.0	  200.0	  100.0	   32.4	    0.0	    0.0	    0.0	    0.0	    7.6	  1	  150.0	  950.0	   32.4	    0.0	    0.0	1	   84.5	 21	 1348.7	   14.9	
  220	  22.00	   56.5	  937.9	    7.4	  939.5	 1432.5	    0.0	  200.0	 1270.9	 1509.3	    0.0	  200.0	  100.0	   32.0	    0.0	    0.0	    0.0	    0.0	    7.6	  1	  150.0	  950.0	   32.0	    0.0	    0.0	1	   84.5	 21	 1347.5	   14.7	
  221	  22.10	   56.5	  937.9	    7.4	  939.5	 1432.5	    0.0	  200.0	 1270.9	 1509.3	    0.0	  200.0	  100.0	   31.6	    0.0	    0.0	    0.0	    0.0	    7.6	  1	  150.0	  950.0	   31.6	    0.0	    0.0	1	   84.5	 21	 1346.3	   14.6	
  222	  22.20	   56.5	  937.9	    7.4	  939.5	 1432.5	    0.0	  200.0	 1270.9	 1509.3	    0.0	  200.0	  100.0	   31.2	    0.0	    0.0	    0.0	    0.0	    7.7	  1	  150.0	  950.0	   31.2	    0.0	    0.0	1	   84.5	 21	 1345.1	   14.5	
  223	  22.30	   56.5	  937.9	    7.4	  939.5	 1432.5	    0.0	  200.0	 1270.9	 1509.3	    0.0	  200.0	  100.0	   30.8	    0.0	    0.0	    0.0	    0.0	    7.7	  1	   50.0	  950.0	   30.8	    0.0	    0.0	1	   15.3	 21	 1343.9	   14.4	
  224	  22.40	   56.5	  937.9	  118.3	  939.5	 1432.5	    0.0	  200.0	 1270.9	 1509.3	    0.0	  200.0	  100.0	   30.5	    0.0	    0.0	    0.0	    0.0	    7.8	  1	   50.0	  950.0	   30.5	    0.0	    0.0	1	   15.3	 21	 1342.7	   14.3	
  225	  22.50	   56.5	  937.9	  118.3	  939.5	 1432.5	    0.0	  200.0	 1270.9	 1509.3	    0.0	  200.0	  100.0	   30.1	    0.0	    0.0	    0.0	    0.0	    7.8	  1	   50.0	  950.0	   30.1	    0.0	    0.0	1	   15.3	 21	 1341.5	   14.2	
  226	  22.60	   56.5	  937.9	  118.3	  939.5	 1432.5	    0.0	  200.0	 1270.9	 1509.3	    0.0	  200.0	  100.0	   29.7	    0.0	    0.0	    0.0	    0.0	    7.8	  1	   50.0	  950.0	   29.7	    0.0	    0.0	1	   15.3	 21	 1340.3	   14.0	
  227	  22.70	   56.5	  937.9	  118.3	  939.5	 1432.5	    0.0	  200.0	 1270.9	 1509.3	    0.0	  200.0	  100.0	   29.3	    0.0	    0.0	    0.0	    0.0	    7.9	  1	   50.0	  950.0	   29.3	    0.0	    0.0	1	   15.3	 21	 1339.1	   13.9	
  228	  22.80	   56.5	  937.9	  118.3	  939.5	 1432.5	    0.0	  200.0	 1270.9	 1509.3	    0.0	  200.0	  100.0	   28.9	    0.0	    0.0	    0.0	    0.0	    7.9	  1	   50.0	  950.0	   28.9	    0.0	    0.0	1	   15.3	 21	 1337.9	   13.8	
  229	  22.90	   56.5	  937.9	  118.3	  939.5	 1432.5	    0.0	  200.0	 1270.9	 1509.3	    0.0	  200.0	  100.0	   28.6	    0.0	    0.0	    0.0	    0.0	    8.0	  1	   50.0	  950.0	   28.6	    0.0	    0.0	1	   15.3	 21	 1336.7	   13.7	
  230	  23.00	   56.5	  937.9	  118.3	  939.5	 1432.5	    0.0	  200.0	 1270.9	 1509.3	    0.0	  200.0	  100.0	   28.2	    0.0	    0.0	    0.0	    0.0	    8.0	  1	   50.0	  950.0	   28.2	    0.0	    0.0	1	   15.3	 21	 1335.5	   13.6	
  231	  23.10	   56.5	  937.9	  118.3	  939.5	 1432.5	    0.0	  200.0	 1270.9	 1509.3	    0.0	  200.0	  100.0	   27.8	    0.0	    0.0	    0.0	    0.0	    8.1	  1	   50.0	  950.0	   27.8	    0.0	    0.0	1	   15.3	 21	 1334.3	   13.4	
  232	  23.20	   56.5	  937.9	  118.3	  939.5	 1432.5	    0.0	  200.0	 1270.9	 1509.3	    0.0	  200.0	  100.0	   27.4	    0.0	    0.0	    0.0	    0.0	    8.1	  1	   50.0	  950.0	   27.4	    0.0	    0.0	1	   15.3	 21	 1333.2	   13.3	
  233	  23.30	   56.5	  937.9	  118.3	  939.5	 1432.5	    0.0	  200.0	 1270.9	 1509.3	    0.0	  200.0	  100.0	   27.0	    0.0	    0.0	    0.0	    0.0	    8.1	  1	   50.0	  950.0	   27.0	    0.0	    0.0	1	   15.3	 21	 1332.0	   13.2	
  234	  23.40	   56.5	  937.9	  118.3	  939.5	 1432.5	    0.0	  200.0	 1270.9	 1509.3	    0.0	  200.0	  100.0	   26.7	    0.0	    0.0	    0.0	    0.0	    8.2	  1	   50.0	  950.0	   26.7	    0.0	    0.0	1	   15.3	 21	 1330.8	   13.1	
  235	  23.50	   56.5	  937.9	  118.3	  939.5	 1432.5	    0.0	  200.0	 1270.9	 1509.3	    0.0	  200.0	  100.0	   26.3	    0.0	    0.0	    0.0	    0.0	    8.2	  1	   50.0	  950.0	   26.3	    0.0	    0.0	1	   15.3	 21	 1329.6	   13.0	
  236	  23.60	   56.5	  937.9	  118.3	  939.5	 1432.5	    0.0	  200.0	 1270.9	 1509.3	    0.0	  200.0	  100.0	   25.9	    0.0	    0.0	    0.0	    0.0	    8.3	  1	   50.0	  950.0	   25.9	    0.0	    0.0	1	   15.3	 21	 1328.4	   12.8	
  237	  23.70	   56.5	  937.9	  118.3	  939.5	 1432.5	    0.0	  200.0	 1270.9	 1509.3	    0.0	  200.0	  100.0	   25.5	    0.0	    0.0	    0.0	    0.0	    8.3	  1	   50.0	  950.0	   25.5	    0.0	    0.0	1	   15.3	 21	 1327.2	   12.7	
  238	  23.80	   56.5	  937.9	  118.3	  939.5	 1432.5	    0.0	  200.0	 1270.9	 1509.3	    0.0	  200.0	  100.0	   25.1	    0.0	    0.0	    0.0	    0.0	    8.3	  1	   50.0	  950.0	   25.1	    0.0	    0.0	1	   15.3	 21	 1326.0	   12.6	
  239	  23.90	   56.5	  937.9	  118.3	  939.5	 1432.5	    0.0	  200.0	 1270.9	 1509.3	    0.0	  200.0	  100.0	   24.8	    0.0	    0.0	    0.0	    0.0	    8.4	  1	   50.0	  950.0	   24.8	    0.0	    0.0	1	   15.3	 21	 1324.8	   12.5	
  240	  24.00	   56.5	  937.9	  118.3	  939.5	 1432.5	    0.0	  200.0	 1270.9	 1509.3	    0.0	  200.0	  100.0	   24.4	    0.0	    0.0	    0.0	    0.0	    8.4	  1	   50.0	  950.0	   24.4	    0.0	    0.0	1	   15.3	 21	 1323.6	   12.4	
  241	  24.10	   56.5	  937.9	  118.3	  939.5	 1432.5	    0.0	  200.0	 1270.9	 1509.3	    0.0	  200.0	  100.0	   24.0	    0.0	    0.0	    0.0	    0.0	    8.5	  1	   50.0	  950.0	   24.0	    0.0	    0.0	1	   15.3	 21	 1322.4	   12.2	
  242	  24.20	   56.5	  937.9	  118.3	  939.5	 1432.5	    0.0	  200.0	 1270.9	 1509.3	    0.0	  200.0	  100.0	   23.6	    0.0	    0.0	    0.0	    0.0	    8.5	  1	   50.0	  950.0	   23.6	    0.0	    0.0	1	   15.3	 21	 1321.2	   12.1	
  243	  24.30	   56.5	  937.9	  118.3	  939.5	 1432.5	    0.0	  200.0	 1270.9	 1509.3	    0.0	  200.0	  100.0	   23.2	    0.0	    0.0	    0.0	    0.0	    8.5	  1	   50.0	  950.0	   23.2	    0.0	    0.0	1	   15.3	 21	 1320.0	   12.0	
  244	  24.40	   56.5	  937.9	  118.3	  939.5	 1432.5	    0.0	  200.0	 1270.9	 1509.3	    0.0	  200.0	  100.0	   22.9	    0.0	    0.0	    0.0	    0.0	    8.6	  1	   50.0	  950.0	   22.9	    0.0	    0.0	1	   15.3	 21	 1318.9	   11.9	
  245	  24.50	   56.5	  937.9	  118.3	  939.5	 1432.5	    0.0	  200.0	 1270.9	 1509.3	    0.0	  200.0	  100.0	   22.5	    0.0	    0.0	    0.0	    0.0	    8.6	  1	   50.0	  950.0	   22.5	    0.0	    0.0	1	   15.3	 21	 1317.7	   11.8	
  246	  24.60	   56.5	  937.9	  118.3	  939.5	 1432.5	    0.0	  200.0	 1270.9	 1509.3	    0.0	  200.0	  100.0	   22.1	    0.0	    0.0	    0.0	    0.0	    8.7	  1	   50.0	  950.0	   22.1	    0.0	    0.0	1	   15.3	 21	 1316.5	   11.6	
  247	  24.70	   56.5	  937.9	  118.3	 1183.2	 1403.9	    0.0	  200.0	 1270.9	 1509.3	    0.0	  200.0	  100.0	   21.8	    0.0	    0.0	    0.0	    0.0	    8.7	  1	   50.0	  950.0	   21.8	    0.0	    0.0	1	   15.3	 21	 1342.6	  -57.4	
  248	  24.80	   56.5	  937.9	  118.3	 1183.2	 1403.9	    0.0	  200.0	 1270.9	 1509.3	    0.0	  200.0	  100.0	   21.5	    0.0	    0.0	    0.0	    0.0	    8.8	  1	   50.0	  950.0	   21.5	    0.0	    0.0	1	   15.3	 21	 1306.1	   10.6	
  249	  24.90	   56.5	  937.9	  118.3	 1183.2	 1403.9	    0.0	  200.0	 1270.9	 1509.3	    0.0	  200.0	  100.0	   21.2	    0.0	    0.0	    0.0	    0.0	    8.8	  1	   50.0	  950.0	   21.2	    0.0	    0.0	1	   15.3	 21	 1305.2	   10.5	
  250	  25.00	   56.5	  937.9	  118.3	 1183.2	 1403.9	    0.0	  200.0	 1270.9	 1509.3	    0.0	  200.0	  100.0	   20.8	    0.0	    0.0	    0.0	    0.0	    8.8	  1	   50.0	  950.0	   20.8	    0.0	    0.0	1	   15.3	 21	 1304.3	   10.4	
  251	  25.10	   56.5	  937.9	  118.3	 1183.2	 1403.9	    0.0	  200.0	 1270.9	 1509.3	    0.0	  200.0	  100.0	   20.5	    0.0	    0.0	    0.0	    0.0	    8.9	  1	   50.0	  950.0	   20.5	    0.0	    0.0	1	   15.3	 21	 1303.4	   10.3	
  252	  25.20	   56.5	  937.9	  118.3	 1330.2	 1477.7	    0.0	  200.0	 1270.9	 1509.3	    0.0	  200.0	  100.0	   20.3	    0.0	    0.0	    0.0	    0.0	    8.9	  1	   50.0	  950.0	   20.3	    0.0	    0.0	1	   15.3	 21	 1343.8	  -56.2	
  253	  25.30	   56.5	  937.9	   25.2	 1330.2	 1477.7	    0.0	  200.0	 1270.9	 1509.3	    0.0	  200.0	  100.0	   20.0	    0.0	    0.0	    0.0	    0.0	    9.0	  1	   50.0	  950.0	   20.0	    0.0	    0.0	1	   15.3	 21	    0.0	    9.5	
  254	  25.40	   56.5	  937.9	   25.2	 1330.2	 1477.7	    0.0	  200.0	 1270.9	 1509.3	    0.0	  200.0	  100.0	   19.7	    0.0	    0.0	    0.0	    0.1	    9.0	  1	   50.0	  950.0	   19.7	    0.0	    0.1	1	   15.3	 21	    0.0	    9.5	
  255	  25.50	   56.5	  937.9	   25.2	 1330.2	 1477.7	    0.0	  200.0	 1270.9	 1509.3	    0.0	  200.0	  100.0	   19.4	    0.0	    0.0	    0.0	    0.1	    9.0	  1	   50.0	  950.0	   19.4	    0.0	    0.1	1	   15.3	 21	    0.0	    9.4	
  256	  25.60	   56.5	  937.9	   25.2	 1330.2	 1477.7	    0.0	  200.0	 1270.9	 1509.3	    0.0	  200.0	  100.0	   19.1	    0.0	    0.0	    0.0	    0.1	    9.1	  1	   50.0	  950.0	   19.1	    0.0	    0.1	1	   15.3	 21	    0.0	    9.4	
  257	  25.70	   56.5	  937.9	   25.2	 1330.2	 1477.7	    0.0	  200.0	 1270.9	 1509.3	    0.0	  200.0	  100.0	   18.8	    0.0	    0.0	    0.0	    0.1	    9.1	  1	   50.0	  950.0	   18.8	    0.0	    0.1	1	   15.3	 21	    0.0	    9.3	
  258	  25.80	   56.5	  937.9	   25.2	 1330.2	 1477.7	    0.0	  200.0	 1270.9	 1509.3	    0.0	  200.0	  100.0	   18.5	    0.0	    0.0	    0.0	    0.1	    9.2	  1	   50.0	  950.0	   18.5	    0.0	    0.1	1	   15.3	 21	    0.0	    9.3	
  259	  25.90	   56.5	  937.9	   25.2	 1330.2	 1477.7	    0.0	  200.0	 1270.9	 1509.3	    0.0	  200.0	  100.0	   18.3	    0.0	    0.0	    0.0	    0.2	    9.2	  1	   50.0	  950.0	   18.3	    0.0	    0.2	1	   15.3	 21	    0.0	    9.2	
  260	  26.00	   56.5	  937.9	   25.2	 1306.2	 1528.3	    0.0	  200.0	 1270.9	 1509.3	    0.0	  200.0	  100.0	   18.0	    0.0	    0.0	    0.0	    0.2	    9.3	  1	   50.0	  950.0	   18.0	    0.0	    0.2	1	   15.3	 21	    0.0	    3.8	
  261	  26.10	   56.5	  937.9	   25.2	 1306.2	 1528.3	    0.0	  200.0	 1270.9	 1509.3	    0.0	  200.0	  100.0	   17.7	    0.0	    0.0	    0.0	    0.2	    9.3	  1	   50.0	  950.0	   17.7	    0.0	    0.2	1	   15.3	 21	    0.0	    9.1	
  262	  26.20	   56.5	  937.9	   25.2	 1306.2	 1528.3	    0.0	  200.0	 1270.9	 1509.3	    0.0	  200.0	  100.0	   17.4	    0.0	    0.0	    0.0	    0.2	    9.3	  1	   50.0	  950.0	   17.4	    0.0	    0.2	1	   15.3	 21	    0.0	    9.1	
  263	  26.30	   56.5	  937.9	   25.2	 1306.2	 1528.3	    0.0	  200.0	 1270.9	 1509.3	    0.0	  200.0	  100.0	   17.1	    0.0	    0.0	    0.0	    0.2	    9.4	  1	   50.0	  950.0	   17.1	    0.0	    0.2	1	   15.3	 21	    0.0	    9.0	
  264	  26.40	   56.5	  937.9	   25.2	 1306.2	 1528.3	    0.0	  200.0	 1270.9	 1509.3	    0.0	  200.0	  100.0	   16.8	    0.0	    0.0	    0.0	    0.2	    9.4	  1	   50.0	  950.0	   16.8	    0.0	    0.2	1	   15.3	 21	    0.0	    9.0	
  265	  26.50	   56.5	  937.9	   25.2	 1325.2	 1520.8	    0.0	  200.0	 1270.9	 1509.3	    0.0	  200.0	  100.0	   16.5	    0.0	    0.0	    0.0	    0.3	    9.5	  1	   50.0	  950.0	   16.5	    0.0	    0.3	1	   15.3	 21	    0.0	    8.9	
  266	  26.60	   56.5	  937.9	   25.2	 1325.2	 1520.8	    0.0	  200.0	 1270.9	 1509.3	    0.0	  200.0	  100.0	   16.3	    0.0	    0.0	    0.0	    0.3	    9.5	  1	   50.0	  950.0	   16.3	    0.0	    0.3	1	   15.3	 21	    0.0	    8.9	
  267	  26.70	   56.5	  937.9	   25.2	 1325.2	 1520.8	    0.0	  200.0	 1270.9	 1509.3	    0.0	  200.0	  100.0	   16.0	    0.0	    0.0	    0.0	    0.3	    9.5	  1	   50.0	  950.0	   16.0	    0.0	    0.3	1	   15.3	 21	    0.0	    8.8	
  268	  26.80	   56.5	  937.9	   25.2	 1325.2	 1520.8	    0.0	  200.0	 1270.9	 1509.3	    0.0	  200.0	  100.0	   15.7	    0.0	    0.0	    0.0	    0.3	    9.6	  1	   50.0	  950.0	   15.7	    0.0	    0.3	1	   15.3	 21	    0.0	    8.8	
  269	  26.90	   56.5	  937.9	   25.2	 1325.2	 1520.8	    0.0	  200.0	 1270.9	 1509.3	    0.0	  200.0	  100.0	   15.4	    0.0	    0.0	    0.0	    0.4	    9.6	  1	   50.0	  950.0	   15.4	    0.0	    0.4	1	   15.3	 21	    0.0	    8.8	
  270	  27.00	   56.5	  937.9	   25.2	 1325.2	 1520.8	    0.0	  200.0	 1270.9	 1509.3	    0.0	  200.0	  100.0	   15.1	    0.0	    0.0	    0.0	    0.4	    9.7	  1	   50.0	  950.0	   15.1	    0.0	    0.4	1	   15.3	 21	    0.0	    8.7	
  271	  27.10	   56.5	  937.9	   25.2	 1325.2	 1520.8	    0.0	  200.0	 1270.9	 1509.3	    0.0	  200.0	  100.0	   14.8	    0.0	    0.0	    0.0	    0.4	    9.7	  1	   50.0	  950.0	   14.8	    0.0	    0.4	1	   15.3	 21	    0.0	    8.7	
  272	  27.20	   56.5	  937.9	   25.2	 1325.2	 1520.8	    0.0	  200.0	 1270.9	 1509.3	    0.0	  200.0	  100.0	   14.6	    0.0	    0.0	    0.0	    0.4	    9.7	  1	   50.0	  950.0	   14.6	    0.0	    0.4	1	   15.3	 21	    0.0	    8.7	
  273	  27.30	   56.5	  937.9	   25.2	 1325.2	 1520.8	    0.0	  200.0	 1270.9	 1509.3	    0.0	  200.0	  100.0	   14.3	    0.0	    0.0	    0.0	    0.5	    9.8	  1	   50.0	  950.0	   14.3	    0.0	    0.5	1	   15.3	 21	    0.0	    8.6	
  274	  27.40	   56.5	  937.9	   25.2	 1325.2	 1520.8	    0.0	  200.0	 1270.9	 1509.3	    0.0	  200.0	  100.0	   14.0	    0.0	    0.0	    0.0	    0.5	    9.8	  1	   50.0	  950.0	   14.0	    0.0	    0.5	1	   15.3	 21	    0.0	    8.6	
  275	  27.50	   56.5	  937.9	   25.2	 1325.2	 1520.8	    0.0	  200.0	 1270.9	 1509.3	    0.0	  200.0	  100.0	   13.7	    0.0	    0.0	    0.0	    0.5	    9.9	  1	   50.0	  950.0	   13.7	    0.0	    0.5	1	   15.3	 21	    0.0	    8.6	
  276	  27.60	   56.5	  937.9	   25.2	 1325.2	 1520.8	    0.0	  200.0	 1270.9	 1509.3	    0.0	  200.0	  100.0	   13.4	    0.0	    0.0	    0.0	    0.5	    9.9	  1	   50.0	  950.0	   13.4	    0.0	    0.5	1	   15.3	 21	    0.0	    8.5	
  277	  27.70	   56.5	  937.9	   25.2	 1325.2	 1520.8	    0.0	  200.0	 1270.9	 1509.3	    0.0	  200.0	  100.0	   13.1	    0.0	    0.0	    0.0	    0.6	   10.0	  1	   50.0	  950.0	   13.1	    0.0	    0.6	1	   15.3	 21	    0.0	    8.5	
  278	  27.80	   56.5	  937.9	   25.2	 1325.2	 1520.8	    0.0	  200.0	 1270.9	 1509.3	    0.0	  200.0	  100.0	   12.9	    0.0	    0.0	    0.0	    0.6	   10.0	  1	   50.0	  950.0	   12.9	    0.0	    0.6	1	   15.3	 21	    0.0	    8.5	
  279	  27.90	   56.5	  937.9	   25.2	 1325.2	 1520.8	    0.0	  200.0	 1270.9	 1509.3	    0.0	  200.0	  100.0	   12.6	    0.0	    0.0	    0.0	    0.6	   10.0	  1	   50.0	  950.0	   12.6	    0.0	    0.6	1	   15.3	 21	    0.0	    8.5	
  280	  28.00	   56.5	  937.9	   25.2	 1325.2	 1520.8	    0.0	  200.0	 1270.9	 1509.3	    0.0	  200.0	  100.0	   12.3	    0.0	    0.0	    0.0	    0.6	   10.1	  1	   50.0	  950.0	   12.3	    0.0	    0.6	1	   15.3	 21	    0.0	    8.5	
  281	  28.10	   56.5	  937.9	   25.2	 1325.2	 1520.8	    0.0	  200.0	 1270.9	 1509.3	    0.0	  200.0	  100.0	   12.0	    0.0	    0.0	    0.0	    0.7	   10.1	  1	   50.0	  950.0	   12.0	    0.0	    0.7	1	   15.3	 21	    0.0	    8.4	
  282	  28.20	   56.5	  937.9	   25.2	 1325.2	 1520.8	    0.0	  200.0	 1270.9	 1509.3	    0.0	  200.0	  100.0	   11.7	    0.0	    0.0	    0.0	    0.7	   10.2	  1	   50.0	  950.0	   11.7	    0.0	    0.7	1	   15.3	 21	    0.0	    8.4	
  283	  28.30	   56.5	  937.9	   25.2	 1325.2	 1520.8	    0.0	  200.0	 1270.9	 1509.3	    0.0	  200.0	  100.0	   11.4	    0.0	    0.0	    0.0	    0.7	   10.2	  1	   50.0	  950.0	   11.4	    0.0	    0.7	1	   15.3	 21	    0.0	    8.4	
  284	  28.40	   56.5	  937.9	   25.2	 1325.2	 1520.8	    0.0	  200.0	 1270.9	 1509.3	    0.0	  200.0	  100.0	   11.1	    0.0	    0.0	    0.0	    0.7	   10.2	  1	   50.0	  950.0	   11.1	    0.0	    0.7	1	   15.3	 21	    0.0	    8.4	
  285	  28.50	   56.5	  937.9	   25.2	 1325.2	 1520.8	    0.0	  200.0	 1270.9	 1509.3	    0.0	  200.0	  100.0	   10.9	    0.0	    0.0	    0.0	    0.8	   10.3	  1	   50.0	  950.0	   10.9	    0.0	    0.8	1	   15.3	 21	    0.0	    8.4	
  286	  28.60	   56.5	  937.9	   25.2	 1325.2	 1520.8	    0.0	  200.0	 1270.9	 1509.3	    0.0	  200.0	  100.0	   10.6	    0.0	    0.0	    0.0	    0.8	   10.3	  1	   50.0	  950.0	   10.6	    0.0	    0.8	1	   15.3	 21	    0.0	    8.4	
  287	  28.70	   56.5	  937.9	   25.2	 1325.2	 1520.8	    0.0	  200.0	 1270.9	 1509.3	    0.0	  200.0	  100.0	   10.3	    0.0	    0.0	    0.0	    0.8	   10.4	  1	   50.0	  950.0	   10.3	    0.0	    0.8	1	   15.3	 21	    0.0	    8.4	
  288	  28.80	   56.5	  937.9	   25.2	 1303.0	 1517.6	    0.0	  200.0	 1270.9	 1509.3	    0.0	  200.0	  100.0	   10.0	    0.0	    0.0	    0.0	    0.8	   10.4	  1	   50.0	  950.0	   10.0	    0.0	    0.8	1	   15.3	 21	    0.0	    8.4	
  289	  28.90	   56.5	  937.9	   25.2	 1303.0	 1517.6	    0.0	  200.0	 1270.9	 1509.3	    0.0	  200.0	  100.0	    9.7	    0.0	    0.0	    0.0	    0.8	   10.4	  1	   50.0	  950.0	    9.7	    0.0	    0.8	1	   15.3	 21	    0.0	    8.4	
  290	  29.00	   56.5	  937.9	   25.2	 1303.0	 1517.6	    0.0	  200.0	 1270.9	 1509.3	    0.0	  200.0	  100.0	    9.4	    0.0	    0.0	    0.0	    0.9	   10.5	  1	   50.0	  950.0	    9.4	    0.0	    0.9	1	   15.3	 21	    0.0	    8.4	
  291	  29.10	   56.5	  937.9	   25.2	 1303.0	 1517.6	    0.0	  200.0	 1270.9	 1509.3	    0.0	  200.0	  100.0	    9.1	    0.0	    0.0	    0.0	    0.9	   10.5	  1	   50.0	  950.0	    9.1	    0.0	    0.9	1	   15.3	 21	    0.0	    8.4	
  292	  29.20	   56.5	  937.9	   25.2	 1303.0	 1517.6	    0.0	  200.0	 1270.9	 1509.3	    0.0	  200.0	  100.0	    8.8	    0.0	    0.0	    0.0	    0.9	   10.6	  1	   50.0	  950.0	    8.8	    0.0	    0.9	1	   15.3	 21	    0.0	    8.4	
  293	  29.30	   56.5	  937.9	   25.2	 1297.2	 1507.0	    0.0	  200.0	 1270.9	 1509.3	    0.0	  200.0	  100.0	    8.6	    0.0	    0.0	    0.0	    0.9	   10.6	  1	   50.0	  950.0	    8.6	    0.0	    0.9	1	   15.3	 21	    0.0	    8.4	
  294	  29.40	   56.5	  937.9	   25.2	 1293.5	 1506.9	    0.0	  200.0	 1270.9	 1509.3	    0.0	  200.0	  100.0	    8.3	    0.0	    0.0	    0.0	    0.9	   10.7	  1	   50.0	  950.0	    8.3	    0.0	    0.9	1	   15.3	 21	    0.0	    8.4	
  295	  29.50	   56.5	  937.9	   25.2	 1293.5	 1506.9	    0.0	  200.0	 1270.9	 1509.3	    0.0	  200.0	  100.0	    8.0	    0.0	    0.0	    0.0	    0.9	   10.7	  1	   50.0	  950.0	    8.0	    0.0	    0.9	1	   15.3	 21	    0.0	    8.4	
  296	  29.60	   56.5	  937.9	   25.2	 1293.5	 1506.9	    0.0	  200.0	 1270.9	 1509.3	    0.0	  200.0	  100.0	    7.7	    0.0	    0.0	    0.0	    0.9	   10.7	  1	   50.0	  950.0	    7.7	    0.0	    0.9	1	   15.3	 21	    0.0	    8.4	
  297	  29.70	   56.5	  937.9	   25.2	 1293.5	 1506.9	    0.0	  200.0	 1270.9	 1509.3	    0.0	  200.0	  100.0	    7.4	    0.0	    0.0	    0.0	    0.9	   10.8	  1	   50.0	  950.0	    7.4	    0.0	    0.9	1	   15.3	 21	    0.0	    8.4	
  298	  29.80	   56.5	  937.9	   25.2	 1293.5	 1506.9	    0.0	  200.0	 1270.9	 1509.3	    0.0	  200.0	  100.0	    7.1	    0.0	    0.0	    0.0	    0.9	   10.8	  1	   50.0	  950.0	    7.1	    0.0	    0.9	1	   15.3	 21	    0.0	    8.4	
  299	  29.90	   56.5	  937.9	   25.2	 1293.5	 1506.9	    0.0	  200.0	 1270.9	 1509.3	    0.0	  200.0	  100.0	    6.8	    0.0	    0.0	    0.0	    0.9	   10.9	  1	   50.0	  950.0	    6.8	    0.0	    0.9	1	   15.3	 21	    0.0	    8.4	
  300	  30.00	   56.5	  937.9	   25.2	 1293.5	 1506.9	    0.0	  200.0	 1270.9	 1509.3	    0.0	  200.0	  100.0	    6.5	    0.0	    0.0	    0.0	    1.0	   10.9	  1	   50.0	  950.0	    6.5	    0.0	    1.0	1	   15.3	 21	    0.0	    8.5	
  301	  30.10	   56.5	  937.9	   25.2	 1293.5	 1506.9	    0.0	  200.0	 1270.9	 1509.3	    0.0	  200.0	  100.0	    6.2	    0.0	    0.0	    0.0	    1.0	   10.9	  1	   50.0	  950.0	    6.2	    0.0	    1.0	1	   15.3	 21	    0.0	    8.5	
  302	  30.20	   56.5	  937.9	   25.2	 1293.5	 1506.9	    0.0	  200.0	 1270.9	 1509.3	    0.0	  200.0	  100.0	    5.9	    0.0	    0.0	    0.0	    1.0	   11.0	  1	   50.0	  950.0	    5.9	    0.0	    1.0	1	   15.3	 21	    0.0	    8.5	
  303	  30.30	   56.5	  937.9	   25.2	 1293.5	 1506.9	    0.0	  200.0	 1270.9	 1509.3	    0.0	  200.0	  100.0	    5.6	    0.0	    0.0	    0.0	    1.0	   11.0	  1	   50.0	  950.0	    5.6	    0.0	    1.0	1	   15.3	 21	    0.0	    8.6	
  304	  30.40	   56.5	  937.9	   25.2	 1293.5	 1506.9	    0.0	  200.0	 1270.9	 1509.3	    0.0	  200.0	  100.0	    5.3	    0.0	    0.0	    0.0	    1.0	   11.1	  1	   50.0	  950.0	    5.3	    0.0	    1.0	1	   15.3	 21	    0.0	    8.6	
  305	  30.50	   56.5	  937.9	   25.2	 1293.5	 1506.9	    0.0	  200.0	 1270.9	 1509.3	    0.0	  200.0	  100.0	    5.0	    0.0	    0.0	    0.0	    1.0	   11.1	  1	   50.0	  950.0	    5.0	    0.0	    1.0	1	   15.3	 21	    0.0	    8.7	
  306	  30.60	   56.5	  937.9	   25.2	 1293.5	 1506.9	    0.0	  200.0	 1270.9	 1509.3	    0.0	  200.0	  100.0	    4.7	    0.0	    0.0	    0.0	    1.0	   11.2	  1	   50.0	  950.0	    4.7	    0.0	    1.0	1	   15.3	 21	    0.0	    8.8	
  307	  30.70	   56.5	  937.9	   25.2	 1293.5	 1506.9	    0.0	  200.0	 1270.9	 1509.3	    0.0	  200.0	  100.0	    4.5	    0.0	    0.0	    0.0	    1.0	   11.2	  1	   50.0	  950.0	    4.5	    0.0	    1.0	1	   15.3	 21	    0.0	    8.9	
  308	  30.80	   56.5	  937.9	   25.2	 1293.5	 1506.9	    0.0	  200.0	 1270.9	 1509.3	    0.0	  200.0	  100.0	    4.2	    0.0	    0.0	    0.0	    1.0	   11.2	  1	   50.0	  950.0	    4.2	    0.0	    1.0	1	   15.3	 21	    0.0	    9.0	
  309	  30.90	   56.5	  937.9	   25.2	 1293.5	 1506.9	    0.0	  200.0	 1270.9	 1509.3	    0.0	  200.0	  100.0	    3.9	    0.0	    0.0	    0.0	    1.0	   11.3	  1	   50.0	  950.0	    3.9	    0.0	    1.0	1	   15.3	 21	    0.0	    9.1	
  310	  31.00	   56.5	  937.9	   25.2	 1293.5	 1506.9	    0.0	  200.0	 1270.9	 1509.3	    0.0	  200.0	  100.0	    3.6	    0.0	    0.0	    0.0	    1.0	   11.3	  1	   50.0	  950.0	    3.6	    0.0	    1.0	1	   15.3	 21	    0.0	    9.3	
  311	  31.10	   56.5	  937.9	   25.2	 1293.5	 1506.9	    0.0	  200.0	 1270.9	 1509.3	    0.0	  200.0	  100.0	    3.3	    0.0	    0.0	    0.0	    1.1	   11.4	  1	   50.0	  950.0	    3.3	    0.0	    1.1	1	   15.3	 21	    0.0	    9.4	
  312	  31.20	   56.5	  937.9	   25.2	 1293.5	 1506.9	    0.0	  200.0	 1270.9	 1509.3	    0.0	  200.0	  100.0	    3.0	    0.0	    0.0	    0.0	    1.1	   11.4	  1	   50.0	  950.0	    3.0	    0.0	    1.1	1	   15.3	 21	    0.0	    9.6	
  313	  31.30	   56.5	  937.9	   25.2	 1293.5	 1506.9	    0.0	  200.0	 1270.9	 1509.3	    0.0	  200.0	  100.0	    2.7	    0.0	    0.0	    0.0	    1.1	   11.4	  1	   50.0	  950.0	    2.7	    0.0	    1.1	1	   15.3	 21	    0.0	    9.9	
  314	  31.40	   56.5	  937.9	   25.2	 1293.5	 1506.9	    0.0	  200.0	 1270.9	 1509.3	    0.0	  200.0	  100.0	    2.4	    0.0	    0.0	    0.0	    1.1	   11.5	  1	   50.0	  950.0	    2.4	    0.0	    1.1	1	   15.3	 21	 1301.2	   10.1	
  315	  31.50	   56.5	  937.9	   25.2	 1293.5	 1506.9	    0.0	  200.0	 1270.9	 1509.3	    0.0	  200.0	  100.0	    2.1	    0.0	    0.0	    0.0	    1.1	   11.5	  1	   50.0	  950.0	    2.1	    0.0	    1.1	1	   15.3	 21	 1304.4	   10.4	
  316	  31.60	   56.5	  937.9	   25.2	 1293.5	 1506.9	    0.0	  200.0	 1270.9	 1509.3	    0.0	  200.0	  100.0	    1.8	    0.0	    0.0	    0.0	    1.1	   11.6	  1	   50.0	  950.0	    1.8	    0.0	    1.1	1	   15.3	 21	 1308.1	   10.8	
  317	  31.70	   56.5	  937.9	   25.2	 1293.5	 1506.9	    0.0	  200.0	 1270.9	 1509.3	    0.0	  200.0	  100.0	    1.5	    0.0	    0.0	    0.0	    1.1	   11.6	  1	   50.0	  950.0	    1.5	    0.0	    1.1	1	   15.3	 21	 1312.4	   11.2	
  318	  31.80	   56.5	  937.9	   25.2	 1293.5	 1506.9	    0.0	  200.0	 1270.9	 1509.3	    0.0	  200.0	  100.0	    1.2	    0.0	    0.0	    0.0	    1.1	   11.6	  1	   50.0	  950.0	    1.2	    0.0	    1.1	1	   15.3	 21	 1317.7	   11.8	
  319	  31.90	   56.5	  937.9	   25.2	 1293.5	 1506.9	    0.0	  200.0	 1270.9	 1509.3	    0.0	  200.0	  100.0	    0.9	    0.0	    0.0	    0.0	    1.1	   11.7	  1	   50.0	  950.0	    0.9	    0.0	    1.1	1	   15.3	 21	 1324.1	   12.4	
  320	  32.00	   56.5	  937.9	   25.2	 1293.5	 1506.9	    0.0	  200.0	 1270.9	 1509.3	    0.0	  200.0	  100.0	    0.6	    0.0	    0.0	    0.0	    1.1	   11.7	  1	   50.0	  950.0	    0.6	    0.0	    1.1	1	   15.3	 21	 1331.9	   13.2	
  321	  32.10	   56.5	  937.9	   25.2	 1293.5	 1506.9	    0.0	  200.0	 1270.9	 1509.3	    0.0	  200.0	  100.0	    0.3	    0.0	    0.0	    0.0	    1.1	   11.8	  1	   50.0	  950.0	    0.3	    0.0	    1.1	1	   15.3	 21	 1341.7	   14.2	
  322	  32.20	   56.5	  937.9	   25.2	 1293.5	 1506.9	    0.0	  200.0	 1270.9	 1509.3	    0.0	  200.0	  100.0	    0.1	    0.0	    0.0	    0.0	    1.1	   11.8	  1	   50.0	  950.0	    0.1	    0.0	    1.1	1	   15.3	 21	 1354.2	   15.4	
  323	  32.30	   56.5	  937.9	   25.2	 1293.5	 1506.9	    0.0	  200.0	 1270.9	 1509.3	    0.0	  200.0	  100.0	    0.0	    0.0	    0.0	    0.0	    1.2	   11.9	  1	   50.0	  950.0	    0.0	    0.0	    1.2	1	   15.3	 21	 1357.3	   15.7	
  324	  32.40	   56.5	  937.9	   25.2	 1293.5	 1506.9	    0.0	  200.0	 1270.9	 1509.3	    0.0	  200.0	  100.0	    0.0	    0.0	    0.0	    0.0	    1.2	   11.9	  1	   50.0	  950.0	    0.0	    0.0	    1.2	1	   15.3	 21	 1357.6	   15.8	
  325	  32.50	   56.5	  937.9	   25.2	 1293.5	 1506.9	    0.0	  200.0	 1270.9	 1509.3	    0.0	  200.0	  100.0	    0.0	    0.0	    0.0	    0.0	    1.2	   11.9	  1	   50.0	  950.0	    0.0	    0.0	    1.2	1	   15.3	 21	 1358.0	   15.8	
  326	  32.60	   56.5	  937.9	   25.2	 1293.5	 1506.9	    0.0	  200.0	 1270.9	 1509.3	    0.0	  200.0	  100.0	    0.0	    0.0	    0.0	    0.0	    1.2	   12.0	  1	   50.0	  950.0	    0.0	    0.0	    1.2	1	   15.3	 21	 1358.4	   15.8	
  327	  32.70	   56.5	  937.9	   25.2	 1139.9	 1660.4	    0.0	  200.0	 1270.9	 1509.3	    0.0	  200.0	  100.0	    0.0	    0.0	    0.0	    0.0	    1.2	   12.0	  1	   50.0	  950.0	    0.0	    0.0	    1.2	1	   15.3	 21	 1357.6	   15.8	
  328	  32.80	   56.5	  937.9	  118.3	 1139.9	 1660.4	    0.0	  200.0	 1270.9	 1509.3	    0.0	  200.0	  100.0	    0.0	    0.0	    0.0	    0.0	    1.1	   12.1	  1	   50.0	  950.0	    0.0	    0.0	    1.1	1	   15.3	 21	 1356.8	   15.7	
  329	  32.90	   56.5	  937.9	  118.3	 1139.9	 1660.4	    0.0	  200.0	 1270.9	 1509.3	    0.0	  200.0	  100.0	    0.0	    0.0	    0.0	    0.0	    1.1	   12.1	  1	   50.0	  950.0	    0.0	    0.0	    1.1	1	   15.3	 21	 1356.1	   15.6	
  330	  33.00	   56.5	  937.9	  118.3	 1139.9	 1660.4	    0.0	  200.0	 1270.9	 1509.3	    0.0	  200.0	  100.0	    0.0	    0.0	    0.0	    0.0	    1.1	   12.1	  1	   50.0	  950.0	    0.0	    0.0	    1.1	1	   15.3	 21	 1355.2	   15.5	
  331	  33.10	   56.5	  937.9	  118.3	 1139.9	 1660.4	    0.0	  200.0	 1270.9	 1509.3	    0.0	  200.0	  100.0	    0.0	    0.0	    0.0	    0.0	    1.1	   12.2	  1	   50.0	  950.0	    0.0	    0.0	    1.1	1	   15.3	 21	 1354.4	   15.4	
  332	  33.20	   56.5	  937.9	  118.3	 1139.9	 1660.4	    0.0	  200.0	 1270.9	 1509.3	    0.0	  200.0	  100.0	    0.0	    0.0	    0.0	    0.0	    1.1	   12.2	  1	   50.0	  950.0	    0.0	    0.0	    1.1	1	   15.3	 21	 1353.6	   15.4	
  333	  33.30	   56.5	  937.9	  118.3	 1139.9	 1660.4	    0.0	  200.0	 1270.9	 1509.3	    0.0	  200.0	  100.0	    0.0	    0.0	    0.0	    0.0	    1.1	   12.3	  1	   50.0	  950.0	    0.0	    0.0	    1.1	1	   15.3	 21	 1352.7	   15.3	
  334	  33.40	   56.5	  937.9	  118.3	 1139.9	 1660.4	    0.0	  200.0	 1270.9	 1509.3	    0.0	  200.0	  100.0	    0.0	    0.0	    0.0	    0.0	    1.0	   12.3	  1	   50.0	  950.0	    0.0	    0.0	    1.0	1	   15.3	 21	 1351.9	   15.2	
  335	  33.50	   56.5	  937.9	  118.3	 1139.9	 1660.4	    0.0	  200.0	 1270.9	 1509.3	    0.0	  200.0	  100.0	    0.0	    0.0	    0.0	    0.0	    1.0	   12.4	  1	   50.0	  950.0	    0.0	    0.0	    1.0	1	   15.3	 21	 1351.0	   15.1	
  336	  33.60	   56.5	  937.9	  118.3	 1139.9	 1660.4	    0.0	  200.0	 1270.9	 1509.3	    0.0	  200.0	  100.0	    0.0	    0.0	    0.0	    0.0	    1.0	   12.4	  1	   50.0	  950.0	    0.0	    0.0	    1.0	1	   15.3	 21	 1350.1	   15.0	
  337	  33.70	   56.5	  937.9	  118.3	 1139.9	 1660.4	    0.0	  200.0	 1270.9	 1509.3	    0.0	  200.0	  100.0	    0.0	    0.0	    0.0	    0.0	    1.0	   12.4	  1	   50.0	  950.0	    0.0	    0.0	    1.0	1	   15.3	 21	 1349.2	   14.9	
  338	  33.80	   56.5	  937.9	  118.3	 1041.6	 1377.0	    0.0	  200.0	 1270.9	 1509.3	    0.0	  200.0	  100.0	    0.0	    0.0	    0.0	    0.0	    0.9	   12.5	  1	   50.0	  950.0	    0.0	    0.0	    0.9	1	   15.3	 21	 1342.8	   14.3	
  339	  33.90	   56.5	  937.9	  118.3	 1041.6	 1377.0	    0.0	  200.0	 1270.9	 1509.3	    0.0	  200.0	  100.0	    0.0	    0.0	    0.0	    0.0	    0.7	   12.5	  1	   50.0	  950.0	    0.0	    0.0	    0.7	1	   15.3	 21	 1335.5	   13.6	
  340	  34.00	   56.5	  937.9	  118.3	 1041.6	 1377.0	    0.0	  200.0	 1270.9	 1509.3	    0.0	  200.0	  100.0	    0.0	    0.0	    0.0	    0.0	    0.6	   12.6	  1	   50.0	  950.0	    0.0	    0.0	    0.6	1	   15.3	 21	 1327.2	   12.7	
  341	  34.10	   56.5	  937.9	  118.3	 1041.6	 1377.0	    0.0	  200.0	 1270.9	 1509.3	    0.0	  200.0	  100.0	    0.0	    0.0	    0.0	    0.0	    0.5	   12.6	  1	   50.0	  950.0	    0.0	    0.0	    0.5	1	   15.3	 21	 1317.5	   11.8	
  342	  34.20	   56.5	  937.9	  118.3	 1041.6	 1377.0	    0.0	  200.0	 1270.9	 1509.3	    0.0	  200.0	  100.0	    0.0	    0.0	    0.0	    0.0	    0.4	   12.6	  1	   50.0	  950.0	    0.0	    0.0	    0.4	1	   15.3	 21	 1306.3	   10.6	
  343	  34.30	   56.5	  937.9	  118.3	 1041.6	 1377.0	    0.0	  200.0	 1270.9	 1509.3	    0.0	  200.0	  100.0	    0.0	    0.0	    0.0	    0.0	    0.3	   12.7	  1	   50.0	  950.0	    0.0	    0.0	    0.3	1	   15.3	 21	    0.0	    9.3	
  344	  34.40	   56.5	  937.9	  118.3	 1042.1	 1454.6	    0.0	  200.0	 1270.9	 1509.3	    0.0	  200.0	  100.0	    0.0	    0.0	    0.0	    0.0	    0.2	   12.7	  1	   50.0	  950.0	    0.0	    0.0	    0.2	1	   15.3	 21	    0.0	    7.9	
  345	  34.50	   56.5	  937.9	  118.3	 1042.1	 1454.6	    0.0	  200.0	 1270.9	 1509.3	    0.0	  200.0	  100.0	    0.0	    0.0	    0.0	    0.0	    0.1	   12.8	  1	   50.0	  950.0	    0.0	    0.0	    0.1	1	   15.3	 21	    0.0	    6.2	
  346	  34.60	   56.5	  937.9	  118.3	 1042.1	 1454.6	    0.0	  200.0	 1270.9	 1509.3	    0.0	  200.0	  100.0	    0.0	    0.0	    0.0	    0.0	    0.0	   12.8	  1	   50.0	  950.0	    0.0	    0.0	    0.0	1	   15.3	 21	    0.0	    5.0	
  347	  34.70	   56.5	  937.9	  118.3	 1042.1	 1454.6	    0.0	  200.0	 1270.9	 1509.3	    0.0	  200.0	  100.0	    0.0	    0.0	    0.0	    0.0	    0.0	   12.8	  1	   50.0	  950.0	    0.0	    0.0	    0.0	1	   15.3	 21	    0.0	    5.0	
  348	  34.80	   56.5	  937.9	  118.3	 1042.1	 1454.6	    0.0	  200.0	 1270.9	 1509.3	    0.0	  200.0	  100.0	    0.0	    0.0	    0.0	    0.0	    0.0	   12.9	  1	   50.0	  950.0	    0.0	    0.0	    0.0	1	   15.3	 21	    0.0	    5.0	
  349	  34.90	   56.5	  937.9	  118.3	  717.4	 1394.6	    0.0	  200.0	 1270.9	 1509.3	    0.0	  200.0	  100.0	    0.0	    0.0	    0.0	    0.0	    0.0	   12.9	  1	   50.0	  950.0	    0.0	    0.0	    0.0	1	   15.2	 21	    0.0	    5.0	
  350	  35.00	   56.5	  937.9	   34.6	  717.4	 1394.6	    0.0	  200.0	 1270.9	 1509.3	    0.0	  200.0	  100.0	    0.0	    0.0	    0.0	    0.0	    0.0	   13.0	  1	   50.0	  950.0	    0.0	    0.0	    0.0	1	   15.2	 21	    0.0	    5.0	
  351	  35.10	   56.5	  937.9	   34.6	  717.4	 1394.6	    0.0	  200.0	 1270.9	 1509.3	    0.0	  200.0	  100.0	    0.0	    0.0	    0.0	    0.0	    0.0	   13.0	  1	   50.0	  950.0	    0.0	    0.0	    0.0	1	   15.2	 21	    0.0	    5.0	
  352	  35.20	   56.5	  937.9	   34.6	  717.4	 1394.6	    0.0	  200.0	 1270.9	 1509.3	    0.0	  200.0	  100.0	    0.0	    0.0	    0.0	    0.0	    0.0	   13.1	  1	   50.0	  950.0	    0.0	    0.0	    0.0	1	   15.2	 21	    0.0	    5.0	
  353	  35.30	   56.5	  937.9	   34.6	  717.4	 1394.6	    0.0	  200.0	 1270.9	 1509.3	    0.0	  200.0	  100.0	    0.0	    0.0	    0.0	    0.0	    0.0	   13.1	  1	   50.0	  950.0	    0.0	    0.0	    0.0	1	   15.2	 21	    0.0	    5.0	
  354	  35.40	   56.5	  937.9	   34.6	  717.4	 1394.6	    0.0	  200.0	 1270.9	 1509.3	    0.0	  200.0	  100.0	    0.0	    0.0	    0.0	    0.0	    0.0	   13.1	  1	   50.0	  950.0	    0.0	    0.0	    0.0	1	   15.2	 21	    0.0	    5.0	
  355	  35.50	   56.5	  937.9	   34.6	  596.1	 1330.6	    0.0	  200.0	 1270.9	 1509.3	    0.0	  200.0	  100.0	    0.0	    0.0	    0.0	    0.0	    0.0	   13.2	  1	  -50.0	  850.0	    0.0	    0.0	    0.0	1	  128.1	 21	    0.0	    5.0	
  356	  35.60	   40.7	  924.9	 -140.6	  596.1	 1330.6	    0.0	  200.0	 1270.9	 1509.3	    0.0	  200.0	  100.0	    0.0	    0.0	    0.0	    0.0	    0.0	   13.2	  1	  -50.0	  850.0	    0.0	    0.0	    0.0	1	  109.8	 21	    0.0	    5.0	
  357	  35.70	   20.9	  908.6	 -140.6	  596.1	 1330.6	    0.0	  200.0	 1270.9	 1509.3	    0.0	  200.0	  100.0	    0.0	    0.0	    0.0	    0.0	    0.0	   13.3	  1	  -50.0	  850.0	    0.0	    0.0	    0.0	1	   82.3	 21	    0.0	    5.0	
  358	  35.80	   18.3	  906.5	   36.3	  596.1	 1330.6	    0.0	  200.0	 1270.9	 1509.3	    0.0	  200.0	  100.0	    0.0	    0.0	    0.0	    0.0	    0.0	   13.3	  1	  -50.0	  850.0	    0.0	    0.0	    0.0	1	   82.3	 21	    0.0	    5.0	
  359	  35.90	   18.3	  906.5	   36.3	  596.1	 1330.6	    0.0	  200.0	 1270.9	 1509.3	    0.0	  200.0	  100.0	    0.0	    0.0	    0.0	    0.0	    0.0	   13.3	  1	  -50.0	  850.0	    0.0	    0.0	    0.0	1	   82.3	 21	    0.0	    5.0	
  360	  36.00	   18.3	  906.5	   36.3	  559.2	 1267.7	    0.0	  200.0	 1270.9	 1509.3	    0.0	  200.0	  100.0	    0.0	    0.0	    0.0	    0.0	    0.0	   13.4	  1	 -150.0	  950.0	    0.0	    0.0	    0.0	1	  161.0	 21	    0.0	    5.0	
  361	  36.10	   -0.3	  911.0	  166.3	  559.2	 1267.7	    0.0	  200.0	 1270.9	 1509.3	    0.0	  200.0	  100.0	    0.0	    0.0	    0.0	    0.0	    0.0	   13.4	  1	 -150.0	  950.0	    0.0	    0.0	    0.0	1	  143.5	 21	    0.0	    5.0	
  362	  36.20	  -32.8	  919.1	  166.0	  559.2	 1267.7	    0.0	  200.0	 1270.9	 1509.3	    0.0	  200.0	  100.0	    0.0	    0.0	    0.0	    0.0	    0.0	   13.5	  1	 -150.0	  950.0	    0.0	    0.0	    0.0	1	  113.8	 21	    0.0	    5.0	
  363	  36.30	  -60.8	  925.4	  168.0	  559.2	 1267.7	    0.0	  200.0	 1270.9	 1509.3	    0.0	  200.0	  100.0	    0.0	    0.0	    0.0	    0.0	    0.0	   13.5	  1	 -150.0	  950.0	    0.0	    0.0	    0.0	1	   87.6	 21	    0.0	    5.0	
  364	  36.40	  -64.2	  926.1	   28.9	  559.2	 1267.7	    0.0	  200.0	 1270.9	 1509.3	    0.0	  200.0	  100.0	    0.0	    0.0	    0.0	    0.0	    0.0	   13.5	  1	 -150.0	  950.0	    0.0	    0.0	    0.0	1	   82.6	 21	    0.0	    5.0	
  365	  36.50	  -64.2	  926.1	   28.7	  447.7	 1285.1	    0.0	  200.0	 1270.9	 1509.3	    0.0	  200.0	  100.0	    0.0	    0.0	    0.0	    0.0	    0.0	   13.6	  1	 -250.0	  950.0	    0.0	    0.0	    0.0	1	  170.7	 21	    0.0	    5.0	
  366	  36.60	  -83.7	  928.5	  172.8	  447.7	 1285.1	    0.0	  200.0	 1270.9	 1509.3	    0.0	  200.0	  100.0	    0.0	    0.0	    0.0	    0.0	    0.0	   13.6	  1	 -250.0	  950.0	    0.0	    0.0	    0.0	1	  153.0	 21	    0.0	    5.0	
  367	  36.70	 -118.7	  933.1	  172.5	  447.7	 1285.1	    0.0	  200.0	 1270.9	 1509.3	    0.0	  200.0	  100.0	    0.0	    0.0	    0.0	    0.0	    0.0	   13.6	  1	 -250.0	  950.0	    0.0	    0.0	    0.0	1	  123.8	 21	    0.0	    5.0	
  368	  36.80	 -148.8	  936.3	  174.3	  447.7	 1285.1	    0.0	  200.0	 1270.9	 1509.3	    0.0	  200.0	  100.0	    0.0	    0.0	    0.0	    0.0	    0.0	   13.7	  1	 -250.0	  950.0	    0.0	    0.0	    0.0	1	   96.9	 21	    0.0	    5.0	
  369	  36.90	 -172.9	  939.0	  173.6	  419.3	 1278.4	    0.0	  200.0	 1270.9	 1509.3	    0.0	  200.0	  100.0	    0.0	    0.0	    0.0	    0.0	    0.0	   13.7	  1	 -250.0	  850.0	    0.0	    0.0	    0.0	1	  109.7	 21	    0.0	    5.0	
  370	  37.00	 -188.7	  922.7	 -130.2	  419.3	 1278.4	    0.0	  200.0	 1270.9	 1509.3	    0.0	  200.0	  100.0	    0.0	    0.0	    0.0	    0.0	    0.0	   13.7	  1	 -250.0	  850.0	    0.0	    0.0	    0.0	1	   89.4	 21	    0.0	    5.0	
  371	  37.10	 -191.3	  919.7	   30.3	  419.3	 1278.4	    0.0	  200.0	 1270.9	 1509.3	    0.0	  200.0	  100.0	    0.0	    0.0	    0.0	    0.0	    0.0	   13.7	  1	 -250.0	  850.0	    0.0	    0.0	    0.0	1	   82.3	 21	    0.0	    5.0	
  372	  37.20	 -191.3	  919.7	   30.4	  419.3	 1278.4	    0.0	  200.0	 1270.9	 1509.3	    0.0	  200.0	  100.0	    0.0	    0.0	    0.0	    0.0	    0.0	   13.8	  1	 -250.0	  850.0	    0.0	    0.0	    0.0	1	   82.3	 21	    0.0	    5.0	
  373	  37.30	 -191.3	  919.7	   30.4	  419.3	 1278.4	    0.0	  200.0	 1270.9	 1509.3	    0.0	  200.0	  100.0	    0.0	    0.0	    0.0	    0.0	    0.0	   13.8	  1	 -250.0	  850.0	    0.0	    0.0	    0.0	1	   82.3	 21	    0.0	    5.0	
  374	  37.40	 -191.3	  919.7	   30.4	  395.5	 1266.8	    0.0	  200.0	 1270.9	 1509.3	    0.0	  200.0	  100.0	    0.0	    0.0	    0.0	    0.0	    0.0	   13.8	  1	 -250.0	  850.0	    0.0	    0.0	    0.0	1	   82.3	 21	    0.0	    5.0	
  375	  37.50	 -191.3	  919.7	   30.6	  395.5	 1266.8	    0.0	  200.0	 1270.9	 1509.3	    0.0	  200.0	  100.0	    0.0	    0.0	    0.0	    0.0	    0.0	   13.8	  1	 -250.0	  850.0	    0.0	    0.0	    0.0	1	   82.3	 21	    0.0	    5.0	
  376	  37.60	 -191.3	  919.7	   30.6	  395.5	 1266.8	    0.0	  200.0	 1270.9	 1509.3	    0.0	  200.0	  100.0	    0.0	    0.0	    0.0	    0.0	    0.0	   13.9	  1	 -250.0	  850.0	    0.0	    0.0	    0.0	1	   82.3	 21	    0.0	    5.0	
  377	  37.70	 -191.3	  919.7	   30.6	  395.5	 1266.8	    0.0	  200.0	 1270.9	 1509.3	    0.0	  200.0	  100.0	    0.0	    0.0	    0.0	    0.0	    0.0	   13.9	  1	 -250.0	  850.0	    0.0	    0.0	    0.0	1	   82.3	 21	    0.0	    5.0	
  378	  37.80	 -191.3	  919.7	   30.6	  395.5	 1266.8	    0.0	  200.0	 1270.9	 1509.3	    0.0	  200.0	  100.0	    0.0	    0.0	    0.0	    0.0	    0.0	   13.9	  1	 -250.0	  850.0	    0.0	    0.0	    0.0	1	   82.3	 21	    0.0	    5.0	
  379	  37.90	 -191.3	  919.7	   30.6	  395.5	 1266.8	    0.0	  200.0	 1270.9	 1509.3	    0.0	  200.0	  100.0	    0.0	    0.0	    0.0	    0.0	    0.0	   13.9	  1	 -250.0	  850.0	    0.0	    0.0	    0.0	1	   82.3	 21	    0.0	    5.0	
  380	  38.00	 -191.3	  919.7	   30.6	  395.5	 1266.8	    0.0	  200.0	 1270.9	 1509.3	    0.0	  200.0	  100.0	    0.0	    0.0	    0.0	    0.0	    0.0	   13.9	  1	 -250.0	  850.0	    0.0	    0.0	    0.0	1	   82.3	 21	    0.0	    5.0	
  381	  38.10	 -191.3	  919.7	   30.6	  395.5	 1266.8	    0.0	  200.0	 1270.9	 1509.3	    0.0	  200.0	  100.0	    0.0	    0.0	    0.0	    0.0	    0.0	   14.0	  1	 -250.0	  850.0	    0.0	    0.0	    0.0	1	   82.3	 21	    0.0	    5.0	
  382	  38.20	 -191.3	  919.7	   30.6	  395.5	 1266.8	    0.0	  200.0	 1270.9	 1509.3	    0.0	  200.0	  100.0	    0.0	    0.0	    0.0	    0.0	    0.0	   14.0	  1	 -250.0	  850.0	    0.0	    0.0	    0.0	1	   82.3	 21	    0.0	    5.0	
  383	  38.30	 -191.3	  919.7	   30.6	  395.5	 1266.8	    0.0	  200.0	 1270.9	 1509.3	    0.0	  200.0	  100.0	    0.0	    0.0	    0.0	    0.0	    0.0	   14.0	  1	 -250.0	  850.0	    0.0	    0.0	    0.0	1	   82.3	 21	    0.0	    5.0	
  384	  38.40	 -191.3	  919.7	   30.6	  395.5	 1266.8	    0.0	  200.0	 1270.9	 1509.3	    0.0	  200.0	  100.0	    0.0	    0.0	    0.0	    0.0	    0.0	   14.0	  1	 -250.0	  850.0	    0.0	    0.0	    0.0	1	   82.3	 21	    0.0	    5.0	
  385	  38.50	 -191.3	  919.7	   30.6	  395.5	 1266.8	    0.0	  200.0	 1270.9	 1509.3	    0.0	  200.0	  100.0	    0.0	    0.0	    0.0	    0.0	    0.0	   14.1	  1	 -250.0	  850.0	    0.0	    0.0	    0.0	1	   82.3	 21	    0.0	    5.0	
  386	  38.60	 -191.3	  919.7	   30.6	  395.5	 1266.8	    0.0	  200.0	 1270.9	 1509.3	    0.0	  200.0	  100.0	    0.0	    0.0	    0.0	    0.0	    0.0	   14.1	  1	 -250.0	  850.0	    0.0	    0.0	    0.0	1	   82.3	 21	    0.0	    5.0	
  387	  38.70	 -191.3	  919.7	   30.6	  395.5	 1266.8	    0.0	  200.0	 1270.9	 1509.3	    0.0	  200.0	  100.0	    0.0	    0.0	    0.0	    0.0	    0.0	   14.1	  1	 -250.0	  850.0	    0.0	    0.0	    0.0	1	   82.3	 21	    0.0	    5.0	
  388	  38.80	 -191.3	  919.7	   30.6	  395.5	 1266.8	    0.0	  200.0	 1270.9	 1509.3	    0.0	  200.0	  100.0	    0.0	    0.0	    0.0	    0.0	    0.0	   14.1	  1	 -250.0	  850.0	    0.0	    0.0	    0.0	1	   82.3	 21	    0.0	    5.0	
  389	  38.90	 -191.3	  919.7	   30.6	  395.5	 1266.8	    0.0	  200.0	 1270.9	 1509.3	    0.0	  200.0	  100.0	    0.0	    0.0	    0.0	    0.0	    0.0	   14.1	  1	 -250.0	  850.0	    0.0	    0.0	    0.0	1	   82.3	 21	    0.0	    5.0	
  390	  39.00	 -191.3	  919.7	   30.6	  395.5	 1266.8	    0.0	  200.0	 1270.9	 1509.3	    0.0	  200.0	  100.0	    0.0	    0.0	    0.0	    0.0	    0.0	   14.2	  1	 -250.0	  850.0	    0.0	    0.0	    0.0	1	   82.3	 21	    0.0	    5.0	
  391	  39.10	 -191.3	  919.7	   30.6	  395.5	 1266.8	    0.0	  200.0	 1270.9	 1509.3	    0.0	  200.0	  100.0	    0.0	    0.0	    0.0	    0.0	    0.0	   14.2	  1	 -250.0	  850.0	    0.0	    0.0	    0.0	1	   82.3	 21	    0.0	    5.0	
  392	  39.20	 -191.3	  919.7	   30.6	  395.5	 1266.8	    0.0	  200.0	 1270.9	 1509.3	    0.0	  200.0	  100.0	    0.0	    0.0	    0.0	    0.0	    0.0	   14.2	  1	 -250.0	  850.0	    0.0	    0.0	    0.0	1	   82.3	 21	    0.0	    5.0	
  393	  39.30	 -191.3	  919.7	   30.6	  395.5	 1266.8	    0.0	  200.0	 1270.9	 1509.3	    0.0	  200.0	  100.0	    0.0	    0.0	    0.0	    0.0	    0.0	   14.2	  1	 -250.0	  850.0	    0.0	    0.0	    0.0	1	   82.3	 21	    0.0	    5.0	
  394	  39.40	 -191.3	  919.7	   30.6	  395.5	 1266.8	    0.0	  200.0	 1270.9	 1509.3	    0.0	  200.0	  100.0	    0.0	    0.0	    0.0	    0.0	    0.0	   14.3	  1	 -250.0	  850.0	    0.0	    0.0	    0.0	1	   82.3	 21	    0.0	    5.0	
  395	  39.50	 -191.3	  919.7	   30.6	  395.5	 1266.8	    0.0	  200.0	 1270.9	 1509.3	    0.0	  200.0	  100.0	    0.0	    0.0	    0.0	    0.0	    0.0	   14.3	  1	 -250.0	  850.0	    0.0	    0.0	    0.0	1	   82.3	 21	    0.0	    5.0	
  396	  39.60	 -191.3	  919.7	   30.6	  395.5	 1266.8	    0.0	  200.0	 1270.9	 1509.3	    0.0	  200.0	  100.0	    0.0	    0.0	    0.0	    0.0	    0.0	   14.3	  1	 -250.0	  850.0	    0.0	    0.0	    0.0	1	   82.3	 21	    0.0	    5.0	
  397	  39.70	 -191.3	  919.7	   30.6	  395.5	 1266.8	    0.0	  200.0	 1270.9	 1509.3	    0.0	  200.0	  100.0	    0.0	    0.0	    0.0	    0.0	    0.0	   14.3	  1	 -250.0	  850.0	    0.0	    0.0	    0.0	1	   82.3	 21	    0.0	    5.0	
  398	  39.80	 -191.3	  919.7	   30.6	  395.5	 1266.8	    0.0	  200.0	 1270.9	 1509.3	    0.0	  200.0	  100.0	    0.0	    0.0	    0.0	    0.0	    0.0	   14.4	  1	 -250.0	  850.0	    0.0	    0.0	    0.0	1	   82.3	 21	    0.0	    5.0	
  399	  39.90	 -191.3	  919.7	   30.6	  395.5	 1266.8	    0.0	  200.0	 1270.9	 1509.3	    0.0	  200.0	  100.0	    0.0	    0.0	    0.0	    0.0	    0.0	   14.4	  1	 -250.0	  850.0	    0.0	    0.0	    0.0	1	   82.3	 21	    0.0	    5.0	
  400	  40.00	 -191.3	  919.7	   30.6	  395.5	 1266.8	    0.0	  200.0	 1270.9	 1509.3	    0.0	  200.0	  100.0	    0.0	    0.0	    0.0	    0.0	    0.0	   14.4	  1	 -250.0	  850.0	    0.0	    0.0	    0.0	1	   82.3	 21	    0.0	    5.0	
  401	  40.10	 -191.3	  919.7	   30.6	  395.5	 1266.8	    0.0	  200.0	 1270.9	 1509.3	    0.0	  200.0	  100.0	    0.0	    0.0	    0.0	    0.0	    0.0	   14.4	  1	 -250.0	  850.0	    0.0	    0.0	    0.0	1	   82.3	 21	    0.0	    5.0	
  402	  40.20	 -191.3	  919.7	   30.6	  395.5	 1266.8	    0.0	  200.0	 1270.9	 1509.3	    0.0	  200.0	  100.0	    0.0	    0.0	    0.0	    0.0	    0.0	   14.5	  1	 -250.0	  850.0	    0.0	    0.0	    0.0	1	   82.3	 21	    0.0	    5.0	
  403	  40.30	 -191.3	  919.7	   30.6	  395.5	 1266.8	    0.0	  200.0	 1270.9	 1509.3	    0.0	  200.0	  100.0	    0.0	    0.0	    0.0	    0.0	    0.0	   14.5	  1	 -250.0	  850.0	    0.0	    0.0	    0.0	1	   82.3	 21	    0.0	    5.0	
  404	  40.40	 -191.3	  919.7	   30.6	  395.5	 1266.8	    0.0	  200.0	 1270.9	 1509.3	    0.0	  200.0	  100.0	    0.0	    0.0	    0.0	    0.0	    0.0	   14.5	  1	 -250.0	  850.0	    0.0	    0.0	    0.0	1	   82.3	 21	    0.0	    5.0	
  405	  40.50	 -191.3	  919.7	   30.6	  395.5	 1266.8	    0.0	  200.0	 1270.9	 1509.3	    0.0	  200.0	  100.0	    0.0	    0.0	    0.0	    0.0	    0.0	   14.6	  1	 -250.0	  850.0	    0.0	    0.0	    0.0	1	   82.3	 21	    0.0	    5.0	
  406	  40.60	 -191.3	  919.7	   30.6	  395.5	 1266.8	    0.0	  200.0	 1270.9	 1509.3	    0.0	  200.0	  100.0	    0.0	    0.0	    0.0	    0.0	    0.0	   14.6	  1	 -250.0	  850.0	    0.0	    0.0	    0.0	1	   82.3	 21	    0.0	    5.0	
  407	  40.70	 -191.3	  919.7	   30.6	  395.5	 1266.8	    0.0	  200.0	 1270.9	 1509.3	    0.0	  200.0	  100.0	    0.0	    0.0	    0.0	    0.0	    0.0	   14.6	  1	 -250.0	  850.0	    0.0	    0.0	    0.0	1	   82.3	 21	    0.0	    5.0	
  408	  40.80	 -191.3	  919.7	   30.6	  395.5	 1266.8	    0.0	  200.0	 1270.9	 1509.3	    0.0	  200.0	  100.0	    0.0	    0.0	    0.0	    0.0	    0.0	   14.6	  1	 -250.0	  850.0	    0.0	    0.0	    0.0	1	   82.3	 21	    0.0	    5.0	
  409	  40.90	 -191.3	  919.7	   30.6	  395.5	 1266.8	    0.0	  200.0	 1270.9	 1509.3	    0.0	  200.0	  100.0	    0.0	    0.0	    0.0	    0.0	    0.0	   14.7	  1	 -250.0	  850.0	    0.0	    0.0	    0.0	1	   82.3	 21	    0.0	    5.0	
  410	  41.00	 -191.3	  919.7	   30.6	  395.5	 1266.8	    0.0	  200.0	 1270.9	 1509.3	    0.0	  200.0	  100.0	    0.0	    0.0	    0.0	    0.0	    0.0	   14.7	  1	 -250.0	  850.0	    0.0	    0.0	    0.0	1	   82.3	 21	    0.0	    5.0	
  411	  41.10	 -191.3	  919.7	   30.6	  395.5	 1266.8	    0.0	  200.0	 1270.9	 1509.3	    0.0	  200.0	  100.0	    0.0	    0.0	    0.0	    0.0	    0.0	   14.7	  1	 -250.0	  850.0	    0.0	    0.0	    0.0	1	   82.3	 21	    0.0	    5.0	
