    1	   0.10	    0.0	    0.0	    0.0	    0.0	    0.0	    0.0	    0.0	    0.0	    0.0	    0.0	    0.0	  100.0	   99.9	    0.0	    0.0	    0.0	    0.0	    0.1	  1	-1250.0	   50.0	   99.9	    0.0	    0.0	1	  485.0	 21	    0.0	    5.0	
    2	   0.20	    0.0	    0.0	  -90.1	    0.0	    0.0	    0.0	    0.0	    0.0	    0.0	    0.0	    0.0	  100.0	   99.4	    0.0	    0.0	    0.0	    0.0	    0.1	  1	  -50.0	 1250.0	   99.4	    0.0	    0.0	1	  526.3	 21	    0.0	    5.0	
    3	   0.30	    0.0	    0.0	  -90.0	    0.0	    0.0	    0.0	    0.0	    0.0	    0.0	    0.0	    0.0	  100.0	   98.9	    0.0	    0.0	    0.0	    0.0	    0.2	  1	  -50.0	 1250.0	   98.9	    0.0	    0.0	1	  525.7	 21	    0.0	    5.0	
    4	   0.40	    0.0	    0.0	  -90.0	    0.0	    0.0	    0.0	    0.0	    0.0	    0.0	    0.0	    0.0	  100.0	   98.4	    0.0	    0.0	    0.0	    0.0	    0.3	  1	  -50.0	 1250.0	   98.4	    0.0	    0.0	1	  525.0	 21	    0.0	    5.0	
    5	   0.50	    0.0	    0.0	  -90.0	    0.0	    0.0	    0.0	    0.0	    0.0	    0.0	    0.0	    0.0	  100.0	   97.9	    0.0	    0.0	    0.0	    0.0	    0.4	  1	  -50.0	 1250.0	   97.9	    0.0	    0.0	1	  524.4	 21	    0.0	    5.0	
    6	   0.60	    0.0	    0.0	  -90.0	    0.0	    0.0	    0.0	    0.0	    0.0	    0.0	    0.0	    0.0	  100.0	   97.4	    0.0	    0.0	    0.0	    0.0	    0.4	  1	  -50.0	 1250.0	   97.4	    0.0	    0.0	1	  523.7	 21	    0.0	    5.0	
    7	   0.70	    0.0	    0.0	  -90.0	    0.0	    0.0	    0.0	    0.0	    0.0	    0.0	    0.0	    0.0	  100.0	   96.9	    0.0	    0.0	    0.0	    0.0	    0.5	  1	  -50.0	 1250.0	   96.9	    0.0	    0.0	1	  523.1	 21	    0.0	    5.0	
    8	   0.80	    0.0	    0.0	  -90.0	    0.0	    0.0	    0.0	    0.0	    0.0	    0.0	    0.0	    0.0	  100.0	   96.4	    0.0	    0.0	    0.0	    0.0	    0.6	  1	  -50.0	 1250.0	   96.4	    0.0	    0.0	1	  522.4	 21	    0.0	    5.0	
    9	   0.90	    0.0	    0.0	  -90.0	    0.0	    0.0	    0.0	    0.0	    0.0	    0.0	    0.0	    0.0	  100.0	   95.9	    0.0	    0.0	    0.0	    0.0	    0.6	  1	  -50.0	 1250.0	   95.9	    0.0	    0.0	1	  521.7	 21	    0.0	    5.0	
   10	   1.00	    0.0	    0.0	  -90.0	    0.0	    0.0	    0.0	    0.0	    0.0	    0.0	    0.0	    0.0	  100.0	   95.4	    0.0	    0.0	    0.0	    0.0	    0.7	  1	  -50.0	 1250.0	   95.4	    0.0	    0.0	1	  521.1	 21	    0.0	    5.0	
   11	   1.10	    0.0	    0.0	  -90.0	    0.0	    0.0	    0.0	    0.0	    0.0	    0.0	    0.0	    0.0	  100.0	   94.9	    0.0	    0.0	    0.0	    0.0	    0.8	  1	  -50.0	 1250.0	   94.9	    0.0	    0.0	1	  520.4	 21	    0.0	    5.0	
   12	   1.20	    0.0	    0.0	  -90.0	    0.0	    0.0	    0.0	    0.0	    0.0	    0.0	    0.0	    0.0	  100.0	   94.4	    0.0	    0.0	    0.0	    0.0	    0.9	  1	  -50.0	 1250.0	   94.4	    0.0	    0.0	1	  519.7	 21	    0.0	    5.0	
   13	   1.30	    0.0	    0.0	  -90.0	    0.0	    0.0	    0.0	    0.0	    0.0	    0.0	    0.0	    0.0	  100.0	   93.9	    0.0	    0.0	    0.0	    0.0	    0.9	  1	  -50.0	 1250.0	   93.9	    0.0	    0.0	1	  519.0	 21	    0.0	    5.0	
   14	   1.40	    0.0	    0.0	  -90.0	    0.0	    0.0	    0.0	    0.0	    0.0	    0.0	    0.0	    0.0	  100.0	   93.4	    0.0	    0.0	    0.0	    0.0	    1.0	  1	  -50.0	 1250.0	   93.4	    0.0	    0.0	1	  518.3	 21	    0.0	    5.0	
   15	   1.50	    0.0	    0.0	  -90.0	    0.0	    0.0	    0.0	    0.0	    0.0	    0.0	    0.0	    0.0	  100.0	   92.9	    0.0	    0.0	    0.0	    0.0	    1.1	  1	  -50.0	 1250.0	   92.9	    0.0	    0.0	1	  517.6	 21	    0.0	    5.0	
   16	   1.60	    0.0	    0.0	  -90.0	    0.0	    0.0	    0.0	    0.0	    0.0	    0.0	    0.0	    0.0	  100.0	   92.4	    0.0	    0.0	    0.0	    0.0	    1.1	  1	  -50.0	 1250.0	   92.4	    0.0	    0.0	1	  516.9	 21	    0.0	    5.0	
   17	   1.70	    0.0	    0.0	  -90.0	    0.0	    0.0	    0.0	    0.0	    0.0	    0.0	    0.0	    0.0	  100.0	   91.9	    0.0	    0.0	    0.0	    0.0	    1.2	  1	  -50.0	 1250.0	   91.9	    0.0	    0.0	1	  516.2	 21	    0.0	    5.0	
   18	   1.80	    0.0	    0.0	  -90.0	    0.0	    0.0	    0.0	    0.0	    0.0	    0.0	    0.0	    0.0	  100.0	   91.4	    0.0	    0.0	    0.0	    0.0	    1.3	  1	  -50.0	 1250.0	   91.4	    0.0	    0.0	1	  515.5	 21	    0.0	    5.0	
   19	   1.90	    0.0	    0.0	  -90.0	    0.0	    0.0	    0.0	    0.0	    0.0	    0.0	    0.0	    0.0	  100.0	   90.9	    0.0	    0.0	    0.0	    0.0	    1.4	  1	  -50.0	 1250.0	   90.9	    0.0	    0.0	1	  514.8	 21	    0.0	    5.0	
   20	   2.00	    0.0	    0.0	  -90.0	    0.0	    0.0	    0.0	    0.0	    0.0	    0.0	    0.0	    0.0	  100.0	   90.4	    0.0	    0.0	    0.0	    0.0	    1.4	  1	  -50.0	 1250.0	   90.4	    0.0	    0.0	1	  514.0	 21	    0.0	    5.0	
   21	   2.10	    0.0	    0.0	  -90.0	    0.0	    0.0	    0.0	    0.0	    0.0	    0.0	    0.0	    0.0	  100.0	   89.9	    0.0	    0.0	    0.0	    0.0	    1.5	  1	  -50.0	 1250.0	   89.9	    0.0	    0.0	1	  513.3	 21	    0.0	    5.0	
   22	   2.20	    0.0	    0.0	  -90.0	    0.0	    0.0	    0.0	    0.0	    0.0	    0.0	    0.0	    0.0	  100.0	   89.4	    0.0	    0.0	    0.0	    0.0	    1.6	  1	  -50.0	 1250.0	   89.4	    0.0	    0.0	1	  512.6	 21	    0.0	    5.0	
   23	   2.30	    0.0	    0.0	  -90.0	    0.0	    0.0	    0.0	    0.0	    0.0	    0.0	    0.0	    0.0	  100.0	   88.9	    0.0	    0.0	    0.0	    0.0	    1.6	  1	  -50.0	 1250.0	   88.9	    0.0	    0.0	1	  511.8	 21	    0.0	    5.0	
   24	   2.40	    0.0	    0.0	  -90.0	    0.0	    0.0	    0.0	    0.0	    0.0	    0.0	    0.0	    0.0	  100.0	   88.4	    0.0	    0.0	    0.0	    0.0	    1.7	  1	  -50.0	 1250.0	   88.4	    0.0	    0.0	1	  511.1	 21	    0.0	    5.0	
   25	   2.50	    0.0	    0.0	  -90.0	    0.0	    0.0	    0.0	    0.0	    0.0	    0.0	    0.0	    0.0	  100.0	   87.9	    0.0	    0.0	    0.0	    0.0	    1.8	  1	  -50.0	 1250.0	   87.9	    0.0	    0.0	1	  510.3	 21	    0.0	    5.0	
   26	   2.60	    0.0	    0.0	  -90.0	    0.0	    0.0	    0.0	    0.0	    0.0	    0.0	    0.0	    0.0	  100.0	   87.4	    0.0	    0.0	    0.0	    0.0	    1.9	  1	  -50.0	 1250.0	   87.4	    0.0	    0.0	1	  509.6	 21	    0.0	    5.0	
   27	   2.70	    0.0	    0.0	  -90.0	    0.0	    0.0	    0.0	    0.0	    0.0	    0.0	    0.0	    0.0	  100.0	   86.9	    0.0	    0.0	    0.0	    0.0	    1.9	  1	  -50.0	 1250.0	   86.9	    0.0	    0.0	1	  508.8	 21	    0.0	    5.0	
   28	   2.80	    0.0	    0.0	  -90.0	    0.0	    0.0	    0.0	    0.0	    0.0	    0.0	    0.0	    0.0	  100.0	   86.4	    0.0	    0.0	    0.0	    0.0	    2.0	  1	  -50.0	 1250.0	   86.4	    0.0	    0.0	1	  508.0	 21	    0.0	    5.0	
   29	   2.90	    0.0	    0.0	  -90.0	    0.0	    0.0	    0.0	    0.0	    0.0	    0.0	    0.0	    0.0	  100.0	   85.9	    0.0	    0.0	    0.0	    0.0	    2.1	  1	  -50.0	 1250.0	   85.9	    0.0	    0.0	1	  507.3	 21	    0.0	    5.0	
   30	   3.00	    0.0	    0.0	  -90.0	    0.0	    0.0	    0.0	    0.0	    0.0	    0.0	    0.0	    0.0	  100.0	   85.4	    0.0	    0.0	    0.0	    0.0	    2.1	  1	  -50.0	 1250.0	   85.4	    0.0	    0.0	1	  506.5	 21	    0.0	    5.0	
   31	   3.10	    0.0	    0.0	  -90.0	    0.0	    0.0	    0.0	    0.0	    0.0	    0.0	    0.0	    0.0	  100.0	   84.9	    0.0	    0.0	    0.0	    0.0	    2.2	  1	  -50.0	 1250.0	   84.9	    0.0	    0.0	1	  505.7	 21	    0.0	    5.0	
   32	   3.20	    0.0	    0.0	  -90.0	    0.0	    0.0	    0.0	    0.0	    0.0	    0.0	    0.0	    0.0	  100.0	   84.4	    0.0	    0.0	    0.0	    0.0	    2.3	  1	  -50.0	 1250.0	   84.4	    0.0	    0.0	1	  504.9	 21	    0.0	    5.0	
   33	   3.30	    0.0	    0.0	  -89.9	    0.0	    0.0	    0.0	    0.0	    0.0	    0.0	    0.0	    0.0	  100.0	   83.9	    0.0	    0.0	    0.0	    0.0	    2.4	  1	  -50.0	 1250.0	   83.9	    0.0	    0.0	1	  504.1	 21	    0.0	    5.0	
   34	   3.40	    0.0	    0.0	  -89.9	    0.0	    0.0	    0.0	    0.0	    0.0	    0.0	    0.0	    0.0	  100.0	   83.4	    0.0	    0.0	    0.0	    0.0	    2.4	  1	  -50.0	 1250.0	   83.4	    0.0	    0.0	1	  503.3	 21	    0.0	    5.0	
   35	   3.50	    0.0	    0.0	  -89.9	    0.0	    0.0	    0.0	    0.0	    0.0	    0.0	    0.0	    0.0	  100.0	   82.9	    0.0	    0.0	    0.0	    0.0	    2.5	  1	  -50.0	 1250.0	   82.9	    0.0	    0.0	1	  502.5	 21	    0.0	    5.0	
   36	   3.60	    0.0	    0.0	  -89.9	    0.0	    0.0	    0.0	    0.0	    0.0	    0.0	    0.0	    0.0	  100.0	   82.4	    0.0	    0.0	    0.0	    0.0	    2.6	  1	  -50.0	 1250.0	   82.4	    0.0	    0.0	1	  501.7	 21	    0.0	    5.0	
   37	   3.70	    0.0	    0.0	  -89.9	    0.0	    0.0	    0.0	    0.0	    0.0	    0.0	    0.0	    0.0	  100.0	   81.9	    0.0	    0.0	    0.0	    0.0	    2.6	  1	  -50.0	 1250.0	   81.9	    0.0	    0.0	1	  500.9	 21	    0.0	    5.0	
   38	   3.80	    0.0	    0.0	  -89.9	    0.0	    0.0	    0.0	    0.0	    0.0	    0.0	    0.0	    0.0	  100.0	   81.4	    0.0	    0.0	    0.0	    0.0	    2.7	  1	  -50.0	 1250.0	   81.4	    0.0	    0.0	1	  500.1	 21	    0.0	    5.0	
   39	   3.90	    0.0	    0.0	  -89.9	    0.0	    0.0	    0.0	    0.0	    0.0	    0.0	    0.0	    0.0	  100.0	   80.9	    0.0	    0.0	    0.0	    0.0	    2.8	  1	  -50.0	 1250.0	   80.9	    0.0	    0.0	1	  499.3	 21	    0.0	    5.0	
   40	   4.00	    0.0	    0.0	  -89.8	    0.0	    0.0	    0.0	    0.0	    0.0	    0.0	    0.0	    0.0	  100.0	   80.4	    0.0	    0.0	    0.0	    0.0	    2.9	  1	  -50.0	 1250.0	   80.4	    0.0	    0.0	1	  498.4	 21	    0.0	    5.0	
   41	   4.10	    0.0	    0.0	  -89.8	    0.0	    0.0	    0.0	    0.0	    0.0	    0.0	    0.0	    0.0	  100.0	   79.9	    0.0	    0.0	    0.0	    0.0	    2.9	  1	  -50.0	 1250.0	   79.9	    0.0	    0.0	1	  497.6	 21	    0.0	    5.0	
   42	   4.20	    0.0	    0.0	  -89.7	    0.0	    0.0	    0.0	    0.0	    0.0	    0.0	    0.0	    0.0	  100.0	   79.4	    0.0	    0.0	    0.0	    0.0	    3.0	  1	  -50.0	 1250.0	   79.4	    0.0	    0.0	1	  496.7	 21	    0.0	    5.0	
   43	   4.30	    0.0	    0.0	  -89.7	    0.0	    0.0	    0.0	    0.0	    0.0	    0.0	    0.0	    0.0	  100.0	   78.9	    0.0	    0.0	    0.0	    0.0	    3.1	  1	  -50.0	 1250.0	   78.9	    0.0	    0.0	1	  495.9	 21	    0.0	    5.0	
   44	   4.40	    0.0	    0.0	  -89.6	    0.0	    0.0	    0.0	    0.0	    0.0	    0.0	    0.0	    0.0	  100.0	   78.4	    0.0	    0.0	    0.0	    0.0	    3.1	  1	  -50.0	 1250.0	   78.4	    0.0	    0.0	1	  495.0	 21	    0.0	    5.0	
   45	   4.50	    0.0	    0.0	  -89.4	    0.0	    0.0	    0.0	    0.0	    0.0	    0.0	    0.0	    0.0	  100.0	   77.9	    0.0	    0.0	    0.0	    0.0	    3.2	  1	  -50.0	 1250.0	   77.9	    0.0	    0.0	1	  494.2	 21	    0.0	    5.0	
   46	   4.60	    0.0	    0.0	  -89.3	    0.0	    0.0	    0.0	    0.0	    0.0	    0.0	    0.0	    0.0	  100.0	   77.4	    0.0	    0.0	    0.0	    0.0	    3.3	  1	  -50.0	 1250.0	   77.4	    0.0	    0.0	1	  493.3	 21	    0.0	    5.0	
   47	   4.70	    0.0	    0.0	  -89.1	    0.0	    0.0	    0.0	    0.0	    0.0	    0.0	    0.0	    0.0	  100.0	   76.9	    0.0	    0.0	    0.0	    0.0	    3.4	  1	  -50.0	 1250.0	   76.9	    0.0	    0.0	1	  492.4	 21	    0.0	    5.0	
   48	   4.80	    0.0	    0.0	  -88.8	    0.0	    0.0	    0.0	    0.0	    0.0	    0.0	    0.0	    0.0	  100.0	   76.4	    0.0	    0.0	    0.0	    0.0	    3.4	  1	  -50.0	 1250.0	   76.4	    0.0	    0.0	1	  491.6	 21	    0.0	    5.0	
   49	   4.90	    0.0	    0.0	  -88.5	    0.0	    0.0	    0.0	    0.0	    0.0	    0.0	    0.0	    0.0	  100.0	   75.9	    0.0	    0.0	    0.0	    0.0	    3.5	  1	  -50.0	 1250.0	   75.9	    0.0	    0.0	1	  490.7	 21	    0.0	    5.0	
   50	   5.00	    0.0	    0.0	  -88.0	    0.0	    0.0	    0.0	    0.0	    0.0	    0.0	    0.0	    0.0	  100.0	   75.4	    0.0	    0.0	    0.0	    0.0	    3.6	  1	  -50.0	 1250.0	   75.4	    0.0	    0.0	1	  489.8	 21	    0.0	    5.0	
   51	   5.10	    0.0	    0.0	  -87.5	    0.0	    0.0	    0.0	    0.0	    0.0	    0.0	    0.0	    0.0	  100.0	   74.9	    0.0	    0.0	    0.0	    0.0	    3.6	  1	  -50.0	 1250.0	   74.9	    0.0	    0.0	1	  488.9	 21	    0.0	    5.0	
   52	   5.20	    0.0	    0.0	  -86.7	    0.0	    0.0	    0.0	    0.0	    0.0	    0.0	    0.0	    0.0	  100.0	   74.4	    0.0	    0.0	    0.0	    0.0	    3.7	  1	  -50.0	 1250.0	   74.4	    0.0	    0.0	1	  488.0	 21	    0.0	    5.0	
   53	   5.30	    0.0	    0.0	  -85.8	    0.0	    0.0	    0.0	    0.0	    0.0	    0.0	    0.0	    0.0	  100.0	   73.9	    0.0	    0.0	    0.0	    0.0	    3.8	  1	  -50.0	 1250.0	   73.9	    0.0	    0.0	1	  487.1	 21	    0.0	    5.0	
   54	   5.40	    0.0	    0.0	  -84.5	    0.0	    0.0	    0.0	    0.0	    0.0	    0.0	    0.0	    0.0	  100.0	   73.4	    0.0	    0.0	    0.0	    0.0	    3.9	  1	  -50.0	 1250.0	   73.4	    0.0	    0.0	1	  486.2	 21	    0.0	    5.0	
   55	   5.50	    0.0	    0.0	  -82.9	    0.0	    0.0	    0.0	    0.0	    0.0	    0.0	    0.0	    0.0	  100.0	   72.9	    0.0	    0.0	    0.0	    0.0	    3.9	  1	  -50.0	 1250.0	   72.9	    0.0	    0.0	1	  485.3	 21	    0.0	    5.0	
   56	   5.60	    0.0	    0.0	  -80.8	    0.0	    0.0	    0.0	    0.0	    0.0	    0.0	    0.0	    0.0	  100.0	   72.4	    0.0	    0.0	    0.0	    0.0	    4.0	  1	  -50.0	 1250.0	   72.4	    0.0	    0.0	1	  484.4	 21	    0.0	    5.0	
   57	   5.70	    0.0	    0.0	  -78.2	    0.0	    0.0	    0.0	    0.0	    0.0	    0.0	    0.0	    0.0	  100.0	   71.9	    0.0	    0.0	    0.0	    0.0	    4.1	  1	  -50.0	 1250.0	   71.9	    0.0	    0.0	1	  483.4	 21	    0.0	    5.0	
   58	   5.80	    0.0	    0.0	  -75.0	    0.0	    0.0	    0.0	    0.0	    0.0	    0.0	    0.0	    0.0	  100.0	   71.4	    0.0	    0.0	    0.0	    0.0	    4.1	  1	  -50.0	 1250.0	   71.4	    0.0	    0.0	1	  482.5	 21	    0.0	    5.0	
   59	   5.90	    0.0	    0.0	  -71.0	    0.0	    0.0	    0.0	    0.0	    0.0	    0.0	    0.0	    0.0	  100.0	   70.9	    0.0	    0.0	    0.0	    0.0	    4.2	  1	  -50.0	 1250.0	   70.9	    0.0	    0.0	1	  481.6	 21	    0.0	    5.0	
   60	   6.00	    0.0	    0.0	  -66.1	    0.0	    0.0	    0.0	    0.0	    0.0	    0.0	    0.0	    0.0	  100.0	   70.4	    0.0	    0.0	    0.0	    0.0	    4.3	  1	  -50.0	 1250.0	   70.4	    0.0	    0.0	1	  480.6	 21	    0.0	    5.0	
   61	   6.10	    0.0	    0.0	  -60.1	    0.0	    0.0	    0.0	    0.0	    0.0	    0.0	    0.0	    0.0	  100.0	   69.9	    0.0	    0.0	    0.0	    0.0	    4.4	  1	  -50.0	 1250.0	   69.9	    0.0	    0.0	1	  479.7	 21	    0.0	    5.0	
   62	   6.20	    0.0	    0.0	  -53.3	    0.0	    0.0	    0.0	    0.0	    0.0	    0.0	    0.0	    0.0	  100.0	   69.4	    0.0	    0.0	    0.0	    0.0	    4.4	  1	  -50.0	 1250.0	   69.4	    0.0	    0.0	1	  478.7	 21	    0.0	    5.0	
   63	   6.30	    0.0	    0.0	  -45.9	    0.0	    0.0	    0.0	    0.0	    0.0	    0.0	    0.0	    0.0	  100.0	   68.9	    0.0	    0.0	    0.0	    0.0	    4.5	  1	  -50.0	 1250.0	   68.9	    0.0	    0.0	1	  477.8	 21	    0.0	    5.0	
   64	   6.40	    0.0	    0.0	  -38.4	    0.0	    0.0	    0.0	    0.0	    0.0	    0.0	    0.0	    0.0	  100.0	   68.4	    0.0	    0.0	    0.0	    0.0	    4.6	  1	  -50.0	 1250.0	   68.4	    0.0	    0.0	1	  476.8	 21	    0.0	    5.0	
   65	   6.50	    0.0	    0.0	  -31.3	    0.0	    0.0	    0.0	    0.0	    0.0	    0.0	    0.0	    0.0	  100.0	   67.9	    0.0	    0.0	    0.0	    0.0	    4.6	  1	  -50.0	 1250.0	   67.9	    0.0	    0.0	1	  475.8	 21	    0.0	    5.0	
   66	   6.60	    0.0	    0.0	  -25.0	    0.0	    0.0	    0.0	    0.0	    0.0	    0.0	    0.0	    0.0	  100.0	   67.4	    0.0	    0.0	    0.0	    0.0	    4.7	  1	  -50.0	 1250.0	   67.4	    0.0	    0.0	1	  474.9	 21	    0.0	    5.0	
   67	   6.70	    0.0	    0.0	  -20.1	    0.0	    0.0	    0.0	    0.0	    0.0	    0.0	    0.0	    0.0	  100.0	   66.9	    0.0	    0.0	    0.0	    0.0	    4.8	  1	  -50.0	 1250.0	   66.9	    0.0	    0.0	1	  473.9	 21	    0.0	    5.0	
   68	   6.80	    0.0	    0.0	  -15.9	    0.0	    0.0	    0.0	    0.0	    0.0	    0.0	    0.0	    0.0	  100.0	   66.4	    0.0	    0.0	    0.0	    0.0	    4.9	  1	  -50.0	 1250.0	   66.4	    0.0	    0.0	1	  472.9	 21	    0.0	    5.0	
   69	   6.90	    0.0	    0.0	  -12.5	    0.0	    0.0	    0.0	    0.0	    0.0	    0.0	    0.0	    0.0	  100.0	   65.9	    0.0	    0.0	    0.0	    0.0	    4.9	  1	  -50.0	 1250.0	   65.9	    0.0	    0.0	1	  471.9	 21	    0.0	    5.0	
   70	   7.00	    0.0	    0.0	   -9.7	    0.0	    0.0	    0.0	    0.0	    0.0	    0.0	    0.0	    0.0	  100.0	   65.4	    0.0	    0.0	    0.0	    0.0	    5.0	  1	  -50.0	 1250.0	   65.4	    0.0	    0.0	1	  470.9	 21	    0.0	    5.0	
   71	   7.10	    0.0	    0.0	   90.0	    0.0	    0.0	    0.0	    0.0	    0.0	    0.0	    0.0	    0.0	  100.0	   64.9	    0.0	    0.0	    0.0	    0.0	    5.1	  1	  -50.0	 1250.0	   64.9	    0.0	    0.0	1	  469.9	 21	    0.0	    5.0	
   72	   7.20	    0.0	    0.0	   90.0	    0.0	    0.0	    0.0	    0.0	    0.0	    0.0	    0.0	    0.0	  100.0	   64.4	    0.0	    0.0	    0.0	    0.0	    5.1	  1	  -50.0	 1250.0	   64.4	    0.0	    0.0	1	  468.9	 21	    0.0	    5.0	
   73	   7.30	    0.0	    0.0	   90.0	    0.0	    0.0	    0.0	    0.0	    0.0	    0.0	    0.0	    0.0	  100.0	   63.9	    0.0	    0.0	    0.0	    0.0	    5.2	  1	  -50.0	 1250.0	   63.9	    0.0	    0.0	1	  467.9	 21	    0.0	    5.0	
   74	   7.40	    0.0	    0.0	   90.0	    0.0	    0.0	    0.0	    0.0	    0.0	    0.0	    0.0	    0.0	  100.0	   63.4	    0.0	    0.0	    0.0	    0.0	    5.3	  1	  -50.0	 1250.0	   63.4	    0.0	    0.0	1	  466.8	 21	    0.0	    5.0	
   75	   7.50	    0.0	    0.0	   90.0	    0.0	    0.0	    0.0	    0.0	    0.0	    0.0	    0.0	    0.0	  100.0	   62.9	    0.0	    0.0	    0.0	    0.0	    5.4	  1	  -50.0	 1250.0	   62.9	    0.0	    0.0	1	  465.8	 21	    0.0	    5.0	
   76	   7.60	    0.0	    0.0	   90.0	    0.0	    0.0	    0.0	    0.0	    0.0	    0.0	    0.0	    0.0	  100.0	   62.4	    0.0	    0.0	    0.0	    0.0	    5.4	  1	  -50.0	 1250.0	   62.4	    0.0	    0.0	1	  464.8	 21	    0.0	    5.0	
   77	   7.70	    0.0	 1500.0	   90.0	    0.0	 1500.0	    0.0	  200.0	    0.0	 1500.0	    0.0	  200.0	  100.0	   70.2	    0.0	    0.0	    0.0	    0.0	    5.2	  1	  -50.0	 2750.0	   70.2	    0.0	    0.0	1	  448.2	 21	 1207.8	 -192.2	
   78	   7.80	    0.0	 1500.0	   88.6	    0.0	 1500.0	    0.0	  200.0	    0.0	 1500.0	    0.0	  200.0	  100.0	   69.7	    0.0	    0.0	    0.0	    0.0	    5.1	  1	-1250.0	 1550.0	   69.7	    0.0	    0.0	1	  408.4	 21	    0.0	    0.0	
   79	   7.90	    0.0	 1500.0	   99.9	    0.0	 1500.0	    0.0	  200.0	    0.0	 1500.0	    0.0	  200.0	  100.0	   69.2	    0.0	    0.0	    0.0	    0.0	    5.2	  1	-1250.0	 1550.0	   69.2	    0.0	    0.0	1	  407.7	 21	    0.0	    0.0	
   80	   8.00	    0.0	 1500.0	  103.8	    0.0	 1500.0	    0.0	  200.0	    0.0	 1500.0	    0.0	  200.0	  100.0	   68.7	    0.0	    0.0	    0.0	    0.0	    5.2	  1	-1250.0	 1550.0	   68.7	    0.0	    0.0	1	  407.0	 21	    0.0	    0.0	
   81	   8.10	    0.0	 1500.0	  105.5	    0.0	 1500.0	    0.0	  200.0	    0.0	 1500.0	    0.0	  200.0	  100.0	   68.2	    0.0	    0.0	    0.0	    0.0	    5.2	  1	-1250.0	 1550.0	   68.2	    0.0	    0.0	1	  406.3	 21	    0.0	    0.0	
   82	   8.20	    0.0	 1500.0	  106.4	    0.0	 1500.0	    0.0	  200.0	    0.0	 1500.0	    0.0	  200.0	  100.0	   67.7	    0.0	    0.0	    0.0	    0.0	    5.3	  1	-1250.0	 1550.0	   67.7	    0.0	    0.0	1	  405.6	 21	    0.0	    0.0	
   83	   8.30	    0.0	 1500.0	  107.1	    0.0	 1500.0	    0.0	  200.0	    0.0	 1500.0	    0.0	  200.0	  100.0	   67.2	    0.0	    0.0	    0.0	    0.0	    5.4	  1	-1250.0	 1550.0	   67.2	    0.0	    0.0	1	  404.8	 21	    0.0	    0.0	
   84	   8.40	    0.0	 1500.0	  107.6	    0.0	 1500.0	    0.0	  200.0	    0.0	 1500.0	    0.0	  200.0	  100.0	   66.7	    0.0	    0.0	    0.0	    0.0	    5.4	  1	-1250.0	 1550.0	   66.7	    0.0	    0.0	1	  404.1	 21	    0.0	    0.0	
   85	   8.50	    0.0	 1500.0	  108.2	    0.0	 1500.0	    0.0	  200.0	    0.0	 1500.0	    0.0	  200.0	  100.0	   66.2	    0.0	    0.0	    0.0	    0.0	    5.5	  1	-1250.0	 1550.0	   66.2	    0.0	    0.0	1	  403.4	 21	    0.0	    0.0	
   86	   8.60	    0.0	 1500.0	  109.0	    0.0	 1500.0	    0.0	  200.0	    0.0	 1500.0	    0.0	  200.0	  100.0	   65.7	    0.0	    0.0	    0.0	    0.0	    5.6	  1	-1250.0	 1550.0	   65.7	    0.0	    0.0	1	  402.7	 21	    0.0	    0.0	
   87	   8.70	  475.1	 1500.9	  110.6	    0.0	 1500.0	    0.0	  200.0	    0.0	 1500.0	    0.0	  200.0	  100.0	   65.2	    0.0	    0.0	    0.0	    0.0	    5.5	  1	 1250.0	 1550.0	   65.2	    0.0	    0.0	1	  300.0	 21	    0.0	    0.0	
   88	   8.80	  475.1	 1500.9	    6.1	 1041.6	 1391.3	    0.0	  200.0	    0.0	 1500.0	    0.0	  200.0	  100.0	   81.3	    0.0	    0.0	    0.0	    0.0	    5.5	  1	 1850.0	 1350.0	   81.3	    0.0	    0.0	1	  417.5	 21	 1207.5	 -192.5	
   89	   8.90	  475.1	 1500.9	   22.6	 1041.6	 1391.3	    0.0	  200.0	    0.0	 1500.0	    0.0	  200.0	  100.0	   80.8	    0.0	    0.0	    0.0	    0.1	    5.6	  1	 1150.0	 2150.0	   80.8	    0.0	    0.1	1	  291.9	 21	    0.0	    0.0	
   90	   9.00	  475.1	 1500.9	   18.6	 1041.6	 1391.3	    0.0	  200.0	    0.0	 1500.0	    0.0	  200.0	  100.0	   80.4	    0.0	    0.0	    0.0	    0.1	    5.6	  1	 1150.0	 2150.0	   80.4	    0.0	    0.1	1	  291.7	 21	    0.0	    0.0	
   91	   9.10	  475.1	 1500.9	   18.2	 1041.6	 1391.3	    0.0	  200.0	    0.0	 1500.0	    0.0	  200.0	  100.0	   79.9	    0.0	    0.0	    0.0	    0.1	    5.7	  1	 1150.0	 2150.0	   79.9	    0.0	    0.1	1	  291.5	 21	    0.0	    0.0	
   92	   9.20	  475.1	 1500.9	   18.1	 1041.6	 1391.3	    0.0	  200.0	    0.0	 1500.0	    0.0	  200.0	  100.0	   79.5	    0.0	    0.0	    0.0	    0.1	    5.7	  1	 1150.0	 2150.0	   79.5	    0.0	    0.1	1	  291.4	 21	    0.0	    0.0	
   93	   9.30	  475.1	 1500.9	   18.0	 1041.6	 1391.3	    0.0	  200.0	    0.0	 1500.0	    0.0	  200.0	  100.0	   79.0	    0.0	    0.0	    0.0	    0.2	    5.8	  1	 1150.0	 2150.0	   79.0	    0.0	    0.2	1	  291.2	 21	    0.0	    0.0	
   94	   9.40	  475.1	 1500.9	   18.0	 1048.8	 1395.6	    0.0	  200.0	    0.0	 1500.0	    0.0	  200.0	  100.0	   78.6	    0.0	    0.0	    0.0	    0.2	    5.9	  1	 1150.0	 2150.0	   78.6	    0.0	    0.2	1	  288.6	 21	    0.0	    0.0	
   95	   9.50	  475.1	 1500.9	   16.6	 1041.6	 1391.3	    0.0	  200.0	    0.0	 1500.0	    0.0	  200.0	  100.0	   78.1	    0.0	    0.0	    0.0	    0.2	    5.9	  1	 1150.0	 2150.0	   78.1	    0.0	    0.2	1	  290.9	 21	    0.0	    0.0	
   96	   9.60	  475.1	 1500.9	   17.7	 1048.8	 1395.6	    0.0	  200.0	    0.0	 1500.0	    0.0	  200.0	  100.0	   77.6	    0.0	    0.0	    0.0	    0.3	    6.0	  1	 1150.0	 2150.0	   77.6	    0.0	    0.3	1	  288.3	 21	    0.0	    0.0	
   97	   9.70	  475.1	 1500.9	   16.0	 1048.8	 1395.6	    0.0	  200.0	    0.0	 1500.0	    0.0	  200.0	  100.0	   77.2	    0.0	    0.0	    0.0	    0.3	    6.1	  1	 1150.0	 2150.0	   77.2	    0.0	    0.3	1	  288.2	 21	    0.0	    0.0	
   98	   9.80	  475.1	 1500.9	   14.7	 1048.8	 1395.6	    0.0	  200.0	    0.0	 1500.0	    0.0	  200.0	  100.0	   76.7	    0.0	    0.0	    0.0	    0.3	    6.1	  1	 1150.0	 2150.0	   76.7	    0.0	    0.3	1	  288.0	 21	    0.0	    0.0	
   99	   9.90	  475.1	 1500.9	   13.1	 1048.8	 1395.6	    0.0	  200.0	    0.0	 1500.0	    0.0	  200.0	  100.0	   76.3	    0.0	    0.0	    0.0	    0.3	    6.2	  1	 1150.0	 2150.0	   76.3	    0.0	    0.3	1	  287.9	 21	    0.0	    0.0	
  100	  10.00	  475.1	 1500.9	   10.3	 1048.8	 1395.6	    0.0	  200.0	    0.0	 1500.0	    0.0	  200.0	  100.0	   75.8	    0.0	    0.0	    0.0	    0.4	    6.3	  1	 1150.0	 2150.0	   75.8	    0.0	    0.4	1	  287.7	 21	    0.0	    0.0	
  101	  10.10	  475.1	 1500.9	    2.1	 1048.8	 1395.6	    0.0	  200.0	    0.0	 1500.0	    0.0	  200.0	  100.0	   75.3	    0.0	    0.0	    0.0	    0.4	    6.3	  1	 1150.0	 2150.0	   75.3	    0.0	    0.4	1	  287.5	 21	    0.0	    0.0	
  102	  10.20	  475.1	 1500.9	  -75.7	 1048.8	 1395.6	    0.0	  200.0	    0.0	 1500.0	    0.0	  200.0	  100.0	   74.9	    0.0	    0.0	    0.0	    0.4	    6.4	  1	 1150.0	 2150.0	   74.9	    0.0	    0.4	1	  287.4	 21	    0.0	    0.0	
  103	  10.30	  475.1	 1500.9	 -137.4	 1065.2	 1412.4	    0.0	  200.0	    0.0	 1500.0	    0.0	  200.0	  100.0	   74.4	    0.0	    0.0	    0.0	    0.5	    6.5	  1	  950.0	  650.0	   74.4	    0.0	    0.5	1	  244.6	 21	    0.0	    0.0	
  104	  10.40	  475.1	 1500.9	 -129.2	 1048.8	 1395.6	    0.0	  200.0	    0.0	 1500.0	    0.0	  200.0	  100.0	   74.0	    0.0	    0.0	    0.0	    0.5	    6.5	  1	 1150.0	 2150.0	   74.0	    0.0	    0.5	1	  287.1	 21	    0.0	    0.0	
  105	  10.50	  475.1	 1500.9	 -139.7	 1065.2	 1412.4	    0.0	  200.0	    0.0	 1500.0	    0.0	  200.0	  100.0	   73.5	    0.0	    0.0	    0.0	    0.5	    6.6	  1	  950.0	  650.0	   73.5	    0.0	    0.5	1	  244.4	 21	    0.0	    0.0	
  106	  10.60	  475.1	 1500.9	 -126.2	 1065.2	 1412.4	    0.0	  200.0	    0.0	 1500.0	    0.0	  200.0	  100.0	   73.1	    0.0	    0.0	    0.0	    0.6	    6.7	  1	  950.0	  650.0	   73.1	    0.0	    0.6	1	  244.3	 21	    0.0	    0.0	
  107	  10.70	  475.1	 1500.9	 -126.2	 1065.2	 1412.4	    0.0	  200.0	    0.0	 1500.0	    0.0	  200.0	  100.0	   72.6	    0.0	    0.0	    0.0	    0.6	    6.7	  1	  950.0	  650.0	   72.6	    0.0	    0.6	1	  244.2	 21	    0.0	    0.0	
  108	  10.80	  475.1	 1500.9	 -126.1	 1065.2	 1412.4	    0.0	  200.0	    0.0	 1500.0	    0.0	  200.0	  100.0	   72.1	    0.0	    0.0	    0.0	    0.6	    6.8	  1	  950.0	  650.0	   72.1	    0.0	    0.6	1	  244.0	 21	    0.0	    0.0	
  109	  10.90	  475.1	 1500.9	 -126.0	 1065.2	 1412.4	    0.0	  200.0	    0.0	 1500.0	    0.0	  200.0	  100.0	   71.7	    0.0	    0.0	    0.0	    0.7	    6.9	  1	  950.0	  650.0	   71.7	    0.0	    0.7	1	  243.9	 21	    0.0	    0.0	
  110	  11.00	  475.1	 1500.9	 -125.9	 1065.2	 1412.4	    0.0	  200.0	    0.0	 1500.0	    0.0	  200.0	  100.0	   71.2	    0.0	    0.0	    0.0	    0.7	    6.9	  1	  950.0	  650.0	   71.2	    0.0	    0.7	1	  243.8	 21	    0.0	    0.0	
  111	  11.10	  475.1	 1500.9	 -125.8	 1065.2	 1412.4	    0.0	  200.0	    0.0	 1500.0	    0.0	  200.0	  100.0	   70.8	    0.0	    0.0	    0.0	    0.7	    7.0	  1	  950.0	  650.0	   70.8	    0.0	    0.7	1	  243.7	 21	    0.0	    0.0	
  112	  11.20	  475.1	 1500.9	 -125.6	 1131.3	 1416.6	    0.0	  200.0	    0.0	 1500.0	    0.0	  200.0	  100.0	   71.6	    0.0	    0.0	    0.0	    0.8	    7.1	  1	 1350.0	 2150.0	   71.6	    0.0	    0.8	1	  274.8	 21	 1373.2	  -26.8	
  113	  11.30	  475.1	 1500.9	 -105.7	 1146.2	 1414.7	    0.0	  200.0	    0.0	 1500.0	    0.0	  200.0	  100.0	   71.1	    0.0	    0.0	    0.0	    0.8	    7.1	  1	  950.0	  650.0	   71.1	    0.0	    0.8	1	  251.9	 21	    0.0	    0.0	
  114	  11.40	  475.1	 1500.9	  -75.6	 1146.2	 1414.7	    0.0	  200.0	    0.0	 1500.0	    0.0	  200.0	  100.0	   70.7	    0.0	    0.0	    0.0	    0.9	    7.2	  1	  950.0	  650.0	   70.7	    0.0	    0.9	1	  251.9	 21	    0.0	    0.0	
  115	  11.50	  475.1	 1500.9	  -58.7	 1146.2	 1414.7	    0.0	  200.0	    0.0	 1500.0	    0.0	  200.0	  100.0	   70.2	    0.0	    0.0	    0.0	    1.0	    7.3	  1	  950.0	  650.0	   70.2	    0.0	    1.0	1	  251.8	 21	    0.0	    0.0	
  116	  11.60	  475.1	 1500.9	  -51.8	 1146.2	 1414.7	    0.0	  200.0	    0.0	 1500.0	    0.0	  200.0	  100.0	   69.8	    0.0	    0.0	    0.0	    1.0	    7.4	  1	  950.0	  650.0	   69.8	    0.0	    1.0	1	  251.7	 21	    0.0	    0.0	
  117	  11.70	  475.1	 1500.9	  -49.2	 1146.2	 1414.7	    0.0	  200.0	    0.0	 1500.0	    0.0	  200.0	  100.0	   69.4	    0.0	    0.0	    0.0	    1.1	    7.4	  1	  950.0	  650.0	   69.4	    0.0	    1.1	1	  251.7	 21	    0.0	    0.0	
  118	  11.80	  475.1	 1500.9	  -48.0	 1146.2	 1414.7	    0.0	  200.0	    0.0	 1500.0	    0.0	  200.0	  100.0	   68.9	    0.0	    0.0	    0.0	    1.1	    7.5	  1	  950.0	  650.0	   68.9	    0.0	    1.1	1	  251.6	 21	    0.0	    0.0	
  119	  11.90	  475.1	 1500.9	  -47.3	 1146.2	 1414.7	    0.0	  200.0	    0.0	 1500.0	    0.0	  200.0	  100.0	   68.5	    0.0	    0.0	    0.0	    1.2	    7.6	  1	  950.0	  650.0	   68.5	    0.0	    1.2	1	  251.5	 21	    0.0	    0.0	
  120	  12.00	  475.1	 1500.9	  -46.8	 1160.6	 1416.9	    0.0	  200.0	    0.0	 1500.0	    0.0	  200.0	  100.0	   68.0	    0.0	    0.0	    0.0	    1.3	    7.6	  1	  950.0	  650.0	   68.0	    0.0	    1.3	1	  255.9	 21	    0.0	    0.0	
  121	  12.10	  475.1	 1500.9	  -37.5	 1146.2	 1414.7	    0.0	  200.0	    0.0	 1500.0	    0.0	  200.0	  100.0	   67.6	    0.0	    0.0	    0.0	    1.3	    7.7	  1	  950.0	  650.0	   67.6	    0.0	    1.3	1	  251.4	 21	    0.0	    0.0	
  122	  12.20	  475.1	 1500.9	  -41.7	 1160.6	 1416.9	    0.0	  200.0	    0.0	 1500.0	    0.0	  200.0	  100.0	   67.1	    0.0	    0.0	    0.0	    1.4	    7.8	  1	  950.0	  650.0	   67.1	    0.0	    1.4	1	  255.8	 21	    0.0	    0.0	
  123	  12.30	  475.1	 1500.9	  -31.8	 1160.6	 1416.9	    0.0	  200.0	    0.0	 1500.0	    0.0	  200.0	  100.0	   66.7	    0.0	    0.0	    0.0	    1.5	    7.8	  1	  950.0	  650.0	   66.7	    0.0	    1.5	1	  255.7	 21	    0.0	    0.0	
  124	  12.40	  475.1	 1500.9	  -28.8	 1160.6	 1416.9	    0.0	  200.0	    0.0	 1500.0	    0.0	  200.0	  100.0	   66.3	    0.0	    0.0	    0.0	    1.5	    7.9	  1	  950.0	  650.0	   66.3	    0.0	    1.5	1	  255.6	 21	    0.0	    0.0	
  125	  12.50	  475.1	 1500.9	  -28.1	 1160.6	 1416.9	    0.0	  200.0	    0.0	 1500.0	    0.0	  200.0	  100.0	   65.8	    0.0	    0.0	    0.0	    1.6	    8.0	  1	  950.0	  650.0	   65.8	    0.0	    1.6	1	  255.6	 21	    0.0	    0.0	
  126	  12.60	  475.1	 1500.9	  -27.6	 1160.6	 1416.9	    0.0	  200.0	    0.0	 1500.0	    0.0	  200.0	  100.0	   65.4	    0.0	    0.0	    0.0	    1.6	    8.0	  1	  950.0	  650.0	   65.4	    0.0	    1.6	1	  255.5	 21	    0.0	    0.0	
  127	  12.70	  475.1	 1500.9	  -27.2	 1160.6	 1416.9	    0.0	  200.0	    0.0	 1500.0	    0.0	  200.0	  100.0	   64.9	    0.0	    0.0	    0.0	    1.7	    8.1	  1	  950.0	  650.0	   64.9	    0.0	    1.7	1	  255.4	 21	    0.0	    0.0	
  128	  12.80	  475.1	 1500.9	  -26.6	 1115.7	 1538.4	    0.0	  200.0	    0.0	 1500.0	    0.0	  200.0	  100.0	   65.4	    0.0	    0.0	    0.0	    1.8	    8.2	  1	  950.0	 2350.0	   65.4	    0.0	    1.8	1	  249.6	 21	 1389.0	  -11.0	
  129	  12.90	  475.1	 1500.9	  114.9	 1115.7	 1538.4	    0.0	  200.0	    0.0	 1500.0	    0.0	  200.0	  100.0	   64.9	    0.0	    0.0	    0.0	    1.8	    8.2	  1	 1050.0	  750.0	   64.9	    0.0	    1.8	1	  273.7	 21	    0.0	    0.0	
  130	  13.00	  475.1	 1500.9	  177.4	 1160.6	 1416.9	    0.0	  200.0	    0.0	 1500.0	    0.0	  200.0	  100.0	   64.5	    0.0	    0.0	    0.0	    1.9	    8.3	  1	 1050.0	  650.0	   64.5	    0.0	    1.9	1	  263.5	 21	    0.0	    0.0	
  131	  13.10	  475.1	 1500.9	  169.8	 1115.7	 1538.4	    0.0	  200.0	    0.0	 1500.0	    0.0	  200.0	  100.0	   65.0	    0.0	    0.0	    0.0	    1.9	    8.4	  1	  950.0	 2350.0	   65.0	    0.0	    1.9	1	  249.4	 21	 1389.2	  -10.8	
  132	  13.20	  475.1	 1500.9	  125.6	 1115.7	 1538.4	    0.0	  200.0	    0.0	 1500.0	    0.0	  200.0	  100.0	   64.5	    0.0	    0.0	    0.0	    2.0	    8.4	  1	 1050.0	  750.0	   64.5	    0.0	    2.0	1	  273.5	 21	    0.0	    0.0	
  133	  13.30	  475.1	 1500.9	 -158.5	 1115.7	 1538.4	    0.0	  200.0	    0.0	 1500.0	    0.0	  200.0	  100.0	   64.1	    0.0	    0.0	    0.0	    2.0	    8.5	  1	 1050.0	  750.0	   64.1	    0.0	    2.0	1	  273.4	 21	    0.0	    0.0	
  134	  13.40	  475.1	 1500.9	 -158.5	 1115.7	 1538.4	    0.0	  200.0	    0.0	 1500.0	    0.0	  200.0	  100.0	   63.6	    0.0	    0.0	    0.0	    2.1	    8.6	  1	 1050.0	  750.0	   63.6	    0.0	    2.1	1	  273.2	 21	    0.0	    0.0	
  135	  13.50	  475.1	 1500.9	 -158.6	 1115.7	 1538.4	    0.0	  200.0	    0.0	 1500.0	    0.0	  200.0	  100.0	   63.2	    0.0	    0.0	    0.0	    2.1	    8.6	  1	 1050.0	  750.0	   63.2	    0.0	    2.1	1	  273.1	 21	    0.0	    0.0	
  136	  13.60	  475.1	 1500.9	 -158.6	 1115.7	 1538.4	    0.0	  200.0	    0.0	 1500.0	    0.0	  200.0	  100.0	   62.7	    0.0	    0.0	    0.0	    2.2	    8.7	  1	 1050.0	  750.0	   62.7	    0.0	    2.2	1	  273.0	 21	    0.0	    0.0	
  137	  13.70	  475.1	 1500.9	 -158.7	 1270.5	 1358.1	    0.0	  200.0	    0.0	 1500.0	    0.0	  200.0	  100.0	   62.3	    0.0	    0.0	    0.0	    2.3	    8.8	  1	  950.0	  650.0	   62.3	    0.0	    2.3	1	  315.7	 21	 1382.9	   18.3	
  138	  13.80	  475.1	 1500.9	  104.7	 1270.5	 1358.1	    0.0	  200.0	    0.0	 1500.0	    0.0	  200.0	  100.0	   61.9	    0.0	    0.0	    0.0	    2.4	    8.8	  1	  950.0	  650.0	   61.9	    0.0	    2.4	1	  305.9	 21	 1396.4	   19.6	
  139	  13.90	  475.1	 1500.9	   91.4	 1115.7	 1538.4	    0.0	  200.0	    0.0	 1500.0	    0.0	  200.0	  100.0	   61.4	    0.0	    0.0	    0.0	    2.4	    8.9	  1	  950.0	 2350.0	   61.4	    0.0	    2.4	1	  249.7	 21	    0.0	    0.0	
  140	  14.00	  475.1	 1500.9	   71.1	 1270.5	 1358.1	    0.0	  200.0	    0.0	 1500.0	    0.0	  200.0	  100.0	   61.1	    0.0	    0.0	    0.0	    2.5	    9.0	  1	  950.0	  650.0	   61.1	    0.0	    2.5	1	  315.6	 21	 1380.6	   18.1	
  141	  14.10	  475.1	 1500.9	  -69.0	 1270.5	 1358.1	    0.0	  200.0	    0.0	 1500.0	    0.0	  200.0	  100.0	   60.6	    0.0	    0.0	    0.0	    2.6	    9.0	  1	  950.0	  650.0	   60.6	    0.0	    2.6	1	  305.9	 21	 1393.8	   19.4	
  142	  14.20	  475.1	 1500.9	  -15.1	 1270.5	 1358.1	    0.0	  200.0	    0.0	 1500.0	    0.0	  200.0	  100.0	   60.2	    0.0	    0.0	    0.0	    2.7	    9.1	  1	  950.0	  650.0	   60.2	    0.0	    2.7	1	  306.0	 21	 1392.9	   19.3	
  143	  14.30	  475.1	 1500.9	  -12.7	 1270.5	 1358.1	    0.0	  200.0	    0.0	 1500.0	    0.0	  200.0	  100.0	   59.8	    0.0	    0.0	    0.0	    2.8	    9.2	  1	  950.0	  650.0	   59.8	    0.0	    2.8	1	  306.0	 21	 1392.1	   19.2	
  144	  14.40	  475.1	 1500.9	  -12.7	 1270.5	 1358.1	    0.0	  200.0	    0.0	 1500.0	    0.0	  200.0	  100.0	   59.4	    0.0	    0.0	    0.0	    2.9	    9.2	  1	  950.0	  650.0	   59.4	    0.0	    2.9	1	  306.0	 21	 1391.2	   19.1	
  145	  14.50	  475.1	 1500.9	  -12.8	 1270.5	 1358.1	    0.0	  200.0	    0.0	 1500.0	    0.0	  200.0	  100.0	   59.0	    0.0	    0.0	    0.0	    3.1	    9.3	  1	  950.0	  650.0	   59.0	    0.0	    3.1	1	  306.1	 21	 1390.4	   19.0	
  146	  14.60	  475.1	 1500.9	  -12.9	 1408.1	 1483.8	    0.0	  200.0	    0.0	 1500.0	    0.0	  200.0	  100.0	   63.5	    0.0	    0.0	    0.0	    3.2	    9.4	  1	 1250.0	 2250.0	   63.5	    0.0	    3.2	1	  358.1	 21	 1249.9	 -150.1	
  147	  14.70	  475.1	 1500.9	   66.5	 1408.1	 1483.8	    0.0	  200.0	    0.0	 1500.0	    0.0	  200.0	  100.0	   63.1	    0.0	    0.0	    0.0	    3.4	    9.5	  1	 1150.0	  750.0	   63.1	    0.0	    3.4	1	  331.0	 21	 1391.8	   19.2	
  148	  14.80	  475.1	 1500.9	 -175.4	 1408.1	 1483.8	    0.0	  200.0	    0.0	 1500.0	    0.0	  200.0	  100.0	   62.7	    0.0	    0.0	    0.0	    3.5	    9.5	  1	 1150.0	  750.0	   62.7	    0.0	    3.5	1	  331.2	 21	 1391.2	   19.1	
  149	  14.90	  475.1	 1500.9	  178.2	 1408.1	 1483.8	    0.0	  200.0	    0.0	 1500.0	    0.0	  200.0	  100.0	   62.3	    0.0	    0.0	    0.0	    3.7	    9.6	  1	 1150.0	  750.0	   62.3	    0.0	    3.7	1	  331.5	 21	 1390.5	   19.0	
  150	  15.00	  475.1	 1500.9	  178.2	 1408.1	 1483.8	    0.0	  200.0	    0.0	 1500.0	    0.0	  200.0	  100.0	   61.9	    0.0	    0.0	    0.0	    3.8	    9.7	  1	 1150.0	  750.0	   61.9	    0.0	    3.8	1	  331.7	 21	 1389.8	   19.0	
  151	  15.10	  475.1	 1500.9	  178.2	 1408.1	 1483.8	    0.0	  200.0	    0.0	 1500.0	    0.0	  200.0	  100.0	   61.6	    0.0	    0.0	    0.0	    4.0	    9.7	  1	 1150.0	  750.0	   61.6	    0.0	    4.0	1	  332.0	 21	 1389.1	   18.9	
  152	  15.20	  475.1	 1500.9	  178.3	 1408.1	 1483.8	    0.0	  200.0	    0.0	 1500.0	    0.0	  200.0	  100.0	   61.2	    0.0	    0.0	    0.0	    4.1	    9.8	  1	 1250.0	  750.0	   61.2	    0.0	    4.1	1	  334.8	 21	 1388.5	   18.8	
  153	  15.30	  475.1	 1500.9	  176.9	 1408.1	 1483.8	    0.0	  200.0	    0.0	 1500.0	    0.0	  200.0	  100.0	   60.8	    0.0	    0.0	    0.0	    4.3	    9.9	  1	 1250.0	  750.0	   60.8	    0.0	    4.3	1	  335.1	 21	 1387.8	   18.8	
  154	  15.40	  475.1	 1500.9	  177.0	 1408.1	 1483.8	    0.0	  200.0	    0.0	 1500.0	    0.0	  200.0	  100.0	   60.4	    0.0	    0.0	    0.0	    4.5	    9.9	  1	 1250.0	  750.0	   60.4	    0.0	    4.5	1	  335.3	 21	 1387.2	   18.7	
  155	  15.50	  475.1	 1500.9	  177.1	 1408.1	 1483.8	    0.0	  200.0	    0.0	 1500.0	    0.0	  200.0	  100.0	   60.0	    0.0	    0.0	    0.0	    4.6	   10.0	  1	 1250.0	  750.0	   60.0	    0.0	    4.6	1	  335.6	 21	 1386.5	   18.7	
  156	  15.60	  475.1	 1500.9	  177.1	 1408.1	 1483.8	    0.0	  200.0	    0.0	 1500.0	    0.0	  200.0	  100.0	   59.6	    0.0	    0.0	    0.0	    4.8	   10.1	  1	 1250.0	  750.0	   59.6	    0.0	    4.8	1	  335.8	 21	 1385.9	   18.6	
  157	  15.70	  475.1	 1500.9	  177.3	 1408.1	 1483.8	    0.0	  200.0	    0.0	 1500.0	    0.0	  200.0	  100.0	   59.2	    0.0	    0.0	    0.0	    4.9	   10.1	  1	 1250.0	  750.0	   59.2	    0.0	    4.9	1	  336.1	 21	 1385.2	   18.5	
  158	  15.80	  475.1	 1500.9	  177.4	 1408.1	 1483.8	    0.0	  200.0	    0.0	 1500.0	    0.0	  200.0	  100.0	   58.8	    0.0	    0.0	    0.0	    5.1	   10.2	  1	 1250.0	  750.0	   58.8	    0.0	    5.1	1	  336.3	 21	 1384.6	   18.5	
  159	  15.90	  475.1	 1500.9	  177.6	 1408.1	 1483.8	    0.0	  200.0	    0.0	 1500.0	    0.0	  200.0	  100.0	   58.4	    0.0	    0.0	    0.0	    5.2	   10.3	  1	 1250.0	  750.0	   58.4	    0.0	    5.2	1	  336.6	 21	 1384.0	   18.4	
  160	  16.00	  475.1	 1500.9	  177.9	 1408.1	 1483.8	    0.0	  200.0	    0.0	 1500.0	    0.0	  200.0	  100.0	   58.0	    0.0	    0.0	    0.0	    5.4	   10.3	  1	 1250.0	  750.0	   58.0	    0.0	    5.4	1	  336.8	 21	 1383.4	   18.3	
  161	  16.10	  475.1	 1500.9	  178.2	 1408.1	 1483.8	    0.0	  200.0	    0.0	 1500.0	    0.0	  200.0	  100.0	   57.6	    0.0	    0.0	    0.0	    5.5	   10.4	  1	 1250.0	  750.0	   57.6	    0.0	    5.5	1	  337.1	 21	 1382.8	   18.3	
  162	  16.20	  475.1	 1500.9	  178.7	 1408.1	 1483.8	    0.0	  200.0	    0.0	 1500.0	    0.0	  200.0	  100.0	   57.2	    0.0	    0.0	    0.0	    5.7	   10.5	  1	 1250.0	  750.0	   57.2	    0.0	    5.7	1	  337.3	 21	 1382.1	   18.2	
  163	  16.30	  475.1	 1500.9	  179.2	 1413.6	 1597.5	    0.0	  200.0	    0.0	 1500.0	    0.0	  200.0	  100.0	   59.0	    0.0	    0.0	    0.0	    5.9	   10.5	  1	 1250.0	 2350.0	   59.0	    0.0	    5.9	1	  351.9	 21	 1352.5	  -47.5	
  164	  16.40	  475.1	 1500.9	   93.8	 1413.6	 1597.5	    0.0	  200.0	    0.0	 1500.0	    0.0	  200.0	  100.0	   58.6	    0.0	    0.0	    0.0	    6.0	   10.6	  1	 1250.0	  850.0	   58.6	    0.0	    6.0	1	  338.9	 21	 1384.9	   18.5	
  165	  16.50	  475.1	 1500.9	 -104.8	 1413.6	 1597.5	    0.0	  200.0	    0.0	 1500.0	    0.0	  200.0	  100.0	   58.2	    0.0	    0.0	    0.0	    6.2	   10.7	  1	 1250.0	  850.0	   58.2	    0.0	    6.2	1	  339.2	 21	 1384.3	   18.4	
  166	  16.60	  475.1	 1500.9	  -34.9	 1413.6	 1597.5	    0.0	  200.0	    0.0	 1500.0	    0.0	  200.0	  100.0	   57.8	    0.0	    0.0	    0.0	    6.3	   10.7	  1	 1250.0	  850.0	   57.8	    0.0	    6.3	1	  339.5	 21	 1383.7	   18.4	
  167	  16.70	  475.1	 1500.9	  -14.2	 1413.6	 1597.5	    0.0	  200.0	    0.0	 1500.0	    0.0	  200.0	  100.0	   57.4	    0.0	    0.0	    0.0	    6.5	   10.8	  1	 1250.0	  850.0	   57.4	    0.0	    6.5	1	  339.7	 21	 1383.1	   18.3	
  168	  16.80	  475.1	 1500.9	  -13.7	 1413.6	 1597.5	    0.0	  200.0	    0.0	 1500.0	    0.0	  200.0	  100.0	   57.0	    0.0	    0.0	    0.0	    6.7	   10.9	  1	 1250.0	  850.0	   57.0	    0.0	    6.7	1	  340.0	 21	 1382.5	   18.3	
  169	  16.90	  475.1	 1500.9	  -13.8	 1413.6	 1597.5	    0.0	  200.0	    0.0	 1500.0	    0.0	  200.0	  100.0	   56.6	    0.0	    0.0	    0.0	    6.8	   10.9	  1	 1250.0	  850.0	   56.6	    0.0	    6.8	1	  340.3	 21	 1382.0	   18.2	
  170	  17.00	  475.1	 1500.9	  -13.8	 1413.6	 1597.5	    0.0	  200.0	    0.0	 1500.0	    0.0	  200.0	  100.0	   56.2	    0.0	    0.0	    0.0	    7.0	   11.0	  1	 1250.0	  850.0	   56.2	    0.0	    7.0	1	  340.5	 21	 1381.4	   18.1	
  171	  17.10	  475.1	 1500.9	  -13.9	 1413.6	 1597.5	    0.0	  200.0	    0.0	 1500.0	    0.0	  200.0	  100.0	   55.8	    0.0	    0.0	    0.0	    7.1	   11.1	  1	 1250.0	  850.0	   55.8	    0.0	    7.1	1	  340.8	 21	 1380.9	   18.1	
  172	  17.20	  475.1	 1500.9	  -14.0	 1413.6	 1597.5	    0.0	  200.0	    0.0	 1500.0	    0.0	  200.0	  100.0	   55.4	    0.0	    0.0	    0.0	    7.3	   11.1	  1	 1250.0	  850.0	   55.4	    0.0	    7.3	1	  341.1	 21	 1380.3	   18.0	
  173	  17.30	  475.1	 1500.9	  -14.1	 1467.8	 1408.1	    0.0	  200.0	    0.0	 1500.0	    0.0	  200.0	  100.0	   55.1	    0.0	    0.0	    0.0	    7.5	   11.2	  1	 1050.0	  750.0	   55.1	    0.0	    7.5	1	  375.2	 21	 1370.1	   17.0	
  174	  17.40	  475.1	 1500.9	  -17.7	 1467.8	 1408.1	    0.0	  200.0	    0.0	 1500.0	    0.0	  200.0	  100.0	   54.7	    0.0	    0.0	    0.0	    7.7	   11.3	  1	 1050.0	  750.0	   54.7	    0.0	    7.7	1	  352.6	 21	 1375.6	   17.6	
  175	  17.50	  475.1	 1500.9	    2.2	 1465.4	 1408.3	    0.0	  200.0	    0.0	 1500.0	    0.0	  200.0	  100.0	   54.3	    0.0	    0.0	    0.0	    7.8	   11.3	  1	 1050.0	  750.0	   54.3	    0.0	    7.8	1	  352.6	 21	 1375.3	   17.5	
  176	  17.60	  475.1	 1500.9	  103.9	 1465.4	 1408.3	    0.0	  200.0	    0.0	 1500.0	    0.0	  200.0	  100.0	   53.9	    0.0	    0.0	    0.0	    8.0	   11.4	  1	 1050.0	  750.0	   53.9	    0.0	    8.0	1	  352.9	 21	 1374.9	   17.5	
  177	  17.70	  475.1	 1500.9	  167.6	 1465.4	 1408.3	    0.0	  200.0	    0.0	 1500.0	    0.0	  200.0	  100.0	   53.5	    0.0	    0.0	    0.0	    8.2	   11.5	  1	 1050.0	  750.0	   53.5	    0.0	    8.2	1	  353.2	 21	 1374.4	   17.4	
  178	  17.80	  475.1	 1500.9	  167.6	 1465.4	 1408.3	    0.0	  200.0	    0.0	 1500.0	    0.0	  200.0	  100.0	   53.1	    0.0	    0.0	    0.0	    8.4	   11.6	  1	 1050.0	  750.0	   53.1	    0.0	    8.4	1	  353.5	 21	 1374.0	   17.4	
  179	  17.90	  475.1	 1500.9	  167.6	 1465.4	 1408.3	    0.0	  200.0	    0.0	 1500.0	    0.0	  200.0	  100.0	   52.8	    0.0	    0.0	    0.0	    8.6	   11.6	  1	 1050.0	  750.0	   52.8	    0.0	    8.6	1	  353.8	 21	 1373.6	   17.4	
  180	  18.00	  475.1	 1500.9	  167.6	 1465.4	 1408.3	    0.0	  200.0	    0.0	 1500.0	    0.0	  200.0	  100.0	   52.4	    0.0	    0.0	    0.0	    8.8	   11.7	  1	 1050.0	  750.0	   52.4	    0.0	    8.8	1	  354.1	 21	 1373.2	   17.3	
  181	  18.10	  475.1	 1500.9	  167.7	 1465.4	 1408.3	    0.0	  200.0	    0.0	 1500.0	    0.0	  200.0	  100.0	   52.0	    0.0	    0.0	    0.0	    8.9	   11.8	  1	 1050.0	  750.0	   52.0	    0.0	    8.9	1	  354.4	 21	 1372.8	   17.3	
  182	  18.20	  475.1	 1500.9	  167.7	 1465.4	 1408.3	    0.0	  200.0	    0.0	 1500.0	    0.0	  200.0	  100.0	   51.6	    0.0	    0.0	    0.0	    9.1	   11.8	  1	 1050.0	  750.0	   51.6	    0.0	    9.1	1	  354.7	 21	 1372.4	   17.2	
  183	  18.30	  475.1	 1500.9	  167.7	 1465.4	 1408.3	    0.0	  200.0	    0.0	 1500.0	    0.0	  200.0	  100.0	   51.2	    0.0	    0.0	    0.0	    9.3	   11.9	  1	 1050.0	  750.0	   51.2	    0.0	    9.3	1	  354.9	 21	 1372.0	   17.2	
  184	  18.40	  475.1	 1500.9	  167.8	 1441.2	 1574.2	    0.0	  200.0	    0.0	 1500.0	    0.0	  200.0	  100.0	   53.4	    0.0	    0.0	    0.0	    9.5	   12.0	  1	 1050.0	 2250.0	   53.4	    0.0	    9.5	1	  367.6	 21	 1351.6	  -48.4	
  185	  18.50	  475.1	 1500.9	  122.3	 1441.2	 1574.2	    0.0	  200.0	    0.0	 1500.0	    0.0	  200.0	  100.0	   53.0	    0.0	    0.0	    0.0	    9.6	   12.0	  1	 1150.0	  850.0	   53.0	    0.0	    9.6	1	  350.3	 21	 1377.2	   17.7	
  186	  18.60	  475.1	 1500.9	 -164.4	 1441.2	 1574.2	    0.0	  200.0	    0.0	 1500.0	    0.0	  200.0	  100.0	   52.7	    0.0	    0.0	    0.0	    9.8	   12.1	  1	 1150.0	  850.0	   52.7	    0.0	    9.8	1	  350.6	 21	 1376.8	   17.7	
  187	  18.70	  475.1	 1500.9	 -164.3	 1441.2	 1574.2	    0.0	  200.0	    0.0	 1500.0	    0.0	  200.0	  100.0	   52.3	    0.0	    0.0	    0.0	   10.0	   12.2	  1	 1150.0	  850.0	   52.3	    0.0	   10.0	1	  350.9	 21	 1376.4	   17.6	
  188	  18.80	  475.1	 1500.9	 -164.1	 1441.2	 1574.2	    0.0	  200.0	    0.0	 1500.0	    0.0	  200.0	  100.0	   51.9	    0.0	    0.0	    0.0	   10.2	   12.2	  1	 1150.0	  850.0	   51.9	    0.0	   10.2	1	  351.2	 21	 1375.9	   17.6	
  189	  18.90	  475.1	 1500.9	 -164.0	 1441.2	 1574.2	    0.0	  200.0	    0.0	 1500.0	    0.0	  200.0	  100.0	   51.5	    0.0	    0.0	    0.0	   10.3	   12.3	  1	 1150.0	  850.0	   51.5	    0.0	   10.3	1	  351.4	 21	 1375.5	   17.5	
  190	  19.00	  475.1	 1500.9	 -163.7	 1441.2	 1574.2	    0.0	  200.0	    0.0	 1500.0	    0.0	  200.0	  100.0	   51.1	    0.0	    0.0	    0.0	   10.5	   12.4	  1	 1150.0	  850.0	   51.1	    0.0	   10.5	1	  351.7	 21	 1375.1	   17.5	
  191	  19.10	  475.1	 1500.9	 -163.4	 1441.2	 1574.2	    0.0	  200.0	    0.0	 1500.0	    0.0	  200.0	  100.0	   50.7	    0.0	    0.0	    0.0	   10.7	   12.4	  1	 1150.0	  850.0	   50.7	    0.0	   10.7	1	  352.0	 21	 1374.7	   17.5	
  192	  19.20	  475.1	 1500.9	 -163.1	 1441.2	 1574.2	    0.0	  200.0	    0.0	 1500.0	    0.0	  200.0	  100.0	   50.3	    0.0	    0.0	    0.0	   10.8	   12.5	  1	 1150.0	  850.0	   50.3	    0.0	   10.8	1	  352.2	 21	 1374.3	   17.4	
  193	  19.30	  475.1	 1500.9	 -162.6	 1441.2	 1574.2	    0.0	  200.0	    0.0	 1500.0	    0.0	  200.0	  100.0	   49.9	    0.0	    0.0	    0.0	   11.0	   12.6	  1	 1150.0	  850.0	   49.9	    0.0	   11.0	1	  352.5	 21	 1373.9	   17.4	
  194	  19.40	  475.1	 1500.9	 -161.9	 1441.2	 1574.2	    0.0	  200.0	    0.0	 1500.0	    0.0	  200.0	  100.0	   49.5	    0.0	    0.0	    0.0	   11.2	   12.6	  1	 1150.0	  850.0	   49.5	    0.0	   11.2	1	  352.8	 21	 1373.5	   17.3	
  195	  19.50	  475.1	 1500.9	 -161.1	 1441.2	 1574.2	    0.0	  200.0	    0.0	 1500.0	    0.0	  200.0	  100.0	   49.2	    0.0	    0.0	    0.0	   11.3	   12.7	  1	 1150.0	  850.0	   49.2	    0.0	   11.3	1	  353.0	 21	 1373.1	   17.3	
  196	  19.60	  475.1	 1500.9	 -160.1	 1441.2	 1574.2	    0.0	  200.0	    0.0	 1500.0	    0.0	  200.0	  100.0	   48.8	    0.0	    0.0	    0.0	   11.5	   12.8	  1	 1150.0	  850.0	   48.8	    0.0	   11.5	1	  353.3	 21	 1372.7	   17.3	
  197	  19.70	  475.1	 1500.9	 -158.8	 1441.2	 1574.2	    0.0	  200.0	    0.0	 1500.0	    0.0	  200.0	  100.0	   48.4	    0.0	    0.0	    0.0	   11.7	   12.8	  1	 1150.0	  850.0	   48.4	    0.0	   11.7	1	  353.6	 21	 1372.4	   17.2	
  198	  19.80	  475.1	 1500.9	 -157.2	 1441.2	 1574.2	    0.0	  200.0	    0.0	 1500.0	    0.0	  200.0	  100.0	   48.0	    0.0	    0.0	    0.0	   11.9	   12.9	  1	 1150.0	  850.0	   48.0	    0.0	   11.9	1	  353.8	 21	 1372.0	   17.2	
  199	  19.90	  475.1	 1500.9	 -155.3	 1441.2	 1574.2	    0.0	  200.0	    0.0	 1500.0	    0.0	  200.0	  100.0	   47.6	    0.0	    0.0	    0.0	   12.0	   13.0	  1	 1150.0	  850.0	   47.6	    0.0	   12.0	1	  354.1	 21	 1371.7	   17.2	
  200	  20.00	  475.1	 1500.9	 -152.8	 1441.2	 1574.2	    0.0	  200.0	    0.0	 1500.0	    0.0	  200.0	  100.0	   47.2	    0.0	    0.0	    0.0	   12.2	   13.0	  1	 1150.0	  850.0	   47.2	    0.0	   12.2	1	  354.4	 21	 1371.3	   17.1	
  201	  20.10	  475.1	 1500.9	 -150.0	 1441.2	 1574.2	    0.0	  200.0	    0.0	 1500.0	    0.0	  200.0	  100.0	   46.8	    0.0	    0.0	    0.0	   12.4	   13.1	  1	 1150.0	  850.0	   46.8	    0.0	   12.4	1	  354.6	 21	 1371.0	   17.1	
  202	  20.20	  475.1	 1500.9	 -146.7	 1441.2	 1574.2	    0.0	  200.0	    0.0	 1500.0	    0.0	  200.0	  100.0	   46.4	    0.0	    0.0	    0.0	   12.5	   13.2	  1	 1150.0	  850.0	   46.4	    0.0	   12.5	1	  354.9	 21	 1370.7	   17.1	
  203	  20.30	  475.1	 1500.9	 -143.0	 1441.2	 1574.2	    0.0	  200.0	    0.0	 1500.0	    0.0	  200.0	  100.0	   46.0	    0.0	    0.0	    0.0	   12.7	   13.2	  1	 1150.0	  850.0	   46.0	    0.0	   12.7	1	  355.2	 21	 1370.4	   17.0	
  204	  20.40	  475.1	 1500.9	 -138.9	 1441.2	 1574.2	    0.0	  200.0	    0.0	 1500.0	    0.0	  200.0	  100.0	   45.7	    0.0	    0.0	    0.0	   12.9	   13.3	  1	 1150.0	  850.0	   45.7	    0.0	   12.9	1	  355.4	 21	 1370.1	   17.0	
  205	  20.50	  475.1	 1500.9	 -134.6	 1441.2	 1574.2	    0.0	  200.0	    0.0	 1500.0	    0.0	  200.0	  100.0	   45.3	    0.0	    0.0	    0.0	   13.1	   13.4	  1	 1150.0	  850.0	   45.3	    0.0	   13.1	1	  355.7	 21	 1369.8	   17.0	
  206	  20.60	  475.1	 1500.9	 -130.3	 1441.2	 1574.2	    0.0	  200.0	    0.0	 1500.0	    0.0	  200.0	  100.0	   44.9	    0.0	    0.0	    0.0	   13.2	   13.4	  1	 1150.0	  850.0	   44.9	    0.0	   13.2	1	  356.0	 21	 1369.5	   17.0	
  207	  20.70	  475.1	 1500.9	 -126.1	 1441.2	 1574.2	    0.0	  200.0	    0.0	 1500.0	    0.0	  200.0	  100.0	   44.5	    0.0	    0.0	    0.0	   13.4	   13.5	  1	 1150.0	  850.0	   44.5	    0.0	   13.4	1	  356.2	 21	 1369.2	   16.9	
  208	  20.80	  475.1	 1500.9	 -122.4	 1441.2	 1574.2	    0.0	  200.0	    0.0	 1500.0	    0.0	  200.0	  100.0	   44.1	    0.0	    0.0	    0.0	   13.6	   13.6	  1	 1150.0	  850.0	   44.1	    0.0	   13.6	1	  356.5	 21	 1369.0	   16.9	
  209	  20.90	  475.1	 1500.9	 -118.9	 1441.2	 1574.2	    0.0	  200.0	    0.0	 1500.0	    0.0	  200.0	  100.0	   43.7	    0.0	    0.0	    0.0	   13.7	   13.7	  1	 1150.0	  850.0	   43.7	    0.0	   13.7	1	  356.8	 21	 1368.7	   16.9	
  210	  21.00	  475.1	 1500.9	 -116.0	 1441.2	 1574.2	    0.0	  200.0	    0.0	 1500.0	    0.0	  200.0	  100.0	   43.3	    0.0	    0.0	    0.0	   13.9	   13.7	  1	 1150.0	  850.0	   43.3	    0.0	   13.9	1	  357.1	 21	 1368.5	   16.8	
  211	  21.10	  475.1	 1500.9	 -113.5	 1441.2	 1574.2	    0.0	  200.0	    0.0	 1500.0	    0.0	  200.0	  100.0	   42.9	    0.0	    0.0	    0.0	   14.1	   13.8	  1	 1150.0	  850.0	   42.9	    0.0	   14.1	1	  357.3	 21	 1368.2	   16.8	
  212	  21.20	  475.1	 1500.9	  -34.1	 1101.9	 1643.4	    0.0	  200.0	    0.0	 1500.0	    0.0	  200.0	  100.0	   42.4	    0.0	    0.0	    0.0	   14.1	   13.9	  1	  850.0	 2450.0	   42.4	    0.0	   14.1	1	  262.4	 21	 1385.6	   18.6	
  213	  21.30	  475.1	 1500.9	  -28.3	 1101.9	 1643.4	    0.0	  200.0	    0.0	 1500.0	    0.0	  200.0	  100.0	   42.0	    0.0	    0.0	    0.0	   14.2	   13.9	  1	 1450.0	  950.0	   42.0	    0.0	   14.2	1	  291.4	 21	 1378.3	   17.8	
  214	  21.40	  475.1	 1500.9	  -38.9	 1101.9	 1643.4	    0.0	  200.0	    0.0	 1500.0	    0.0	  200.0	  100.0	   41.5	    0.0	    0.0	    0.0	   14.2	   14.0	  1	 1450.0	  950.0	   41.5	    0.0	   14.2	1	  291.5	 21	 1377.7	   17.8	
  215	  21.50	  475.1	 1500.9	  -40.0	 1101.9	 1643.4	    0.0	  200.0	    0.0	 1500.0	    0.0	  200.0	  100.0	   41.1	    0.0	    0.0	    0.0	   14.3	   14.1	  1	 1450.0	  950.0	   41.1	    0.0	   14.3	1	  291.7	 21	 1377.1	   17.7	
  216	  21.60	  475.1	 1500.9	  -40.4	 1101.9	 1643.4	    0.0	  200.0	    0.0	 1500.0	    0.0	  200.0	  100.0	   40.6	    0.0	    0.0	    0.0	   14.3	   14.1	  1	 1450.0	  950.0	   40.6	    0.0	   14.3	1	  291.8	 21	 1376.5	   17.7	
  217	  21.70	  475.1	 1500.9	  -40.5	 1101.9	 1643.4	    0.0	  200.0	    0.0	 1500.0	    0.0	  200.0	  100.0	   40.2	    0.0	    0.0	    0.0	   14.4	   14.2	  1	 1450.0	  950.0	   40.2	    0.0	   14.4	1	  292.0	 21	 1376.0	   17.6	
  218	  21.80	  475.1	 1500.9	  -40.6	 1101.9	 1643.4	    0.0	  200.0	    0.0	 1500.0	    0.0	  200.0	  100.0	   39.7	    0.0	    0.0	    0.0	   14.4	   14.3	  1	 1450.0	  950.0	   39.7	    0.0	   14.4	1	  292.1	 21	 1375.4	   17.5	
  219	  21.90	  475.1	 1500.9	  -40.8	 1101.9	 1643.4	    0.0	  200.0	    0.0	 1500.0	    0.0	  200.0	  100.0	   39.3	    0.0	    0.0	    0.0	   14.5	   14.3	  1	 1450.0	  950.0	   39.3	    0.0	   14.5	1	  292.3	 21	 1374.8	   17.5	
  220	  22.00	  475.1	 1500.9	  -41.0	 1101.9	 1643.4	    0.0	  200.0	    0.0	 1500.0	    0.0	  200.0	  100.0	   38.8	    0.0	    0.0	    0.0	   14.5	   14.4	  1	 1450.0	  950.0	   38.8	    0.0	   14.5	1	  292.4	 21	 1374.3	   17.4	
  221	  22.10	  475.1	 1500.9	  -41.4	 1101.9	 1643.4	    0.0	  200.0	    0.0	 1500.0	    0.0	  200.0	  100.0	   38.4	    0.0	    0.0	    0.0	   14.6	   14.5	  1	 1450.0	  950.0	   38.4	    0.0	   14.6	1	  292.6	 21	 1373.7	   17.4	
  222	  22.20	  475.1	 1500.9	  -42.0	 1101.9	 1643.4	    0.0	  200.0	    0.0	 1500.0	    0.0	  200.0	  100.0	   37.9	    0.0	    0.0	    0.0	   14.6	   14.5	  1	 1450.0	  950.0	   37.9	    0.0	   14.6	1	  292.7	 21	 1373.2	   17.3	
  223	  22.30	  475.1	 1500.9	  -43.4	 1101.9	 1643.4	    0.0	  200.0	    0.0	 1500.0	    0.0	  200.0	  100.0	   37.5	    0.0	    0.0	    0.0	   14.7	   14.6	  1	 1450.0	  950.0	   37.5	    0.0	   14.7	1	  292.8	 21	 1372.7	   17.3	
  224	  22.40	  475.1	 1500.9	  -49.3	 1101.9	 1643.4	    0.0	  200.0	    0.0	 1500.0	    0.0	  200.0	  100.0	   37.0	    0.0	    0.0	    0.0	   14.7	   14.7	  1	 1450.0	  950.0	   37.0	    0.0	   14.7	1	  293.0	 21	 1372.2	   17.2	
  225	  22.50	  475.1	 1500.9	  166.6	 1101.9	 1643.4	    0.0	  200.0	    0.0	 1500.0	    0.0	  200.0	  100.0	   36.6	    0.0	    0.0	    0.0	   14.7	   14.7	  1	 1450.0	  950.0	   36.6	    0.0	   14.7	1	  293.1	 21	 1371.7	   17.2	
  226	  22.60	  475.1	 1500.9	  150.4	 1101.9	 1643.4	    0.0	  200.0	    0.0	 1500.0	    0.0	  200.0	  100.0	   36.1	    0.0	    0.0	    0.0	   14.8	   14.8	  1	 1450.0	  950.0	   36.1	    0.0	   14.8	1	  293.3	 21	 1371.2	   17.1	
  227	  22.70	  475.1	 1500.9	  150.4	 1101.9	 1643.4	    0.0	  200.0	    0.0	 1500.0	    0.0	  200.0	  100.0	   35.7	    0.0	    0.0	    0.0	   14.8	   14.9	  1	 1450.0	  950.0	   35.7	    0.0	   14.8	1	  293.4	 21	 1370.7	   17.1	
  228	  22.80	  475.1	 1500.9	  150.5	 1101.9	 1643.4	    0.0	  200.0	    0.0	 1500.0	    0.0	  200.0	  100.0	   35.2	    0.0	    0.0	    0.0	   14.9	   14.9	  1	 1450.0	  950.0	   35.2	    0.0	   14.9	1	  293.6	 21	 1370.3	   17.0	
  229	  22.90	  475.1	 1500.9	  150.5	 1101.9	 1643.4	    0.0	  200.0	    0.0	 1500.0	    0.0	  200.0	  100.0	   34.8	    0.0	    0.0	    0.0	   14.9	   15.0	  1	 1450.0	  950.0	   34.8	    0.0	   14.9	1	  293.7	 21	 1369.8	   17.0	
  230	  23.00	  475.1	 1500.9	  150.5	 1101.9	 1643.4	    0.0	  200.0	    0.0	 1500.0	    0.0	  200.0	  100.0	   34.3	    0.0	    0.0	    0.0	   15.0	   15.1	  1	 1450.0	  950.0	   34.3	    0.0	   15.0	1	  293.9	 21	 1369.4	   16.9	
  231	  23.10	  475.1	 1500.9	  150.6	 1101.9	 1643.4	    0.0	  200.0	    0.0	 1500.0	    0.0	  200.0	  100.0	   33.9	    0.0	    0.0	    0.0	   15.0	   15.1	  1	 1450.0	  950.0	   33.9	    0.0	   15.0	1	  294.0	 21	 1369.0	   16.9	
  232	  23.20	  475.1	 1500.9	  150.6	 1101.9	 1643.4	    0.0	  200.0	    0.0	 1500.0	    0.0	  200.0	  100.0	   33.4	    0.0	    0.0	    0.0	   15.1	   15.2	  1	 1450.0	  950.0	   33.4	    0.0	   15.1	1	  294.2	 21	 1368.6	   16.9	
  233	  23.30	  475.1	 1500.9	  150.7	 1101.9	 1643.4	    0.0	  200.0	    0.0	 1500.0	    0.0	  200.0	  100.0	   33.0	    0.0	    0.0	    0.0	   15.1	   15.3	  1	 1450.0	  950.0	   33.0	    0.0	   15.1	1	  294.3	 21	 1368.2	   16.8	
  234	  23.40	  475.1	 1500.9	  150.8	 1101.9	 1643.4	    0.0	  200.0	    0.0	 1500.0	    0.0	  200.0	  100.0	   32.5	    0.0	    0.0	    0.0	   15.2	   15.3	  1	 1450.0	  950.0	   32.5	    0.0	   15.2	1	  294.4	 21	 1367.8	   16.8	
  235	  23.50	  475.1	 1500.9	  150.9	 1101.9	 1643.4	    0.0	  200.0	    0.0	 1500.0	    0.0	  200.0	  100.0	   32.1	    0.0	    0.0	    0.0	   15.2	   15.4	  1	 1450.0	  950.0	   32.1	    0.0	   15.2	1	  294.6	 21	 1367.5	   16.7	
  236	  23.60	  475.1	 1500.9	  151.0	 1101.9	 1643.4	    0.0	  200.0	    0.0	 1500.0	    0.0	  200.0	  100.0	   31.7	    0.0	    0.0	    0.0	   15.3	   15.5	  1	 1450.0	  950.0	   31.7	    0.0	   15.3	1	  294.7	 21	 1367.1	   16.7	
  237	  23.70	  475.1	 1500.9	  151.2	 1101.9	 1643.4	    0.0	  200.0	    0.0	 1500.0	    0.0	  200.0	  100.0	   31.2	    0.0	    0.0	    0.0	   15.3	   15.5	  1	 1450.0	  950.0	   31.2	    0.0	   15.3	1	  294.9	 21	 1366.8	   16.7	
  238	  23.80	  475.1	 1500.9	  151.4	 1101.9	 1643.4	    0.0	  200.0	    0.0	 1500.0	    0.0	  200.0	  100.0	   30.8	    0.0	    0.0	    0.0	   15.4	   15.6	  1	 1450.0	  950.0	   30.8	    0.0	   15.4	1	  295.0	 21	 1366.5	   16.6	
  239	  23.90	  475.1	 1500.9	  151.7	 1101.9	 1643.4	    0.0	  200.0	    0.0	 1500.0	    0.0	  200.0	  100.0	   30.3	    0.0	    0.0	    0.0	   15.4	   15.7	  1	 1450.0	  950.0	   30.3	    0.0	   15.4	1	  295.2	 21	 1366.2	   16.6	
  240	  24.00	  475.1	 1500.9	  152.1	 1101.9	 1643.4	    0.0	  200.0	    0.0	 1500.0	    0.0	  200.0	  100.0	   29.9	    0.0	    0.0	    0.0	   15.5	   15.8	  1	 1450.0	  950.0	   29.9	    0.0	   15.5	1	  295.3	 21	 1365.9	   16.6	
  241	  24.10	  475.1	 1500.9	  152.6	 1101.9	 1643.4	    0.0	  200.0	    0.0	 1500.0	    0.0	  200.0	  100.0	   29.4	    0.0	    0.0	    0.0	   15.5	   15.8	  1	 1450.0	  950.0	   29.4	    0.0	   15.5	1	  295.5	 21	 1365.7	   16.6	
  242	  24.20	  475.1	 1500.9	  153.3	 1101.9	 1643.4	    0.0	  200.0	    0.0	 1500.0	    0.0	  200.0	  100.0	   29.0	    0.0	    0.0	    0.0	   15.6	   15.9	  1	 1450.0	  950.0	   29.0	    0.0	   15.6	1	  295.6	 21	 1365.4	   16.5	
  243	  24.30	  475.1	 1500.9	  154.1	 1101.9	 1643.4	    0.0	  200.0	    0.0	 1500.0	    0.0	  200.0	  100.0	   28.5	    0.0	    0.0	    0.0	   15.6	   16.0	  1	 1450.0	  950.0	   28.5	    0.0	   15.6	1	  295.8	 21	 1365.2	   16.5	
  244	  24.40	  475.1	 1500.9	  155.2	 1101.9	 1643.4	    0.0	  200.0	    0.0	 1500.0	    0.0	  200.0	  100.0	   28.1	    0.0	    0.0	    0.0	   15.7	   16.0	  1	 1450.0	  950.0	   28.1	    0.0	   15.7	1	  295.9	 21	 1365.0	   16.5	
  245	  24.50	  475.1	 1500.9	  156.7	 1101.9	 1643.4	    0.0	  200.0	    0.0	 1500.0	    0.0	  200.0	  100.0	   27.6	    0.0	    0.0	    0.0	   15.7	   16.1	  1	 1450.0	  950.0	   27.6	    0.0	   15.7	1	  296.1	 21	 1364.8	   16.5	
  246	  24.60	  475.1	 1500.9	  158.4	 1124.8	 1567.8	    0.0	  200.0	    0.0	 1500.0	    0.0	  200.0	  100.0	   27.2	    0.0	    0.0	    0.0	   15.8	   16.2	  1	 1350.0	  850.0	   27.2	    0.0	   15.8	1	  291.9	 21	 1364.0	   16.4	
  247	  24.70	  475.1	 1500.9	 -133.8	 1124.8	 1567.8	    0.0	  200.0	    0.0	 1500.0	    0.0	  200.0	  100.0	   26.7	    0.0	    0.0	    0.0	   15.8	   16.2	  1	 1350.0	  850.0	   26.7	    0.0	   15.8	1	  288.3	 21	 1364.3	   16.4	
  248	  24.80	  475.1	 1500.9	 -140.0	 1124.8	 1567.8	    0.0	  200.0	    0.0	 1500.0	    0.0	  200.0	  100.0	   26.3	    0.0	    0.0	    0.0	   15.9	   16.3	  1	 1350.0	  850.0	   26.3	    0.0	   15.9	1	  288.4	 21	 1364.2	   16.4	
  249	  24.90	  475.1	 1500.9	 -139.6	 1124.8	 1567.8	    0.0	  200.0	    0.0	 1500.0	    0.0	  200.0	  100.0	   25.8	    0.0	    0.0	    0.0	   15.9	   16.4	  1	 1350.0	  850.0	   25.8	    0.0	   15.9	1	  288.5	 21	 1364.1	   16.4	
  250	  25.00	  475.1	 1500.9	 -139.1	 1124.8	 1567.8	    0.0	  200.0	    0.0	 1500.0	    0.0	  200.0	  100.0	   25.4	    0.0	    0.0	    0.0	   16.0	   16.4	  1	 1350.0	  850.0	   25.4	    0.0	   16.0	1	  288.7	 21	 1364.0	   16.4	
  251	  25.10	  475.1	 1500.9	 -138.5	 1124.8	 1567.8	    0.0	  200.0	    0.0	 1500.0	    0.0	  200.0	  100.0	   24.9	    0.0	    0.0	    0.0	   16.0	   16.5	  1	 1350.0	  850.0	   24.9	    0.0	   16.0	1	  288.8	 21	 1364.0	   16.4	
  252	  25.20	  475.1	 1500.9	 -137.7	 1124.8	 1567.8	    0.0	  200.0	    0.0	 1500.0	    0.0	  200.0	  100.0	   24.5	    0.0	    0.0	    0.0	   16.1	   16.6	  1	 1350.0	  850.0	   24.5	    0.0	   16.1	1	  288.9	 21	 1364.0	   16.4	
  253	  25.30	  475.1	 1500.9	 -136.9	 1094.5	 1584.0	    0.0	  200.0	    0.0	 1500.0	    0.0	  200.0	  100.0	   24.0	    0.0	    0.0	    0.0	   16.1	   16.6	  1	 1250.0	  850.0	   24.0	    0.0	   16.1	1	  286.1	 21	 1364.3	   16.4	
  254	  25.40	  475.1	 1500.9	 -124.7	 1094.5	 1584.0	    0.0	  200.0	    0.0	 1500.0	    0.0	  200.0	  100.0	   23.6	    0.0	    0.0	    0.0	   16.2	   16.7	  1	 1250.0	  850.0	   23.6	    0.0	   16.2	1	  286.2	 21	 1364.3	   16.4	
  255	  25.50	  475.1	 1500.9	  -46.4	 1094.5	 1584.0	    0.0	  200.0	    0.0	 1500.0	    0.0	  200.0	  100.0	   23.1	    0.0	    0.0	    0.0	   16.2	   16.8	  1	 1250.0	  850.0	   23.1	    0.0	   16.2	1	  286.4	 21	 1364.4	   16.4	
  256	  25.60	  475.1	 1500.9	  -36.2	 1094.5	 1584.0	    0.0	  200.0	    0.0	 1500.0	    0.0	  200.0	  100.0	   22.7	    0.0	    0.0	    0.0	   16.2	   16.8	  1	 1250.0	  850.0	   22.7	    0.0	   16.2	1	  286.5	 21	 1364.4	   16.4	
  257	  25.70	  475.1	 1500.9	  -36.1	 1094.5	 1584.0	    0.0	  200.0	    0.0	 1500.0	    0.0	  200.0	  100.0	   22.2	    0.0	    0.0	    0.0	   16.3	   16.9	  1	 1250.0	  850.0	   22.2	    0.0	   16.3	1	  286.6	 21	 1364.5	   16.5	
  258	  25.80	  475.1	 1500.9	  -36.1	 1094.5	 1584.0	    0.0	  200.0	    0.0	 1500.0	    0.0	  200.0	  100.0	   21.8	    0.0	    0.0	    0.0	   16.3	   17.0	  1	 1250.0	  850.0	   21.8	    0.0	   16.3	1	  286.7	 21	 1364.6	   16.5	
  259	  25.90	  475.1	 1500.9	  -36.2	 1094.5	 1584.0	    0.0	  200.0	    0.0	 1500.0	    0.0	  200.0	  100.0	   21.3	    0.0	    0.0	    0.0	   16.4	   17.0	  1	 1250.0	  850.0	   21.3	    0.0	   16.4	1	  286.9	 21	 1364.8	   16.5	
  260	  26.00	  475.1	 1500.9	  -36.3	 1094.5	 1584.0	    0.0	  200.0	    0.0	 1500.0	    0.0	  200.0	  100.0	   20.9	    0.0	    0.0	    0.0	   16.4	   17.1	  1	 1250.0	  850.0	   20.9	    0.0	   16.4	1	  287.0	 21	 1364.9	   16.5	
  261	  26.10	  475.1	 1500.9	  -36.4	 1238.4	 1674.5	    0.0	  200.0	    0.0	 1500.0	    0.0	  200.0	  100.0	   24.9	    0.0	    0.0	    0.0	   16.5	   17.2	  1	 1450.0	  950.0	   24.9	    0.0	   16.5	1	  331.1	 21	 1378.6	  -21.4	
  262	  26.20	  475.1	 1500.9	   29.6	 1238.4	 1674.5	    0.0	  200.0	    0.0	 1500.0	    0.0	  200.0	  100.0	   24.5	    0.0	    0.0	    0.0	   16.6	   17.2	  1	 1450.0	  950.0	   24.5	    0.0	   16.6	1	  327.2	 21	 1363.3	   16.3	
  263	  26.30	  475.1	 1500.9	  104.9	 1238.4	 1674.5	    0.0	  200.0	    0.0	 1500.0	    0.0	  200.0	  100.0	   24.1	    0.0	    0.0	    0.0	   16.7	   17.3	  1	 1450.0	  950.0	   24.1	    0.0	   16.7	1	  327.3	 21	 1363.5	   16.4	
  264	  26.40	  475.1	 1500.9	  145.3	 1238.4	 1674.5	    0.0	  200.0	    0.0	 1500.0	    0.0	  200.0	  100.0	   23.7	    0.0	    0.0	    0.0	   16.8	   17.4	  1	 1450.0	  950.0	   23.7	    0.0	   16.8	1	  327.5	 21	 1363.7	   16.4	
  265	  26.50	  475.1	 1500.9	  145.3	 1238.4	 1674.5	    0.0	  200.0	    0.0	 1500.0	    0.0	  200.0	  100.0	   23.2	    0.0	    0.0	    0.0	   16.9	   17.4	  1	 1450.0	  950.0	   23.2	    0.0	   16.9	1	  327.6	 21	 1363.9	   16.4	
  266	  26.60	  475.1	 1500.9	  145.4	 1238.4	 1674.5	    0.0	  200.0	    0.0	 1500.0	    0.0	  200.0	  100.0	   22.8	    0.0	    0.0	    0.0	   17.0	   17.5	  1	 1450.0	  950.0	   22.8	    0.0	   17.0	1	  327.8	 21	 1364.1	   16.4	
  267	  26.70	  475.1	 1500.9	  145.4	 1238.4	 1674.5	    0.0	  200.0	    0.0	 1500.0	    0.0	  200.0	  100.0	   22.4	    0.0	    0.0	    0.0	   17.1	   17.6	  1	 1450.0	  950.0	   22.4	    0.0	   17.1	1	  327.9	 21	 1364.4	   16.4	
  268	  26.80	  475.1	 1500.9	  145.4	 1296.4	 1714.4	    0.0	  200.0	    0.0	 1500.0	    0.0	  200.0	  100.0	   23.9	    0.0	    0.0	    0.0	   17.2	   17.6	  1	 1350.0	  950.0	   23.9	    0.0	   17.2	1	  341.0	 21	    0.0	    1.3	
  269	  26.90	  475.1	 1500.9	  139.6	 1296.4	 1714.4	    0.0	  200.0	    0.0	 1500.0	    0.0	  200.0	  100.0	   23.5	    0.0	    0.0	    0.0	   17.3	   17.7	  1	 1350.0	  950.0	   23.5	    0.0	   17.3	1	  339.8	 21	 1363.9	   16.4	
  270	  27.00	  475.1	 1500.9	  139.3	 1296.4	 1714.4	    0.0	  200.0	    0.0	 1500.0	    0.0	  200.0	  100.0	   23.1	    0.0	    0.0	    0.0	   17.5	   17.8	  1	 1350.0	  950.0	   23.1	    0.0	   17.5	1	  340.0	 21	 1364.2	   16.4	
  271	  27.10	  475.1	 1500.9	  139.4	 1296.4	 1714.4	    0.0	  200.0	    0.0	 1500.0	    0.0	  200.0	  100.0	   22.7	    0.0	    0.0	    0.0	   17.6	   17.9	  1	 1350.0	  950.0	   22.7	    0.0	   17.6	1	  340.2	 21	 1364.5	   16.4	
  272	  27.20	  475.1	 1500.9	  139.5	 1296.4	 1714.4	    0.0	  200.0	    0.0	 1500.0	    0.0	  200.0	  100.0	   22.3	    0.0	    0.0	    0.0	   17.7	   17.9	  1	 1350.0	  950.0	   22.3	    0.0	   17.7	1	  340.4	 21	 1364.8	   16.5	
  273	  27.30	  475.1	 1500.9	  139.6	 1296.4	 1714.4	    0.0	  200.0	    0.0	 1500.0	    0.0	  200.0	  100.0	   21.8	    0.0	    0.0	    0.0	   17.8	   18.0	  1	 1350.0	  950.0	   21.8	    0.0	   17.8	1	  340.6	 21	 1365.2	   16.5	
  274	  27.40	  475.1	 1500.9	  139.7	 1296.4	 1714.4	    0.0	  200.0	    0.0	 1500.0	    0.0	  200.0	  100.0	   21.4	    0.0	    0.0	    0.0	   17.9	   18.1	  1	 1350.0	  950.0	   21.4	    0.0	   17.9	1	  340.8	 21	 1365.6	   16.6	
  275	  27.50	  475.1	 1500.9	  139.9	 1296.4	 1714.4	    0.0	  200.0	    0.0	 1500.0	    0.0	  200.0	  100.0	   21.0	    0.0	    0.0	    0.0	   18.1	   18.1	  1	 1350.0	  950.0	   21.0	    0.0	   18.1	1	  341.0	 21	 1366.0	   16.6	
  276	  27.60	  475.1	 1500.9	  140.1	 1215.4	 1646.9	    0.0	  200.0	    0.0	 1500.0	    0.0	  200.0	  100.0	   20.6	    0.0	    0.0	    0.0	   18.2	   18.2	  1	 1550.0	  950.0	   20.6	    0.0	   18.2	1	  320.3	 21	 1368.3	   16.8	
  277	  27.70	  475.1	 1500.9	 -154.3	 1215.4	 1646.9	    0.0	  200.0	    0.0	 1500.0	    0.0	  200.0	  100.0	   20.1	    0.0	    0.0	    0.0	   18.2	   18.3	  1	 1550.0	  950.0	   20.1	    0.0	   18.2	1	  322.2	 21	 1367.8	   16.8	
  278	  27.80	  475.1	 1500.9	 -151.4	 1215.4	 1646.9	    0.0	  200.0	    0.0	 1500.0	    0.0	  200.0	  100.0	   19.7	    0.0	    0.0	    0.0	   18.3	   18.3	  1	 1550.0	  950.0	   19.7	    0.0	   18.3	1	  322.3	 21	 1368.2	   16.8	
  279	  27.90	  475.1	 1500.9	 -151.1	 1215.4	 1646.9	    0.0	  200.0	    0.0	 1500.0	    0.0	  200.0	  100.0	   19.3	    0.0	    0.0	    0.0	   18.4	   18.4	  1	 1550.0	  950.0	   19.3	    0.0	   18.4	1	  322.5	 21	 1368.7	   16.9	
  280	  28.00	  475.1	 1500.9	 -150.8	 1215.4	 1646.9	    0.0	  200.0	    0.0	 1500.0	    0.0	  200.0	  100.0	   18.8	    0.0	    0.0	    0.0	   18.5	   18.5	  1	 1550.0	  950.0	   18.8	    0.0	   18.5	1	  322.6	 21	 1369.1	   16.9	
  281	  28.10	  475.1	 1500.9	 -150.3	 1215.4	 1646.9	    0.0	  200.0	    0.0	 1500.0	    0.0	  200.0	  100.0	   18.4	    0.0	    0.0	    0.0	   18.6	   18.5	  1	 1550.0	  950.0	   18.4	    0.0	   18.6	1	  322.7	 21	 1369.6	   17.0	
  282	  28.20	  475.1	 1500.9	 -149.7	 1215.4	 1646.9	    0.0	  200.0	    0.0	 1500.0	    0.0	  200.0	  100.0	   18.0	    0.0	    0.0	    0.0	   18.7	   18.6	  1	 1550.0	  950.0	   18.0	    0.0	   18.7	1	  322.9	 21	 1370.2	   17.0	
  283	  28.30	  475.1	 1500.9	 -149.0	 1215.4	 1646.9	    0.0	  200.0	    0.0	 1500.0	    0.0	  200.0	  100.0	   17.5	    0.0	    0.0	    0.0	   18.8	   18.7	  1	 1550.0	  950.0	   17.5	    0.0	   18.8	1	  323.0	 21	 1370.7	   17.1	
  284	  28.40	  475.1	 1500.9	 -148.1	 1169.9	 1600.9	    0.0	  200.0	    0.0	 1500.0	    0.0	  200.0	  100.0	   17.1	    0.0	    0.0	    0.0	   18.8	   18.7	  1	 1250.0	  850.0	   17.1	    0.0	   18.8	1	  306.5	 21	 1372.1	   17.2	
  285	  28.50	  475.1	 1500.9	 -117.6	 1169.9	 1600.9	    0.0	  200.0	    0.0	 1500.0	    0.0	  200.0	  100.0	   16.7	    0.0	    0.0	    0.0	   18.9	   18.8	  1	 1250.0	  850.0	   16.7	    0.0	   18.9	1	  306.8	 21	 1372.3	   17.2	
  286	  28.60	  475.1	 1500.9	  -49.6	 1169.9	 1600.9	    0.0	  200.0	    0.0	 1500.0	    0.0	  200.0	  100.0	   16.2	    0.0	    0.0	    0.0	   19.0	   18.9	  1	 1250.0	  850.0	   16.2	    0.0	   19.0	1	  306.9	 21	 1373.0	   17.3	
  287	  28.70	  475.1	 1500.9	  -30.3	 1169.9	 1600.9	    0.0	  200.0	    0.0	 1500.0	    0.0	  200.0	  100.0	   15.8	    0.0	    0.0	    0.0	   19.0	   18.9	  1	 1550.0	  950.0	   15.8	    0.0	   19.0	1	  309.5	 21	 1373.6	   17.4	
  288	  28.80	  475.1	 1500.9	  -27.2	 1169.9	 1600.9	    0.0	  200.0	    0.0	 1500.0	    0.0	  200.0	  100.0	   15.3	    0.0	    0.0	    0.0	   19.1	   19.0	  1	 1550.0	  950.0	   15.3	    0.0	   19.1	1	  309.7	 21	 1374.4	   17.4	
  289	  28.90	  475.1	 1500.9	  -27.2	 1169.9	 1600.9	    0.0	  200.0	    0.0	 1500.0	    0.0	  200.0	  100.0	   14.9	    0.0	    0.0	    0.0	   19.2	   19.1	  1	 1550.0	  950.0	   14.9	    0.0	   19.2	1	  309.8	 21	 1375.1	   17.5	
  290	  29.00	  475.1	 1500.9	  -27.2	 1169.9	 1600.9	    0.0	  200.0	    0.0	 1500.0	    0.0	  200.0	  100.0	   14.5	    0.0	    0.0	    0.0	   19.2	   19.1	  1	 1550.0	  950.0	   14.5	    0.0	   19.2	1	  309.9	 21	 1375.9	   17.6	
  291	  29.10	  475.1	 1500.9	  -27.3	 1169.9	 1600.9	    0.0	  200.0	    0.0	 1500.0	    0.0	  200.0	  100.0	   14.0	    0.0	    0.0	    0.0	   19.3	   19.2	  1	 1550.0	  950.0	   14.0	    0.0	   19.3	1	  310.0	 21	 1376.8	   17.7	
  292	  29.20	  475.1	 1500.9	  -27.4	 1169.9	 1600.9	    0.0	  200.0	    0.0	 1500.0	    0.0	  200.0	  100.0	   13.6	    0.0	    0.0	    0.0	   19.4	   19.3	  1	 1550.0	  950.0	   13.6	    0.0	   19.4	1	  310.2	 21	 1377.7	   17.8	
  293	  29.30	  475.1	 1500.9	  -27.5	 1169.9	 1600.9	    0.0	  200.0	    0.0	 1500.0	    0.0	  200.0	  100.0	   13.1	    0.0	    0.0	    0.0	   19.4	   19.3	  1	 1550.0	  950.0	   13.1	    0.0	   19.4	1	  310.3	 21	 1378.6	   17.9	
  294	  29.40	  475.1	 1500.9	  -27.7	 1169.9	 1600.9	    0.0	  200.0	    0.0	 1500.0	    0.0	  200.0	  100.0	   12.7	    0.0	    0.0	    0.0	   19.5	   19.4	  1	 1550.0	  950.0	   12.7	    0.0	   19.5	1	  310.4	 21	 1379.6	   18.0	
  295	  29.50	  475.1	 1500.9	  -28.0	 1169.9	 1600.9	    0.0	  200.0	    0.0	 1500.0	    0.0	  200.0	  100.0	   12.3	    0.0	    0.0	    0.0	   19.6	   19.5	  1	 1550.0	  950.0	   12.3	    0.0	   19.6	1	  310.5	 21	 1380.7	   18.1	
  296	  29.60	  475.1	 1500.9	  -28.3	 1169.9	 1600.9	    0.0	  200.0	    0.0	 1500.0	    0.0	  200.0	  100.0	   11.8	    0.0	    0.0	    0.0	   19.6	   19.5	  1	 1550.0	  950.0	   11.8	    0.0	   19.6	1	  310.6	 21	 1381.8	   18.2	
  297	  29.70	  475.1	 1500.9	  -28.7	 1169.9	 1600.9	    0.0	  200.0	    0.0	 1500.0	    0.0	  200.0	  100.0	   11.4	    0.0	    0.0	    0.0	   19.7	   19.6	  1	 1550.0	  950.0	   11.4	    0.0	   19.7	1	  310.8	 21	 1382.9	   18.3	
  298	  29.80	  475.1	 1500.9	  -29.4	 1169.9	 1600.9	    0.0	  200.0	    0.0	 1500.0	    0.0	  200.0	  100.0	   10.9	    0.0	    0.0	    0.0	   19.8	   19.7	  1	 1550.0	  950.0	   10.9	    0.0	   19.8	1	  310.9	 21	 1384.1	   18.4	
  299	  29.90	  475.1	 1500.9	  -30.6	 1169.9	 1600.9	    0.0	  200.0	    0.0	 1500.0	    0.0	  200.0	  100.0	   10.5	    0.0	    0.0	    0.0	   19.8	   19.7	  1	 1550.0	  950.0	   10.5	    0.0	   19.8	1	  311.0	 21	 1385.4	   18.5	
  300	  30.00	  475.1	 1500.9	  -34.9	 1169.9	 1600.9	    0.0	  200.0	    0.0	 1500.0	    0.0	  200.0	  100.0	   10.1	    0.0	    0.0	    0.0	   19.9	   19.8	  1	 1550.0	  950.0	   10.1	    0.0	   19.9	1	  311.1	 21	 1386.8	   18.7	
  301	  30.10	  475.1	 1500.9	  157.6	 1169.9	 1600.9	    0.0	  200.0	    0.0	 1500.0	    0.0	  200.0	  100.0	    9.6	    0.0	    0.0	    0.0	   20.0	   19.9	  1	 1550.0	  950.0	    9.6	    0.0	   20.0	1	  311.3	 21	 1388.2	   18.8	
  302	  30.20	  475.1	 1500.9	  153.4	 1169.9	 1600.9	    0.0	  200.0	    0.0	 1500.0	    0.0	  200.0	  100.0	    9.2	    0.0	    0.0	    0.0	   20.0	   20.0	  1	 1550.0	  950.0	    9.2	    0.0	   20.0	1	  311.4	 21	 1389.6	   19.0	
  303	  30.30	  475.1	 1500.9	  153.4	 1169.9	 1600.9	    0.0	  200.0	    0.0	 1500.0	    0.0	  200.0	  100.0	    8.7	    0.0	    0.0	    0.0	   20.1	   20.0	  1	 1550.0	  950.0	    8.7	    0.0	   20.1	1	  311.5	 21	 1391.2	   19.1	
  304	  30.40	  475.1	 1500.9	  153.4	 1169.9	 1600.9	    0.0	  200.0	    0.0	 1500.0	    0.0	  200.0	  100.0	    8.3	    0.0	    0.0	    0.0	   20.2	   20.1	  1	 1550.0	  950.0	    8.3	    0.0	   20.2	1	  311.6	 21	 1392.8	   19.3	
  305	  30.50	  475.1	 1500.9	  153.4	 1169.9	 1600.9	    0.0	  200.0	    0.0	 1500.0	    0.0	  200.0	  100.0	    7.9	    0.0	    0.0	    0.0	   20.3	   20.2	  1	 1550.0	  950.0	    7.9	    0.0	   20.3	1	  311.7	 21	 1394.5	   19.4	
  306	  30.60	  475.1	 1500.9	  153.4	 1169.9	 1600.9	    0.0	  200.0	    0.0	 1500.0	    0.0	  200.0	  100.0	    7.4	    0.0	    0.0	    0.0	   20.3	   20.2	  1	 1550.0	  950.0	    7.4	    0.0	   20.3	1	  311.9	 21	 1396.2	   19.6	
  307	  30.70	  475.1	 1500.9	  153.5	 1169.9	 1600.9	    0.0	  200.0	    0.0	 1500.0	    0.0	  200.0	  100.0	    7.0	    0.0	    0.0	    0.0	   20.4	   20.3	  1	 1550.0	  950.0	    7.0	    0.0	   20.4	1	  312.0	 21	 1398.1	   19.8	
  308	  30.80	  475.1	 1500.9	  153.5	 1169.9	 1600.9	    0.0	  200.0	    0.0	 1500.0	    0.0	  200.0	  100.0	    6.5	    0.0	    0.0	    0.0	   20.5	   20.4	  1	 1550.0	  950.0	    6.5	    0.0	   20.5	1	  312.1	 21	 1400.0	   20.0	
  309	  30.90	  475.1	 1500.9	  153.6	 1169.9	 1600.9	    0.0	  200.0	    0.0	 1500.0	    0.0	  200.0	  100.0	    6.1	    0.0	    0.0	    0.0	   20.5	   20.4	  1	 1550.0	  950.0	    6.1	    0.0	   20.5	1	  312.2	 21	    0.0	    0.0	
  310	  31.00	  475.1	 1500.9	  153.6	 1169.9	 1600.9	    0.0	  200.0	    0.0	 1500.0	    0.0	  200.0	  100.0	    5.6	    0.0	    0.0	    0.0	   20.6	   20.5	  1	 1550.0	  950.0	    5.6	    0.0	   20.6	1	  312.4	 21	    0.0	    0.0	
  311	  31.10	  475.1	 1500.9	  153.7	 1169.9	 1600.9	    0.0	  200.0	    0.0	 1500.0	    0.0	  200.0	  100.0	    5.2	    0.0	    0.0	    0.0	   20.7	   20.6	  1	 1550.0	  950.0	    5.2	    0.0	   20.7	1	  312.5	 21	    0.0	    0.0	
  312	  31.20	  475.1	 1500.9	  153.8	 1169.9	 1600.9	    0.0	  200.0	    0.0	 1500.0	    0.0	  200.0	  100.0	    4.8	    0.0	    0.0	    0.0	   20.7	   20.6	  1	 1550.0	  950.0	    4.8	    0.0	   20.7	1	  312.6	 21	    0.0	    0.0	
  313	  31.30	  475.1	 1500.9	  154.0	 1169.9	 1600.9	    0.0	  200.0	    0.0	 1500.0	    0.0	  200.0	  100.0	    4.3	    0.0	    0.0	    0.0	   20.8	   20.7	  1	 1550.0	  950.0	    4.3	    0.0	   20.8	1	  312.7	 21	    0.0	    0.0	
  314	  31.40	  475.1	 1500.9	  154.2	 1169.9	 1600.9	    0.0	  200.0	    0.0	 1500.0	    0.0	  200.0	  100.0	    3.9	    0.0	    0.0	    0.0	   20.9	   20.8	  1	 1550.0	  950.0	    3.9	    0.0	   20.9	1	  312.9	 21	    0.0	    0.0	
  315	  31.50	  475.1	 1500.9	  154.5	 1169.9	 1600.9	    0.0	  200.0	    0.0	 1500.0	    0.0	  200.0	  100.0	    3.4	    0.0	    0.0	    0.0	   20.9	   20.8	  1	 1550.0	  950.0	    3.4	    0.0	   20.9	1	  313.0	 21	    0.0	    0.0	
  316	  31.60	  475.1	 1500.9	  154.8	 1315.9	 1156.4	    0.0	  200.0	    0.0	 1500.0	    0.0	  200.0	  100.0	    3.1	    0.0	    0.0	    0.0	   21.1	   20.9	  1	 1650.0	 1850.0	    3.1	    0.0	   21.1	1	  360.9	 21	    0.0	    0.0	
  317	  31.70	  475.1	 1500.9	   85.8	 1315.9	 1156.4	    0.0	  200.0	    0.0	 1500.0	    0.0	  200.0	  100.0	    2.7	    0.0	    0.0	    0.0	   21.2	   21.0	  1	 1650.0	 1850.0	    2.7	    0.0	   21.2	1	  361.0	 21	    0.0	    0.0	
  318	  31.80	  475.1	 1500.9	   40.4	 1315.9	 1156.4	    0.0	  200.0	    0.0	 1500.0	    0.0	  200.0	  100.0	    2.3	    0.0	    0.0	    0.0	   21.4	   21.0	  1	 1650.0	 1850.0	    2.3	    0.0	   21.4	1	  361.3	 21	    0.0	    0.0	
  319	  31.90	  475.1	 1500.9	   21.8	 1315.9	 1156.4	    0.0	  200.0	    0.0	 1500.0	    0.0	  200.0	  100.0	    1.9	    0.0	    0.0	    0.0	   21.5	   21.1	  1	 1650.0	 1850.0	    1.9	    0.0	   21.5	1	  361.6	 21	    0.0	    0.0	
  320	  32.00	  475.1	 1500.9	   19.0	 1315.9	 1156.4	    0.0	  200.0	    0.0	 1500.0	    0.0	  200.0	  100.0	    1.5	    0.0	    0.0	    0.0	   21.7	   21.2	  1	 1650.0	 1850.0	    1.5	    0.0	   21.7	1	  361.8	 21	    0.0	    0.0	
  321	  32.10	  475.1	 1500.9	   18.7	 1315.9	 1156.4	    0.0	  200.0	    0.0	 1500.0	    0.0	  200.0	  100.0	    1.1	    0.0	    0.0	    0.0	   21.8	   21.2	  1	 1650.0	 1850.0	    1.1	    0.0	   21.8	1	  362.1	 21	    0.0	    0.0	
  322	  32.20	  475.1	 1500.9	   18.6	 1315.9	 1156.4	    0.0	  200.0	    0.0	 1500.0	    0.0	  200.0	  100.0	    0.7	    0.0	    0.0	    0.0	   21.9	   21.3	  1	 1650.0	 1850.0	    0.7	    0.0	   21.9	1	  362.4	 21	    0.0	    0.0	
  323	  32.30	  475.1	 1500.9	   18.7	 1315.9	 1156.4	    0.0	  200.0	    0.0	 1500.0	    0.0	  200.0	  100.0	    0.3	    0.0	    0.0	    0.0	   22.1	   21.4	  1	 1650.0	 1850.0	    0.3	    0.0	   22.1	1	  362.7	 21	    0.0	    0.0	
  324	  32.40	  475.1	 1500.9	   18.7	 1315.9	 1156.4	    0.0	  200.0	    0.0	 1500.0	    0.0	  200.0	  100.0	    0.0	    0.0	    0.0	    0.0	   22.2	   21.4	  1	 1650.0	 1850.0	    0.0	    0.0	   22.2	1	  363.0	 21	    0.0	    0.0	
  325	  32.50	  475.1	 1500.9	   18.8	 1241.0	 1086.0	    0.0	  200.0	    0.0	 1500.0	    0.0	  200.0	  100.0	    0.0	    0.0	    0.0	    0.0	   22.4	   21.5	  1	 1750.0	 1650.0	    0.0	    0.0	   22.4	1	  361.4	 21	    0.0	    0.0	
  326	  32.60	  475.1	 1500.9	   14.5	 1241.0	 1086.0	    0.0	  200.0	    0.0	 1500.0	    0.0	  200.0	  100.0	    0.0	    0.0	    0.0	    0.0	   22.5	   21.6	  1	 1750.0	 1650.0	    0.0	    0.0	   22.5	1	  361.7	 21	    0.0	    0.0	
  327	  32.70	  475.1	 1500.9	   13.6	 1241.0	 1086.0	    0.0	  200.0	    0.0	 1500.0	    0.0	  200.0	  100.0	    0.0	    0.0	    0.0	    0.0	   22.6	   21.6	  1	 1750.0	 1650.0	    0.0	    0.0	   22.6	1	  362.1	 21	    0.0	    0.0	
  328	  32.80	  475.1	 1500.9	   13.5	 1241.0	 1086.0	    0.0	  200.0	    0.0	 1500.0	    0.0	  200.0	  100.0	    0.0	    0.0	    0.0	    0.0	   22.8	   21.7	  1	 1750.0	 1650.0	    0.0	    0.0	   22.8	1	  362.4	 21	    0.0	    0.0	
  329	  32.90	  475.1	 1500.9	   13.7	 1241.0	 1086.0	    0.0	  200.0	    0.0	 1500.0	    0.0	  200.0	  100.0	    0.0	    0.0	    0.0	    0.0	   22.9	   21.8	  1	 1750.0	 1650.0	    0.0	    0.0	   22.9	1	  362.8	 21	    0.0	    0.0	
  330	  33.00	  475.1	 1500.9	   14.0	 1241.0	 1086.0	    0.0	  200.0	    0.0	 1500.0	    0.0	  200.0	  100.0	    0.0	    0.0	    0.0	    0.0	   23.0	   21.8	  1	 1750.0	 1650.0	    0.0	    0.0	   23.0	1	  363.1	 21	    0.0	    0.0	
  331	  33.10	  475.1	 1500.9	   14.5	 1308.1	 1152.1	    0.0	  200.0	    0.0	 1500.0	    0.0	  200.0	  100.0	    1.7	    0.0	    0.0	    0.0	   23.2	   21.9	  1	 1650.0	 1850.0	    1.7	    0.0	   23.2	1	  365.2	 21	    0.0	    0.0	
  332	  33.20	  475.1	 1500.9	   32.6	 1308.1	 1152.1	    0.0	  200.0	    0.0	 1500.0	    0.0	  200.0	  100.0	    1.3	    0.0	    0.0	    0.0	   23.3	   22.0	  1	 1650.0	 1850.0	    1.3	    0.0	   23.3	1	  365.1	 21	    0.0	    0.0	
  333	  33.30	  475.1	 1500.9	 -175.8	 1308.1	 1152.1	    0.0	  200.0	    0.0	 1500.0	    0.0	  200.0	  100.0	    0.9	    0.0	    0.0	    0.0	   23.5	   22.1	  1	 1650.0	 1850.0	    0.9	    0.0	   23.5	1	  365.4	 21	    0.0	    0.0	
  334	  33.40	  475.1	 1500.9	 -169.4	 1308.1	 1152.1	    0.0	  200.0	    0.0	 1500.0	    0.0	  200.0	  100.0	    0.5	    0.0	    0.0	    0.0	   23.6	   22.1	  1	 1650.0	 1850.0	    0.5	    0.0	   23.6	1	  365.6	 21	    0.0	    0.0	
  335	  33.50	  475.1	 1500.9	 -169.4	 1308.1	 1152.1	    0.0	  200.0	    0.0	 1500.0	    0.0	  200.0	  100.0	    0.1	    0.0	    0.0	    0.0	   23.7	   22.2	  1	 1650.0	 1850.0	    0.1	    0.0	   23.7	1	  365.9	 21	    0.0	    0.0	
  336	  33.60	  475.1	 1500.9	 -169.5	 1308.1	 1152.1	    0.0	  200.0	    0.0	 1500.0	    0.0	  200.0	  100.0	    0.0	    0.0	    0.0	    0.0	   23.9	   22.3	  1	 1650.0	 1850.0	    0.0	    0.0	   23.9	1	  366.3	 21	    0.0	    0.0	
  337	  33.70	  475.1	 1500.9	 -169.5	 1308.1	 1152.1	    0.0	  200.0	    0.0	 1500.0	    0.0	  200.0	  100.0	    0.0	    0.0	    0.0	    0.0	   24.0	   22.3	  1	 1650.0	 1850.0	    0.0	    0.0	   24.0	1	  366.7	 21	    0.0	    0.0	
  338	  33.80	  475.1	 1500.9	 -169.5	 1308.1	 1152.1	    0.0	  200.0	    0.0	 1500.0	    0.0	  200.0	  100.0	    0.0	    0.0	    0.0	    0.0	   24.2	   22.4	  1	 1650.0	 1850.0	    0.0	    0.0	   24.2	1	  367.0	 21	    0.0	    0.0	
  339	  33.90	  475.1	 1500.9	 -169.5	 1308.1	 1152.1	    0.0	  200.0	    0.0	 1500.0	    0.0	  200.0	  100.0	    0.0	    0.0	    0.0	    0.0	   24.3	   22.5	  1	 1650.0	 1850.0	    0.0	    0.0	   24.3	1	  367.4	 21	    0.0	    0.0	
  340	  34.00	  475.1	 1500.9	 -169.6	 1308.1	 1152.1	    0.0	  200.0	    0.0	 1500.0	    0.0	  200.0	  100.0	    0.0	    0.0	    0.0	    0.0	   24.5	   22.5	  1	 1650.0	 1850.0	    0.0	    0.0	   24.5	1	  367.8	 21	    0.0	    0.0	
  341	  34.10	  475.1	 1500.9	 -169.6	 1308.1	 1152.1	    0.0	  200.0	    0.0	 1500.0	    0.0	  200.0	  100.0	    0.0	    0.0	    0.0	    0.0	   24.6	   22.6	  1	 1650.0	 1850.0	    0.0	    0.0	   24.6	1	  368.2	 21	    0.0	    0.0	
  342	  34.20	  475.1	 1500.9	 -169.7	 1308.1	 1152.1	    0.0	  200.0	    0.0	 1500.0	    0.0	  200.0	  100.0	    0.0	    0.0	    0.0	    0.0	   24.7	   22.7	  1	 1650.0	 1850.0	    0.0	    0.0	   24.7	1	  368.6	 21	    0.0	    0.0	
  343	  34.30	  475.1	 1500.9	 -169.8	 1308.1	 1152.1	    0.0	  200.0	    0.0	 1500.0	    0.0	  200.0	  100.0	    0.0	    0.0	    0.0	    0.0	   24.9	   22.7	  1	 1650.0	 1850.0	    0.0	    0.0	   24.9	1	  368.9	 21	    0.0	    0.0	
  344	  34.40	  475.1	 1500.9	 -169.9	 1308.1	 1152.1	    0.0	  200.0	    0.0	 1500.0	    0.0	  200.0	  100.0	    0.0	    0.0	    0.0	    0.0	   25.0	   22.8	  1	 1650.0	 1850.0	    0.0	    0.0	   25.0	1	  369.3	 21	    0.0	    0.0	
  345	  34.50	  475.1	 1500.9	 -170.1	 1308.1	 1152.1	    0.0	  200.0	    0.0	 1500.0	    0.0	  200.0	  100.0	    0.0	    0.0	    0.0	    0.0	   25.2	   22.9	  1	 1650.0	 1850.0	    0.0	    0.0	   25.2	1	  369.7	 21	    0.0	    0.0	
  346	  34.60	  475.1	 1500.9	 -170.2	 1248.0	 1024.8	    0.0	  200.0	    0.0	 1500.0	    0.0	  200.0	  100.0	    0.0	    0.0	    0.0	    0.0	   25.3	   22.9	  1	 1450.0	 1750.0	    0.0	    0.0	   25.3	1	  377.2	 21	    0.0	    0.0	
  347	  34.70	  475.1	 1500.9	 -164.4	 1248.0	 1024.8	    0.0	  200.0	    0.0	 1500.0	    0.0	  200.0	  100.0	    0.0	    0.0	    0.0	    0.0	   25.5	   23.0	  1	 1450.0	 1750.0	    0.0	    0.0	   25.5	1	  377.7	 21	    0.0	    0.0	
  348	  34.80	  475.1	 1500.9	 -164.7	 1248.0	 1024.8	    0.0	  200.0	    0.0	 1500.0	    0.0	  200.0	  100.0	    0.0	    0.0	    0.0	    0.0	   25.6	   23.1	  1	 1450.0	 1750.0	    0.0	    0.0	   25.6	1	  378.1	 21	    0.0	    0.0	
  349	  34.90	  475.1	 1500.9	 -165.0	 1248.0	 1024.8	    0.0	  200.0	    0.0	 1500.0	    0.0	  200.0	  100.0	    0.0	    0.0	    0.0	    0.0	   25.8	   23.1	  1	 1450.0	 1750.0	    0.0	    0.0	   25.8	1	  378.5	 21	    0.0	    0.0	
  350	  35.00	  475.1	 1500.9	 -165.5	 1248.0	 1024.8	    0.0	  200.0	    0.0	 1500.0	    0.0	  200.0	  100.0	    0.0	    0.0	    0.0	    0.0	   25.9	   23.2	  1	 1450.0	 1750.0	    0.0	    0.0	   25.9	1	  378.9	 21	    0.0	    0.0	
  351	  35.10	  475.1	 1500.9	 -166.0	 1248.0	 1024.8	    0.0	  200.0	    0.0	 1500.0	    0.0	  200.0	  100.0	    0.0	    0.0	    0.0	    0.0	   26.0	   23.3	  1	 1450.0	 1750.0	    0.0	    0.0	   26.0	1	  379.3	 21	    0.0	    0.0	
  352	  35.20	  475.1	 1500.9	 -166.8	 1248.0	 1024.8	    0.0	  200.0	    0.0	 1500.0	    0.0	  200.0	  100.0	    0.0	    0.0	    0.0	    0.0	   26.2	   23.3	  1	 1450.0	 1750.0	    0.0	    0.0	   26.2	1	  379.8	 21	    0.0	    0.0	
  353	  35.30	  475.1	 1500.9	 -167.8	 1248.0	 1024.8	    0.0	  200.0	    0.0	 1500.0	    0.0	  200.0	  100.0	    0.0	    0.0	    0.0	    0.0	   26.3	   23.4	  1	 1450.0	 1750.0	    0.0	    0.0	   26.3	1	  380.2	 21	    0.0	    0.0	
  354	  35.40	  475.1	 1500.9	 -169.0	 1248.0	 1024.8	    0.0	  200.0	    0.0	 1500.0	    0.0	  200.0	  100.0	    0.0	    0.0	    0.0	    0.0	   26.5	   23.5	  1	 1450.0	 1750.0	    0.0	    0.0	   26.5	1	  380.6	 21	    0.0	    0.0	
  355	  35.50	  475.1	 1500.9	 -170.7	 1241.1	 1066.8	    0.0	  200.0	    0.0	 1500.0	    0.0	  200.0	  100.0	    0.0	    0.0	    0.0	    0.0	   26.6	   23.5	  1	 1750.0	 1650.0	    0.0	    0.0	   26.6	1	  372.9	 21	    0.0	    0.0	
  356	  35.60	  475.1	 1500.9	 -114.7	 1241.1	 1066.8	    0.0	  200.0	    0.0	 1500.0	    0.0	  200.0	  100.0	    0.0	    0.0	    0.0	    0.0	   26.8	   23.6	  1	 1750.0	 1650.0	    0.0	    0.0	   26.8	1	  373.2	 21	    0.0	    0.0	
  357	  35.70	  475.1	 1500.9	 -115.6	 1241.1	 1066.8	    0.0	  200.0	    0.0	 1500.0	    0.0	  200.0	  100.0	    0.0	    0.0	    0.0	    0.0	   26.9	   23.7	  1	 1750.0	 1650.0	    0.0	    0.0	   26.9	1	  373.6	 21	    0.0	    0.0	
  358	  35.80	  475.1	 1500.9	 -116.9	 1241.1	 1066.8	    0.0	  200.0	    0.0	 1500.0	    0.0	  200.0	  100.0	    0.0	    0.0	    0.0	    0.0	   27.0	   23.7	  1	 1750.0	 1650.0	    0.0	    0.0	   27.0	1	  373.9	 21	    0.0	    0.0	
  359	  35.90	  475.1	 1500.9	 -118.6	 1241.1	 1066.8	    0.0	  200.0	    0.0	 1500.0	    0.0	  200.0	  100.0	    0.0	    0.0	    0.0	    0.0	   27.2	   23.8	  1	 1750.0	 1650.0	    0.0	    0.0	   27.2	1	  374.3	 21	    0.0	    0.0	
  360	  36.00	  475.1	 1500.9	 -121.1	 1241.1	 1066.8	    0.0	  200.0	    0.0	 1500.0	    0.0	  200.0	  100.0	    0.0	    0.0	    0.0	    0.0	   27.3	   23.9	  1	 1750.0	 1650.0	    0.0	    0.0	   27.3	1	  374.6	 21	    0.0	    0.0	
  361	  36.10	  475.1	 1500.9	 -124.6	 1241.1	 1066.8	    0.0	  200.0	    0.0	 1500.0	    0.0	  200.0	  100.0	    0.0	    0.0	    0.0	    0.0	   27.4	   23.9	  1	 1750.0	 1650.0	    0.0	    0.0	   27.4	1	  375.0	 21	    0.0	    0.0	
  362	  36.20	  475.1	 1500.9	 -129.9	 1241.1	 1066.8	    0.0	  200.0	    0.0	 1500.0	    0.0	  200.0	  100.0	    0.0	    0.0	    0.0	    0.0	   27.6	   24.0	  1	 1750.0	 1650.0	    0.0	    0.0	   27.6	1	  375.4	 21	    0.0	    0.0	
  363	  36.30	  475.1	 1500.9	 -138.2	 1241.1	 1066.8	    0.0	  200.0	    0.0	 1500.0	    0.0	  200.0	  100.0	    0.0	    0.0	    0.0	    0.0	   27.7	   24.1	  1	 1750.0	 1650.0	    0.0	    0.0	   27.7	1	  375.7	 21	    0.0	    0.0	
