    1	   5.79	    0.0	 1500.0	    0.0	    0.0	 1500.0	    0.0	  200.0	    0.0	 1500.0	    0.0	  200.0	  100.0	   99.7	    0.0	    0.0	    0.0	    0.0	    0.1	  1	 -750.0	 1550.0	   99.7	    0.0	    0.0	1	  521.5	 21	    0.0	    7.7	
    2	   5.89	    0.0	 1500.0	    0.0	    0.0	 1500.0	    0.0	  200.0	    0.0	 1500.0	    0.0	  200.0	  100.0	   99.2	    0.0	    0.0	    0.0	    0.0	    0.1	  1	 -750.0	 1550.0	   99.2	    0.0	    0.0	1	  396.2	 21	 1305.5	   10.5	
    3	   5.99	    0.0	 1500.0	    0.0	    0.0	 1500.0	    0.0	  200.0	    0.0	 1500.0	    0.0	  200.0	  100.0	   98.7	    0.0	    0.0	    0.0	    0.0	    0.2	  1	 -750.0	 1550.0	   98.7	    0.0	    0.0	1	  395.8	 21	 1305.2	   10.5	
    4	   6.09	    0.0	 1500.0	    0.0	    0.0	 1500.0	    0.0	  200.0	    0.0	 1500.0	    0.0	  200.0	  100.0	   98.2	    0.0	    0.0	    0.0	    0.0	    0.3	  1	 -750.0	 1550.0	   98.2	    0.0	    0.0	1	  395.3	 21	 1304.9	   10.5	
    5	   6.19	    0.0	 1500.0	    0.0	    0.0	 1500.0	    0.0	  200.0	    0.0	 1500.0	    0.0	  200.0	  100.0	   97.7	    0.0	    0.0	    0.0	    0.0	    0.3	  1	 -750.0	 1550.0	   97.7	    0.0	    0.0	1	  394.9	 21	 1304.6	   10.5	
    6	   6.29	    0.0	 1500.0	    0.0	    0.0	 1500.0	    0.0	  200.0	    0.0	 1500.0	    0.0	  200.0	  100.0	   97.2	    0.0	    0.0	    0.0	    0.0	    0.4	  1	 -750.0	 1550.0	   97.2	    0.0	    0.0	1	  394.4	 21	 1304.3	   10.4	
    7	   6.39	    0.0	 1500.0	    0.0	    0.0	 1500.0	    0.0	  200.0	    0.0	 1500.0	    0.0	  200.0	  100.0	   96.7	    0.0	    0.0	    0.0	    0.0	    0.5	  1	 -750.0	 1550.0	   96.7	    0.0	    0.0	1	  394.0	 21	 1304.1	   10.4	
    8	   6.49	    0.0	 1500.0	    0.0	    0.0	 1500.0	    0.0	  200.0	    0.0	 1500.0	    0.0	  200.0	  100.0	   96.2	    0.0	    0.0	    0.0	    0.0	    0.5	  1	 -750.0	 1550.0	   96.2	    0.0	    0.0	1	  393.5	 21	 1303.8	   10.4	
    9	   6.59	    0.0	 1500.0	    0.0	    0.0	 1500.0	    0.0	  200.0	    0.0	 1500.0	    0.0	  200.0	  100.0	   95.7	    0.0	    0.0	    0.0	    0.0	    0.6	  1	 -750.0	 1550.0	   95.7	    0.0	    0.0	1	  393.1	 21	 1303.5	   10.3	
   10	   6.69	    0.0	 1500.0	    0.0	    0.0	 1500.0	    0.0	  200.0	    0.0	 1500.0	    0.0	  200.0	  100.0	   95.2	    0.0	    0.0	    0.0	    0.0	    0.7	  1	 -750.0	 1550.0	   95.2	    0.0	    0.0	1	  392.6	 21	 1303.2	   10.3	
   11	   6.79	    0.0	 1500.0	    0.0	    0.0	 1500.0	    0.0	  200.0	    0.0	 1500.0	    0.0	  200.0	  100.0	   94.7	    0.0	    0.0	    0.0	    0.0	    0.7	  1	 -750.0	 1550.0	   94.7	    0.0	    0.0	1	  392.2	 21	 1302.9	   10.3	
   12	   6.89	    0.0	 1500.0	    0.0	    0.0	 1500.0	    0.0	  200.0	    0.0	 1500.0	    0.0	  200.0	  100.0	   94.2	    0.0	    0.0	    0.0	    0.0	    0.8	  1	 -750.0	 1550.0	   94.2	    0.0	    0.0	1	  391.7	 21	 1302.6	   10.3	
   13	   6.99	    0.0	 1500.0	    0.0	    0.0	 1500.0	    0.0	  200.0	    0.0	 1500.0	    0.0	  200.0	  100.0	   93.7	    0.0	    0.0	    0.0	    0.0	    0.9	  1	 -750.0	 1550.0	   93.7	    0.0	    0.0	1	  391.2	 21	 1302.4	   10.2	
   14	   7.09	    0.0	 1500.0	    0.0	    0.0	 1500.0	    0.0	  200.0	    0.0	 1500.0	    0.0	  200.0	  100.0	   93.2	    0.0	    0.0	    0.0	    0.0	    0.9	  1	 -750.0	 1550.0	   93.2	    0.0	    0.0	1	  390.8	 21	 1302.1	   10.2	
   15	   7.19	    0.0	 1500.0	    0.0	    0.0	 1500.0	    0.0	  200.0	    0.0	 1500.0	    0.0	  200.0	  100.0	   92.7	    0.0	    0.0	    0.0	    0.0	    1.0	  1	 -750.0	 1550.0	   92.7	    0.0	    0.0	1	  390.3	 21	 1301.8	   10.2	
   16	   7.29	    0.0	 1500.0	    0.0	    0.0	 1500.0	    0.0	  200.0	    0.0	 1500.0	    0.0	  200.0	  100.0	   92.2	    0.0	    0.0	    0.0	    0.0	    1.1	  1	 -750.0	 1550.0	   92.2	    0.0	    0.0	1	  389.9	 21	 1301.5	   10.2	
   17	   7.39	    0.0	 1500.0	    0.0	    0.0	 1500.0	    0.0	  200.0	    0.0	 1500.0	    0.0	  200.0	  100.0	   91.7	    0.0	    0.0	    0.0	    0.0	    1.2	  1	 -750.0	 1550.0	   91.7	    0.0	    0.0	1	  389.4	 21	 1301.2	   10.1	
   18	   7.49	    0.0	 1500.0	    0.0	    0.0	 1500.0	    0.0	  200.0	    0.0	 1500.0	    0.0	  200.0	  100.0	   91.2	    0.0	    0.0	    0.0	    0.0	    1.2	  1	 -750.0	 1550.0	   91.2	    0.0	    0.0	1	  389.0	 21	 1301.0	   10.1	
   19	   7.59	    0.0	 1500.0	    0.0	    0.0	 1500.0	    0.0	  200.0	    0.0	 1500.0	    0.0	  200.0	  100.0	   90.7	    0.0	    0.0	    0.0	    0.0	    1.3	  1	 -750.0	 1550.0	   90.7	    0.0	    0.0	1	  388.5	 21	 1300.7	   10.1	
   20	   7.69	    0.0	 1500.0	    0.0	    0.0	 1500.0	    0.0	  200.0	    0.0	 1500.0	    0.0	  200.0	  100.0	   90.2	    0.0	    0.0	    0.0	    0.0	    1.4	  1	 -750.0	 1550.0	   90.2	    0.0	    0.0	1	  388.0	 21	 1300.4	   10.0	
   21	   7.79	    0.0	 1500.0	    0.0	    0.0	 1500.0	    0.0	  200.0	    0.0	 1500.0	    0.0	  200.0	  100.0	   89.7	    0.0	    0.0	    0.0	    0.0	    1.4	  1	 -750.0	 1550.0	   89.7	    0.0	    0.0	1	  387.6	 21	 1300.1	   10.0	
   22	   7.89	    0.0	 1500.0	    0.0	    0.0	 1500.0	    0.0	  200.0	    0.0	 1500.0	    0.0	  200.0	  100.0	   89.2	    0.0	    0.0	    0.0	    0.0	    1.5	  1	 -750.0	 1550.0	   89.2	    0.0	    0.0	1	  387.1	 21	    0.0	   10.0	
   23	   7.99	    0.0	 1500.0	    0.0	    0.0	 1500.0	    0.0	  200.0	  541.1	 1261.4	    0.0	  200.0	  100.0	   88.7	    0.0	    0.0	    0.0	    0.0	    1.6	  1	 -750.0	 1550.0	   88.7	    0.0	    0.0	1	  386.4	 21	    0.0	   10.0	
   24	   8.09	    0.0	 1500.0	    0.0	    0.0	 1500.0	    0.0	  200.0	  541.1	 1261.4	    0.0	  200.0	  100.0	   88.2	    0.0	    0.0	    0.0	    0.0	    1.6	  1	 -750.0	 1550.0	   88.2	    0.0	    0.0	1	  385.9	 21	    0.0	    9.9	
   25	   8.19	    0.0	 1500.0	    0.0	    0.0	 1500.0	    0.0	  200.0	  541.1	 1261.4	    0.0	  200.0	  100.0	   87.7	    0.0	    0.0	    0.0	    0.0	    1.7	  1	 -750.0	 1550.0	   87.7	    0.0	    0.0	1	  385.5	 21	    0.0	    9.9	
   26	   8.29	    0.0	 1500.0	    0.0	    0.0	 1500.0	    0.0	  200.0	  541.1	 1261.4	    0.0	  200.0	  100.0	   87.2	    0.0	    0.0	    0.0	    0.0	    1.8	  1	 -750.0	 1550.0	   87.2	    0.0	    0.0	1	  385.0	 21	    0.0	    9.9	
   27	   8.39	    0.0	 1500.0	    0.0	    0.0	 1500.0	    0.0	  200.0	  541.1	 1261.4	    0.0	  200.0	  100.0	   86.7	    0.0	    0.0	    0.0	    0.0	    1.8	  1	 -750.0	 1550.0	   86.7	    0.0	    0.0	1	  384.5	 21	    0.0	    9.8	
   28	   8.49	    0.0	 1500.0	    0.0	    0.0	 1500.0	    0.0	  200.0	  545.6	 1253.6	    0.0	  200.0	  100.0	   86.2	    0.0	    0.0	    0.0	    0.0	    1.9	  1	 -750.0	 1550.0	   86.2	    0.0	    0.0	1	  384.1	 21	    0.0	    9.8	
   29	   8.59	    0.0	 1500.0	    0.0	    0.0	 1500.0	    0.0	  200.0	  541.1	 1261.4	    0.0	  200.0	  100.0	   85.7	    0.0	    0.0	    0.0	    0.0	    2.0	  1	 -750.0	 1550.0	   85.7	    0.0	    0.0	1	  383.6	 21	    0.0	    9.8	
   30	   8.69	    0.0	 1500.0	    0.0	    0.0	 1500.0	    0.0	  200.0	  541.1	 1261.4	    0.0	  200.0	  100.0	   85.2	    0.0	    0.0	    0.0	    0.0	    2.0	  1	 -750.0	 1550.0	   85.2	    0.0	    0.0	1	  383.2	 21	    0.0	    9.8	
   31	   8.79	    0.0	 1500.0	    0.0	  556.2	 1288.9	    0.0	  200.0	  541.1	 1261.4	    0.0	  200.0	  100.0	   90.5	    0.0	    0.0	    0.0	    0.0	    2.1	  1	  750.0	  850.0	   90.5	    0.0	    0.0	1	  426.4	 21	 1207.2	 -192.8	
   32	   8.89	    0.0	 1500.0	    0.0	  556.2	 1288.9	    0.0	  200.0	  541.1	 1261.4	    0.0	  200.0	  100.0	   90.0	    0.0	    0.0	    0.0	    0.0	    2.2	  1	 -650.0	 1650.0	   90.0	    0.0	    0.0	1	  482.7	 21	    0.0	    0.0	
   33	   8.99	    0.0	 1500.0	    0.0	  556.2	 1288.9	    0.0	  200.0	  541.1	 1261.4	    0.0	  200.0	  100.0	   89.5	    0.0	    0.0	    0.0	    0.0	    2.2	  1	 -650.0	 1650.0	   89.5	    0.0	    0.0	1	  482.0	 21	    0.0	    0.0	
   34	   9.09	    0.0	 1500.0	    0.0	  556.2	 1288.9	    0.0	  200.0	  541.1	 1261.4	    0.0	  200.0	  100.0	   89.1	    0.0	    0.0	    0.0	    0.0	    2.3	  1	 -650.0	 1650.0	   89.1	    0.0	    0.0	1	  481.3	 21	    0.0	    0.0	
   35	   9.19	    0.0	 1500.0	    0.0	  556.2	 1288.9	    0.0	  200.0	  541.1	 1261.4	    0.0	  200.0	  100.0	   88.6	    0.0	    0.0	    0.0	    0.0	    2.4	  1	 -650.0	 1650.0	   88.6	    0.0	    0.0	1	  480.7	 21	    0.0	    0.0	
   36	   9.29	    0.0	 1500.0	    0.0	  554.1	 1309.2	    0.0	  200.0	  541.1	 1261.4	    0.0	  200.0	  100.0	   88.2	    0.0	    0.0	    0.0	    0.0	    2.4	  1	 -650.0	 1650.0	   88.2	    0.0	    0.0	1	  479.2	 21	    0.0	    0.0	
   37	   9.39	    0.0	 1500.0	    0.0	  554.1	 1309.2	    0.0	  200.0	  541.1	 1261.4	    0.0	  200.0	  100.0	   87.7	    0.0	    0.0	    0.0	    0.0	    2.5	  1	 -650.0	 1650.0	   87.7	    0.0	    0.0	1	  478.5	 21	    0.0	    0.0	
   38	   9.49	    0.0	 1500.0	    0.0	  554.1	 1309.2	    0.0	  200.0	  541.1	 1261.4	    0.0	  200.0	  100.0	   87.3	    0.0	    0.0	    0.0	    0.0	    2.6	  1	 -650.0	 1650.0	   87.3	    0.0	    0.0	1	  477.8	 21	    0.0	    0.0	
   39	   9.59	    0.0	 1500.0	    0.0	  554.1	 1309.2	    0.0	  200.0	  541.1	 1261.4	    0.0	  200.0	  100.0	   86.8	    0.0	    0.0	    0.0	    0.0	    2.6	  1	 -650.0	 1650.0	   86.8	    0.0	    0.0	1	  477.1	 21	    0.0	    0.0	
   40	   9.69	    0.0	 1500.0	    0.0	  554.7	 1303.9	    0.0	  200.0	  541.1	 1261.4	    0.0	  200.0	  100.0	   86.3	    0.0	    0.0	    0.0	    0.0	    2.7	  1	 -650.0	 1650.0	   86.3	    0.0	    0.0	1	  476.7	 21	    0.0	    0.0	
   41	   9.79	    0.0	 1500.0	    0.0	  554.7	 1303.9	    0.0	  200.0	  541.1	 1261.4	    0.0	  200.0	  100.0	   85.9	    0.0	    0.0	    0.0	    0.0	    2.8	  1	 -650.0	 1650.0	   85.9	    0.0	    0.0	1	  476.0	 21	    0.0	    0.0	
   42	   9.89	    0.0	 1500.0	    0.0	  554.1	 1309.2	    0.0	  200.0	  541.1	 1261.4	    0.0	  200.0	  100.0	   85.4	    0.0	    0.0	    0.0	    0.0	    2.8	  1	 -650.0	 1650.0	   85.4	    0.0	    0.0	1	  475.1	 21	    0.0	    0.0	
   43	   9.99	    0.0	 1500.0	    0.0	  554.7	 1303.9	    0.0	  200.0	  541.1	 1261.4	    0.0	  200.0	  100.0	   85.0	    0.0	    0.0	    0.0	    0.0	    2.9	  1	 -650.0	 1650.0	   85.0	    0.0	    0.0	1	  474.6	 21	    0.0	    0.0	
   44	  10.09	    0.0	 1500.0	    0.0	  554.7	 1303.9	    0.0	  200.0	  541.1	 1261.4	    0.0	  200.0	  100.0	   84.5	    0.0	    0.0	    0.0	    0.0	    3.0	  1	 -650.0	 1650.0	   84.5	    0.0	    0.0	1	  473.9	 21	    0.0	    0.0	
   45	  10.19	    0.0	 1500.0	    0.0	  572.1	 1327.6	    0.0	  200.0	  541.1	 1261.4	    0.0	  200.0	  100.0	   84.1	    0.0	    0.0	    0.0	    0.0	    3.1	  1	 -350.0	 2150.0	   84.1	    0.0	    0.0	1	  450.9	 21	    0.0	    0.0	
   46	  10.29	    0.0	 1500.0	    0.0	  554.7	 1303.9	    0.0	  200.0	  541.1	 1261.4	    0.0	  200.0	  100.0	   83.6	    0.0	    0.0	    0.0	    0.0	    3.1	  1	 -650.0	 1650.0	   83.6	    0.0	    0.0	1	  472.5	 21	    0.0	    0.0	
   47	  10.39	    0.0	 1500.0	    0.0	  572.1	 1327.6	    0.0	  200.0	  541.1	 1261.4	    0.0	  200.0	  100.0	   83.1	    0.0	    0.0	    0.0	    0.0	    3.2	  1	 -350.0	 2150.0	   83.1	    0.0	    0.0	1	  449.6	 21	    0.0	    0.0	
   48	  10.49	    0.0	 1500.0	    0.0	  572.1	 1327.6	    0.0	  200.0	  541.1	 1261.4	    0.0	  200.0	  100.0	   82.7	    0.0	    0.0	    0.0	    0.0	    3.3	  1	 -350.0	 2150.0	   82.7	    0.0	    0.0	1	  449.0	 21	    0.0	    0.0	
   49	  10.59	    0.0	 1500.0	    0.0	  572.1	 1327.6	    0.0	  200.0	  541.1	 1261.4	    0.0	  200.0	  100.0	   82.2	    0.0	    0.0	    0.0	    0.0	    3.3	  1	 -350.0	 2150.0	   82.2	    0.0	    0.0	1	  448.4	 21	    0.0	    0.0	
   50	  10.69	    0.0	 1500.0	    0.0	  572.1	 1327.6	    0.0	  200.0	  541.1	 1261.4	    0.0	  200.0	  100.0	   81.8	    0.0	    0.0	    0.0	    0.0	    3.4	  1	 -350.0	 2150.0	   81.8	    0.0	    0.0	1	  447.7	 21	    0.0	    0.0	
   51	  10.79	    0.0	 1500.0	    0.0	  698.5	 1369.2	    0.0	  200.0	  541.1	 1261.4	    0.0	  200.0	  100.0	   83.7	    0.0	    0.0	    0.0	    0.0	    3.5	  1	  750.0	 2250.0	   83.7	    0.0	    0.0	1	  309.9	 21	 1337.0	  -63.0	
   52	  10.89	    0.0	 1500.0	    0.0	  698.5	 1369.2	    0.0	  200.0	  541.1	 1261.4	    0.0	  200.0	  100.0	   83.3	    0.0	    0.0	    0.0	    0.1	    3.5	  1	  150.0	 2250.0	   83.3	    0.0	    0.1	1	  383.5	 21	    0.0	    0.0	
   53	  10.99	    0.0	 1500.0	    0.0	  698.5	 1369.2	    0.0	  200.0	  541.1	 1261.4	    0.0	  200.0	  100.0	   82.8	    0.0	    0.0	    0.0	    0.1	    3.6	  1	  150.0	 2250.0	   82.8	    0.0	    0.1	1	  383.1	 21	    0.0	    0.0	
   54	  11.09	    0.0	 1500.0	    0.0	  698.5	 1369.2	    0.0	  200.0	  541.1	 1261.4	    0.0	  200.0	  100.0	   82.4	    0.0	    0.0	    0.0	    0.2	    3.7	  1	  150.0	 2250.0	   82.4	    0.0	    0.2	1	  382.7	 21	    0.0	    0.0	
   55	  11.19	    0.0	 1500.0	    0.0	  838.6	 1385.2	    0.0	  200.0	  541.1	 1261.4	    0.0	  200.0	  100.0	   84.4	    0.0	    0.0	    0.0	    0.3	    3.7	  1	  750.0	 1850.0	   84.4	    0.0	    0.3	1	  382.8	 21	 1332.1	  -67.9	
   56	  11.29	    0.0	 1500.0	    0.0	  698.5	 1369.2	    0.0	  200.0	  541.1	 1261.4	    0.0	  200.0	  100.0	   84.0	    0.0	    0.0	    0.0	    0.3	    3.8	  1	 -350.0	 2150.0	   84.0	    0.0	    0.3	1	  447.0	 21	    0.0	    0.0	
   57	  11.39	    0.0	 1500.0	    0.0	  838.6	 1385.2	    0.0	  200.0	  541.1	 1261.4	    0.0	  200.0	  100.0	   86.0	    0.0	    0.0	    0.0	    0.4	    3.9	  1	  750.0	 1850.0	   86.0	    0.0	    0.4	1	  384.4	 21	 1330.9	  -69.1	
   58	  11.49	    0.0	 1500.0	    0.0	  838.6	 1385.2	    0.0	  200.0	  541.1	 1261.4	    0.0	  200.0	  100.0	   85.6	    0.0	    0.0	    0.0	    0.5	    3.9	  1	  750.0	 2250.0	   85.6	    0.0	    0.5	1	  312.0	 21	    0.0	    0.0	
   59	  11.59	    0.0	 1500.0	    0.0	  838.6	 1385.2	    0.0	  200.0	  541.1	 1261.4	    0.0	  200.0	  100.0	   85.2	    0.0	    0.0	    0.0	    0.6	    4.0	  1	  750.0	 2250.0	   85.2	    0.0	    0.6	1	  311.8	 21	    0.0	    0.0	
   60	  11.69	    0.0	 1500.0	    0.0	 1013.7	 1460.1	    0.0	  200.0	  541.1	 1261.4	    0.0	  200.0	  100.0	   89.0	    0.0	    0.0	    0.0	    0.7	    4.1	  1	  750.0	 2050.0	   89.0	    0.0	    0.7	1	  397.6	 21	 1263.7	 -136.3	
   61	  11.79	    0.0	 1500.0	    0.0	  838.6	 1385.2	    0.0	  200.0	  541.1	 1261.4	    0.0	  200.0	  100.0	   88.5	    0.0	    0.0	    0.0	    0.8	    4.1	  1	 -350.0	 2150.0	   88.5	    0.0	    0.8	1	  464.0	 21	    0.0	    0.0	
   62	  11.89	    0.0	 1500.0	    0.0	 1013.7	 1460.1	    0.0	  200.0	  541.1	 1261.4	    0.0	  200.0	  100.0	   92.3	    0.0	    0.0	    0.0	    1.0	    4.2	  1	  750.0	 2050.0	   92.3	    0.0	    1.0	1	  401.0	 21	 1258.7	 -141.3	
   63	  11.99	    0.0	 1500.0	    0.0	 1013.7	 1460.1	    0.0	  200.0	  541.1	 1261.4	    0.0	  200.0	  100.0	   91.9	    0.0	    0.0	    0.0	    1.1	    4.3	  1	  750.0	 2150.0	   91.9	    0.0	    1.1	1	  346.5	 21	    0.0	    0.0	
   64	  12.09	    0.0	 1500.0	    0.0	 1013.7	 1460.1	    0.0	  200.0	  541.1	 1261.4	    0.0	  200.0	  100.0	   91.5	    0.0	    0.0	    0.0	    1.3	    4.3	  1	  750.0	 2150.0	   91.5	    0.0	    1.3	1	  346.6	 21	    0.0	    0.0	
   65	  12.19	    0.0	 1500.0	    0.0	 1013.7	 1460.1	    0.0	  200.0	  541.1	 1261.4	    0.0	  200.0	  100.0	   91.2	    0.0	    0.0	    0.0	    1.4	    4.4	  1	  750.0	 2150.0	   91.2	    0.0	    1.4	1	  346.6	 21	    0.0	    0.0	
   66	  12.29	    0.0	 1500.0	    0.0	 1013.7	 1460.1	    0.0	  200.0	  541.1	 1261.4	    0.0	  200.0	  100.0	   90.8	    0.0	    0.0	    0.0	    1.6	    4.5	  1	  750.0	 2150.0	   90.8	    0.0	    1.6	1	  346.7	 21	    0.0	    0.0	
   67	  12.39	    0.0	 1500.0	    0.0	 1029.6	 1512.8	    0.0	  200.0	  541.1	 1261.4	    0.0	  200.0	  100.0	   91.4	    0.0	    0.0	    0.0	    1.8	    4.5	  1	  750.0	 2150.0	   91.4	    0.0	    1.8	1	  369.4	 21	 1381.4	  -18.6	
   68	  12.49	    0.0	 1500.0	    0.0	 1029.6	 1512.8	    0.0	  200.0	  541.1	 1261.4	    0.0	  200.0	  100.0	   91.0	    0.0	    0.0	    0.0	    1.9	    4.6	  1	  750.0	 2150.0	   91.0	    0.0	    1.9	1	  358.9	 21	    0.0	    0.0	
   69	  12.59	    0.0	 1500.0	    0.0	 1029.6	 1512.8	    0.0	  200.0	  541.1	 1261.4	    0.0	  200.0	  100.0	   90.7	    0.0	    0.0	    0.0	    2.1	    4.7	  1	  750.0	 2150.0	   90.7	    0.0	    2.1	1	  359.0	 21	    0.0	    0.0	
   70	  12.69	    0.0	 1500.0	    0.0	 1029.6	 1512.8	    0.0	  200.0	  541.1	 1261.4	    0.0	  200.0	  100.0	   90.3	    0.0	    0.0	    0.0	    2.2	    4.7	  1	  750.0	 2150.0	   90.3	    0.0	    2.2	1	  359.0	 21	 1399.9	   20.0	
   71	  12.79	    0.0	 1500.0	    0.0	 1012.3	 1519.4	    0.0	  200.0	  541.1	 1261.4	    0.0	  200.0	  100.0	   89.9	    0.0	    0.0	    0.0	    2.4	    4.8	  1	  750.0	 2150.0	   89.9	    0.0	    2.4	1	  357.6	 21	    0.0	    0.0	
   72	  12.89	    0.0	 1500.0	    0.0	 1012.3	 1519.4	    0.0	  200.0	  541.1	 1261.4	    0.0	  200.0	  100.0	   89.5	    0.0	    0.0	    0.0	    2.6	    4.9	  1	  750.0	 2150.0	   89.5	    0.0	    2.6	1	  357.7	 21	    0.0	    0.0	
   73	  12.99	    0.0	 1500.0	    0.0	 1012.3	 1519.4	    0.0	  200.0	  541.1	 1261.4	    0.0	  200.0	  100.0	   89.1	    0.0	    0.0	    0.0	    2.7	    5.0	  1	  750.0	 2150.0	   89.1	    0.0	    2.7	1	  357.8	 21	 1399.7	   20.0	
   74	  13.09	    0.0	 1500.0	    0.0	 1012.3	 1519.4	    0.0	  200.0	  541.1	 1261.4	    0.0	  200.0	  100.0	   88.8	    0.0	    0.0	    0.0	    2.9	    5.0	  1	  750.0	 2150.0	   88.8	    0.0	    2.9	1	  357.9	 21	 1399.1	   19.9	
   75	  13.19	    0.0	 1500.0	    0.0	 1012.3	 1519.4	    0.0	  200.0	  541.1	 1261.4	    0.0	  200.0	  100.0	   88.4	    0.0	    0.0	    0.0	    3.0	    5.1	  1	  750.0	 2150.0	   88.4	    0.0	    3.0	1	  357.9	 21	 1398.6	   19.9	
   76	  13.29	    0.0	 1500.0	    0.0	 1012.3	 1519.4	    0.0	  200.0	  541.1	 1261.4	    0.0	  200.0	  100.0	   88.0	    0.0	    0.0	    0.0	    3.2	    5.2	  1	  750.0	 2150.0	   88.0	    0.0	    3.2	1	  358.0	 21	 1398.1	   19.8	
   77	  13.39	    0.0	 1500.0	    0.0	 1010.0	 1517.6	    0.0	  200.0	  541.1	 1261.4	    0.0	  200.0	  100.0	   87.6	    0.0	    0.0	    0.0	    3.3	    5.2	  1	  750.0	 2150.0	   87.6	    0.0	    3.3	1	  357.4	 21	 1397.8	   19.8	
   78	  13.49	    0.0	 1500.0	    0.0	 1010.0	 1517.6	    0.0	  200.0	  541.1	 1261.4	    0.0	  200.0	  100.0	   87.2	    0.0	    0.0	    0.0	    3.5	    5.3	  1	  750.0	 2150.0	   87.2	    0.0	    3.5	1	  357.5	 21	 1397.2	   19.7	
   79	  13.59	    0.0	 1500.0	    0.0	 1010.0	 1517.6	    0.0	  200.0	  541.1	 1261.4	    0.0	  200.0	  100.0	   86.9	    0.0	    0.0	    0.0	    3.7	    5.4	  1	  750.0	 2150.0	   86.9	    0.0	    3.7	1	  357.6	 21	 1396.7	   19.7	
   80	  13.69	    0.0	 1500.0	    0.0	 1010.0	 1517.6	    0.0	  200.0	  541.1	 1261.4	    0.0	  200.0	  100.0	   86.5	    0.0	    0.0	    0.0	    3.8	    5.4	  1	  750.0	 2150.0	   86.5	    0.0	    3.8	1	  357.7	 21	 1396.2	   19.6	
   81	  13.79	    0.0	 1500.0	    0.0	 1010.0	 1517.6	    0.0	  200.0	  541.1	 1261.4	    0.0	  200.0	  100.0	   86.1	    0.0	    0.0	    0.0	    4.0	    5.5	  1	  750.0	 2150.0	   86.1	    0.0	    4.0	1	  357.7	 21	 1395.7	   19.6	
   82	  13.89	    0.0	 1500.0	    0.0	 1010.0	 1517.6	    0.0	  200.0	  541.1	 1261.4	    0.0	  200.0	  100.0	   85.7	    0.0	    0.0	    0.0	    4.1	    5.6	  1	  750.0	 2150.0	   85.7	    0.0	    4.1	1	  357.8	 21	 1395.2	   19.5	
   83	  13.99	    0.0	 1500.0	    0.0	 1004.1	 1508.8	    0.0	  200.0	  541.1	 1261.4	    0.0	  200.0	  100.0	   85.3	    0.0	    0.0	    0.0	    4.3	    5.6	  1	  750.0	 2150.0	   85.3	    0.0	    4.3	1	  355.5	 21	 1395.2	   19.5	
   84	  14.09	    0.0	 1500.0	    0.0	 1004.1	 1508.8	    0.0	  200.0	  541.1	 1261.4	    0.0	  200.0	  100.0	   85.0	    0.0	    0.0	    0.0	    4.4	    5.7	  1	  750.0	 2150.0	   85.0	    0.0	    4.4	1	  355.6	 21	 1394.7	   19.5	
   85	  14.19	    0.0	 1500.0	    0.0	 1004.1	 1508.8	    0.0	  200.0	  541.1	 1261.4	    0.0	  200.0	  100.0	   84.6	    0.0	    0.0	    0.0	    4.6	    5.8	  1	  750.0	 2150.0	   84.6	    0.0	    4.6	1	  355.7	 21	 1394.2	   19.4	
   86	  14.29	    0.0	 1500.0	    0.0	 1004.1	 1508.8	    0.0	  200.0	  541.1	 1261.4	    0.0	  200.0	  100.0	   84.2	    0.0	    0.0	    0.0	    4.7	    5.8	  1	  750.0	 2150.0	   84.2	    0.0	    4.7	1	  355.7	 21	 1393.7	   19.4	
   87	  14.39	    0.0	 1500.0	    0.0	 1004.1	 1508.8	    0.0	  200.0	  541.1	 1261.4	    0.0	  200.0	  100.0	   83.8	    0.0	    0.0	    0.0	    4.9	    5.9	  1	  750.0	 2150.0	   83.8	    0.0	    4.9	1	  355.8	 21	 1393.2	   19.3	
   88	  14.49	    0.0	 1500.0	    0.0	 1004.1	 1508.8	    0.0	  200.0	  541.1	 1261.4	    0.0	  200.0	  100.0	   83.4	    0.0	    0.0	    0.0	    5.0	    6.0	  1	  750.0	 2150.0	   83.4	    0.0	    5.0	1	  355.9	 21	 1392.7	   19.3	
   89	  14.59	    0.0	 1500.0	    0.0	 1004.1	 1508.8	    0.0	  200.0	  541.1	 1261.4	    0.0	  200.0	  100.0	   83.1	    0.0	    0.0	    0.0	    5.2	    6.0	  1	  750.0	 2150.0	   83.1	    0.0	    5.2	1	  355.9	 21	 1392.2	   19.2	
   90	  14.69	    0.0	 1500.0	    0.0	  788.8	 1395.1	    0.0	  200.0	  541.1	 1261.4	    0.0	  200.0	  100.0	   82.6	    0.0	    0.0	    0.0	    5.3	    6.1	  1	 -650.0	 1650.0	   82.6	    0.0	    5.3	1	  482.8	 21	    0.0	    0.0	
   91	  14.79	    0.0	 1500.0	    0.0	  788.8	 1395.1	    0.0	  200.0	  541.1	 1261.4	    0.0	  200.0	  100.0	   82.2	    0.0	    0.0	    0.0	    5.3	    6.2	  1	  750.0	 2250.0	   82.2	    0.0	    5.3	1	  314.9	 21	    0.0	    0.0	
   92	  14.89	    0.0	 1500.0	    0.0	  788.8	 1395.1	    0.0	  200.0	  541.1	 1261.4	    0.0	  200.0	  100.0	   81.8	    0.0	    0.0	    0.0	    5.4	    6.2	  1	  750.0	 2250.0	   81.8	    0.0	    5.4	1	  314.8	 21	    0.0	    0.0	
   93	  14.99	    0.0	 1500.0	    0.0	  788.8	 1395.1	    0.0	  200.0	  541.1	 1261.4	    0.0	  200.0	  100.0	   81.3	    0.0	    0.0	    0.0	    5.5	    6.3	  1	  750.0	 2250.0	   81.3	    0.0	    5.5	1	  314.6	 21	    0.0	    0.0	
   94	  15.09	    0.0	 1500.0	    0.0	  778.0	 1371.5	    0.0	  200.0	  541.1	 1261.4	    0.0	  200.0	  100.0	   80.9	    0.0	    0.0	    0.0	    5.5	    6.4	  1	  750.0	 2250.0	   80.9	    0.0	    5.5	1	  320.5	 21	    0.0	    0.0	
   95	  15.19	    0.0	 1500.0	    0.0	  788.8	 1395.1	    0.0	  200.0	  541.1	 1261.4	    0.0	  200.0	  100.0	   80.5	    0.0	    0.0	    0.0	    5.6	    6.4	  1	  750.0	 2250.0	   80.5	    0.0	    5.6	1	  314.4	 21	    0.0	    0.0	
   96	  15.29	    0.0	 1500.0	    0.0	  778.0	 1371.5	    0.0	  200.0	  541.1	 1261.4	    0.0	  200.0	  100.0	   80.1	    0.0	    0.0	    0.0	    5.7	    6.5	  1	  750.0	 2250.0	   80.1	    0.0	    5.7	1	  320.2	 21	    0.0	    0.0	
   97	  15.39	    0.0	 1500.0	    0.0	  778.0	 1371.5	    0.0	  200.0	  541.1	 1261.4	    0.0	  200.0	  100.0	   79.6	    0.0	    0.0	    0.0	    5.7	    6.6	  1	  750.0	 2250.0	   79.6	    0.0	    5.7	1	  320.1	 21	    0.0	    0.0	
   98	  15.49	    0.0	 1500.0	    0.0	  778.0	 1371.5	    0.0	  200.0	  541.1	 1261.4	    0.0	  200.0	  100.0	   79.2	    0.0	    0.0	    0.0	    5.8	    6.6	  1	  750.0	 2250.0	   79.2	    0.0	    5.8	1	  319.9	 21	    0.0	    0.0	
   99	  15.59	    0.0	 1500.0	    0.0	  778.0	 1371.5	    0.0	  200.0	  541.1	 1261.4	    0.0	  200.0	  100.0	   78.8	    0.0	    0.0	    0.0	    5.9	    6.7	  1	  750.0	 2250.0	   78.8	    0.0	    5.9	1	  319.8	 21	 1399.5	   20.0	
  100	  15.69	    0.0	 1500.0	    0.0	  756.9	 1359.7	    0.0	  200.0	  541.1	 1261.4	    0.0	  200.0	  100.0	   78.3	    0.0	    0.0	    0.0	    5.9	    6.8	  1	  750.0	 2250.0	   78.3	    0.0	    5.9	1	  325.1	 21	 1399.9	   20.0	
  101	  15.79	    0.0	 1500.0	    0.0	  758.8	 1359.3	    0.0	  200.0	  541.1	 1261.4	    0.0	  200.0	  100.0	   77.9	    0.0	    0.0	    0.0	    6.0	    6.9	  1	  750.0	 2250.0	   77.9	    0.0	    6.0	1	  324.7	 21	 1399.1	   19.9	
  102	  15.89	    0.0	 1500.0	    0.0	  758.8	 1359.3	    0.0	  200.0	  541.1	 1261.4	    0.0	  200.0	  100.0	   77.5	    0.0	    0.0	    0.0	    6.1	    6.9	  1	  750.0	 2250.0	   77.5	    0.0	    6.1	1	  324.6	 21	 1398.4	   19.8	
  103	  15.99	    0.0	 1500.0	    0.0	  758.8	 1359.3	    0.0	  200.0	  541.1	 1261.4	    0.0	  200.0	  100.0	   77.1	    0.0	    0.0	    0.0	    6.1	    7.0	  1	  750.0	 2250.0	   77.1	    0.0	    6.1	1	  324.4	 21	 1397.7	   19.8	
  104	  16.09	    0.0	 1500.0	    0.0	  758.8	 1359.3	    0.0	  200.0	  541.1	 1261.4	    0.0	  200.0	  100.0	   76.6	    0.0	    0.0	    0.0	    6.2	    7.1	  1	  750.0	 2250.0	   76.6	    0.0	    6.2	1	  324.2	 21	 1397.0	   19.7	
  105	  16.19	    0.0	 1500.0	    0.0	  758.8	 1359.3	    0.0	  200.0	  541.1	 1261.4	    0.0	  200.0	  100.0	   76.2	    0.0	    0.0	    0.0	    6.2	    7.1	  1	  750.0	 2250.0	   76.2	    0.0	    6.2	1	  324.1	 21	 1396.3	   19.6	
  106	  16.29	    0.0	 1500.0	    0.0	  758.8	 1359.3	    0.0	  200.0	  541.1	 1261.4	    0.0	  200.0	  100.0	   75.8	    0.0	    0.0	    0.0	    6.3	    7.2	  1	  750.0	 2250.0	   75.8	    0.0	    6.3	1	  323.9	 21	 1395.6	   19.6	
  107	  16.39	    0.0	 1500.0	    0.0	  745.5	 1346.6	    0.0	  200.0	  541.1	 1261.4	    0.0	  200.0	  100.0	   75.3	    0.0	    0.0	    0.0	    6.4	    7.3	  1	  150.0	 2250.0	   75.3	    0.0	    6.4	1	  382.2	 21	 1395.5	   19.5	
  108	  16.49	    0.0	 1500.0	    0.0	  745.5	 1346.6	    0.0	  200.0	  541.1	 1261.4	    0.0	  200.0	  100.0	   74.9	    0.0	    0.0	    0.0	    6.4	    7.3	  1	  150.0	 2250.0	   74.9	    0.0	    6.4	1	  381.8	 21	 1394.8	   19.5	
  109	  16.59	    0.0	 1500.0	    0.0	  745.5	 1346.6	    0.0	  200.0	  541.1	 1261.4	    0.0	  200.0	  100.0	   74.5	    0.0	    0.0	    0.0	    6.5	    7.4	  1	  150.0	 2250.0	   74.5	    0.0	    6.5	1	  381.4	 21	 1394.1	   19.4	
  110	  16.69	    0.0	 1500.0	    0.0	  745.5	 1346.6	    0.0	  200.0	  541.1	 1261.4	    0.0	  200.0	  100.0	   74.1	    0.0	    0.0	    0.0	    6.5	    7.5	  1	  150.0	 2250.0	   74.1	    0.0	    6.5	1	  381.0	 21	 1393.4	   19.3	
  111	  16.79	    0.0	 1500.0	    0.0	  745.5	 1346.6	    0.0	  200.0	  541.1	 1261.4	    0.0	  200.0	  100.0	   73.6	    0.0	    0.0	    0.0	    6.6	    7.5	  1	  150.0	 2250.0	   73.6	    0.0	    6.6	1	  380.7	 21	 1392.7	   19.3	
  112	  16.89	    0.0	 1500.0	    0.0	  745.5	 1346.6	    0.0	  200.0	  541.1	 1261.4	    0.0	  200.0	  100.0	   73.2	    0.0	    0.0	    0.0	    6.6	    7.6	  1	  150.0	 2250.0	   73.2	    0.0	    6.6	1	  380.3	 21	 1392.1	   19.2	
  113	  16.99	    0.0	 1500.0	    0.0	  745.5	 1346.6	    0.0	  200.0	  541.1	 1261.4	    0.0	  200.0	  100.0	   72.8	    0.0	    0.0	    0.0	    6.7	    7.7	  1	  150.0	 2250.0	   72.8	    0.0	    6.7	1	  379.9	 21	 1391.4	   19.1	
  114	  17.09	    0.0	 1500.0	    0.0	  745.5	 1346.6	    0.0	  200.0	  541.1	 1261.4	    0.0	  200.0	  100.0	   72.3	    0.0	    0.0	    0.0	    6.8	    7.7	  1	  150.0	 2250.0	   72.3	    0.0	    6.8	1	  379.5	 21	 1390.7	   19.1	
  115	  17.19	    0.0	 1500.0	    0.0	  623.4	 1301.6	    0.0	  200.0	  541.1	 1261.4	    0.0	  200.0	  100.0	   71.9	    0.0	    0.0	    0.0	    6.8	    7.8	  1	 -650.0	 1650.0	   71.9	    0.0	    6.8	1	  461.1	 21	 1398.4	   19.8	
  116	  17.29	    0.0	 1500.0	    0.0	  745.5	 1346.6	    0.0	  200.0	  541.1	 1261.4	    0.0	  200.0	  100.0	   73.8	    0.0	    0.0	    0.0	    6.8	    7.9	  1	  750.0	 1850.0	   73.8	    0.0	    6.8	1	  362.0	 21	 1351.5	  -48.5	
  117	  17.39	    0.0	 1500.0	    0.0	  623.4	 1301.6	    0.0	  200.0	  541.1	 1261.4	    0.0	  200.0	  100.0	   73.3	    0.0	    0.0	    0.0	    6.9	    7.9	  1	 -650.0	 1650.0	   73.3	    0.0	    6.9	1	  463.5	 21	    0.0	    0.0	
  118	  17.49	    0.0	 1500.0	    0.0	  623.4	 1301.6	    0.0	  200.0	  541.1	 1261.4	    0.0	  200.0	  100.0	   72.9	    0.0	    0.0	    0.0	    6.9	    8.0	  1	 -350.0	 2150.0	   72.9	    0.0	    6.9	1	  449.7	 21	 1396.6	   19.7	
  119	  17.59	    0.0	 1500.0	    0.0	  623.4	 1301.6	    0.0	  200.0	  541.1	 1261.4	    0.0	  200.0	  100.0	   72.4	    0.0	    0.0	    0.0	    6.9	    8.1	  1	 -350.0	 2150.0	   72.4	    0.0	    6.9	1	  449.1	 21	 1395.8	   19.6	
  120	  17.69	    0.0	 1500.0	    0.0	  621.3	 1287.6	    0.0	  200.0	  541.1	 1261.4	    0.0	  200.0	  100.0	   72.0	    0.0	    0.0	    0.0	    6.9	    8.1	  1	 -350.0	 2150.0	   72.0	    0.0	    6.9	1	  450.0	 21	 1395.0	   19.5	
  121	  17.79	    0.0	 1500.0	    0.0	  621.3	 1287.6	    0.0	  200.0	  541.1	 1261.4	    0.0	  200.0	  100.0	   71.6	    0.0	    0.0	    0.0	    6.9	    8.2	  1	 -350.0	 2150.0	   71.6	    0.0	    6.9	1	  449.4	 21	 1394.2	   19.4	
  122	  17.89	    0.0	 1500.0	    0.0	  621.3	 1287.6	    0.0	  200.0	  541.1	 1261.4	    0.0	  200.0	  100.0	   71.1	    0.0	    0.0	    0.0	    7.0	    8.3	  1	 -350.0	 2150.0	   71.1	    0.0	    7.0	1	  448.7	 21	 1393.4	   19.3	
  123	  17.99	    0.0	 1500.0	    0.0	  621.3	 1287.6	    0.0	  200.0	  541.1	 1261.4	    0.0	  200.0	  100.0	   70.7	    0.0	    0.0	    0.0	    7.0	    8.3	  1	 -350.0	 2150.0	   70.7	    0.0	    7.0	1	  448.1	 21	 1392.7	   19.3	
  124	  18.09	    0.0	 1500.0	    0.0	  574.3	 1254.1	    0.0	  200.0	  541.1	 1261.4	    0.0	  200.0	  100.0	   70.2	    0.0	    0.0	    0.0	    7.0	    8.4	  1	 -650.0	 1650.0	   70.2	    0.0	    7.0	1	  461.8	 21	 1394.3	   19.4	
  125	  18.19	    0.0	 1500.0	    0.0	  574.3	 1254.1	    0.0	  200.0	  541.1	 1261.4	    0.0	  200.0	  100.0	   69.7	    0.0	    0.0	    0.0	    7.0	    8.5	  1	 -650.0	 1650.0	   69.7	    0.0	    7.0	1	  464.9	 21	 1392.4	   19.2	
  126	  18.29	    0.0	 1500.0	    0.0	  574.3	 1254.1	    0.0	  200.0	  541.1	 1261.4	    0.0	  200.0	  100.0	   69.3	    0.0	    0.0	    0.0	    7.0	    8.5	  1	 -650.0	 1650.0	   69.3	    0.0	    7.0	1	  464.1	 21	 1391.6	   19.2	
  127	  18.39	    0.0	 1500.0	    0.0	  574.3	 1254.1	    0.0	  200.0	  541.1	 1261.4	    0.0	  200.0	  100.0	   68.8	    0.0	    0.0	    0.0	    7.0	    8.6	  1	 -650.0	 1650.0	   68.8	    0.0	    7.0	1	  463.4	 21	 1390.9	   19.1	
  128	  18.49	    0.0	 1500.0	    0.0	  574.3	 1254.1	    0.0	  200.0	  541.1	 1261.4	    0.0	  200.0	  100.0	   68.4	    0.0	    0.0	    0.0	    7.0	    8.7	  1	 -650.0	 1650.0	   68.4	    0.0	    7.0	1	  462.6	 21	 1390.1	   19.0	
  129	  18.59	    0.0	 1500.0	    0.0	  574.3	 1254.1	    0.0	  200.0	  541.1	 1261.4	    0.0	  200.0	  100.0	   67.9	    0.0	    0.0	    0.0	    7.0	    8.8	  1	 -650.0	 1650.0	   67.9	    0.0	    7.0	1	  461.9	 21	 1389.3	   18.9	
  130	  18.69	    0.0	 1500.0	    0.0	  574.3	 1254.1	    0.0	  200.0	  541.1	 1261.4	    0.0	  200.0	  100.0	   67.5	    0.0	    0.0	    0.0	    7.0	    8.8	  1	 -650.0	 1650.0	   67.5	    0.0	    7.0	1	  461.1	 21	 1388.5	   18.9	
  131	  18.79	    0.0	 1500.0	    0.0	  574.3	 1254.1	    0.0	  200.0	  541.1	 1261.4	    0.0	  200.0	  100.0	   67.0	    0.0	    0.0	    0.0	    7.1	    8.9	  1	 -650.0	 1650.0	   67.0	    0.0	    7.1	1	  460.4	 21	 1387.8	   18.8	
  132	  18.89	    0.0	 1500.0	    0.0	  574.3	 1254.1	    0.0	  200.0	  541.1	 1261.4	    0.0	  200.0	  100.0	   66.6	    0.0	    0.0	    0.0	    7.1	    9.0	  1	 -650.0	 1650.0	   66.6	    0.0	    7.1	1	  459.6	 21	 1387.0	   18.7	
  133	  18.99	    0.0	 1500.0	    0.0	  574.3	 1254.1	    0.0	  200.0	  541.1	 1261.4	    0.0	  200.0	  100.0	   66.1	    0.0	    0.0	    0.0	    7.1	    9.0	  1	 -650.0	 1650.0	   66.1	    0.0	    7.1	1	  458.9	 21	 1386.2	   18.6	
  134	  19.09	    0.0	 1500.0	    0.0	  574.3	 1254.1	    0.0	  200.0	  541.1	 1261.4	    0.0	  200.0	  100.0	   65.7	    0.0	    0.0	    0.0	    7.1	    9.1	  1	 -650.0	 1650.0	   65.7	    0.0	    7.1	1	  458.1	 21	 1385.5	   18.5	
  135	  19.19	    0.0	 1500.0	    0.0	  574.3	 1254.1	    0.0	  200.0	  541.1	 1261.4	    0.0	  200.0	  100.0	   65.2	    0.0	    0.0	    0.0	    7.1	    9.2	  1	 -650.0	 1650.0	   65.2	    0.0	    7.1	1	  457.4	 21	 1384.7	   18.5	
  136	  19.29	    0.0	 1500.0	    0.0	  574.3	 1254.1	    0.0	  200.0	  541.1	 1261.4	    0.0	  200.0	  100.0	   64.8	    0.0	    0.0	    0.0	    7.1	    9.2	  1	 -650.0	 1650.0	   64.8	    0.0	    7.1	1	  456.6	 21	 1384.0	   18.4	
  137	  19.39	    0.0	 1500.0	    0.0	  574.3	 1254.1	    0.0	  200.0	  541.1	 1261.4	    0.0	  200.0	  100.0	   64.3	    0.0	    0.0	    0.0	    7.1	    9.3	  1	 -650.0	 1650.0	   64.3	    0.0	    7.1	1	  455.8	 21	 1383.2	   18.3	
  138	  19.49	    0.0	 1500.0	    0.0	  574.3	 1254.1	    0.0	  200.0	  541.1	 1261.4	    0.0	  200.0	  100.0	   63.9	    0.0	    0.0	    0.0	    7.1	    9.4	  1	 -650.0	 1650.0	   63.9	    0.0	    7.1	1	  455.1	 21	 1382.5	   18.2	
  139	  20.20	    0.0	 1500.0	    0.0	  574.3	 1254.1	    0.0	  200.0	  541.1	 1261.4	    0.0	  200.0	  100.0	   63.4	    0.0	    0.0	    0.0	    7.1	    9.4	  1	 -650.0	 1650.0	   63.4	    0.0	    7.1	1	  454.3	 21	 1381.7	   18.2	
  140	  20.21	    0.0	 1500.0	    0.0	  574.3	 1254.1	    0.0	  200.0	  541.1	 1261.4	    0.0	  200.0	  100.0	   63.0	    0.0	    0.0	    0.0	    7.1	    9.5	  1	 -650.0	 1650.0	   63.0	    0.0	    7.1	1	  453.5	 21	 1380.9	   18.1	
  141	  20.22	    0.0	 1500.0	    0.0	  574.3	 1254.1	    0.0	  200.0	  541.1	 1261.4	    0.0	  200.0	  100.0	   62.5	    0.0	    0.0	    0.0	    7.2	    9.6	  1	 -650.0	 1650.0	   62.5	    0.0	    7.2	1	  452.7	 21	 1380.2	   18.0	
  142	  20.23	    0.0	 1500.0	    0.0	  574.3	 1254.1	    0.0	  200.0	  541.1	 1261.4	    0.0	  200.0	  100.0	   62.1	    0.0	    0.0	    0.0	    7.2	    9.6	  1	 -650.0	 1650.0	   62.1	    0.0	    7.2	1	  451.9	 21	 1379.5	   17.9	
  143	  20.24	    0.0	 1500.0	    0.0	  574.3	 1254.1	    0.0	  200.0	  541.1	 1261.4	    0.0	  200.0	  100.0	   61.6	    0.0	    0.0	    0.0	    7.2	    9.7	  1	 -650.0	 1650.0	   61.6	    0.0	    7.2	1	  451.1	 21	 1378.7	   17.9	
  144	  20.25	    0.0	 1500.0	    0.0	  574.3	 1254.1	    0.0	  200.0	  541.1	 1261.4	    0.0	  200.0	  100.0	   61.2	    0.0	    0.0	    0.0	    7.2	    9.8	  1	 -650.0	 1650.0	   61.2	    0.0	    7.2	1	  450.4	 21	 1378.0	   17.8	
  145	  20.26	    0.0	 1500.0	    0.0	  574.3	 1254.1	    0.0	  200.0	  541.1	 1261.4	    0.0	  200.0	  100.0	   60.7	    0.0	    0.0	    0.0	    7.2	    9.8	  1	 -650.0	 1650.0	   60.7	    0.0	    7.2	1	  449.6	 21	 1377.2	   17.7	
  146	  20.27	    0.0	 1500.0	    0.0	  574.3	 1254.1	    0.0	  200.0	  541.1	 1261.4	    0.0	  200.0	  100.0	   60.2	    0.0	    0.0	    0.0	    7.2	    9.9	  1	 -650.0	 1650.0	   60.2	    0.0	    7.2	1	  448.8	 21	 1376.5	   17.6	
  147	  20.28	    0.0	 1500.0	    0.0	  574.3	 1254.1	    0.0	  200.0	  541.1	 1261.4	    0.0	  200.0	  100.0	   59.8	    0.0	    0.0	    0.0	    7.2	   10.0	  1	 -650.0	 1650.0	   59.8	    0.0	    7.2	1	  448.0	 21	 1375.8	   17.6	
  148	  20.29	    0.0	 1500.0	    0.0	  574.3	 1254.1	    0.0	  200.0	  541.1	 1261.4	    0.0	  200.0	  100.0	   59.3	    0.0	    0.0	    0.0	    7.2	   10.0	  1	 -650.0	 1650.0	   59.3	    0.0	    7.2	1	  447.2	 21	 1375.0	   17.5	
  149	  20.30	    0.0	 1500.0	    0.0	  574.3	 1254.1	    0.0	  200.0	  541.1	 1261.4	    0.0	  200.0	  100.0	   58.9	    0.0	    0.0	    0.0	    7.2	   10.1	  1	 -650.0	 1650.0	   58.9	    0.0	    7.2	1	  446.4	 21	 1374.3	   17.4	
  150	  20.31	    0.0	 1500.0	    0.0	  574.3	 1254.1	    0.0	  200.0	  541.1	 1261.4	    0.0	  200.0	  100.0	   58.4	    0.0	    0.0	    0.0	    7.2	   10.2	  1	 -650.0	 1650.0	   58.4	    0.0	    7.2	1	  445.6	 21	 1373.6	   17.4	
  151	  20.32	    0.0	 1500.0	    0.0	  574.3	 1254.1	    0.0	  200.0	  541.1	 1261.4	    0.0	  200.0	  100.0	   58.0	    0.0	    0.0	    0.0	    7.3	   10.2	  1	 -650.0	 1650.0	   58.0	    0.0	    7.3	1	  444.7	 21	 1372.8	   17.3	
  152	  20.33	    0.0	 1500.0	    0.0	  574.3	 1254.1	    0.0	  200.0	  541.1	 1261.4	    0.0	  200.0	  100.0	   57.5	    0.0	    0.0	    0.0	    7.3	   10.3	  1	 -650.0	 1650.0	   57.5	    0.0	    7.3	1	  443.9	 21	 1372.1	   17.2	
  153	  20.34	    0.0	 1500.0	    0.0	  574.3	 1254.1	    0.0	  200.0	  541.1	 1261.4	    0.0	  200.0	  100.0	   57.1	    0.0	    0.0	    0.0	    7.3	   10.4	  1	 -650.0	 1650.0	   57.1	    0.0	    7.3	1	  443.1	 21	 1371.4	   17.1	
  154	  20.35	    0.0	 1500.0	    0.0	  574.3	 1254.1	    0.0	  200.0	  541.1	 1261.4	    0.0	  200.0	  100.0	   56.6	    0.0	    0.0	    0.0	    7.3	   10.4	  1	 -650.0	 1650.0	   56.6	    0.0	    7.3	1	  442.3	 21	 1370.7	   17.1	
  155	  20.36	    0.0	 1500.0	    0.0	  574.3	 1254.1	    0.0	  200.0	  541.1	 1261.4	    0.0	  200.0	  100.0	   56.2	    0.0	    0.0	    0.0	    7.3	   10.5	  1	 -650.0	 1650.0	   56.2	    0.0	    7.3	1	  441.5	 21	 1370.0	   17.0	
  156	  20.37	    0.0	 1500.0	    0.0	  574.3	 1254.1	    0.0	  200.0	  541.1	 1261.4	    0.0	  200.0	  100.0	   55.7	    0.0	    0.0	    0.0	    7.3	   10.6	  1	 -650.0	 1650.0	   55.7	    0.0	    7.3	1	  440.6	 21	 1369.3	   16.9	
  157	  20.38	    0.0	 1500.0	    0.0	  574.3	 1254.1	    0.0	  200.0	  541.1	 1261.4	    0.0	  200.0	  100.0	   55.3	    0.0	    0.0	    0.0	    7.3	   10.6	  1	 -650.0	 1650.0	   55.3	    0.0	    7.3	1	  439.8	 21	 1368.5	   16.9	
  158	  20.39	    0.0	 1500.0	    0.0	  574.3	 1254.1	    0.0	  200.0	  541.1	 1261.4	    0.0	  200.0	  100.0	   54.8	    0.0	    0.0	    0.0	    7.3	   10.7	  1	 -650.0	 1650.0	   54.8	    0.0	    7.3	1	  439.0	 21	 1367.8	   16.8	
  159	  20.40	    0.0	 1500.0	    0.0	  574.3	 1254.1	    0.0	  200.0	  541.1	 1261.4	    0.0	  200.0	  100.0	   54.4	    0.0	    0.0	    0.0	    7.3	   10.8	  1	 -650.0	 1650.0	   54.4	    0.0	    7.3	1	  438.2	 21	 1367.1	   16.7	
  160	  20.41	    0.0	 1500.0	    0.0	  574.3	 1254.1	    0.0	  200.0	  541.1	 1261.4	    0.0	  200.0	  100.0	   53.9	    0.0	    0.0	    0.0	    7.4	   10.9	  1	 -650.0	 1650.0	   53.9	    0.0	    7.4	1	  437.3	 21	 1366.4	   16.6	
  161	  20.42	    0.0	 1500.0	    0.0	  574.3	 1254.1	    0.0	  200.0	  541.1	 1261.4	    0.0	  200.0	  100.0	   53.5	    0.0	    0.0	    0.0	    7.4	   10.9	  1	 -650.0	 1650.0	   53.5	    0.0	    7.4	1	  436.5	 21	 1365.7	   16.6	
  162	  20.43	    0.0	 1500.0	    0.0	  574.3	 1254.1	    0.0	  200.0	  541.1	 1261.4	    0.0	  200.0	  100.0	   53.0	    0.0	    0.0	    0.0	    7.4	   11.0	  1	 -650.0	 1650.0	   53.0	    0.0	    7.4	1	  435.6	 21	 1365.0	   16.5	
  163	  20.44	    0.0	 1500.0	    0.0	  574.3	 1254.1	    0.0	  200.0	  541.1	 1261.4	    0.0	  200.0	  100.0	   52.6	    0.0	    0.0	    0.0	    7.4	   11.1	  1	 -650.0	 1650.0	   52.6	    0.0	    7.4	1	  434.8	 21	 1364.4	   16.4	
  164	  20.45	    0.0	 1500.0	    0.0	  574.3	 1254.1	    0.0	  200.0	  541.1	 1261.4	    0.0	  200.0	  100.0	   52.1	    0.0	    0.0	    0.0	    7.4	   11.1	  1	 -650.0	 1650.0	   52.1	    0.0	    7.4	1	  433.9	 21	 1363.7	   16.4	
  165	  20.46	    0.0	 1500.0	    0.0	  574.3	 1254.1	    0.0	  200.0	  541.1	 1261.4	    0.0	  200.0	  100.0	   51.7	    0.0	    0.0	    0.0	    7.4	   11.2	  1	 -650.0	 1650.0	   51.7	    0.0	    7.4	1	  433.1	 21	 1363.0	   16.3	
  166	  20.47	    0.0	 1500.0	    0.0	  574.3	 1254.1	    0.0	  200.0	  541.1	 1261.4	    0.0	  200.0	  100.0	   51.2	    0.0	    0.0	    0.0	    7.4	   11.3	  1	 -650.0	 1650.0	   51.2	    0.0	    7.4	1	  432.2	 21	 1362.3	   16.2	
  167	  20.48	    0.0	 1500.0	    0.0	  574.3	 1254.1	    0.0	  200.0	  541.1	 1261.4	    0.0	  200.0	  100.0	   50.7	    0.0	    0.0	    0.0	    7.4	   11.3	  1	 -650.0	 1650.0	   50.7	    0.0	    7.4	1	  431.4	 21	 1361.6	   16.2	
  168	  20.49	    0.0	 1500.0	    0.0	  574.3	 1254.1	    0.0	  200.0	  541.1	 1261.4	    0.0	  200.0	  100.0	   50.3	    0.0	    0.0	    0.0	    7.4	   11.4	  1	 -650.0	 1650.0	   50.3	    0.0	    7.4	1	  430.5	 21	 1361.0	   16.1	
  169	  20.50	    0.0	 1500.0	    0.0	  574.3	 1254.1	    0.0	  200.0	  541.1	 1261.4	    0.0	  200.0	  100.0	   49.8	    0.0	    0.0	    0.0	    7.4	   11.5	  1	 -650.0	 1650.0	   49.8	    0.0	    7.4	1	  429.6	 21	 1360.3	   16.0	
  170	  20.51	    0.0	 1500.0	    0.0	  574.3	 1254.1	    0.0	  200.0	  541.1	 1261.4	    0.0	  200.0	  100.0	   49.4	    0.0	    0.0	    0.0	    7.5	   11.5	  1	 -650.0	 1650.0	   49.4	    0.0	    7.5	1	  428.8	 21	 1359.6	   16.0	
  171	  20.52	    0.0	 1500.0	    0.0	  574.3	 1254.1	    0.0	  200.0	  541.1	 1261.4	    0.0	  200.0	  100.0	   48.9	    0.0	    0.0	    0.0	    7.5	   11.6	  1	 -650.0	 1650.0	   48.9	    0.0	    7.5	1	  427.9	 21	 1359.0	   15.9	
  172	  20.53	    0.0	 1500.0	    0.0	  574.3	 1254.1	    0.0	  200.0	  541.1	 1261.4	    0.0	  200.0	  100.0	   48.5	    0.0	    0.0	    0.0	    7.5	   11.7	  1	 -650.0	 1650.0	   48.5	    0.0	    7.5	1	  427.0	 21	 1358.3	   15.8	
  173	  20.54	    0.0	 1500.0	    0.0	  574.3	 1254.1	    0.0	  200.0	  541.1	 1261.4	    0.0	  200.0	  100.0	   48.0	    0.0	    0.0	    0.0	    7.5	   11.7	  1	 -650.0	 1650.0	   48.0	    0.0	    7.5	1	  426.2	 21	 1357.7	   15.8	
  174	  20.55	    0.0	 1500.0	    0.0	  574.3	 1254.1	    0.0	  200.0	  541.1	 1261.4	    0.0	  200.0	  100.0	   47.6	    0.0	    0.0	    0.0	    7.5	   11.8	  1	 -650.0	 1650.0	   47.6	    0.0	    7.5	1	  425.3	 21	 1357.0	   15.7	
  175	  20.56	    0.0	 1500.0	    0.0	  574.3	 1254.1	    0.0	  200.0	  541.1	 1261.4	    0.0	  200.0	  100.0	   47.1	    0.0	    0.0	    0.0	    7.5	   11.9	  1	 -650.0	 1650.0	   47.1	    0.0	    7.5	1	  424.4	 21	 1356.4	   15.6	
  176	  20.57	    0.0	 1500.0	    0.0	  574.3	 1254.1	    0.0	  200.0	  541.1	 1261.4	    0.0	  200.0	  100.0	   46.7	    0.0	    0.0	    0.0	    7.5	   11.9	  1	 -650.0	 1650.0	   46.7	    0.0	    7.5	1	  423.5	 21	 1355.7	   15.6	
  177	  20.58	    0.0	 1500.0	    0.0	  574.3	 1254.1	    0.0	  200.0	  541.1	 1261.4	    0.0	  200.0	  100.0	   46.2	    0.0	    0.0	    0.0	    7.5	   12.0	  1	 -650.0	 1650.0	   46.2	    0.0	    7.5	1	  422.6	 21	 1355.1	   15.5	
  178	  20.59	    0.0	 1500.0	    0.0	  574.3	 1254.1	    0.0	  200.0	  541.1	 1261.4	    0.0	  200.0	  100.0	   45.8	    0.0	    0.0	    0.0	    7.5	   12.1	  1	 -650.0	 1650.0	   45.8	    0.0	    7.5	1	  421.7	 21	 1354.5	   15.4	
  179	  20.60	    0.0	 1500.0	    0.0	  574.3	 1254.1	    0.0	  200.0	  541.1	 1261.4	    0.0	  200.0	  100.0	   45.3	    0.0	    0.0	    0.0	    7.5	   12.1	  1	 -650.0	 1650.0	   45.3	    0.0	    7.5	1	  420.9	 21	 1353.8	   15.4	
  180	  20.61	    0.0	 1500.0	    0.0	  574.3	 1254.1	    0.0	  200.0	  541.1	 1261.4	    0.0	  200.0	  100.0	   44.9	    0.0	    0.0	    0.0	    7.6	   12.2	  1	 -650.0	 1650.0	   44.9	    0.0	    7.6	1	  420.0	 21	 1353.2	   15.3	
  181	  20.62	    0.0	 1500.0	    0.0	  574.3	 1254.1	    0.0	  200.0	  541.1	 1261.4	    0.0	  200.0	  100.0	   44.4	    0.0	    0.0	    0.0	    7.6	   12.3	  1	 -650.0	 1650.0	   44.4	    0.0	    7.6	1	  419.1	 21	 1352.6	   15.3	
  182	  20.63	    0.0	 1500.0	    0.0	  574.3	 1254.1	    0.0	  200.0	  541.1	 1261.4	    0.0	  200.0	  100.0	   44.0	    0.0	    0.0	    0.0	    7.6	   12.3	  1	 -650.0	 1650.0	   44.0	    0.0	    7.6	1	  418.2	 21	 1352.0	   15.2	
  183	  20.64	    0.0	 1500.0	    0.0	  574.3	 1254.1	    0.0	  200.0	  541.1	 1261.4	    0.0	  200.0	  100.0	   43.5	    0.0	    0.0	    0.0	    7.6	   12.4	  1	 -650.0	 1650.0	   43.5	    0.0	    7.6	1	  417.3	 21	 1351.4	   15.1	
  184	  20.65	    0.0	 1500.0	    0.0	  574.3	 1254.1	    0.0	  200.0	  541.1	 1261.4	    0.0	  200.0	  100.0	   43.1	    0.0	    0.0	    0.0	    7.6	   12.5	  1	 -650.0	 1650.0	   43.1	    0.0	    7.6	1	  416.4	 21	 1350.8	   15.1	
  185	  20.66	    0.0	 1500.0	    0.0	  574.3	 1254.1	    0.0	  200.0	  541.1	 1261.4	    0.0	  200.0	  100.0	   42.6	    0.0	    0.0	    0.0	    7.6	   12.5	  1	 -650.0	 1650.0	   42.6	    0.0	    7.6	1	  415.4	 21	 1350.2	   15.0	
  186	  20.67	    0.0	 1500.0	    0.0	  574.3	 1254.1	    0.0	  200.0	  541.1	 1261.4	    0.0	  200.0	  100.0	   42.2	    0.0	    0.0	    0.0	    7.6	   12.6	  1	 -650.0	 1650.0	   42.2	    0.0	    7.6	1	  414.5	 21	 1349.6	   15.0	
  187	  20.68	    0.0	 1500.0	    0.0	  574.3	 1254.1	    0.0	  200.0	  541.1	 1261.4	    0.0	  200.0	  100.0	   41.7	    0.0	    0.0	    0.0	    7.6	   12.7	  1	 -650.0	 1650.0	   41.7	    0.0	    7.6	1	  413.6	 21	 1349.0	   14.9	
  188	  20.69	    0.0	 1500.0	    0.0	  574.3	 1254.1	    0.0	  200.0	  541.1	 1261.4	    0.0	  200.0	  100.0	   41.2	    0.0	    0.0	    0.0	    7.6	   12.8	  1	 -650.0	 1650.0	   41.2	    0.0	    7.6	1	  412.7	 21	 1348.4	   14.8	
  189	  20.70	    0.0	 1500.0	    0.0	  574.3	 1254.1	    0.0	  200.0	  541.1	 1261.4	    0.0	  200.0	  100.0	   40.8	    0.0	    0.0	    0.0	    7.7	   12.8	  1	 -650.0	 1650.0	   40.8	    0.0	    7.7	1	  411.8	 21	 1347.9	   14.8	
  190	  20.71	    0.0	 1500.0	    0.0	  574.3	 1254.1	    0.0	  200.0	  541.1	 1261.4	    0.0	  200.0	  100.0	   40.3	    0.0	    0.0	    0.0	    7.7	   12.9	  1	 -650.0	 1650.0	   40.3	    0.0	    7.7	1	  410.9	 21	 1347.3	   14.7	
  191	  20.72	    0.0	 1500.0	    0.0	  574.3	 1254.1	    0.0	  200.0	  541.1	 1261.4	    0.0	  200.0	  100.0	   39.9	    0.0	    0.0	    0.0	    7.7	   13.0	  1	 -650.0	 1650.0	   39.9	    0.0	    7.7	1	  409.9	 21	 1346.7	   14.7	
  192	  20.73	    0.0	 1500.0	    0.0	  574.3	 1254.1	    0.0	  200.0	  541.1	 1261.4	    0.0	  200.0	  100.0	   39.4	    0.0	    0.0	    0.0	    7.7	   13.0	  1	 -650.0	 1650.0	   39.4	    0.0	    7.7	1	  409.0	 21	 1346.2	   14.6	
  193	  20.74	    0.0	 1500.0	    0.0	  574.3	 1254.1	    0.0	  200.0	  541.1	 1261.4	    0.0	  200.0	  100.0	   39.0	    0.0	    0.0	    0.0	    7.7	   13.1	  1	 -650.0	 1650.0	   39.0	    0.0	    7.7	1	  408.1	 21	 1345.7	   14.6	
  194	  20.75	    0.0	 1500.0	    0.0	  574.3	 1254.1	    0.0	  200.0	  541.1	 1261.4	    0.0	  200.0	  100.0	   38.5	    0.0	    0.0	    0.0	    7.7	   13.2	  1	 -650.0	 1650.0	   38.5	    0.0	    7.7	1	  407.2	 21	 1345.1	   14.5	
  195	  20.76	    0.0	 1500.0	    0.0	  574.3	 1254.1	    0.0	  200.0	  541.1	 1261.4	    0.0	  200.0	  100.0	   38.1	    0.0	    0.0	    0.0	    7.7	   13.2	  1	 -650.0	 1650.0	   38.1	    0.0	    7.7	1	  406.2	 21	 1344.6	   14.5	
  196	  20.77	    0.0	 1500.0	    0.0	  574.3	 1254.1	    0.0	  200.0	  541.1	 1261.4	    0.0	  200.0	  100.0	   37.6	    0.0	    0.0	    0.0	    7.7	   13.3	  1	 -650.0	 1650.0	   37.6	    0.0	    7.7	1	  405.3	 21	 1344.1	   14.4	
  197	  20.78	    0.0	 1500.0	    0.0	  574.3	 1254.1	    0.0	  200.0	  541.1	 1261.4	    0.0	  200.0	  100.0	   37.2	    0.0	    0.0	    0.0	    7.7	   13.4	  1	 -650.0	 1650.0	   37.2	    0.0	    7.7	1	  404.3	 21	 1343.5	   14.4	
  198	  20.79	    0.0	 1500.0	    0.0	  574.3	 1254.1	    0.0	  200.0	  541.1	 1261.4	    0.0	  200.0	  100.0	   36.7	    0.0	    0.0	    0.0	    7.7	   13.4	  1	 -650.0	 1650.0	   36.7	    0.0	    7.7	1	  403.4	 21	 1343.0	   14.3	
  199	  20.80	    0.0	 1500.0	    0.0	  574.3	 1254.1	    0.0	  200.0	  541.1	 1261.4	    0.0	  200.0	  100.0	   36.3	    0.0	    0.0	    0.0	    7.8	   13.5	  1	 -650.0	 1650.0	   36.3	    0.0	    7.8	1	  402.5	 21	 1342.5	   14.3	
  200	  20.81	    0.0	 1500.0	    0.0	  574.3	 1254.1	    0.0	  200.0	  541.1	 1261.4	    0.0	  200.0	  100.0	   35.8	    0.0	    0.0	    0.0	    7.8	   13.6	  1	 -650.0	 1650.0	   35.8	    0.0	    7.8	1	  401.5	 21	 1342.0	   14.2	
  201	  20.82	    0.0	 1500.0	    0.0	  574.3	 1254.1	    0.0	  200.0	  541.1	 1261.4	    0.0	  200.0	  100.0	   35.4	    0.0	    0.0	    0.0	    7.8	   13.6	  1	 -650.0	 1650.0	   35.4	    0.0	    7.8	1	  400.6	 21	 1341.6	   14.2	
  202	  20.83	    0.0	 1500.0	    0.0	  574.3	 1254.1	    0.0	  200.0	  541.1	 1261.4	    0.0	  200.0	  100.0	   34.9	    0.0	    0.0	    0.0	    7.8	   13.7	  1	 -650.0	 1650.0	   34.9	    0.0	    7.8	1	  399.6	 21	 1341.1	   14.1	
  203	  20.84	    0.0	 1500.0	    0.0	  574.3	 1254.1	    0.0	  200.0	  541.1	 1261.4	    0.0	  200.0	  100.0	   34.5	    0.0	    0.0	    0.0	    7.8	   13.8	  1	 -650.0	 1650.0	   34.5	    0.0	    7.8	1	  398.7	 21	 1340.6	   14.1	
  204	  20.85	    0.0	 1500.0	    0.0	  574.3	 1254.1	    0.0	  200.0	  541.1	 1261.4	    0.0	  200.0	  100.0	   34.0	    0.0	    0.0	    0.0	    7.8	   13.8	  1	 -650.0	 1650.0	   34.0	    0.0	    7.8	1	  397.7	 21	 1340.2	   14.0	
  205	  20.86	    0.0	 1500.0	    0.0	  574.3	 1254.1	    0.0	  200.0	  541.1	 1261.4	    0.0	  200.0	  100.0	   33.6	    0.0	    0.0	    0.0	    7.8	   13.9	  1	 -650.0	 1650.0	   33.6	    0.0	    7.8	1	  396.7	 21	 1339.7	   14.0	
  206	  20.87	    0.0	 1500.0	    0.0	  574.3	 1254.1	    0.0	  200.0	  541.1	 1261.4	    0.0	  200.0	  100.0	   33.1	    0.0	    0.0	    0.0	    7.8	   14.0	  1	 -650.0	 1650.0	   33.1	    0.0	    7.8	1	  395.8	 21	 1339.3	   13.9	
  207	  20.88	    0.0	 1500.0	    0.0	  574.3	 1254.1	    0.0	  200.0	  541.1	 1261.4	    0.0	  200.0	  100.0	   32.7	    0.0	    0.0	    0.0	    7.8	   14.0	  1	 -650.0	 1650.0	   32.7	    0.0	    7.8	1	  394.8	 21	 1338.9	   13.9	
  208	  20.89	    0.0	 1500.0	    0.0	  574.3	 1254.1	    0.0	  200.0	  541.1	 1261.4	    0.0	  200.0	  100.0	   32.2	    0.0	    0.0	    0.0	    7.8	   14.1	  1	 -650.0	 1650.0	   32.2	    0.0	    7.8	1	  393.9	 21	 1338.5	   13.8	
  209	  20.90	    0.0	 1500.0	    0.0	  574.3	 1254.1	    0.0	  200.0	  541.1	 1261.4	    0.0	  200.0	  100.0	   31.7	    0.0	    0.0	    0.0	    7.9	   14.2	  1	 -650.0	 1650.0	   31.7	    0.0	    7.9	1	  392.9	 21	 1338.1	   13.8	
  210	  20.91	    0.0	 1500.0	    0.0	  574.3	 1254.1	    0.0	  200.0	  541.1	 1261.4	    0.0	  200.0	  100.0	   31.3	    0.0	    0.0	    0.0	    7.9	   14.2	  1	 -650.0	 1650.0	   31.3	    0.0	    7.9	1	  391.9	 21	 1337.7	   13.8	
  211	  20.92	    0.0	 1500.0	    0.0	  574.3	 1254.1	    0.0	  200.0	  541.1	 1261.4	    0.0	  200.0	  100.0	   30.8	    0.0	    0.0	    0.0	    7.9	   14.3	  1	 -650.0	 1650.0	   30.8	    0.0	    7.9	1	  390.9	 21	 1337.3	   13.7	
  212	  20.93	    0.0	 1500.0	    0.0	  574.3	 1254.1	    0.0	  200.0	  541.1	 1261.4	    0.0	  200.0	  100.0	   30.4	    0.0	    0.0	    0.0	    7.9	   14.4	  1	 -650.0	 1650.0	   30.4	    0.0	    7.9	1	  390.0	 21	 1336.9	   13.7	
  213	  20.94	    0.0	 1500.0	    0.0	  574.3	 1254.1	    0.0	  200.0	  541.1	 1261.4	    0.0	  200.0	  100.0	   29.9	    0.0	    0.0	    0.0	    7.9	   14.4	  1	 -650.0	 1650.0	   29.9	    0.0	    7.9	1	  389.0	 21	 1336.6	   13.7	
  214	  20.95	    0.0	 1500.0	    0.0	  574.3	 1254.1	    0.0	  200.0	  541.1	 1261.4	    0.0	  200.0	  100.0	   29.5	    0.0	    0.0	    0.0	    7.9	   14.5	  1	 -650.0	 1650.0	   29.5	    0.0	    7.9	1	  388.0	 21	 1336.2	   13.6	
  215	  20.96	    0.0	 1500.0	    0.0	  574.3	 1254.1	    0.0	  200.0	  541.1	 1261.4	    0.0	  200.0	  100.0	   29.0	    0.0	    0.0	    0.0	    7.9	   14.6	  1	 -650.0	 1650.0	   29.0	    0.0	    7.9	1	  387.0	 21	 1335.9	   13.6	
  216	  20.97	    0.0	 1500.0	    0.0	  574.3	 1254.1	    0.0	  200.0	  541.1	 1261.4	    0.0	  200.0	  100.0	   28.6	    0.0	    0.0	    0.0	    7.9	   14.7	  1	 -650.0	 1650.0	   28.6	    0.0	    7.9	1	  386.1	 21	 1335.6	   13.6	
  217	  20.98	    0.0	 1500.0	    0.0	  574.3	 1254.1	    0.0	  200.0	  541.1	 1261.4	    0.0	  200.0	  100.0	   28.1	    0.0	    0.0	    0.0	    7.9	   14.7	  1	 -650.0	 1650.0	   28.1	    0.0	    7.9	1	  385.1	 21	 1335.3	   13.5	
  218	  20.99	    0.0	 1500.0	    0.0	  574.3	 1254.1	    0.0	  200.0	  541.1	 1261.4	    0.0	  200.0	  100.0	   27.7	    0.0	    0.0	    0.0	    7.9	   14.8	  1	 -650.0	 1650.0	   27.7	    0.0	    7.9	1	  384.1	 21	 1335.0	   13.5	
  219	  21.00	    0.0	 1500.0	    0.0	  574.3	 1254.1	    0.0	  200.0	  541.1	 1261.4	    0.0	  200.0	  100.0	   27.2	    0.0	    0.0	    0.0	    8.0	   14.9	  1	 -650.0	 1650.0	   27.2	    0.0	    8.0	1	  383.1	 21	 1334.7	   13.5	
  220	  21.01	    0.0	 1500.0	    0.0	  574.3	 1254.1	    0.0	  200.0	  541.1	 1261.4	    0.0	  200.0	  100.0	   26.8	    0.0	    0.0	    0.0	    8.0	   14.9	  1	 -650.0	 1650.0	   26.8	    0.0	    8.0	1	  382.1	 21	 1334.5	   13.4	
  221	  21.02	    0.0	 1500.0	    0.0	  574.3	 1254.1	    0.0	  200.0	  541.1	 1261.4	    0.0	  200.0	  100.0	   26.3	    0.0	    0.0	    0.0	    8.0	   15.0	  1	 -650.0	 1650.0	   26.3	    0.0	    8.0	1	  381.1	 21	 1334.2	   13.4	
  222	  21.03	    0.0	 1500.0	    0.0	  574.3	 1254.1	    0.0	  200.0	  541.1	 1261.4	    0.0	  200.0	  100.0	   25.9	    0.0	    0.0	    0.0	    8.0	   15.1	  1	 -650.0	 1650.0	   25.9	    0.0	    8.0	1	  380.1	 21	 1334.0	   13.4	
  223	  21.04	    0.0	 1500.0	    0.0	  574.3	 1254.1	    0.0	  200.0	  541.1	 1261.4	    0.0	  200.0	  100.0	   25.4	    0.0	    0.0	    0.0	    8.0	   15.1	  1	 -650.0	 1650.0	   25.4	    0.0	    8.0	1	  379.1	 21	 1333.8	   13.4	
  224	  21.05	    0.0	 1500.0	    0.0	  574.3	 1254.1	    0.0	  200.0	  541.1	 1261.4	    0.0	  200.0	  100.0	   25.0	    0.0	    0.0	    0.0	    8.0	   15.2	  1	 -650.0	 1650.0	   25.0	    0.0	    8.0	1	  378.1	 21	 1333.6	   13.4	
  225	  21.06	    0.0	 1500.0	    0.0	  574.3	 1254.1	    0.0	  200.0	  541.1	 1261.4	    0.0	  200.0	  100.0	   24.5	    0.0	    0.0	    0.0	    8.0	   15.3	  1	 -650.0	 1650.0	   24.5	    0.0	    8.0	1	  377.1	 21	 1333.5	   13.3	
  226	  21.07	    0.0	 1500.0	    0.0	  574.3	 1254.1	    0.0	  200.0	  541.1	 1261.4	    0.0	  200.0	  100.0	   24.1	    0.0	    0.0	    0.0	    8.0	   15.3	  1	 -650.0	 1650.0	   24.1	    0.0	    8.0	1	  376.1	 21	 1333.3	   13.3	
  227	  21.08	    0.0	 1500.0	    0.0	  574.3	 1254.1	    0.0	  200.0	  541.1	 1261.4	    0.0	  200.0	  100.0	   23.6	    0.0	    0.0	    0.0	    8.0	   15.4	  1	 -650.0	 1650.0	   23.6	    0.0	    8.0	1	  375.1	 21	 1333.2	   13.3	
  228	  21.09	    0.0	 1500.0	    0.0	  574.3	 1254.1	    0.0	  200.0	  541.1	 1261.4	    0.0	  200.0	  100.0	   23.2	    0.0	    0.0	    0.0	    8.1	   15.5	  1	 -650.0	 1650.0	   23.2	    0.0	    8.1	1	  374.1	 21	 1333.1	   13.3	
  229	  21.10	    0.0	 1500.0	    0.0	  574.3	 1254.1	    0.0	  200.0	  541.1	 1261.4	    0.0	  200.0	  100.0	   22.7	    0.0	    0.0	    0.0	    8.1	   15.5	  1	 -650.0	 1650.0	   22.7	    0.0	    8.1	1	  373.1	 21	 1333.0	   13.3	
  230	  21.11	    0.0	 1500.0	    0.0	  574.3	 1254.1	    0.0	  200.0	  541.1	 1261.4	    0.0	  200.0	  100.0	   22.2	    0.0	    0.0	    0.0	    8.1	   15.6	  1	 -650.0	 1650.0	   22.2	    0.0	    8.1	1	  372.1	 21	 1333.0	   13.3	
  231	  21.12	    0.0	 1500.0	    0.0	  574.3	 1254.1	    0.0	  200.0	  541.1	 1261.4	    0.0	  200.0	  100.0	   21.8	    0.0	    0.0	    0.0	    8.1	   15.7	  1	 -650.0	 1650.0	   21.8	    0.0	    8.1	1	  371.1	 21	 1332.9	   13.3	
  232	  21.13	    0.0	 1500.0	    0.0	  574.3	 1254.1	    0.0	  200.0	  541.1	 1261.4	    0.0	  200.0	  100.0	   21.3	    0.0	    0.0	    0.0	    8.1	   15.7	  1	 -650.0	 1650.0	   21.3	    0.0	    8.1	1	  370.0	 21	 1332.9	   13.3	
