    1	   0.10	    0.0	 1500.0	    0.0	    0.0	    0.0	    0.0	    0.0	    0.0	    0.0	    0.0	    0.0	  100.0	  100.0	    0.0	    0.0	    0.0	    0.0	    0.0	  1	-1000.0	  500.0	  100.0	    0.0	    0.0	1	  526.5	 21	 1371.8	  -28.2	
    2	   0.20	  -16.5	 1488.8	 -146.0	    0.0	    0.0	    0.0	    0.0	    0.0	    0.0	    0.0	    0.0	  100.0	   99.7	    0.0	    0.0	    0.0	    0.0	    0.1	  1	  -50.0	 1250.0	   99.7	    0.0	    0.0	1	  217.3	 21	 1390.1	   19.0	
    3	   0.30	  -23.4	 1453.0	  -97.6	    0.0	    0.0	    0.0	    0.0	    0.0	    0.0	    0.0	    0.0	  100.0	   99.5	    0.0	    0.0	    0.0	    0.0	    0.1	  1	  -50.0	 1250.0	   99.5	    0.0	    0.0	1	  181.7	 21	 1389.7	   19.0	
    4	   0.40	  -29.1	 1409.8	  -97.4	    0.0	    0.0	    0.0	    0.0	    0.0	    0.0	    0.0	    0.0	  100.0	   99.2	    0.0	    0.0	    0.0	    0.0	    0.1	  1	  -50.0	 1250.0	   99.2	    0.0	    0.0	1	  146.0	 21	 1389.3	   18.9	
    5	   0.50	  -32.7	 1374.9	  -95.8	    0.0	    0.0	    0.0	    0.0	    0.0	    0.0	    0.0	    0.0	  100.0	   98.9	    0.0	    0.0	    0.0	    0.0	    0.2	  1	  -50.0	 1250.0	   98.9	    0.0	    0.0	1	  110.8	 21	    0.0	    0.0	
    6	   0.60	  -37.5	 1347.4	 -100.5	    0.0	    0.0	    0.0	    0.0	    0.0	    0.0	    0.0	    0.0	  100.0	   98.6	    0.0	    0.0	    0.0	    0.0	    0.2	  1	  -50.0	 1250.0	   98.6	    0.0	    0.0	1	   91.0	 21	    0.0	    0.0	
    7	   0.70	  -39.6	 1324.6	  -94.6	    0.0	    0.0	    0.0	    0.0	    0.0	    0.0	    0.0	    0.0	  100.0	   98.3	    0.0	    0.0	    0.0	    0.0	    0.2	  1	  -50.0	 1250.0	   98.3	    0.0	    0.0	1	   63.8	 21	    0.0	    0.0	
    8	   0.80	  -39.8	 1322.8	  -97.9	    0.0	    0.0	    0.0	    0.0	    0.0	    0.0	    0.0	    0.0	  100.0	   98.0	    0.0	    0.0	    0.0	    0.0	    0.3	  1	  -50.0	 1250.0	   98.0	    0.0	    0.0	1	   63.5	 21	    0.0	    0.0	
    9	   0.90	  -39.8	 1322.8	  -98.0	    0.0	    0.0	    0.0	    0.0	    0.0	    0.0	    0.0	    0.0	  100.0	   97.7	    0.0	    0.0	    0.0	    0.0	    0.3	  1	  -50.0	 1250.0	   97.7	    0.0	    0.0	1	   63.5	 21	    0.0	    0.0	
   10	   1.00	  -39.8	 1322.8	  -98.0	    0.0	    0.0	    0.0	    0.0	    0.0	    0.0	    0.0	    0.0	  100.0	   97.4	    0.0	    0.0	    0.0	    0.0	    0.4	  1	  -50.0	 1250.0	   97.4	    0.0	    0.0	1	   63.5	 21	    0.0	    0.0	
   11	   1.10	  -39.8	 1322.8	  -98.0	    0.0	    0.0	    0.0	    0.0	    0.0	    0.0	    0.0	    0.0	  100.0	   97.1	    0.0	    0.0	    0.0	    0.0	    0.4	  1	  -50.0	 1250.0	   97.1	    0.0	    0.0	1	   63.5	 21	    0.0	    0.0	
   12	   1.20	  -39.8	 1322.8	  -98.0	    0.0	    0.0	    0.0	    0.0	    0.0	    0.0	    0.0	    0.0	  100.0	   96.8	    0.0	    0.0	    0.0	    0.0	    0.4	  1	  -50.0	 1250.0	   96.8	    0.0	    0.0	1	   63.5	 21	 1399.7	   20.0	
   13	   1.30	  -39.8	 1322.8	  -98.0	    0.0	    0.0	    0.0	    0.0	    0.0	    0.0	    0.0	    0.0	  100.0	   96.5	    0.0	    0.0	    0.0	    0.0	    0.5	  1	  -50.0	 1250.0	   96.5	    0.0	    0.0	1	   63.5	 21	 1399.2	   19.9	
   14	   1.40	  -39.8	 1322.8	  -98.0	    0.0	    0.0	    0.0	    0.0	    0.0	    0.0	    0.0	    0.0	  100.0	   96.2	    0.0	    0.0	    0.0	    0.0	    0.5	  1	  -50.0	 1250.0	   96.2	    0.0	    0.0	1	   63.5	 21	 1398.8	   19.9	
   15	   1.50	  -39.8	 1322.8	  -98.0	    0.0	    0.0	    0.0	    0.0	    0.0	    0.0	    0.0	    0.0	  100.0	   95.9	    0.0	    0.0	    0.0	    0.0	    0.5	  1	  -50.0	 1250.0	   95.9	    0.0	    0.0	1	   63.5	 21	 1398.3	   19.8	
   16	   1.60	  -39.8	 1322.8	  -98.0	    0.0	    0.0	    0.0	    0.0	    0.0	    0.0	    0.0	    0.0	  100.0	   95.6	    0.0	    0.0	    0.0	    0.0	    0.6	  1	  -50.0	 1250.0	   95.6	    0.0	    0.0	1	   63.5	 21	 1397.8	   19.8	
   17	   1.70	  -39.8	 1322.8	  -98.0	    0.0	    0.0	    0.0	    0.0	    0.0	    0.0	    0.0	    0.0	  100.0	   95.3	    0.0	    0.0	    0.0	    0.0	    0.6	  1	  -50.0	 1250.0	   95.3	    0.0	    0.0	1	   63.5	 21	 1397.3	   19.7	
   18	   1.80	  -39.8	 1322.8	  -98.0	    0.0	    0.0	    0.0	    0.0	    0.0	    0.0	    0.0	    0.0	  100.0	   95.0	    0.0	    0.0	    0.0	    0.0	    0.7	  1	  -50.0	 1250.0	   95.0	    0.0	    0.0	1	   63.5	 21	 1396.9	   19.7	
   19	   1.90	  -39.8	 1322.8	  -98.0	    0.0	    0.0	    0.0	    0.0	    0.0	    0.0	    0.0	    0.0	  100.0	   94.7	    0.0	    0.0	    0.0	    0.0	    0.7	  1	  -50.0	 1250.0	   94.7	    0.0	    0.0	1	   63.5	 21	 1396.4	   19.6	
   20	   2.00	  -39.8	 1322.8	  -98.0	    0.0	    0.0	    0.0	    0.0	    0.0	    0.0	    0.0	    0.0	  100.0	   94.4	    0.0	    0.0	    0.0	    0.0	    0.7	  1	  -50.0	 1250.0	   94.4	    0.0	    0.0	1	   63.5	 21	 1395.9	   19.6	
   21	   2.10	  -39.8	 1322.8	  -98.0	    0.0	    0.0	    0.0	    0.0	    0.0	    0.0	    0.0	    0.0	  100.0	   94.1	    0.0	    0.0	    0.0	    0.0	    0.8	  1	  -50.0	 1250.0	   94.1	    0.0	    0.0	1	   63.5	 21	 1395.4	   19.5	
   22	   2.20	  -39.8	 1322.8	  -98.0	    0.0	    0.0	    0.0	    0.0	    0.0	    0.0	    0.0	    0.0	  100.0	   93.8	    0.0	    0.0	    0.0	    0.0	    0.8	  1	  -50.0	 1250.0	   93.8	    0.0	    0.0	1	   63.5	 21	 1395.0	   19.5	
   23	   2.30	  -39.8	 1322.8	  -98.0	    0.0	    0.0	    0.0	    0.0	    0.0	    0.0	    0.0	    0.0	  100.0	   93.5	    0.0	    0.0	    0.0	    0.0	    0.8	  1	  -50.0	 1250.0	   93.5	    0.0	    0.0	1	   63.5	 21	 1394.5	   19.4	
   24	   2.40	  -39.8	 1322.8	  -98.0	    0.0	    0.0	    0.0	    0.0	    0.0	    0.0	    0.0	    0.0	  100.0	   93.1	    0.0	    0.0	    0.0	    0.0	    0.9	  1	  -50.0	 1250.0	   93.1	    0.0	    0.0	1	   63.5	 21	 1394.0	   19.4	
   25	   2.50	  -39.8	 1322.8	  -98.0	    0.0	    0.0	    0.0	    0.0	    0.0	    0.0	    0.0	    0.0	  100.0	   92.8	    0.0	    0.0	    0.0	    0.0	    0.9	  1	  -50.0	 1250.0	   92.8	    0.0	    0.0	1	   63.5	 21	 1393.6	   19.4	
   26	   2.60	  -39.8	 1322.8	  -98.0	    0.0	    0.0	    0.0	    0.0	    0.0	    0.0	    0.0	    0.0	  100.0	   92.5	    0.0	    0.0	    0.0	    0.0	    0.9	  1	  -50.0	 1250.0	   92.5	    0.0	    0.0	1	   63.5	 21	 1393.1	   19.3	
   27	   2.70	  -39.8	 1322.8	  -98.0	    0.0	    0.0	    0.0	    0.0	    0.0	    0.0	    0.0	    0.0	  100.0	   92.2	    0.0	    0.0	    0.0	    0.0	    1.0	  1	  -50.0	 1250.0	   92.2	    0.0	    0.0	1	   63.5	 21	 1392.6	   19.3	
   28	   2.80	  -39.8	 1322.8	  -98.0	    0.0	    0.0	    0.0	    0.0	    0.0	    0.0	    0.0	    0.0	  100.0	   91.9	    0.0	    0.0	    0.0	    0.0	    1.0	  1	  -50.0	 1250.0	   91.9	    0.0	    0.0	1	   63.5	 21	 1392.1	   19.2	
   29	   2.90	  -39.8	 1322.8	  -98.0	    0.0	    0.0	    0.0	    0.0	    0.0	    0.0	    0.0	    0.0	  100.0	   91.6	    0.0	    0.0	    0.0	    0.0	    1.1	  1	  -50.0	 1250.0	   91.6	    0.0	    0.0	1	   63.5	 21	 1391.7	   19.2	
   30	   3.00	  -39.8	 1322.8	  -98.0	    0.0	    0.0	    0.0	    0.0	    0.0	    0.0	    0.0	    0.0	  100.0	   91.3	    0.0	    0.0	    0.0	    0.0	    1.1	  1	  -50.0	 1250.0	   91.3	    0.0	    0.0	1	   63.5	 21	 1391.2	   19.1	
   31	   3.10	  -39.8	 1322.8	  -98.0	    0.0	    0.0	    0.0	    0.0	    0.0	    0.0	    0.0	    0.0	  100.0	   91.0	    0.0	    0.0	    0.0	    0.0	    1.1	  1	  -50.0	 1250.0	   91.0	    0.0	    0.0	1	   63.5	 21	 1390.7	   19.1	
   32	   3.20	  -39.8	 1322.8	  -98.0	    0.0	    0.0	    0.0	    0.0	    0.0	    0.0	    0.0	    0.0	  100.0	   90.7	    0.0	    0.0	    0.0	    0.0	    1.2	  1	  -50.0	 1250.0	   90.7	    0.0	    0.0	1	   63.5	 21	 1390.2	   19.0	
   33	   3.30	  -39.8	 1322.8	  -98.0	    0.0	    0.0	    0.0	    0.0	    0.0	    0.0	    0.0	    0.0	  100.0	   90.4	    0.0	    0.0	    0.0	    0.0	    1.2	  1	  -50.0	 1250.0	   90.4	    0.0	    0.0	1	   63.5	 21	 1389.8	   19.0	
   34	   3.40	  -39.8	 1322.8	  -98.0	    0.0	    0.0	    0.0	    0.0	    0.0	    0.0	    0.0	    0.0	  100.0	   90.1	    0.0	    0.0	    0.0	    0.0	    1.2	  1	  -50.0	 1250.0	   90.1	    0.0	    0.0	1	   63.5	 21	 1389.3	   18.9	
   35	   3.50	  -39.8	 1322.8	  -98.0	    0.0	    0.0	    0.0	    0.0	    0.0	    0.0	    0.0	    0.0	  100.0	   89.8	    0.0	    0.0	    0.0	    0.0	    1.3	  1	  -50.0	 1250.0	   89.8	    0.0	    0.0	1	   63.5	 21	 1388.8	   18.9	
   36	   3.60	  -39.8	 1322.8	  -98.0	    0.0	    0.0	    0.0	    0.0	    0.0	    0.0	    0.0	    0.0	  100.0	   89.5	    0.0	    0.0	    0.0	    0.0	    1.3	  1	  -50.0	 1250.0	   89.5	    0.0	    0.0	1	   63.5	 21	 1388.3	   18.8	
   37	   3.70	  -39.8	 1322.8	  -98.0	    0.0	    0.0	    0.0	    0.0	    0.0	    0.0	    0.0	    0.0	  100.0	   89.2	    0.0	    0.0	    0.0	    0.0	    1.4	  1	  -50.0	 1250.0	   89.2	    0.0	    0.0	1	   63.5	 21	 1387.9	   18.8	
   38	   3.80	  -39.8	 1322.8	  -98.0	    0.0	    0.0	    0.0	    0.0	    0.0	    0.0	    0.0	    0.0	  100.0	   88.9	    0.0	    0.0	    0.0	    0.0	    1.4	  1	  -50.0	 1250.0	   88.9	    0.0	    0.0	1	   63.5	 21	 1387.4	   18.7	
   39	   3.90	  -39.8	 1322.8	  -98.0	    0.0	    0.0	    0.0	    0.0	    0.0	    0.0	    0.0	    0.0	  100.0	   88.6	    0.0	    0.0	    0.0	    0.0	    1.4	  1	  -50.0	 1250.0	   88.6	    0.0	    0.0	1	   63.5	 21	 1386.9	   18.7	
   40	   4.00	  -39.8	 1322.8	  -98.0	    0.0	    0.0	    0.0	    0.0	    0.0	    0.0	    0.0	    0.0	  100.0	   88.3	    0.0	    0.0	    0.0	    0.0	    1.5	  1	  -50.0	 1250.0	   88.3	    0.0	    0.0	1	   63.5	 21	 1386.4	   18.6	
   41	   4.10	  -39.8	 1322.8	  -98.0	    0.0	    0.0	    0.0	    0.0	    0.0	    0.0	    0.0	    0.0	  100.0	   88.0	    0.0	    0.0	    0.0	    0.0	    1.5	  1	  -50.0	 1250.0	   88.0	    0.0	    0.0	1	   63.5	 21	 1386.0	   18.6	
   42	   4.20	  -39.8	 1322.8	  -98.0	    0.0	    0.0	    0.0	    0.0	    0.0	    0.0	    0.0	    0.0	  100.0	   87.7	    0.0	    0.0	    0.0	    0.0	    1.5	  1	  -50.0	 1250.0	   87.7	    0.0	    0.0	1	   63.5	 21	 1385.5	   18.5	
   43	   4.30	  -39.8	 1322.8	  -98.0	    0.0	    0.0	    0.0	    0.0	    0.0	    0.0	    0.0	    0.0	  100.0	   87.4	    0.0	    0.0	    0.0	    0.0	    1.6	  1	  -50.0	 1250.0	   87.4	    0.0	    0.0	1	   63.5	 21	 1385.0	   18.5	
   44	   4.40	  -39.8	 1322.8	  -98.0	    0.0	    0.0	    0.0	    0.0	    0.0	    0.0	    0.0	    0.0	  100.0	   87.1	    0.0	    0.0	    0.0	    0.0	    1.6	  1	  -50.0	 1250.0	   87.1	    0.0	    0.0	1	   63.5	 21	 1384.5	   18.5	
   45	   4.50	  -39.8	 1322.8	  -98.0	    0.0	    0.0	    0.0	    0.0	    0.0	    0.0	    0.0	    0.0	  100.0	   86.8	    0.0	    0.0	    0.0	    0.0	    1.7	  1	  -50.0	 1250.0	   86.8	    0.0	    0.0	1	   63.5	 21	 1384.1	   18.4	
   46	   4.60	  -39.8	 1322.8	  -98.0	    0.0	    0.0	    0.0	    0.0	    0.0	    0.0	    0.0	    0.0	  100.0	   86.5	    0.0	    0.0	    0.0	    0.0	    1.7	  1	  -50.0	 1250.0	   86.5	    0.0	    0.0	1	   63.5	 21	 1383.6	   18.4	
   47	   4.70	  -39.8	 1322.8	  -98.0	    0.0	    0.0	    0.0	    0.0	    0.0	    0.0	    0.0	    0.0	  100.0	   86.2	    0.0	    0.0	    0.0	    0.0	    1.7	  1	  -50.0	 1250.0	   86.2	    0.0	    0.0	1	   63.5	 21	 1383.1	   18.3	
   48	   4.80	  -39.8	 1322.8	  -98.0	    0.0	    0.0	    0.0	    0.0	    0.0	    0.0	    0.0	    0.0	  100.0	   85.9	    0.0	    0.0	    0.0	    0.0	    1.8	  1	  -50.0	 1250.0	   85.9	    0.0	    0.0	1	   63.5	 21	 1382.6	   18.3	
   49	   4.90	  -39.8	 1322.8	  -98.0	    0.0	    0.0	    0.0	    0.0	    0.0	    0.0	    0.0	    0.0	  100.0	   85.6	    0.0	    0.0	    0.0	    0.0	    1.8	  1	  -50.0	 1250.0	   85.6	    0.0	    0.0	1	   63.5	 21	 1382.2	   18.2	
   50	   5.00	  -39.8	 1322.8	  -98.0	    0.0	    0.0	    0.0	    0.0	    0.0	    0.0	    0.0	    0.0	  100.0	   85.3	    0.0	    0.0	    0.0	    0.0	    1.8	  1	  -50.0	 1250.0	   85.3	    0.0	    0.0	1	   63.5	 21	 1381.7	   18.2	
   51	   5.10	  -39.8	 1322.8	  -98.0	    0.0	    0.0	    0.0	    0.0	    0.0	    0.0	    0.0	    0.0	  100.0	   85.0	    0.0	    0.0	    0.0	    0.0	    1.9	  1	  -50.0	 1250.0	   85.0	    0.0	    0.0	1	   63.5	 21	 1381.2	   18.1	
   52	   5.20	  -39.8	 1322.8	  -98.0	    0.0	    0.0	    0.0	    0.0	    0.0	    0.0	    0.0	    0.0	  100.0	   84.7	    0.0	    0.0	    0.0	    0.0	    1.9	  1	  -50.0	 1250.0	   84.7	    0.0	    0.0	1	   63.5	 21	 1380.8	   18.1	
   53	   5.30	  -39.8	 1322.8	  -98.0	    0.0	    0.0	    0.0	    0.0	    0.0	    0.0	    0.0	    0.0	  100.0	   84.3	    0.0	    0.0	    0.0	    0.0	    1.9	  1	  -50.0	 1250.0	   84.3	    0.0	    0.0	1	   63.5	 21	 1380.3	   18.0	
   54	   5.40	  -39.8	 1322.8	  -98.0	    0.0	    0.0	    0.0	    0.0	    0.0	    0.0	    0.0	    0.0	  100.0	   84.0	    0.0	    0.0	    0.0	    0.0	    2.0	  1	  -50.0	 1250.0	   84.0	    0.0	    0.0	1	   63.5	 21	 1379.8	   18.0	
   55	   5.50	  -39.8	 1322.8	  -98.0	    0.0	    0.0	    0.0	    0.0	    0.0	    0.0	    0.0	    0.0	  100.0	   83.7	    0.0	    0.0	    0.0	    0.0	    2.0	  1	  -50.0	 1250.0	   83.7	    0.0	    0.0	1	   63.5	 21	 1379.3	   17.9	
   56	   5.60	  -39.8	 1322.8	  -98.0	    0.0	    0.0	    0.0	    0.0	    0.0	    0.0	    0.0	    0.0	  100.0	   83.4	    0.0	    0.0	    0.0	    0.0	    2.1	  1	  -50.0	 1250.0	   83.4	    0.0	    0.0	1	   63.5	 21	 1378.9	   17.9	
   57	   5.70	  -39.8	 1322.8	  -98.0	    0.0	    0.0	    0.0	    0.0	    0.0	    0.0	    0.0	    0.0	  100.0	   83.1	    0.0	    0.0	    0.0	    0.0	    2.1	  1	  -50.0	 1250.0	   83.1	    0.0	    0.0	1	   63.5	 21	 1378.4	   17.8	
   58	   5.80	  -39.8	 1322.8	  -98.0	    0.0	    0.0	    0.0	    0.0	    0.0	    0.0	    0.0	    0.0	  100.0	   82.8	    0.0	    0.0	    0.0	    0.0	    2.1	  1	  -50.0	 1250.0	   82.8	    0.0	    0.0	1	   63.5	 21	 1377.9	   17.8	
   59	   5.90	  -39.8	 1322.8	  -98.0	    0.0	    0.0	    0.0	    0.0	    0.0	    0.0	    0.0	    0.0	  100.0	   82.5	    0.0	    0.0	    0.0	    0.0	    2.2	  1	  -50.0	 1250.0	   82.5	    0.0	    0.0	1	   63.5	 21	 1377.4	   17.7	
   60	   6.00	  -39.8	 1322.8	  -98.0	    0.0	    0.0	    0.0	    0.0	    0.0	    0.0	    0.0	    0.0	  100.0	   82.2	    0.0	    0.0	    0.0	    0.0	    2.2	  1	  -50.0	 1250.0	   82.2	    0.0	    0.0	1	   63.5	 21	 1377.0	   17.7	
   61	   6.10	  -39.8	 1322.8	  -98.0	    0.0	    0.0	    0.0	    0.0	    0.0	    0.0	    0.0	    0.0	  100.0	   81.9	    0.0	    0.0	    0.0	    0.0	    2.2	  1	  -50.0	 1250.0	   81.9	    0.0	    0.0	1	   63.5	 21	 1376.5	   17.6	
   62	   6.20	  -39.8	 1322.8	  -98.0	    0.0	    0.0	    0.0	    0.0	    0.0	    0.0	    0.0	    0.0	  100.0	   81.6	    0.0	    0.0	    0.0	    0.0	    2.3	  1	  -50.0	 1250.0	   81.6	    0.0	    0.0	1	   63.5	 21	 1376.0	   17.6	
   63	   6.30	  -39.8	 1322.8	  -98.0	    0.0	    0.0	    0.0	    0.0	    0.0	    0.0	    0.0	    0.0	  100.0	   81.3	    0.0	    0.0	    0.0	    0.0	    2.3	  1	  -50.0	 1250.0	   81.3	    0.0	    0.0	1	   63.5	 21	 1375.5	   17.6	
   64	   6.40	  -39.8	 1322.8	  -98.0	    0.0	    0.0	    0.0	    0.0	    0.0	    0.0	    0.0	    0.0	  100.0	   81.0	    0.0	    0.0	    0.0	    0.0	    2.4	  1	  -50.0	 1250.0	   81.0	    0.0	    0.0	1	   63.5	 21	 1375.1	   17.5	
   65	   6.50	  -39.8	 1322.8	  -98.0	    0.0	    0.0	    0.0	    0.0	    0.0	    0.0	    0.0	    0.0	  100.0	   80.7	    0.0	    0.0	    0.0	    0.0	    2.4	  1	  -50.0	 1250.0	   80.7	    0.0	    0.0	1	   63.5	 21	 1374.6	   17.5	
   66	   6.60	  -39.8	 1322.8	  -98.0	    0.0	    0.0	    0.0	    0.0	    0.0	    0.0	    0.0	    0.0	  100.0	   80.4	    0.0	    0.0	    0.0	    0.0	    2.4	  1	  -50.0	 1250.0	   80.4	    0.0	    0.0	1	   63.5	 21	 1374.1	   17.4	
   67	   6.70	  -39.8	 1322.8	  -98.0	    0.0	    0.0	    0.0	    0.0	    0.0	    0.0	    0.0	    0.0	  100.0	   80.1	    0.0	    0.0	    0.0	    0.0	    2.5	  1	  -50.0	 1250.0	   80.1	    0.0	    0.0	1	   63.5	 21	 1373.6	   17.4	
   68	   6.80	  -39.8	 1322.8	  -98.0	    0.0	    0.0	    0.0	    0.0	    0.0	    0.0	    0.0	    0.0	  100.0	   79.8	    0.0	    0.0	    0.0	    0.0	    2.5	  1	  -50.0	 1250.0	   79.8	    0.0	    0.0	1	   63.5	 21	 1373.2	   17.3	
   69	   6.90	  -39.8	 1322.8	  -98.0	    0.0	    0.0	    0.0	    0.0	    0.0	    0.0	    0.0	    0.0	  100.0	   79.5	    0.0	    0.0	    0.0	    0.0	    2.5	  1	  -50.0	 1250.0	   79.5	    0.0	    0.0	1	   63.5	 21	 1372.7	   17.3	
   70	   7.00	  -39.8	 1322.8	  -98.0	    0.0	    0.0	    0.0	    0.0	    0.0	    0.0	    0.0	    0.0	  100.0	   79.2	    0.0	    0.0	    0.0	    0.0	    2.6	  1	  -50.0	 1250.0	   79.2	    0.0	    0.0	1	   63.5	 21	 1372.2	   17.2	
   71	   7.10	  -39.8	 1322.8	  -98.0	    0.0	    0.0	    0.0	    0.0	    0.0	    0.0	    0.0	    0.0	  100.0	   78.9	    0.0	    0.0	    0.0	    0.0	    2.6	  1	  -50.0	 1250.0	   78.9	    0.0	    0.0	1	   63.5	 21	 1371.7	   17.2	
   72	   7.20	  -39.8	 1322.8	  -98.0	    0.0	    0.0	    0.0	    0.0	    0.0	    0.0	    0.0	    0.0	  100.0	   78.6	    0.0	    0.0	    0.0	    0.0	    2.7	  1	  -50.0	 1250.0	   78.6	    0.0	    0.0	1	   63.5	 21	 1371.3	   17.1	
   73	   7.30	  -39.8	 1322.8	  -98.0	    0.0	    0.0	    0.0	    0.0	    0.0	    0.0	    0.0	    0.0	  100.0	   78.3	    0.0	    0.0	    0.0	    0.0	    2.7	  1	  -50.0	 1250.0	   78.3	    0.0	    0.0	1	   63.5	 21	 1370.8	   17.1	
   74	   7.40	  -39.8	 1322.8	  -98.0	    0.0	    0.0	    0.0	    0.0	    0.0	    0.0	    0.0	    0.0	  100.0	   78.0	    0.0	    0.0	    0.0	    0.0	    2.7	  1	  -50.0	 1250.0	   78.0	    0.0	    0.0	1	   63.5	 21	 1370.3	   17.0	
   75	   7.50	  -39.8	 1322.8	  -98.0	    0.0	    0.0	    0.0	    0.0	    0.0	    0.0	    0.0	    0.0	  100.0	   77.7	    0.0	    0.0	    0.0	    0.0	    2.8	  1	  -50.0	 1250.0	   77.7	    0.0	    0.0	1	   63.5	 21	 1369.8	   17.0	
   76	   7.60	  -39.8	 1322.8	  -98.0	    0.0	    0.0	    0.0	    0.0	    0.0	    0.0	    0.0	    0.0	  100.0	   77.4	    0.0	    0.0	    0.0	    0.0	    2.8	  1	  -50.0	 1250.0	   77.4	    0.0	    0.0	1	   63.5	 21	 1369.4	   16.9	
   77	   7.70	  -39.8	 1322.8	  -98.0	    0.0	    0.0	    0.0	    0.0	    0.0	    0.0	    0.0	    0.0	  100.0	   77.1	    0.0	    0.0	    0.0	    0.0	    2.8	  1	  -50.0	 1250.0	   77.1	    0.0	    0.0	1	   63.5	 21	 1368.9	   16.9	
   78	   7.80	  -39.8	 1322.8	  -98.0	    0.0	    0.0	    0.0	    0.0	    0.0	    0.0	    0.0	    0.0	  100.0	   76.8	    0.0	    0.0	    0.0	    0.0	    2.9	  1	  -50.0	 1250.0	   76.8	    0.0	    0.0	1	   63.5	 21	 1368.4	   16.8	
   79	   7.90	  -39.8	 1322.8	  -98.0	    0.0	    0.0	    0.0	    0.0	    0.0	    0.0	    0.0	    0.0	  100.0	   76.5	    0.0	    0.0	    0.0	    0.0	    2.9	  1	  -50.0	 1250.0	   76.5	    0.0	    0.0	1	   63.5	 21	 1368.0	   16.8	
   80	   8.00	  -39.8	 1322.8	  -98.0	    0.0	    0.0	    0.0	    0.0	    0.0	    0.0	    0.0	    0.0	  100.0	   76.2	    0.0	    0.0	    0.0	    0.0	    2.9	  1	  -50.0	 1250.0	   76.2	    0.0	    0.0	1	   63.5	 21	 1367.5	   16.7	
   81	   8.10	  -39.8	 1322.8	  -98.0	    0.0	    0.0	    0.0	    0.0	    0.0	    0.0	    0.0	    0.0	  100.0	   75.9	    0.0	    0.0	    0.0	    0.0	    3.0	  1	  -50.0	 1250.0	   75.9	    0.0	    0.0	1	   63.5	 21	 1367.0	   16.7	
   82	   8.20	  -39.8	 1322.8	  -98.0	    0.0	    0.0	    0.0	    0.0	    0.0	    0.0	    0.0	    0.0	  100.0	   75.6	    0.0	    0.0	    0.0	    0.0	    3.0	  1	  -50.0	 1250.0	   75.6	    0.0	    0.0	1	   63.5	 21	 1366.5	   16.7	
   83	   8.30	  -39.8	 1322.8	  -98.0	    0.0	    0.0	    0.0	    0.0	    0.0	    0.0	    0.0	    0.0	  100.0	   75.2	    0.0	    0.0	    0.0	    0.0	    3.1	  1	  -50.0	 1250.0	   75.2	    0.0	    0.0	1	   63.5	 21	 1366.1	   16.6	
   84	   8.40	  -39.8	 1322.8	  -98.0	    0.0	    0.0	    0.0	    0.0	    0.0	    0.0	    0.0	    0.0	  100.0	   74.9	    0.0	    0.0	    0.0	    0.0	    3.1	  1	  -50.0	 1250.0	   74.9	    0.0	    0.0	1	   63.5	 21	 1365.6	   16.6	
   85	   8.50	  -39.8	 1322.8	  -98.0	    0.0	    0.0	    0.0	    0.0	    0.0	    0.0	    0.0	    0.0	  100.0	   74.6	    0.0	    0.0	    0.0	    0.0	    3.1	  1	  -50.0	 1250.0	   74.6	    0.0	    0.0	1	   63.5	 21	 1365.1	   16.5	
   86	   8.60	  -39.8	 1322.8	  -98.0	    0.0	    0.0	    0.0	    0.0	    0.0	    0.0	    0.0	    0.0	  100.0	   74.3	    0.0	    0.0	    0.0	    0.0	    3.2	  1	  -50.0	 1250.0	   74.3	    0.0	    0.0	1	   63.5	 21	 1364.6	   16.5	
   87	   8.70	  -39.8	 1322.8	  -98.0	    0.0	    0.0	    0.0	    0.0	    0.0	    0.0	    0.0	    0.0	  100.0	   74.0	    0.0	    0.0	    0.0	    0.0	    3.2	  1	  -50.0	 1250.0	   74.0	    0.0	    0.0	1	   63.5	 21	 1364.2	   16.4	
   88	   8.80	  -39.8	 1322.8	  -98.0	    0.0	    0.0	    0.0	    0.0	    0.0	    0.0	    0.0	    0.0	  100.0	   73.7	    0.0	    0.0	    0.0	    0.0	    3.2	  1	  -50.0	 1250.0	   73.7	    0.0	    0.0	1	   63.5	 21	 1363.7	   16.4	
   89	   8.90	  -39.8	 1322.8	  -98.0	    0.0	    0.0	    0.0	    0.0	    0.0	    0.0	    0.0	    0.0	  100.0	   73.4	    0.0	    0.0	    0.0	    0.0	    3.3	  1	  -50.0	 1250.0	   73.4	    0.0	    0.0	1	   63.5	 21	 1363.2	   16.3	
   90	   9.00	  -39.8	 1322.8	  -98.0	    0.0	    0.0	    0.0	    0.0	    0.0	    0.0	    0.0	    0.0	  100.0	   73.1	    0.0	    0.0	    0.0	    0.0	    3.3	  1	  -50.0	 1250.0	   73.1	    0.0	    0.0	1	   63.5	 21	 1362.7	   16.3	
   91	   9.10	  -39.8	 1322.8	  -98.0	    0.0	    0.0	    0.0	    0.0	    0.0	    0.0	    0.0	    0.0	  100.0	   72.8	    0.0	    0.0	    0.0	    0.0	    3.4	  1	  -50.0	 1250.0	   72.8	    0.0	    0.0	1	   63.5	 21	 1362.3	   16.2	
   92	   9.20	  -39.8	 1322.8	  -98.0	    0.0	    0.0	    0.0	    0.0	    0.0	    0.0	    0.0	    0.0	  100.0	   72.5	    0.0	    0.0	    0.0	    0.0	    3.4	  1	  -50.0	 1250.0	   72.5	    0.0	    0.0	1	   63.5	 21	 1361.8	   16.2	
   93	   9.30	  -39.8	 1322.8	  -98.0	    0.0	    0.0	    0.0	    0.0	    0.0	    0.0	    0.0	    0.0	  100.0	   72.2	    0.0	    0.0	    0.0	    0.0	    3.4	  1	  -50.0	 1250.0	   72.2	    0.0	    0.0	1	   63.5	 21	 1361.3	   16.1	
   94	   9.40	  -39.8	 1322.8	  -98.0	    0.0	    0.0	    0.0	    0.0	    0.0	    0.0	    0.0	    0.0	  100.0	   71.9	    0.0	    0.0	    0.0	    0.0	    3.5	  1	  -50.0	 1250.0	   71.9	    0.0	    0.0	1	   63.5	 21	 1360.8	   16.1	
   95	   9.50	  -39.8	 1322.8	  -98.0	    0.0	    0.0	    0.0	    0.0	    0.0	    0.0	    0.0	    0.0	  100.0	   71.6	    0.0	    0.0	    0.0	    0.0	    3.5	  1	  -50.0	 1250.0	   71.6	    0.0	    0.0	1	   63.5	 21	 1360.4	   16.0	
   96	   9.60	  -39.8	 1322.8	  -98.0	    0.0	    0.0	    0.0	    0.0	    0.0	    0.0	    0.0	    0.0	  100.0	   71.3	    0.0	    0.0	    0.0	    0.0	    3.5	  1	  -50.0	 1250.0	   71.3	    0.0	    0.0	1	   63.5	 21	 1359.9	   16.0	
   97	   9.70	  -39.8	 1322.8	  -98.0	    0.0	    0.0	    0.0	    0.0	    0.0	    0.0	    0.0	    0.0	  100.0	   71.0	    0.0	    0.0	    0.0	    0.0	    3.6	  1	  -50.0	 1250.0	   71.0	    0.0	    0.0	1	   63.5	 21	 1359.4	   15.9	
   98	   9.80	  -39.8	 1322.8	  -98.0	    0.0	    0.0	    0.0	    0.0	    0.0	    0.0	    0.0	    0.0	  100.0	   70.7	    0.0	    0.0	    0.0	    0.0	    3.6	  1	  -50.0	 1250.0	   70.7	    0.0	    0.0	1	   63.5	 21	 1358.9	   15.9	
   99	   9.90	  -39.8	 1322.8	  -98.0	    0.0	    0.0	    0.0	    0.0	    0.0	    0.0	    0.0	    0.0	  100.0	   70.4	    0.0	    0.0	    0.0	    0.0	    3.6	  1	  -50.0	 1250.0	   70.4	    0.0	    0.0	1	   63.5	 21	 1358.5	   15.8	
  100	  10.00	  -39.8	 1322.8	  -98.0	    0.0	    0.0	    0.0	    0.0	    0.0	    0.0	    0.0	    0.0	  100.0	   70.1	    0.0	    0.0	    0.0	    0.0	    3.7	  1	  -50.0	 1250.0	   70.1	    0.0	    0.0	1	   63.5	 21	 1358.0	   15.8	
  101	  10.10	  -39.8	 1322.8	  -98.0	    0.0	    0.0	    0.0	    0.0	    0.0	    0.0	    0.0	    0.0	  100.0	   69.8	    0.0	    0.0	    0.0	    0.0	    3.7	  1	  -50.0	 1250.0	   69.8	    0.0	    0.0	1	   63.5	 21	 1357.5	   15.8	
  102	  10.20	  -39.8	 1322.8	  -98.0	    0.0	    0.0	    0.0	    0.0	    0.0	    0.0	    0.0	    0.0	  100.0	   69.5	    0.0	    0.0	    0.0	    0.0	    3.8	  1	  -50.0	 1250.0	   69.5	    0.0	    0.0	1	   63.5	 21	 1357.0	   15.7	
  103	  10.30	  -39.8	 1322.8	  -98.0	    0.0	    0.0	    0.0	    0.0	    0.0	    0.0	    0.0	    0.0	  100.0	   69.2	    0.0	    0.0	    0.0	    0.0	    3.8	  1	  -50.0	 1250.0	   69.2	    0.0	    0.0	1	   63.5	 21	 1356.6	   15.7	
  104	  10.40	  -39.8	 1322.8	  -98.0	    0.0	    0.0	    0.0	    0.0	    0.0	    0.0	    0.0	    0.0	  100.0	   68.9	    0.0	    0.0	    0.0	    0.0	    3.8	  1	  -50.0	 1250.0	   68.9	    0.0	    0.0	1	   63.5	 21	 1356.1	   15.6	
  105	  10.50	  -39.8	 1322.8	  -98.0	    0.0	    0.0	    0.0	    0.0	    0.0	    0.0	    0.0	    0.0	  100.0	   68.6	    0.0	    0.0	    0.0	    0.0	    3.9	  1	  -50.0	 1250.0	   68.6	    0.0	    0.0	1	   63.5	 21	 1355.6	   15.6	
  106	  10.60	  -39.8	 1322.8	  -98.0	    0.0	    0.0	    0.0	    0.0	    0.0	    0.0	    0.0	    0.0	  100.0	   68.3	    0.0	    0.0	    0.0	    0.0	    3.9	  1	  -50.0	 1250.0	   68.3	    0.0	    0.0	1	   63.5	 21	 1355.2	   15.5	
  107	  10.70	  -39.8	 1322.8	  -98.0	    0.0	    0.0	    0.0	    0.0	    0.0	    0.0	    0.0	    0.0	  100.0	   68.0	    0.0	    0.0	    0.0	    0.0	    3.9	  1	  -50.0	 1250.0	   68.0	    0.0	    0.0	1	   63.5	 21	 1354.7	   15.5	
  108	  10.80	  -39.8	 1322.8	  -98.0	    0.0	    0.0	    0.0	    0.0	    0.0	    0.0	    0.0	    0.0	  100.0	   67.7	    0.0	    0.0	    0.0	    0.0	    4.0	  1	  -50.0	 1250.0	   67.7	    0.0	    0.0	1	   63.5	 21	 1354.2	   15.4	
  109	  10.90	  -39.8	 1322.8	  -98.0	    0.0	    0.0	    0.0	    0.0	    0.0	    0.0	    0.0	    0.0	  100.0	   67.4	    0.0	    0.0	    0.0	    0.0	    4.0	  1	  -50.0	 1250.0	   67.4	    0.0	    0.0	1	   63.5	 21	 1353.7	   15.4	
  110	  11.00	  -39.8	 1322.8	  -98.0	    0.0	    0.0	    0.0	    0.0	    0.0	    0.0	    0.0	    0.0	  100.0	   67.1	    0.0	    0.0	    0.0	    0.0	    4.1	  1	  -50.0	 1250.0	   67.1	    0.0	    0.0	1	   63.5	 21	 1353.3	   15.3	
  111	  11.10	  -39.8	 1322.8	  -98.0	    0.0	    0.0	    0.0	    0.0	    0.0	    0.0	    0.0	    0.0	  100.0	   66.8	    0.0	    0.0	    0.0	    0.0	    4.1	  1	  -50.0	 1250.0	   66.8	    0.0	    0.0	1	   63.5	 21	 1352.8	   15.3	
  112	  11.20	  -39.8	 1322.8	  -98.0	    0.0	    0.0	    0.0	    0.0	    0.0	    0.0	    0.0	    0.0	  100.0	   66.4	    0.0	    0.0	    0.0	    0.0	    4.1	  1	  -50.0	 1250.0	   66.4	    0.0	    0.0	1	   63.5	 21	 1352.3	   15.2	
  113	  11.30	  -39.8	 1322.8	  -98.0	    0.0	    0.0	    0.0	    0.0	    0.0	    0.0	    0.0	    0.0	  100.0	   66.1	    0.0	    0.0	    0.0	    0.0	    4.2	  1	  -50.0	 1250.0	   66.1	    0.0	    0.0	1	   63.5	 21	 1351.8	   15.2	
  114	  11.40	  -39.8	 1322.8	  -98.0	    0.0	    0.0	    0.0	    0.0	    0.0	    0.0	    0.0	    0.0	  100.0	   65.8	    0.0	    0.0	    0.0	    0.0	    4.2	  1	  -50.0	 1250.0	   65.8	    0.0	    0.0	1	   63.5	 21	 1351.4	   15.1	
  115	  11.50	  -39.8	 1322.8	  -98.0	    0.0	    0.0	    0.0	    0.0	    0.0	    0.0	    0.0	    0.0	  100.0	   65.5	    0.0	    0.0	    0.0	    0.0	    4.2	  1	  -50.0	 1250.0	   65.5	    0.0	    0.0	1	   63.5	 21	 1350.9	   15.1	
  116	  11.60	  -39.8	 1322.8	  -98.0	    0.0	    0.0	    0.0	    0.0	    0.0	    0.0	    0.0	    0.0	  100.0	   65.2	    0.0	    0.0	    0.0	    0.0	    4.3	  1	  -50.0	 1250.0	   65.2	    0.0	    0.0	1	   63.5	 21	 1350.4	   15.0	
  117	  11.70	  -39.8	 1322.8	  -98.0	    0.0	    0.0	    0.0	    0.0	    0.0	    0.0	    0.0	    0.0	  100.0	   64.9	    0.0	    0.0	    0.0	    0.0	    4.3	  1	  -50.0	 1250.0	   64.9	    0.0	    0.0	1	   63.5	 21	 1349.9	   15.0	
  118	  11.80	  -39.8	 1322.8	  -98.0	    0.0	    0.0	    0.0	    0.0	    0.0	    0.0	    0.0	    0.0	  100.0	   64.6	    0.0	    0.0	    0.0	    0.0	    4.4	  1	  -50.0	 1250.0	   64.6	    0.0	    0.0	1	   63.5	 21	 1349.5	   14.9	
  119	  11.90	  -39.8	 1322.8	  -98.0	    0.0	    0.0	    0.0	    0.0	    0.0	    0.0	    0.0	    0.0	  100.0	   64.3	    0.0	    0.0	    0.0	    0.0	    4.4	  1	  -50.0	 1250.0	   64.3	    0.0	    0.0	1	   63.5	 21	 1349.0	   14.9	
  120	  12.00	  -39.8	 1322.8	  -98.0	    0.0	    0.0	    0.0	    0.0	    0.0	    0.0	    0.0	    0.0	  100.0	   64.0	    0.0	    0.0	    0.0	    0.0	    4.4	  1	  -50.0	 1250.0	   64.0	    0.0	    0.0	1	   63.5	 21	 1348.5	   14.9	
  121	  12.10	  -39.8	 1322.8	  -98.0	    0.0	    0.0	    0.0	    0.0	    0.0	    0.0	    0.0	    0.0	  100.0	   63.7	    0.0	    0.0	    0.0	    0.0	    4.5	  1	  -50.0	 1250.0	   63.7	    0.0	    0.0	1	   63.5	 21	 1348.0	   14.8	
  122	  12.20	  -39.8	 1322.8	  -98.0	    0.0	    0.0	    0.0	    0.0	    0.0	    0.0	    0.0	    0.0	  100.0	   63.4	    0.0	    0.0	    0.0	    0.0	    4.5	  1	  -50.0	 1250.0	   63.4	    0.0	    0.0	1	   63.5	 21	 1347.6	   14.8	
  123	  12.30	  -39.8	 1322.8	  -98.0	    0.0	    0.0	    0.0	    0.0	    0.0	    0.0	    0.0	    0.0	  100.0	   63.1	    0.0	    0.0	    0.0	    0.0	    4.5	  1	  -50.0	 1250.0	   63.1	    0.0	    0.0	1	   63.5	 21	 1347.1	   14.7	
  124	  12.40	  -39.8	 1322.8	  -98.0	    0.0	    0.0	    0.0	    0.0	    0.0	    0.0	    0.0	    0.0	  100.0	   62.8	    0.0	    0.0	    0.0	    0.0	    4.6	  1	  -50.0	 1250.0	   62.8	    0.0	    0.0	1	   63.5	 21	 1346.6	   14.7	
  125	  12.50	  -39.8	 1322.8	  -98.0	    0.0	    0.0	    0.0	    0.0	    0.0	    0.0	    0.0	    0.0	  100.0	   62.5	    0.0	    0.0	    0.0	    0.0	    4.6	  1	  -50.0	 1250.0	   62.5	    0.0	    0.0	1	   63.5	 21	 1346.1	   14.6	
  126	  12.60	  -39.8	 1322.8	  -98.0	    0.0	    0.0	    0.0	    0.0	    0.0	    0.0	    0.0	    0.0	  100.0	   62.2	    0.0	    0.0	    0.0	    0.0	    4.6	  1	  -50.0	 1250.0	   62.2	    0.0	    0.0	1	   63.5	 21	 1345.7	   14.6	
  127	  12.70	  -39.8	 1322.8	  -98.0	    0.0	    0.0	    0.0	    0.0	    0.0	    0.0	    0.0	    0.0	  100.0	   61.9	    0.0	    0.0	    0.0	    0.0	    4.7	  1	  -50.0	 1250.0	   61.9	    0.0	    0.0	1	   63.5	 21	 1345.2	   14.5	
  128	  12.80	  -39.8	 1322.8	  -98.0	    0.0	    0.0	    0.0	    0.0	    0.0	    0.0	    0.0	    0.0	  100.0	   61.6	    0.0	    0.0	    0.0	    0.0	    4.7	  1	  -50.0	 1250.0	   61.6	    0.0	    0.0	1	   63.5	 21	 1344.7	   14.5	
  129	  12.90	  -39.8	 1322.8	  -98.0	    0.0	    0.0	    0.0	    0.0	    0.0	    0.0	    0.0	    0.0	  100.0	   61.3	    0.0	    0.0	    0.0	    0.0	    4.8	  1	  -50.0	 1250.0	   61.3	    0.0	    0.0	1	   63.5	 21	 1344.2	   14.4	
  130	  13.00	  -39.8	 1322.8	  -98.0	    0.0	    0.0	    0.0	    0.0	    0.0	    0.0	    0.0	    0.0	  100.0	   61.0	    0.0	    0.0	    0.0	    0.0	    4.8	  1	  -50.0	 1250.0	   61.0	    0.0	    0.0	1	   63.5	 21	 1343.8	   14.4	
  131	  13.10	  -39.8	 1322.8	  -98.0	    0.0	    0.0	    0.0	    0.0	    0.0	    0.0	    0.0	    0.0	  100.0	   60.7	    0.0	    0.0	    0.0	    0.0	    4.8	  1	  -50.0	 1250.0	   60.7	    0.0	    0.0	1	   63.5	 21	 1343.3	   14.3	
  132	  13.20	  -39.8	 1322.8	  -98.0	    0.0	    0.0	    0.0	    0.0	    0.0	    0.0	    0.0	    0.0	  100.0	   60.4	    0.0	    0.0	    0.0	    0.0	    4.9	  1	  -50.0	 1250.0	   60.4	    0.0	    0.0	1	   63.5	 21	 1342.8	   14.3	
  133	  13.30	  -39.8	 1322.8	  -98.0	    0.0	    0.0	    0.0	    0.0	    0.0	    0.0	    0.0	    0.0	  100.0	   60.1	    0.0	    0.0	    0.0	    0.0	    4.9	  1	  -50.0	 1250.0	   60.1	    0.0	    0.0	1	   63.5	 21	 1342.4	   14.2	
  134	  13.40	  -39.8	 1322.8	  -98.0	    0.0	    0.0	    0.0	    0.0	    0.0	    0.0	    0.0	    0.0	  100.0	   59.8	    0.0	    0.0	    0.0	    0.0	    4.9	  1	  -50.0	 1250.0	   59.8	    0.0	    0.0	1	   63.5	 21	 1341.9	   14.2	
  135	  13.50	  -39.8	 1322.8	  -98.0	    0.0	    0.0	    0.0	    0.0	    0.0	    0.0	    0.0	    0.0	  100.0	   59.5	    0.0	    0.0	    0.0	    0.0	    5.0	  1	  -50.0	 1250.0	   59.5	    0.0	    0.0	1	   63.5	 21	 1341.4	   14.1	
  136	  13.60	  -39.8	 1322.8	  -98.0	    0.0	    0.0	    0.0	    0.0	    0.0	    0.0	    0.0	    0.0	  100.0	   59.2	    0.0	    0.0	    0.0	    0.0	    5.0	  1	  -50.0	 1250.0	   59.2	    0.0	    0.0	1	   63.5	 21	 1340.9	   14.1	
  137	  13.70	  -39.8	 1322.8	  -98.0	    0.0	    0.0	    0.0	    0.0	    0.0	    0.0	    0.0	    0.0	  100.0	   58.9	    0.0	    0.0	    0.0	    0.0	    5.1	  1	  -50.0	 1250.0	   58.9	    0.0	    0.0	1	   63.5	 21	 1340.5	   14.0	
  138	  13.80	  -39.8	 1322.8	  -98.0	    0.0	    0.0	    0.0	    0.0	    0.0	    0.0	    0.0	    0.0	  100.0	   58.6	    0.0	    0.0	    0.0	    0.0	    5.1	  1	  -50.0	 1250.0	   58.6	    0.0	    0.0	1	   63.5	 21	 1340.0	   14.0	
  139	  13.90	  -39.8	 1322.8	  -98.0	    0.0	    0.0	    0.0	    0.0	    0.0	    0.0	    0.0	    0.0	  100.0	   58.3	    0.0	    0.0	    0.0	    0.0	    5.1	  1	  -50.0	 1250.0	   58.3	    0.0	    0.0	1	   63.5	 21	 1339.5	   14.0	
  140	  14.00	  -39.8	 1322.8	  -98.0	    0.0	    0.0	    0.0	    0.0	    0.0	    0.0	    0.0	    0.0	  100.0	   58.0	    0.0	    0.0	    0.0	    0.0	    5.2	  1	  -50.0	 1250.0	   58.0	    0.0	    0.0	1	   63.5	 21	 1339.0	   13.9	
  141	  14.10	  -39.8	 1322.8	  -98.0	    0.0	    0.0	    0.0	    0.0	    0.0	    0.0	    0.0	    0.0	  100.0	   57.6	    0.0	    0.0	    0.0	    0.0	    5.2	  1	  -50.0	 1250.0	   57.6	    0.0	    0.0	1	   63.5	 21	 1338.6	   13.9	
  142	  14.20	  -39.8	 1322.8	  -98.0	    0.0	    0.0	    0.0	    0.0	    0.0	    0.0	    0.0	    0.0	  100.0	   57.3	    0.0	    0.0	    0.0	    0.0	    5.2	  1	  -50.0	 1250.0	   57.3	    0.0	    0.0	1	   63.5	 21	 1338.1	   13.8	
  143	  14.30	  -39.8	 1322.8	  -98.0	    0.0	    0.0	    0.0	    0.0	    0.0	    0.0	    0.0	    0.0	  100.0	   57.0	    0.0	    0.0	    0.0	    0.0	    5.3	  1	  -50.0	 1250.0	   57.0	    0.0	    0.0	1	   63.5	 21	 1337.6	   13.8	
  144	  14.40	  -39.8	 1322.8	  -98.0	    0.0	    0.0	    0.0	    0.0	    0.0	    0.0	    0.0	    0.0	  100.0	   56.7	    0.0	    0.0	    0.0	    0.0	    5.3	  1	  -50.0	 1250.0	   56.7	    0.0	    0.0	1	   63.5	 21	 1337.1	   13.7	
  145	  14.50	  -39.8	 1322.8	  -98.0	    0.0	    0.0	    0.0	    0.0	    0.0	    0.0	    0.0	    0.0	  100.0	   56.4	    0.0	    0.0	    0.0	    0.0	    5.4	  1	  -50.0	 1250.0	   56.4	    0.0	    0.0	1	   63.5	 21	 1336.7	   13.7	
  146	  14.60	  -39.8	 1322.8	  -98.0	    0.0	    0.0	    0.0	    0.0	    0.0	    0.0	    0.0	    0.0	  100.0	   56.1	    0.0	    0.0	    0.0	    0.0	    5.4	  1	  -50.0	 1250.0	   56.1	    0.0	    0.0	1	   63.5	 21	 1336.2	   13.6	
  147	  14.70	  -39.8	 1322.8	  -98.0	    0.0	    0.0	    0.0	    0.0	    0.0	    0.0	    0.0	    0.0	  100.0	   55.8	    0.0	    0.0	    0.0	    0.0	    5.4	  1	  -50.0	 1250.0	   55.8	    0.0	    0.0	1	   63.5	 21	 1335.7	   13.6	
  148	  14.80	  -39.8	 1322.8	  -98.0	    0.0	    0.0	    0.0	    0.0	    0.0	    0.0	    0.0	    0.0	  100.0	   55.5	    0.0	    0.0	    0.0	    0.0	    5.5	  1	  -50.0	 1250.0	   55.5	    0.0	    0.0	1	   63.5	 21	 1335.2	   13.5	
  149	  14.90	  -39.8	 1322.8	  -98.0	    0.0	    0.0	    0.0	    0.0	    0.0	    0.0	    0.0	    0.0	  100.0	   55.2	    0.0	    0.0	    0.0	    0.0	    5.5	  1	  -50.0	 1250.0	   55.2	    0.0	    0.0	1	   63.5	 21	 1334.8	   13.5	
  150	  15.00	  -39.8	 1322.8	  -98.0	    0.0	    0.0	    0.0	    0.0	    0.0	    0.0	    0.0	    0.0	  100.0	   54.9	    0.0	    0.0	    0.0	    0.0	    5.5	  1	  -50.0	 1250.0	   54.9	    0.0	    0.0	1	   63.5	 21	 1334.3	   13.4	
  151	  15.10	  -39.8	 1322.8	  -98.0	    0.0	    0.0	    0.0	    0.0	    0.0	    0.0	    0.0	    0.0	  100.0	   54.6	    0.0	    0.0	    0.0	    0.0	    5.6	  1	  -50.0	 1250.0	   54.6	    0.0	    0.0	1	   63.5	 21	 1333.8	   13.4	
  152	  15.20	  -39.8	 1322.8	  -98.0	    0.0	    0.0	    0.0	    0.0	    0.0	    0.0	    0.0	    0.0	  100.0	   54.3	    0.0	    0.0	    0.0	    0.0	    5.6	  1	  -50.0	 1250.0	   54.3	    0.0	    0.0	1	   63.5	 21	 1333.3	   13.3	
  153	  15.30	  -39.8	 1322.8	  -98.0	    0.0	    0.0	    0.0	    0.0	    0.0	    0.0	    0.0	    0.0	  100.0	   54.0	    0.0	    0.0	    0.0	    0.0	    5.6	  1	  -50.0	 1250.0	   54.0	    0.0	    0.0	1	   63.5	 21	 1332.9	   13.3	
  154	  15.40	  -39.8	 1322.8	  -98.0	    0.0	    0.0	    0.0	    0.0	    0.0	    0.0	    0.0	    0.0	  100.0	   53.7	    0.0	    0.0	    0.0	    0.0	    5.7	  1	  -50.0	 1250.0	   53.7	    0.0	    0.0	1	   63.5	 21	 1332.4	   13.2	
  155	  15.50	  -39.8	 1322.8	  -98.0	    0.0	    0.0	    0.0	    0.0	    0.0	    0.0	    0.0	    0.0	  100.0	   53.4	    0.0	    0.0	    0.0	    0.0	    5.7	  1	  -50.0	 1250.0	   53.4	    0.0	    0.0	1	   63.5	 21	 1331.9	   13.2	
  156	  15.60	  -39.8	 1322.8	  -98.0	    0.0	    0.0	    0.0	    0.0	    0.0	    0.0	    0.0	    0.0	  100.0	   53.1	    0.0	    0.0	    0.0	    0.0	    5.8	  1	  -50.0	 1250.0	   53.1	    0.0	    0.0	1	   63.5	 21	 1331.5	   13.1	
  157	  15.70	  -39.8	 1322.8	  -98.0	    0.0	    0.0	    0.0	    0.0	    0.0	    0.0	    0.0	    0.0	  100.0	   52.8	    0.0	    0.0	    0.0	    0.0	    5.8	  1	  -50.0	 1250.0	   52.8	    0.0	    0.0	1	   63.5	 21	 1331.0	   13.1	
  158	  15.80	  -39.8	 1322.8	  -98.0	    0.0	    0.0	    0.0	    0.0	    0.0	    0.0	    0.0	    0.0	  100.0	   52.5	    0.0	    0.0	    0.0	    0.0	    5.8	  1	  -50.0	 1250.0	   52.5	    0.0	    0.0	1	   63.5	 21	 1330.5	   13.1	
  159	  15.90	  -39.8	 1322.8	  -98.0	    0.0	    0.0	    0.0	    0.0	    0.0	    0.0	    0.0	    0.0	  100.0	   52.2	    0.0	    0.0	    0.0	    0.0	    5.9	  1	  -50.0	 1250.0	   52.2	    0.0	    0.0	1	   63.5	 21	 1330.0	   13.0	
  160	  16.00	  -39.8	 1322.8	  -98.0	    0.0	    0.0	    0.0	    0.0	    0.0	    0.0	    0.0	    0.0	  100.0	   51.9	    0.0	    0.0	    0.0	    0.0	    5.9	  1	  -50.0	 1250.0	   51.9	    0.0	    0.0	1	   63.5	 21	 1329.6	   13.0	
  161	  16.10	  -39.8	 1322.8	  -98.0	    0.0	    0.0	    0.0	    0.0	    0.0	    0.0	    0.0	    0.0	  100.0	   51.6	    0.0	    0.0	    0.0	    0.0	    5.9	  1	  -50.0	 1250.0	   51.6	    0.0	    0.0	1	   63.5	 21	 1329.1	   12.9	
  162	  16.20	  -39.8	 1322.8	  -98.0	    0.0	    0.0	    0.0	    0.0	    0.0	    0.0	    0.0	    0.0	  100.0	   51.3	    0.0	    0.0	    0.0	    0.0	    6.0	  1	  -50.0	 1250.0	   51.3	    0.0	    0.0	1	   63.5	 21	 1328.6	   12.9	
  163	  16.30	  -39.8	 1322.8	  -98.0	    0.0	    0.0	    0.0	    0.0	    0.0	    0.0	    0.0	    0.0	  100.0	   51.0	    0.0	    0.0	    0.0	    0.0	    6.0	  1	  -50.0	 1250.0	   51.0	    0.0	    0.0	1	   63.5	 21	 1328.1	   12.8	
  164	  16.40	  -39.8	 1322.8	  -98.0	    0.0	    0.0	    0.0	    0.0	    0.0	    0.0	    0.0	    0.0	  100.0	   50.7	    0.0	    0.0	    0.0	    0.0	    6.1	  1	  -50.0	 1250.0	   50.7	    0.0	    0.0	1	   63.5	 21	 1327.7	   12.8	
  165	  16.50	  -39.8	 1322.8	  -98.0	    0.0	    0.0	    0.0	    0.0	    0.0	    0.0	    0.0	    0.0	  100.0	   50.4	    0.0	    0.0	    0.0	    0.0	    6.1	  1	  -50.0	 1250.0	   50.4	    0.0	    0.0	1	   63.5	 21	 1327.2	   12.7	
  166	  16.60	  -39.8	 1322.8	  -98.0	    0.0	    0.0	    0.0	    0.0	    0.0	    0.0	    0.0	    0.0	  100.0	   50.1	    0.0	    0.0	    0.0	    0.0	    6.1	  1	  -50.0	 1250.0	   50.1	    0.0	    0.0	1	   63.5	 21	 1326.7	   12.7	
  167	  16.70	  -39.8	 1322.8	  -98.0	    0.0	    0.0	    0.0	    0.0	    0.0	    0.0	    0.0	    0.0	  100.0	   49.8	    0.0	    0.0	    0.0	    0.0	    6.2	  1	  -50.0	 1250.0	   49.8	    0.0	    0.0	1	   63.5	 21	 1326.2	   12.6	
  168	  16.80	  -39.8	 1322.8	  -98.0	    0.0	    0.0	    0.0	    0.0	    0.0	    0.0	    0.0	    0.0	  100.0	   49.5	    0.0	    0.0	    0.0	    0.0	    6.2	  1	  -50.0	 1250.0	   49.5	    0.0	    0.0	1	   63.5	 21	 1325.8	   12.6	
  169	  16.90	  -39.8	 1322.8	  -98.0	    0.0	    0.0	    0.0	    0.0	    0.0	    0.0	    0.0	    0.0	  100.0	   49.2	    0.0	    0.0	    0.0	    0.0	    6.2	  1	  -50.0	 1250.0	   49.2	    0.0	    0.0	1	   63.5	 21	 1325.3	   12.5	
  170	  17.00	  -39.8	 1322.8	  -98.0	    0.0	    0.0	    0.0	    0.0	    0.0	    0.0	    0.0	    0.0	  100.0	   48.9	    0.0	    0.0	    0.0	    0.0	    6.3	  1	  -50.0	 1250.0	   48.9	    0.0	    0.0	1	   63.5	 21	 1324.8	   12.5	
  171	  17.10	  -39.8	 1322.8	  -98.0	    0.0	    0.0	    0.0	    0.0	    0.0	    0.0	    0.0	    0.0	  100.0	   48.5	    0.0	    0.0	    0.0	    0.0	    6.3	  1	  -50.0	 1250.0	   48.5	    0.0	    0.0	1	   63.5	 21	 1324.3	   12.4	
  172	  17.20	  -39.8	 1322.8	  -98.0	    0.0	    0.0	    0.0	    0.0	    0.0	    0.0	    0.0	    0.0	  100.0	   48.2	    0.0	    0.0	    0.0	    0.0	    6.4	  1	  -50.0	 1250.0	   48.2	    0.0	    0.0	1	   63.5	 21	 1323.9	   12.4	
  173	  17.30	  -39.8	 1322.8	  -98.0	    0.0	    0.0	    0.0	    0.0	    0.0	    0.0	    0.0	    0.0	  100.0	   47.9	    0.0	    0.0	    0.0	    0.0	    6.4	  1	  -50.0	 1250.0	   47.9	    0.0	    0.0	1	   63.5	 21	 1323.4	   12.3	
  174	  17.40	  -39.8	 1322.8	  -98.0	    0.0	    0.0	    0.0	    0.0	    0.0	    0.0	    0.0	    0.0	  100.0	   47.6	    0.0	    0.0	    0.0	    0.0	    6.4	  1	  -50.0	 1250.0	   47.6	    0.0	    0.0	1	   63.5	 21	 1322.9	   12.3	
  175	  17.50	  -39.8	 1322.8	  -98.0	    0.0	    0.0	    0.0	    0.0	    0.0	    0.0	    0.0	    0.0	  100.0	   47.3	    0.0	    0.0	    0.0	    0.0	    6.5	  1	  -50.0	 1250.0	   47.3	    0.0	    0.0	1	   63.5	 21	 1322.4	   12.2	
  176	  17.60	  -39.8	 1322.8	  -98.0	    0.0	    0.0	    0.0	    0.0	    0.0	    0.0	    0.0	    0.0	  100.0	   47.0	    0.0	    0.0	    0.0	    0.0	    6.5	  1	  -50.0	 1250.0	   47.0	    0.0	    0.0	1	   63.5	 21	 1322.0	   12.2	
  177	  17.70	  -39.8	 1322.8	  -98.0	    0.0	    0.0	    0.0	    0.0	    0.0	    0.0	    0.0	    0.0	  100.0	   46.7	    0.0	    0.0	    0.0	    0.0	    6.5	  1	  -50.0	 1250.0	   46.7	    0.0	    0.0	1	   63.5	 21	 1321.5	   12.1	
  178	  17.80	  -39.8	 1322.8	  -98.0	    0.0	    0.0	    0.0	    0.0	    0.0	    0.0	    0.0	    0.0	  100.0	   46.4	    0.0	    0.0	    0.0	    0.0	    6.6	  1	  -50.0	 1250.0	   46.4	    0.0	    0.0	1	   63.5	 21	 1321.0	   12.1	
  179	  17.90	  -39.8	 1322.8	  -98.0	    0.0	    0.0	    0.0	    0.0	    0.0	    0.0	    0.0	    0.0	  100.0	   46.1	    0.0	    0.0	    0.0	    0.0	    6.6	  1	  -50.0	 1250.0	   46.1	    0.0	    0.0	1	   63.5	 21	 1320.5	   12.1	
  180	  18.00	  -39.8	 1322.8	  -98.0	    0.0	    0.0	    0.0	    0.0	    0.0	    0.0	    0.0	    0.0	  100.0	   45.8	    0.0	    0.0	    0.0	    0.0	    6.6	  1	  -50.0	 1250.0	   45.8	    0.0	    0.0	1	   63.5	 21	 1320.1	   12.0	
  181	  18.10	  -39.8	 1322.8	  -98.0	    0.0	    0.0	    0.0	    0.0	    0.0	    0.0	    0.0	    0.0	  100.0	   45.5	    0.0	    0.0	    0.0	    0.0	    6.7	  1	  -50.0	 1250.0	   45.5	    0.0	    0.0	1	   63.5	 21	 1319.6	   12.0	
  182	  18.20	  -39.8	 1322.8	  -98.0	    0.0	    0.0	    0.0	    0.0	    0.0	    0.0	    0.0	    0.0	  100.0	   45.2	    0.0	    0.0	    0.0	    0.0	    6.7	  1	  -50.0	 1250.0	   45.2	    0.0	    0.0	1	   63.5	 21	 1319.1	   11.9	
  183	  18.30	  -39.8	 1322.8	  -98.0	    0.0	    0.0	    0.0	    0.0	    0.0	    0.0	    0.0	    0.0	  100.0	   44.9	    0.0	    0.0	    0.0	    0.0	    6.8	  1	  -50.0	 1250.0	   44.9	    0.0	    0.0	1	   63.5	 21	 1318.7	   11.9	
  184	  18.40	  -39.8	 1322.8	  -98.0	    0.0	    0.0	    0.0	    0.0	    0.0	    0.0	    0.0	    0.0	  100.0	   44.6	    0.0	    0.0	    0.0	    0.0	    6.8	  1	  -50.0	 1250.0	   44.6	    0.0	    0.0	1	   63.5	 21	 1318.2	   11.8	
  185	  18.50	  -39.8	 1322.8	  -98.0	    0.0	    0.0	    0.0	    0.0	    0.0	    0.0	    0.0	    0.0	  100.0	   44.3	    0.0	    0.0	    0.0	    0.0	    6.8	  1	  -50.0	 1250.0	   44.3	    0.0	    0.0	1	   63.5	 21	 1317.7	   11.8	
  186	  18.60	  -39.8	 1322.8	  -98.0	    0.0	    0.0	    0.0	    0.0	    0.0	    0.0	    0.0	    0.0	  100.0	   44.0	    0.0	    0.0	    0.0	    0.0	    6.9	  1	  -50.0	 1250.0	   44.0	    0.0	    0.0	1	   63.5	 21	 1317.2	   11.7	
  187	  18.70	  -39.8	 1322.8	  -98.0	    0.0	    0.0	    0.0	    0.0	    0.0	    0.0	    0.0	    0.0	  100.0	   43.7	    0.0	    0.0	    0.0	    0.0	    6.9	  1	  -50.0	 1250.0	   43.7	    0.0	    0.0	1	   63.5	 21	 1316.8	   11.7	
  188	  18.80	  -39.8	 1322.8	  -98.0	    0.0	    0.0	    0.0	    0.0	    0.0	    0.0	    0.0	    0.0	  100.0	   43.4	    0.0	    0.0	    0.0	    0.0	    6.9	  1	  -50.0	 1250.0	   43.4	    0.0	    0.0	1	   63.5	 21	 1316.3	   11.6	
  189	  18.90	  -39.8	 1322.8	  -98.0	    0.0	    0.0	    0.0	    0.0	    0.0	    0.0	    0.0	    0.0	  100.0	   43.1	    0.0	    0.0	    0.0	    0.0	    7.0	  1	  -50.0	 1250.0	   43.1	    0.0	    0.0	1	   63.5	 21	 1315.8	   11.6	
  190	  19.00	  -39.8	 1322.8	  -98.0	    0.0	    0.0	    0.0	    0.0	    0.0	    0.0	    0.0	    0.0	  100.0	   42.8	    0.0	    0.0	    0.0	    0.0	    7.0	  1	  -50.0	 1250.0	   42.8	    0.0	    0.0	1	   63.5	 21	 1315.3	   11.5	
  191	  19.10	  -39.8	 1322.8	  -98.0	    0.0	    0.0	    0.0	    0.0	    0.0	    0.0	    0.0	    0.0	  100.0	   42.5	    0.0	    0.0	    0.0	    0.0	    7.1	  1	  -50.0	 1250.0	   42.5	    0.0	    0.0	1	   63.5	 21	 1314.9	   11.5	
  192	  19.20	  -39.8	 1322.8	  -98.0	    0.0	    0.0	    0.0	    0.0	    0.0	    0.0	    0.0	    0.0	  100.0	   42.2	    0.0	    0.0	    0.0	    0.0	    7.1	  1	  -50.0	 1250.0	   42.2	    0.0	    0.0	1	   63.5	 21	 1314.4	   11.4	
  193	  19.30	  -39.8	 1322.8	  -98.0	    0.0	    0.0	    0.0	    0.0	    0.0	    0.0	    0.0	    0.0	  100.0	   41.9	    0.0	    0.0	    0.0	    0.0	    7.1	  1	  -50.0	 1250.0	   41.9	    0.0	    0.0	1	   63.5	 21	 1313.9	   11.4	
  194	  19.40	  -39.8	 1322.8	  -98.0	    0.0	    0.0	    0.0	    0.0	    0.0	    0.0	    0.0	    0.0	  100.0	   41.6	    0.0	    0.0	    0.0	    0.0	    7.2	  1	  -50.0	 1250.0	   41.6	    0.0	    0.0	1	   63.5	 21	 1313.4	   11.3	
  195	  19.50	  -39.8	 1322.8	  -98.0	    0.0	    0.0	    0.0	    0.0	    0.0	    0.0	    0.0	    0.0	  100.0	   41.3	    0.0	    0.0	    0.0	    0.0	    7.2	  1	  -50.0	 1250.0	   41.3	    0.0	    0.0	1	   63.5	 21	 1313.0	   11.3	
  196	  19.60	  -39.8	 1322.8	  -98.0	    0.0	    0.0	    0.0	    0.0	    0.0	    0.0	    0.0	    0.0	  100.0	   41.0	    0.0	    0.0	    0.0	    0.0	    7.2	  1	  -50.0	 1250.0	   41.0	    0.0	    0.0	1	   63.5	 21	 1312.5	   11.2	
  197	  19.70	  -39.8	 1322.8	  -98.0	    0.0	    0.0	    0.0	    0.0	    0.0	    0.0	    0.0	    0.0	  100.0	   40.7	    0.0	    0.0	    0.0	    0.0	    7.3	  1	  -50.0	 1250.0	   40.7	    0.0	    0.0	1	   63.5	 21	 1312.0	   11.2	
  198	  19.80	  -39.8	 1322.8	  -98.0	    0.0	    0.0	    0.0	    0.0	    0.0	    0.0	    0.0	    0.0	  100.0	   40.4	    0.0	    0.0	    0.0	    0.0	    7.3	  1	  -50.0	 1250.0	   40.4	    0.0	    0.0	1	   63.5	 21	 1311.5	   11.2	
  199	  19.90	  -39.8	 1322.8	  -98.0	    0.0	    0.0	    0.0	    0.0	    0.0	    0.0	    0.0	    0.0	  100.0	   40.1	    0.0	    0.0	    0.0	    0.0	    7.3	  1	  -50.0	 1250.0	   40.1	    0.0	    0.0	1	   63.5	 21	 1311.1	   11.1	
  200	  20.00	  -39.8	 1322.8	  -98.0	    0.0	    0.0	    0.0	    0.0	    0.0	    0.0	    0.0	    0.0	  100.0	   39.7	    0.0	    0.0	    0.0	    0.0	    7.4	  1	  -50.0	 1250.0	   39.7	    0.0	    0.0	1	   63.5	 21	 1310.6	   11.1	
  201	  20.10	  -39.8	 1322.8	  -98.0	    0.0	    0.0	    0.0	    0.0	    0.0	    0.0	    0.0	    0.0	  100.0	   39.4	    0.0	    0.0	    0.0	    0.0	    7.4	  1	  -50.0	 1250.0	   39.4	    0.0	    0.0	1	   63.5	 21	 1310.1	   11.0	
  202	  20.20	  -39.8	 1322.8	  -98.0	    0.0	    0.0	    0.0	    0.0	    0.0	    0.0	    0.0	    0.0	  100.0	   39.1	    0.0	    0.0	    0.0	    0.0	    7.5	  1	  -50.0	 1250.0	   39.1	    0.0	    0.0	1	   63.5	 21	 1309.6	   11.0	
  203	  20.30	  -39.8	 1322.8	  -98.0	    0.0	    0.0	    0.0	    0.0	    0.0	    0.0	    0.0	    0.0	  100.0	   38.8	    0.0	    0.0	    0.0	    0.0	    7.5	  1	  -50.0	 1250.0	   38.8	    0.0	    0.0	1	   63.5	 21	 1309.2	   10.9	
  204	  20.40	  -39.8	 1322.8	  -98.0	    0.0	    0.0	    0.0	    0.0	    0.0	    0.0	    0.0	    0.0	  100.0	   38.5	    0.0	    0.0	    0.0	    0.0	    7.5	  1	  -50.0	 1250.0	   38.5	    0.0	    0.0	1	   63.5	 21	 1308.7	   10.9	
  205	  20.50	  -39.8	 1322.8	  -98.0	    0.0	    0.0	    0.0	    0.0	    0.0	    0.0	    0.0	    0.0	  100.0	   38.2	    0.0	    0.0	    0.0	    0.0	    7.6	  1	  -50.0	 1250.0	   38.2	    0.0	    0.0	1	   63.5	 21	 1308.2	   10.8	
  206	  20.60	  -39.8	 1322.8	  -98.0	    0.0	    0.0	    0.0	    0.0	    0.0	    0.0	    0.0	    0.0	  100.0	   37.9	    0.0	    0.0	    0.0	    0.0	    7.6	  1	  -50.0	 1250.0	   37.9	    0.0	    0.0	1	   63.5	 21	 1307.8	   10.8	
  207	  20.70	  -39.8	 1322.8	  -98.0	    0.0	    0.0	    0.0	    0.0	    0.0	    0.0	    0.0	    0.0	  100.0	   37.6	    0.0	    0.0	    0.0	    0.0	    7.6	  1	  -50.0	 1250.0	   37.6	    0.0	    0.0	1	   63.5	 21	 1307.3	   10.7	
  208	  20.80	  -39.8	 1322.8	  -98.0	    0.0	    0.0	    0.0	    0.0	    0.0	    0.0	    0.0	    0.0	  100.0	   37.3	    0.0	    0.0	    0.0	    0.0	    7.7	  1	  -50.0	 1250.0	   37.3	    0.0	    0.0	1	   63.5	 21	 1306.8	   10.7	
  209	  20.90	  -39.8	 1322.8	  -98.0	    0.0	    0.0	    0.0	    0.0	    0.0	    0.0	    0.0	    0.0	  100.0	   37.0	    0.0	    0.0	    0.0	    0.0	    7.7	  1	  -50.0	 1250.0	   37.0	    0.0	    0.0	1	   63.5	 21	 1306.3	   10.6	
  210	  21.00	  -39.8	 1322.8	  -98.0	    0.0	    0.0	    0.0	    0.0	    0.0	    0.0	    0.0	    0.0	  100.0	   36.7	    0.0	    0.0	    0.0	    0.0	    7.8	  1	  -50.0	 1250.0	   36.7	    0.0	    0.0	1	   63.5	 21	 1305.9	   10.6	
  211	  21.10	  -39.8	 1322.8	  -98.0	    0.0	    0.0	    0.0	    0.0	    0.0	    0.0	    0.0	    0.0	  100.0	   36.4	    0.0	    0.0	    0.0	    0.0	    7.8	  1	  -50.0	 1250.0	   36.4	    0.0	    0.0	1	   63.5	 21	 1305.4	   10.5	
  212	  21.20	  -39.8	 1322.8	  -98.0	    0.0	    0.0	    0.0	    0.0	    0.0	    0.0	    0.0	    0.0	  100.0	   36.1	    0.0	    0.0	    0.0	    0.0	    7.8	  1	  -50.0	 1250.0	   36.1	    0.0	    0.0	1	   63.5	 21	 1304.9	   10.5	
  213	  21.30	  -39.8	 1322.8	  -98.0	    0.0	    0.0	    0.0	    0.0	    0.0	    0.0	    0.0	    0.0	  100.0	   35.8	    0.0	    0.0	    0.0	    0.0	    7.9	  1	  -50.0	 1250.0	   35.8	    0.0	    0.0	1	   63.5	 21	 1304.4	   10.4	
  214	  21.40	  -39.8	 1322.8	  -98.0	    0.0	    0.0	    0.0	    0.0	    0.0	    0.0	    0.0	    0.0	  100.0	   35.5	    0.0	    0.0	    0.0	    0.0	    7.9	  1	  -50.0	 1250.0	   35.5	    0.0	    0.0	1	   63.5	 21	 1304.0	   10.4	
  215	  21.50	  -39.8	 1322.8	  -98.0	    0.0	    0.0	    0.0	    0.0	    0.0	    0.0	    0.0	    0.0	  100.0	   35.2	    0.0	    0.0	    0.0	    0.0	    7.9	  1	  -50.0	 1250.0	   35.2	    0.0	    0.0	1	   63.5	 21	 1303.5	   10.3	
  216	  21.60	  -39.8	 1322.8	  -98.0	    0.0	    0.0	    0.0	    0.0	    0.0	    0.0	    0.0	    0.0	  100.0	   34.9	    0.0	    0.0	    0.0	    0.0	    8.0	  1	  -50.0	 1250.0	   34.9	    0.0	    0.0	1	   63.5	 21	 1303.0	   10.3	
  217	  21.70	  -39.8	 1322.8	  -98.0	    0.0	    0.0	    0.0	    0.0	    0.0	    0.0	    0.0	    0.0	  100.0	   34.6	    0.0	    0.0	    0.0	    0.0	    8.0	  1	  -50.0	 1250.0	   34.6	    0.0	    0.0	1	   63.5	 21	 1302.5	   10.3	
  218	  21.80	  -39.8	 1322.8	  -98.0	    0.0	    0.0	    0.0	    0.0	    0.0	    0.0	    0.0	    0.0	  100.0	   34.3	    0.0	    0.0	    0.0	    0.0	    8.1	  1	  -50.0	 1250.0	   34.3	    0.0	    0.0	1	   63.5	 21	 1302.1	   10.2	
  219	  21.90	  -39.8	 1322.8	  -98.0	    0.0	    0.0	    0.0	    0.0	    0.0	    0.0	    0.0	    0.0	  100.0	   34.0	    0.0	    0.0	    0.0	    0.0	    8.1	  1	  -50.0	 1250.0	   34.0	    0.0	    0.0	1	   63.5	 21	 1301.6	   10.2	
  220	  22.00	  -39.8	 1322.8	  -98.0	    0.0	    0.0	    0.0	    0.0	    0.0	    0.0	    0.0	    0.0	  100.0	   33.7	    0.0	    0.0	    0.0	    0.0	    8.1	  1	  -50.0	 1250.0	   33.7	    0.0	    0.0	1	   63.5	 21	 1301.1	   10.1	
  221	  22.10	  -39.8	 1322.8	  -98.0	    0.0	    0.0	    0.0	    0.0	    0.0	    0.0	    0.0	    0.0	  100.0	   33.4	    0.0	    0.0	    0.0	    0.0	    8.2	  1	  -50.0	 1250.0	   33.4	    0.0	    0.0	1	   63.5	 21	 1300.6	   10.1	
  222	  22.20	  -39.8	 1322.8	  -98.0	    0.0	    0.0	    0.0	    0.0	    0.0	    0.0	    0.0	    0.0	  100.0	   33.1	    0.0	    0.0	    0.0	    0.0	    8.2	  1	  -50.0	 1250.0	   33.1	    0.0	    0.0	1	   63.5	 21	 1300.2	   10.0	
  223	  22.30	  -39.8	 1322.8	  -98.0	    0.0	    0.0	    0.0	    0.0	    0.0	    0.0	    0.0	    0.0	  100.0	   32.8	    0.0	    0.0	    0.0	    0.0	    8.2	  1	  -50.0	 1250.0	   32.8	    0.0	    0.0	1	   63.5	 21	    0.0	   10.0	
  224	  22.40	  -39.8	 1322.8	  -98.0	    0.0	    0.0	    0.0	    0.0	    0.0	    0.0	    0.0	    0.0	  100.0	   32.5	    0.0	    0.0	    0.0	    0.0	    8.3	  1	  -50.0	 1250.0	   32.5	    0.0	    0.0	1	   63.5	 21	    0.0	    9.9	
  225	  22.50	  -39.8	 1322.8	  -98.0	    0.0	    0.0	    0.0	    0.0	    0.0	    0.0	    0.0	    0.0	  100.0	   32.2	    0.0	    0.0	    0.0	    0.0	    8.3	  1	  -50.0	 1250.0	   32.2	    0.0	    0.0	1	   63.5	 21	    0.0	    9.9	
  226	  22.60	  -39.8	 1322.8	  -98.0	    0.0	    0.0	    0.0	    0.0	    0.0	    0.0	    0.0	    0.0	  100.0	   31.9	    0.0	    0.0	    0.0	    0.0	    8.3	  1	  -50.0	 1250.0	   31.9	    0.0	    0.0	1	   63.5	 21	    0.0	    9.8	
  227	  22.70	  -39.8	 1322.8	  -98.0	    0.0	    0.0	    0.0	    0.0	    0.0	    0.0	    0.0	    0.0	  100.0	   31.6	    0.0	    0.0	    0.0	    0.0	    8.4	  1	  -50.0	 1250.0	   31.6	    0.0	    0.0	1	   63.5	 21	    0.0	    9.8	
  228	  22.80	  -39.8	 1322.8	  -98.0	    0.0	    0.0	    0.0	    0.0	    0.0	    0.0	    0.0	    0.0	  100.0	   31.3	    0.0	    0.0	    0.0	    0.0	    8.4	  1	  -50.0	 1250.0	   31.3	    0.0	    0.0	1	   63.5	 21	    0.0	    9.7	
  229	  22.90	  -39.8	 1322.8	  -98.0	    0.0	    0.0	    0.0	    0.0	    0.0	    0.0	    0.0	    0.0	  100.0	   31.0	    0.0	    0.0	    0.0	    0.0	    8.5	  1	  -50.0	 1250.0	   31.0	    0.0	    0.0	1	   63.5	 21	    0.0	    9.7	
  230	  23.00	  -39.8	 1322.8	  -98.0	    0.0	    0.0	    0.0	    0.0	    0.0	    0.0	    0.0	    0.0	  100.0	   30.6	    0.0	    0.0	    0.0	    0.0	    8.5	  1	  -50.0	 1250.0	   30.6	    0.0	    0.0	1	   63.5	 21	    0.0	    9.6	
  231	  23.10	  -39.8	 1322.8	  -98.0	    0.0	    0.0	    0.0	    0.0	    0.0	    0.0	    0.0	    0.0	  100.0	   30.3	    0.0	    0.0	    0.0	    0.0	    8.5	  1	  -50.0	 1250.0	   30.3	    0.0	    0.0	1	   63.5	 21	    0.0	    9.6	
  232	  23.20	  -39.8	 1322.8	  -98.0	    0.0	    0.0	    0.0	    0.0	    0.0	    0.0	    0.0	    0.0	  100.0	   30.0	    0.0	    0.0	    0.0	    0.0	    8.6	  1	  -50.0	 1250.0	   30.0	    0.0	    0.0	1	   63.5	 21	    0.0	    9.5	
  233	  23.30	  -39.8	 1322.8	  -98.0	    0.0	    0.0	    0.0	    0.0	    0.0	    0.0	    0.0	    0.0	  100.0	   29.7	    0.0	    0.0	    0.0	    0.0	    8.6	  1	  -50.0	 1250.0	   29.7	    0.0	    0.0	1	   63.5	 21	    0.0	    9.5	
  234	  23.40	  -39.8	 1322.8	  -98.0	    0.0	    0.0	    0.0	    0.0	    0.0	    0.0	    0.0	    0.0	  100.0	   29.4	    0.0	    0.0	    0.0	    0.0	    8.6	  1	  -50.0	 1250.0	   29.4	    0.0	    0.0	1	   63.5	 21	    0.0	    9.4	
  235	  23.50	  -39.8	 1322.8	  -98.0	    0.0	    0.0	    0.0	    0.0	    0.0	    0.0	    0.0	    0.0	  100.0	   29.1	    0.0	    0.0	    0.0	    0.0	    8.7	  1	  -50.0	 1250.0	   29.1	    0.0	    0.0	1	   63.5	 21	    0.0	    9.4	
  236	  23.60	  -39.8	 1322.8	  -98.0	    0.0	    0.0	    0.0	    0.0	    0.0	    0.0	    0.0	    0.0	  100.0	   28.8	    0.0	    0.0	    0.0	    0.0	    8.7	  1	  -50.0	 1250.0	   28.8	    0.0	    0.0	1	   63.5	 21	    0.0	    9.4	
  237	  23.70	  -39.8	 1322.8	  -98.0	    0.0	    0.0	    0.0	    0.0	    0.0	    0.0	    0.0	    0.0	  100.0	   28.5	    0.0	    0.0	    0.0	    0.0	    8.8	  1	  -50.0	 1250.0	   28.5	    0.0	    0.0	1	   63.5	 21	    0.0	    9.3	
  238	  23.80	  -39.8	 1322.8	  -98.0	    0.0	    0.0	    0.0	    0.0	    0.0	    0.0	    0.0	    0.0	  100.0	   28.2	    0.0	    0.0	    0.0	    0.0	    8.8	  1	  -50.0	 1250.0	   28.2	    0.0	    0.0	1	   63.5	 21	    0.0	    9.3	
  239	  23.90	  -39.8	 1322.8	  -98.0	    0.0	    0.0	    0.0	    0.0	    0.0	    0.0	    0.0	    0.0	  100.0	   27.9	    0.0	    0.0	    0.0	    0.0	    8.8	  1	  -50.0	 1250.0	   27.9	    0.0	    0.0	1	   63.5	 21	    0.0	    9.2	
  240	  24.00	  -39.8	 1322.8	  -98.0	    0.0	    0.0	    0.0	    0.0	    0.0	    0.0	    0.0	    0.0	  100.0	   27.6	    0.0	    0.0	    0.0	    0.0	    8.9	  1	  -50.0	 1250.0	   27.6	    0.0	    0.0	1	   63.5	 21	    0.0	    9.2	
  241	  24.10	  -39.8	 1322.8	  -98.0	    0.0	    0.0	    0.0	    0.0	    0.0	    0.0	    0.0	    0.0	  100.0	   27.3	    0.0	    0.0	    0.0	    0.0	    8.9	  1	  -50.0	 1250.0	   27.3	    0.0	    0.0	1	   63.5	 21	    0.0	    9.1	
  242	  24.20	  -39.8	 1322.8	  -98.0	    0.0	    0.0	    0.0	    0.0	    0.0	    0.0	    0.0	    0.0	  100.0	   27.0	    0.0	    0.0	    0.0	    0.0	    8.9	  1	  -50.0	 1250.0	   27.0	    0.0	    0.0	1	   63.5	 21	    0.0	    9.1	
  243	  24.30	  -39.8	 1322.8	  -98.0	    0.0	    0.0	    0.0	    0.0	    0.0	    0.0	    0.0	    0.0	  100.0	   26.7	    0.0	    0.0	    0.0	    0.0	    9.0	  1	  -50.0	 1250.0	   26.7	    0.0	    0.0	1	   63.5	 21	    0.0	    9.0	
  244	  24.40	  -39.8	 1322.8	  -98.0	    0.0	    0.0	    0.0	    0.0	    0.0	    0.0	    0.0	    0.0	  100.0	   26.4	    0.0	    0.0	    0.0	    0.0	    9.0	  1	  -50.0	 1250.0	   26.4	    0.0	    0.0	1	   63.5	 21	    0.0	    9.0	
  245	  24.50	  -39.8	 1322.8	  -98.0	    0.0	    0.0	    0.0	    0.0	    0.0	    0.0	    0.0	    0.0	  100.0	   26.1	    0.0	    0.0	    0.0	    0.0	    9.1	  1	  -50.0	 1250.0	   26.1	    0.0	    0.0	1	   63.5	 21	    0.0	    8.9	
  246	  24.60	  -39.8	 1322.8	  -98.0	    0.0	    0.0	    0.0	    0.0	    0.0	    0.0	    0.0	    0.0	  100.0	   25.8	    0.0	    0.0	    0.0	    0.0	    9.1	  1	  -50.0	 1250.0	   25.8	    0.0	    0.0	1	   63.5	 21	    0.0	    8.9	
  247	  24.70	  -39.8	 1322.8	  -98.0	    0.0	    0.0	    0.0	    0.0	    0.0	    0.0	    0.0	    0.0	  100.0	   25.5	    0.0	    0.0	    0.0	    0.0	    9.1	  1	  -50.0	 1250.0	   25.5	    0.0	    0.0	1	   63.5	 21	    0.0	    8.8	
  248	  24.80	  -39.8	 1322.8	  -98.0	    0.0	    0.0	    0.0	    0.0	    0.0	    0.0	    0.0	    0.0	  100.0	   25.2	    0.0	    0.0	    0.0	    0.0	    9.2	  1	  -50.0	 1250.0	   25.2	    0.0	    0.0	1	   63.5	 21	    0.0	    8.8	
  249	  24.90	  -39.8	 1322.8	  -98.0	    0.0	    0.0	    0.0	    0.0	    0.0	    0.0	    0.0	    0.0	  100.0	   24.9	    0.0	    0.0	    0.0	    0.0	    9.2	  1	  -50.0	 1250.0	   24.9	    0.0	    0.0	1	   63.5	 21	    0.0	    8.7	
  250	  25.00	  -39.8	 1322.8	  -98.0	    0.0	    0.0	    0.0	    0.0	    0.0	    0.0	    0.0	    0.0	  100.0	   24.6	    0.0	    0.0	    0.0	    0.0	    9.2	  1	  -50.0	 1250.0	   24.6	    0.0	    0.0	1	   63.5	 21	    0.0	    8.7	
  251	  25.10	  -39.8	 1322.8	  -98.0	    0.0	    0.0	    0.0	    0.0	    0.0	    0.0	    0.0	    0.0	  100.0	   24.3	    0.0	    0.0	    0.0	    0.0	    9.3	  1	  -50.0	 1250.0	   24.3	    0.0	    0.0	1	   63.5	 21	    0.0	    8.6	
  252	  25.20	  -39.8	 1322.8	  -98.0	    0.0	    0.0	    0.0	    0.0	    0.0	    0.0	    0.0	    0.0	  100.0	   24.0	    0.0	    0.0	    0.0	    0.0	    9.3	  1	  -50.0	 1250.0	   24.0	    0.0	    0.0	1	   63.5	 21	    0.0	    8.6	
  253	  25.30	  -39.8	 1322.8	  -98.0	    0.0	    0.0	    0.0	    0.0	    0.0	    0.0	    0.0	    0.0	  100.0	   23.7	    0.0	    0.0	    0.0	    0.0	    9.3	  1	  -50.0	 1250.0	   23.7	    0.0	    0.0	1	   63.5	 21	    0.0	    8.5	
  254	  25.40	  -39.8	 1322.8	  -98.0	    0.0	    0.0	    0.0	    0.0	    0.0	    0.0	    0.0	    0.0	  100.0	   23.4	    0.0	    0.0	    0.0	    0.0	    9.4	  1	  -50.0	 1250.0	   23.4	    0.0	    0.0	1	   63.5	 21	    0.0	    8.5	
  255	  25.50	  -39.8	 1322.8	  -98.0	    0.0	    0.0	    0.0	    0.0	    0.0	    0.0	    0.0	    0.0	  100.0	   23.1	    0.0	    0.0	    0.0	    0.0	    9.4	  1	  -50.0	 1250.0	   23.1	    0.0	    0.0	1	   63.5	 21	    0.0	    8.5	
  256	  25.60	  -39.8	 1322.8	  -98.0	    0.0	    0.0	    0.0	    0.0	    0.0	    0.0	    0.0	    0.0	  100.0	   22.8	    0.0	    0.0	    0.0	    0.0	    9.5	  1	  -50.0	 1250.0	   22.8	    0.0	    0.0	1	   63.5	 21	    0.0	    8.4	
  257	  25.70	  -39.8	 1322.8	  -98.0	    0.0	    0.0	    0.0	    0.0	    0.0	    0.0	    0.0	    0.0	  100.0	   22.5	    0.0	    0.0	    0.0	    0.0	    9.5	  1	  -50.0	 1250.0	   22.5	    0.0	    0.0	1	   63.5	 21	    0.0	    8.4	
  258	  25.80	  -39.8	 1322.8	  -98.0	    0.0	    0.0	    0.0	    0.0	    0.0	    0.0	    0.0	    0.0	  100.0	   22.2	    0.0	    0.0	    0.0	    0.0	    9.5	  1	  -50.0	 1250.0	   22.2	    0.0	    0.0	1	   63.5	 21	    0.0	    8.3	
  259	  25.90	  -39.8	 1322.8	  -98.0	    0.0	    0.0	    0.0	    0.0	    0.0	    0.0	    0.0	    0.0	  100.0	   21.8	    0.0	    0.0	    0.0	    0.0	    9.6	  1	  -50.0	 1250.0	   21.8	    0.0	    0.0	1	   63.5	 21	    0.0	    8.3	
  260	  26.00	  -39.8	 1322.8	  -98.0	    0.0	    0.0	    0.0	    0.0	    0.0	    0.0	    0.0	    0.0	  100.0	   21.5	    0.0	    0.0	    0.0	    0.0	    9.6	  1	  -50.0	 1250.0	   21.5	    0.0	    0.0	1	   63.5	 21	    0.0	    8.2	
  261	  26.10	  -39.8	 1322.8	  -98.0	    0.0	    0.0	    0.0	    0.0	    0.0	    0.0	    0.0	    0.0	  100.0	   21.2	    0.0	    0.0	    0.0	    0.0	    9.6	  1	  -50.0	 1250.0	   21.2	    0.0	    0.0	1	   63.5	 21	    0.0	    8.2	
  262	  26.20	  -39.8	 1322.8	  -98.0	    0.0	    0.0	    0.0	    0.0	    0.0	    0.0	    0.0	    0.0	  100.0	   20.9	    0.0	    0.0	    0.0	    0.0	    9.7	  1	  -50.0	 1250.0	   20.9	    0.0	    0.0	1	   63.5	 21	    0.0	    8.1	
  263	  26.30	  -39.8	 1322.8	  -98.0	    0.0	    0.0	    0.0	    0.0	    0.0	    0.0	    0.0	    0.0	  100.0	   20.6	    0.0	    0.0	    0.0	    0.0	    9.7	  1	  -50.0	 1250.0	   20.6	    0.0	    0.0	1	   63.5	 21	    0.0	    8.1	
  264	  26.40	  -39.8	 1322.8	  -98.0	    0.0	    0.0	    0.0	    0.0	    0.0	    0.0	    0.0	    0.0	  100.0	   20.3	    0.0	    0.0	    0.0	    0.0	    9.8	  1	  -50.0	 1250.0	   20.3	    0.0	    0.0	1	   63.5	 21	    0.0	    8.0	
  265	  26.50	  -39.8	 1322.8	  -98.0	    0.0	    0.0	    0.0	    0.0	    0.0	    0.0	    0.0	    0.0	  100.0	   20.0	    0.0	    0.0	    0.0	    0.0	    9.8	  1	  -50.0	 1250.0	   20.0	    0.0	    0.0	1	   63.5	 21	    0.0	    8.0	
  266	  26.60	  -39.8	 1322.8	  -98.0	    0.0	    0.0	    0.0	    0.0	    0.0	    0.0	    0.0	    0.0	  100.0	   19.7	    0.0	    0.0	    0.0	    0.0	    9.8	  1	  -50.0	 1250.0	   19.7	    0.0	    0.0	1	   63.5	 21	    0.0	    7.9	
  267	  26.70	  -39.8	 1322.8	  -98.0	    0.0	    0.0	    0.0	    0.0	    0.0	    0.0	    0.0	    0.0	  100.0	   19.4	    0.0	    0.0	    0.0	    0.0	    9.9	  1	  -50.0	 1250.0	   19.4	    0.0	    0.0	1	   63.5	 21	    0.0	    7.9	
  268	  26.80	  -39.8	 1322.8	  -98.0	    0.0	    0.0	    0.0	    0.0	    0.0	    0.0	    0.0	    0.0	  100.0	   19.1	    0.0	    0.0	    0.0	    0.0	    9.9	  1	  -50.0	 1250.0	   19.1	    0.0	    0.0	1	   63.5	 21	    0.0	    7.8	
  269	  26.90	  -39.8	 1322.8	  -98.0	    0.0	    0.0	    0.0	    0.0	    0.0	    0.0	    0.0	    0.0	  100.0	   18.8	    0.0	    0.0	    0.0	    0.0	    9.9	  1	  -50.0	 1250.0	   18.8	    0.0	    0.0	1	   63.5	 21	    0.0	    7.8	
  270	  27.00	  -39.8	 1322.8	  -98.0	    0.0	    0.0	    0.0	    0.0	    0.0	    0.0	    0.0	    0.0	  100.0	   18.5	    0.0	    0.0	    0.0	    0.0	   10.0	  1	  -50.0	 1250.0	   18.5	    0.0	    0.0	1	   63.5	 21	    0.0	    7.7	
  271	  27.10	  -39.8	 1322.8	  -98.0	    0.0	    0.0	    0.0	    0.0	    0.0	    0.0	    0.0	    0.0	  100.0	   18.2	    0.0	    0.0	    0.0	    0.0	   10.0	  1	  -50.0	 1250.0	   18.2	    0.0	    0.0	1	   63.5	 21	    0.0	    7.7	
  272	  27.20	  -39.8	 1322.8	  -98.0	    0.0	    0.0	    0.0	    0.0	    0.0	    0.0	    0.0	    0.0	  100.0	   17.9	    0.0	    0.0	    0.0	    0.0	   10.1	  1	  -50.0	 1250.0	   17.9	    0.0	    0.0	1	   63.5	 21	    0.0	    7.7	
  273	  27.30	  -39.8	 1322.8	  -98.0	    0.0	    0.0	    0.0	    0.0	    0.0	    0.0	    0.0	    0.0	  100.0	   17.6	    0.0	    0.0	    0.0	    0.0	   10.1	  1	  -50.0	 1250.0	   17.6	    0.0	    0.0	1	   63.5	 21	    0.0	    7.6	
  274	  27.40	  -39.8	 1322.8	  -98.0	    0.0	    0.0	    0.0	    0.0	    0.0	    0.0	    0.0	    0.0	  100.0	   17.3	    0.0	    0.0	    0.0	    0.0	   10.1	  1	  -50.0	 1250.0	   17.3	    0.0	    0.0	1	   63.5	 21	    0.0	    7.6	
  275	  27.50	  -39.8	 1322.8	  -98.0	    0.0	    0.0	    0.0	    0.0	    0.0	    0.0	    0.0	    0.0	  100.0	   17.0	    0.0	    0.0	    0.0	    0.0	   10.2	  1	  -50.0	 1250.0	   17.0	    0.0	    0.0	1	   63.5	 21	    0.0	    7.5	
  276	  27.60	  -39.8	 1322.8	  -98.0	    0.0	    0.0	    0.0	    0.0	    0.0	    0.0	    0.0	    0.0	  100.0	   16.7	    0.0	    0.0	    0.0	    0.0	   10.2	  1	  -50.0	 1250.0	   16.7	    0.0	    0.0	1	   63.5	 21	    0.0	    7.5	
  277	  27.70	  -39.8	 1322.8	  -98.0	    0.0	    0.0	    0.0	    0.0	    0.0	    0.0	    0.0	    0.0	  100.0	   16.4	    0.0	    0.0	    0.0	    0.0	   10.2	  1	  -50.0	 1250.0	   16.4	    0.0	    0.0	1	   63.5	 21	    0.0	    7.4	
  278	  27.80	  -39.8	 1322.8	  -98.0	    0.0	    0.0	    0.0	    0.0	    0.0	    0.0	    0.0	    0.0	  100.0	   16.1	    0.0	    0.0	    0.0	    0.0	   10.3	  1	  -50.0	 1250.0	   16.1	    0.0	    0.0	1	   63.5	 21	    0.0	    7.4	
  279	  27.90	  -39.8	 1322.8	  -98.0	    0.0	    0.0	    0.0	    0.0	    0.0	    0.0	    0.0	    0.0	  100.0	   15.8	    0.0	    0.0	    0.0	    0.0	   10.3	  1	  -50.0	 1250.0	   15.8	    0.0	    0.0	1	   63.5	 21	    0.0	    7.3	
  280	  28.00	  -39.8	 1322.8	  -98.0	    0.0	    0.0	    0.0	    0.0	    0.0	    0.0	    0.0	    0.0	  100.0	   15.5	    0.0	    0.0	    0.0	    0.0	   10.3	  1	  -50.0	 1250.0	   15.5	    0.0	    0.0	1	   63.5	 21	    0.0	    7.3	
  281	  28.10	  -39.8	 1322.8	  -98.0	    0.0	    0.0	    0.0	    0.0	    0.0	    0.0	    0.0	    0.0	  100.0	   15.2	    0.0	    0.0	    0.0	    0.0	   10.4	  1	  -50.0	 1250.0	   15.2	    0.0	    0.0	1	   63.5	 21	    0.0	    7.2	
  282	  28.20	  -39.8	 1322.8	  -98.0	    0.0	    0.0	    0.0	    0.0	    0.0	    0.0	    0.0	    0.0	  100.0	   14.9	    0.0	    0.0	    0.0	    0.0	   10.4	  1	  -50.0	 1250.0	   14.9	    0.0	    0.0	1	   63.5	 21	    0.0	    7.2	
  283	  28.30	  -39.8	 1322.8	  -98.0	    0.0	    0.0	    0.0	    0.0	    0.0	    0.0	    0.0	    0.0	  100.0	   14.6	    0.0	    0.0	    0.0	    0.0	   10.5	  1	  -50.0	 1250.0	   14.6	    0.0	    0.0	1	   63.5	 21	    0.0	    7.1	
  284	  28.40	  -39.8	 1322.8	  -98.0	    0.0	    0.0	    0.0	    0.0	    0.0	    0.0	    0.0	    0.0	  100.0	   14.3	    0.0	    0.0	    0.0	    0.0	   10.5	  1	  -50.0	 1250.0	   14.3	    0.0	    0.0	1	   63.5	 21	    0.0	    7.1	
  285	  28.50	  -39.8	 1322.8	  -98.0	    0.0	    0.0	    0.0	    0.0	    0.0	    0.0	    0.0	    0.0	  100.0	   14.0	    0.0	    0.0	    0.0	    0.0	   10.5	  1	  -50.0	 1250.0	   14.0	    0.0	    0.0	1	   63.5	 21	    0.0	    7.0	
  286	  28.60	  -39.8	 1322.8	  -98.0	    0.0	    0.0	    0.0	    0.0	    0.0	    0.0	    0.0	    0.0	  100.0	   13.7	    0.0	    0.0	    0.0	    0.0	   10.6	  1	  -50.0	 1250.0	   13.7	    0.0	    0.0	1	   63.5	 21	    0.0	    7.0	
  287	  28.70	  -39.8	 1322.8	  -98.0	    0.0	    0.0	    0.0	    0.0	    0.0	    0.0	    0.0	    0.0	  100.0	   13.4	    0.0	    0.0	    0.0	    0.0	   10.6	  1	  -50.0	 1250.0	   13.4	    0.0	    0.0	1	   63.5	 21	    0.0	    6.9	
  288	  28.80	  -39.8	 1322.8	  -98.0	    0.0	    0.0	    0.0	    0.0	    0.0	    0.0	    0.0	    0.0	  100.0	   13.1	    0.0	    0.0	    0.0	    0.0	   10.6	  1	  -50.0	 1250.0	   13.1	    0.0	    0.0	1	   63.5	 21	    0.0	    6.9	
  289	  28.90	  -39.8	 1322.8	  -98.0	    0.0	    0.0	    0.0	    0.0	    0.0	    0.0	    0.0	    0.0	  100.0	   12.7	    0.0	    0.0	    0.0	    0.0	   10.7	  1	  -50.0	 1250.0	   12.7	    0.0	    0.0	1	   63.5	 21	    0.0	    6.8	
  290	  29.00	  -39.8	 1322.8	  -98.0	    0.0	    0.0	    0.0	    0.0	    0.0	    0.0	    0.0	    0.0	  100.0	   12.4	    0.0	    0.0	    0.0	    0.0	   10.7	  1	  -50.0	 1250.0	   12.4	    0.0	    0.0	1	   63.5	 21	    0.0	    6.8	
  291	  29.10	  -39.8	 1322.8	  -98.0	    0.0	    0.0	    0.0	    0.0	    0.0	    0.0	    0.0	    0.0	  100.0	   12.1	    0.0	    0.0	    0.0	    0.0	   10.8	  1	  -50.0	 1250.0	   12.1	    0.0	    0.0	1	   63.5	 21	    0.0	    6.8	
  292	  29.20	  -39.8	 1322.8	  -98.0	    0.0	    0.0	    0.0	    0.0	    0.0	    0.0	    0.0	    0.0	  100.0	   11.8	    0.0	    0.0	    0.0	    0.0	   10.8	  1	  -50.0	 1250.0	   11.8	    0.0	    0.0	1	   63.5	 21	    0.0	    6.7	
  293	  29.30	  -39.8	 1322.8	  -98.0	    0.0	    0.0	    0.0	    0.0	    0.0	    0.0	    0.0	    0.0	  100.0	   11.5	    0.0	    0.0	    0.0	    0.0	   10.8	  1	  -50.0	 1350.0	   11.5	    0.0	    0.0	1	   27.4	 21	    0.0	    6.7	
  294	  29.40	  -39.8	 1322.8	  110.5	    0.0	    0.0	    0.0	    0.0	    0.0	    0.0	    0.0	    0.0	  100.0	   11.2	    0.0	    0.0	    0.0	    0.0	   10.9	  1	  -50.0	 1350.0	   11.2	    0.0	    0.0	1	   27.4	 21	    0.0	    6.6	
  295	  29.50	  -39.8	 1322.8	  110.5	    0.0	    0.0	    0.0	    0.0	    0.0	    0.0	    0.0	    0.0	  100.0	   10.9	    0.0	    0.0	    0.0	    0.0	   10.9	  1	  -50.0	 1350.0	   10.9	    0.0	    0.0	1	   27.4	 21	    0.0	    6.6	
  296	  29.60	  -39.8	 1322.8	  110.5	    0.0	    0.0	    0.0	    0.0	    0.0	    0.0	    0.0	    0.0	  100.0	   10.6	    0.0	    0.0	    0.0	    0.0	   10.9	  1	  -50.0	 1350.0	   10.6	    0.0	    0.0	1	   27.4	 21	    0.0	    6.5	
  297	  29.70	  -39.8	 1322.8	  110.5	    0.0	    0.0	    0.0	    0.0	    0.0	    0.0	    0.0	    0.0	  100.0	   10.3	    0.0	    0.0	    0.0	    0.0	   11.0	  1	  -50.0	 1350.0	   10.3	    0.0	    0.0	1	   27.4	 21	    0.0	    6.5	
  298	  29.80	  -39.8	 1322.8	  110.5	    0.0	    0.0	    0.0	    0.0	    0.0	    0.0	    0.0	    0.0	  100.0	   10.0	    0.0	    0.0	    0.0	    0.0	   11.0	  1	  -50.0	 1350.0	   10.0	    0.0	    0.0	1	   27.4	 21	    0.0	    6.4	
  299	  29.90	  -39.8	 1322.8	  110.5	    0.0	    0.0	    0.0	    0.0	    0.0	    0.0	    0.0	    0.0	  100.0	    9.7	    0.0	    0.0	    0.0	    0.0	   11.0	  1	  -50.0	 1350.0	    9.7	    0.0	    0.0	1	   27.4	 21	    0.0	    6.4	
  300	  30.00	  -39.8	 1322.8	  110.5	    0.0	    0.0	    0.0	    0.0	    0.0	    0.0	    0.0	    0.0	  100.0	    9.4	    0.0	    0.0	    0.0	    0.0	   11.1	  1	  -50.0	 1350.0	    9.4	    0.0	    0.0	1	   27.4	 21	    0.0	    6.3	
  301	  30.10	  -39.8	 1322.8	  110.5	    0.0	    0.0	    0.0	    0.0	    0.0	    0.0	    0.0	    0.0	  100.0	    9.1	    0.0	    0.0	    0.0	    0.0	   11.1	  1	  -50.0	 1350.0	    9.1	    0.0	    0.0	1	   27.4	 21	    0.0	    6.3	
  302	  30.20	  -39.8	 1322.8	  110.5	    0.0	    0.0	    0.0	    0.0	    0.0	    0.0	    0.0	    0.0	  100.0	    8.8	    0.0	    0.0	    0.0	    0.0	   11.2	  1	  -50.0	 1350.0	    8.8	    0.0	    0.0	1	   27.4	 21	    0.0	    6.2	
  303	  30.30	  -39.8	 1322.8	  110.5	    0.0	    0.0	    0.0	    0.0	    0.0	    0.0	    0.0	    0.0	  100.0	    8.5	    0.0	    0.0	    0.0	    0.0	   11.2	  1	  -50.0	 1350.0	    8.5	    0.0	    0.0	1	   27.4	 21	    0.0	    6.2	
  304	  30.40	  -39.8	 1322.8	  110.5	    0.0	    0.0	    0.0	    0.0	    0.0	    0.0	    0.0	    0.0	  100.0	    8.2	    0.0	    0.0	    0.0	    0.0	   11.2	  1	  -50.0	 1350.0	    8.2	    0.0	    0.0	1	   27.4	 21	    0.0	    6.1	
  305	  30.50	  -39.8	 1322.8	  110.5	    0.0	    0.0	    0.0	    0.0	    0.0	    0.0	    0.0	    0.0	  100.0	    7.9	    0.0	    0.0	    0.0	    0.0	   11.3	  1	  -50.0	 1350.0	    7.9	    0.0	    0.0	1	   27.4	 21	    0.0	    6.1	
  306	  30.60	  -39.8	 1322.8	  110.5	    0.0	    0.0	    0.0	    0.0	    0.0	    0.0	    0.0	    0.0	  100.0	    7.6	    0.0	    0.0	    0.0	    0.0	   11.3	  1	  -50.0	 1350.0	    7.6	    0.0	    0.0	1	   27.4	 21	    0.0	    6.0	
  307	  30.70	  -39.8	 1322.8	  110.5	    0.0	    0.0	    0.0	    0.0	    0.0	    0.0	    0.0	    0.0	  100.0	    7.3	    0.0	    0.0	    0.0	    0.0	   11.3	  1	  -50.0	 1350.0	    7.3	    0.0	    0.0	1	   27.4	 21	    0.0	    6.0	
  308	  30.80	  -39.8	 1322.8	  110.5	    0.0	    0.0	    0.0	    0.0	    0.0	    0.0	    0.0	    0.0	  100.0	    7.0	    0.0	    0.0	    0.0	    0.0	   11.4	  1	  -50.0	 1350.0	    7.0	    0.0	    0.0	1	   27.4	 21	    0.0	    6.0	
  309	  30.90	  -39.8	 1322.8	  110.5	    0.0	    0.0	    0.0	    0.0	    0.0	    0.0	    0.0	    0.0	  100.0	    6.7	    0.0	    0.0	    0.0	    0.0	   11.4	  1	  -50.0	 1350.0	    6.7	    0.0	    0.0	1	   27.4	 21	    0.0	    5.9	
  310	  31.00	  -39.8	 1322.8	  110.5	    0.0	    0.0	    0.0	    0.0	    0.0	    0.0	    0.0	    0.0	  100.0	    6.4	    0.0	    0.0	    0.0	    0.0	   11.5	  1	  -50.0	 1350.0	    6.4	    0.0	    0.0	1	   27.4	 21	    0.0	    5.9	
  311	  31.10	  -39.8	 1322.8	  110.5	    0.0	    0.0	    0.0	    0.0	    0.0	    0.0	    0.0	    0.0	  100.0	    6.1	    0.0	    0.0	    0.0	    0.0	   11.5	  1	  -50.0	 1350.0	    6.1	    0.0	    0.0	1	   27.4	 21	    0.0	    5.8	
  312	  31.20	  -39.8	 1322.8	  110.5	    0.0	    0.0	    0.0	    0.0	    0.0	    0.0	    0.0	    0.0	  100.0	    5.8	    0.0	    0.0	    0.0	    0.0	   11.5	  1	  -50.0	 1350.0	    5.8	    0.0	    0.0	1	   27.4	 21	    0.0	    5.8	
  313	  31.30	  -39.8	 1322.8	  110.5	    0.0	    0.0	    0.0	    0.0	    0.0	    0.0	    0.0	    0.0	  100.0	    5.5	    0.0	    0.0	    0.0	    0.0	   11.6	  1	  -50.0	 1350.0	    5.5	    0.0	    0.0	1	   27.4	 21	    0.0	    5.7	
  314	  31.40	  -39.8	 1322.8	  110.5	    0.0	    0.0	    0.0	    0.0	    0.0	    0.0	    0.0	    0.0	  100.0	    5.2	    0.0	    0.0	    0.0	    0.0	   11.6	  1	  -50.0	 1350.0	    5.2	    0.0	    0.0	1	   27.4	 21	    0.0	    5.7	
  315	  31.50	  -39.8	 1322.8	  110.5	    0.0	    0.0	    0.0	    0.0	    0.0	    0.0	    0.0	    0.0	  100.0	    4.9	    0.0	    0.0	    0.0	    0.0	   11.6	  1	  -50.0	 1350.0	    4.9	    0.0	    0.0	1	   27.4	 21	    0.0	    5.6	
  316	  31.60	  -39.8	 1322.8	  110.5	    0.0	    0.0	    0.0	    0.0	    0.0	    0.0	    0.0	    0.0	  100.0	    4.6	    0.0	    0.0	    0.0	    0.0	   11.7	  1	  -50.0	 1350.0	    4.6	    0.0	    0.0	1	   27.4	 21	    0.0	    5.6	
  317	  31.70	  -39.8	 1322.8	  110.5	    0.0	    0.0	    0.0	    0.0	    0.0	    0.0	    0.0	    0.0	  100.0	    4.3	    0.0	    0.0	    0.0	    0.0	   11.7	  1	  -50.0	 1350.0	    4.3	    0.0	    0.0	1	   27.4	 21	    0.0	    5.5	
  318	  31.80	  -39.8	 1322.8	  110.5	    0.0	    0.0	    0.0	    0.0	    0.0	    0.0	    0.0	    0.0	  100.0	    3.9	    0.0	    0.0	    0.0	    0.0	   11.8	  1	  -50.0	 1350.0	    3.9	    0.0	    0.0	1	   27.4	 21	    0.0	    5.5	
  319	  31.90	  -39.8	 1322.8	  110.5	    0.0	    0.0	    0.0	    0.0	    0.0	    0.0	    0.0	    0.0	  100.0	    3.6	    0.0	    0.0	    0.0	    0.0	   11.8	  1	  -50.0	 1350.0	    3.6	    0.0	    0.0	1	   27.4	 21	    0.0	    5.4	
  320	  32.00	  -39.8	 1322.8	  110.5	    0.0	    0.0	    0.0	    0.0	    0.0	    0.0	    0.0	    0.0	  100.0	    3.3	    0.0	    0.0	    0.0	    0.0	   11.8	  1	  -50.0	 1350.0	    3.3	    0.0	    0.0	1	   27.4	 21	    0.0	    5.4	
  321	  32.10	  -39.8	 1322.8	  110.5	    0.0	    0.0	    0.0	    0.0	    0.0	    0.0	    0.0	    0.0	  100.0	    3.0	    0.0	    0.0	    0.0	    0.0	   11.9	  1	  -50.0	 1350.0	    3.0	    0.0	    0.0	1	   27.4	 21	    0.0	    5.4	
  322	  32.20	  -39.8	 1322.8	  110.5	    0.0	    0.0	    0.0	    0.0	    0.0	    0.0	    0.0	    0.0	  100.0	    2.7	    0.0	    0.0	    0.0	    0.0	   11.9	  1	  -50.0	 1350.0	    2.7	    0.0	    0.0	1	   27.4	 21	    0.0	    5.3	
  323	  32.30	  -39.8	 1322.8	  110.5	    0.0	    0.0	    0.0	    0.0	    0.0	    0.0	    0.0	    0.0	  100.0	    2.4	    0.0	    0.0	    0.0	    0.0	   11.9	  1	  -50.0	 1350.0	    2.4	    0.0	    0.0	1	   27.4	 21	    0.0	    5.3	
  324	  32.40	  -39.8	 1322.8	  110.5	    0.0	    0.0	    0.0	    0.0	    0.0	    0.0	    0.0	    0.0	  100.0	    2.1	    0.0	    0.0	    0.0	    0.0	   12.0	  1	  -50.0	 1350.0	    2.1	    0.0	    0.0	1	   27.4	 21	    0.0	    5.2	
  325	  32.50	  -39.8	 1322.8	  110.5	    0.0	    0.0	    0.0	    0.0	    0.0	    0.0	    0.0	    0.0	  100.0	    1.8	    0.0	    0.0	    0.0	    0.0	   12.0	  1	  -50.0	 1350.0	    1.8	    0.0	    0.0	1	   27.4	 21	    0.0	    5.2	
  326	  32.60	  -39.8	 1322.8	  110.5	    0.0	    0.0	    0.0	    0.0	    0.0	    0.0	    0.0	    0.0	  100.0	    1.5	    0.0	    0.0	    0.0	    0.0	   12.0	  1	  -50.0	 1350.0	    1.5	    0.0	    0.0	1	   27.4	 21	    0.0	    5.1	
