    1	   0.10	    0.0	 1500.0	    0.0	    0.0	    0.0	    0.0	    0.0	    0.0	    0.0	    0.0	    0.0	  100.0	  100.0	    0.0	    0.0	    0.0	    0.0	    0.1	  1	 -750.0	  750.0	  100.0	    0.0	    0.0	1	  516.9	 21	 1371.8	  -28.2	
    2	   0.20	  -18.9	 1491.1	 -154.9	    0.0	    0.0	    0.0	    0.0	    0.0	    0.0	    0.0	    0.0	  100.0	   99.7	    0.0	    0.0	    0.0	    0.0	    0.1	  1	  -50.0	 1250.0	   99.7	    0.0	    0.0	1	  200.5	 21	 1390.1	   19.0	
    3	   0.30	  -24.3	 1458.7	  -96.7	    0.0	    0.0	    0.0	    0.0	    0.0	    0.0	    0.0	    0.0	  100.0	   99.5	    0.0	    0.0	    0.0	    0.0	    0.2	  1	  -50.0	 1250.0	   99.5	    0.0	    0.0	1	  173.2	 21	 1389.7	   19.0	
    4	   0.40	  -29.6	 1416.4	  -97.2	    0.0	    0.0	    0.0	    0.0	    0.0	    0.0	    0.0	    0.0	  100.0	   99.2	    0.0	    0.0	    0.0	    0.0	    0.3	  1	  -50.0	 1250.0	   99.2	    0.0	    0.0	1	  129.3	 21	 1389.3	   18.9	
    5	   0.50	  -33.2	 1385.7	  -96.5	    0.0	    0.0	    0.0	    0.0	    0.0	    0.0	    0.0	    0.0	  100.0	   98.9	    0.0	    0.0	    0.0	    0.0	    0.3	  1	  -50.0	 1250.0	   98.9	    0.0	    0.0	1	  102.1	 21	    0.0	    0.0	
    6	   0.60	  -36.1	 1360.4	  -96.7	    0.0	    0.0	    0.0	    0.0	    0.0	    0.0	    0.0	    0.0	  100.0	   98.6	    0.0	    0.0	    0.0	    0.0	    0.4	  1	  -50.0	 1250.0	   98.6	    0.0	    0.0	1	   69.4	 21	    0.0	    0.0	
    7	   0.70	  -36.4	 1358.1	  -97.2	    0.0	    0.0	    0.0	    0.0	    0.0	    0.0	    0.0	    0.0	  100.0	   98.3	    0.0	    0.0	    0.0	    0.0	    0.5	  1	  -50.0	 1250.0	   98.3	    0.0	    0.0	1	   68.8	 21	    0.0	    0.0	
    8	   0.80	  -36.4	 1358.1	  -97.2	    0.0	    0.0	    0.0	    0.0	    0.0	    0.0	    0.0	    0.0	  100.0	   98.0	    0.0	    0.0	    0.0	    0.0	    0.5	  1	  -50.0	 1250.0	   98.0	    0.0	    0.0	1	   68.8	 21	    0.0	    0.0	
    9	   0.90	  -36.4	 1358.1	  -97.2	    0.0	    0.0	    0.0	    0.0	    0.0	    0.0	    0.0	    0.0	  100.0	   97.7	    0.0	    0.0	    0.0	    0.0	    0.6	  1	  -50.0	 1250.0	   97.7	    0.0	    0.0	1	   68.8	 21	    0.0	    0.0	
   10	   1.00	  -36.4	 1358.1	  -97.2	    0.0	    0.0	    0.0	    0.0	    0.0	    0.0	    0.0	    0.0	  100.0	   97.4	    0.0	    0.0	    0.0	    0.0	    0.7	  1	  -50.0	 1250.0	   97.4	    0.0	    0.0	1	   68.8	 21	    0.0	    0.0	
   11	   1.10	  -36.4	 1358.1	  -97.2	    0.0	    0.0	    0.0	    0.0	    0.0	    0.0	    0.0	    0.0	  100.0	   97.1	    0.0	    0.0	    0.0	    0.0	    0.7	  1	  -50.0	 1250.0	   97.1	    0.0	    0.0	1	   68.8	 21	    0.0	    0.0	
   12	   1.20	  -36.4	 1358.1	  -97.2	    0.0	    0.0	    0.0	    0.0	    0.0	    0.0	    0.0	    0.0	  100.0	   96.9	    0.0	    0.0	    0.0	    0.0	    0.8	  1	  -50.0	 1250.0	   96.9	    0.0	    0.0	1	   68.8	 21	 1399.8	   20.0	
   13	   1.30	  -36.4	 1358.1	  -97.2	    0.0	    0.0	    0.0	    0.0	    0.0	    0.0	    0.0	    0.0	  100.0	   96.6	    0.0	    0.0	    0.0	    0.0	    0.9	  1	  -50.0	 1250.0	   96.6	    0.0	    0.0	1	   68.8	 21	 1399.4	   19.9	
   14	   1.40	  -36.4	 1358.1	  -97.2	    0.0	    0.0	    0.0	    0.0	    0.0	    0.0	    0.0	    0.0	  100.0	   96.3	    0.0	    0.0	    0.0	    0.0	    0.9	  1	  -50.0	 1250.0	   96.3	    0.0	    0.0	1	   68.8	 21	 1398.9	   19.9	
   15	   1.50	  -36.4	 1358.1	  -97.2	    0.0	    0.0	    0.0	    0.0	    0.0	    0.0	    0.0	    0.0	  100.0	   96.0	    0.0	    0.0	    0.0	    0.0	    1.0	  1	  -50.0	 1250.0	   96.0	    0.0	    0.0	1	   68.8	 21	 1398.5	   19.8	
   16	   1.60	  -36.4	 1358.1	  -97.2	    0.0	    0.0	    0.0	    0.0	    0.0	    0.0	    0.0	    0.0	  100.0	   95.7	    0.0	    0.0	    0.0	    0.0	    1.1	  1	  -50.0	 1250.0	   95.7	    0.0	    0.0	1	   68.8	 21	 1398.0	   19.8	
   17	   1.70	  -36.4	 1358.1	  -97.2	    0.0	    0.0	    0.0	    0.0	    0.0	    0.0	    0.0	    0.0	  100.0	   95.4	    0.0	    0.0	    0.0	    0.0	    1.1	  1	  -50.0	 1250.0	   95.4	    0.0	    0.0	1	   68.8	 21	 1397.5	   19.8	
   18	   1.80	  -36.4	 1358.1	  -97.2	    0.0	    0.0	    0.0	    0.0	    0.0	    0.0	    0.0	    0.0	  100.0	   95.1	    0.0	    0.0	    0.0	    0.0	    1.2	  1	  -50.0	 1250.0	   95.1	    0.0	    0.0	1	   68.8	 21	 1397.1	   19.7	
   19	   1.90	  -36.4	 1358.1	  -97.2	    0.0	    0.0	    0.0	    0.0	    0.0	    0.0	    0.0	    0.0	  100.0	   94.8	    0.0	    0.0	    0.0	    0.0	    1.3	  1	  -50.0	 1250.0	   94.8	    0.0	    0.0	1	   68.8	 21	 1396.6	   19.7	
   20	   2.00	  -36.4	 1358.1	  -97.2	    0.0	    0.0	    0.0	    0.0	    0.0	    0.0	    0.0	    0.0	  100.0	   94.5	    0.0	    0.0	    0.0	    0.0	    1.3	  1	  -50.0	 1250.0	   94.5	    0.0	    0.0	1	   68.8	 21	 1396.2	   19.6	
   21	   2.10	  -36.4	 1358.1	  -97.2	    0.0	    0.0	    0.0	    0.0	    0.0	    0.0	    0.0	    0.0	  100.0	   94.2	    0.0	    0.0	    0.0	    0.0	    1.4	  1	  -50.0	 1250.0	   94.2	    0.0	    0.0	1	   68.8	 21	 1395.7	   19.6	
   22	   2.20	  -36.4	 1358.1	  -97.2	    0.0	    0.0	    0.0	    0.0	    0.0	    0.0	    0.0	    0.0	  100.0	   93.9	    0.0	    0.0	    0.0	    0.0	    1.5	  1	  -50.0	 1250.0	   93.9	    0.0	    0.0	1	   68.8	 21	 1395.2	   19.5	
   23	   2.30	  -36.4	 1358.1	  -97.2	    0.0	    0.0	    0.0	    0.0	    0.0	    0.0	    0.0	    0.0	  100.0	   93.6	    0.0	    0.0	    0.0	    0.0	    1.6	  1	  -50.0	 1250.0	   93.6	    0.0	    0.0	1	   68.8	 21	 1394.8	   19.5	
   24	   2.40	  -36.4	 1358.1	  -97.2	    0.0	    0.0	    0.0	    0.0	    0.0	    0.0	    0.0	    0.0	  100.0	   93.3	    0.0	    0.0	    0.0	    0.0	    1.6	  1	  -50.0	 1250.0	   93.3	    0.0	    0.0	1	   68.8	 21	 1394.3	   19.4	
   25	   2.50	  -36.4	 1358.1	  -97.2	    0.0	    0.0	    0.0	    0.0	    0.0	    0.0	    0.0	    0.0	  100.0	   93.0	    0.0	    0.0	    0.0	    0.0	    1.7	  1	  -50.0	 1250.0	   93.0	    0.0	    0.0	1	   68.8	 21	 1393.9	   19.4	
   26	   2.60	  -36.4	 1358.1	  -97.2	    0.0	    0.0	    0.0	    0.0	    0.0	    0.0	    0.0	    0.0	  100.0	   92.7	    0.0	    0.0	    0.0	    0.0	    1.8	  1	  -50.0	 1250.0	   92.7	    0.0	    0.0	1	   68.8	 21	 1393.4	   19.3	
   27	   2.70	  -36.4	 1358.1	  -97.2	    0.0	    0.0	    0.0	    0.0	    0.0	    0.0	    0.0	    0.0	  100.0	   92.4	    0.0	    0.0	    0.0	    0.0	    1.8	  1	  -50.0	 1250.0	   92.4	    0.0	    0.0	1	   68.8	 21	 1393.0	   19.3	
   28	   2.80	  -36.4	 1358.1	  -97.2	    0.0	    0.0	    0.0	    0.0	    0.0	    0.0	    0.0	    0.0	  100.0	   92.2	    0.0	    0.0	    0.0	    0.0	    1.9	  1	  -50.0	 1250.0	   92.2	    0.0	    0.0	1	   68.8	 21	 1392.5	   19.2	
   29	   2.90	  -36.4	 1358.1	  -97.2	    0.0	    0.0	    0.0	    0.0	    0.0	    0.0	    0.0	    0.0	  100.0	   91.9	    0.0	    0.0	    0.0	    0.0	    2.0	  1	  -50.0	 1250.0	   91.9	    0.0	    0.0	1	   68.8	 21	 1392.0	   19.2	
   30	   3.00	  -36.4	 1358.1	  -97.2	    0.0	    0.0	    0.0	    0.0	    0.0	    0.0	    0.0	    0.0	  100.0	   91.6	    0.0	    0.0	    0.0	    0.0	    2.0	  1	  -50.0	 1250.0	   91.6	    0.0	    0.0	1	   68.8	 21	 1391.6	   19.2	
   31	   3.10	  -36.4	 1358.1	  -97.2	    0.0	    0.0	    0.0	    0.0	    0.0	    0.0	    0.0	    0.0	  100.0	   91.3	    0.0	    0.0	    0.0	    0.0	    2.1	  1	  -50.0	 1250.0	   91.3	    0.0	    0.0	1	   68.8	 21	 1391.1	   19.1	
   32	   3.20	  -36.4	 1358.1	  -97.2	    0.0	    0.0	    0.0	    0.0	    0.0	    0.0	    0.0	    0.0	  100.0	   91.0	    0.0	    0.0	    0.0	    0.0	    2.2	  1	  -50.0	 1250.0	   91.0	    0.0	    0.0	1	   68.8	 21	 1390.7	   19.1	
   33	   3.30	  -36.4	 1358.1	  -97.2	    0.0	    0.0	    0.0	    0.0	    0.0	    0.0	    0.0	    0.0	  100.0	   90.7	    0.0	    0.0	    0.0	    0.0	    2.2	  1	  -50.0	 1250.0	   90.7	    0.0	    0.0	1	   68.8	 21	 1390.2	   19.0	
   34	   3.40	  -36.4	 1358.1	  -97.2	    0.0	    0.0	    0.0	    0.0	    0.0	    0.0	    0.0	    0.0	  100.0	   90.4	    0.0	    0.0	    0.0	    0.0	    2.3	  1	  -50.0	 1250.0	   90.4	    0.0	    0.0	1	   68.8	 21	 1389.7	   19.0	
   35	   3.50	  -36.4	 1358.1	  -97.2	    0.0	    0.0	    0.0	    0.0	    0.0	    0.0	    0.0	    0.0	  100.0	   90.1	    0.0	    0.0	    0.0	    0.0	    2.4	  1	  -50.0	 1250.0	   90.1	    0.0	    0.0	1	   68.8	 21	 1389.3	   18.9	
   36	   3.60	  -36.4	 1358.1	  -97.2	    0.0	    0.0	    0.0	    0.0	    0.0	    0.0	    0.0	    0.0	  100.0	   89.8	    0.0	    0.0	    0.0	    0.0	    2.4	  1	  -50.0	 1250.0	   89.8	    0.0	    0.0	1	   68.8	 21	 1388.8	   18.9	
   37	   3.70	  -36.4	 1358.1	  -97.2	    0.0	    0.0	    0.0	    0.0	    0.0	    0.0	    0.0	    0.0	  100.0	   89.5	    0.0	    0.0	    0.0	    0.0	    2.5	  1	  -50.0	 1250.0	   89.5	    0.0	    0.0	1	   68.8	 21	 1388.4	   18.8	
   38	   3.80	  -36.4	 1358.1	  -97.2	    0.0	    0.0	    0.0	    0.0	    0.0	    0.0	    0.0	    0.0	  100.0	   89.2	    0.0	    0.0	    0.0	    0.0	    2.6	  1	  -50.0	 1250.0	   89.2	    0.0	    0.0	1	   68.8	 21	 1387.9	   18.8	
   39	   3.90	  -36.4	 1358.1	  -97.2	    0.0	    0.0	    0.0	    0.0	    0.0	    0.0	    0.0	    0.0	  100.0	   88.9	    0.0	    0.0	    0.0	    0.0	    2.6	  1	  -50.0	 1250.0	   88.9	    0.0	    0.0	1	   68.8	 21	 1387.4	   18.7	
   40	   4.00	  -36.4	 1358.1	  -97.2	    0.0	    0.0	    0.0	    0.0	    0.0	    0.0	    0.0	    0.0	  100.0	   88.6	    0.0	    0.0	    0.0	    0.0	    2.7	  1	  -50.0	 1250.0	   88.6	    0.0	    0.0	1	   68.8	 21	 1387.0	   18.7	
   41	   4.10	  -36.4	 1358.1	  -97.2	    0.0	    0.0	    0.0	    0.0	    0.0	    0.0	    0.0	    0.0	  100.0	   88.3	    0.0	    0.0	    0.0	    0.0	    2.8	  1	  -50.0	 1250.0	   88.3	    0.0	    0.0	1	   68.8	 21	 1386.5	   18.7	
   42	   4.20	  -36.4	 1358.1	  -97.2	    0.0	    0.0	    0.0	    0.0	    0.0	    0.0	    0.0	    0.0	  100.0	   88.0	    0.0	    0.0	    0.0	    0.0	    2.8	  1	  -50.0	 1250.0	   88.0	    0.0	    0.0	1	   68.8	 21	 1386.1	   18.6	
   43	   4.30	  -36.4	 1358.1	  -97.2	    0.0	    0.0	    0.0	    0.0	    0.0	    0.0	    0.0	    0.0	  100.0	   87.7	    0.0	    0.0	    0.0	    0.0	    2.9	  1	  -50.0	 1250.0	   87.7	    0.0	    0.0	1	   68.8	 21	 1385.6	   18.6	
   44	   4.40	  -36.4	 1358.1	  -97.2	    0.0	    0.0	    0.0	    0.0	    0.0	    0.0	    0.0	    0.0	  100.0	   87.4	    0.0	    0.0	    0.0	    0.0	    3.0	  1	  -50.0	 1250.0	   87.4	    0.0	    0.0	1	   68.8	 21	 1385.1	   18.5	
   45	   4.50	  -36.4	 1358.1	  -97.2	    0.0	    0.0	    0.0	    0.0	    0.0	    0.0	    0.0	    0.0	  100.0	   87.2	    0.0	    0.0	    0.0	    0.0	    3.0	  1	  -50.0	 1250.0	   87.2	    0.0	    0.0	1	   68.8	 21	 1384.7	   18.5	
   46	   4.60	  -36.4	 1358.1	  -97.2	    0.0	    0.0	    0.0	    0.0	    0.0	    0.0	    0.0	    0.0	  100.0	   86.9	    0.0	    0.0	    0.0	    0.0	    3.1	  1	  -50.0	 1250.0	   86.9	    0.0	    0.0	1	   68.8	 21	 1384.2	   18.4	
   47	   4.70	  -36.4	 1358.1	  -97.2	    0.0	    0.0	    0.0	    0.0	    0.0	    0.0	    0.0	    0.0	  100.0	   86.6	    0.0	    0.0	    0.0	    0.0	    3.2	  1	  -50.0	 1250.0	   86.6	    0.0	    0.0	1	   68.8	 21	 1383.8	   18.4	
   48	   4.80	  -36.4	 1358.1	  -97.2	    0.0	    0.0	    0.0	    0.0	    0.0	    0.0	    0.0	    0.0	  100.0	   86.3	    0.0	    0.0	    0.0	    0.0	    3.2	  1	  -50.0	 1250.0	   86.3	    0.0	    0.0	1	   68.8	 21	 1383.3	   18.3	
   49	   4.90	  -36.4	 1358.1	  -97.2	    0.0	    0.0	    0.0	    0.0	    0.0	    0.0	    0.0	    0.0	  100.0	   86.0	    0.0	    0.0	    0.0	    0.0	    3.3	  1	  -50.0	 1250.0	   86.0	    0.0	    0.0	1	   68.8	 21	 1382.8	   18.3	
   50	   5.00	  -36.4	 1358.1	  -97.2	    0.0	    0.0	    0.0	    0.0	    0.0	    0.0	    0.0	    0.0	  100.0	   85.7	    0.0	    0.0	    0.0	    0.0	    3.4	  1	  -50.0	 1250.0	   85.7	    0.0	    0.0	1	   68.8	 21	 1382.4	   18.2	
   51	   5.10	  -36.4	 1358.1	  -97.2	    0.0	    0.0	    0.0	    0.0	    0.0	    0.0	    0.0	    0.0	  100.0	   85.4	    0.0	    0.0	    0.0	    0.0	    3.4	  1	  -50.0	 1250.0	   85.4	    0.0	    0.0	1	   68.8	 21	 1381.9	   18.2	
   52	   5.20	  -36.4	 1358.1	  -97.2	    0.0	    0.0	    0.0	    0.0	    0.0	    0.0	    0.0	    0.0	  100.0	   85.1	    0.0	    0.0	    0.0	    0.0	    3.5	  1	  -50.0	 1250.0	   85.1	    0.0	    0.0	1	   68.8	 21	 1381.5	   18.1	
   53	   5.30	  -36.4	 1358.1	  -97.2	    0.0	    0.0	    0.0	    0.0	    0.0	    0.0	    0.0	    0.0	  100.0	   84.8	    0.0	    0.0	    0.0	    0.0	    3.6	  1	  -50.0	 1250.0	   84.8	    0.0	    0.0	1	   68.8	 21	 1381.0	   18.1	
   54	   5.40	  -36.4	 1358.1	  -97.2	    0.0	    0.0	    0.0	    0.0	    0.0	    0.0	    0.0	    0.0	  100.0	   84.5	    0.0	    0.0	    0.0	    0.0	    3.6	  1	  -50.0	 1250.0	   84.5	    0.0	    0.0	1	   68.8	 21	 1380.5	   18.1	
   55	   5.50	  -36.4	 1358.1	  -97.2	    0.0	    0.0	    0.0	    0.0	    0.0	    0.0	    0.0	    0.0	  100.0	   84.2	    0.0	    0.0	    0.0	    0.0	    3.7	  1	  -50.0	 1250.0	   84.2	    0.0	    0.0	1	   68.8	 21	 1380.1	   18.0	
   56	   5.60	  -36.4	 1358.1	  -97.2	    0.0	    0.0	    0.0	    0.0	    0.0	    0.0	    0.0	    0.0	  100.0	   83.9	    0.0	    0.0	    0.0	    0.0	    3.8	  1	  -50.0	 1250.0	   83.9	    0.0	    0.0	1	   68.8	 21	 1379.6	   18.0	
   57	   5.70	  -36.4	 1358.1	  -97.2	    0.0	    0.0	    0.0	    0.0	    0.0	    0.0	    0.0	    0.0	  100.0	   83.6	    0.0	    0.0	    0.0	    0.0	    3.8	  1	  -50.0	 1250.0	   83.6	    0.0	    0.0	1	   68.8	 21	 1379.2	   17.9	
   58	   5.80	  -36.4	 1358.1	  -97.2	    0.0	    0.0	    0.0	    0.0	    0.0	    0.0	    0.0	    0.0	  100.0	   83.3	    0.0	    0.0	    0.0	    0.0	    3.9	  1	  -50.0	 1250.0	   83.3	    0.0	    0.0	1	   68.8	 21	 1378.7	   17.9	
   59	   5.90	  -36.4	 1358.1	  -97.2	    0.0	    0.0	    0.0	    0.0	    0.0	    0.0	    0.0	    0.0	  100.0	   83.0	    0.0	    0.0	    0.0	    0.0	    4.0	  1	  -50.0	 1250.0	   83.0	    0.0	    0.0	1	   68.8	 21	 1378.3	   17.8	
   60	   6.00	  -36.4	 1358.1	  -97.2	    0.0	    0.0	    0.0	    0.0	    0.0	    0.0	    0.0	    0.0	  100.0	   82.7	    0.0	    0.0	    0.0	    0.0	    4.0	  1	  -50.0	 1250.0	   82.7	    0.0	    0.0	1	   68.8	 21	 1377.8	   17.8	
   61	   6.10	  -36.4	 1358.1	  -97.2	    0.0	    0.0	    0.0	    0.0	    0.0	    0.0	    0.0	    0.0	  100.0	   82.5	    0.0	    0.0	    0.0	    0.0	    4.1	  1	  -50.0	 1250.0	   82.5	    0.0	    0.0	1	   68.8	 21	 1377.3	   17.7	
   62	   6.20	  -36.4	 1358.1	  -97.2	    0.0	    0.0	    0.0	    0.0	    0.0	    0.0	    0.0	    0.0	  100.0	   82.2	    0.0	    0.0	    0.0	    0.0	    4.2	  1	  -50.0	 1250.0	   82.2	    0.0	    0.0	1	   68.8	 21	 1376.9	   17.7	
   63	   6.30	  -36.4	 1358.1	  -97.2	    0.0	    0.0	    0.0	    0.0	    0.0	    0.0	    0.0	    0.0	  100.0	   81.9	    0.0	    0.0	    0.0	    0.0	    4.3	  1	  -50.0	 1250.0	   81.9	    0.0	    0.0	1	   68.8	 21	 1376.4	   17.6	
   64	   6.40	  -36.4	 1358.1	  -97.2	    0.0	    0.0	    0.0	    0.0	    0.0	    0.0	    0.0	    0.0	  100.0	   81.6	    0.0	    0.0	    0.0	    0.0	    4.3	  1	  -50.0	 1250.0	   81.6	    0.0	    0.0	1	   68.8	 21	 1376.0	   17.6	
   65	   6.50	  -36.4	 1358.1	  -97.2	    0.0	    0.0	    0.0	    0.0	    0.0	    0.0	    0.0	    0.0	  100.0	   81.3	    0.0	    0.0	    0.0	    0.0	    4.4	  1	  -50.0	 1250.0	   81.3	    0.0	    0.0	1	   68.8	 21	 1375.5	   17.5	
   66	   6.60	  -36.4	 1358.1	  -97.2	    0.0	    0.0	    0.0	    0.0	    0.0	    0.0	    0.0	    0.0	  100.0	   81.0	    0.0	    0.0	    0.0	    0.0	    4.5	  1	  -50.0	 1250.0	   81.0	    0.0	    0.0	1	   68.8	 21	 1375.0	   17.5	
   67	   6.70	  -36.4	 1358.1	  -97.2	    0.0	    0.0	    0.0	    0.0	    0.0	    0.0	    0.0	    0.0	  100.0	   80.7	    0.0	    0.0	    0.0	    0.0	    4.5	  1	  -50.0	 1250.0	   80.7	    0.0	    0.0	1	   68.8	 21	 1374.6	   17.5	
   68	   6.80	  -36.4	 1358.1	  -97.2	    0.0	    0.0	    0.0	    0.0	    0.0	    0.0	    0.0	    0.0	  100.0	   80.4	    0.0	    0.0	    0.0	    0.0	    4.6	  1	  -50.0	 1250.0	   80.4	    0.0	    0.0	1	   68.8	 21	 1374.1	   17.4	
   69	   6.90	  -36.4	 1358.1	  -97.2	    0.0	    0.0	    0.0	    0.0	    0.0	    0.0	    0.0	    0.0	  100.0	   80.1	    0.0	    0.0	    0.0	    0.0	    4.7	  1	  -50.0	 1250.0	   80.1	    0.0	    0.0	1	   68.8	 21	 1373.7	   17.4	
   70	   7.00	  -36.4	 1358.1	  -97.2	    0.0	    0.0	    0.0	    0.0	    0.0	    0.0	    0.0	    0.0	  100.0	   79.8	    0.0	    0.0	    0.0	    0.0	    4.7	  1	  -50.0	 1250.0	   79.8	    0.0	    0.0	1	   68.8	 21	 1373.2	   17.3	
   71	   7.10	  -36.4	 1358.1	  -97.2	    0.0	    0.0	    0.0	    0.0	    0.0	    0.0	    0.0	    0.0	  100.0	   79.5	    0.0	    0.0	    0.0	    0.0	    4.8	  1	  -50.0	 1250.0	   79.5	    0.0	    0.0	1	   68.8	 21	 1372.7	   17.3	
   72	   7.20	  -36.4	 1358.1	  -97.2	    0.0	    0.0	    0.0	    0.0	    0.0	    0.0	    0.0	    0.0	  100.0	   79.2	    0.0	    0.0	    0.0	    0.0	    4.9	  1	  -50.0	 1250.0	   79.2	    0.0	    0.0	1	   68.8	 21	 1372.3	   17.2	
   73	   7.30	  -36.4	 1358.1	  -97.2	    0.0	    0.0	    0.0	    0.0	    0.0	    0.0	    0.0	    0.0	  100.0	   78.9	    0.0	    0.0	    0.0	    0.0	    4.9	  1	  -50.0	 1250.0	   78.9	    0.0	    0.0	1	   68.8	 21	 1371.8	   17.2	
   74	   7.40	  -36.4	 1358.1	  -97.2	    0.0	    0.0	    0.0	    0.0	    0.0	    0.0	    0.0	    0.0	  100.0	   78.6	    0.0	    0.0	    0.0	    0.0	    5.0	  1	  -50.0	 1250.0	   78.6	    0.0	    0.0	1	   68.8	 21	 1371.4	   17.1	
   75	   7.50	  -36.4	 1358.1	  -97.2	    0.0	    0.0	    0.0	    0.0	    0.0	    0.0	    0.0	    0.0	  100.0	   78.3	    0.0	    0.0	    0.0	    0.0	    5.1	  1	  -50.0	 1250.0	   78.3	    0.0	    0.0	1	   68.8	 21	 1370.9	   17.1	
   76	   7.60	  -36.4	 1358.1	  -97.2	    0.0	    0.0	    0.0	    0.0	    0.0	    0.0	    0.0	    0.0	  100.0	   78.0	    0.0	    0.0	    0.0	    0.0	    5.1	  1	  -50.0	 1250.0	   78.0	    0.0	    0.0	1	   68.8	 21	 1370.4	   17.0	
   77	   7.70	  -36.4	 1358.1	  -97.2	    0.0	    0.0	    0.0	    0.0	    0.0	    0.0	    0.0	    0.0	  100.0	   77.7	    0.0	    0.0	    0.0	    0.0	    5.2	  1	  -50.0	 1250.0	   77.7	    0.0	    0.0	1	   68.8	 21	 1370.0	   17.0	
   78	   7.80	  -36.4	 1358.1	  -97.2	    0.0	    0.0	    0.0	    0.0	    0.0	    0.0	    0.0	    0.0	  100.0	   77.5	    0.0	    0.0	    0.0	    0.0	    5.3	  1	  -50.0	 1250.0	   77.5	    0.0	    0.0	1	   68.8	 21	 1369.5	   17.0	
   79	   7.90	  -36.4	 1358.1	  -97.2	    0.0	    0.0	    0.0	    0.0	    0.0	    0.0	    0.0	    0.0	  100.0	   77.2	    0.0	    0.0	    0.0	    0.0	    5.3	  1	  -50.0	 1250.0	   77.2	    0.0	    0.0	1	   68.8	 21	 1369.1	   16.9	
   80	   8.00	  -36.4	 1358.1	  -97.2	    0.0	 1500.0	    0.0	  200.0	    0.0	 1500.0	    0.0	  200.0	  100.0	   76.9	    0.0	    0.0	    0.0	    0.0	    5.4	  1	  -50.0	 2250.0	   76.9	    0.0	    0.0	1	  300.0	 21	 1207.6	 -192.4	
   81	   8.10	  -52.1	 1296.1	 -104.3	    0.0	 1500.0	    0.0	  200.0	    0.0	 1500.0	    0.0	  200.0	  100.0	   76.5	    0.0	    0.0	    0.0	    0.0	    5.5	  1	  -50.0	  750.0	   76.5	    0.0	    0.0	1	  300.0	 21	    0.0	    0.0	
   82	   8.20	  -69.2	 1224.1	 -103.2	    0.0	 1500.0	    0.0	  200.0	    0.0	 1500.0	    0.0	  200.0	  100.0	   76.0	    0.0	    0.0	    0.0	    0.0	    5.5	  1	  -50.0	  750.0	   76.0	    0.0	    0.0	1	  299.9	 21	    0.0	    0.0	
   83	   8.30	  -85.0	 1151.9	 -102.2	    0.0	 1500.0	    0.0	  200.0	    0.0	 1500.0	    0.0	  200.0	  100.0	   75.5	    0.0	    0.0	    0.0	    0.0	    5.6	  1	  -50.0	  750.0	   75.5	    0.0	    0.0	1	  299.8	 21	    0.0	    0.0	
   84	   8.40	  -98.7	 1079.6	 -100.6	    0.0	 1500.0	    0.0	  200.0	    0.0	 1500.0	    0.0	  200.0	  100.0	   75.0	    0.0	    0.0	    0.0	    0.0	    5.6	  1	  -50.0	  750.0	   75.0	    0.0	    0.0	1	  299.4	 21	    0.0	    0.0	
   85	   8.50	 -108.5	 1011.4	  -98.1	    0.0	 1500.0	    0.0	  200.0	    0.0	 1500.0	    0.0	  200.0	  100.0	   74.5	    0.0	    0.0	    0.0	    0.0	    5.6	  1	  -50.0	  750.0	   74.5	    0.0	    0.0	1	  239.8	 21	    0.0	    0.0	
   86	   8.60	 -113.0	  953.5	  -94.0	    0.0	 1500.0	    0.0	  200.0	    0.0	 1500.0	    0.0	  200.0	  100.0	   74.1	    0.0	    0.0	    0.0	    0.0	    5.7	  1	  -50.0	  750.0	   74.1	    0.0	    0.0	1	  186.2	 21	    0.0	    0.0	
   87	   8.70	 -114.2	  907.5	  -91.2	    0.0	 1500.0	    0.0	  200.0	    0.0	 1500.0	    0.0	  200.0	  100.0	   73.6	    0.0	    0.0	    0.0	    0.0	    5.7	  1	  -50.0	  750.0	   73.6	    0.0	    0.0	1	  144.3	 21	    0.0	    0.0	
   88	   8.80	 -112.8	  871.6	  -87.4	    0.0	 1500.0	    0.0	  200.0	    0.0	 1500.0	    0.0	  200.0	  100.0	   73.2	    0.0	    0.0	    0.0	    0.0	    5.8	  1	  -50.0	  750.0	   73.2	    0.0	    0.0	1	  111.8	 21	    0.0	    0.0	
   89	   8.90	 -110.4	  845.5	  -84.7	    0.0	 1500.0	    0.0	  200.0	    0.0	 1500.0	    0.0	  200.0	  100.0	   72.7	    0.0	    0.0	    0.0	    0.0	    5.8	  1	  -50.0	  750.0	   72.7	    0.0	    0.0	1	   88.8	 21	    0.0	    0.0	
   90	   9.00	 -110.2	  843.2	   80.4	    0.0	 1500.0	    0.0	  200.0	    0.0	 1500.0	    0.0	  200.0	  100.0	   72.3	    0.0	    0.0	    0.0	    0.0	    5.9	  1	  -50.0	  750.0	   72.3	    0.0	    0.0	1	   88.8	 21	    0.0	    0.0	
   91	   9.10	 -110.2	  843.2	   80.5	    0.0	 1500.0	    0.0	  200.0	    0.0	 1500.0	    0.0	  200.0	  100.0	   71.8	    0.0	    0.0	    0.0	    0.0	    5.9	  1	  -50.0	  750.0	   71.8	    0.0	    0.0	1	   88.7	 21	    0.0	    0.0	
   92	   9.20	 -110.2	  843.2	   80.5	    0.0	 1500.0	    0.0	  200.0	    0.0	 1500.0	    0.0	  200.0	  100.0	   71.4	    0.0	    0.0	    0.0	    0.0	    6.0	  1	  -50.0	  750.0	   71.4	    0.0	    0.0	1	   88.5	 21	    0.0	    0.0	
   93	   9.30	 -110.2	  843.2	   80.5	    0.0	 1500.0	    0.0	  200.0	    0.0	 1500.0	    0.0	  200.0	  100.0	   70.9	    0.0	    0.0	    0.0	    0.0	    6.0	  1	  -50.0	  750.0	   70.9	    0.0	    0.0	1	   88.4	 21	    0.0	    0.0	
   94	   9.40	 -110.2	  843.2	   80.5	    0.0	 1500.0	    0.0	  200.0	    0.0	 1500.0	    0.0	  200.0	  100.0	   70.5	    0.0	    0.0	    0.0	    0.0	    6.1	  1	  -50.0	  750.0	   70.5	    0.0	    0.0	1	   88.3	 21	    0.0	    0.0	
   95	   9.50	 -110.2	  843.2	   80.5	    0.0	 1500.0	    0.0	  200.0	    0.0	 1500.0	    0.0	  200.0	  100.0	   70.0	    0.0	    0.0	    0.0	    0.0	    6.2	  1	  -50.0	  750.0	   70.0	    0.0	    0.0	1	   88.2	 21	    0.0	    0.0	
   96	   9.60	 -110.2	  843.2	   80.5	    0.0	 1500.0	    0.0	  200.0	    0.0	 1500.0	    0.0	  200.0	  100.0	   69.6	    0.0	    0.0	    0.0	    0.0	    6.2	  1	  -50.0	  750.0	   69.6	    0.0	    0.0	1	   88.0	 21	    0.0	    0.0	
   97	   9.70	 -110.2	  843.2	   80.5	    0.0	 1500.0	    0.0	  200.0	    0.0	 1500.0	    0.0	  200.0	  100.0	   69.1	    0.0	    0.0	    0.0	    0.0	    6.3	  1	  -50.0	  750.0	   69.1	    0.0	    0.0	1	   87.9	 21	    0.0	    0.0	
   98	   9.80	 -110.2	  843.2	   80.5	    0.0	 1500.0	    0.0	  200.0	    0.0	 1500.0	    0.0	  200.0	  100.0	   68.7	    0.0	    0.0	    0.0	    0.0	    6.4	  1	  -50.0	  750.0	   68.7	    0.0	    0.0	1	   87.8	 21	    0.0	    0.0	
   99	   9.90	 -110.2	  843.2	   80.5	    0.0	 1500.0	    0.0	  200.0	    0.0	 1500.0	    0.0	  200.0	  100.0	   68.3	    0.0	    0.0	    0.0	    0.0	    6.4	  1	  -50.0	  750.0	   68.3	    0.0	    0.0	1	   87.7	 21	    0.0	    0.0	
  100	  10.00	 -110.2	  843.2	   80.5	    0.0	 1500.0	    0.0	  200.0	    0.0	 1500.0	    0.0	  200.0	  100.0	   67.8	    0.0	    0.0	    0.0	    0.0	    6.5	  1	  -50.0	  750.0	   67.8	    0.0	    0.0	1	   87.6	 21	    0.0	    0.0	
  101	  10.10	 -110.2	  843.2	   80.5	    0.0	 1500.0	    0.0	  200.0	    0.0	 1500.0	    0.0	  200.0	  100.0	   67.4	    0.0	    0.0	    0.0	    0.0	    6.6	  1	  -50.0	  750.0	   67.4	    0.0	    0.0	1	   87.5	 21	    0.0	    0.0	
  102	  10.20	 -110.2	  843.2	   80.5	    0.0	 1500.0	    0.0	  200.0	    0.0	 1500.0	    0.0	  200.0	  100.0	   66.9	    0.0	    0.0	    0.0	    0.0	    6.6	  1	  -50.0	  750.0	   66.9	    0.0	    0.0	1	   87.3	 21	    0.0	    0.0	
  103	  10.30	 -110.2	  843.2	   80.5	    0.0	 1500.0	    0.0	  200.0	    0.0	 1500.0	    0.0	  200.0	  100.0	   66.5	    0.0	    0.0	    0.0	    0.0	    6.7	  1	  -50.0	  750.0	   66.5	    0.0	    0.0	1	   87.2	 21	    0.0	    0.0	
  104	  10.40	 -110.2	  843.2	   80.5	    0.0	 1500.0	    0.0	  200.0	    0.0	 1500.0	    0.0	  200.0	  100.0	   66.0	    0.0	    0.0	    0.0	    0.0	    6.8	  1	  -50.0	  750.0	   66.0	    0.0	    0.0	1	   87.1	 21	    0.0	    0.0	
  105	  10.50	 -110.2	  843.2	   80.5	    0.0	 1500.0	    0.0	  200.0	    0.0	 1500.0	    0.0	  200.0	  100.0	   65.6	    0.0	    0.0	    0.0	    0.0	    6.8	  1	  -50.0	  750.0	   65.6	    0.0	    0.0	1	   87.0	 21	    0.0	    0.0	
  106	  10.60	 -110.2	  843.2	   80.5	    0.0	 1500.0	    0.0	  200.0	    0.0	 1500.0	    0.0	  200.0	  100.0	   65.1	    0.0	    0.0	    0.0	    0.0	    6.9	  1	  -50.0	  750.0	   65.1	    0.0	    0.0	1	   86.9	 21	    0.0	    0.0	
  107	  10.70	 -110.2	  843.2	   80.5	    0.0	 1500.0	    0.0	  200.0	    0.0	 1500.0	    0.0	  200.0	  100.0	   64.7	    0.0	    0.0	    0.0	    0.0	    7.0	  1	  -50.0	  750.0	   64.7	    0.0	    0.0	1	   86.8	 21	    0.0	    0.0	
  108	  10.80	 -110.2	  843.2	   80.5	    0.0	 1500.0	    0.0	  200.0	    0.0	 1500.0	    0.0	  200.0	  100.0	   64.2	    0.0	    0.0	    0.0	    0.0	    7.0	  1	  -50.0	  750.0	   64.2	    0.0	    0.0	1	   88.7	 21	    0.0	    0.0	
  109	  10.90	 -110.2	  843.2	   80.5	    0.0	 1500.0	    0.0	  200.0	    0.0	 1500.0	    0.0	  200.0	  100.0	   63.8	    0.0	    0.0	    0.0	    0.0	    7.1	  1	  -50.0	  750.0	   63.8	    0.0	    0.0	1	   88.6	 21	    0.0	    0.0	
  110	  11.00	 -110.2	  843.2	   80.5	    0.0	 1500.0	    0.0	  200.0	    0.0	 1500.0	    0.0	  200.0	  100.0	   63.3	    0.0	    0.0	    0.0	    0.0	    7.2	  1	  -50.0	  750.0	   63.3	    0.0	    0.0	1	   88.4	 21	    0.0	    0.0	
  111	  11.10	 -110.2	  843.2	   80.5	    0.0	 1500.0	    0.0	  200.0	    0.0	 1500.0	    0.0	  200.0	  100.0	   62.9	    0.0	    0.0	    0.0	    0.0	    7.2	  1	  -50.0	  750.0	   62.9	    0.0	    0.0	1	   88.3	 21	    0.0	    0.0	
  112	  11.20	 -110.2	  843.2	   80.5	    0.0	 1500.0	    0.0	  200.0	    0.0	 1500.0	    0.0	  200.0	  100.0	   62.5	    0.0	    0.0	    0.0	    0.0	    7.3	  1	  -50.0	  750.0	   62.5	    0.0	    0.0	1	   88.2	 21	    0.0	    0.0	
  113	  11.30	 -110.2	  843.2	   80.5	    0.0	 1500.0	    0.0	  200.0	    0.0	 1500.0	    0.0	  200.0	  100.0	   62.0	    0.0	    0.0	    0.0	    0.0	    7.4	  1	  -50.0	  750.0	   62.0	    0.0	    0.0	1	   88.0	 21	    0.0	    0.0	
  114	  11.40	 -110.2	  843.2	   80.5	    0.0	 1500.0	    0.0	  200.0	    0.0	 1500.0	    0.0	  200.0	  100.0	   61.6	    0.0	    0.0	    0.0	    0.0	    7.4	  1	  -50.0	  750.0	   61.6	    0.0	    0.0	1	   87.9	 21	    0.0	    0.0	
  115	  11.50	 -110.2	  843.2	   80.5	    0.0	 1500.0	    0.0	  200.0	    0.0	 1500.0	    0.0	  200.0	  100.0	   61.1	    0.0	    0.0	    0.0	    0.0	    7.5	  1	  -50.0	  750.0	   61.1	    0.0	    0.0	1	   87.8	 21	    0.0	    0.0	
  116	  11.60	 -110.2	  843.2	   80.5	    0.0	 1500.0	    0.0	  200.0	    0.0	 1500.0	    0.0	  200.0	  100.0	   60.7	    0.0	    0.0	    0.0	    0.0	    7.6	  1	  -50.0	  750.0	   60.7	    0.0	    0.0	1	   87.7	 21	    0.0	    0.0	
  117	  11.70	 -110.2	  843.2	   80.5	    0.0	 1500.0	    0.0	  200.0	    0.0	 1500.0	    0.0	  200.0	  100.0	   60.2	    0.0	    0.0	    0.0	    0.0	    7.6	  1	  -50.0	  750.0	   60.2	    0.0	    0.0	1	   87.6	 21	    0.0	    0.0	
  118	  11.80	 -110.2	  843.2	   80.5	    0.0	 1500.0	    0.0	  200.0	    0.0	 1500.0	    0.0	  200.0	  100.0	   59.8	    0.0	    0.0	    0.0	    0.0	    7.7	  1	  -50.0	  750.0	   59.8	    0.0	    0.0	1	   87.5	 21	    0.0	    0.0	
  119	  11.90	 -110.2	  843.2	   80.5	    0.0	 1500.0	    0.0	  200.0	    0.0	 1500.0	    0.0	  200.0	  100.0	   59.3	    0.0	    0.0	    0.0	    0.0	    7.8	  1	  -50.0	  750.0	   59.3	    0.0	    0.0	1	   87.3	 21	    0.0	    0.0	
  120	  12.00	 -110.2	  843.2	   80.5	    0.0	 1500.0	    0.0	  200.0	    0.0	 1500.0	    0.0	  200.0	  100.0	   58.9	    0.0	    0.0	    0.0	    0.0	    7.8	  1	  -50.0	  750.0	   58.9	    0.0	    0.0	1	   87.2	 21	    0.0	    0.0	
  121	  12.10	 -110.2	  843.2	   80.5	    0.0	 1500.0	    0.0	  200.0	    0.0	 1500.0	    0.0	  200.0	  100.0	   58.4	    0.0	    0.0	    0.0	    0.0	    7.9	  1	  -50.0	  750.0	   58.4	    0.0	    0.0	1	   87.1	 21	    0.0	    0.0	
  122	  12.20	 -110.2	  843.2	   80.5	    0.0	 1500.0	    0.0	  200.0	    0.0	 1500.0	    0.0	  200.0	  100.0	   58.0	    0.0	    0.0	    0.0	    0.0	    8.0	  1	  -50.0	  750.0	   58.0	    0.0	    0.0	1	   87.0	 21	    0.0	    0.0	
  123	  12.30	 -110.2	  843.2	   80.5	    0.0	 1500.0	    0.0	  200.0	    0.0	 1500.0	    0.0	  200.0	  100.0	   57.6	    0.0	    0.0	    0.0	    0.0	    8.0	  1	  -50.0	  750.0	   57.6	    0.0	    0.0	1	   86.9	 21	    0.0	    0.0	
  124	  12.40	 -110.2	  843.2	   80.5	    0.0	 1500.0	    0.0	  200.0	    0.0	 1500.0	    0.0	  200.0	  100.0	   57.1	    0.0	    0.0	    0.0	    0.0	    8.1	  1	  -50.0	  750.0	   57.1	    0.0	    0.0	1	   86.8	 21	    0.0	    0.0	
  125	  12.50	 -110.2	  843.2	   80.5	    0.0	 1500.0	    0.0	  200.0	    0.0	 1500.0	    0.0	  200.0	  100.0	   56.7	    0.0	    0.0	    0.0	    0.0	    8.2	  1	  -50.0	  750.0	   56.7	    0.0	    0.0	1	   86.7	 21	    0.0	    0.0	
  126	  12.60	 -110.2	  843.2	   80.5	    0.0	 1500.0	    0.0	  200.0	    0.0	 1500.0	    0.0	  200.0	  100.0	   56.2	    0.0	    0.0	    0.0	    0.0	    8.2	  1	  -50.0	  750.0	   56.2	    0.0	    0.0	1	   86.7	 21	    0.0	    0.0	
  127	  12.70	 -110.2	  843.2	   80.5	    0.0	 1500.0	    0.0	  200.0	    0.0	 1500.0	    0.0	  200.0	  100.0	   55.8	    0.0	    0.0	    0.0	    0.0	    8.3	  1	  -50.0	  750.0	   55.8	    0.0	    0.0	1	   88.4	 21	    0.0	    0.0	
  128	  12.80	 -110.2	  843.2	   80.5	    0.0	 1500.0	    0.0	  200.0	    0.0	 1500.0	    0.0	  200.0	  100.0	   55.3	    0.0	    0.0	    0.0	    0.0	    8.4	  1	  -50.0	  750.0	   55.3	    0.0	    0.0	1	   88.3	 21	    0.0	    0.0	
  129	  12.90	 -110.2	  843.2	   80.5	    0.0	 1500.0	    0.0	  200.0	    0.0	 1500.0	    0.0	  200.0	  100.0	   54.9	    0.0	    0.0	    0.0	    0.0	    8.5	  1	  -50.0	  750.0	   54.9	    0.0	    0.0	1	   88.1	 21	    0.0	    0.0	
  130	  13.00	 -110.2	  843.2	   80.5	    0.0	 1500.0	    0.0	  200.0	    0.0	 1500.0	    0.0	  200.0	  100.0	   54.4	    0.0	    0.0	    0.0	    0.0	    8.5	  1	  -50.0	  750.0	   54.4	    0.0	    0.0	1	   88.0	 21	    0.0	    0.0	
  131	  13.10	 -110.2	  843.2	   80.5	    0.0	 1500.0	    0.0	  200.0	    0.0	 1500.0	    0.0	  200.0	  100.0	   54.0	    0.0	    0.0	    0.0	    0.0	    8.6	  1	  -50.0	  750.0	   54.0	    0.0	    0.0	1	   87.9	 21	    0.0	    0.0	
  132	  13.20	 -110.2	  843.2	   80.5	    0.0	 1500.0	    0.0	  200.0	    0.0	 1500.0	    0.0	  200.0	  100.0	   53.5	    0.0	    0.0	    0.0	    0.0	    8.7	  1	  -50.0	  750.0	   53.5	    0.0	    0.0	1	   87.8	 21	    0.0	    0.0	
  133	  13.30	 -110.2	  843.2	   80.5	    0.0	 1500.0	    0.0	  200.0	    0.0	 1500.0	    0.0	  200.0	  100.0	   53.1	    0.0	    0.0	    0.0	    0.0	    8.7	  1	  -50.0	  750.0	   53.1	    0.0	    0.0	1	   87.7	 21	    0.0	    0.0	
  134	  13.40	 -110.2	  843.2	   80.5	    0.0	 1500.0	    0.0	  200.0	    0.0	 1500.0	    0.0	  200.0	  100.0	   52.6	    0.0	    0.0	    0.0	    0.0	    8.8	  1	  -50.0	  750.0	   52.6	    0.0	    0.0	1	   87.5	 21	    0.0	    0.0	
  135	  13.50	 -110.2	  843.2	   80.5	    0.0	 1500.0	    0.0	  200.0	    0.0	 1500.0	    0.0	  200.0	  100.0	   52.2	    0.0	    0.0	    0.0	    0.0	    8.9	  1	  -50.0	  750.0	   52.2	    0.0	    0.0	1	   87.4	 21	    0.0	    0.0	
  136	  13.60	 -110.2	  843.2	   80.5	    0.0	 1500.0	    0.0	  200.0	    0.0	 1500.0	    0.0	  200.0	  100.0	   51.8	    0.0	    0.0	    0.0	    0.0	    8.9	  1	  -50.0	  750.0	   51.8	    0.0	    0.0	1	   87.3	 21	    0.0	    0.0	
  137	  13.70	 -110.2	  843.2	   80.5	    0.0	 1500.0	    0.0	  200.0	    0.0	 1500.0	    0.0	  200.0	  100.0	   51.3	    0.0	    0.0	    0.0	    0.0	    9.0	  1	  -50.0	  750.0	   51.3	    0.0	    0.0	1	   87.2	 21	    0.0	    0.0	
  138	  13.80	 -110.2	  843.2	   80.5	    0.0	 1500.0	    0.0	  200.0	    0.0	 1500.0	    0.0	  200.0	  100.0	   50.9	    0.0	    0.0	    0.0	    0.0	    9.1	  1	  -50.0	  750.0	   50.9	    0.0	    0.0	1	   87.1	 21	    0.0	    0.0	
  139	  13.90	 -110.2	  843.2	   80.5	    0.0	 1500.0	    0.0	  200.0	    0.0	 1500.0	    0.0	  200.0	  100.0	   50.4	    0.0	    0.0	    0.0	    0.0	    9.1	  1	  -50.0	  750.0	   50.4	    0.0	    0.0	1	   87.0	 21	    0.0	    0.0	
  140	  14.00	 -110.2	  843.2	   80.5	    0.0	 1500.0	    0.0	  200.0	    0.0	 1500.0	    0.0	  200.0	  100.0	   50.0	    0.0	    0.0	    0.0	    0.0	    9.2	  1	  -50.0	  750.0	   50.0	    0.0	    0.0	1	   86.9	 21	    0.0	    0.0	
  141	  14.10	 -110.2	  843.2	   80.5	    0.0	 1500.0	    0.0	  200.0	    0.0	 1500.0	    0.0	  200.0	  100.0	   49.5	    0.0	    0.0	    0.0	    0.0	    9.3	  1	  -50.0	  750.0	   49.5	    0.0	    0.0	1	   86.8	 21	    0.0	    0.0	
  142	  14.20	 -110.2	  843.2	   80.5	    0.0	 1500.0	    0.0	  200.0	    0.0	 1500.0	    0.0	  200.0	  100.0	   49.1	    0.0	    0.0	    0.0	    0.0	    9.3	  1	  -50.0	  750.0	   49.1	    0.0	    0.0	1	   86.7	 21	    0.0	    0.0	
  143	  14.30	 -110.2	  843.2	   80.5	    0.0	 1500.0	    0.0	  200.0	    0.0	 1500.0	    0.0	  200.0	  100.0	   48.6	    0.0	    0.0	    0.0	    0.0	    9.4	  1	  -50.0	  750.0	   48.6	    0.0	    0.0	1	   86.6	 21	    0.0	    0.0	
  144	  14.40	 -110.2	  843.2	   80.5	    0.0	 1500.0	    0.0	  200.0	    0.0	 1500.0	    0.0	  200.0	  100.0	   48.2	    0.0	    0.0	    0.0	    0.0	    9.5	  1	  -50.0	  750.0	   48.2	    0.0	    0.0	1	   86.5	 21	    0.0	    0.0	
  145	  14.50	 -110.2	  843.2	   80.5	    0.0	 1500.0	    0.0	  200.0	    0.0	 1500.0	    0.0	  200.0	  100.0	   47.7	    0.0	    0.0	    0.0	    0.0	    9.5	  1	  -50.0	  750.0	   47.7	    0.0	    0.0	1	   88.2	 21	    0.0	    0.0	
  146	  14.60	 -110.2	  843.2	   80.5	    0.0	 1500.0	    0.0	  200.0	    0.0	 1500.0	    0.0	  200.0	  100.0	   47.3	    0.0	    0.0	    0.0	    0.0	    9.6	  1	  -50.0	  750.0	   47.3	    0.0	    0.0	1	   88.1	 21	    0.0	    0.0	
  147	  14.70	 -110.2	  843.2	   80.5	    0.0	 1500.0	    0.0	  200.0	    0.0	 1500.0	    0.0	  200.0	  100.0	   46.8	    0.0	    0.0	    0.0	    0.0	    9.7	  1	  -50.0	  750.0	   46.8	    0.0	    0.0	1	   88.0	 21	    0.0	    0.0	
  148	  14.80	 -110.2	  843.2	   80.5	    0.0	 1500.0	    0.0	  200.0	    0.0	 1500.0	    0.0	  200.0	  100.0	   46.4	    0.0	    0.0	    0.0	    0.0	    9.7	  1	  -50.0	  750.0	   46.4	    0.0	    0.0	1	   87.8	 21	    0.0	    0.0	
  149	  14.90	 -110.2	  843.2	   80.5	    0.0	 1500.0	    0.0	  200.0	    0.0	 1500.0	    0.0	  200.0	  100.0	   46.0	    0.0	    0.0	    0.0	    0.0	    9.8	  1	  -50.0	  750.0	   46.0	    0.0	    0.0	1	   87.7	 21	    0.0	    0.0	
  150	  15.00	 -110.2	  843.2	   80.5	    0.0	 1500.0	    0.0	  200.0	    0.0	 1500.0	    0.0	  200.0	  100.0	   45.5	    0.0	    0.0	    0.0	    0.0	    9.9	  1	  -50.0	  750.0	   45.5	    0.0	    0.0	1	   87.6	 21	    0.0	    0.0	
  151	  15.10	 -110.2	  843.2	   80.5	    0.0	 1500.0	    0.0	  200.0	    0.0	 1500.0	    0.0	  200.0	  100.0	   45.1	    0.0	    0.0	    0.0	    0.0	    9.9	  1	  -50.0	  750.0	   45.1	    0.0	    0.0	1	   87.5	 21	    0.0	    0.0	
  152	  15.20	 -110.2	  843.2	   80.5	    0.0	 1500.0	    0.0	  200.0	    0.0	 1500.0	    0.0	  200.0	  100.0	   44.6	    0.0	    0.0	    0.0	    0.0	   10.0	  1	  -50.0	  750.0	   44.6	    0.0	    0.0	1	   87.4	 21	    0.0	    0.0	
  153	  15.30	 -110.2	  843.2	   80.5	    0.0	 1500.0	    0.0	  200.0	    0.0	 1500.0	    0.0	  200.0	  100.0	   44.2	    0.0	    0.0	    0.0	    0.0	   10.1	  1	  -50.0	  750.0	   44.2	    0.0	    0.0	1	   87.3	 21	    0.0	    0.0	
  154	  15.40	 -110.2	  843.2	   80.5	    0.0	 1500.0	    0.0	  200.0	    0.0	 1500.0	    0.0	  200.0	  100.0	   43.7	    0.0	    0.0	    0.0	    0.0	   10.1	  1	  -50.0	  750.0	   43.7	    0.0	    0.0	1	   87.2	 21	    0.0	    0.0	
  155	  15.50	 -110.2	  843.2	   80.5	    0.0	 1500.0	    0.0	  200.0	    0.0	 1500.0	    0.0	  200.0	  100.0	   43.3	    0.0	    0.0	    0.0	    0.0	   10.2	  1	  -50.0	  750.0	   43.3	    0.0	    0.0	1	   87.1	 21	    0.0	    0.0	
  156	  15.60	 -110.2	  843.2	   80.5	    0.0	 1500.0	    0.0	  200.0	    0.0	 1500.0	    0.0	  200.0	  100.0	   42.8	    0.0	    0.0	    0.0	    0.0	   10.3	  1	  -50.0	  750.0	   42.8	    0.0	    0.0	1	   86.9	 21	    0.0	    0.0	
  157	  15.70	 -110.2	  843.2	   80.5	    0.0	 1500.0	    0.0	  200.0	    0.0	 1500.0	    0.0	  200.0	  100.0	   42.4	    0.0	    0.0	    0.0	    0.0	   10.3	  1	  -50.0	  750.0	   42.4	    0.0	    0.0	1	   86.9	 21	 1399.4	   19.9	
  158	  15.80	 -110.2	  843.2	   80.5	    0.0	 1500.0	    0.0	  200.0	    0.0	 1500.0	    0.0	  200.0	  100.0	   41.9	    0.0	    0.0	    0.0	    0.0	   10.4	  1	  -50.0	  750.0	   41.9	    0.0	    0.0	1	   86.8	 21	 1397.8	   19.8	
  159	  15.90	 -110.2	  843.2	   80.5	    0.0	 1500.0	    0.0	  200.0	    0.0	 1500.0	    0.0	  200.0	  100.0	   41.5	    0.0	    0.0	    0.0	    0.0	   10.5	  1	  -50.0	  750.0	   41.5	    0.0	    0.0	1	   86.7	 21	 1396.2	   19.6	
  160	  16.00	 -110.2	  843.2	   80.5	    0.0	 1500.0	    0.0	  200.0	    0.0	 1500.0	    0.0	  200.0	  100.0	   41.0	    0.0	    0.0	    0.0	    0.0	   10.5	  1	  -50.0	  750.0	   41.0	    0.0	    0.0	1	   86.6	 21	 1394.6	   19.5	
  161	  16.10	 -110.2	  843.2	   80.5	    0.0	 1500.0	    0.0	  200.0	    0.0	 1500.0	    0.0	  200.0	  100.0	   40.6	    0.0	    0.0	    0.0	    0.0	   10.6	  1	  -50.0	  750.0	   40.6	    0.0	    0.0	1	   86.5	 21	 1393.0	   19.3	
  162	  16.20	 -110.2	  843.2	   80.5	    0.0	 1500.0	    0.0	  200.0	    0.0	 1500.0	    0.0	  200.0	  100.0	   40.2	    0.0	    0.0	    0.0	    0.0	   10.7	  1	  -50.0	  750.0	   40.2	    0.0	    0.0	1	   88.1	 21	 1391.4	   19.1	
  163	  16.30	 -110.2	  843.2	   80.5	    0.0	 1500.0	    0.0	  200.0	    0.0	 1500.0	    0.0	  200.0	  100.0	   39.7	    0.0	    0.0	    0.0	    0.0	   10.8	  1	  -50.0	  750.0	   39.7	    0.0	    0.0	1	   88.0	 21	 1389.7	   19.0	
  164	  16.40	 -110.2	  843.2	   80.5	    0.0	 1500.0	    0.0	  200.0	    0.0	 1500.0	    0.0	  200.0	  100.0	   39.3	    0.0	    0.0	    0.0	    0.0	   10.8	  1	  -50.0	  750.0	   39.3	    0.0	    0.0	1	   87.9	 21	 1388.1	   18.8	
  165	  16.50	 -110.2	  843.2	   80.5	    0.0	 1500.0	    0.0	  200.0	    0.0	 1500.0	    0.0	  200.0	  100.0	   38.8	    0.0	    0.0	    0.0	    0.0	   10.9	  1	  -50.0	  750.0	   38.8	    0.0	    0.0	1	   87.8	 21	 1386.5	   18.7	
  166	  16.60	 -110.2	  843.2	   80.5	    0.0	 1500.0	    0.0	  200.0	    0.0	 1500.0	    0.0	  200.0	  100.0	   38.4	    0.0	    0.0	    0.0	    0.0	   11.0	  1	  -50.0	  750.0	   38.4	    0.0	    0.0	1	   87.6	 21	 1384.9	   18.5	
  167	  16.70	 -110.2	  843.2	   80.5	    0.0	 1500.0	    0.0	  200.0	    0.0	 1500.0	    0.0	  200.0	  100.0	   37.9	    0.0	    0.0	    0.0	    0.0	   11.0	  1	  -50.0	  750.0	   37.9	    0.0	    0.0	1	   87.5	 21	 1383.3	   18.3	
  168	  16.80	 -110.2	  843.2	   80.5	    0.0	 1500.0	    0.0	  200.0	    0.0	 1500.0	    0.0	  200.0	  100.0	   37.5	    0.0	    0.0	    0.0	    0.0	   11.1	  1	  -50.0	  750.0	   37.5	    0.0	    0.0	1	   87.4	 21	 1381.7	   18.2	
  169	  16.90	 -110.2	  843.2	   80.5	    0.0	 1500.0	    0.0	  200.0	    0.0	 1500.0	    0.0	  200.0	  100.0	   37.0	    0.0	    0.0	    0.0	    0.0	   11.2	  1	  -50.0	  750.0	   37.0	    0.0	    0.0	1	   87.3	 21	 1380.1	   18.0	
  170	  17.00	 -110.2	  843.2	   80.5	    0.0	 1500.0	    0.0	  200.0	    0.0	 1500.0	    0.0	  200.0	  100.0	   36.6	    0.0	    0.0	    0.0	    0.0	   11.2	  1	  -50.0	  750.0	   36.6	    0.0	    0.0	1	   87.2	 21	 1378.5	   17.8	
  171	  17.10	 -110.2	  843.2	   80.5	    0.0	 1500.0	    0.0	  200.0	    0.0	 1500.0	    0.0	  200.0	  100.0	   36.1	    0.0	    0.0	    0.0	    0.0	   11.3	  1	  -50.0	  750.0	   36.1	    0.0	    0.0	1	   87.1	 21	 1376.9	   17.7	
  172	  17.20	 -110.2	  843.2	   80.5	    0.0	 1500.0	    0.0	  200.0	    0.0	 1500.0	    0.0	  200.0	  100.0	   35.7	    0.0	    0.0	    0.0	    0.0	   11.4	  1	  -50.0	  750.0	   35.7	    0.0	    0.0	1	   87.0	 21	 1375.3	   17.5	
  173	  17.30	 -110.2	  843.2	   80.5	    0.0	 1500.0	    0.0	  200.0	    0.0	 1500.0	    0.0	  200.0	  100.0	   35.2	    0.0	    0.0	    0.0	    0.0	   11.4	  1	  -50.0	  750.0	   35.2	    0.0	    0.0	1	   86.9	 21	 1373.7	   17.4	
  174	  17.40	 -110.2	  843.2	   80.5	    0.0	 1500.0	    0.0	  200.0	    0.0	 1500.0	    0.0	  200.0	  100.0	   34.8	    0.0	    0.0	    0.0	    0.0	   11.5	  1	  -50.0	  750.0	   34.8	    0.0	    0.0	1	   86.8	 21	 1372.1	   17.2	
  175	  17.50	 -110.2	  843.2	   80.5	    0.0	 1500.0	    0.0	  200.0	    0.0	 1500.0	    0.0	  200.0	  100.0	   34.4	    0.0	    0.0	    0.0	    0.0	   11.6	  1	  -50.0	  750.0	   34.4	    0.0	    0.0	1	   86.7	 21	 1370.4	   17.0	
  176	  17.60	 -110.2	  843.2	   80.5	    0.0	 1500.0	    0.0	  200.0	    0.0	 1500.0	    0.0	  200.0	  100.0	   33.9	    0.0	    0.0	    0.0	    0.0	   11.6	  1	  -50.0	  750.0	   33.9	    0.0	    0.0	1	   86.6	 21	 1368.8	   16.9	
  177	  17.70	 -110.2	  843.2	   80.5	    0.0	 1500.0	    0.0	  200.0	    0.0	 1500.0	    0.0	  200.0	  100.0	   33.5	    0.0	    0.0	    0.0	    0.0	   11.7	  1	  -50.0	  750.0	   33.5	    0.0	    0.0	1	   86.5	 21	 1367.2	   16.7	
  178	  17.80	 -110.2	  843.2	   80.5	    0.0	 1500.0	    0.0	  200.0	    0.0	 1500.0	    0.0	  200.0	  100.0	   33.0	    0.0	    0.0	    0.0	    0.0	   11.8	  1	  -50.0	  750.0	   33.0	    0.0	    0.0	1	   86.4	 21	 1365.6	   16.6	
  179	  17.90	 -110.2	  843.2	   80.5	    0.0	 1500.0	    0.0	  200.0	    0.0	 1500.0	    0.0	  200.0	  100.0	   32.6	    0.0	    0.0	    0.0	    0.0	   11.8	  1	  -50.0	  750.0	   32.6	    0.0	    0.0	1	   86.3	 21	 1364.0	   16.4	
  180	  18.00	 -110.2	  843.2	   80.5	    0.0	 1500.0	    0.0	  200.0	    0.0	 1500.0	    0.0	  200.0	  100.0	   32.1	    0.0	    0.0	    0.0	    0.0	   11.9	  1	  -50.0	  750.0	   32.1	    0.0	    0.0	1	   87.9	 21	 1362.4	   16.2	
  181	  18.10	 -110.2	  843.2	   80.5	    0.0	 1500.0	    0.0	  200.0	    0.0	 1500.0	    0.0	  200.0	  100.0	   31.7	    0.0	    0.0	    0.0	    0.0	   12.0	  1	  -50.0	  750.0	   31.7	    0.0	    0.0	1	   87.8	 21	 1360.8	   16.1	
  182	  18.20	 -110.2	  843.2	   80.5	    0.0	 1500.0	    0.0	  200.0	    0.0	 1500.0	    0.0	  200.0	  100.0	   31.2	    0.0	    0.0	    0.0	    0.0	   12.0	  1	  -50.0	  750.0	   31.2	    0.0	    0.0	1	   87.7	 21	 1359.2	   15.9	
  183	  18.30	 -110.2	  843.2	   80.5	    0.0	 1500.0	    0.0	  200.0	    0.0	 1500.0	    0.0	  200.0	  100.0	   30.8	    0.0	    0.0	    0.0	    0.0	   12.1	  1	  -50.0	  750.0	   30.8	    0.0	    0.0	1	   87.6	 21	 1357.6	   15.8	
  184	  18.40	 -110.2	  843.2	   80.5	    0.0	 1500.0	    0.0	  200.0	    0.0	 1500.0	    0.0	  200.0	  100.0	   30.3	    0.0	    0.0	    0.0	    0.0	   12.2	  1	  -50.0	  750.0	   30.3	    0.0	    0.0	1	   87.4	 21	 1356.0	   15.6	
  185	  18.50	 -110.2	  843.2	   80.5	    0.0	 1500.0	    0.0	  200.0	    0.0	 1500.0	    0.0	  200.0	  100.0	   29.9	    0.0	    0.0	    0.0	    0.0	   12.2	  1	  -50.0	  750.0	   29.9	    0.0	    0.0	1	   87.3	 21	 1354.4	   15.4	
  186	  18.60	 -110.2	  843.2	   80.5	    0.0	 1500.0	    0.0	  200.0	    0.0	 1500.0	    0.0	  200.0	  100.0	   29.4	    0.0	    0.0	    0.0	    0.0	   12.3	  1	  -50.0	  750.0	   29.4	    0.0	    0.0	1	   87.2	 21	 1352.8	   15.3	
  187	  18.70	 -110.2	  843.2	   80.5	    0.0	 1500.0	    0.0	  200.0	    0.0	 1500.0	    0.0	  200.0	  100.0	   29.0	    0.0	    0.0	    0.0	    0.0	   12.4	  1	  -50.0	  750.0	   29.0	    0.0	    0.0	1	   87.1	 21	 1351.2	   15.1	
  188	  18.80	 -110.2	  843.2	   80.5	    0.0	 1500.0	    0.0	  200.0	    0.0	 1500.0	    0.0	  200.0	  100.0	   28.6	    0.0	    0.0	    0.0	    0.0	   12.4	  1	  -50.0	  750.0	   28.6	    0.0	    0.0	1	   87.0	 21	 1349.5	   15.0	
  189	  18.90	 -110.2	  843.2	   80.5	    0.0	 1500.0	    0.0	  200.0	    0.0	 1500.0	    0.0	  200.0	  100.0	   28.1	    0.0	    0.0	    0.0	    0.0	   12.5	  1	  -50.0	  750.0	   28.1	    0.0	    0.0	1	   86.9	 21	 1347.9	   14.8	
  190	  19.00	 -110.2	  843.2	   80.5	    0.0	 1500.0	    0.0	  200.0	    0.0	 1500.0	    0.0	  200.0	  100.0	   27.7	    0.0	    0.0	    0.0	    0.0	   12.6	  1	  -50.0	  750.0	   27.7	    0.0	    0.0	1	   86.8	 21	 1346.3	   14.6	
  191	  19.10	 -110.2	  843.2	   80.5	    0.0	 1500.0	    0.0	  200.0	    0.0	 1500.0	    0.0	  200.0	  100.0	   27.2	    0.0	    0.0	    0.0	    0.0	   12.6	  1	  -50.0	  750.0	   27.2	    0.0	    0.0	1	   86.7	 21	 1344.7	   14.5	
  192	  19.20	 -110.2	  843.2	   80.5	    0.0	 1500.0	    0.0	  200.0	    0.0	 1500.0	    0.0	  200.0	  100.0	   26.8	    0.0	    0.0	    0.0	    0.0	   12.7	  1	  -50.0	  750.0	   26.8	    0.0	    0.0	1	   86.6	 21	 1343.1	   14.3	
  193	  19.30	 -110.2	  843.2	   80.5	    0.0	 1500.0	    0.0	  200.0	    0.0	 1500.0	    0.0	  200.0	  100.0	   26.3	    0.0	    0.0	    0.0	    0.0	   12.8	  1	  -50.0	  750.0	   26.3	    0.0	    0.0	1	   86.5	 21	 1341.5	   14.2	
  194	  19.40	 -110.2	  843.2	   80.5	    0.0	 1500.0	    0.0	  200.0	    0.0	 1500.0	    0.0	  200.0	  100.0	   25.9	    0.0	    0.0	    0.0	    0.0	   12.8	  1	  -50.0	  750.0	   25.9	    0.0	    0.0	1	   86.4	 21	 1339.9	   14.0	
  195	  19.50	 -110.2	  843.2	   80.5	    0.0	 1500.0	    0.0	  200.0	    0.0	 1500.0	    0.0	  200.0	  100.0	   25.4	    0.0	    0.0	    0.0	    0.0	   12.9	  1	  -50.0	  750.0	   25.4	    0.0	    0.0	1	   86.4	 21	 1338.3	   13.8	
  196	  19.60	 -110.2	  843.2	   80.5	    0.0	 1500.0	    0.0	  200.0	    0.0	 1500.0	    0.0	  200.0	  100.0	   25.0	    0.0	    0.0	    0.0	    0.0	   13.0	  1	  -50.0	  750.0	   25.0	    0.0	    0.0	1	   86.3	 21	 1336.7	   13.7	
  197	  19.70	 -110.2	  843.2	   80.5	    0.0	 1500.0	    0.0	  200.0	    0.0	 1500.0	    0.0	  200.0	  100.0	   24.5	    0.0	    0.0	    0.0	    0.0	   13.0	  1	  -50.0	  750.0	   24.5	    0.0	    0.0	1	   87.8	 21	 1335.1	   13.5	
  198	  19.80	 -110.2	  843.2	   80.5	    0.0	 1500.0	    0.0	  200.0	    0.0	 1500.0	    0.0	  200.0	  100.0	   24.1	    0.0	    0.0	    0.0	    0.0	   13.1	  1	  -50.0	  750.0	   24.1	    0.0	    0.0	1	   87.7	 21	 1333.5	   13.3	
  199	  19.90	 -110.2	  843.2	   80.5	    0.0	 1500.0	    0.0	  200.0	    0.0	 1500.0	    0.0	  200.0	  100.0	   23.6	    0.0	    0.0	    0.0	    0.0	   13.2	  1	  -50.0	  750.0	   23.6	    0.0	    0.0	1	   87.6	 21	 1331.9	   13.2	
  200	  20.00	 -110.2	  843.2	   80.5	    0.0	 1500.0	    0.0	  200.0	    0.0	 1500.0	    0.0	  200.0	  100.0	   23.2	    0.0	    0.0	    0.0	    0.0	   13.3	  1	  -50.0	  750.0	   23.2	    0.0	    0.0	1	   87.5	 21	 1330.3	   13.0	
  201	  20.10	 -110.2	  843.2	   80.5	    0.0	 1500.0	    0.0	  200.0	    0.0	 1500.0	    0.0	  200.0	  100.0	   22.8	    0.0	    0.0	    0.0	    0.0	   13.3	  1	  -50.0	  750.0	   22.8	    0.0	    0.0	1	   87.4	 21	 1328.7	   12.9	
  202	  20.20	 -110.2	  843.2	   80.5	    0.0	 1500.0	    0.0	  200.0	    0.0	 1500.0	    0.0	  200.0	  100.0	   22.3	    0.0	    0.0	    0.0	    0.0	   13.4	  1	  -50.0	  750.0	   22.3	    0.0	    0.0	1	   87.2	 21	 1327.0	   12.7	
  203	  20.30	 -110.2	  843.2	   80.5	    0.0	 1500.0	    0.0	  200.0	    0.0	 1500.0	    0.0	  200.0	  100.0	   21.9	    0.0	    0.0	    0.0	    0.0	   13.5	  1	  -50.0	  750.0	   21.9	    0.0	    0.0	1	   87.1	 21	 1325.4	   12.5	
  204	  20.40	 -110.2	  843.2	   80.5	    0.0	 1500.0	    0.0	  200.0	    0.0	 1500.0	    0.0	  200.0	  100.0	   21.4	    0.0	    0.0	    0.0	    0.0	   13.5	  1	  -50.0	  750.0	   21.4	    0.0	    0.0	1	   87.0	 21	 1323.8	   12.4	
  205	  20.50	 -110.2	  843.2	   80.5	    0.0	 1500.0	    0.0	  200.0	    0.0	 1500.0	    0.0	  200.0	  100.0	   21.0	    0.0	    0.0	    0.0	    0.0	   13.6	  1	  -50.0	  750.0	   21.0	    0.0	    0.0	1	   86.9	 21	 1322.2	   12.2	
  206	  20.60	 -110.2	  843.2	   80.5	    0.0	 1500.0	    0.0	  200.0	    0.0	 1500.0	    0.0	  200.0	  100.0	   20.5	    0.0	    0.0	    0.0	    0.0	   13.7	  1	  -50.0	  750.0	   20.5	    0.0	    0.0	1	   86.8	 21	 1320.6	   12.1	
  207	  20.70	 -110.2	  843.2	   80.5	    0.0	 1500.0	    0.0	  200.0	    0.0	 1500.0	    0.0	  200.0	  100.0	   20.1	    0.0	    0.0	    0.0	    0.0	   13.7	  1	  -50.0	  750.0	   20.1	    0.0	    0.0	1	   86.7	 21	 1319.0	   11.9	
  208	  20.80	 -110.2	  843.2	   80.5	    0.0	 1500.0	    0.0	  200.0	    0.0	 1500.0	    0.0	  200.0	  100.0	   19.6	    0.0	    0.0	    0.0	    0.0	   13.8	  1	  -50.0	  750.0	   19.6	    0.0	    0.0	1	   86.6	 21	 1317.4	   11.7	
  209	  20.90	 -110.2	  843.2	   80.5	    0.0	 1500.0	    0.0	  200.0	    0.0	 1500.0	    0.0	  200.0	  100.0	   19.2	    0.0	    0.0	    0.0	    0.0	   13.9	  1	  -50.0	  750.0	   19.2	    0.0	    0.0	1	   86.5	 21	 1315.8	   11.6	
  210	  21.00	 -110.2	  843.2	   80.5	    0.0	 1500.0	    0.0	  200.0	    0.0	 1500.0	    0.0	  200.0	  100.0	   18.7	    0.0	    0.0	    0.0	    0.0	   13.9	  1	  -50.0	  750.0	   18.7	    0.0	    0.0	1	   86.5	 21	 1314.2	   11.4	
  211	  21.10	 -110.2	  843.2	   80.5	    0.0	 1500.0	    0.0	  200.0	    0.0	 1500.0	    0.0	  200.0	  100.0	   18.3	    0.0	    0.0	    0.0	    0.0	   14.0	  1	  -50.0	  750.0	   18.3	    0.0	    0.0	1	   86.4	 21	 1312.6	   11.3	
  212	  21.20	 -110.2	  843.2	   80.5	    0.0	 1500.0	    0.0	  200.0	    0.0	 1500.0	    0.0	  200.0	  100.0	   17.9	    0.0	    0.0	    0.0	    0.0	   14.1	  1	  -50.0	  750.0	   17.9	    0.0	    0.0	1	   86.3	 21	 1311.0	   11.1	
  213	  21.30	 -110.2	  843.2	   80.5	    0.0	 1500.0	    0.0	  200.0	    0.0	 1500.0	    0.0	  200.0	  100.0	   17.4	    0.0	    0.0	    0.0	    0.0	   14.1	  1	  -50.0	  750.0	   17.4	    0.0	    0.0	1	   86.2	 21	 1309.4	   10.9	
  214	  21.40	 -110.2	  843.2	   80.5	    0.0	 1500.0	    0.0	  200.0	    0.0	 1500.0	    0.0	  200.0	  100.0	   17.0	    0.0	    0.0	    0.0	    0.0	   14.2	  1	  -50.0	  750.0	   17.0	    0.0	    0.0	1	   87.7	 21	 1307.8	   10.8	
  215	  21.50	 -110.2	  843.2	   80.5	    0.0	 1500.0	    0.0	  200.0	    0.0	 1500.0	    0.0	  200.0	  100.0	   16.5	    0.0	    0.0	    0.0	    0.0	   14.3	  1	  -50.0	  750.0	   16.5	    0.0	    0.0	1	   87.6	 21	 1306.2	   10.6	
  216	  21.60	 -110.2	  843.2	   80.5	    0.0	 1500.0	    0.0	  200.0	    0.0	 1500.0	    0.0	  200.0	  100.0	   16.1	    0.0	    0.0	    0.0	    0.0	   14.3	  1	  -50.0	  750.0	   16.1	    0.0	    0.0	1	   87.5	 21	 1304.6	   10.5	
  217	  21.70	 -110.2	  843.2	   80.5	    0.0	 1500.0	    0.0	  200.0	    0.0	 1500.0	    0.0	  200.0	  100.0	   15.6	    0.0	    0.0	    0.0	    0.0	   14.4	  1	  -50.0	  750.0	   15.6	    0.0	    0.0	1	   87.4	 21	 1303.0	   10.3	
  218	  21.80	 -110.2	  843.2	   80.5	    0.0	 1500.0	    0.0	  200.0	    0.0	 1500.0	    0.0	  200.0	  100.0	   15.2	    0.0	    0.0	    0.0	    0.0	   14.5	  1	  -50.0	  750.0	   15.2	    0.0	    0.0	1	   87.2	 21	 1301.4	   10.1	
  219	  21.90	 -110.2	  843.2	   80.5	    0.0	 1500.0	    0.0	  200.0	    0.0	 1500.0	    0.0	  200.0	  100.0	   14.7	    0.0	    0.0	    0.0	    0.0	   14.5	  1	  -50.0	  750.0	   14.7	    0.0	    0.0	1	   87.1	 21	    0.0	   10.0	
  220	  22.00	 -110.2	  843.2	   80.5	    0.0	 1500.0	    0.0	  200.0	    0.0	 1500.0	    0.0	  200.0	  100.0	   14.3	    0.0	    0.0	    0.0	    0.0	   14.6	  1	  -50.0	  750.0	   14.3	    0.0	    0.0	1	   87.0	 21	    0.0	    9.8	
  221	  22.10	 -110.2	  843.2	   80.5	    0.0	 1500.0	    0.0	  200.0	    0.0	 1500.0	    0.0	  200.0	  100.0	   13.8	    0.0	    0.0	    0.0	    0.0	   14.7	  1	  -50.0	  750.0	   13.8	    0.0	    0.0	1	   86.9	 21	    0.0	    9.7	
  222	  22.20	 -110.2	  843.2	   80.5	    0.0	 1500.0	    0.0	  200.0	    0.0	 1500.0	    0.0	  200.0	  100.0	   13.4	    0.0	    0.0	    0.0	    0.0	   14.7	  1	  -50.0	  750.0	   13.4	    0.0	    0.0	1	   86.8	 21	    0.0	    9.5	
  223	  22.30	 -110.2	  843.2	   80.5	    0.0	 1500.0	    0.0	  200.0	    0.0	 1500.0	    0.0	  200.0	  100.0	   12.9	    0.0	    0.0	    0.0	    0.0	   14.8	  1	  -50.0	  750.0	   12.9	    0.0	    0.0	1	   86.7	 21	    0.0	    9.3	
  224	  22.40	 -110.2	  843.2	   80.5	    0.0	 1500.0	    0.0	  200.0	    0.0	 1500.0	    0.0	  200.0	  100.0	   12.5	    0.0	    0.0	    0.0	    0.0	   14.9	  1	  -50.0	  750.0	   12.5	    0.0	    0.0	1	   86.6	 21	    0.0	    9.2	
  225	  22.50	 -110.2	  843.2	   80.5	    0.0	 1500.0	    0.0	  200.0	    0.0	 1500.0	    0.0	  200.0	  100.0	   12.1	    0.0	    0.0	    0.0	    0.0	   14.9	  1	  -50.0	  750.0	   12.1	    0.0	    0.0	1	   86.5	 21	    0.0	    9.0	
  226	  22.60	 -110.2	  843.2	   80.5	    0.0	 1500.0	    0.0	  200.0	    0.0	 1500.0	    0.0	  200.0	  100.0	   11.6	    0.0	    0.0	    0.0	    0.0	   15.0	  1	  -50.0	  750.0	   11.6	    0.0	    0.0	1	   86.5	 21	    0.0	    8.9	
  227	  22.70	 -110.2	  843.2	   80.5	    0.0	 1500.0	    0.0	  200.0	    0.0	 1500.0	    0.0	  200.0	  100.0	   11.2	    0.0	    0.0	    0.0	    0.0	   15.1	  1	  -50.0	  750.0	   11.2	    0.0	    0.0	1	   86.4	 21	    0.0	    8.7	
  228	  22.80	 -110.2	  843.2	   80.5	    0.0	 1500.0	    0.0	  200.0	    0.0	 1500.0	    0.0	  200.0	  100.0	   10.7	    0.0	    0.0	    0.0	    0.0	   15.1	  1	  -50.0	  750.0	   10.7	    0.0	    0.0	1	   86.3	 21	    0.0	    8.5	
  229	  22.90	 -110.2	  843.2	   80.5	    0.0	 1500.0	    0.0	  200.0	    0.0	 1500.0	    0.0	  200.0	  100.0	   10.3	    0.0	    0.0	    0.0	    0.0	   15.2	  1	  -50.0	  750.0	   10.3	    0.0	    0.0	1	   86.2	 21	    0.0	    8.4	
  230	  23.00	 -110.2	  843.2	   80.5	    0.0	 1500.0	    0.0	  200.0	    0.0	 1500.0	    0.0	  200.0	  100.0	    9.8	    0.0	    0.0	    0.0	    0.0	   15.3	  1	  -50.0	  750.0	    9.8	    0.0	    0.0	1	   86.1	 21	    0.0	    8.2	
  231	  23.10	 -110.2	  843.2	   80.5	    0.0	 1500.0	    0.0	  200.0	    0.0	 1500.0	    0.0	  200.0	  100.0	    9.4	    0.0	    0.0	    0.0	    0.0	   15.3	  1	  -50.0	  750.0	    9.4	    0.0	    0.0	1	   86.1	 21	    0.0	    8.1	
  232	  23.20	 -110.2	  843.2	   80.5	    0.0	 1500.0	    0.0	  200.0	    0.0	 1500.0	    0.0	  200.0	  100.0	    8.9	    0.0	    0.0	    0.0	    0.0	   15.4	  1	  -50.0	  750.0	    8.9	    0.0	    0.0	1	   87.5	 21	    0.0	    7.9	
  233	  23.30	 -110.2	  843.2	   80.5	    0.0	 1500.0	    0.0	  200.0	    0.0	 1500.0	    0.0	  200.0	  100.0	    8.5	    0.0	    0.0	    0.0	    0.0	   15.5	  1	  -50.0	  750.0	    8.5	    0.0	    0.0	1	   87.4	 21	    0.0	    7.7	
  234	  23.40	 -110.2	  843.2	   80.5	    0.0	 1500.0	    0.0	  200.0	    0.0	 1500.0	    0.0	  200.0	  100.0	    8.0	    0.0	    0.0	    0.0	    0.0	   15.6	  1	  -50.0	  750.0	    8.0	    0.0	    0.0	1	   87.3	 21	    0.0	    7.6	
  235	  23.50	 -110.2	  843.2	   80.5	    0.0	 1500.0	    0.0	  200.0	    0.0	 1500.0	    0.0	  200.0	  100.0	    7.6	    0.0	    0.0	    0.0	    0.0	   15.6	  1	  -50.0	  750.0	    7.6	    0.0	    0.0	1	   87.1	 21	    0.0	    7.4	
  236	  23.60	 -110.2	  843.2	   80.5	    0.0	 1500.0	    0.0	  200.0	    0.0	 1500.0	    0.0	  200.0	  100.0	    7.1	    0.0	    0.0	    0.0	    0.0	   15.7	  1	  -50.0	  750.0	    7.1	    0.0	    0.0	1	   87.0	 21	    0.0	    7.3	
  237	  23.70	 -110.2	  843.2	   80.5	    0.0	 1500.0	    0.0	  200.0	    0.0	 1500.0	    0.0	  200.0	  100.0	    6.7	    0.0	    0.0	    0.0	    0.0	   15.8	  1	  -50.0	  750.0	    6.7	    0.0	    0.0	1	   86.9	 21	    0.0	    7.1	
  238	  23.80	 -110.2	  843.2	   80.5	    0.0	 1500.0	    0.0	  200.0	    0.0	 1500.0	    0.0	  200.0	  100.0	    6.3	    0.0	    0.0	    0.0	    0.0	   15.8	  1	 -150.0	  750.0	    6.3	    0.0	    0.0	1	   90.6	 21	    0.0	    6.9	
  239	  23.90	 -110.2	  843.2	   80.5	    0.0	 1500.0	    0.0	  200.0	    0.0	 1500.0	    0.0	  200.0	  100.0	    5.8	    0.0	    0.0	    0.0	    0.0	   15.9	  1	 -150.0	  750.0	    5.8	    0.0	    0.0	1	   90.6	 21	    0.0	    6.8	
  240	  24.00	 -110.2	  843.2	   80.5	    0.0	 1500.0	    0.0	  200.0	    0.0	 1500.0	    0.0	  200.0	  100.0	    5.4	    0.0	    0.0	    0.0	    0.0	   16.0	  1	 -150.0	  750.0	    5.4	    0.0	    0.0	1	   90.6	 21	    0.0	    6.6	
  241	  24.10	 -110.2	  843.2	   80.5	    0.0	 1500.0	    0.0	  200.0	    0.0	 1500.0	    0.0	  200.0	  100.0	    4.9	    0.0	    0.0	    0.0	    0.0	   16.0	  1	 -150.0	  750.0	    4.9	    0.0	    0.0	1	   90.6	 21	    0.0	    6.5	
  242	  24.20	 -110.2	  843.2	   80.5	    0.0	 1500.0	    0.0	  200.0	    0.0	 1500.0	    0.0	  200.0	  100.0	    4.5	    0.0	    0.0	    0.0	    0.0	   16.1	  1	 -150.0	  750.0	    4.5	    0.0	    0.0	1	   90.6	 21	    0.0	    6.3	
  243	  24.30	 -110.2	  843.2	   80.5	    0.0	 1500.0	    0.0	  200.0	    0.0	 1500.0	    0.0	  200.0	  100.0	    4.0	    0.0	    0.0	    0.0	    0.0	   16.2	  1	 -150.0	  750.0	    4.0	    0.0	    0.0	1	   90.6	 21	    0.0	    6.2	
  244	  24.40	 -110.2	  843.2	   80.5	    0.0	 1500.0	    0.0	  200.0	    0.0	 1500.0	    0.0	  200.0	  100.0	    3.6	    0.0	    0.0	    0.0	    0.0	   16.2	  1	 -150.0	  750.0	    3.6	    0.0	    0.0	1	   90.6	 21	    0.0	    6.0	
  245	  24.50	 -110.2	  843.2	   80.5	    0.0	 1500.0	    0.0	  200.0	    0.0	 1500.0	    0.0	  200.0	  100.0	    3.1	    0.0	    0.0	    0.0	    0.0	   16.3	  1	 -150.0	  750.0	    3.1	    0.0	    0.0	1	   90.6	 21	    0.0	    5.9	
  246	  24.60	 -110.2	  843.2	   80.5	    0.0	 1500.0	    0.0	  200.0	    0.0	 1500.0	    0.0	  200.0	  100.0	    2.7	    0.0	    0.0	    0.0	    0.0	   16.4	  1	 -150.0	  750.0	    2.7	    0.0	    0.0	1	   90.6	 21	    0.0	    5.7	
  247	  24.70	 -110.2	  843.2	   80.5	    0.0	 1500.0	    0.0	  200.0	    0.0	 1500.0	    0.0	  200.0	  100.0	    2.2	    0.0	    0.0	    0.0	    0.0	   16.4	  1	 -150.0	  750.0	    2.2	    0.0	    0.0	1	   90.6	 21	    0.0	    5.6	
  248	  24.80	 -110.2	  843.2	   80.5	    0.0	 1500.0	    0.0	  200.0	    0.0	 1500.0	    0.0	  200.0	  100.0	    1.8	    0.0	    0.0	    0.0	    0.0	   16.5	  1	 -150.0	  750.0	    1.8	    0.0	    0.0	1	   90.6	 21	    0.0	    5.4	
  249	  24.90	 -110.2	  843.2	   80.5	    0.0	 1500.0	    0.0	  200.0	    0.0	 1500.0	    0.0	  200.0	  100.0	    1.3	    0.0	    0.0	    0.0	    0.0	   16.6	  1	 -150.0	  750.0	    1.3	    0.0	    0.0	1	   90.6	 21	    0.0	    5.3	
  250	  25.00	 -110.2	  843.2	   80.5	    0.0	 1500.0	    0.0	  200.0	    0.0	 1500.0	    0.0	  200.0	  100.0	    0.9	    0.0	    0.0	    0.0	    0.0	   16.6	  1	 -150.0	  750.0	    0.9	    0.0	    0.0	1	   90.6	 21	    0.0	    5.2	
  251	  25.10	 -110.2	  843.2	   80.5	    0.0	 1500.0	    0.0	  200.0	    0.0	 1500.0	    0.0	  200.0	  100.0	    0.5	    0.0	    0.0	    0.0	    0.0	   16.7	  1	 -150.0	  750.0	    0.5	    0.0	    0.0	1	   90.6	 21	    0.0	    5.1	
  252	  25.20	 -110.2	  843.2	   80.5	    0.0	 1500.0	    0.0	  200.0	    0.0	 1500.0	    0.0	  200.0	  100.0	    0.0	    0.0	    0.0	    0.0	    0.0	   16.8	  1	 -150.0	  750.0	    0.0	    0.0	    0.0	1	   90.6	 21	    0.0	    5.0	
  253	  25.30	 -110.2	  843.2	   80.5	    0.0	 1500.0	    0.0	  200.0	    0.0	 1500.0	    0.0	  200.0	  100.0	    0.0	    0.0	    0.0	    0.0	    0.0	   16.8	  1	 -150.0	  750.0	    0.0	    0.0	    0.0	1	   90.6	 21	    0.0	    5.0	
  254	  25.40	 -110.2	  843.2	   80.5	    0.0	 1500.0	    0.0	  200.0	    0.0	 1500.0	    0.0	  200.0	  100.0	    0.0	    0.0	    0.0	    0.0	    0.0	   16.9	  1	 -150.0	  750.0	    0.0	    0.0	    0.0	1	   90.6	 21	    0.0	    5.0	
  255	  25.50	 -110.2	  843.2	   80.5	    0.0	 1500.0	    0.0	  200.0	    0.0	 1500.0	    0.0	  200.0	  100.0	    0.0	    0.0	    0.0	    0.0	    0.0	   17.0	  1	 -150.0	  750.0	    0.0	    0.0	    0.0	1	   90.6	 21	    0.0	    5.0	
  256	  25.60	 -110.2	  843.2	   80.5	    0.0	 1500.0	    0.0	  200.0	    0.0	 1500.0	    0.0	  200.0	  100.0	    0.0	    0.0	    0.0	    0.0	    0.0	   17.0	  1	 -150.0	  750.0	    0.0	    0.0	    0.0	1	   90.6	 21	    0.0	    5.0	
  257	  25.70	 -110.2	  843.2	   80.5	    0.0	 1500.0	    0.0	  200.0	    0.0	 1500.0	    0.0	  200.0	  100.0	    0.0	    0.0	    0.0	    0.0	    0.0	   17.1	  1	 -150.0	  750.0	    0.0	    0.0	    0.0	1	   90.6	 21	    0.0	    5.0	
  258	  25.80	 -110.2	  843.2	   80.5	    0.0	 1500.0	    0.0	  200.0	    0.0	 1500.0	    0.0	  200.0	  100.0	    0.0	    0.0	    0.0	    0.0	    0.0	   17.2	  1	 -150.0	  750.0	    0.0	    0.0	    0.0	1	   90.6	 21	    0.0	    5.0	
  259	  25.90	 -110.2	  843.2	   80.5	    0.0	 1500.0	    0.0	  200.0	    0.0	 1500.0	    0.0	  200.0	  100.0	    0.0	    0.0	    0.0	    0.0	    0.0	   17.2	  1	 -150.0	  750.0	    0.0	    0.0	    0.0	1	   90.6	 21	    0.0	    5.0	
  260	  26.00	 -110.2	  843.2	   80.5	    0.0	 1500.0	    0.0	  200.0	    0.0	 1500.0	    0.0	  200.0	  100.0	    0.0	    0.0	    0.0	    0.0	    0.0	   17.3	  1	 -150.0	  750.0	    0.0	    0.0	    0.0	1	   90.6	 21	    0.0	    5.0	
  261	  26.10	 -110.2	  843.2	   80.5	    0.0	 1500.0	    0.0	  200.0	    0.0	 1500.0	    0.0	  200.0	  100.0	    0.0	    0.0	    0.0	    0.0	    0.0	   17.4	  1	 -150.0	  750.0	    0.0	    0.0	    0.0	1	   90.6	 21	    0.0	    5.0	
  262	  26.20	 -110.2	  843.2	   80.5	    0.0	 1500.0	    0.0	  200.0	    0.0	 1500.0	    0.0	  200.0	  100.0	    0.0	    0.0	    0.0	    0.0	    0.0	   17.4	  1	 -150.0	  750.0	    0.0	    0.0	    0.0	1	   90.6	 21	    0.0	    5.0	
  263	  26.30	 -110.2	  843.2	   80.5	    0.0	 1500.0	    0.0	  200.0	    0.0	 1500.0	    0.0	  200.0	  100.0	    0.0	    0.0	    0.0	    0.0	    0.0	   17.5	  1	 -150.0	  750.0	    0.0	    0.0	    0.0	1	   90.6	 21	    0.0	    5.0	
  264	  26.40	 -110.2	  843.2	   80.5	    0.0	 1500.0	    0.0	  200.0	    0.0	 1500.0	    0.0	  200.0	  100.0	    0.0	    0.0	    0.0	    0.0	    0.0	   17.6	  1	 -150.0	  750.0	    0.0	    0.0	    0.0	1	   90.6	 21	    0.0	    5.0	
  265	  26.50	 -110.2	  843.2	   80.5	    0.0	 1500.0	    0.0	  200.0	    0.0	 1500.0	    0.0	  200.0	  100.0	    0.0	    0.0	    0.0	    0.0	    0.0	   17.6	  1	 -150.0	  750.0	    0.0	    0.0	    0.0	1	   90.6	 21	    0.0	    5.0	
  266	  26.60	 -110.2	  843.2	   80.5	    0.0	 1500.0	    0.0	  200.0	    0.0	 1500.0	    0.0	  200.0	  100.0	    0.0	    0.0	    0.0	    0.0	    0.0	   17.7	  1	 -150.0	  750.0	    0.0	    0.0	    0.0	1	   90.6	 21	    0.0	    5.0	
  267	  26.70	 -110.2	  843.2	   80.5	    0.0	 1500.0	    0.0	  200.0	    0.0	 1500.0	    0.0	  200.0	  100.0	    0.0	    0.0	    0.0	    0.0	    0.0	   17.8	  1	 -150.0	  750.0	    0.0	    0.0	    0.0	1	   90.6	 21	    0.0	    5.0	
  268	  26.80	 -110.2	  843.2	   80.5	    0.0	 1500.0	    0.0	  200.0	    0.0	 1500.0	    0.0	  200.0	  100.0	    0.0	    0.0	    0.0	    0.0	    0.0	   17.9	  1	 -150.0	  750.0	    0.0	    0.0	    0.0	1	   90.6	 21	    0.0	    5.0	
  269	  26.90	 -110.2	  843.2	   80.5	    0.0	 1500.0	    0.0	  200.0	    0.0	 1500.0	    0.0	  200.0	  100.0	    0.0	    0.0	    0.0	    0.0	    0.0	   17.9	  1	 -150.0	  750.0	    0.0	    0.0	    0.0	1	   90.6	 21	    0.0	    5.0	
  270	  27.00	 -110.2	  843.2	   80.5	    0.0	 1500.0	    0.0	  200.0	    0.0	 1500.0	    0.0	  200.0	  100.0	    0.0	    0.0	    0.0	    0.0	    0.0	   18.0	  1	 -150.0	  750.0	    0.0	    0.0	    0.0	1	   90.6	 21	    0.0	    5.0	
  271	  27.10	 -110.2	  843.2	   80.5	    0.0	 1500.0	    0.0	  200.0	    0.0	 1500.0	    0.0	  200.0	  100.0	    0.0	    0.0	    0.0	    0.0	    0.0	   18.1	  1	 -150.0	  750.0	    0.0	    0.0	    0.0	1	   90.6	 21	    0.0	    5.0	
  272	  27.20	 -110.2	  843.2	   80.5	    0.0	 1500.0	    0.0	  200.0	    0.0	 1500.0	    0.0	  200.0	  100.0	    0.0	    0.0	    0.0	    0.0	    0.0	   18.1	  1	 -150.0	  750.0	    0.0	    0.0	    0.0	1	   90.6	 21	    0.0	    5.0	
  273	  27.30	 -110.2	  843.2	   80.5	    0.0	 1500.0	    0.0	  200.0	    0.0	 1500.0	    0.0	  200.0	  100.0	    0.0	    0.0	    0.0	    0.0	    0.0	   18.2	  1	 -150.0	  750.0	    0.0	    0.0	    0.0	1	   90.6	 21	    0.0	    5.0	
  274	  27.40	 -110.2	  843.2	   80.5	    0.0	 1500.0	    0.0	  200.0	    0.0	 1500.0	    0.0	  200.0	  100.0	    0.0	    0.0	    0.0	    0.0	    0.0	   18.3	  1	 -150.0	  750.0	    0.0	    0.0	    0.0	1	   90.6	 21	    0.0	    5.0	
  275	  27.50	 -110.2	  843.2	   80.5	    0.0	 1500.0	    0.0	  200.0	    0.0	 1500.0	    0.0	  200.0	  100.0	    0.0	    0.0	    0.0	    0.0	    0.0	   18.3	  1	 -150.0	  750.0	    0.0	    0.0	    0.0	1	   90.6	 21	    0.0	    5.0	
  276	  27.60	 -110.2	  843.2	   80.5	    0.0	 1500.0	    0.0	  200.0	    0.0	 1500.0	    0.0	  200.0	  100.0	    0.0	    0.0	    0.0	    0.0	    0.0	   18.4	  1	 -150.0	  750.0	    0.0	    0.0	    0.0	1	   90.6	 21	    0.0	    5.0	
  277	  27.70	 -110.2	  843.2	   80.5	    0.0	 1500.0	    0.0	  200.0	    0.0	 1500.0	    0.0	  200.0	  100.0	    0.0	    0.0	    0.0	    0.0	    0.0	   18.5	  1	 -150.0	  750.0	    0.0	    0.0	    0.0	1	   90.6	 21	    0.0	    5.0	
  278	  27.80	 -110.2	  843.2	   80.5	    0.0	 1500.0	    0.0	  200.0	    0.0	 1500.0	    0.0	  200.0	  100.0	    0.0	    0.0	    0.0	    0.0	    0.0	   18.5	  1	 -150.0	  750.0	    0.0	    0.0	    0.0	1	   90.6	 21	    0.0	    5.0	
  279	  27.90	 -110.2	  843.2	   80.5	    0.0	 1500.0	    0.0	  200.0	    0.0	 1500.0	    0.0	  200.0	  100.0	    0.0	    0.0	    0.0	    0.0	    0.0	   18.6	  1	 -150.0	  750.0	    0.0	    0.0	    0.0	1	   90.6	 21	    0.0	    5.0	
  280	  28.00	 -110.2	  843.2	   80.5	    0.0	 1500.0	    0.0	  200.0	    0.0	 1500.0	    0.0	  200.0	  100.0	    0.0	    0.0	    0.0	    0.0	    0.0	   18.7	  1	 -150.0	  750.0	    0.0	    0.0	    0.0	1	   90.6	 21	    0.0	    5.0	
  281	  28.10	 -110.2	  843.2	   80.5	    0.0	 1500.0	    0.0	  200.0	    0.0	 1500.0	    0.0	  200.0	  100.0	    0.0	    0.0	    0.0	    0.0	    0.0	   18.7	  1	 -150.0	  750.0	    0.0	    0.0	    0.0	1	   90.6	 21	    0.0	    5.0	
  282	  28.20	 -110.2	  843.2	   80.5	    0.0	 1500.0	    0.0	  200.0	    0.0	 1500.0	    0.0	  200.0	  100.0	    0.0	    0.0	    0.0	    0.0	    0.0	   18.8	  1	 -150.0	  750.0	    0.0	    0.0	    0.0	1	   90.6	 21	    0.0	    5.0	
  283	  28.30	 -110.2	  843.2	   80.5	    0.0	 1500.0	    0.0	  200.0	    0.0	 1500.0	    0.0	  200.0	  100.0	    0.0	    0.0	    0.0	    0.0	    0.0	   18.9	  1	 -150.0	  750.0	    0.0	    0.0	    0.0	1	   90.6	 21	    0.0	    5.0	
  284	  28.40	 -110.2	  843.2	   80.5	    0.0	 1500.0	    0.0	  200.0	    0.0	 1500.0	    0.0	  200.0	  100.0	    0.0	    0.0	    0.0	    0.0	    0.0	   18.9	  1	 -150.0	  750.0	    0.0	    0.0	    0.0	1	   90.6	 21	    0.0	    5.0	
  285	  28.50	 -110.2	  843.2	   80.5	    0.0	 1500.0	    0.0	  200.0	    0.0	 1500.0	    0.0	  200.0	  100.0	    0.0	    0.0	    0.0	    0.0	    0.0	   19.0	  1	 -150.0	  750.0	    0.0	    0.0	    0.0	1	   90.6	 21	    0.0	    5.0	
  286	  28.60	 -110.2	  843.2	   80.5	    0.0	 1500.0	    0.0	  200.0	    0.0	 1500.0	    0.0	  200.0	  100.0	    0.0	    0.0	    0.0	    0.0	    0.0	   19.1	  1	 -150.0	  750.0	    0.0	    0.0	    0.0	1	   90.6	 21	    0.0	    5.0	
  287	  28.70	 -110.2	  843.2	   80.5	    0.0	 1500.0	    0.0	  200.0	    0.0	 1500.0	    0.0	  200.0	  100.0	    0.0	    0.0	    0.0	    0.0	    0.0	   19.1	  1	 -150.0	  750.0	    0.0	    0.0	    0.0	1	   90.6	 21	    0.0	    5.0	
  288	  28.80	 -110.2	  843.2	   80.5	    0.0	 1500.0	    0.0	  200.0	    0.0	 1500.0	    0.0	  200.0	  100.0	    0.0	    0.0	    0.0	    0.0	    0.0	   19.2	  1	 -150.0	  750.0	    0.0	    0.0	    0.0	1	   90.6	 21	    0.0	    5.0	
  289	  28.90	 -110.2	  843.2	   80.5	    0.0	 1500.0	    0.0	  200.0	    0.0	 1500.0	    0.0	  200.0	  100.0	    0.0	    0.0	    0.0	    0.0	    0.0	   19.3	  1	 -150.0	  750.0	    0.0	    0.0	    0.0	1	   90.6	 21	    0.0	    5.0	
  290	  29.00	 -110.2	  843.2	   80.5	    0.0	 1500.0	    0.0	  200.0	    0.0	 1500.0	    0.0	  200.0	  100.0	    0.0	    0.0	    0.0	    0.0	    0.0	   19.3	  1	 -150.0	  750.0	    0.0	    0.0	    0.0	1	   90.6	 21	    0.0	    5.0	
  291	  29.10	 -110.2	  843.2	   80.5	    0.0	 1500.0	    0.0	  200.0	    0.0	 1500.0	    0.0	  200.0	  100.0	    0.0	    0.0	    0.0	    0.0	    0.0	   19.4	  1	 -150.0	  750.0	    0.0	    0.0	    0.0	1	   90.6	 21	    0.0	    5.0	
  292	  29.20	 -110.2	  843.2	   80.5	    0.0	 1500.0	    0.0	  200.0	    0.0	 1500.0	    0.0	  200.0	  100.0	    0.0	    0.0	    0.0	    0.0	    0.0	   19.5	  1	 -150.0	  750.0	    0.0	    0.0	    0.0	1	   90.6	 21	    0.0	    5.0	
  293	  29.30	 -110.2	  843.2	   80.5	    0.0	 1500.0	    0.0	  200.0	    0.0	 1500.0	    0.0	  200.0	  100.0	    0.0	    0.0	    0.0	    0.0	    0.0	   19.5	  1	 -150.0	  750.0	    0.0	    0.0	    0.0	1	   90.6	 21	    0.0	    5.0	
  294	  29.40	 -110.2	  843.2	   80.5	    0.0	 1500.0	    0.0	  200.0	    0.0	 1500.0	    0.0	  200.0	  100.0	    0.0	    0.0	    0.0	    0.0	    0.0	   19.6	  1	 -150.0	  750.0	    0.0	    0.0	    0.0	1	   90.6	 21	    0.0	    5.0	
  295	  29.50	 -110.2	  843.2	   80.5	    0.0	 1500.0	    0.0	  200.0	    0.0	 1500.0	    0.0	  200.0	  100.0	    0.0	    0.0	    0.0	    0.0	    0.0	   19.7	  1	 -150.0	  750.0	    0.0	    0.0	    0.0	1	   90.6	 21	    0.0	    5.0	
  296	  29.60	 -110.2	  843.2	   80.5	    0.0	 1500.0	    0.0	  200.0	    0.0	 1500.0	    0.0	  200.0	  100.0	    0.0	    0.0	    0.0	    0.0	    0.0	   19.7	  1	 -150.0	  750.0	    0.0	    0.0	    0.0	1	   90.6	 21	    0.0	    5.0	
  297	  29.70	 -110.2	  843.2	   80.5	    0.0	 1500.0	    0.0	  200.0	    0.0	 1500.0	    0.0	  200.0	  100.0	    0.0	    0.0	    0.0	    0.0	    0.0	   19.8	  1	 -150.0	  750.0	    0.0	    0.0	    0.0	1	   90.6	 21	    0.0	    5.0	
  298	  29.80	 -110.2	  843.2	   80.5	    0.0	 1500.0	    0.0	  200.0	    0.0	 1500.0	    0.0	  200.0	  100.0	    0.0	    0.0	    0.0	    0.0	    0.0	   19.9	  1	 -150.0	  750.0	    0.0	    0.0	    0.0	1	   90.6	 21	    0.0	    5.0	
  299	  29.90	 -110.2	  843.2	   80.5	    0.0	 1500.0	    0.0	  200.0	    0.0	 1500.0	    0.0	  200.0	  100.0	    0.0	    0.0	    0.0	    0.0	    0.0	   19.9	  1	 -150.0	  750.0	    0.0	    0.0	    0.0	1	   90.6	 21	    0.0	    5.0	
  300	  30.00	 -110.2	  843.2	   80.5	    0.0	 1500.0	    0.0	  200.0	    0.0	 1500.0	    0.0	  200.0	  100.0	    0.0	    0.0	    0.0	    0.0	    0.0	   20.0	  1	 -150.0	  750.0	    0.0	    0.0	    0.0	1	   90.6	 21	    0.0	    5.0	
  301	  30.10	 -110.2	  843.2	   80.5	    0.0	 1500.0	    0.0	  200.0	    0.0	 1500.0	    0.0	  200.0	  100.0	    0.0	    0.0	    0.0	    0.0	    0.0	   20.1	  1	 -150.0	  750.0	    0.0	    0.0	    0.0	1	   90.6	 21	    0.0	    5.0	
  302	  30.20	 -110.2	  843.2	   80.5	    0.0	 1500.0	    0.0	  200.0	    0.0	 1500.0	    0.0	  200.0	  100.0	    0.0	    0.0	    0.0	    0.0	    0.0	   20.2	  1	 -150.0	  750.0	    0.0	    0.0	    0.0	1	   90.6	 21	    0.0	    5.0	
  303	  30.30	 -110.2	  843.2	   80.5	    0.0	 1500.0	    0.0	  200.0	    0.0	 1500.0	    0.0	  200.0	  100.0	    0.0	    0.0	    0.0	    0.0	    0.0	   20.2	  1	 -150.0	  750.0	    0.0	    0.0	    0.0	1	   90.6	 21	    0.0	    5.0	
  304	  30.40	 -110.2	  843.2	   80.5	    0.0	 1500.0	    0.0	  200.0	    0.0	 1500.0	    0.0	  200.0	  100.0	    0.0	    0.0	    0.0	    0.0	    0.0	   20.3	  1	 -150.0	  750.0	    0.0	    0.0	    0.0	1	   90.6	 21	    0.0	    5.0	
  305	  30.50	 -110.2	  843.2	   80.5	    0.0	 1500.0	    0.0	  200.0	    0.0	 1500.0	    0.0	  200.0	  100.0	    0.0	    0.0	    0.0	    0.0	    0.0	   20.4	  1	 -150.0	  750.0	    0.0	    0.0	    0.0	1	   90.6	 21	    0.0	    5.0	
  306	  30.60	 -110.2	  843.2	   80.5	    0.0	 1500.0	    0.0	  200.0	    0.0	 1500.0	    0.0	  200.0	  100.0	    0.0	    0.0	    0.0	    0.0	    0.0	   20.4	  1	 -150.0	  750.0	    0.0	    0.0	    0.0	1	   90.6	 21	    0.0	    5.0	
  307	  30.70	 -110.2	  843.2	   80.5	    0.0	 1500.0	    0.0	  200.0	    0.0	 1500.0	    0.0	  200.0	  100.0	    0.0	    0.0	    0.0	    0.0	    0.0	   20.5	  1	 -150.0	  750.0	    0.0	    0.0	    0.0	1	   90.6	 21	    0.0	    5.0	
  308	  30.80	 -110.2	  843.2	   80.5	    0.0	 1500.0	    0.0	  200.0	    0.0	 1500.0	    0.0	  200.0	  100.0	    0.0	    0.0	    0.0	    0.0	    0.0	   20.6	  1	 -150.0	  750.0	    0.0	    0.0	    0.0	1	   90.6	 21	    0.0	    5.0	
  309	  30.90	 -110.2	  843.2	   80.5	    0.0	 1500.0	    0.0	  200.0	    0.0	 1500.0	    0.0	  200.0	  100.0	    0.0	    0.0	    0.0	    0.0	    0.0	   20.6	  1	 -150.0	  750.0	    0.0	    0.0	    0.0	1	   90.6	 21	    0.0	    5.0	
  310	  31.00	 -110.2	  843.2	   80.5	    0.0	 1500.0	    0.0	  200.0	    0.0	 1500.0	    0.0	  200.0	  100.0	    0.0	    0.0	    0.0	    0.0	    0.0	   20.7	  1	 -150.0	  750.0	    0.0	    0.0	    0.0	1	   90.6	 21	    0.0	    5.0	
  311	  31.10	 -110.2	  843.2	   80.5	    0.0	 1500.0	    0.0	  200.0	    0.0	 1500.0	    0.0	  200.0	  100.0	    0.0	    0.0	    0.0	    0.0	    0.0	   20.8	  1	 -150.0	  750.0	    0.0	    0.0	    0.0	1	   90.6	 21	    0.0	    5.0	
  312	  31.20	 -110.2	  843.2	   80.5	    0.0	 1500.0	    0.0	  200.0	    0.0	 1500.0	    0.0	  200.0	  100.0	    0.0	    0.0	    0.0	    0.0	    0.0	   20.8	  1	 -150.0	  750.0	    0.0	    0.0	    0.0	1	   90.6	 21	    0.0	    5.0	
  313	  31.30	 -110.2	  843.2	   80.5	    0.0	 1500.0	    0.0	  200.0	    0.0	 1500.0	    0.0	  200.0	  100.0	    0.0	    0.0	    0.0	    0.0	    0.0	   20.9	  1	 -150.0	  750.0	    0.0	    0.0	    0.0	1	   90.6	 21	    0.0	    5.0	
  314	  31.40	 -110.2	  843.2	   80.5	    0.0	 1500.0	    0.0	  200.0	    0.0	 1500.0	    0.0	  200.0	  100.0	    0.0	    0.0	    0.0	    0.0	    0.0	   21.0	  1	 -150.0	  750.0	    0.0	    0.0	    0.0	1	   90.6	 21	    0.0	    5.0	
  315	  31.50	 -110.2	  843.2	   80.5	    0.0	 1500.0	    0.0	  200.0	    0.0	 1500.0	    0.0	  200.0	  100.0	    0.0	    0.0	    0.0	    0.0	    0.0	   21.0	  1	 -150.0	  750.0	    0.0	    0.0	    0.0	1	   90.6	 21	    0.0	    5.0	
  316	  31.60	 -110.2	  843.2	   80.5	    0.0	 1500.0	    0.0	  200.0	    0.0	 1500.0	    0.0	  200.0	  100.0	    0.0	    0.0	    0.0	    0.0	    0.0	   21.1	  1	 -150.0	  750.0	    0.0	    0.0	    0.0	1	   90.6	 21	    0.0	    5.0	
  317	  31.70	 -110.2	  843.2	   80.5	    0.0	 1500.0	    0.0	  200.0	    0.0	 1500.0	    0.0	  200.0	  100.0	    0.0	    0.0	    0.0	    0.0	    0.0	   21.2	  1	 -150.0	  750.0	    0.0	    0.0	    0.0	1	   90.6	 21	    0.0	    5.0	
  318	  31.80	 -110.2	  843.2	   80.5	    0.0	 1500.0	    0.0	  200.0	    0.0	 1500.0	    0.0	  200.0	  100.0	    0.0	    0.0	    0.0	    0.0	    0.0	   21.2	  1	 -150.0	  750.0	    0.0	    0.0	    0.0	1	   90.6	 21	    0.0	    5.0	
  319	  31.90	 -110.2	  843.2	   80.5	    0.0	 1500.0	    0.0	  200.0	    0.0	 1500.0	    0.0	  200.0	  100.0	    0.0	    0.0	    0.0	    0.0	    0.0	   21.3	  1	 -150.0	  750.0	    0.0	    0.0	    0.0	1	   90.6	 21	    0.0	    5.0	
  320	  32.00	 -110.2	  843.2	   80.5	    0.0	 1500.0	    0.0	  200.0	    0.0	 1500.0	    0.0	  200.0	  100.0	    0.0	    0.0	    0.0	    0.0	    0.0	   21.4	  1	 -150.0	  750.0	    0.0	    0.0	    0.0	1	   90.6	 21	    0.0	    5.0	
  321	  32.10	 -110.2	  843.2	   80.5	    0.0	 1500.0	    0.0	  200.0	    0.0	 1500.0	    0.0	  200.0	  100.0	    0.0	    0.0	    0.0	    0.0	    0.0	   21.4	  1	 -150.0	  750.0	    0.0	    0.0	    0.0	1	   90.6	 21	    0.0	    5.0	
  322	  32.20	 -110.2	  843.2	   80.5	    0.0	 1500.0	    0.0	  200.0	    0.0	 1500.0	    0.0	  200.0	  100.0	    0.0	    0.0	    0.0	    0.0	    0.0	   21.5	  1	 -150.0	  750.0	    0.0	    0.0	    0.0	1	   90.6	 21	    0.0	    5.0	
  323	  32.30	 -110.2	  843.2	   80.5	    0.0	 1500.0	    0.0	  200.0	    0.0	 1500.0	    0.0	  200.0	  100.0	    0.0	    0.0	    0.0	    0.0	    0.0	   21.6	  1	 -150.0	  750.0	    0.0	    0.0	    0.0	1	   90.6	 21	    0.0	    5.0	
  324	  32.40	 -110.2	  843.2	   80.5	    0.0	 1500.0	    0.0	  200.0	    0.0	 1500.0	    0.0	  200.0	  100.0	    0.0	    0.0	    0.0	    0.0	    0.0	   21.6	  1	 -150.0	  750.0	    0.0	    0.0	    0.0	1	   90.6	 21	    0.0	    5.0	
  325	  32.50	 -110.2	  843.2	   80.5	    0.0	 1500.0	    0.0	  200.0	    0.0	 1500.0	    0.0	  200.0	  100.0	    0.0	    0.0	    0.0	    0.0	    0.0	   21.7	  1	 -150.0	  750.0	    0.0	    0.0	    0.0	1	   90.6	 21	    0.0	    5.0	
  326	  32.60	 -110.2	  843.2	   80.5	    0.0	 1500.0	    0.0	  200.0	    0.0	 1500.0	    0.0	  200.0	  100.0	    0.0	    0.0	    0.0	    0.0	    0.0	   21.8	  1	 -150.0	  750.0	    0.0	    0.0	    0.0	1	   90.6	 21	    0.0	    5.0	
  327	  32.70	 -110.2	  843.2	   80.5	    0.0	 1500.0	    0.0	  200.0	    0.0	 1500.0	    0.0	  200.0	  100.0	    0.0	    0.0	    0.0	    0.0	    0.0	   21.8	  1	 -150.0	  750.0	    0.0	    0.0	    0.0	1	   90.6	 21	    0.0	    5.0	
  328	  32.80	 -110.2	  843.2	   80.5	    0.0	 1500.0	    0.0	  200.0	    0.0	 1500.0	    0.0	  200.0	  100.0	    0.0	    0.0	    0.0	    0.0	    0.0	   21.9	  1	 -150.0	  750.0	    0.0	    0.0	    0.0	1	   90.6	 21	    0.0	    5.0	
  329	  32.90	 -110.2	  843.2	   80.5	    0.0	 1500.0	    0.0	  200.0	    0.0	 1500.0	    0.0	  200.0	  100.0	    0.0	    0.0	    0.0	    0.0	    0.0	   22.0	  1	 -150.0	  750.0	    0.0	    0.0	    0.0	1	   90.6	 21	    0.0	    5.0	
  330	  33.00	 -110.2	  843.2	   80.5	    0.0	 1500.0	    0.0	  200.0	    0.0	 1500.0	    0.0	  200.0	  100.0	    0.0	    0.0	    0.0	    0.0	    0.0	   22.0	  1	 -150.0	  750.0	    0.0	    0.0	    0.0	1	   90.6	 21	    0.0	    5.0	
  331	  33.10	 -110.2	  843.2	   80.5	    0.0	 1500.0	    0.0	  200.0	    0.0	 1500.0	    0.0	  200.0	  100.0	    0.0	    0.0	    0.0	    0.0	    0.0	   22.1	  1	 -150.0	  750.0	    0.0	    0.0	    0.0	1	   90.6	 21	    0.0	    5.0	
  332	  33.20	 -110.2	  843.2	   80.5	    0.0	 1500.0	    0.0	  200.0	    0.0	 1500.0	    0.0	  200.0	  100.0	    0.0	    0.0	    0.0	    0.0	    0.0	   22.2	  1	 -150.0	  750.0	    0.0	    0.0	    0.0	1	   90.6	 21	    0.0	    5.0	
  333	  33.30	 -110.2	  843.2	   80.5	    0.0	 1500.0	    0.0	  200.0	    0.0	 1500.0	    0.0	  200.0	  100.0	    0.0	    0.0	    0.0	    0.0	    0.0	   22.2	  1	 -150.0	  750.0	    0.0	    0.0	    0.0	1	   90.6	 21	    0.0	    5.0	
