    1	   0.10	    0.0	    0.0	    0.0	    0.0	    0.0	    0.0	    0.0	    0.0	    0.0	    0.0	    0.0	  100.0	   99.9	    0.0	    0.0	    0.0	    0.0	    0.1	  1	-1250.0	   50.0	   99.9	    0.0	    0.0	1	 1106.9	 21	    0.0	    5.0	
    2	   0.20	    0.0	    0.0	  -90.8	    0.0	    0.0	    0.0	    0.0	    0.0	    0.0	    0.0	    0.0	  100.0	   99.4	    0.0	    0.0	    0.0	    0.0	    0.1	  1	  -50.0	 1250.0	   99.4	    0.0	    0.0	1	 1173.9	 21	    0.0	    5.0	
    3	   0.30	    0.0	    0.0	  -89.9	    0.0	    0.0	    0.0	    0.0	    0.0	    0.0	    0.0	    0.0	  100.0	   98.9	    0.0	    0.0	    0.0	    0.0	    0.2	  1	  -50.0	 1250.0	   98.9	    0.0	    0.0	1	 1173.9	 21	    0.0	    5.0	
    4	   0.40	    0.0	    0.0	  -89.9	    0.0	    0.0	    0.0	    0.0	    0.0	    0.0	    0.0	    0.0	  100.0	   98.4	    0.0	    0.0	    0.0	    0.0	    0.3	  1	  -50.0	 1250.0	   98.4	    0.0	    0.0	1	 1173.9	 21	    0.0	    5.0	
    5	   0.50	    0.0	    0.0	  -89.9	    0.0	    0.0	    0.0	    0.0	    0.0	    0.0	    0.0	    0.0	  100.0	   97.9	    0.0	    0.0	    0.0	    0.0	    0.4	  1	  -50.0	 1250.0	   97.9	    0.0	    0.0	1	 1173.9	 21	    0.0	    5.0	
    6	   0.60	    0.0	    0.0	  -89.9	    0.0	    0.0	    0.0	    0.0	    0.0	    0.0	    0.0	    0.0	  100.0	   97.4	    0.0	    0.0	    0.0	    0.0	    0.4	  1	  -50.0	 1250.0	   97.4	    0.0	    0.0	1	 1173.9	 21	    0.0	    5.0	
    7	   0.70	    0.0	    0.0	  -89.9	    0.0	    0.0	    0.0	    0.0	    0.0	    0.0	    0.0	    0.0	  100.0	   96.9	    0.0	    0.0	    0.0	    0.0	    0.5	  1	  -50.0	 1250.0	   96.9	    0.0	    0.0	1	 1173.9	 21	    0.0	    5.0	
    8	   0.80	    0.0	    0.0	  -89.9	    0.0	    0.0	    0.0	    0.0	    0.0	    0.0	    0.0	    0.0	  100.0	   96.4	    0.0	    0.0	    0.0	    0.0	    0.6	  1	  -50.0	 1250.0	   96.4	    0.0	    0.0	1	 1173.9	 21	    0.0	    5.0	
    9	   0.90	    0.0	    0.0	  -89.9	    0.0	    0.0	    0.0	    0.0	    0.0	    0.0	    0.0	    0.0	  100.0	   95.9	    0.0	    0.0	    0.0	    0.0	    0.6	  1	  -50.0	 1250.0	   95.9	    0.0	    0.0	1	 1173.9	 21	    0.0	    5.0	
   10	   1.00	    0.0	    0.0	  -89.9	    0.0	    0.0	    0.0	    0.0	    0.0	    0.0	    0.0	    0.0	  100.0	   95.4	    0.0	    0.0	    0.0	    0.0	    0.7	  1	  -50.0	 1250.0	   95.4	    0.0	    0.0	1	 1173.9	 21	    0.0	    5.0	
   11	   1.10	    0.0	    0.0	  -89.9	    0.0	    0.0	    0.0	    0.0	    0.0	    0.0	    0.0	    0.0	  100.0	   94.9	    0.0	    0.0	    0.0	    0.0	    0.8	  1	  -50.0	 1250.0	   94.9	    0.0	    0.0	1	 1173.9	 21	    0.0	    5.0	
   12	   1.20	    0.0	    0.0	  -89.9	    0.0	    0.0	    0.0	    0.0	    0.0	    0.0	    0.0	    0.0	  100.0	   94.4	    0.0	    0.0	    0.0	    0.0	    0.9	  1	  -50.0	 1250.0	   94.4	    0.0	    0.0	1	 1173.9	 21	    0.0	    5.0	
   13	   1.30	    0.0	    0.0	  -89.9	    0.0	    0.0	    0.0	    0.0	    0.0	    0.0	    0.0	    0.0	  100.0	   93.9	    0.0	    0.0	    0.0	    0.0	    0.9	  1	  -50.0	 1250.0	   93.9	    0.0	    0.0	1	 1173.9	 21	    0.0	    5.0	
   14	   1.40	    0.0	    0.0	  -89.9	    0.0	    0.0	    0.0	    0.0	    0.0	    0.0	    0.0	    0.0	  100.0	   93.4	    0.0	    0.0	    0.0	    0.0	    1.0	  1	  -50.0	 1250.0	   93.4	    0.0	    0.0	1	 1173.9	 21	    0.0	    5.0	
   15	   1.50	    0.0	    0.0	  -89.9	    0.0	    0.0	    0.0	    0.0	    0.0	    0.0	    0.0	    0.0	  100.0	   92.9	    0.0	    0.0	    0.0	    0.0	    1.1	  1	  -50.0	 1250.0	   92.9	    0.0	    0.0	1	 1173.9	 21	    0.0	    5.0	
   16	   1.60	    0.0	    0.0	  -89.9	    0.0	    0.0	    0.0	    0.0	    0.0	    0.0	    0.0	    0.0	  100.0	   92.4	    0.0	    0.0	    0.0	    0.0	    1.1	  1	  -50.0	 1250.0	   92.4	    0.0	    0.0	1	 1173.9	 21	    0.0	    5.0	
   17	   1.70	    0.0	    0.0	  -89.9	    0.0	    0.0	    0.0	    0.0	    0.0	    0.0	    0.0	    0.0	  100.0	   91.9	    0.0	    0.0	    0.0	    0.0	    1.2	  1	  -50.0	 1250.0	   91.9	    0.0	    0.0	1	 1173.9	 21	    0.0	    5.0	
   18	   1.80	    0.0	    0.0	  -89.9	    0.0	    0.0	    0.0	    0.0	    0.0	    0.0	    0.0	    0.0	  100.0	   91.4	    0.0	    0.0	    0.0	    0.0	    1.3	  1	  -50.0	 1250.0	   91.4	    0.0	    0.0	1	 1173.9	 21	    0.0	    5.0	
   19	   1.90	    0.0	    0.0	  -89.9	    0.0	    0.0	    0.0	    0.0	    0.0	    0.0	    0.0	    0.0	  100.0	   90.9	    0.0	    0.0	    0.0	    0.0	    1.4	  1	  -50.0	 1250.0	   90.9	    0.0	    0.0	1	 1173.9	 21	    0.0	    5.0	
   20	   2.00	    0.0	    0.0	  -89.9	    0.0	    0.0	    0.0	    0.0	    0.0	    0.0	    0.0	    0.0	  100.0	   90.4	    0.0	    0.0	    0.0	    0.0	    1.4	  1	  -50.0	 1250.0	   90.4	    0.0	    0.0	1	 1173.9	 21	    0.0	    5.0	
   21	   2.10	    0.0	    0.0	  -89.9	    0.0	    0.0	    0.0	    0.0	    0.0	    0.0	    0.0	    0.0	  100.0	   89.9	    0.0	    0.0	    0.0	    0.0	    1.5	  1	  -50.0	 1250.0	   89.9	    0.0	    0.0	1	 1173.9	 21	    0.0	    5.0	
   22	   2.20	    0.0	    0.0	  -89.9	    0.0	    0.0	    0.0	    0.0	    0.0	    0.0	    0.0	    0.0	  100.0	   89.4	    0.0	    0.0	    0.0	    0.0	    1.6	  1	  -50.0	 1250.0	   89.4	    0.0	    0.0	1	 1173.9	 21	    0.0	    5.0	
   23	   2.30	    0.0	    0.0	  -89.9	    0.0	    0.0	    0.0	    0.0	    0.0	    0.0	    0.0	    0.0	  100.0	   88.9	    0.0	    0.0	    0.0	    0.0	    1.6	  1	  -50.0	 1250.0	   88.9	    0.0	    0.0	1	 1173.9	 21	    0.0	    5.0	
   24	   2.40	    0.0	    0.0	  -89.9	    0.0	    0.0	    0.0	    0.0	    0.0	    0.0	    0.0	    0.0	  100.0	   88.4	    0.0	    0.0	    0.0	    0.0	    1.7	  1	  -50.0	 1250.0	   88.4	    0.0	    0.0	1	 1173.9	 21	    0.0	    5.0	
   25	   2.50	    0.0	    0.0	  -89.9	    0.0	    0.0	    0.0	    0.0	    0.0	    0.0	    0.0	    0.0	  100.0	   87.9	    0.0	    0.0	    0.0	    0.0	    1.8	  1	  -50.0	 1250.0	   87.9	    0.0	    0.0	1	 1173.9	 21	    0.0	    5.0	
   26	   2.60	    0.0	    0.0	  -89.9	    0.0	    0.0	    0.0	    0.0	    0.0	    0.0	    0.0	    0.0	  100.0	   87.4	    0.0	    0.0	    0.0	    0.0	    1.9	  1	  -50.0	 1250.0	   87.4	    0.0	    0.0	1	 1173.9	 21	    0.0	    5.0	
   27	   2.70	    0.0	    0.0	  -89.9	    0.0	    0.0	    0.0	    0.0	    0.0	    0.0	    0.0	    0.0	  100.0	   86.9	    0.0	    0.0	    0.0	    0.0	    1.9	  1	  -50.0	 1250.0	   86.9	    0.0	    0.0	1	 1173.9	 21	    0.0	    5.0	
   28	   2.80	    0.0	    0.0	  -89.9	    0.0	    0.0	    0.0	    0.0	    0.0	    0.0	    0.0	    0.0	  100.0	   86.4	    0.0	    0.0	    0.0	    0.0	    2.0	  1	  -50.0	 1250.0	   86.4	    0.0	    0.0	1	 1173.9	 21	    0.0	    5.0	
   29	   2.90	    0.0	    0.0	  -89.9	    0.0	    0.0	    0.0	    0.0	    0.0	    0.0	    0.0	    0.0	  100.0	   85.9	    0.0	    0.0	    0.0	    0.0	    2.1	  1	  -50.0	 1250.0	   85.9	    0.0	    0.0	1	 1173.9	 21	    0.0	    5.0	
   30	   3.00	    0.0	    0.0	  -89.9	    0.0	    0.0	    0.0	    0.0	    0.0	    0.0	    0.0	    0.0	  100.0	   85.4	    0.0	    0.0	    0.0	    0.0	    2.1	  1	  -50.0	 1250.0	   85.4	    0.0	    0.0	1	 1173.9	 21	    0.0	    5.0	
   31	   3.10	    0.0	    0.0	  -89.9	    0.0	    0.0	    0.0	    0.0	    0.0	    0.0	    0.0	    0.0	  100.0	   84.9	    0.0	    0.0	    0.0	    0.0	    2.2	  1	  -50.0	 1250.0	   84.9	    0.0	    0.0	1	 1173.9	 21	    0.0	    5.0	
   32	   3.20	    0.0	    0.0	  -89.9	    0.0	    0.0	    0.0	    0.0	    0.0	    0.0	    0.0	    0.0	  100.0	   84.4	    0.0	    0.0	    0.0	    0.0	    2.3	  1	  -50.0	 1250.0	   84.4	    0.0	    0.0	1	 1173.9	 21	    0.0	    5.0	
   33	   3.30	    0.0	    0.0	  -89.9	    0.0	    0.0	    0.0	    0.0	    0.0	    0.0	    0.0	    0.0	  100.0	   83.9	    0.0	    0.0	    0.0	    0.0	    2.4	  1	  -50.0	 1250.0	   83.9	    0.0	    0.0	1	 1173.9	 21	    0.0	    5.0	
   34	   3.40	    0.0	    0.0	  -89.9	    0.0	    0.0	    0.0	    0.0	    0.0	    0.0	    0.0	    0.0	  100.0	   83.4	    0.0	    0.0	    0.0	    0.0	    2.4	  1	  -50.0	 1250.0	   83.4	    0.0	    0.0	1	 1173.9	 21	    0.0	    5.0	
   35	   3.50	    0.0	    0.0	  -89.9	    0.0	    0.0	    0.0	    0.0	    0.0	    0.0	    0.0	    0.0	  100.0	   82.9	    0.0	    0.0	    0.0	    0.0	    2.5	  1	  -50.0	 1250.0	   82.9	    0.0	    0.0	1	 1173.1	 21	    0.0	    5.0	
   36	   3.60	    0.0	    0.0	  -90.5	    0.0	    0.0	    0.0	    0.0	    0.0	    0.0	    0.0	    0.0	  100.0	   82.4	    0.0	    0.0	    0.0	    0.0	    2.6	  1	  -50.0	 1250.0	   82.4	    0.0	    0.0	1	 1172.3	 21	    0.0	    5.0	
   37	   3.70	    0.0	    0.0	  -91.3	    0.0	    0.0	    0.0	    0.0	    0.0	    0.0	    0.0	    0.0	  100.0	   81.9	    0.0	    0.0	    0.0	    0.0	    2.6	  1	  -50.0	 1250.0	   81.9	    0.0	    0.0	1	 1171.5	 21	    0.0	    5.0	
   38	   3.80	    0.0	    0.0	  -92.3	    0.0	    0.0	    0.0	    0.0	    0.0	    0.0	    0.0	    0.0	  100.0	   81.4	    0.0	    0.0	    0.0	    0.0	    2.7	  1	  -50.0	 1250.0	   81.4	    0.0	    0.0	1	 1170.7	 21	    0.0	    5.0	
   39	   3.90	    0.0	    0.0	  -93.7	    0.0	    0.0	    0.0	    0.0	    0.0	    0.0	    0.0	    0.0	  100.0	   80.9	    0.0	    0.0	    0.0	    0.0	    2.8	  1	  -50.0	 1250.0	   80.9	    0.0	    0.0	1	 1169.9	 21	    0.0	    5.0	
   40	   4.00	    0.0	    0.0	  -95.4	    0.0	    0.0	    0.0	    0.0	    0.0	    0.0	    0.0	    0.0	  100.0	   80.4	    0.0	    0.0	    0.0	    0.0	    2.9	  1	  -50.0	 1250.0	   80.4	    0.0	    0.0	1	 1169.0	 21	    0.0	    5.0	
   41	   4.10	    0.0	    0.0	  -97.7	    0.0	    0.0	    0.0	    0.0	    0.0	    0.0	    0.0	    0.0	  100.0	   79.9	    0.0	    0.0	    0.0	    0.0	    2.9	  1	  -50.0	 1250.0	   79.9	    0.0	    0.0	1	 1168.2	 21	    0.0	    5.0	
   42	   4.20	    0.0	    0.0	 -100.6	    0.0	    0.0	    0.0	    0.0	    0.0	    0.0	    0.0	    0.0	  100.0	   79.4	    0.0	    0.0	    0.0	    0.0	    3.0	  1	  -50.0	 1250.0	   79.4	    0.0	    0.0	1	 1167.4	 21	    0.0	    5.0	
   43	   4.30	    0.0	    0.0	 -104.3	    0.0	    0.0	    0.0	    0.0	    0.0	    0.0	    0.0	    0.0	  100.0	   78.9	    0.0	    0.0	    0.0	    0.0	    3.1	  1	  -50.0	 1250.0	   78.9	    0.0	    0.0	1	 1166.5	 21	    0.0	    5.0	
   44	   4.40	    0.0	    0.0	 -108.9	    0.0	    0.0	    0.0	    0.0	    0.0	    0.0	    0.0	    0.0	  100.0	   78.4	    0.0	    0.0	    0.0	    0.0	    3.1	  1	  -50.0	 1250.0	   78.4	    0.0	    0.0	1	 1165.7	 21	    0.0	    5.0	
   45	   4.50	    0.0	    0.0	 -114.6	    0.0	    0.0	    0.0	    0.0	    0.0	    0.0	    0.0	    0.0	  100.0	   77.9	    0.0	    0.0	    0.0	    0.0	    3.2	  1	  -50.0	 1250.0	   77.9	    0.0	    0.0	1	 1164.8	 21	    0.0	    5.0	
   46	   4.60	    0.0	    0.0	 -121.2	    0.0	    0.0	    0.0	    0.0	    0.0	    0.0	    0.0	    0.0	  100.0	   77.4	    0.0	    0.0	    0.0	    0.0	    3.3	  1	  -50.0	 1250.0	   77.4	    0.0	    0.0	1	 1163.9	 21	    0.0	    5.0	
   47	   4.70	    0.0	    0.0	 -128.5	    0.0	    0.0	    0.0	    0.0	    0.0	    0.0	    0.0	    0.0	  100.0	   76.9	    0.0	    0.0	    0.0	    0.0	    3.4	  1	  -50.0	 1250.0	   76.9	    0.0	    0.0	1	 1163.1	 21	    0.0	    5.0	
   48	   4.80	    0.0	    0.0	 -136.2	    0.0	    0.0	    0.0	    0.0	    0.0	    0.0	    0.0	    0.0	  100.0	   76.4	    0.0	    0.0	    0.0	    0.0	    3.4	  1	  -50.0	 1250.0	   76.4	    0.0	    0.0	1	 1162.2	 21	    0.0	    5.0	
   49	   4.90	    0.0	    0.0	 -143.6	    0.0	    0.0	    0.0	    0.0	    0.0	    0.0	    0.0	    0.0	  100.0	   75.9	    0.0	    0.0	    0.0	    0.0	    3.5	  1	  -50.0	 1250.0	   75.9	    0.0	    0.0	1	 1161.3	 21	    0.0	    5.0	
   50	   5.00	    0.0	    0.0	 -150.3	    0.0	    0.0	    0.0	    0.0	    0.0	    0.0	    0.0	    0.0	  100.0	   75.4	    0.0	    0.0	    0.0	    0.0	    3.6	  1	  -50.0	 1250.0	   75.4	    0.0	    0.0	1	 1160.4	 21	    0.0	    5.0	
   51	   5.10	    0.0	    0.0	 -156.1	    0.0	    0.0	    0.0	    0.0	    0.0	    0.0	    0.0	    0.0	  100.0	   74.9	    0.0	    0.0	    0.0	    0.0	    3.6	  1	  -50.0	 1250.0	   74.9	    0.0	    0.0	1	 1159.5	 21	    0.0	    5.0	
   52	   5.20	    0.0	    0.0	 -160.9	    0.0	    0.0	    0.0	    0.0	    0.0	    0.0	    0.0	    0.0	  100.0	   74.4	    0.0	    0.0	    0.0	    0.0	    3.7	  1	  -50.0	 1250.0	   74.4	    0.0	    0.0	1	 1158.6	 21	    0.0	    5.0	
   53	   5.30	    0.0	    0.0	 -164.8	    0.0	    0.0	    0.0	    0.0	    0.0	    0.0	    0.0	    0.0	  100.0	   73.9	    0.0	    0.0	    0.0	    0.0	    3.8	  1	  -50.0	 1250.0	   73.9	    0.0	    0.0	1	 1157.7	 21	    0.0	    5.0	
   54	   5.40	    0.0	    0.0	 -167.8	    0.0	    0.0	    0.0	    0.0	    0.0	    0.0	    0.0	    0.0	  100.0	   73.4	    0.0	    0.0	    0.0	    0.0	    3.9	  1	  -50.0	 1250.0	   73.4	    0.0	    0.0	1	 1156.8	 21	    0.0	    5.0	
   55	   5.50	    0.0	    0.0	 -170.1	    0.0	    0.0	    0.0	    0.0	    0.0	    0.0	    0.0	    0.0	  100.0	   72.9	    0.0	    0.0	    0.0	    0.0	    3.9	  1	  -50.0	 1250.0	   72.9	    0.0	    0.0	1	 1155.9	 21	    0.0	    5.0	
   56	   5.60	    0.0	    0.0	   92.0	    0.0	    0.0	    0.0	    0.0	    0.0	    0.0	    0.0	    0.0	  100.0	   72.4	    0.0	    0.0	    0.0	    0.0	    4.0	  1	  -50.0	 1250.0	   72.4	    0.0	    0.0	1	 1155.1	 21	    0.0	    5.0	
   57	   5.70	    0.0	    0.0	   92.0	    0.0	    0.0	    0.0	    0.0	    0.0	    0.0	    0.0	    0.0	  100.0	   71.9	    0.0	    0.0	    0.0	    0.0	    4.1	  1	  -50.0	 1250.0	   71.9	    0.0	    0.0	1	 1154.5	 21	    0.0	    5.0	
   58	   5.80	    0.0	    0.0	   91.9	    0.0	    0.0	    0.0	    0.0	    0.0	    0.0	    0.0	    0.0	  100.0	   71.4	    0.0	    0.0	    0.0	    0.0	    4.1	  1	  -50.0	 1250.0	   71.4	    0.0	    0.0	1	 1153.8	 21	    0.0	    5.0	
   59	   5.90	    0.0	    0.0	   91.9	    0.0	    0.0	    0.0	    0.0	    0.0	    0.0	    0.0	    0.0	  100.0	   70.9	    0.0	    0.0	    0.0	    0.0	    4.2	  1	  -50.0	 1250.0	   70.9	    0.0	    0.0	1	 1153.1	 21	    0.0	    5.0	
   60	   6.00	    0.0	    0.0	   91.8	    0.0	    0.0	    0.0	    0.0	    0.0	    0.0	    0.0	    0.0	  100.0	   70.4	    0.0	    0.0	    0.0	    0.0	    4.3	  1	  -50.0	 1250.0	   70.4	    0.0	    0.0	1	 1152.4	 21	    0.0	    5.0	
   61	   6.10	    0.0	    0.0	   91.7	    0.0	    0.0	    0.0	    0.0	    0.0	    0.0	    0.0	    0.0	  100.0	   69.9	    0.0	    0.0	    0.0	    0.0	    4.4	  1	  -50.0	 1250.0	   69.9	    0.0	    0.0	1	 1151.7	 21	    0.0	    5.0	
   62	   6.20	    0.0	    0.0	   91.5	    0.0	    0.0	    0.0	    0.0	    0.0	    0.0	    0.0	    0.0	  100.0	   69.4	    0.0	    0.0	    0.0	    0.0	    4.4	  1	  -50.0	 1250.0	   69.4	    0.0	    0.0	1	 1151.0	 21	    0.0	    5.0	
   63	   6.30	    0.0	    0.0	   91.4	    0.0	    0.0	    0.0	    0.0	    0.0	    0.0	    0.0	    0.0	  100.0	   68.9	    0.0	    0.0	    0.0	    0.0	    4.5	  1	  -50.0	 1250.0	   68.9	    0.0	    0.0	1	 1150.3	 21	    0.0	    5.0	
   64	   6.40	    0.0	    0.0	   91.2	    0.0	    0.0	    0.0	    0.0	    0.0	    0.0	    0.0	    0.0	  100.0	   68.4	    0.0	    0.0	    0.0	    0.0	    4.6	  1	  -50.0	 1250.0	   68.4	    0.0	    0.0	1	 1149.6	 21	    0.0	    5.0	
   65	   6.50	    0.0	    0.0	   90.8	    0.0	    0.0	    0.0	    0.0	    0.0	    0.0	    0.0	    0.0	  100.0	   67.9	    0.0	    0.0	    0.0	    0.0	    4.6	  1	  -50.0	 1250.0	   67.9	    0.0	    0.0	1	 1148.9	 21	    0.0	    5.0	
   66	   6.60	    0.0	    0.0	   90.4	    0.0	    0.0	    0.0	    0.0	    0.0	    0.0	    0.0	    0.0	  100.0	   67.4	    0.0	    0.0	    0.0	    0.0	    4.7	  1	  -50.0	 1250.0	   67.4	    0.0	    0.0	1	 1148.1	 21	    0.0	    5.0	
   67	   6.70	    0.0	 1500.0	   89.9	    0.0	 1500.0	    0.0	  200.0	    0.0	 1500.0	    0.0	  200.0	  100.0	   75.2	    0.0	    0.0	    0.0	    0.0	    4.5	  1	  -50.0	 2750.0	   75.2	    0.0	    0.0	1	  456.8	 21	 1207.6	 -192.4	
   68	   6.80	    0.0	 1500.0	   84.8	    0.0	 1500.0	    0.0	  200.0	    0.0	 1500.0	    0.0	  200.0	  100.0	   74.7	    0.0	    0.0	    0.0	    0.0	    4.5	  1	-1250.0	 1550.0	   74.7	    0.0	    0.0	1	  415.4	 21	    0.0	    0.0	
   69	   6.90	    0.0	 1500.0	  123.6	    0.0	 1500.0	    0.0	  200.0	    0.0	 1500.0	    0.0	  200.0	  100.0	   74.2	    0.0	    0.0	    0.0	    0.0	    4.5	  1	-1250.0	 1550.0	   74.2	    0.0	    0.0	1	  414.7	 21	    0.0	    0.0	
   70	   7.00	    0.0	 1500.0	  155.2	    0.0	 1500.0	    0.0	  200.0	    0.0	 1500.0	    0.0	  200.0	  100.0	   73.7	    0.0	    0.0	    0.0	    0.0	    4.5	  1	-1250.0	 1550.0	   73.7	    0.0	    0.0	1	  414.0	 21	    0.0	    0.0	
   71	   7.10	    0.0	 1500.0	  166.0	    0.0	 1500.0	    0.0	  200.0	    0.0	 1500.0	    0.0	  200.0	  100.0	   73.2	    0.0	    0.0	    0.0	    0.0	    4.6	  1	-1250.0	 1550.0	   73.2	    0.0	    0.0	1	  413.3	 21	    0.0	    0.0	
   72	   7.20	    0.0	 1500.0	  168.5	    0.0	 1500.0	    0.0	  200.0	    0.0	 1500.0	    0.0	  200.0	  100.0	   72.7	    0.0	    0.0	    0.0	    0.0	    4.7	  1	-1250.0	 1550.0	   72.7	    0.0	    0.0	1	  412.6	 21	    0.0	    0.0	
   73	   7.30	    0.0	 1500.0	  169.1	    0.0	 1500.0	    0.0	  200.0	    0.0	 1500.0	    0.0	  200.0	  100.0	   72.2	    0.0	    0.0	    0.0	    0.0	    4.7	  1	-1250.0	 1550.0	   72.2	    0.0	    0.0	1	  411.9	 21	    0.0	    0.0	
   74	   7.40	    0.0	 1500.0	  169.2	    0.0	 1500.0	    0.0	  200.0	    0.0	 1500.0	    0.0	  200.0	  100.0	   71.7	    0.0	    0.0	    0.0	    0.0	    4.8	  1	-1250.0	 1550.0	   71.7	    0.0	    0.0	1	  411.2	 21	    0.0	    0.0	
   75	   7.50	    0.0	 1500.0	  169.2	    0.0	 1500.0	    0.0	  200.0	    0.0	 1500.0	    0.0	  200.0	  100.0	   71.2	    0.0	    0.0	    0.0	    0.0	    4.9	  1	-1250.0	 1550.0	   71.2	    0.0	    0.0	1	  410.5	 21	    0.0	    0.0	
   76	   7.60	    0.0	 1500.0	  169.1	    0.0	 1500.0	    0.0	  200.0	    0.0	 1500.0	    0.0	  200.0	  100.0	   70.7	    0.0	    0.0	    0.0	    0.0	    4.9	  1	-1250.0	 1550.0	   70.7	    0.0	    0.0	1	  409.8	 21	    0.0	    0.0	
   77	   7.70	    0.0	 1500.0	  168.9	    0.0	 1500.0	    0.0	  200.0	    0.0	 1500.0	    0.0	  200.0	  100.0	   70.2	    0.0	    0.0	    0.0	    0.0	    5.0	  1	-1250.0	 1550.0	   70.2	    0.0	    0.0	1	  409.1	 21	    0.0	    0.0	
   78	   7.80	    0.0	 1500.0	  168.5	    0.0	 1500.0	    0.0	  200.0	    0.0	 1500.0	    0.0	  200.0	  100.0	   69.7	    0.0	    0.0	    0.0	    0.0	    5.1	  1	-1250.0	 1550.0	   69.7	    0.0	    0.0	1	  408.4	 21	    0.0	    0.0	
   79	   7.90	    0.0	 1500.0	  167.7	    0.0	 1500.0	    0.0	  200.0	    0.0	 1500.0	    0.0	  200.0	  100.0	   69.2	    0.0	    0.0	    0.0	    0.0	    5.1	  1	-1250.0	 1550.0	   69.2	    0.0	    0.0	1	  407.7	 21	    0.0	    0.0	
   80	   8.00	    0.0	 1500.0	  165.8	    0.0	 1500.0	    0.0	  200.0	    0.0	 1500.0	    0.0	  200.0	  100.0	   68.7	    0.0	    0.0	    0.0	    0.0	    5.2	  1	-1250.0	 1550.0	   68.7	    0.0	    0.0	1	  407.0	 21	    0.0	    0.0	
   81	   8.10	    0.0	 1500.0	  156.5	    0.0	 1500.0	    0.0	  200.0	    0.0	 1500.0	    0.0	  200.0	  100.0	   68.2	    0.0	    0.0	    0.0	    0.0	    5.3	  1	-1250.0	 1550.0	   68.2	    0.0	    0.0	1	  406.3	 21	    0.0	    0.0	
   82	   8.20	    0.0	 1500.0	   14.3	    0.0	 1500.0	    0.0	  200.0	    0.0	 1500.0	    0.0	  200.0	  100.0	   67.7	    0.0	    0.0	    0.0	    0.0	    5.3	  1	-1250.0	 1550.0	   67.7	    0.0	    0.0	1	  405.6	 21	    0.0	    0.0	
   83	   8.30	    0.0	 1500.0	    3.8	    0.0	 1500.0	    0.0	  200.0	    0.0	 1500.0	    0.0	  200.0	  100.0	   67.2	    0.0	    0.0	    0.0	    0.0	    5.4	  1	-1250.0	 1550.0	   67.2	    0.0	    0.0	1	  404.8	 21	    0.0	    0.0	
   84	   8.40	    0.0	 1500.0	    3.8	    0.0	 1500.0	    0.0	  200.0	    0.0	 1500.0	    0.0	  200.0	  100.0	   66.7	    0.0	    0.0	    0.0	    0.0	    5.5	  1	-1250.0	 1550.0	   66.7	    0.0	    0.0	1	  404.1	 21	    0.0	    0.0	
   85	   8.50	    0.0	 1500.0	    3.8	    0.0	 1500.0	    0.0	  200.0	    0.0	 1500.0	    0.0	  200.0	  100.0	   66.2	    0.0	    0.0	    0.0	    0.0	    5.5	  1	-1250.0	 1550.0	   66.2	    0.0	    0.0	1	  403.4	 21	    0.0	    0.0	
   86	   8.60	    0.0	 1500.0	    3.8	    0.0	 1500.0	    0.0	  200.0	    0.0	 1500.0	    0.0	  200.0	  100.0	   65.7	    0.0	    0.0	    0.0	    0.0	    5.6	  1	-1250.0	 1550.0	   65.7	    0.0	    0.0	1	  402.7	 21	    0.0	    0.0	
   87	   8.70	    0.0	 1500.0	    3.8	    0.0	 1500.0	    0.0	  200.0	    0.0	 1500.0	    0.0	  200.0	  100.0	   65.2	    0.0	    0.0	    0.0	    0.0	    5.7	  1	-1250.0	 1550.0	   65.2	    0.0	    0.0	1	  402.0	 21	    0.0	    0.0	
   88	   8.80	    0.0	 1500.0	    3.8	    0.0	 1500.0	    0.0	  200.0	    0.0	 1500.0	    0.0	  200.0	  100.0	   64.7	    0.0	    0.0	    0.0	    0.0	    5.7	  1	-1250.0	 1550.0	   64.7	    0.0	    0.0	1	  401.2	 21	    0.0	    0.0	
   89	   8.90	    0.0	 1500.0	    3.8	    0.0	 1500.0	    0.0	  200.0	    0.0	 1500.0	    0.0	  200.0	  100.0	   64.2	    0.0	    0.0	    0.0	    0.0	    5.8	  1	-1250.0	 1550.0	   64.2	    0.0	    0.0	1	  400.5	 21	    0.0	    0.0	
   90	   9.00	    0.0	 1500.0	    3.8	    0.0	 1500.0	    0.0	  200.0	    0.0	 1500.0	    0.0	  200.0	  100.0	   63.7	    0.0	    0.0	    0.0	    0.0	    5.9	  1	-1250.0	 1550.0	   63.7	    0.0	    0.0	1	  399.8	 21	    0.0	    0.0	
   91	   9.10	    0.0	 1500.0	    3.8	    0.0	 1500.0	    0.0	  200.0	    0.0	 1500.0	    0.0	  200.0	  100.0	   63.2	    0.0	    0.0	    0.0	    0.0	    5.9	  1	-1250.0	 1550.0	   63.2	    0.0	    0.0	1	  399.1	 21	    0.0	    0.0	
   92	   9.20	    0.0	 1500.0	    3.8	    0.0	 1500.0	    0.0	  200.0	    0.0	 1500.0	    0.0	  200.0	  100.0	   62.7	    0.0	    0.0	    0.0	    0.0	    6.0	  1	-1250.0	 1550.0	   62.7	    0.0	    0.0	1	  398.3	 21	    0.0	    0.0	
   93	   9.30	    0.0	 1500.0	    3.8	    0.0	 1500.0	    0.0	  200.0	    0.0	 1500.0	    0.0	  200.0	  100.0	   62.2	    0.0	    0.0	    0.0	    0.0	    6.1	  1	-1250.0	 1550.0	   62.2	    0.0	    0.0	1	  397.6	 21	    0.0	    0.0	
   94	   9.40	    0.0	 1500.0	    3.8	    0.0	 1500.0	    0.0	  200.0	    0.0	 1500.0	    0.0	  200.0	  100.0	   61.7	    0.0	    0.0	    0.0	    0.0	    6.1	  1	-1250.0	 1550.0	   61.7	    0.0	    0.0	1	  396.9	 21	    0.0	    0.0	
   95	   9.50	    0.0	 1500.0	    3.8	    0.0	 1500.0	    0.0	  200.0	    0.0	 1500.0	    0.0	  200.0	  100.0	   61.2	    0.0	    0.0	    0.0	    0.0	    6.2	  1	-1250.0	 1550.0	   61.2	    0.0	    0.0	1	  396.2	 21	    0.0	    0.0	
   96	   9.60	    0.0	 1500.0	    3.8	    0.0	 1500.0	    0.0	  200.0	    0.0	 1500.0	    0.0	  200.0	  100.0	   60.7	    0.0	    0.0	    0.0	    0.0	    6.3	  1	-1250.0	 1550.0	   60.7	    0.0	    0.0	1	  395.4	 21	    0.0	    0.0	
   97	   9.70	    0.0	 1500.0	    3.8	    0.0	 1500.0	    0.0	  200.0	    0.0	 1500.0	    0.0	  200.0	  100.0	   60.2	    0.0	    0.0	    0.0	    0.0	    6.3	  1	-1250.0	 1550.0	   60.2	    0.0	    0.0	1	  394.7	 21	    0.0	    0.0	
   98	   9.80	    0.0	 1500.0	    3.8	    0.0	 1500.0	    0.0	  200.0	    0.0	 1500.0	    0.0	  200.0	  100.0	   59.7	    0.0	    0.0	    0.0	    0.0	    6.4	  1	-1250.0	 1550.0	   59.7	    0.0	    0.0	1	  394.0	 21	    0.0	    0.0	
   99	   9.90	    0.0	 1500.0	    3.9	    0.0	 1500.0	    0.0	  200.0	    0.0	 1500.0	    0.0	  200.0	  100.0	   59.2	    0.0	    0.0	    0.0	    0.0	    6.5	  1	-1250.0	 1550.0	   59.2	    0.0	    0.0	1	  393.2	 21	    0.0	    0.0	
  100	  10.00	    0.0	 1500.0	    3.9	    0.0	 1500.0	    0.0	  200.0	    0.0	 1500.0	    0.0	  200.0	  100.0	   58.7	    0.0	    0.0	    0.0	    0.0	    6.5	  1	-1250.0	 1550.0	   58.7	    0.0	    0.0	1	  392.5	 21	    0.0	    0.0	
  101	  10.10	    0.0	 1500.0	    3.9	    0.0	 1500.0	    0.0	  200.0	    0.0	 1500.0	    0.0	  200.0	  100.0	   58.2	    0.0	    0.0	    0.0	    0.0	    6.6	  1	-1250.0	 1550.0	   58.2	    0.0	    0.0	1	  391.8	 21	    0.0	    0.0	
  102	  10.20	    0.0	 1500.0	    3.9	    0.0	 1500.0	    0.0	  200.0	    0.0	 1500.0	    0.0	  200.0	  100.0	   57.7	    0.0	    0.0	    0.0	    0.0	    6.7	  1	-1250.0	 1550.0	   57.7	    0.0	    0.0	1	  391.0	 21	    0.0	    0.0	
  103	  10.30	    0.0	 1500.0	    4.0	    0.0	 1500.0	    0.0	  200.0	    0.0	 1500.0	    0.0	  200.0	  100.0	   57.2	    0.0	    0.0	    0.0	    0.0	    6.8	  1	-1250.0	 1550.0	   57.2	    0.0	    0.0	1	  390.3	 21	    0.0	    0.0	
  104	  10.40	    0.0	 1500.0	    4.1	    0.0	 1500.0	    0.0	  200.0	    0.0	 1500.0	    0.0	  200.0	  100.0	   56.7	    0.0	    0.0	    0.0	    0.0	    6.8	  1	-1250.0	 1550.0	   56.7	    0.0	    0.0	1	  389.5	 21	    0.0	    0.0	
  105	  10.50	    0.0	 1500.0	    4.1	    0.0	 1500.0	    0.0	  200.0	    0.0	 1500.0	    0.0	  200.0	  100.0	   56.2	    0.0	    0.0	    0.0	    0.0	    6.9	  1	-1250.0	 1550.0	   56.2	    0.0	    0.0	1	  388.8	 21	    0.0	    0.0	
  106	  10.60	    0.0	 1500.0	    4.2	    0.0	 1500.0	    0.0	  200.0	    0.0	 1500.0	    0.0	  200.0	  100.0	   55.7	    0.0	    0.0	    0.0	    0.0	    7.0	  1	-1250.0	 1550.0	   55.7	    0.0	    0.0	1	  388.0	 21	    0.0	    0.0	
  107	  10.70	    0.0	 1500.0	    4.4	    0.0	 1500.0	    0.0	  200.0	    0.0	 1500.0	    0.0	  200.0	  100.0	   55.2	    0.0	    0.0	    0.0	    0.0	    7.0	  1	-1250.0	 1550.0	   55.2	    0.0	    0.0	1	  387.3	 21	    0.0	    0.0	
  108	  10.80	    0.0	 1500.0	    4.5	    0.0	 1500.0	    0.0	  200.0	    0.0	 1500.0	    0.0	  200.0	  100.0	   54.7	    0.0	    0.0	    0.0	    0.0	    7.1	  1	-1250.0	 1550.0	   54.7	    0.0	    0.0	1	  386.6	 21	    0.0	    0.0	
  109	  10.90	    0.0	 1500.0	    4.7	    0.0	 1500.0	    0.0	  200.0	    0.0	 1500.0	    0.0	  200.0	  100.0	   54.2	    0.0	    0.0	    0.0	    0.0	    7.2	  1	-1250.0	 1550.0	   54.2	    0.0	    0.0	1	  385.8	 21	    0.0	    0.0	
  110	  11.00	    0.0	 1500.0	    5.0	    0.0	 1500.0	    0.0	  200.0	    0.0	 1500.0	    0.0	  200.0	  100.0	   53.7	    0.0	    0.0	    0.0	    0.0	    7.2	  1	-1250.0	 1550.0	   53.7	    0.0	    0.0	1	  385.1	 21	    0.0	    0.0	
  111	  11.10	    0.0	 1500.0	    5.4	    0.0	 1500.0	    0.0	  200.0	    0.0	 1500.0	    0.0	  200.0	  100.0	   53.2	    0.0	    0.0	    0.0	    0.0	    7.3	  1	-1250.0	 1550.0	   53.2	    0.0	    0.0	1	  384.3	 21	    0.0	    0.0	
  112	  11.20	    0.0	 1500.0	    5.9	    0.0	 1500.0	    0.0	  200.0	    0.0	 1500.0	    0.0	  200.0	  100.0	   52.7	    0.0	    0.0	    0.0	    0.0	    7.4	  1	-1250.0	 1550.0	   52.7	    0.0	    0.0	1	  383.6	 21	    0.0	    0.0	
  113	  11.30	    0.0	 1500.0	    6.4	    0.0	 1500.0	    0.0	  200.0	    0.0	 1500.0	    0.0	  200.0	  100.0	   52.2	    0.0	    0.0	    0.0	    0.0	    7.4	  1	-1250.0	 1550.0	   52.2	    0.0	    0.0	1	  382.8	 21	    0.0	    0.0	
  114	  11.40	    0.0	 1500.0	    7.2	    0.0	 1500.0	    0.0	  200.0	    0.0	 1500.0	    0.0	  200.0	  100.0	   51.7	    0.0	    0.0	    0.0	    0.0	    7.5	  1	-1250.0	 1550.0	   51.7	    0.0	    0.0	1	  382.1	 21	    0.0	    0.0	
  115	  11.50	    0.0	 1500.0	    8.1	    0.0	 1500.0	    0.0	  200.0	    0.0	 1500.0	    0.0	  200.0	  100.0	   51.2	    0.0	    0.0	    0.0	    0.0	    7.6	  1	-1250.0	 1550.0	   51.2	    0.0	    0.0	1	  381.3	 21	    0.0	    0.0	
  116	  11.60	    0.0	 1500.0	    9.3	    0.0	 1500.0	    0.0	  200.0	    0.0	 1500.0	    0.0	  200.0	  100.0	   50.7	    0.0	    0.0	    0.0	    0.0	    7.6	  1	-1250.0	 1550.0	   50.7	    0.0	    0.0	1	  380.5	 21	    0.0	    0.0	
  117	  11.70	    0.0	 1500.0	   10.8	    0.0	 1500.0	    0.0	  200.0	    0.0	 1500.0	    0.0	  200.0	  100.0	   50.2	    0.0	    0.0	    0.0	    0.0	    7.7	  1	-1250.0	 1550.0	   50.2	    0.0	    0.0	1	  379.8	 21	    0.0	    0.0	
  118	  11.80	    0.0	 1500.0	   12.9	    0.0	 1500.0	    0.0	  200.0	    0.0	 1500.0	    0.0	  200.0	  100.0	   49.7	    0.0	    0.0	    0.0	    0.0	    7.8	  1	-1250.0	 1550.0	   49.7	    0.0	    0.0	1	  379.0	 21	    0.0	    0.0	
  119	  11.90	    0.0	 1500.0	   15.5	    0.0	 1500.0	    0.0	  200.0	    0.0	 1500.0	    0.0	  200.0	  100.0	   49.2	    0.0	    0.0	    0.0	    0.0	    7.8	  1	-1250.0	 1550.0	   49.2	    0.0	    0.0	1	  378.3	 21	    0.0	    0.0	
  120	  12.00	    0.0	 1500.0	   18.7	    0.0	 1500.0	    0.0	  200.0	    0.0	 1500.0	    0.0	  200.0	  100.0	   48.7	    0.0	    0.0	    0.0	    0.0	    7.9	  1	-1250.0	 1550.0	   48.7	    0.0	    0.0	1	  377.5	 21	    0.0	    0.0	
  121	  12.10	    0.0	 1500.0	   22.9	    0.0	 1500.0	    0.0	  200.0	    0.0	 1500.0	    0.0	  200.0	  100.0	   48.2	    0.0	    0.0	    0.0	    0.0	    8.0	  1	-1250.0	 1550.0	   48.2	    0.0	    0.0	1	  376.7	 21	    0.0	    0.0	
  122	  12.20	    0.0	 1500.0	   27.9	    0.0	 1500.0	    0.0	  200.0	    0.0	 1500.0	    0.0	  200.0	  100.0	   47.7	    0.0	    0.0	    0.0	    0.0	    8.0	  1	-1250.0	 1550.0	   47.7	    0.0	    0.0	1	  376.0	 21	    0.0	    0.0	
  123	  12.30	    0.0	 1500.0	   33.9	    0.0	 1500.0	    0.0	  200.0	    0.0	 1500.0	    0.0	  200.0	  100.0	   47.2	    0.0	    0.0	    0.0	    0.0	    8.1	  1	-1250.0	 1550.0	   47.2	    0.0	    0.0	1	  375.2	 21	    0.0	    0.0	
  124	  12.40	    0.0	 1500.0	   40.7	    0.0	 1500.0	    0.0	  200.0	    0.0	 1500.0	    0.0	  200.0	  100.0	   46.7	    0.0	    0.0	    0.0	    0.0	    8.2	  1	-1250.0	 1550.0	   46.7	    0.0	    0.0	1	  374.5	 21	    0.0	    0.0	
  125	  12.50	    0.0	 1500.0	   47.4	    0.0	 1500.0	    0.0	  200.0	    0.0	 1500.0	    0.0	  200.0	  100.0	   46.2	    0.0	    0.0	    0.0	    0.0	    8.2	  1	-1250.0	 1550.0	   46.2	    0.0	    0.0	1	  373.7	 21	    0.0	    0.0	
  126	  12.60	    0.0	 1500.0	   54.2	    0.0	 1500.0	    0.0	  200.0	    0.0	 1500.0	    0.0	  200.0	  100.0	   45.7	    0.0	    0.0	    0.0	    0.0	    8.3	  1	-1250.0	 1550.0	   45.7	    0.0	    0.0	1	  372.9	 21	    0.0	    0.0	
  127	  12.70	    0.0	 1500.0	   60.7	    0.0	 1500.0	    0.0	  200.0	    0.0	 1500.0	    0.0	  200.0	  100.0	   45.2	    0.0	    0.0	    0.0	    0.0	    8.4	  1	-1250.0	 1550.0	   45.2	    0.0	    0.0	1	  372.2	 21	    0.0	    0.0	
  128	  12.80	    0.0	 1500.0	   66.8	    0.0	 1500.0	    0.0	  200.0	    0.0	 1500.0	    0.0	  200.0	  100.0	   44.7	    0.0	    0.0	    0.0	    0.0	    8.4	  1	-1250.0	 1550.0	   44.7	    0.0	    0.0	1	  371.4	 21	    0.0	    0.0	
  129	  12.90	    0.0	 1500.0	   72.0	    0.0	 1500.0	    0.0	  200.0	    0.0	 1500.0	    0.0	  200.0	  100.0	   44.2	    0.0	    0.0	    0.0	    0.0	    8.5	  1	-1250.0	 1550.0	   44.2	    0.0	    0.0	1	  370.6	 21	    0.0	    0.0	
  130	  13.00	    0.0	 1500.0	   76.5	    0.0	 1500.0	    0.0	  200.0	    0.0	 1500.0	    0.0	  200.0	  100.0	   43.7	    0.0	    0.0	    0.0	    0.0	    8.6	  1	-1250.0	 1550.0	   43.7	    0.0	    0.0	1	  369.9	 21	    0.0	    0.0	
  131	  13.10	    0.0	 1500.0	   80.1	    0.0	 1500.0	    0.0	  200.0	    0.0	 1500.0	    0.0	  200.0	  100.0	   43.2	    0.0	    0.0	    0.0	    0.0	    8.6	  1	-1250.0	 1550.0	   43.2	    0.0	    0.0	1	  369.1	 21	    0.0	    0.0	
  132	  13.20	    0.0	 1500.0	   83.0	    0.0	 1500.0	    0.0	  200.0	    0.0	 1500.0	    0.0	  200.0	  100.0	   42.7	    0.0	    0.0	    0.0	    0.0	    8.7	  1	-1250.0	 1550.0	   42.7	    0.0	    0.0	1	  368.3	 21	    0.0	    0.0	
  133	  13.30	    0.0	 1500.0	   85.2	    0.0	 1500.0	    0.0	  200.0	    0.0	 1500.0	    0.0	  200.0	  100.0	   42.2	    0.0	    0.0	    0.0	    0.0	    8.8	  1	-1250.0	 1550.0	   42.2	    0.0	    0.0	1	  367.5	 21	    0.0	    0.0	
  134	  13.40	    0.0	 1500.0	 -177.0	    0.0	 1500.0	    0.0	  200.0	    0.0	 1500.0	    0.0	  200.0	  100.0	   41.7	    0.0	    0.0	    0.0	    0.0	    8.9	  1	-1250.0	 1550.0	   41.7	    0.0	    0.0	1	  366.8	 21	    0.0	    0.0	
  135	  13.50	    0.0	 1500.0	 -177.0	    0.0	 1500.0	    0.0	  200.0	    0.0	 1500.0	    0.0	  200.0	  100.0	   41.2	    0.0	    0.0	    0.0	    0.0	    8.9	  1	-1250.0	 1550.0	   41.2	    0.0	    0.0	1	  366.0	 21	    0.0	    0.0	
  136	  13.60	    0.0	 1500.0	 -177.0	    0.0	 1500.0	    0.0	  200.0	    0.0	 1500.0	    0.0	  200.0	  100.0	   40.7	    0.0	    0.0	    0.0	    0.0	    9.0	  1	-1250.0	 1550.0	   40.7	    0.0	    0.0	1	  365.2	 21	    0.0	    0.0	
  137	  13.70	    0.0	 1500.0	 -177.0	    0.0	 1500.0	    0.0	  200.0	    0.0	 1500.0	    0.0	  200.0	  100.0	   40.2	    0.0	    0.0	    0.0	    0.0	    9.1	  1	-1250.0	 1550.0	   40.2	    0.0	    0.0	1	  364.4	 21	    0.0	    0.0	
  138	  13.80	    0.0	 1500.0	 -177.0	    0.0	 1500.0	    0.0	  200.0	    0.0	 1500.0	    0.0	  200.0	  100.0	   39.7	    0.0	    0.0	    0.0	    0.0	    9.1	  1	-1250.0	 1550.0	   39.7	    0.0	    0.0	1	  363.7	 21	    0.0	    0.0	
  139	  13.90	    0.0	 1500.0	 -177.0	    0.0	 1500.0	    0.0	  200.0	    0.0	 1500.0	    0.0	  200.0	  100.0	   39.2	    0.0	    0.0	    0.0	    0.0	    9.2	  1	-1250.0	 1550.0	   39.2	    0.0	    0.0	1	  362.9	 21	    0.0	    0.0	
  140	  14.00	    0.0	 1500.0	 -177.0	    0.0	 1500.0	    0.0	  200.0	    0.0	 1500.0	    0.0	  200.0	  100.0	   38.7	    0.0	    0.0	    0.0	    0.0	    9.3	  1	-1250.0	 1550.0	   38.7	    0.0	    0.0	1	  362.1	 21	    0.0	    0.0	
  141	  14.10	    0.0	 1500.0	 -177.0	    0.0	 1500.0	    0.0	  200.0	    0.0	 1500.0	    0.0	  200.0	  100.0	   38.2	    0.0	    0.0	    0.0	    0.0	    9.3	  1	-1250.0	 1550.0	   38.2	    0.0	    0.0	1	  361.3	 21	    0.0	    0.0	
  142	  14.20	    0.0	 1500.0	 -177.0	    0.0	 1500.0	    0.0	  200.0	    0.0	 1500.0	    0.0	  200.0	  100.0	   37.7	    0.0	    0.0	    0.0	    0.0	    9.4	  1	-1250.0	 1550.0	   37.7	    0.0	    0.0	1	  360.5	 21	    0.0	    0.0	
  143	  14.30	    0.0	 1500.0	 -177.0	    0.0	 1500.0	    0.0	  200.0	    0.0	 1500.0	    0.0	  200.0	  100.0	   37.2	    0.0	    0.0	    0.0	    0.0	    9.5	  1	-1250.0	 1550.0	   37.2	    0.0	    0.0	1	  359.8	 21	    0.0	    0.0	
  144	  14.40	    0.0	 1500.0	 -177.0	    0.0	 1500.0	    0.0	  200.0	    0.0	 1500.0	    0.0	  200.0	  100.0	   36.7	    0.0	    0.0	    0.0	    0.0	    9.5	  1	-1250.0	 1550.0	   36.7	    0.0	    0.0	1	  359.0	 21	    0.0	    0.0	
  145	  14.50	    0.0	 1500.0	 -177.1	    0.0	 1500.0	    0.0	  200.0	    0.0	 1500.0	    0.0	  200.0	  100.0	   36.2	    0.0	    0.0	    0.0	    0.0	    9.6	  1	-1250.0	 1550.0	   36.2	    0.0	    0.0	1	  358.2	 21	    0.0	    0.0	
  146	  14.60	    0.0	 1500.0	 -177.1	    0.0	 1500.0	    0.0	  200.0	    0.0	 1500.0	    0.0	  200.0	  100.0	   35.7	    0.0	    0.0	    0.0	    0.0	    9.7	  1	-1250.0	 1550.0	   35.7	    0.0	    0.0	1	  357.4	 21	    0.0	    0.0	
  147	  14.70	    0.0	 1500.0	 -177.1	    0.0	 1500.0	    0.0	  200.0	    0.0	 1500.0	    0.0	  200.0	  100.0	   35.2	    0.0	    0.0	    0.0	    0.0	    9.7	  1	-1250.0	 1550.0	   35.2	    0.0	    0.0	1	  356.6	 21	 1398.6	   19.9	
  148	  14.80	    0.0	 1500.0	 -177.2	    0.0	 1500.0	    0.0	  200.0	    0.0	 1500.0	    0.0	  200.0	  100.0	   34.7	    0.0	    0.0	    0.0	    0.0	    9.8	  1	-1250.0	 1550.0	   34.7	    0.0	    0.0	1	  355.8	 21	 1396.5	   19.6	
  149	  14.90	    0.0	 1500.0	 -177.2	    0.0	 1500.0	    0.0	  200.0	    0.0	 1500.0	    0.0	  200.0	  100.0	   34.2	    0.0	    0.0	    0.0	    0.0	    9.9	  1	-1250.0	 1550.0	   34.2	    0.0	    0.0	1	  355.1	 21	 1394.3	   19.4	
  150	  15.00	    0.0	 1500.0	 -177.4	    0.0	 1500.0	    0.0	  200.0	    0.0	 1500.0	    0.0	  200.0	  100.0	   33.7	    0.0	    0.0	    0.0	    0.0	    9.9	  1	-1250.0	 1550.0	   33.7	    0.0	    0.0	1	  354.3	 21	 1392.1	   19.2	
  151	  15.10	    0.0	 1500.0	  179.8	    0.0	 1500.0	    0.0	  200.0	    0.0	 1500.0	    0.0	  200.0	  100.0	   33.2	    0.0	    0.0	    0.0	    0.0	   10.0	  1	-1250.0	 1550.0	   33.2	    0.0	    0.0	1	  353.5	 21	 1390.0	   19.0	
  152	  15.20	    0.0	 1500.0	    3.1	    0.0	 1500.0	    0.0	  200.0	    0.0	 1500.0	    0.0	  200.0	  100.0	   32.7	    0.0	    0.0	    0.0	    0.0	   10.1	  1	-1250.0	 1550.0	   32.7	    0.0	    0.0	1	  352.7	 21	 1387.8	   18.8	
  153	  15.30	    0.0	 1500.0	    3.0	    0.0	 1500.0	    0.0	  200.0	    0.0	 1500.0	    0.0	  200.0	  100.0	   32.2	    0.0	    0.0	    0.0	    0.0	   10.1	  1	-1250.0	 1550.0	   32.2	    0.0	    0.0	1	  351.9	 21	 1385.6	   18.6	
  154	  15.40	    0.0	 1500.0	    3.0	    0.0	 1500.0	    0.0	  200.0	    0.0	 1500.0	    0.0	  200.0	  100.0	   31.7	    0.0	    0.0	    0.0	    0.0	   10.2	  1	-1250.0	 1550.0	   31.7	    0.0	    0.0	1	  351.1	 21	 1383.5	   18.3	
  155	  15.50	    0.0	 1500.0	    3.0	    0.0	 1500.0	    0.0	  200.0	    0.0	 1500.0	    0.0	  200.0	  100.0	   31.2	    0.0	    0.0	    0.0	    0.0	   10.3	  1	-1250.0	 1550.0	   31.2	    0.0	    0.0	1	  350.3	 21	 1381.3	   18.1	
  156	  15.60	    0.0	 1500.0	    3.0	    0.0	 1500.0	    0.0	  200.0	    0.0	 1500.0	    0.0	  200.0	  100.0	   30.7	    0.0	    0.0	    0.0	    0.0	   10.3	  1	-1250.0	 1550.0	   30.7	    0.0	    0.0	1	  349.5	 21	 1379.1	   17.9	
  157	  15.70	    0.0	 1500.0	    3.0	    0.0	 1500.0	    0.0	  200.0	    0.0	 1500.0	    0.0	  200.0	  100.0	   30.2	    0.0	    0.0	    0.0	    0.0	   10.4	  1	-1250.0	 1550.0	   30.2	    0.0	    0.0	1	  348.7	 21	 1377.0	   17.7	
  158	  15.80	    0.0	 1500.0	    3.0	    0.0	 1500.0	    0.0	  200.0	    0.0	 1500.0	    0.0	  200.0	  100.0	   29.7	    0.0	    0.0	    0.0	    0.0	   10.5	  1	-1250.0	 1550.0	   29.7	    0.0	    0.0	1	  347.9	 21	 1374.8	   17.5	
  159	  15.90	    0.0	 1500.0	    3.0	    0.0	 1500.0	    0.0	  200.0	    0.0	 1500.0	    0.0	  200.0	  100.0	   29.2	    0.0	    0.0	    0.0	    0.0	   10.5	  1	-1250.0	 1550.0	   29.2	    0.0	    0.0	1	  347.1	 21	 1372.6	   17.3	
  160	  16.00	    0.0	 1500.0	    3.0	    0.0	 1500.0	    0.0	  200.0	    0.0	 1500.0	    0.0	  200.0	  100.0	   28.7	    0.0	    0.0	    0.0	    0.0	   10.6	  1	-1250.0	 1550.0	   28.7	    0.0	    0.0	1	  346.3	 21	 1370.5	   17.0	
  161	  16.10	    0.0	 1500.0	    3.0	    0.0	 1500.0	    0.0	  200.0	    0.0	 1500.0	    0.0	  200.0	  100.0	   28.2	    0.0	    0.0	    0.0	    0.0	   10.7	  1	-1250.0	 1550.0	   28.2	    0.0	    0.0	1	  345.5	 21	 1368.3	   16.8	
  162	  16.20	    0.0	 1500.0	    3.0	    0.0	 1500.0	    0.0	  200.0	    0.0	 1500.0	    0.0	  200.0	  100.0	   27.7	    0.0	    0.0	    0.0	    0.0	   10.8	  1	-1250.0	 1550.0	   27.7	    0.0	    0.0	1	  344.8	 21	 1366.1	   16.6	
  163	  16.30	    0.0	 1500.0	    3.0	    0.0	 1500.0	    0.0	  200.0	    0.0	 1500.0	    0.0	  200.0	  100.0	   27.2	    0.0	    0.0	    0.0	    0.0	   10.8	  1	-1250.0	 1550.0	   27.2	    0.0	    0.0	1	  344.0	 21	 1363.9	   16.4	
  164	  16.40	    0.0	 1500.0	    3.0	    0.0	 1500.0	    0.0	  200.0	    0.0	 1500.0	    0.0	  200.0	  100.0	   26.7	    0.0	    0.0	    0.0	    0.0	   10.9	  1	-1250.0	 1550.0	   26.7	    0.0	    0.0	1	  343.2	 21	 1361.8	   16.2	
  165	  16.50	    0.0	 1500.0	    3.0	    0.0	 1500.0	    0.0	  200.0	    0.0	 1500.0	    0.0	  200.0	  100.0	   26.2	    0.0	    0.0	    0.0	    0.0	   11.0	  1	-1250.0	 1550.0	   26.2	    0.0	    0.0	1	  342.4	 21	 1359.6	   16.0	
  166	  16.60	    0.0	 1500.0	    3.0	    0.0	 1500.0	    0.0	  200.0	    0.0	 1500.0	    0.0	  200.0	  100.0	   25.7	    0.0	    0.0	    0.0	    0.0	   11.0	  1	-1250.0	 1550.0	   25.7	    0.0	    0.0	1	  341.6	 21	 1357.4	   15.7	
  167	  16.70	    0.0	 1500.0	    3.0	    0.0	 1500.0	    0.0	  200.0	    0.0	 1500.0	    0.0	  200.0	  100.0	   25.2	    0.0	    0.0	    0.0	    0.0	   11.1	  1	-1250.0	 1550.0	   25.2	    0.0	    0.0	1	  340.8	 21	 1355.3	   15.5	
  168	  16.80	    0.0	 1500.0	    3.0	    0.0	 1500.0	    0.0	  200.0	    0.0	 1500.0	    0.0	  200.0	  100.0	   24.7	    0.0	    0.0	    0.0	    0.0	   11.2	  1	-1250.0	 1550.0	   24.7	    0.0	    0.0	1	  340.0	 21	 1353.1	   15.3	
  169	  16.90	    0.0	 1500.0	    3.0	    0.0	 1500.0	    0.0	  200.0	    0.0	 1500.0	    0.0	  200.0	  100.0	   24.2	    0.0	    0.0	    0.0	    0.0	   11.2	  1	-1250.0	 1550.0	   24.2	    0.0	    0.0	1	  339.2	 21	 1350.9	   15.1	
  170	  17.00	    0.0	 1500.0	    3.1	    0.0	 1500.0	    0.0	  200.0	    0.0	 1500.0	    0.0	  200.0	  100.0	   23.7	    0.0	    0.0	    0.0	    0.0	   11.3	  1	-1250.0	 1550.0	   23.7	    0.0	    0.0	1	  338.4	 21	 1348.8	   14.9	
  171	  17.10	    0.0	 1500.0	    3.1	    0.0	 1500.0	    0.0	  200.0	    0.0	 1500.0	    0.0	  200.0	  100.0	   23.2	    0.0	    0.0	    0.0	    0.0	   11.4	  1	-1250.0	 1550.0	   23.2	    0.0	    0.0	1	  337.6	 21	 1346.6	   14.7	
  172	  17.20	    0.0	 1500.0	    3.1	    0.0	 1500.0	    0.0	  200.0	    0.0	 1500.0	    0.0	  200.0	  100.0	   22.7	    0.0	    0.0	    0.0	    0.0	   11.4	  1	-1250.0	 1550.0	   22.7	    0.0	    0.0	1	  336.8	 21	 1344.4	   14.4	
  173	  17.30	    0.0	 1500.0	    3.1	    0.0	 1500.0	    0.0	  200.0	    0.0	 1500.0	    0.0	  200.0	  100.0	   22.2	    0.0	    0.0	    0.0	    0.0	   11.5	  1	-1250.0	 1550.0	   22.2	    0.0	    0.0	1	  336.0	 21	 1342.3	   14.2	
  174	  17.40	    0.0	 1500.0	    3.2	    0.0	 1500.0	    0.0	  200.0	    0.0	 1500.0	    0.0	  200.0	  100.0	   21.7	    0.0	    0.0	    0.0	    0.0	   11.6	  1	-1250.0	 1550.0	   21.7	    0.0	    0.0	1	  335.2	 21	 1340.1	   14.0	
  175	  17.50	    0.0	 1500.0	    3.2	    0.0	 1500.0	    0.0	  200.0	    0.0	 1500.0	    0.0	  200.0	  100.0	   21.2	    0.0	    0.0	    0.0	    0.0	   11.6	  1	-1250.0	 1550.0	   21.2	    0.0	    0.0	1	  334.3	 21	 1337.9	   13.8	
  176	  17.60	    0.0	 1500.0	    3.3	    0.0	 1500.0	    0.0	  200.0	    0.0	 1500.0	    0.0	  200.0	  100.0	   20.7	    0.0	    0.0	    0.0	    0.0	   11.7	  1	-1250.0	 1550.0	   20.7	    0.0	    0.0	1	  333.5	 21	 1335.8	   13.6	
  177	  17.70	    0.0	 1500.0	    3.4	    0.0	 1500.0	    0.0	  200.0	    0.0	 1500.0	    0.0	  200.0	  100.0	   20.2	    0.0	    0.0	    0.0	    0.0	   11.8	  1	-1250.0	 1550.0	   20.2	    0.0	    0.0	1	  332.7	 21	 1333.6	   13.4	
  178	  17.80	    0.0	 1500.0	    3.5	    0.0	 1500.0	    0.0	  200.0	    0.0	 1500.0	    0.0	  200.0	  100.0	   19.7	    0.0	    0.0	    0.0	    0.0	   11.8	  1	-1250.0	 1550.0	   19.7	    0.0	    0.0	1	  331.9	 21	 1331.4	   13.1	
  179	  17.90	    0.0	 1500.0	    3.6	    0.0	 1500.0	    0.0	  200.0	    0.0	 1500.0	    0.0	  200.0	  100.0	   19.2	    0.0	    0.0	    0.0	    0.0	   11.9	  1	-1250.0	 1550.0	   19.2	    0.0	    0.0	1	  331.1	 21	 1329.3	   12.9	
  180	  18.00	    0.0	 1500.0	    3.8	    0.0	 1500.0	    0.0	  200.0	    0.0	 1500.0	    0.0	  200.0	  100.0	   18.7	    0.0	    0.0	    0.0	    0.0	   12.0	  1	-1250.0	 1550.0	   18.7	    0.0	    0.0	1	  330.3	 21	 1327.1	   12.7	
  181	  18.10	    0.0	 1500.0	    4.1	    0.0	 1500.0	    0.0	  200.0	    0.0	 1500.0	    0.0	  200.0	  100.0	   18.2	    0.0	    0.0	    0.0	    0.0	   12.0	  1	-1250.0	 1550.0	   18.2	    0.0	    0.0	1	  329.5	 21	 1324.9	   12.5	
  182	  18.20	    0.0	 1500.0	    4.4	    0.0	 1500.0	    0.0	  200.0	    0.0	 1500.0	    0.0	  200.0	  100.0	   17.7	    0.0	    0.0	    0.0	    0.0	   12.1	  1	-1250.0	 1550.0	   17.7	    0.0	    0.0	1	  328.7	 21	 1322.8	   12.3	
  183	  18.30	    0.0	 1500.0	    4.8	    0.0	 1500.0	    0.0	  200.0	    0.0	 1500.0	    0.0	  200.0	  100.0	   17.2	    0.0	    0.0	    0.0	    0.0	   12.2	  1	-1250.0	 1550.0	   17.2	    0.0	    0.0	1	  327.9	 21	 1320.6	   12.1	
  184	  18.40	    0.0	 1500.0	    5.2	    0.0	 1500.0	    0.0	  200.0	    0.0	 1500.0	    0.0	  200.0	  100.0	   16.7	    0.0	    0.0	    0.0	    0.0	   12.2	  1	-1250.0	 1550.0	   16.7	    0.0	    0.0	1	  327.1	 21	 1318.5	   11.8	
  185	  18.50	    0.0	 1500.0	    5.9	    0.0	 1500.0	    0.0	  200.0	    0.0	 1500.0	    0.0	  200.0	  100.0	   16.2	    0.0	    0.0	    0.0	    0.0	   12.3	  1	-1250.0	 1550.0	   16.2	    0.0	    0.0	1	  326.3	 21	 1316.3	   11.6	
  186	  18.60	    0.0	 1500.0	    6.6	    0.0	 1500.0	    0.0	  200.0	    0.0	 1500.0	    0.0	  200.0	  100.0	   15.7	    0.0	    0.0	    0.0	    0.0	   12.4	  1	-1250.0	 1550.0	   15.7	    0.0	    0.0	1	  325.5	 21	 1314.1	   11.4	
  187	  18.70	  151.9	 1371.7	    7.7	    0.0	 1500.0	    0.0	  200.0	    0.0	 1500.0	    0.0	  200.0	  100.0	   15.2	    0.0	    0.0	    0.0	    0.0	   12.4	  1	  950.0	  650.0	   15.2	    0.0	    0.0	1	  330.5	 21	 1311.4	   11.1	
  188	  18.80	  151.9	 1371.7	  -32.5	    0.0	 1500.0	    0.0	  200.0	    0.0	 1500.0	    0.0	  200.0	  100.0	   14.7	    0.0	    0.0	    0.0	    0.0	   12.5	  1	  950.0	  650.0	   14.7	    0.0	    0.0	1	  329.5	 21	 1309.2	   10.9	
  189	  18.90	  151.9	 1371.7	  -34.1	    0.0	 1500.0	    0.0	  200.0	    0.0	 1500.0	    0.0	  200.0	  100.0	   14.2	    0.0	    0.0	    0.0	    0.0	   12.5	  1	  950.0	  650.0	   14.2	    0.0	    0.0	1	  328.5	 21	 1307.1	   10.7	
  190	  19.00	  151.9	 1371.7	  -34.2	  940.5	 1406.0	    0.0	  200.0	    0.0	 1500.0	    0.0	  200.0	  100.0	   28.6	    0.0	    0.0	    0.0	    0.1	   12.6	  1	 1650.0	 1150.0	   28.6	    0.0	    0.1	1	  367.4	 21	 1212.8	 -187.2	
  191	  19.10	  151.9	 1371.7	  -37.5	  940.5	 1406.0	    0.0	  200.0	    0.0	 1500.0	    0.0	  200.0	  100.0	   28.2	    0.0	    0.0	    0.0	    0.3	   12.6	  1	  950.0	  650.0	   28.2	    0.0	    0.3	1	  302.5	 21	 1351.5	   15.1	
  192	  19.20	  151.9	 1371.7	  -36.3	  940.5	 1406.0	    0.0	  200.0	    0.0	 1500.0	    0.0	  200.0	  100.0	   27.8	    0.0	    0.0	    0.0	    0.4	   12.6	  1	  950.0	  650.0	   27.8	    0.0	    0.4	1	  302.7	 21	 1350.4	   15.0	
  193	  19.30	  151.9	 1371.7	  -36.2	  946.3	 1407.8	    0.0	  200.0	    0.0	 1500.0	    0.0	  200.0	  100.0	   27.3	    0.0	    0.0	    0.0	    0.6	   12.7	  1	  950.0	  650.0	   27.3	    0.0	    0.6	1	  303.3	 21	 1349.2	   14.9	
  194	  19.40	  151.9	 1371.7	  -36.0	  946.3	 1407.8	    0.0	  200.0	    0.0	 1500.0	    0.0	  200.0	  100.0	   26.9	    0.0	    0.0	    0.0	    0.8	   12.7	  1	  950.0	  650.0	   26.9	    0.0	    0.8	1	  303.6	 21	 1348.3	   14.8	
  195	  19.50	  151.9	 1371.7	  -36.0	  946.3	 1407.8	    0.0	  200.0	    0.0	 1500.0	    0.0	  200.0	  100.0	   26.5	    0.0	    0.0	    0.0	    0.9	   12.8	  1	  950.0	  650.0	   26.5	    0.0	    0.9	1	  303.9	 21	 1347.3	   14.7	
  196	  19.60	  151.9	 1371.7	  -36.1	  946.3	 1407.8	    0.0	  200.0	    0.0	 1500.0	    0.0	  200.0	  100.0	   26.1	    0.0	    0.0	    0.0	    1.1	   12.8	  1	  950.0	  650.0	   26.1	    0.0	    1.1	1	  304.2	 21	 1346.4	   14.6	
  197	  19.70	  151.9	 1371.7	  -36.2	  946.3	 1407.8	    0.0	  200.0	    0.0	 1500.0	    0.0	  200.0	  100.0	   25.6	    0.0	    0.0	    0.0	    1.2	   12.9	  1	  950.0	  650.0	   25.6	    0.0	    1.2	1	  304.5	 21	 1345.6	   14.6	
  198	  19.80	  151.9	 1371.7	  -36.3	  951.0	 1408.0	    0.0	  200.0	    0.0	 1500.0	    0.0	  200.0	  100.0	   25.2	    0.0	    0.0	    0.0	    1.4	   13.0	  1	  950.0	  650.0	   25.2	    0.0	    1.4	1	  305.0	 21	 1344.6	   14.5	
  199	  19.90	  151.9	 1371.7	  -36.1	  951.0	 1408.0	    0.0	  200.0	    0.0	 1500.0	    0.0	  200.0	  100.0	   24.8	    0.0	    0.0	    0.0	    1.5	   13.0	  1	  950.0	  650.0	   24.8	    0.0	    1.5	1	  305.3	 21	 1343.8	   14.4	
  200	  20.00	  151.9	 1371.7	  -36.1	  951.0	 1408.0	    0.0	  200.0	    0.0	 1500.0	    0.0	  200.0	  100.0	   24.4	    0.0	    0.0	    0.0	    1.7	   13.1	  1	  950.0	  650.0	   24.4	    0.0	    1.7	1	  305.6	 21	 1343.0	   14.3	
  201	  20.10	  151.9	 1371.7	  -36.3	  951.0	 1408.0	    0.0	  200.0	    0.0	 1500.0	    0.0	  200.0	  100.0	   23.9	    0.0	    0.0	    0.0	    1.8	   13.2	  1	  950.0	  650.0	   23.9	    0.0	    1.8	1	  305.9	 21	 1342.3	   14.2	
  202	  20.20	  151.9	 1371.7	  -36.7	  951.0	 1408.0	    0.0	  200.0	    0.0	 1500.0	    0.0	  200.0	  100.0	   23.5	    0.0	    0.0	    0.0	    2.0	   13.2	  1	  950.0	  650.0	   23.5	    0.0	    2.0	1	  306.2	 21	 1341.6	   14.2	
  203	  20.30	  151.9	 1371.7	  -37.3	  647.0	 1239.0	    0.0	  200.0	    0.0	 1500.0	    0.0	  200.0	  100.0	   23.0	    0.0	    0.0	    0.0	    2.0	   13.3	  1	  750.0	  450.0	   23.0	    0.0	    2.0	1	  297.8	 21	 1351.6	   15.2	
  204	  20.40	  151.9	 1371.7	 -161.6	  951.0	 1408.0	    0.0	  200.0	    0.0	 1500.0	    0.0	  200.0	  100.0	   30.0	    0.0	    0.0	    0.0	    2.2	   13.3	  1	 1150.0	 2150.0	   30.0	    0.0	    2.2	1	  333.5	 21	 1242.7	 -157.3	
  205	  20.50	  151.9	 1371.7	  131.5	  951.0	 1408.0	    0.0	  200.0	    0.0	 1500.0	    0.0	  200.0	  100.0	   29.6	    0.0	    0.0	    0.0	    2.3	   13.4	  1	  950.0	  650.0	   29.6	    0.0	    2.3	1	  307.6	 21	 1361.8	   16.2	
  206	  20.60	  151.9	 1371.7	  132.6	  951.0	 1408.0	    0.0	  200.0	    0.0	 1500.0	    0.0	  200.0	  100.0	   29.1	    0.0	    0.0	    0.0	    2.5	   13.5	  1	  950.0	  650.0	   29.1	    0.0	    2.5	1	  307.9	 21	 1360.9	   16.1	
  207	  20.70	  151.9	 1371.7	  132.6	  951.0	 1408.0	    0.0	  200.0	    0.0	 1500.0	    0.0	  200.0	  100.0	   28.7	    0.0	    0.0	    0.0	    2.7	   13.5	  1	  950.0	  650.0	   28.7	    0.0	    2.7	1	  308.2	 21	 1360.0	   16.0	
  208	  20.80	  151.9	 1371.7	  132.6	  951.0	 1408.0	    0.0	  200.0	    0.0	 1500.0	    0.0	  200.0	  100.0	   28.3	    0.0	    0.0	    0.0	    2.8	   13.6	  1	  950.0	  650.0	   28.3	    0.0	    2.8	1	  308.5	 21	 1359.1	   15.9	
  209	  20.90	  151.9	 1371.7	  132.6	  951.0	 1408.0	    0.0	  200.0	    0.0	 1500.0	    0.0	  200.0	  100.0	   27.9	    0.0	    0.0	    0.0	    3.0	   13.7	  1	  950.0	  650.0	   27.9	    0.0	    3.0	1	  308.8	 21	 1358.2	   15.8	
  210	  21.00	  151.9	 1371.7	  132.7	  951.0	 1408.0	    0.0	  200.0	    0.0	 1500.0	    0.0	  200.0	  100.0	   27.4	    0.0	    0.0	    0.0	    3.1	   13.8	  1	  950.0	  650.0	   27.4	    0.0	    3.1	1	  309.1	 21	 1357.4	   15.7	
  211	  21.10	  151.9	 1371.7	  132.7	  951.0	 1408.0	    0.0	  200.0	    0.0	 1500.0	    0.0	  200.0	  100.0	   27.0	    0.0	    0.0	    0.0	    3.3	   13.8	  1	  950.0	  650.0	   27.0	    0.0	    3.3	1	  309.3	 21	 1356.6	   15.7	
  212	  21.20	  151.9	 1371.7	  132.7	  951.0	 1408.0	    0.0	  200.0	    0.0	 1500.0	    0.0	  200.0	  100.0	   26.6	    0.0	    0.0	    0.0	    3.4	   13.9	  1	  950.0	  650.0	   26.6	    0.0	    3.4	1	  309.6	 21	 1355.8	   15.6	
  213	  21.30	  151.9	 1371.7	  132.7	  951.0	 1408.0	    0.0	  200.0	    0.0	 1500.0	    0.0	  200.0	  100.0	   26.2	    0.0	    0.0	    0.0	    3.6	   14.0	  1	  950.0	  650.0	   26.2	    0.0	    3.6	1	  309.9	 21	 1355.1	   15.5	
  214	  21.40	  151.9	 1371.7	  132.7	  951.0	 1408.0	    0.0	  200.0	    0.0	 1500.0	    0.0	  200.0	  100.0	   25.8	    0.0	    0.0	    0.0	    3.7	   14.0	  1	  950.0	  650.0	   25.8	    0.0	    3.7	1	  310.2	 21	 1354.4	   15.4	
  215	  21.50	  151.9	 1371.7	  132.8	  951.0	 1408.0	    0.0	  200.0	    0.0	 1500.0	    0.0	  200.0	  100.0	   25.3	    0.0	    0.0	    0.0	    3.9	   14.1	  1	  950.0	  650.0	   25.3	    0.0	    3.9	1	  310.5	 21	 1353.7	   15.4	
  216	  21.60	  151.9	 1371.7	  132.8	  943.4	 1403.1	    0.0	  200.0	    0.0	 1500.0	    0.0	  200.0	  100.0	   24.9	    0.0	    0.0	    0.0	    4.0	   14.2	  1	  950.0	  650.0	   24.9	    0.0	    4.0	1	  310.6	 21	 1353.3	   15.3	
  217	  21.70	  151.9	 1371.7	  133.9	  943.4	 1403.1	    0.0	  200.0	    0.0	 1500.0	    0.0	  200.0	  100.0	   24.5	    0.0	    0.0	    0.0	    4.2	   14.2	  1	  950.0	  650.0	   24.5	    0.0	    4.2	1	  310.9	 21	 1352.7	   15.3	
  218	  21.80	  151.9	 1371.7	  134.0	  943.4	 1403.1	    0.0	  200.0	    0.0	 1500.0	    0.0	  200.0	  100.0	   24.1	    0.0	    0.0	    0.0	    4.3	   14.3	  1	  950.0	  650.0	   24.1	    0.0	    4.3	1	  311.1	 21	 1352.1	   15.2	
  219	  21.90	  151.9	 1371.7	  134.1	  943.4	 1403.1	    0.0	  200.0	    0.0	 1500.0	    0.0	  200.0	  100.0	   23.6	    0.0	    0.0	    0.0	    4.5	   14.4	  1	  950.0	  650.0	   23.6	    0.0	    4.5	1	  311.4	 21	 1351.5	   15.2	
  220	  22.00	  151.9	 1371.7	  134.3	  946.3	 1407.8	    0.0	  200.0	    0.0	 1500.0	    0.0	  200.0	  100.0	   23.2	    0.0	    0.0	    0.0	    4.6	   14.4	  1	  950.0	  650.0	   23.2	    0.0	    4.6	1	  311.7	 21	 1350.9	   15.1	
  221	  22.10	  151.9	 1371.7	  133.0	  947.5	 1407.8	    0.0	  200.0	    0.0	 1500.0	    0.0	  200.0	  100.0	   22.8	    0.0	    0.0	    0.0	    4.8	   14.5	  1	  950.0	  650.0	   22.8	    0.0	    4.8	1	  312.0	 21	 1350.4	   15.0	
  222	  22.20	  151.9	 1371.7	  132.8	  948.4	 1407.9	    0.0	  200.0	    0.0	 1500.0	    0.0	  200.0	  100.0	   22.4	    0.0	    0.0	    0.0	    4.9	   14.6	  1	  950.0	  650.0	   22.4	    0.0	    4.9	1	  312.4	 21	 1349.9	   15.0	
  223	  22.30	  151.9	 1371.7	  132.6	  948.4	 1407.9	    0.0	  200.0	    0.0	 1500.0	    0.0	  200.0	  100.0	   21.9	    0.0	    0.0	    0.0	    5.1	   14.6	  1	  950.0	  650.0	   21.9	    0.0	    5.1	1	  312.7	 21	 1349.5	   14.9	
  224	  22.40	  151.9	 1371.7	  133.0	  948.4	 1407.9	    0.0	  200.0	    0.0	 1500.0	    0.0	  200.0	  100.0	   21.5	    0.0	    0.0	    0.0	    5.2	   14.7	  1	  950.0	  650.0	   21.5	    0.0	    5.2	1	  313.0	 21	 1349.1	   14.9	
  225	  22.50	  151.9	 1371.7	  133.5	  948.4	 1407.9	    0.0	  200.0	    0.0	 1500.0	    0.0	  200.0	  100.0	   21.1	    0.0	    0.0	    0.0	    5.4	   14.8	  1	  950.0	  650.0	   21.1	    0.0	    5.4	1	  313.3	 21	 1348.8	   14.9	
  226	  22.60	  151.9	 1371.7	  134.2	  948.4	 1407.9	    0.0	  200.0	    0.0	 1500.0	    0.0	  200.0	  100.0	   20.7	    0.0	    0.0	    0.0	    5.6	   14.8	  1	  950.0	  650.0	   20.7	    0.0	    5.6	1	  313.6	 21	 1348.5	   14.8	
  227	  22.70	  151.9	 1371.7	  135.1	  947.6	 1414.0	    0.0	  200.0	    0.0	 1500.0	    0.0	  200.0	  100.0	   20.2	    0.0	    0.0	    0.0	    5.7	   14.9	  1	  950.0	  650.0	   20.2	    0.0	    5.7	1	  313.4	 21	 1348.3	   14.8	
  228	  22.80	  151.9	 1371.7	  134.2	  947.6	 1414.0	    0.0	  200.0	    0.0	 1500.0	    0.0	  200.0	  100.0	   19.8	    0.0	    0.0	    0.0	    5.9	   15.0	  1	  950.0	  650.0	   19.8	    0.0	    5.9	1	  313.7	 21	 1348.1	   14.8	
  229	  22.90	  151.9	 1371.7	  135.7	  947.6	 1414.0	    0.0	  200.0	    0.0	 1500.0	    0.0	  200.0	  100.0	   19.4	    0.0	    0.0	    0.0	    6.0	   15.0	  1	  950.0	  650.0	   19.4	    0.0	    6.0	1	  314.0	 21	 1347.9	   14.8	
  230	  23.00	  151.9	 1371.7	  137.6	  946.7	 1413.9	    0.0	  200.0	    0.0	 1500.0	    0.0	  200.0	  100.0	   19.0	    0.0	    0.0	    0.0	    6.2	   15.1	  1	  950.0	  650.0	   19.0	    0.0	    6.2	1	  314.3	 21	 1347.8	   14.8	
  231	  23.10	  151.9	 1371.7	  144.2	  943.9	 1413.8	    0.0	  200.0	    0.0	 1500.0	    0.0	  200.0	  100.0	   18.5	    0.0	    0.0	    0.0	    6.3	   15.2	  1	  950.0	  650.0	   18.5	    0.0	    6.3	1	  314.4	 21	 1347.8	   14.8	
  232	  23.20	  151.9	 1371.7	  162.3	  943.9	 1413.8	    0.0	  200.0	    0.0	 1500.0	    0.0	  200.0	  100.0	   18.1	    0.0	    0.0	    0.0	    6.5	   15.2	  1	  950.0	  650.0	   18.1	    0.0	    6.5	1	  314.7	 21	 1347.8	   14.8	
  233	  23.30	  151.9	 1371.7	  165.6	  943.9	 1413.8	    0.0	  200.0	    0.0	 1500.0	    0.0	  200.0	  100.0	   17.7	    0.0	    0.0	    0.0	    6.6	   15.3	  1	  950.0	  650.0	   17.7	    0.0	    6.6	1	  315.0	 21	 1347.8	   14.8	
  234	  23.40	  151.9	 1371.7	  169.6	  943.9	 1413.8	    0.0	  200.0	    0.0	 1500.0	    0.0	  200.0	  100.0	   17.3	    0.0	    0.0	    0.0	    6.8	   15.4	  1	  950.0	  650.0	   17.3	    0.0	    6.8	1	  315.2	 21	 1347.9	   14.8	
  235	  23.50	  151.9	 1371.7	  174.3	  935.6	 1363.6	    0.0	  200.0	    0.0	 1500.0	    0.0	  200.0	  100.0	   16.8	    0.0	    0.0	    0.0	    6.9	   15.4	  1	  850.0	  550.0	   16.8	    0.0	    6.9	1	  312.8	 21	 1348.4	   14.8	
  236	  23.60	  151.9	 1371.7	 -137.5	  935.6	 1363.6	    0.0	  200.0	    0.0	 1500.0	    0.0	  200.0	  100.0	   16.4	    0.0	    0.0	    0.0	    7.1	   15.5	  1	  850.0	  550.0	   16.4	    0.0	    7.1	1	  311.6	 21	 1348.4	   14.8	
  237	  23.70	  151.9	 1371.7	  -46.0	  935.6	 1363.6	    0.0	  200.0	    0.0	 1500.0	    0.0	  200.0	  100.0	   16.0	    0.0	    0.0	    0.0	    7.2	   15.6	  1	  850.0	  550.0	   16.0	    0.0	    7.2	1	  311.9	 21	 1348.7	   14.9	
  238	  23.80	  151.9	 1371.7	  -43.6	  935.6	 1363.6	    0.0	  200.0	    0.0	 1500.0	    0.0	  200.0	  100.0	   15.6	    0.0	    0.0	    0.0	    7.4	   15.6	  1	  850.0	  550.0	   15.6	    0.0	    7.4	1	  312.2	 21	 1349.0	   14.9	
  239	  23.90	  151.9	 1371.7	  -43.6	  935.6	 1363.6	    0.0	  200.0	    0.0	 1500.0	    0.0	  200.0	  100.0	   15.1	    0.0	    0.0	    0.0	    7.5	   15.7	  1	  850.0	  550.0	   15.1	    0.0	    7.5	1	  312.5	 21	 1349.4	   14.9	
  240	  24.00	  151.9	 1371.7	  -43.6	  935.6	 1363.6	    0.0	  200.0	    0.0	 1500.0	    0.0	  200.0	  100.0	   14.7	    0.0	    0.0	    0.0	    7.7	   15.8	  1	  850.0	  550.0	   14.7	    0.0	    7.7	1	  312.8	 21	 1349.8	   15.0	
  241	  24.10	  151.9	 1371.7	  -43.6	  935.6	 1363.6	    0.0	  200.0	    0.0	 1500.0	    0.0	  200.0	  100.0	   14.3	    0.0	    0.0	    0.0	    7.8	   15.8	  1	  850.0	  550.0	   14.3	    0.0	    7.8	1	  313.1	 21	 1350.3	   15.0	
  242	  24.20	  151.9	 1371.7	  -43.7	  807.8	 1194.6	    0.0	  200.0	    0.0	 1500.0	    0.0	  200.0	  100.0	   13.8	    0.0	    0.0	    0.0	    7.9	   15.9	  1	  550.0	  350.0	   13.8	    0.0	    7.9	1	  304.9	 21	 1352.7	   15.3	
  243	  24.30	  151.9	 1371.7	  -64.1	  935.6	 1363.6	    0.0	  200.0	    0.0	 1500.0	    0.0	  200.0	  100.0	   17.7	    0.0	    0.0	    0.0	    8.1	   16.0	  1	 1250.0	 2050.0	   17.7	    0.0	    8.1	1	  326.0	 21	 1372.0	  -28.0	
  244	  24.40	  151.9	 1371.7	   13.4	  807.8	 1194.6	    0.0	  200.0	    0.0	 1500.0	    0.0	  200.0	  100.0	   17.2	    0.0	    0.0	    0.0	    8.2	   16.0	  1	  550.0	  350.0	   17.2	    0.0	    8.2	1	  304.8	 21	 1356.2	   15.6	
  245	  24.50	  151.9	 1371.7	  142.6	  807.8	 1194.6	    0.0	  200.0	    0.0	 1500.0	    0.0	  200.0	  100.0	   16.8	    0.0	    0.0	    0.0	    8.3	   16.1	  1	  950.0	  450.0	   16.8	    0.0	    8.3	1	  310.3	 21	 1355.3	   15.5	
  246	  24.60	  151.9	 1371.7	  137.1	  807.8	 1194.6	    0.0	  200.0	    0.0	 1500.0	    0.0	  200.0	  100.0	   16.3	    0.0	    0.0	    0.0	    8.4	   16.2	  1	  950.0	  450.0	   16.3	    0.0	    8.4	1	  310.5	 21	 1355.3	   15.5	
  247	  24.70	  151.9	 1371.7	  137.1	  730.0	 1235.7	    0.0	  200.0	    0.0	 1500.0	    0.0	  200.0	  100.0	   15.9	    0.0	    0.0	    0.0	    8.5	   16.3	  1	  750.0	  450.0	   15.9	    0.0	    8.5	1	  296.7	 21	 1357.3	   15.7	
  248	  24.80	  151.9	 1371.7	  140.8	  807.8	 1194.6	    0.0	  200.0	    0.0	 1500.0	    0.0	  200.0	  100.0	   16.1	    0.0	    0.0	    0.0	    8.6	   16.3	  1	  950.0	  450.0	   16.1	    0.0	    8.6	1	  314.4	 21	 1300.1	   10.0	
  249	  24.90	  151.9	 1371.7	  136.4	  730.0	 1235.7	    0.0	  200.0	    0.0	 1500.0	    0.0	  200.0	  100.0	   15.6	    0.0	    0.0	    0.0	    8.7	   16.4	  1	  750.0	  450.0	   15.6	    0.0	    8.7	1	  297.1	 21	 1357.8	   15.8	
  250	  25.00	  151.9	 1371.7	  142.2	  730.0	 1235.7	    0.0	  200.0	    0.0	 1500.0	    0.0	  200.0	  100.0	   15.1	    0.0	    0.0	    0.0	    8.7	   16.5	  1	  750.0	  450.0	   15.1	    0.0	    8.7	1	  300.4	 21	 1356.9	   15.7	
  251	  25.10	  151.9	 1371.7	  142.8	  730.0	 1235.7	    0.0	  200.0	    0.0	 1500.0	    0.0	  200.0	  100.0	   14.7	    0.0	    0.0	    0.0	    8.8	   16.5	  1	  750.0	  450.0	   14.7	    0.0	    8.8	1	  300.6	 21	 1357.0	   15.7	
  252	  25.20	  151.9	 1371.7	  142.9	  744.2	 1204.4	    0.0	  200.0	    0.0	 1500.0	    0.0	  200.0	  100.0	   14.2	    0.0	    0.0	    0.0	    8.9	   16.6	  1	  750.0	  450.0	   14.2	    0.0	    8.9	1	  304.2	 21	 1357.0	   15.7	
  253	  25.30	  151.9	 1371.7	  140.4	  744.2	 1204.4	    0.0	  200.0	    0.0	 1500.0	    0.0	  200.0	  100.0	   13.8	    0.0	    0.0	    0.0	    9.0	   16.7	  1	  750.0	  450.0	   13.8	    0.0	    9.0	1	  304.4	 21	 1357.3	   15.7	
  254	  25.40	  151.9	 1371.7	  140.5	  744.2	 1204.4	    0.0	  200.0	    0.0	 1500.0	    0.0	  200.0	  100.0	   13.3	    0.0	    0.0	    0.0	    9.1	   16.7	  1	  750.0	  450.0	   13.3	    0.0	    9.1	1	  304.7	 21	 1357.6	   15.8	
  255	  25.50	  151.9	 1371.7	  140.6	  744.2	 1204.4	    0.0	  200.0	    0.0	 1500.0	    0.0	  200.0	  100.0	   12.9	    0.0	    0.0	    0.0	    9.2	   16.8	  1	  750.0	  450.0	   12.9	    0.0	    9.2	1	  304.9	 21	 1358.1	   15.8	
  256	  25.60	  151.9	 1371.7	  140.8	  668.6	 1207.4	    0.0	  200.0	    0.0	 1500.0	    0.0	  200.0	  100.0	   12.4	    0.0	    0.0	    0.0	    9.3	   16.9	  1	  750.0	  450.0	   12.4	    0.0	    9.3	1	  293.0	 21	 1359.7	   16.0	
  257	  25.70	  151.9	 1371.7	  177.5	  668.6	 1207.4	    0.0	  200.0	    0.0	 1500.0	    0.0	  200.0	  100.0	   11.9	    0.0	    0.0	    0.0	    9.3	   16.9	  1	  750.0	  450.0	   11.9	    0.0	    9.3	1	  294.5	 21	 1359.6	   16.0	
  258	  25.80	  151.9	 1371.7	  178.5	  668.6	 1207.4	    0.0	  200.0	    0.0	 1500.0	    0.0	  200.0	  100.0	   11.5	    0.0	    0.0	    0.0	    9.4	   17.0	  1	  750.0	  450.0	   11.5	    0.0	    9.4	1	  294.7	 21	 1360.2	   16.0	
  259	  25.90	  151.9	 1371.7	  178.7	  668.6	 1207.4	    0.0	  200.0	    0.0	 1500.0	    0.0	  200.0	  100.0	   11.0	    0.0	    0.0	    0.0	    9.5	   17.1	  1	  750.0	  450.0	   11.0	    0.0	    9.5	1	  294.9	 21	 1361.0	   16.1	
  260	  26.00	  151.9	 1371.7	  179.0	  717.0	 1264.8	    0.0	  200.0	    0.0	 1500.0	    0.0	  200.0	  100.0	   11.8	    0.0	    0.0	    0.0	    9.5	   17.1	  1	  950.0	  550.0	   11.8	    0.0	    9.5	1	  304.0	 21	    0.0	    8.9	
  261	  26.10	  151.9	 1371.7	   85.9	  717.0	 1264.8	    0.0	  200.0	    0.0	 1500.0	    0.0	  200.0	  100.0	   11.4	    0.0	    0.0	    0.0	    9.6	   17.2	  1	  950.0	  550.0	   11.4	    0.0	    9.6	1	  304.4	 21	 1361.0	   16.1	
  262	  26.20	  151.9	 1371.7	   86.6	  717.0	 1264.8	    0.0	  200.0	    0.0	 1500.0	    0.0	  200.0	  100.0	   10.9	    0.0	    0.0	    0.0	    9.7	   17.3	  1	  950.0	  550.0	   10.9	    0.0	    9.7	1	  304.6	 21	 1361.8	   16.2	
  263	  26.30	  151.9	 1371.7	   87.1	  717.0	 1264.8	    0.0	  200.0	    0.0	 1500.0	    0.0	  200.0	  100.0	   10.5	    0.0	    0.0	    0.0	    9.8	   17.3	  1	  950.0	  550.0	   10.5	    0.0	    9.8	1	  304.8	 21	 1362.7	   16.3	
  264	  26.40	  151.9	 1371.7	   87.9	  740.9	 1282.4	    0.0	  200.0	    0.0	 1500.0	    0.0	  200.0	  100.0	   10.0	    0.0	    0.0	    0.0	    9.9	   17.4	  1	  950.0	  550.0	   10.0	    0.0	    9.9	1	  307.2	 21	 1363.6	   16.4	
  265	  26.50	  151.9	 1371.7	   57.1	  740.9	 1282.4	    0.0	  200.0	    0.0	 1500.0	    0.0	  200.0	  100.0	    9.6	    0.0	    0.0	    0.0	    9.9	   17.5	  1	  950.0	  550.0	    9.6	    0.0	    9.9	1	  307.4	 21	 1364.7	   16.5	
  266	  26.60	  151.9	 1371.7	   57.2	  740.9	 1282.4	    0.0	  200.0	    0.0	 1500.0	    0.0	  200.0	  100.0	    9.1	    0.0	    0.0	    0.0	   10.0	   17.5	  1	  950.0	  550.0	    9.1	    0.0	   10.0	1	  307.7	 21	 1366.0	   16.6	
  267	  26.70	  151.9	 1371.7	   57.5	  740.9	 1282.4	    0.0	  200.0	    0.0	 1500.0	    0.0	  200.0	  100.0	    8.6	    0.0	    0.0	    0.0	   10.1	   17.6	  1	  950.0	  550.0	    8.6	    0.0	   10.1	1	  307.9	 21	 1367.4	   16.7	
  268	  26.80	  151.9	 1371.7	   57.8	  740.9	 1282.4	    0.0	  200.0	    0.0	 1500.0	    0.0	  200.0	  100.0	    8.2	    0.0	    0.0	    0.0	   10.2	   17.7	  1	  950.0	  550.0	    8.2	    0.0	   10.2	1	  308.1	 21	 1368.9	   16.9	
  269	  26.90	  151.9	 1371.7	   58.2	  790.3	 1282.4	    0.0	  200.0	    0.0	 1500.0	    0.0	  200.0	  100.0	    7.7	    0.0	    0.0	    0.0	   10.3	   17.7	  1	  750.0	  450.0	    7.7	    0.0	   10.3	1	  307.6	 21	 1370.5	   17.0	
  270	  27.00	  151.9	 1371.7	   45.2	  790.3	 1282.4	    0.0	  200.0	    0.0	 1500.0	    0.0	  200.0	  100.0	    7.3	    0.0	    0.0	    0.0	   10.4	   17.8	  1	  750.0	  450.0	    7.3	    0.0	   10.4	1	  307.8	 21	 1372.4	   17.2	
  271	  27.10	  151.9	 1371.7	  -36.0	  790.3	 1282.4	    0.0	  200.0	    0.0	 1500.0	    0.0	  200.0	  100.0	    6.8	    0.0	    0.0	    0.0	   10.5	   17.9	  1	  750.0	  450.0	    6.8	    0.0	   10.5	1	  308.1	 21	 1374.5	   17.4	
  272	  27.20	  151.9	 1371.7	  -46.7	  790.3	 1282.4	    0.0	  200.0	    0.0	 1500.0	    0.0	  200.0	  100.0	    6.4	    0.0	    0.0	    0.0	   10.6	   17.9	  1	  750.0	  450.0	    6.4	    0.0	   10.6	1	  308.4	 21	 1376.7	   17.7	
  273	  27.30	  151.9	 1371.7	  -46.8	  852.2	 1292.9	    0.0	  200.0	    0.0	 1500.0	    0.0	  200.0	  100.0	    7.0	    0.0	    0.0	    0.0	   10.7	   18.0	  1	  750.0	  450.0	    7.0	    0.0	   10.7	1	  312.2	 21	 1349.8	   15.0	
  274	  27.40	  151.9	 1371.7	  -42.4	  852.2	 1292.9	    0.0	  200.0	    0.0	 1500.0	    0.0	  200.0	  100.0	    6.6	    0.0	    0.0	    0.0	   10.8	   18.1	  1	  750.0	  450.0	    6.6	    0.0	   10.8	1	  312.0	 21	 1376.6	   17.7	
  275	  27.50	  151.9	 1371.7	  -42.2	  852.2	 1292.9	    0.0	  200.0	    0.0	 1500.0	    0.0	  200.0	  100.0	    6.1	    0.0	    0.0	    0.0	   11.0	   18.1	  1	  750.0	  450.0	    6.1	    0.0	   11.0	1	  312.3	 21	 1379.0	   17.9	
  276	  27.60	  151.9	 1371.7	  -42.2	  852.2	 1292.9	    0.0	  200.0	    0.0	 1500.0	    0.0	  200.0	  100.0	    5.7	    0.0	    0.0	    0.0	   11.1	   18.2	  1	  750.0	  450.0	    5.7	    0.0	   11.1	1	  312.6	 21	 1381.6	   18.2	
  277	  27.70	  151.9	 1371.7	  -42.3	  790.3	 1282.4	    0.0	  200.0	    0.0	 1500.0	    0.0	  200.0	  100.0	    5.2	    0.0	    0.0	    0.0	   11.2	   18.3	  1	  750.0	  450.0	    5.2	    0.0	   11.2	1	  309.1	 21	 1384.6	   18.5	
  278	  27.80	  151.9	 1371.7	  -57.1	  852.2	 1292.9	    0.0	  200.0	    0.0	 1500.0	    0.0	  200.0	  100.0	    5.9	    0.0	    0.0	    0.0	   11.3	   18.3	  1	  750.0	  450.0	    5.9	    0.0	   11.3	1	  313.3	 21	 1363.7	   16.4	
  279	  27.90	  151.9	 1371.7	  -33.8	  852.2	 1292.9	    0.0	  200.0	    0.0	 1500.0	    0.0	  200.0	  100.0	    5.4	    0.0	    0.0	    0.0	   11.4	   18.4	  1	  750.0	  450.0	    5.4	    0.0	   11.4	1	  313.1	 21	 1384.2	   18.4	
  280	  28.00	  151.9	 1371.7	  -33.2	  852.2	 1292.9	    0.0	  200.0	    0.0	 1500.0	    0.0	  200.0	  100.0	    5.0	    0.0	    0.0	    0.0	   11.5	   18.5	  1	  750.0	  450.0	    5.0	    0.0	   11.5	1	  313.4	 21	 1387.0	   18.7	
  281	  28.10	  151.9	 1371.7	  -32.1	  924.3	 1320.7	    0.0	  200.0	    0.0	 1500.0	    0.0	  200.0	  100.0	    6.1	    0.0	    0.0	    0.0	   11.7	   18.5	  1	  850.0	  550.0	    6.1	    0.0	   11.7	1	  323.1	 21	 1356.0	   15.6	
  282	  28.20	  151.9	 1371.7	  -15.2	  924.3	 1320.7	    0.0	  200.0	    0.0	 1500.0	    0.0	  200.0	  100.0	    5.7	    0.0	    0.0	    0.0	   11.8	   18.6	  1	  850.0	  550.0	    5.7	    0.0	   11.8	1	  322.9	 21	 1384.4	   18.4	
  283	  28.30	  151.9	 1371.7	  119.9	  924.3	 1320.7	    0.0	  200.0	    0.0	 1500.0	    0.0	  200.0	  100.0	    5.2	    0.0	    0.0	    0.0	   12.0	   18.7	  1	  850.0	  550.0	    5.2	    0.0	   12.0	1	  323.2	 21	 1387.1	   18.7	
  284	  28.40	  151.9	 1371.7	  134.2	 1013.0	 1339.7	    0.0	  200.0	    0.0	 1500.0	    0.0	  200.0	  100.0	    6.5	    0.0	    0.0	    0.0	   12.1	   18.7	  1	  850.0	  550.0	    6.5	    0.0	   12.1	1	  328.4	 21	 1348.3	   14.8	
  285	  28.50	  151.9	 1371.7	  133.6	 1013.0	 1339.7	    0.0	  200.0	    0.0	 1500.0	    0.0	  200.0	  100.0	    6.1	    0.0	    0.0	    0.0	   12.3	   18.8	  1	  850.0	  550.0	    6.1	    0.0	   12.3	1	  328.0	 21	 1383.6	   18.4	
  286	  28.60	  151.9	 1371.7	  133.5	 1013.0	 1339.7	    0.0	  200.0	    0.0	 1500.0	    0.0	  200.0	  100.0	    5.7	    0.0	    0.0	    0.0	   12.5	   18.9	  1	  850.0	  550.0	    5.7	    0.0	   12.5	1	  328.3	 21	 1386.1	   18.6	
  287	  28.70	  151.9	 1371.7	  133.6	 1013.0	 1339.7	    0.0	  200.0	    0.0	 1500.0	    0.0	  200.0	  100.0	    5.3	    0.0	    0.0	    0.0	   12.7	   19.0	  1	  850.0	  550.0	    5.3	    0.0	   12.7	1	  328.7	 21	 1388.8	   18.9	
  288	  28.80	  151.9	 1371.7	  133.6	 1048.0	 1347.0	    0.0	  200.0	    0.0	 1500.0	    0.0	  200.0	  100.0	    4.9	    0.0	    0.0	    0.0	   12.9	   19.0	  1	  850.0	  550.0	    4.9	    0.0	   12.9	1	  330.5	 21	 1391.6	   19.2	
  289	  28.90	  151.9	 1371.7	  133.0	 1013.0	 1339.7	    0.0	  200.0	    0.0	 1500.0	    0.0	  200.0	  100.0	    4.5	    0.0	    0.0	    0.0	   13.0	   19.1	  1	  850.0	  550.0	    4.5	    0.0	   13.0	1	  329.4	 21	 1394.6	   19.5	
  290	  29.00	  151.9	 1371.7	  133.8	 1048.0	 1347.0	    0.0	  200.0	    0.0	 1500.0	    0.0	  200.0	  100.0	    4.1	    0.0	    0.0	    0.0	   13.2	   19.2	  1	  850.0	  550.0	    4.1	    0.0	   13.2	1	  331.3	 21	 1397.6	   19.8	
  291	  29.10	  151.9	 1371.7	  132.9	 1048.0	 1347.0	    0.0	  200.0	    0.0	 1500.0	    0.0	  200.0	  100.0	    3.7	    0.0	    0.0	    0.0	   13.4	   19.2	  1	  850.0	  550.0	    3.7	    0.0	   13.4	1	  331.6	 21	    0.0	    0.0	
  292	  29.20	  151.9	 1371.7	  132.9	 1050.8	 1346.9	    0.0	  200.0	    0.0	 1500.0	    0.0	  200.0	  100.0	    3.3	    0.0	    0.0	    0.0	   13.6	   19.3	  1	  850.0	  550.0	    3.3	    0.0	   13.6	1	  332.2	 21	    0.0	    0.0	
  293	  29.30	  151.9	 1371.7	  132.8	 1048.0	 1347.0	    0.0	  200.0	    0.0	 1500.0	    0.0	  200.0	  100.0	    2.9	    0.0	    0.0	    0.0	   13.8	   19.4	  1	  850.0	  550.0	    2.9	    0.0	   13.8	1	  332.4	 21	    0.0	    0.0	
  294	  29.40	  151.9	 1371.7	  133.0	 1050.8	 1346.9	    0.0	  200.0	    0.0	 1500.0	    0.0	  200.0	  100.0	    2.5	    0.0	    0.0	    0.0	   14.0	   19.4	  1	  850.0	  550.0	    2.5	    0.0	   14.0	1	  332.9	 21	    0.0	    0.0	
  295	  29.50	  151.9	 1371.7	  132.9	 1050.8	 1346.9	    0.0	  200.0	    0.0	 1500.0	    0.0	  200.0	  100.0	    2.1	    0.0	    0.0	    0.0	   14.2	   19.5	  1	  850.0	  550.0	    2.1	    0.0	   14.2	1	  333.3	 21	    0.0	    0.0	
  296	  29.60	  151.9	 1371.7	  132.9	 1050.8	 1346.9	    0.0	  200.0	    0.0	 1500.0	    0.0	  200.0	  100.0	    1.7	    0.0	    0.0	    0.0	   14.4	   19.6	  1	  850.0	  550.0	    1.7	    0.0	   14.4	1	  333.7	 21	    0.0	    0.0	
  297	  29.70	  151.9	 1371.7	  133.0	 1050.8	 1346.9	    0.0	  200.0	    0.0	 1500.0	    0.0	  200.0	  100.0	    1.3	    0.0	    0.0	    0.0	   14.6	   19.6	  1	  850.0	  550.0	    1.3	    0.0	   14.6	1	  334.0	 21	    0.0	    0.0	
  298	  29.80	  151.9	 1371.7	  133.2	 1050.8	 1346.9	    0.0	  200.0	    0.0	 1500.0	    0.0	  200.0	  100.0	    0.9	    0.0	    0.0	    0.0	   14.8	   19.7	  1	  850.0	  550.0	    0.9	    0.0	   14.8	1	  334.4	 21	    0.0	    0.0	
  299	  29.90	  151.9	 1371.7	  133.3	 1046.7	 1336.7	    0.0	  200.0	    0.0	 1500.0	    0.0	  200.0	  100.0	    0.5	    0.0	    0.0	    0.0	   15.0	   19.8	  1	  850.0	  550.0	    0.5	    0.0	   15.0	1	  335.2	 21	    0.0	    0.0	
  300	  30.00	  151.9	 1371.7	  134.9	 1046.7	 1336.7	    0.0	  200.0	    0.0	 1500.0	    0.0	  200.0	  100.0	    0.0	    0.0	    0.0	    0.0	   15.1	   19.8	  1	  850.0	  550.0	    0.0	    0.0	   15.1	1	  335.6	 21	    0.0	    0.0	
  301	  30.10	  151.9	 1371.7	  135.1	 1046.7	 1336.7	    0.0	  200.0	    0.0	 1500.0	    0.0	  200.0	  100.0	    0.0	    0.0	    0.0	    0.0	   15.3	   19.9	  1	  850.0	  550.0	    0.0	    0.0	   15.3	1	  336.0	 21	    0.0	    0.0	
  302	  30.20	  151.9	 1371.7	  135.5	 1046.7	 1336.7	    0.0	  200.0	    0.0	 1500.0	    0.0	  200.0	  100.0	    0.0	    0.0	    0.0	    0.0	   15.5	   20.0	  1	  850.0	  550.0	    0.0	    0.0	   15.5	1	  336.4	 21	    0.0	    0.0	
  303	  30.30	  151.9	 1371.7	  136.1	 1044.0	 1338.5	    0.0	  200.0	    0.0	 1500.0	    0.0	  200.0	  100.0	    0.0	    0.0	    0.0	    0.0	   15.7	   20.0	  1	  850.0	  550.0	    0.0	    0.0	   15.7	1	  336.6	 21	    0.0	    0.0	
  304	  30.40	  151.9	 1371.7	  138.5	 1046.7	 1336.7	    0.0	  200.0	    0.0	 1500.0	    0.0	  200.0	  100.0	    0.0	    0.0	    0.0	    0.0	   15.9	   20.1	  1	  850.0	  550.0	    0.0	    0.0	   15.9	1	  337.3	 21	    0.0	    0.0	
  305	  30.50	  151.9	 1371.7	  137.1	 1044.9	 1338.5	    0.0	  200.0	    0.0	 1500.0	    0.0	  200.0	  100.0	    0.0	    0.0	    0.0	    0.0	   16.1	   20.2	  1	  850.0	  550.0	    0.0	    0.0	   16.1	1	  337.6	 21	    0.0	    0.0	
  306	  30.60	  151.9	 1371.7	  140.1	 1044.9	 1338.5	    0.0	  200.0	    0.0	 1500.0	    0.0	  200.0	  100.0	    0.0	    0.0	    0.0	    0.0	   16.3	   20.2	  1	  850.0	  550.0	    0.0	    0.0	   16.3	1	  338.0	 21	    0.0	    0.0	
  307	  30.70	  151.9	 1371.7	  141.6	 1044.9	 1338.5	    0.0	  200.0	    0.0	 1500.0	    0.0	  200.0	  100.0	    0.0	    0.0	    0.0	    0.0	   16.5	   20.3	  1	  850.0	  550.0	    0.0	    0.0	   16.5	1	  338.4	 21	    0.0	    0.0	
  308	  30.80	  151.9	 1371.7	  143.6	 1044.9	 1338.5	    0.0	  200.0	    0.0	 1500.0	    0.0	  200.0	  100.0	    0.0	    0.0	    0.0	    0.0	   16.7	   20.4	  1	  850.0	  550.0	    0.0	    0.0	   16.7	1	  338.9	 21	    0.0	    0.0	
  309	  30.90	  151.9	 1371.7	  146.3	 1041.5	 1335.2	    0.0	  200.0	    0.0	 1500.0	    0.0	  200.0	  100.0	    0.0	    0.0	    0.0	    0.0	   16.9	   20.4	  1	  850.0	  550.0	    0.0	    0.0	   16.9	1	  339.3	 21	    0.0	    0.0	
  310	  31.00	  151.9	 1371.7	  161.6	 1044.9	 1338.5	    0.0	  200.0	    0.0	 1500.0	    0.0	  200.0	  100.0	    0.0	    0.0	    0.0	    0.0	   17.0	   20.5	  1	  850.0	  550.0	    0.0	    0.0	   17.0	1	  339.7	 21	    0.0	    0.0	
  311	  31.10	  151.9	 1371.7	  150.2	 1041.5	 1335.2	    0.0	  200.0	    0.0	 1500.0	    0.0	  200.0	  100.0	    0.0	    0.0	    0.0	    0.0	   17.2	   20.6	  1	  850.0	  550.0	    0.0	    0.0	   17.2	1	  340.2	 21	    0.0	    0.0	
  312	  31.20	  151.9	 1371.7	  173.1	 1041.5	 1335.2	    0.0	  200.0	    0.0	 1500.0	    0.0	  200.0	  100.0	    0.0	    0.0	    0.0	    0.0	   17.4	   20.6	  1	  850.0	  550.0	    0.0	    0.0	   17.4	1	  340.6	 21	    0.0	    0.0	
  313	  31.30	  151.9	 1371.7	  177.7	 1041.5	 1335.2	    0.0	  200.0	    0.0	 1500.0	    0.0	  200.0	  100.0	    0.0	    0.0	    0.0	    0.0	   17.6	   20.7	  1	  850.0	  550.0	    0.0	    0.0	   17.6	1	  341.1	 21	    0.0	    0.0	
  314	  31.40	  151.9	 1371.7	 -177.0	 1041.5	 1335.2	    0.0	  200.0	    0.0	 1500.0	    0.0	  200.0	  100.0	    0.0	    0.0	    0.0	    0.0	   17.8	   20.8	  1	  850.0	  550.0	    0.0	    0.0	   17.8	1	  341.5	 21	    0.0	    0.0	
  315	  31.50	  151.9	 1371.7	 -171.5	 1041.5	 1335.2	    0.0	  200.0	    0.0	 1500.0	    0.0	  200.0	  100.0	    0.0	    0.0	    0.0	    0.0	   18.0	   20.8	  1	  850.0	  550.0	    0.0	    0.0	   18.0	1	  341.9	 21	    0.0	    0.0	
  316	  31.60	  151.9	 1371.7	 -166.0	 1041.5	 1335.2	    0.0	  200.0	    0.0	 1500.0	    0.0	  200.0	  100.0	    0.0	    0.0	    0.0	    0.0	   18.2	   20.9	  1	  850.0	  550.0	    0.0	    0.0	   18.2	1	  342.4	 21	    0.0	    0.0	
  317	  31.70	  151.9	 1371.7	 -160.6	 1041.5	 1335.2	    0.0	  200.0	    0.0	 1500.0	    0.0	  200.0	  100.0	    0.0	    0.0	    0.0	    0.0	   18.4	   21.0	  1	  850.0	  550.0	    0.0	    0.0	   18.4	1	  342.8	 21	    0.0	    0.0	
  318	  31.80	  151.9	 1371.7	 -155.7	 1041.5	 1335.2	    0.0	  200.0	    0.0	 1500.0	    0.0	  200.0	  100.0	    0.0	    0.0	    0.0	    0.0	   18.6	   21.0	  1	  850.0	  550.0	    0.0	    0.0	   18.6	1	  343.2	 21	    0.0	    0.0	
  319	  31.90	  151.9	 1371.7	 -151.4	 1041.5	 1335.2	    0.0	  200.0	    0.0	 1500.0	    0.0	  200.0	  100.0	    0.0	    0.0	    0.0	    0.0	   18.7	   21.1	  1	  850.0	  550.0	    0.0	    0.0	   18.7	1	  343.7	 21	    0.0	    0.0	
  320	  32.00	  151.9	 1371.7	 -147.7	 1041.5	 1335.2	    0.0	  200.0	    0.0	 1500.0	    0.0	  200.0	  100.0	    0.0	    0.0	    0.0	    0.0	   18.9	   21.2	  1	  850.0	  550.0	    0.0	    0.0	   18.9	1	  344.1	 21	    0.0	    0.0	
  321	  32.10	  151.9	 1371.7	 -144.6	 1025.4	 1268.3	    0.0	  200.0	    0.0	 1500.0	    0.0	  200.0	  100.0	    0.0	    0.0	    0.0	    0.0	   19.1	   21.2	  1	  850.0	  450.0	    0.0	    0.0	   19.1	1	  341.7	 21	    0.0	    0.0	
  322	  32.20	  151.9	 1371.7	 -134.4	 1025.4	 1268.3	    0.0	  200.0	    0.0	 1500.0	    0.0	  200.0	  100.0	    0.0	    0.0	    0.0	    0.0	   19.3	   21.3	  1	  850.0	  450.0	    0.0	    0.0	   19.3	1	  342.1	 21	    0.0	    0.0	
  323	  32.30	  151.9	 1371.7	  -44.1	 1025.4	 1268.3	    0.0	  200.0	    0.0	 1500.0	    0.0	  200.0	  100.0	    0.0	    0.0	    0.0	    0.0	   19.5	   21.4	  1	  850.0	  450.0	    0.0	    0.0	   19.5	1	  342.5	 21	    0.0	    0.0	
  324	  32.40	  151.9	 1371.7	  -43.3	  796.5	 1206.9	    0.0	  200.0	    0.0	 1500.0	    0.0	  200.0	  100.0	    0.0	    0.0	    0.0	    0.0	   19.6	   21.5	  1	  750.0	  450.0	    0.0	    0.0	   19.6	1	  327.5	 21	    0.0	    0.0	
  325	  32.50	  151.9	 1371.7	  -53.4	 1025.4	 1268.3	    0.0	  200.0	    0.0	 1500.0	    0.0	  200.0	  100.0	    4.1	    0.0	    0.0	    0.0	   19.8	   21.5	  1	 1250.0	  550.0	    4.1	    0.0	   19.8	1	  352.5	 21	 1385.5	   18.6	
  326	  32.60	  151.9	 1371.7	  -39.0	  796.5	 1206.9	    0.0	  200.0	    0.0	 1500.0	    0.0	  200.0	  100.0	    3.6	    0.0	    0.0	    0.0	   19.9	   21.6	  1	  750.0	  450.0	    3.6	    0.0	   19.9	1	  326.7	 21	    0.0	    0.0	
  327	  32.70	  151.9	 1371.7	  -58.9	  796.5	 1206.9	    0.0	  200.0	    0.0	 1500.0	    0.0	  200.0	  100.0	    3.2	    0.0	    0.0	    0.0	   20.0	   21.7	  1	  750.0	  450.0	    3.2	    0.0	   20.0	1	  327.6	 21	    0.0	    0.0	
  328	  32.80	  151.9	 1371.7	  -59.5	  707.8	 1231.9	    0.0	  200.0	    0.0	 1500.0	    0.0	  200.0	  100.0	    2.7	    0.0	    0.0	    0.0	   20.1	   21.7	  1	  750.0	  450.0	    2.7	    0.0	   20.1	1	  313.5	 21	    0.0	    0.0	
  329	  32.90	  151.9	 1371.7	  -85.7	  707.8	 1231.9	    0.0	  200.0	    0.0	 1500.0	    0.0	  200.0	  100.0	    2.2	    0.0	    0.0	    0.0	   20.1	   21.8	  1	  750.0	  450.0	    2.2	    0.0	   20.1	1	  314.2	 21	    0.0	    0.0	
  330	  33.00	  151.9	 1371.7	  177.5	  707.8	 1231.9	    0.0	  200.0	    0.0	 1500.0	    0.0	  200.0	  100.0	    1.8	    0.0	    0.0	    0.0	   20.2	   21.9	  1	  750.0	  450.0	    1.8	    0.0	   20.2	1	  314.4	 21	    0.0	    0.0	
  331	  33.10	  151.9	 1371.7	  133.1	  707.8	 1231.9	    0.0	  200.0	    0.0	 1500.0	    0.0	  200.0	  100.0	    1.3	    0.0	    0.0	    0.0	   20.3	   21.9	  1	  750.0	  450.0	    1.3	    0.0	   20.3	1	  314.7	 21	    0.0	    0.0	
  332	  33.20	  151.9	 1371.7	  133.1	  707.8	 1231.9	    0.0	  200.0	    0.0	 1500.0	    0.0	  200.0	  100.0	    0.8	    0.0	    0.0	    0.0	   20.4	   22.0	  1	  750.0	  450.0	    0.8	    0.0	   20.4	1	  314.9	 21	    0.0	    0.0	
  333	  33.30	  151.9	 1371.7	  133.1	  694.6	 1258.2	    0.0	  200.0	    0.0	 1500.0	    0.0	  200.0	  100.0	    0.4	    0.0	    0.0	    0.0	   20.5	   22.1	  1	  950.0	  550.0	    0.4	    0.0	   20.5	1	  317.8	 21	    0.0	    0.0	
  334	  33.40	  151.9	 1371.7	  133.9	  694.6	 1258.2	    0.0	  200.0	    0.0	 1500.0	    0.0	  200.0	  100.0	    0.0	    0.0	    0.0	    0.0	   20.5	   22.1	  1	  950.0	  550.0	    0.0	    0.0	   20.5	1	  318.0	 21	    0.0	    0.0	
  335	  33.50	  151.9	 1371.7	  133.9	  694.6	 1258.2	    0.0	  200.0	    0.0	 1500.0	    0.0	  200.0	  100.0	    0.0	    0.0	    0.0	    0.0	   20.6	   22.2	  1	  950.0	  550.0	    0.0	    0.0	   20.6	1	  318.1	 21	    0.0	    0.0	
  336	  33.60	  151.9	 1371.7	  133.9	  694.6	 1258.2	    0.0	  200.0	    0.0	 1500.0	    0.0	  200.0	  100.0	    0.0	    0.0	    0.0	    0.0	   20.7	   22.3	  1	  950.0	  550.0	    0.0	    0.0	   20.7	1	  318.2	 21	    0.0	    0.0	
  337	  33.70	  151.9	 1371.7	  134.0	  694.6	 1258.2	    0.0	  200.0	    0.0	 1500.0	    0.0	  200.0	  100.0	    0.0	    0.0	    0.0	    0.0	   20.7	   22.3	  1	  950.0	  550.0	    0.0	    0.0	   20.7	1	  318.2	 21	    0.0	    0.0	
  338	  33.80	  151.9	 1371.7	  134.0	  686.6	 1252.4	    0.0	  200.0	    0.0	 1500.0	    0.0	  200.0	  100.0	    0.0	    0.0	    0.0	    0.0	   20.8	   22.4	  1	  950.0	  550.0	    0.0	    0.0	   20.8	1	  317.1	 21	    0.0	    0.0	
  339	  33.90	  151.9	 1371.7	  137.0	  686.6	 1252.4	    0.0	  200.0	    0.0	 1500.0	    0.0	  200.0	  100.0	    0.0	    0.0	    0.0	    0.0	   20.9	   22.5	  1	  950.0	  550.0	    0.0	    0.0	   20.9	1	  317.2	 21	    0.0	    0.0	
  340	  34.00	  151.9	 1371.7	  137.1	  686.6	 1252.4	    0.0	  200.0	    0.0	 1500.0	    0.0	  200.0	  100.0	    0.0	    0.0	    0.0	    0.0	   20.9	   22.5	  1	  950.0	  550.0	    0.0	    0.0	   20.9	1	  317.3	 21	    0.0	    0.0	
  341	  34.10	  151.9	 1371.7	  137.1	  686.6	 1252.4	    0.0	  200.0	    0.0	 1500.0	    0.0	  200.0	  100.0	    0.0	    0.0	    0.0	    0.0	   21.0	   22.6	  1	  950.0	  550.0	    0.0	    0.0	   21.0	1	  317.4	 21	    0.0	    0.0	
  342	  34.20	  151.9	 1371.7	  137.2	  688.6	 1248.7	    0.0	  200.0	    0.0	 1500.0	    0.0	  200.0	  100.0	    0.0	    0.0	    0.0	    0.0	   21.1	   22.7	  1	 1150.0	  650.0	    0.0	    0.0	   21.1	1	  319.1	 21	    0.0	    0.0	
  343	  34.30	  151.9	 1371.7	  134.1	  688.6	 1248.7	    0.0	  200.0	    0.0	 1500.0	    0.0	  200.0	  100.0	    0.0	    0.0	    0.0	    0.0	   21.2	   22.7	  1	 1150.0	  650.0	    0.0	    0.0	   21.2	1	  319.1	 21	    0.0	    0.0	
  344	  34.40	  151.9	 1371.7	  134.2	  688.6	 1248.7	    0.0	  200.0	    0.0	 1500.0	    0.0	  200.0	  100.0	    0.0	    0.0	    0.0	    0.0	   21.2	   22.8	  1	 1150.0	  650.0	    0.0	    0.0	   21.2	1	  319.2	 21	    0.0	    0.0	
  345	  34.50	  151.9	 1371.7	  134.4	  688.6	 1248.7	    0.0	  200.0	    0.0	 1500.0	    0.0	  200.0	  100.0	    0.0	    0.0	    0.0	    0.0	   21.3	   22.9	  1	 1150.0	  650.0	    0.0	    0.0	   21.3	1	  319.3	 21	    0.0	    0.0	
  346	  34.60	  151.9	 1371.7	  134.6	  688.6	 1248.7	    0.0	  200.0	    0.0	 1500.0	    0.0	  200.0	  100.0	    0.0	    0.0	    0.0	    0.0	   21.4	   22.9	  1	 1150.0	  650.0	    0.0	    0.0	   21.4	1	  319.4	 21	    0.0	    0.0	
  347	  34.70	  151.9	 1371.7	  134.9	  688.6	 1248.7	    0.0	  200.0	    0.0	 1500.0	    0.0	  200.0	  100.0	    0.0	    0.0	    0.0	    0.0	   21.4	   23.0	  1	 1150.0	  650.0	    0.0	    0.0	   21.4	1	  319.5	 21	    0.0	    0.0	
  348	  34.80	  151.9	 1371.7	  135.3	  688.6	 1248.7	    0.0	  200.0	    0.0	 1500.0	    0.0	  200.0	  100.0	    0.0	    0.0	    0.0	    0.0	   21.5	   23.1	  1	 1150.0	  650.0	    0.0	    0.0	   21.5	1	  319.6	 21	    0.0	    0.0	
  349	  34.90	  151.9	 1371.7	  135.8	  688.6	 1248.7	    0.0	  200.0	    0.0	 1500.0	    0.0	  200.0	  100.0	    0.0	    0.0	    0.0	    0.0	   21.6	   23.1	  1	 1150.0	  650.0	    0.0	    0.0	   21.6	1	  319.7	 21	    0.0	    0.0	
  350	  35.00	  151.9	 1371.7	  136.4	  609.5	 1192.5	    0.0	  200.0	    0.0	 1500.0	    0.0	  200.0	  100.0	    0.0	    0.0	    0.0	    0.0	   21.6	   23.2	  1	  750.0	  450.0	    0.0	    0.0	   21.6	1	  298.5	 21	    0.0	    0.0	
  351	  35.10	  151.9	 1371.7	 -152.8	  688.6	 1248.7	    0.0	  200.0	    0.0	 1500.0	    0.0	  200.0	  100.0	    1.2	    0.0	    0.0	    0.0	   21.7	   23.3	  1	 1150.0	  650.0	    1.2	    0.0	   21.7	1	  319.6	 21	    0.0	    0.0	
  352	  35.20	  151.9	 1371.7	  -15.1	  609.5	 1192.5	    0.0	  200.0	    0.0	 1500.0	    0.0	  200.0	  100.0	    0.8	    0.0	    0.0	    0.0	   21.8	   23.3	  1	  750.0	  450.0	    0.8	    0.0	   21.8	1	  298.4	 21	    0.0	    0.0	
  353	  35.30	  151.9	 1371.7	  -69.0	  609.5	 1192.5	    0.0	  200.0	    0.0	 1500.0	    0.0	  200.0	  100.0	    0.3	    0.0	    0.0	    0.0	   21.8	   23.4	  1	  750.0	  450.0	    0.3	    0.0	   21.8	1	  298.6	 21	    0.0	    0.0	
  354	  35.40	  151.9	 1371.7	  -66.0	  609.5	 1192.5	    0.0	  200.0	    0.0	 1500.0	    0.0	  200.0	  100.0	    0.0	    0.0	    0.0	    0.0	   21.9	   23.5	  1	  750.0	  450.0	    0.0	    0.0	   21.9	1	  298.7	 21	    0.0	    0.0	
  355	  35.50	  151.9	 1371.7	  -65.9	  609.5	 1192.5	    0.0	  200.0	    0.0	 1500.0	    0.0	  200.0	  100.0	    0.0	    0.0	    0.0	    0.0	   21.9	   23.5	  1	  750.0	  450.0	    0.0	    0.0	   21.9	1	  298.8	 21	    0.0	    0.0	
  356	  35.60	  151.9	 1371.7	  -65.9	  609.5	 1192.5	    0.0	  200.0	    0.0	 1500.0	    0.0	  200.0	  100.0	    0.0	    0.0	    0.0	    0.0	   22.0	   23.6	  1	  750.0	  450.0	    0.0	    0.0	   22.0	1	  298.8	 21	    0.0	    0.0	
  357	  35.70	  151.9	 1371.7	  -65.9	  609.5	 1192.5	    0.0	  200.0	    0.0	 1500.0	    0.0	  200.0	  100.0	    0.0	    0.0	    0.0	    0.0	   22.0	   23.7	  1	  750.0	  450.0	    0.0	    0.0	   22.0	1	  298.9	 21	    0.0	    0.0	
  358	  35.80	  151.9	 1371.7	  -65.9	  609.5	 1192.5	    0.0	  200.0	    0.0	 1500.0	    0.0	  200.0	  100.0	    0.0	    0.0	    0.0	    0.0	   22.1	   23.7	  1	  750.0	  450.0	    0.0	    0.0	   22.1	1	  298.9	 21	    0.0	    0.0	
  359	  35.90	  151.9	 1371.7	  -66.0	  609.5	 1192.5	    0.0	  200.0	    0.0	 1500.0	    0.0	  200.0	  100.0	    0.0	    0.0	    0.0	    0.0	   22.1	   23.8	  1	  750.0	  450.0	    0.0	    0.0	   22.1	1	  299.0	 21	    0.0	    0.0	
  360	  36.00	  151.9	 1371.7	  -66.0	  609.5	 1192.5	    0.0	  200.0	    0.0	 1500.0	    0.0	  200.0	  100.0	    0.0	    0.0	    0.0	    0.0	   22.2	   23.9	  1	  750.0	  450.0	    0.0	    0.0	   22.2	1	  299.0	 21	    0.0	    0.0	
  361	  36.10	  151.9	 1371.7	  -66.1	  609.5	 1192.5	    0.0	  200.0	    0.0	 1500.0	    0.0	  200.0	  100.0	    0.0	    0.0	    0.0	    0.0	   22.3	   24.0	  1	  750.0	  450.0	    0.0	    0.0	   22.3	1	  299.1	 21	    0.0	    0.0	
  362	  36.20	  151.9	 1371.7	  -66.2	  609.5	 1192.5	    0.0	  200.0	    0.0	 1500.0	    0.0	  200.0	  100.0	    0.0	    0.0	    0.0	    0.0	   22.3	   24.0	  1	  750.0	  450.0	    0.0	    0.0	   22.3	1	  299.1	 21	    0.0	    0.0	
  363	  36.30	  151.9	 1371.7	  -66.3	  609.5	 1192.5	    0.0	  200.0	    0.0	 1500.0	    0.0	  200.0	  100.0	    0.0	    0.0	    0.0	    0.0	   22.4	   24.1	  1	  750.0	  450.0	    0.0	    0.0	   22.4	1	  299.2	 21	    0.0	    0.0	
  364	  36.40	  151.9	 1371.7	  -66.5	  609.5	 1192.5	    0.0	  200.0	    0.0	 1500.0	    0.0	  200.0	  100.0	    0.0	    0.0	    0.0	    0.0	   22.4	   24.2	  1	  750.0	  450.0	    0.0	    0.0	   22.4	1	  299.2	 21	    0.0	    0.0	
  365	  36.50	  151.9	 1371.7	  -66.8	  609.5	 1192.5	    0.0	  200.0	    0.0	 1500.0	    0.0	  200.0	  100.0	    0.0	    0.0	    0.0	    0.0	   22.5	   24.2	  1	  750.0	  450.0	    0.0	    0.0	   22.5	1	  299.3	 21	    0.0	    0.0	
  366	  36.60	  151.9	 1371.7	  -67.4	  609.5	 1192.5	    0.0	  200.0	    0.0	 1500.0	    0.0	  200.0	  100.0	    0.0	    0.0	    0.0	    0.0	   22.5	   24.3	  1	  750.0	  450.0	    0.0	    0.0	   22.5	1	  299.3	 21	    0.0	    0.0	
  367	  36.70	  151.9	 1371.7	  -69.0	  609.5	 1192.5	    0.0	  200.0	    0.0	 1500.0	    0.0	  200.0	  100.0	    0.0	    0.0	    0.0	    0.0	   22.6	   24.4	  1	  750.0	  450.0	    0.0	    0.0	   22.6	1	  299.4	 21	    0.0	    0.0	
  368	  36.80	  151.9	 1371.7	 -154.3	  609.5	 1192.5	    0.0	  200.0	    0.0	 1500.0	    0.0	  200.0	  100.0	    0.0	    0.0	    0.0	    0.0	   22.6	   24.4	  1	  750.0	  450.0	    0.0	    0.0	   22.6	1	  299.4	 21	    0.0	    0.0	
  369	  36.90	  151.9	 1371.7	  117.0	  609.5	 1192.5	    0.0	  200.0	    0.0	 1500.0	    0.0	  200.0	  100.0	    0.0	    0.0	    0.0	    0.0	   22.7	   24.5	  1	  750.0	  450.0	    0.0	    0.0	   22.7	1	  299.5	 21	    0.0	    0.0	
  370	  37.00	  151.9	 1371.7	  117.0	  609.5	 1192.5	    0.0	  200.0	    0.0	 1500.0	    0.0	  200.0	  100.0	    0.0	    0.0	    0.0	    0.0	   22.7	   24.6	  1	  750.0	  450.0	    0.0	    0.0	   22.7	1	  299.5	 21	    0.0	    0.0	
  371	  37.10	  151.9	 1371.7	  117.0	  609.5	 1192.5	    0.0	  200.0	    0.0	 1500.0	    0.0	  200.0	  100.0	    0.0	    0.0	    0.0	    0.0	   22.8	   24.6	  1	  750.0	  450.0	    0.0	    0.0	   22.8	1	  299.5	 21	    0.0	    0.0	
  372	  37.20	  151.9	 1371.7	  117.0	  609.5	 1192.5	    0.0	  200.0	    0.0	 1500.0	    0.0	  200.0	  100.0	    0.0	    0.0	    0.0	    0.0	   22.9	   24.7	  1	  750.0	  450.0	    0.0	    0.0	   22.9	1	  299.6	 21	    0.0	    0.0	
  373	  37.30	  151.9	 1371.7	  117.0	  609.5	 1192.5	    0.0	  200.0	    0.0	 1500.0	    0.0	  200.0	  100.0	    0.0	    0.0	    0.0	    0.0	   22.9	   24.8	  1	  750.0	  450.0	    0.0	    0.0	   22.9	1	  299.6	 21	    0.0	    0.0	
  374	  37.40	  151.9	 1371.7	  117.0	  609.5	 1192.5	    0.0	  200.0	    0.0	 1500.0	    0.0	  200.0	  100.0	    0.0	    0.0	    0.0	    0.0	   23.0	   24.8	  1	  750.0	  450.0	    0.0	    0.0	   23.0	1	  299.7	 21	    0.0	    0.0	
  375	  37.50	  151.9	 1371.7	  117.0	  609.5	 1192.5	    0.0	  200.0	    0.0	 1500.0	    0.0	  200.0	  100.0	    0.0	    0.0	    0.0	    0.0	   23.0	   24.9	  1	  750.0	  450.0	    0.0	    0.0	   23.0	1	  299.7	 21	    0.0	    0.0	
  376	  37.60	  151.9	 1371.7	  117.0	  609.5	 1192.5	    0.0	  200.0	    0.0	 1500.0	    0.0	  200.0	  100.0	    0.0	    0.0	    0.0	    0.0	   23.1	   25.0	  1	  750.0	  450.0	    0.0	    0.0	   23.1	1	  299.8	 21	    0.0	    0.0	
  377	  37.70	  151.9	 1371.7	  117.1	  609.5	 1192.5	    0.0	  200.0	    0.0	 1500.0	    0.0	  200.0	  100.0	    0.0	    0.0	    0.0	    0.0	   23.1	   25.0	  1	  750.0	  450.0	    0.0	    0.0	   23.1	1	  299.8	 21	    0.0	    0.0	
  378	  37.80	  151.9	 1371.7	  117.1	  609.5	 1192.5	    0.0	  200.0	    0.0	 1500.0	    0.0	  200.0	  100.0	    0.0	    0.0	    0.0	    0.0	   23.2	   25.1	  1	  750.0	  450.0	    0.0	    0.0	   23.2	1	  299.9	 21	    0.0	    0.0	
  379	  37.90	  151.9	 1371.7	  117.1	  609.5	 1192.5	    0.0	  200.0	    0.0	 1500.0	    0.0	  200.0	  100.0	    0.0	    0.0	    0.0	    0.0	   23.2	   25.2	  1	  750.0	  450.0	    0.0	    0.0	   23.2	1	  299.9	 21	    0.0	    0.0	
  380	  38.00	  151.9	 1371.7	  117.2	  609.5	 1192.5	    0.0	  200.0	    0.0	 1500.0	    0.0	  200.0	  100.0	    0.0	    0.0	    0.0	    0.0	   23.3	   25.2	  1	  750.0	  450.0	    0.0	    0.0	   23.3	1	  300.0	 21	    0.0	    0.0	
