    1	   0.10	    0.0	    0.0	    0.0	    0.0	    0.0	    0.0	    0.0	    0.0	    0.0	    0.0	    0.0	  100.0	   99.9	    0.0	    0.0	    0.0	    0.0	    0.1	  1	 -750.0	  750.0	   99.9	    0.0	    0.0	1	  967.7	 21	    0.0	    5.0	
    2	   0.20	    0.0	    0.0	  -91.1	    0.0	    0.0	    0.0	    0.0	    0.0	    0.0	    0.0	    0.0	  100.0	   99.4	    0.0	    0.0	    0.0	    0.0	    0.1	  1	  -50.0	 1250.0	   99.4	    0.0	    0.0	1	 1173.9	 21	    0.0	    5.0	
    3	   0.30	    0.0	    0.0	  -90.0	    0.0	    0.0	    0.0	    0.0	    0.0	    0.0	    0.0	    0.0	  100.0	   98.9	    0.0	    0.0	    0.0	    0.0	    0.2	  1	  -50.0	 1250.0	   98.9	    0.0	    0.0	1	 1173.9	 21	    0.0	    5.0	
    4	   0.40	    0.0	    0.0	  -90.0	    0.0	    0.0	    0.0	    0.0	    0.0	    0.0	    0.0	    0.0	  100.0	   98.4	    0.0	    0.0	    0.0	    0.0	    0.3	  1	  -50.0	 1250.0	   98.4	    0.0	    0.0	1	 1173.9	 21	    0.0	    5.0	
    5	   0.50	    0.0	    0.0	  -90.0	    0.0	    0.0	    0.0	    0.0	    0.0	    0.0	    0.0	    0.0	  100.0	   97.9	    0.0	    0.0	    0.0	    0.0	    0.4	  1	  -50.0	 1250.0	   97.9	    0.0	    0.0	1	 1173.9	 21	    0.0	    5.0	
    6	   0.60	    0.0	    0.0	  -90.0	    0.0	    0.0	    0.0	    0.0	    0.0	    0.0	    0.0	    0.0	  100.0	   97.4	    0.0	    0.0	    0.0	    0.0	    0.4	  1	  -50.0	 1250.0	   97.4	    0.0	    0.0	1	 1173.9	 21	    0.0	    5.0	
    7	   0.70	    0.0	    0.0	  -90.0	    0.0	    0.0	    0.0	    0.0	    0.0	    0.0	    0.0	    0.0	  100.0	   96.9	    0.0	    0.0	    0.0	    0.0	    0.5	  1	  -50.0	 1250.0	   96.9	    0.0	    0.0	1	 1173.9	 21	    0.0	    5.0	
    8	   0.80	    0.0	    0.0	  -90.0	    0.0	    0.0	    0.0	    0.0	    0.0	    0.0	    0.0	    0.0	  100.0	   96.4	    0.0	    0.0	    0.0	    0.0	    0.6	  1	  -50.0	 1250.0	   96.4	    0.0	    0.0	1	 1173.9	 21	    0.0	    5.0	
    9	   0.90	    0.0	    0.0	  -90.0	    0.0	    0.0	    0.0	    0.0	    0.0	    0.0	    0.0	    0.0	  100.0	   95.9	    0.0	    0.0	    0.0	    0.0	    0.6	  1	  -50.0	 1250.0	   95.9	    0.0	    0.0	1	 1173.9	 21	    0.0	    5.0	
   10	   1.00	    0.0	    0.0	  -90.0	    0.0	    0.0	    0.0	    0.0	    0.0	    0.0	    0.0	    0.0	  100.0	   95.4	    0.0	    0.0	    0.0	    0.0	    0.7	  1	  -50.0	 1250.0	   95.4	    0.0	    0.0	1	 1173.9	 21	    0.0	    5.0	
   11	   1.10	    0.0	    0.0	  -90.0	    0.0	    0.0	    0.0	    0.0	    0.0	    0.0	    0.0	    0.0	  100.0	   94.9	    0.0	    0.0	    0.0	    0.0	    0.8	  1	  -50.0	 1250.0	   94.9	    0.0	    0.0	1	 1173.9	 21	    0.0	    5.0	
   12	   1.20	    0.0	    0.0	  -90.0	    0.0	    0.0	    0.0	    0.0	    0.0	    0.0	    0.0	    0.0	  100.0	   94.4	    0.0	    0.0	    0.0	    0.0	    0.9	  1	  -50.0	 1250.0	   94.4	    0.0	    0.0	1	 1173.9	 21	    0.0	    5.0	
   13	   1.30	    0.0	    0.0	  -90.0	    0.0	    0.0	    0.0	    0.0	    0.0	    0.0	    0.0	    0.0	  100.0	   93.9	    0.0	    0.0	    0.0	    0.0	    0.9	  1	  -50.0	 1250.0	   93.9	    0.0	    0.0	1	 1173.9	 21	    0.0	    5.0	
   14	   1.40	    0.0	    0.0	  -90.0	    0.0	    0.0	    0.0	    0.0	    0.0	    0.0	    0.0	    0.0	  100.0	   93.4	    0.0	    0.0	    0.0	    0.0	    1.0	  1	  -50.0	 1250.0	   93.4	    0.0	    0.0	1	 1173.9	 21	    0.0	    5.0	
   15	   1.50	    0.0	    0.0	  -90.0	    0.0	    0.0	    0.0	    0.0	    0.0	    0.0	    0.0	    0.0	  100.0	   92.9	    0.0	    0.0	    0.0	    0.0	    1.1	  1	  -50.0	 1250.0	   92.9	    0.0	    0.0	1	 1173.9	 21	    0.0	    5.0	
   16	   1.60	    0.0	    0.0	  -90.0	    0.0	    0.0	    0.0	    0.0	    0.0	    0.0	    0.0	    0.0	  100.0	   92.4	    0.0	    0.0	    0.0	    0.0	    1.1	  1	  -50.0	 1250.0	   92.4	    0.0	    0.0	1	 1173.9	 21	    0.0	    5.0	
   17	   1.70	    0.0	    0.0	  -90.0	    0.0	    0.0	    0.0	    0.0	    0.0	    0.0	    0.0	    0.0	  100.0	   91.9	    0.0	    0.0	    0.0	    0.0	    1.2	  1	  -50.0	 1250.0	   91.9	    0.0	    0.0	1	 1173.9	 21	    0.0	    5.0	
   18	   1.80	    0.0	    0.0	  -90.0	    0.0	    0.0	    0.0	    0.0	    0.0	    0.0	    0.0	    0.0	  100.0	   91.4	    0.0	    0.0	    0.0	    0.0	    1.3	  1	  -50.0	 1250.0	   91.4	    0.0	    0.0	1	 1173.9	 21	    0.0	    5.0	
   19	   1.90	    0.0	    0.0	  -90.0	    0.0	    0.0	    0.0	    0.0	    0.0	    0.0	    0.0	    0.0	  100.0	   90.9	    0.0	    0.0	    0.0	    0.0	    1.4	  1	  -50.0	 1250.0	   90.9	    0.0	    0.0	1	 1173.9	 21	    0.0	    5.0	
   20	   2.00	    0.0	    0.0	  -90.0	    0.0	    0.0	    0.0	    0.0	    0.0	    0.0	    0.0	    0.0	  100.0	   90.4	    0.0	    0.0	    0.0	    0.0	    1.4	  1	  -50.0	 1250.0	   90.4	    0.0	    0.0	1	 1173.9	 21	    0.0	    5.0	
   21	   2.10	    0.0	    0.0	  -90.0	    0.0	    0.0	    0.0	    0.0	    0.0	    0.0	    0.0	    0.0	  100.0	   89.9	    0.0	    0.0	    0.0	    0.0	    1.5	  1	  -50.0	 1250.0	   89.9	    0.0	    0.0	1	 1173.9	 21	    0.0	    5.0	
   22	   2.20	    0.0	    0.0	  -90.0	    0.0	    0.0	    0.0	    0.0	    0.0	    0.0	    0.0	    0.0	  100.0	   89.4	    0.0	    0.0	    0.0	    0.0	    1.6	  1	  -50.0	 1250.0	   89.4	    0.0	    0.0	1	 1173.9	 21	    0.0	    5.0	
   23	   2.30	    0.0	    0.0	  -90.0	    0.0	    0.0	    0.0	    0.0	    0.0	    0.0	    0.0	    0.0	  100.0	   88.9	    0.0	    0.0	    0.0	    0.0	    1.6	  1	  -50.0	 1250.0	   88.9	    0.0	    0.0	1	 1173.9	 21	    0.0	    5.0	
   24	   2.40	    0.0	    0.0	  -90.0	    0.0	    0.0	    0.0	    0.0	    0.0	    0.0	    0.0	    0.0	  100.0	   88.4	    0.0	    0.0	    0.0	    0.0	    1.7	  1	  -50.0	 1250.0	   88.4	    0.0	    0.0	1	 1173.9	 21	    0.0	    5.0	
   25	   2.50	    0.0	    0.0	  -90.0	    0.0	    0.0	    0.0	    0.0	    0.0	    0.0	    0.0	    0.0	  100.0	   87.9	    0.0	    0.0	    0.0	    0.0	    1.8	  1	  -50.0	 1250.0	   87.9	    0.0	    0.0	1	 1173.9	 21	    0.0	    5.0	
   26	   2.60	    0.0	    0.0	  -90.0	    0.0	    0.0	    0.0	    0.0	    0.0	    0.0	    0.0	    0.0	  100.0	   87.4	    0.0	    0.0	    0.0	    0.0	    1.9	  1	  -50.0	 1250.0	   87.4	    0.0	    0.0	1	 1173.9	 21	    0.0	    5.0	
   27	   2.70	    0.0	    0.0	  -90.0	    0.0	    0.0	    0.0	    0.0	    0.0	    0.0	    0.0	    0.0	  100.0	   86.9	    0.0	    0.0	    0.0	    0.0	    1.9	  1	  -50.0	 1250.0	   86.9	    0.0	    0.0	1	 1173.9	 21	    0.0	    5.0	
   28	   2.80	    0.0	    0.0	  -90.0	    0.0	    0.0	    0.0	    0.0	    0.0	    0.0	    0.0	    0.0	  100.0	   86.4	    0.0	    0.0	    0.0	    0.0	    2.0	  1	  -50.0	 1250.0	   86.4	    0.0	    0.0	1	 1173.9	 21	    0.0	    5.0	
   29	   2.90	    0.0	    0.0	  -90.0	    0.0	    0.0	    0.0	    0.0	    0.0	    0.0	    0.0	    0.0	  100.0	   85.9	    0.0	    0.0	    0.0	    0.0	    2.1	  1	  -50.0	 1250.0	   85.9	    0.0	    0.0	1	 1173.9	 21	    0.0	    5.0	
   30	   3.00	    0.0	    0.0	  -90.0	    0.0	    0.0	    0.0	    0.0	    0.0	    0.0	    0.0	    0.0	  100.0	   85.4	    0.0	    0.0	    0.0	    0.0	    2.1	  1	  -50.0	 1250.0	   85.4	    0.0	    0.0	1	 1173.9	 21	    0.0	    5.0	
   31	   3.10	    0.0	    0.0	  -90.0	    0.0	    0.0	    0.0	    0.0	    0.0	    0.0	    0.0	    0.0	  100.0	   84.9	    0.0	    0.0	    0.0	    0.0	    2.2	  1	  -50.0	 1250.0	   84.9	    0.0	    0.0	1	 1173.9	 21	    0.0	    5.0	
   32	   3.20	    0.0	    0.0	  -90.0	    0.0	    0.0	    0.0	    0.0	    0.0	    0.0	    0.0	    0.0	  100.0	   84.4	    0.0	    0.0	    0.0	    0.0	    2.3	  1	  -50.0	 1250.0	   84.4	    0.0	    0.0	1	 1173.9	 21	    0.0	    5.0	
   33	   3.30	    0.0	    0.0	  -90.0	    0.0	    0.0	    0.0	    0.0	    0.0	    0.0	    0.0	    0.0	  100.0	   83.9	    0.0	    0.0	    0.0	    0.0	    2.4	  1	  -50.0	 1250.0	   83.9	    0.0	    0.0	1	 1173.9	 21	    0.0	    5.0	
   34	   3.40	    0.0	    0.0	  -90.0	    0.0	    0.0	    0.0	    0.0	    0.0	    0.0	    0.0	    0.0	  100.0	   83.4	    0.0	    0.0	    0.0	    0.0	    2.4	  1	  -50.0	 1250.0	   83.4	    0.0	    0.0	1	 1173.9	 21	    0.0	    5.0	
   35	   3.50	    0.0	    0.0	  -90.0	    0.0	    0.0	    0.0	    0.0	    0.0	    0.0	    0.0	    0.0	  100.0	   82.9	    0.0	    0.0	    0.0	    0.0	    2.5	  1	  -50.0	 1250.0	   82.9	    0.0	    0.0	1	 1173.1	 21	    0.0	    5.0	
   36	   3.60	    0.0	    0.0	  -91.0	    0.0	    0.0	    0.0	    0.0	    0.0	    0.0	    0.0	    0.0	  100.0	   82.4	    0.0	    0.0	    0.0	    0.0	    2.6	  1	  -50.0	 1250.0	   82.4	    0.0	    0.0	1	 1172.3	 21	    0.0	    5.0	
   37	   3.70	    0.0	    0.0	  -92.5	    0.0	    0.0	    0.0	    0.0	    0.0	    0.0	    0.0	    0.0	  100.0	   81.9	    0.0	    0.0	    0.0	    0.0	    2.6	  1	  -50.0	 1250.0	   81.9	    0.0	    0.0	1	 1171.5	 21	    0.0	    5.0	
   38	   3.80	    0.0	    0.0	  -94.5	    0.0	    0.0	    0.0	    0.0	    0.0	    0.0	    0.0	    0.0	  100.0	   81.4	    0.0	    0.0	    0.0	    0.0	    2.7	  1	  -50.0	 1250.0	   81.4	    0.0	    0.0	1	 1170.7	 21	    0.0	    5.0	
   39	   3.90	    0.0	    0.0	  -97.0	    0.0	    0.0	    0.0	    0.0	    0.0	    0.0	    0.0	    0.0	  100.0	   80.9	    0.0	    0.0	    0.0	    0.0	    2.8	  1	  -50.0	 1250.0	   80.9	    0.0	    0.0	1	 1169.9	 21	    0.0	    5.0	
   40	   4.00	    0.0	    0.0	 -100.3	    0.0	    0.0	    0.0	    0.0	    0.0	    0.0	    0.0	    0.0	  100.0	   80.4	    0.0	    0.0	    0.0	    0.0	    2.9	  1	  -50.0	 1250.0	   80.4	    0.0	    0.0	1	 1169.0	 21	    0.0	    5.0	
   41	   4.10	    0.0	    0.0	 -104.4	    0.0	    0.0	    0.0	    0.0	    0.0	    0.0	    0.0	    0.0	  100.0	   79.9	    0.0	    0.0	    0.0	    0.0	    2.9	  1	  -50.0	 1250.0	   79.9	    0.0	    0.0	1	 1168.2	 21	    0.0	    5.0	
   42	   4.20	    0.0	    0.0	 -109.6	    0.0	    0.0	    0.0	    0.0	    0.0	    0.0	    0.0	    0.0	  100.0	   79.4	    0.0	    0.0	    0.0	    0.0	    3.0	  1	  -50.0	 1250.0	   79.4	    0.0	    0.0	1	 1167.4	 21	    0.0	    5.0	
   43	   4.30	    0.0	    0.0	 -115.9	    0.0	    0.0	    0.0	    0.0	    0.0	    0.0	    0.0	    0.0	  100.0	   78.9	    0.0	    0.0	    0.0	    0.0	    3.1	  1	  -50.0	 1250.0	   78.9	    0.0	    0.0	1	 1166.5	 21	    0.0	    5.0	
   44	   4.40	    0.0	    0.0	 -123.2	    0.0	    0.0	    0.0	    0.0	    0.0	    0.0	    0.0	    0.0	  100.0	   78.4	    0.0	    0.0	    0.0	    0.0	    3.1	  1	  -50.0	 1250.0	   78.4	    0.0	    0.0	1	 1165.7	 21	    0.0	    5.0	
   45	   4.50	    0.0	    0.0	 -131.2	    0.0	    0.0	    0.0	    0.0	    0.0	    0.0	    0.0	    0.0	  100.0	   77.9	    0.0	    0.0	    0.0	    0.0	    3.2	  1	  -50.0	 1250.0	   77.9	    0.0	    0.0	1	 1164.8	 21	    0.0	    5.0	
   46	   4.60	    0.0	    0.0	 -139.3	    0.0	    0.0	    0.0	    0.0	    0.0	    0.0	    0.0	    0.0	  100.0	   77.4	    0.0	    0.0	    0.0	    0.0	    3.3	  1	  -50.0	 1250.0	   77.4	    0.0	    0.0	1	 1163.9	 21	    0.0	    5.0	
   47	   4.70	    0.0	    0.0	 -146.9	    0.0	    0.0	    0.0	    0.0	    0.0	    0.0	    0.0	    0.0	  100.0	   76.9	    0.0	    0.0	    0.0	    0.0	    3.4	  1	  -50.0	 1250.0	   76.9	    0.0	    0.0	1	 1163.1	 21	    0.0	    5.0	
   48	   4.80	    0.0	    0.0	 -153.7	    0.0	    0.0	    0.0	    0.0	    0.0	    0.0	    0.0	    0.0	  100.0	   76.4	    0.0	    0.0	    0.0	    0.0	    3.4	  1	  -50.0	 1250.0	   76.4	    0.0	    0.0	1	 1162.2	 21	    0.0	    5.0	
   49	   4.90	    0.0	    0.0	 -159.4	    0.0	    0.0	    0.0	    0.0	    0.0	    0.0	    0.0	    0.0	  100.0	   75.9	    0.0	    0.0	    0.0	    0.0	    3.5	  1	  -50.0	 1250.0	   75.9	    0.0	    0.0	1	 1161.3	 21	    0.0	    5.0	
   50	   5.00	    0.0	    0.0	 -164.0	    0.0	    0.0	    0.0	    0.0	    0.0	    0.0	    0.0	    0.0	  100.0	   75.4	    0.0	    0.0	    0.0	    0.0	    3.6	  1	  -50.0	 1250.0	   75.4	    0.0	    0.0	1	 1160.4	 21	    0.0	    5.0	
   51	   5.10	    0.0	    0.0	 -167.7	    0.0	    0.0	    0.0	    0.0	    0.0	    0.0	    0.0	    0.0	  100.0	   74.9	    0.0	    0.0	    0.0	    0.0	    3.6	  1	  -50.0	 1250.0	   74.9	    0.0	    0.0	1	 1159.5	 21	    0.0	    5.0	
   52	   5.20	    0.0	    0.0	 -170.5	    0.0	    0.0	    0.0	    0.0	    0.0	    0.0	    0.0	    0.0	  100.0	   74.4	    0.0	    0.0	    0.0	    0.0	    3.7	  1	  -50.0	 1250.0	   74.4	    0.0	    0.0	1	 1158.6	 21	    0.0	    5.0	
   53	   5.30	    0.0	    0.0	 -179.9	    0.0	    0.0	    0.0	    0.0	    0.0	    0.0	    0.0	    0.0	  100.0	   73.9	    0.0	    0.0	    0.0	    0.0	    3.8	  1	  -50.0	 1250.0	   73.9	    0.0	    0.0	1	 1157.7	 21	    0.0	    5.0	
   54	   5.40	    0.0	    0.0	 -180.0	    0.0	    0.0	    0.0	    0.0	    0.0	    0.0	    0.0	    0.0	  100.0	   73.4	    0.0	    0.0	    0.0	    0.0	    3.9	  1	  -50.0	 1250.0	   73.4	    0.0	    0.0	1	 1156.8	 21	    0.0	    5.0	
   55	   5.50	    0.0	    0.0	 -180.0	    0.0	    0.0	    0.0	    0.0	    0.0	    0.0	    0.0	    0.0	  100.0	   72.9	    0.0	    0.0	    0.0	    0.0	    3.9	  1	  -50.0	 1250.0	   72.9	    0.0	    0.0	1	 1155.9	 21	    0.0	    5.0	
   56	   5.60	    0.0	    0.0	 -180.0	    0.0	    0.0	    0.0	    0.0	    0.0	    0.0	    0.0	    0.0	  100.0	   72.4	    0.0	    0.0	    0.0	    0.0	    4.0	  1	  -50.0	 1250.0	   72.4	    0.0	    0.0	1	 1155.1	 21	    0.0	    5.0	
   57	   5.70	    0.0	    0.0	 -180.0	    0.0	    0.0	    0.0	    0.0	    0.0	    0.0	    0.0	    0.0	  100.0	   71.9	    0.0	    0.0	    0.0	    0.0	    4.1	  1	  -50.0	 1250.0	   71.9	    0.0	    0.0	1	 1154.5	 21	    0.0	    5.0	
   58	   5.80	    0.0	    0.0	 -180.0	    0.0	    0.0	    0.0	    0.0	    0.0	    0.0	    0.0	    0.0	  100.0	   71.4	    0.0	    0.0	    0.0	    0.0	    4.1	  1	  -50.0	 1250.0	   71.4	    0.0	    0.0	1	 1153.8	 21	    0.0	    5.0	
   59	   5.90	    0.0	    0.0	 -180.0	    0.0	    0.0	    0.0	    0.0	    0.0	    0.0	    0.0	    0.0	  100.0	   70.9	    0.0	    0.0	    0.0	    0.0	    4.2	  1	  -50.0	 1250.0	   70.9	    0.0	    0.0	1	 1153.1	 21	    0.0	    5.0	
   60	   6.00	    0.0	    0.0	 -180.0	    0.0	    0.0	    0.0	    0.0	    0.0	    0.0	    0.0	    0.0	  100.0	   70.4	    0.0	    0.0	    0.0	    0.0	    4.3	  1	  -50.0	 1250.0	   70.4	    0.0	    0.0	1	 1152.4	 21	    0.0	    5.0	
   61	   6.10	    0.0	    0.0	 -180.0	    0.0	    0.0	    0.0	    0.0	    0.0	    0.0	    0.0	    0.0	  100.0	   69.9	    0.0	    0.0	    0.0	    0.0	    4.4	  1	  -50.0	 1250.0	   69.9	    0.0	    0.0	1	 1151.7	 21	    0.0	    5.0	
   62	   6.20	    0.0	    0.0	 -179.9	    0.0	    0.0	    0.0	    0.0	    0.0	    0.0	    0.0	    0.0	  100.0	   69.4	    0.0	    0.0	    0.0	    0.0	    4.4	  1	  -50.0	 1250.0	   69.4	    0.0	    0.0	1	 1151.0	 21	    0.0	    5.0	
   63	   6.30	    0.0	    0.0	   -0.1	    0.0	    0.0	    0.0	    0.0	    0.0	    0.0	    0.0	    0.0	  100.0	   68.9	    0.0	    0.0	    0.0	    0.0	    4.5	  1	  -50.0	 1250.0	   68.9	    0.0	    0.0	1	 1150.3	 21	    0.0	    5.0	
   64	   6.40	    0.0	    0.0	   -0.0	    0.0	    0.0	    0.0	    0.0	    0.0	    0.0	    0.0	    0.0	  100.0	   68.4	    0.0	    0.0	    0.0	    0.0	    4.6	  1	  -50.0	 1250.0	   68.4	    0.0	    0.0	1	 1149.6	 21	    0.0	    5.0	
   65	   6.50	    0.0	    0.0	   -0.0	    0.0	    0.0	    0.0	    0.0	    0.0	    0.0	    0.0	    0.0	  100.0	   67.9	    0.0	    0.0	    0.0	    0.0	    4.6	  1	  -50.0	 1250.0	   67.9	    0.0	    0.0	1	 1148.9	 21	    0.0	    5.0	
   66	   6.60	    0.0	    0.0	   -0.0	    0.0	    0.0	    0.0	    0.0	    0.0	    0.0	    0.0	    0.0	  100.0	   67.4	    0.0	    0.0	    0.0	    0.0	    4.7	  1	  -50.0	 1250.0	   67.4	    0.0	    0.0	1	 1148.1	 21	    0.0	    5.0	
   67	   6.70	    0.0	    0.0	   -0.0	    0.0	    0.0	    0.0	    0.0	    0.0	    0.0	    0.0	    0.0	  100.0	   66.9	    0.0	    0.0	    0.0	    0.0	    4.8	  1	  -50.0	 1250.0	   66.9	    0.0	    0.0	1	 1147.3	 21	    0.0	    5.0	
   68	   6.80	    0.0	    0.0	   -0.0	    0.0	    0.0	    0.0	    0.0	    0.0	    0.0	    0.0	    0.0	  100.0	   66.4	    0.0	    0.0	    0.0	    0.0	    4.9	  1	  -50.0	 1250.0	   66.4	    0.0	    0.0	1	 1146.5	 21	    0.0	    5.0	
   69	   6.90	    0.0	    0.0	   -0.0	    0.0	    0.0	    0.0	    0.0	    0.0	    0.0	    0.0	    0.0	  100.0	   65.9	    0.0	    0.0	    0.0	    0.0	    4.9	  1	  -50.0	 1250.0	   65.9	    0.0	    0.0	1	 1145.6	 21	    0.0	    5.0	
   70	   7.00	    0.0	    0.0	   -0.0	    0.0	    0.0	    0.0	    0.0	    0.0	    0.0	    0.0	    0.0	  100.0	   65.4	    0.0	    0.0	    0.0	    0.0	    5.0	  1	  -50.0	 1250.0	   65.4	    0.0	    0.0	1	 1144.8	 21	    0.0	    5.0	
   71	   7.10	    0.0	    0.0	   -0.0	    0.0	    0.0	    0.0	    0.0	    0.0	    0.0	    0.0	    0.0	  100.0	   64.9	    0.0	    0.0	    0.0	    0.0	    5.1	  1	  -50.0	 1250.0	   64.9	    0.0	    0.0	1	 1144.0	 21	    0.0	    5.0	
   72	   7.20	    0.0	    0.0	   -0.0	    0.0	    0.0	    0.0	    0.0	    0.0	    0.0	    0.0	    0.0	  100.0	   64.4	    0.0	    0.0	    0.0	    0.0	    5.1	  1	  -50.0	 1250.0	   64.4	    0.0	    0.0	1	 1143.1	 21	    0.0	    5.0	
   73	   7.30	    0.0	    0.0	   -0.0	    0.0	    0.0	    0.0	    0.0	    0.0	    0.0	    0.0	    0.0	  100.0	   63.9	    0.0	    0.0	    0.0	    0.0	    5.2	  1	  -50.0	 1250.0	   63.9	    0.0	    0.0	1	 1142.3	 21	    0.0	    5.0	
   74	   7.40	    0.0	    0.0	   -0.0	    0.0	    0.0	    0.0	    0.0	    0.0	    0.0	    0.0	    0.0	  100.0	   63.4	    0.0	    0.0	    0.0	    0.0	    5.3	  1	  -50.0	 1250.0	   63.4	    0.0	    0.0	1	 1141.4	 21	    0.0	    5.0	
   75	   7.50	    0.0	    0.0	   -0.0	    0.0	    0.0	    0.0	    0.0	    0.0	    0.0	    0.0	    0.0	  100.0	   62.9	    0.0	    0.0	    0.0	    0.0	    5.4	  1	  -50.0	 1250.0	   62.9	    0.0	    0.0	1	 1140.5	 21	    0.0	    5.0	
   76	   7.60	    0.0	    0.0	   -0.0	    0.0	    0.0	    0.0	    0.0	    0.0	    0.0	    0.0	    0.0	  100.0	   62.4	    0.0	    0.0	    0.0	    0.0	    5.4	  1	  -50.0	 1250.0	   62.4	    0.0	    0.0	1	 1139.6	 21	    0.0	    5.0	
   77	   7.70	    0.0	    0.0	   -0.0	    0.0	    0.0	    0.0	    0.0	    0.0	    0.0	    0.0	    0.0	  100.0	   61.9	    0.0	    0.0	    0.0	    0.0	    5.5	  1	  -50.0	 1250.0	   61.9	    0.0	    0.0	1	 1138.6	 21	    0.0	    5.0	
   78	   7.80	    0.0	    0.0	   -0.0	    0.0	    0.0	    0.0	    0.0	    0.0	    0.0	    0.0	    0.0	  100.0	   61.4	    0.0	    0.0	    0.0	    0.0	    5.6	  1	  -50.0	 1250.0	   61.4	    0.0	    0.0	1	 1137.7	 21	    0.0	    5.0	
   79	   7.90	    0.0	    0.0	   -0.0	    0.0	    0.0	    0.0	    0.0	    0.0	    0.0	    0.0	    0.0	  100.0	   60.9	    0.0	    0.0	    0.0	    0.0	    5.6	  1	  -50.0	 1250.0	   60.9	    0.0	    0.0	1	 1136.7	 21	    0.0	    5.0	
   80	   8.00	    0.0	    0.0	   -0.0	    0.0	    0.0	    0.0	    0.0	    0.0	    0.0	    0.0	    0.0	  100.0	   60.4	    0.0	    0.0	    0.0	    0.0	    5.7	  1	  -50.0	 1250.0	   60.4	    0.0	    0.0	1	 1135.7	 21	    0.0	    5.0	
   81	   8.10	    0.0	    0.0	   -0.0	    0.0	    0.0	    0.0	    0.0	    0.0	    0.0	    0.0	    0.0	  100.0	   59.9	    0.0	    0.0	    0.0	    0.0	    5.8	  1	  -50.0	 1250.0	   59.9	    0.0	    0.0	1	 1134.8	 21	    0.0	    5.0	
   82	   8.20	    0.0	    0.0	   -0.0	    0.0	    0.0	    0.0	    0.0	    0.0	    0.0	    0.0	    0.0	  100.0	   59.4	    0.0	    0.0	    0.0	    0.0	    5.9	  1	  -50.0	 1250.0	   59.4	    0.0	    0.0	1	 1133.8	 21	    0.0	    5.0	
   83	   8.30	    0.0	    0.0	   -0.0	    0.0	    0.0	    0.0	    0.0	    0.0	    0.0	    0.0	    0.0	  100.0	   58.9	    0.0	    0.0	    0.0	    0.0	    5.9	  1	  -50.0	 1250.0	   58.9	    0.0	    0.0	1	 1132.8	 21	    0.0	    5.0	
   84	   8.40	    0.0	    0.0	   -0.0	    0.0	    0.0	    0.0	    0.0	    0.0	    0.0	    0.0	    0.0	  100.0	   58.4	    0.0	    0.0	    0.0	    0.0	    6.0	  1	  -50.0	 1250.0	   58.4	    0.0	    0.0	1	 1131.8	 21	    0.0	    5.0	
   85	   8.50	    0.0	    0.0	   -0.0	    0.0	    0.0	    0.0	    0.0	    0.0	    0.0	    0.0	    0.0	  100.0	   57.9	    0.0	    0.0	    0.0	    0.0	    6.1	  1	  -50.0	 1250.0	   57.9	    0.0	    0.0	1	 1130.8	 21	    0.0	    5.0	
   86	   8.60	    0.0	    0.0	   -0.0	    0.0	    0.0	    0.0	    0.0	    0.0	    0.0	    0.0	    0.0	  100.0	   57.4	    0.0	    0.0	    0.0	    0.0	    6.1	  1	  -50.0	 1250.0	   57.4	    0.0	    0.0	1	 1129.7	 21	    0.0	    5.0	
   87	   8.70	    0.0	    0.0	   -0.0	    0.0	    0.0	    0.0	    0.0	    0.0	    0.0	    0.0	    0.0	  100.0	   56.9	    0.0	    0.0	    0.0	    0.0	    6.2	  1	  -50.0	 1250.0	   56.9	    0.0	    0.0	1	 1128.7	 21	    0.0	    5.0	
   88	   8.80	  206.9	 1516.2	   -0.0	    0.0	 1500.0	    0.0	  200.0	    0.0	 1500.0	    0.0	  200.0	  100.0	   64.7	    0.0	    0.0	    0.0	    5.7	    5.9	  1	   50.0	 2250.0	   64.7	    0.0	    5.7	1	  440.9	 21	    0.0	    0.0	
   89	   8.90	  206.9	 1516.2	   51.2	    0.0	 1500.0	    0.0	  200.0	    0.0	 1500.0	    0.0	  200.0	  100.0	   64.2	    0.0	    0.0	    0.0	    5.7	    5.9	  1	  750.0	 1550.0	   64.2	    0.0	    5.7	1	  300.0	 21	  500.0	-2000.0	
   90	   9.00	  206.9	 1516.2	   64.5	    0.0	 1500.0	    0.0	  200.0	    0.0	 1500.0	    0.0	  200.0	  100.0	   63.7	    0.0	    0.0	    0.0	    5.7	    5.9	  1	  750.0	 1550.0	   63.7	    0.0	    5.7	1	  300.0	 21	  500.0	-2000.0	
   91	   9.10	  206.9	 1516.2	   67.6	    0.0	 1500.0	    0.0	  200.0	    0.0	 1500.0	    0.0	  200.0	  100.0	   63.2	    0.0	    0.0	    0.0	    5.7	    5.9	  1	  750.0	 1550.0	   63.2	    0.0	    5.7	1	  300.0	 21	  516.3	-1836.6	
   92	   9.20	  206.9	 1516.2	   68.5	  733.7	 1352.6	    0.0	  200.0	    0.0	 1500.0	    0.0	  200.0	  100.0	   72.4	    0.0	    0.0	    0.0	    5.8	    6.0	  1	  750.0	 1050.0	   72.4	    0.0	    5.8	1	  409.2	 21	    0.0	    0.0	
   93	   9.30	  206.9	 1516.2	   64.7	  733.7	 1352.6	    0.0	  200.0	    0.0	 1500.0	    0.0	  200.0	  100.0	   72.0	    0.0	    0.0	    0.0	    5.9	    6.0	  1	  750.0	 1950.0	   72.0	    0.0	    5.9	1	  293.7	 21	  549.4	-1505.6	
   94	   9.40	  206.9	 1516.2	   69.7	  733.7	 1352.6	    0.0	  200.0	    0.0	 1500.0	    0.0	  200.0	  100.0	   71.5	    0.0	    0.0	    0.0	    5.9	    6.1	  1	  750.0	 1950.0	   71.5	    0.0	    5.9	1	  293.5	 21	  563.8	-1362.4	
   95	   9.50	  206.9	 1516.2	   72.2	  733.7	 1352.6	    0.0	  200.0	    0.0	 1500.0	    0.0	  200.0	  100.0	   71.0	    0.0	    0.0	    0.0	    6.0	    6.1	  1	  750.0	 1950.0	   71.0	    0.0	    6.0	1	  293.4	 21	  576.8	-1232.4	
   96	   9.60	  206.9	 1516.2	   74.0	  733.7	 1352.6	    0.0	  200.0	    0.0	 1500.0	    0.0	  200.0	  100.0	   70.6	    0.0	    0.0	    0.0	    6.1	    6.2	  1	  750.0	 1950.0	   70.6	    0.0	    6.1	1	  293.2	 21	  588.5	-1114.7	
   97	   9.70	  206.9	 1516.2	   75.7	  733.7	 1352.6	    0.0	  200.0	    0.0	 1500.0	    0.0	  200.0	  100.0	   70.1	    0.0	    0.0	    0.0	    6.1	    6.3	  1	  750.0	 1950.0	   70.1	    0.0	    6.1	1	  293.1	 21	  599.1	-1009.2	
   98	   9.80	  206.9	 1516.2	   77.9	  733.7	 1352.6	    0.0	  200.0	    0.0	 1500.0	    0.0	  200.0	  100.0	   69.6	    0.0	    0.0	    0.0	    6.2	    6.3	  1	  750.0	 1950.0	   69.6	    0.0	    6.2	1	  293.0	 21	  608.7	 -913.1	
   99	   9.90	  206.9	 1516.2	   81.7	  697.2	 1322.6	    0.0	  200.0	    0.0	 1500.0	    0.0	  200.0	  100.0	   69.2	    0.0	    0.0	    0.0	    6.3	    6.4	  1	  750.0	 1850.0	   69.2	    0.0	    6.3	1	  292.8	 21	  617.4	 -826.0	
  100	  10.00	  206.9	 1516.2	   90.8	  697.2	 1322.6	    0.0	  200.0	    0.0	 1500.0	    0.0	  200.0	  100.0	   68.7	    0.0	    0.0	    0.0	    6.3	    6.5	  1	  750.0	 1850.0	   68.7	    0.0	    6.3	1	  292.9	 21	  625.6	 -744.4	
  101	  10.10	  206.9	 1516.2	  124.2	  697.2	 1322.6	    0.0	  200.0	    0.0	 1500.0	    0.0	  200.0	  100.0	   68.2	    0.0	    0.0	    0.0	    6.4	    6.5	  1	  750.0	 1850.0	   68.2	    0.0	    6.4	1	  293.0	 21	  632.6	 -674.2	
  102	  10.20	  206.9	 1516.2	 -179.6	  697.2	 1322.6	    0.0	  200.0	    0.0	 1500.0	    0.0	  200.0	  100.0	   67.8	    0.0	    0.0	    0.0	    6.5	    6.6	  1	  750.0	 1850.0	   67.8	    0.0	    6.5	1	  293.1	 21	  638.8	 -611.8	
  103	  10.30	  206.9	 1516.2	 -179.6	  697.2	 1322.6	    0.0	  200.0	    0.0	 1500.0	    0.0	  200.0	  100.0	   67.3	    0.0	    0.0	    0.0	    6.5	    6.7	  1	  750.0	 1850.0	   67.3	    0.0	    6.5	1	  293.2	 21	  644.6	 -553.5	
  104	  10.40	  206.9	 1516.2	 -179.7	  707.9	 1334.9	    0.0	  200.0	    0.0	 1500.0	    0.0	  200.0	  100.0	   66.8	    0.0	    0.0	    0.0	    6.6	    6.7	  1	  750.0	 1750.0	   66.8	    0.0	    6.6	1	  313.0	 21	  649.9	 -500.8	
  105	  10.50	  206.9	 1516.2	  175.2	  707.9	 1334.9	    0.0	  200.0	    0.0	 1500.0	    0.0	  200.0	  100.0	   66.4	    0.0	    0.0	    0.0	    6.7	    6.8	  1	  750.0	 1750.0	   66.4	    0.0	    6.7	1	  313.0	 21	  654.7	 -453.2	
  106	  10.60	  206.9	 1516.2	  175.1	  707.9	 1334.9	    0.0	  200.0	    0.0	 1500.0	    0.0	  200.0	  100.0	   65.9	    0.0	    0.0	    0.0	    6.7	    6.9	  1	  750.0	 1750.0	   65.9	    0.0	    6.7	1	  313.1	 21	  659.2	 -408.1	
  107	  10.70	  206.9	 1516.2	  175.1	  707.9	 1334.9	    0.0	  200.0	    0.0	 1500.0	    0.0	  200.0	  100.0	   65.4	    0.0	    0.0	    0.0	    6.8	    6.9	  1	  750.0	 1750.0	   65.4	    0.0	    6.8	1	  313.1	 21	  663.1	 -369.2	
  108	  10.80	  206.9	 1516.2	  175.1	  716.7	 1331.7	    0.0	  200.0	    0.0	 1500.0	    0.0	  200.0	  100.0	   65.0	    0.0	    0.0	    0.0	    6.9	    7.0	  1	  750.0	 1750.0	   65.0	    0.0	    6.9	1	  315.3	 21	  666.8	 -331.6	
  109	  10.90	  206.9	 1516.2	  179.7	  716.7	 1331.7	    0.0	  200.0	    0.0	 1500.0	    0.0	  200.0	  100.0	   64.5	    0.0	    0.0	    0.0	    6.9	    7.1	  1	  750.0	 1750.0	   64.5	    0.0	    6.9	1	  315.3	 21	  670.1	 -298.6	
  110	  11.00	  206.9	 1516.2	  179.7	  716.7	 1331.7	    0.0	  200.0	    0.0	 1500.0	    0.0	  200.0	  100.0	   64.1	    0.0	    0.0	    0.0	    7.0	    7.1	  1	  750.0	 1750.0	   64.1	    0.0	    7.0	1	  315.4	 21	  673.2	 -268.0	
  111	  11.10	  206.9	 1516.2	  179.6	  716.7	 1331.7	    0.0	  200.0	    0.0	 1500.0	    0.0	  200.0	  100.0	   63.6	    0.0	    0.0	    0.0	    7.1	    7.2	  1	  750.0	 1750.0	   63.6	    0.0	    7.1	1	  315.4	 21	  675.9	 -241.4	
  112	  11.20	  206.9	 1516.2	  179.6	  716.7	 1331.7	    0.0	  200.0	    0.0	 1500.0	    0.0	  200.0	  100.0	   63.1	    0.0	    0.0	    0.0	    7.1	    7.3	  1	  750.0	 1750.0	   63.1	    0.0	    7.1	1	  315.4	 21	    0.0	    0.0	
  113	  11.30	  206.9	 1516.2	  179.5	  716.7	 1331.7	    0.0	  200.0	    0.0	 1500.0	    0.0	  200.0	  100.0	   62.7	    0.0	    0.0	    0.0	    7.2	    7.3	  1	  750.0	 1750.0	   62.7	    0.0	    7.2	1	  315.4	 21	    0.0	    0.0	
  114	  11.40	  206.9	 1516.2	  179.4	  720.0	 1333.9	    0.0	  200.0	    0.0	 1500.0	    0.0	  200.0	  100.0	   62.2	    0.0	    0.0	    0.0	    7.3	    7.4	  1	  750.0	 1750.0	   62.2	    0.0	    7.3	1	  316.1	 21	    0.0	    0.0	
  115	  11.50	  206.9	 1516.2	  179.6	  720.0	 1333.9	    0.0	  200.0	    0.0	 1500.0	    0.0	  200.0	  100.0	   61.7	    0.0	    0.0	    0.0	    7.3	    7.5	  1	  750.0	 1750.0	   61.7	    0.0	    7.3	1	  316.1	 21	    0.0	    0.0	
  116	  11.60	  206.9	 1516.2	  179.4	  720.0	 1333.9	    0.0	  200.0	    0.0	 1500.0	    0.0	  200.0	  100.0	   61.3	    0.0	    0.0	    0.0	    7.4	    7.5	  1	  750.0	 1750.0	   61.3	    0.0	    7.4	1	  316.2	 21	    0.0	    0.0	
  117	  11.70	  206.9	 1516.2	  179.3	  720.0	 1333.9	    0.0	  200.0	    0.0	 1500.0	    0.0	  200.0	  100.0	   60.8	    0.0	    0.0	    0.0	    7.5	    7.6	  1	  750.0	 1750.0	   60.8	    0.0	    7.5	1	  316.2	 21	    0.0	    0.0	
  118	  11.80	  206.9	 1516.2	  179.1	  721.7	 1334.4	    0.0	  200.0	    0.0	 1500.0	    0.0	  200.0	  100.0	   60.3	    0.0	    0.0	    0.0	    7.5	    7.7	  1	  750.0	 1750.0	   60.3	    0.0	    7.5	1	  316.6	 21	    0.0	    0.0	
  119	  11.90	  206.9	 1516.2	 -176.4	  721.7	 1334.4	    0.0	  200.0	    0.0	 1500.0	    0.0	  200.0	  100.0	   59.9	    0.0	    0.0	    0.0	    7.6	    7.7	  1	  750.0	 1750.0	   59.9	    0.0	    7.6	1	  316.6	 21	    0.0	    0.0	
  120	  12.00	  206.9	 1516.2	 -176.7	  721.7	 1334.4	    0.0	  200.0	    0.0	 1500.0	    0.0	  200.0	  100.0	   59.4	    0.0	    0.0	    0.0	    7.7	    7.8	  1	  750.0	 1750.0	   59.4	    0.0	    7.7	1	  316.6	 21	    0.0	    0.0	
  121	  12.10	  206.9	 1516.2	 -177.1	  725.2	 1333.1	    0.0	  200.0	    0.0	 1500.0	    0.0	  200.0	  100.0	   59.0	    0.0	    0.0	    0.0	    7.7	    7.9	  1	  750.0	 1750.0	   59.0	    0.0	    7.7	1	  317.5	 21	    0.0	    0.0	
  122	  12.20	  206.9	 1516.2	 -121.4	  725.2	 1333.1	    0.0	  200.0	    0.0	 1500.0	    0.0	  200.0	  100.0	   58.5	    0.0	    0.0	    0.0	    7.8	    7.9	  1	  750.0	 1750.0	   58.5	    0.0	    7.8	1	  317.5	 21	    0.0	    0.0	
  123	  12.30	  206.9	 1516.2	 -121.9	  725.2	 1333.1	    0.0	  200.0	    0.0	 1500.0	    0.0	  200.0	  100.0	   58.0	    0.0	    0.0	    0.0	    7.9	    8.0	  1	  750.0	 1750.0	   58.0	    0.0	    7.9	1	  317.5	 21	    0.0	    0.0	
  124	  12.40	  206.9	 1516.2	 -122.6	  725.2	 1333.1	    0.0	  200.0	    0.0	 1500.0	    0.0	  200.0	  100.0	   57.6	    0.0	    0.0	    0.0	    8.0	    8.1	  1	  750.0	 1750.0	   57.6	    0.0	    8.0	1	  317.6	 21	    0.0	    0.0	
  125	  12.50	  206.9	 1516.2	 -123.5	  721.9	 1332.1	    0.0	  200.0	    0.0	 1500.0	    0.0	  200.0	  100.0	   57.1	    0.0	    0.0	    0.0	    8.0	    8.2	  1	  750.0	 1750.0	   57.1	    0.0	    8.0	1	  316.9	 21	    0.0	    0.0	
  126	  12.60	  206.9	 1516.2	  177.3	  721.9	 1332.1	    0.0	  200.0	    0.0	 1500.0	    0.0	  200.0	  100.0	   56.6	    0.0	    0.0	    0.0	    8.1	    8.2	  1	  750.0	 1750.0	   56.6	    0.0	    8.1	1	  316.9	 21	    0.0	    0.0	
  127	  12.70	  206.9	 1516.2	  175.3	  721.9	 1332.1	    0.0	  200.0	    0.0	 1500.0	    0.0	  200.0	  100.0	   56.2	    0.0	    0.0	    0.0	    8.2	    8.3	  1	  750.0	 1750.0	   56.2	    0.0	    8.2	1	  317.0	 21	    0.0	    0.0	
  128	  12.80	  206.9	 1516.2	  172.8	  721.9	 1332.1	    0.0	  200.0	    0.0	 1500.0	    0.0	  200.0	  100.0	   55.7	    0.0	    0.0	    0.0	    8.2	    8.4	  1	  750.0	 1750.0	   55.7	    0.0	    8.2	1	  317.0	 21	    0.0	    0.0	
  129	  12.90	  206.9	 1516.2	  169.8	  720.3	 1330.4	    0.0	  200.0	    0.0	 1500.0	    0.0	  200.0	  100.0	   55.3	    0.0	    0.0	    0.0	    8.3	    8.4	  1	  750.0	 1750.0	   55.3	    0.0	    8.3	1	  316.7	 21	    0.0	    0.0	
  130	  13.00	  206.9	 1516.2	 -129.3	  720.3	 1330.4	    0.0	  200.0	    0.0	 1500.0	    0.0	  200.0	  100.0	   54.8	    0.0	    0.0	    0.0	    8.4	    8.5	  1	  750.0	 1750.0	   54.8	    0.0	    8.4	1	  316.8	 21	    0.0	    0.0	
  131	  13.10	  206.9	 1516.2	 -135.0	  719.4	 1330.8	    0.0	  200.0	    0.0	 1500.0	    0.0	  200.0	  100.0	   54.3	    0.0	    0.0	    0.0	    8.4	    8.6	  1	  750.0	 1750.0	   54.3	    0.0	    8.4	1	  316.6	 21	    0.0	    0.0	
  132	  13.20	  206.9	 1516.2	  126.5	  719.4	 1330.8	    0.0	  200.0	    0.0	 1500.0	    0.0	  200.0	  100.0	   53.9	    0.0	    0.0	    0.0	    8.5	    8.6	  1	  750.0	 1750.0	   53.9	    0.0	    8.5	1	  316.6	 21	    0.0	    0.0	
  133	  13.30	  206.9	 1516.2	  125.8	  719.4	 1330.8	    0.0	  200.0	    0.0	 1500.0	    0.0	  200.0	  100.0	   53.4	    0.0	    0.0	    0.0	    8.6	    8.7	  1	  750.0	 1750.0	   53.4	    0.0	    8.6	1	  316.6	 21	    0.0	    0.0	
  134	  13.40	  206.9	 1516.2	  124.9	  719.4	 1330.8	    0.0	  200.0	    0.0	 1500.0	    0.0	  200.0	  100.0	   52.9	    0.0	    0.0	    0.0	    8.6	    8.8	  1	  750.0	 1750.0	   52.9	    0.0	    8.6	1	  316.7	 21	    0.0	    0.0	
  135	  13.50	  206.9	 1516.2	  123.9	  719.4	 1330.8	    0.0	  200.0	    0.0	 1500.0	    0.0	  200.0	  100.0	   52.5	    0.0	    0.0	    0.0	    8.7	    8.8	  1	  750.0	 1750.0	   52.5	    0.0	    8.7	1	  316.7	 21	    0.0	    0.0	
  136	  13.60	  206.9	 1516.2	  122.9	  719.4	 1330.8	    0.0	  200.0	    0.0	 1500.0	    0.0	  200.0	  100.0	   52.0	    0.0	    0.0	    0.0	    8.8	    8.9	  1	  750.0	 1750.0	   52.0	    0.0	    8.8	1	  316.7	 21	    0.0	    0.0	
  137	  13.70	  206.9	 1516.2	  121.7	  719.4	 1330.8	    0.0	  200.0	    0.0	 1500.0	    0.0	  200.0	  100.0	   51.5	    0.0	    0.0	    0.0	    8.8	    9.0	  1	  750.0	 1750.0	   51.5	    0.0	    8.8	1	  316.7	 21	    0.0	    0.0	
  138	  13.80	  206.9	 1516.2	  120.5	  719.4	 1330.8	    0.0	  200.0	    0.0	 1500.0	    0.0	  200.0	  100.0	   51.1	    0.0	    0.0	    0.0	    8.9	    9.0	  1	  750.0	 1750.0	   51.1	    0.0	    8.9	1	  316.8	 21	    0.0	    0.0	
  139	  13.90	  206.9	 1516.2	   22.4	  719.4	 1330.8	    0.0	  200.0	    0.0	 1500.0	    0.0	  200.0	  100.0	   50.6	    0.0	    0.0	    0.0	    9.0	    9.1	  1	  750.0	 1750.0	   50.6	    0.0	    9.0	1	  316.8	 21	    0.0	    0.0	
  140	  14.00	  206.9	 1516.2	   21.7	  719.4	 1330.8	    0.0	  200.0	    0.0	 1500.0	    0.0	  200.0	  100.0	   50.2	    0.0	    0.0	    0.0	    9.0	    9.2	  1	  750.0	 1750.0	   50.2	    0.0	    9.0	1	  316.8	 21	    0.0	    0.0	
  141	  14.10	  206.9	 1516.2	   21.7	  711.6	 1345.5	    0.0	  200.0	    0.0	 1500.0	    0.0	  200.0	  100.0	   49.7	    0.0	    0.0	    0.0	    9.1	    9.2	  1	  750.0	 1750.0	   49.7	    0.0	    9.1	1	  314.3	 21	    0.0	    0.0	
  142	  14.20	  206.9	 1516.2	   25.1	  711.6	 1345.5	    0.0	  200.0	    0.0	 1500.0	    0.0	  200.0	  100.0	   49.2	    0.0	    0.0	    0.0	    9.2	    9.3	  1	  750.0	 1750.0	   49.2	    0.0	    9.2	1	  314.3	 21	    0.0	    0.0	
  143	  14.30	  206.9	 1516.2	   25.2	  711.6	 1345.5	    0.0	  200.0	    0.0	 1500.0	    0.0	  200.0	  100.0	   48.8	    0.0	    0.0	    0.0	    9.2	    9.4	  1	  750.0	 1750.0	   48.8	    0.0	    9.2	1	  314.3	 21	    0.0	    0.0	
  144	  14.40	  206.9	 1516.2	   25.2	  711.6	 1345.5	    0.0	  200.0	    0.0	 1500.0	    0.0	  200.0	  100.0	   48.3	    0.0	    0.0	    0.0	    9.3	    9.4	  1	  750.0	 1750.0	   48.3	    0.0	    9.3	1	  314.3	 21	    0.0	    0.0	
  145	  14.50	  206.9	 1516.2	   25.2	  694.5	 1336.6	    0.0	  200.0	    0.0	 1500.0	    0.0	  200.0	  100.0	   47.8	    0.0	    0.0	    0.0	    9.4	    9.5	  1	  750.0	 1850.0	   47.8	    0.0	    9.4	1	  297.1	 21	    0.0	    0.0	
  146	  14.60	  206.9	 1516.2	   15.3	  694.5	 1336.6	    0.0	  200.0	    0.0	 1500.0	    0.0	  200.0	  100.0	   47.4	    0.0	    0.0	    0.0	    9.4	    9.6	  1	  750.0	 1850.0	   47.4	    0.0	    9.4	1	  297.2	 21	    0.0	    0.0	
  147	  14.70	  206.9	 1516.2	   11.8	  694.5	 1336.6	    0.0	  200.0	    0.0	 1500.0	    0.0	  200.0	  100.0	   46.9	    0.0	    0.0	    0.0	    9.5	    9.6	  1	  750.0	 1850.0	   46.9	    0.0	    9.5	1	  297.3	 21	 1399.8	   20.0	
  148	  14.80	  206.9	 1516.2	   -8.5	  694.5	 1336.6	    0.0	  200.0	    0.0	 1500.0	    0.0	  200.0	  100.0	   46.4	    0.0	    0.0	    0.0	    9.5	    9.7	  1	  750.0	 1850.0	   46.4	    0.0	    9.5	1	  297.4	 21	 1398.7	   19.9	
  149	  14.90	  206.9	 1516.2	 -156.0	  700.2	 1344.1	    0.0	  200.0	    0.0	 1500.0	    0.0	  200.0	  100.0	   46.0	    0.0	    0.0	    0.0	    9.6	    9.8	  1	  750.0	 1750.0	   46.0	    0.0	    9.6	1	  312.2	 21	 1397.6	   19.8	
  150	  15.00	  206.9	 1516.2	 -158.4	  700.2	 1344.1	    0.0	  200.0	    0.0	 1500.0	    0.0	  200.0	  100.0	   45.5	    0.0	    0.0	    0.0	    9.7	    9.8	  1	  750.0	 1750.0	   45.5	    0.0	    9.7	1	  312.3	 21	 1396.6	   19.7	
  151	  15.10	  206.9	 1516.2	 -158.4	  700.2	 1344.1	    0.0	  200.0	    0.0	 1500.0	    0.0	  200.0	  100.0	   45.0	    0.0	    0.0	    0.0	    9.7	    9.9	  1	  750.0	 1750.0	   45.0	    0.0	    9.7	1	  312.3	 21	 1395.6	   19.6	
  152	  15.20	  206.9	 1516.2	 -158.4	  700.2	 1344.1	    0.0	  200.0	    0.0	 1500.0	    0.0	  200.0	  100.0	   44.6	    0.0	    0.0	    0.0	    9.8	   10.0	  1	  750.0	 1750.0	   44.6	    0.0	    9.8	1	  312.3	 21	 1394.6	   19.5	
  153	  15.30	  206.9	 1516.2	 -158.4	  700.2	 1344.1	    0.0	  200.0	    0.0	 1500.0	    0.0	  200.0	  100.0	   44.1	    0.0	    0.0	    0.0	    9.9	   10.0	  1	  750.0	 1750.0	   44.1	    0.0	    9.9	1	  312.3	 21	 1393.6	   19.4	
  154	  15.40	  206.9	 1516.2	 -158.4	  700.2	 1344.1	    0.0	  200.0	    0.0	 1500.0	    0.0	  200.0	  100.0	   43.6	    0.0	    0.0	    0.0	    9.9	   10.1	  1	  750.0	 1750.0	   43.6	    0.0	    9.9	1	  312.4	 21	 1392.6	   19.3	
  155	  15.50	  206.9	 1516.2	 -158.4	  700.2	 1344.1	    0.0	  200.0	    0.0	 1500.0	    0.0	  200.0	  100.0	   43.2	    0.0	    0.0	    0.0	   10.0	   10.2	  1	  750.0	 1750.0	   43.2	    0.0	   10.0	1	  312.4	 21	 1391.6	   19.2	
  156	  15.60	  206.9	 1516.2	 -158.4	  700.2	 1344.1	    0.0	  200.0	    0.0	 1500.0	    0.0	  200.0	  100.0	   42.7	    0.0	    0.0	    0.0	   10.0	   10.3	  1	  750.0	 1750.0	   42.7	    0.0	   10.0	1	  312.4	 21	 1390.6	   19.1	
  157	  15.70	  206.9	 1516.2	 -158.4	  694.1	 1321.7	    0.0	  200.0	    0.0	 1500.0	    0.0	  200.0	  100.0	   42.2	    0.0	    0.0	    0.0	   10.1	   10.3	  1	  750.0	 1850.0	   42.2	    0.0	   10.1	1	  298.7	 21	 1389.6	   19.0	
  158	  15.80	  206.9	 1516.2	 -148.2	  694.1	 1321.7	    0.0	  200.0	    0.0	 1500.0	    0.0	  200.0	  100.0	   41.8	    0.0	    0.0	    0.0	   10.2	   10.4	  1	  750.0	 1850.0	   41.8	    0.0	   10.2	1	  298.8	 21	 1388.6	   18.9	
  159	  15.90	  206.9	 1516.2	 -148.2	  694.1	 1321.7	    0.0	  200.0	    0.0	 1500.0	    0.0	  200.0	  100.0	   41.3	    0.0	    0.0	    0.0	   10.2	   10.5	  1	  750.0	 1850.0	   41.3	    0.0	   10.2	1	  298.9	 21	 1387.7	   18.8	
  160	  16.00	  206.9	 1516.2	 -148.3	  694.1	 1321.7	    0.0	  200.0	    0.0	 1500.0	    0.0	  200.0	  100.0	   40.8	    0.0	    0.0	    0.0	   10.3	   10.5	  1	  750.0	 1850.0	   40.8	    0.0	   10.3	1	  299.0	 21	 1386.7	   18.7	
  161	  16.10	  206.9	 1516.2	 -148.4	  694.1	 1321.7	    0.0	  200.0	    0.0	 1500.0	    0.0	  200.0	  100.0	   40.4	    0.0	    0.0	    0.0	   10.4	   10.6	  1	  750.0	 1850.0	   40.4	    0.0	   10.4	1	  299.2	 21	 1385.8	   18.6	
  162	  16.20	  206.9	 1516.2	 -148.6	  692.3	 1322.4	    0.0	  200.0	    0.0	 1500.0	    0.0	  200.0	  100.0	   39.9	    0.0	    0.0	    0.0	   10.4	   10.7	  1	  750.0	 1850.0	   39.9	    0.0	   10.4	1	  298.9	 21	 1385.0	   18.5	
  163	  16.30	  206.9	 1516.2	 -150.8	  692.3	 1322.4	    0.0	  200.0	    0.0	 1500.0	    0.0	  200.0	  100.0	   39.4	    0.0	    0.0	    0.0	   10.5	   10.7	  1	  750.0	 1850.0	   39.4	    0.0	   10.5	1	  299.0	 21	 1384.1	   18.4	
  164	  16.40	  206.9	 1516.2	 -151.1	  692.3	 1322.4	    0.0	  200.0	    0.0	 1500.0	    0.0	  200.0	  100.0	   39.0	    0.0	    0.0	    0.0	   10.5	   10.8	  1	  750.0	 1850.0	   39.0	    0.0	   10.5	1	  299.1	 21	 1383.2	   18.3	
  165	  16.50	  206.9	 1516.2	 -151.4	  692.3	 1322.4	    0.0	  200.0	    0.0	 1500.0	    0.0	  200.0	  100.0	   38.5	    0.0	    0.0	    0.0	   10.6	   10.9	  1	  750.0	 1850.0	   38.5	    0.0	   10.6	1	  299.3	 21	 1382.3	   18.2	
  166	  16.60	  206.9	 1516.2	 -151.8	  697.9	 1325.6	    0.0	  200.0	    0.0	 1500.0	    0.0	  200.0	  100.0	   38.0	    0.0	    0.0	    0.0	   10.7	   10.9	  1	  750.0	 1850.0	   38.0	    0.0	   10.7	1	  300.3	 21	 1381.4	   18.1	
  167	  16.70	  206.9	 1516.2	 -149.7	  697.9	 1325.6	    0.0	  200.0	    0.0	 1500.0	    0.0	  200.0	  100.0	   37.6	    0.0	    0.0	    0.0	   10.7	   11.0	  1	  750.0	 1850.0	   37.6	    0.0	   10.7	1	  300.4	 21	 1380.5	   18.1	
  168	  16.80	  206.9	 1516.2	 -150.4	  697.2	 1322.6	    0.0	  200.0	    0.0	 1500.0	    0.0	  200.0	  100.0	   37.1	    0.0	    0.0	    0.0	   10.8	   11.1	  1	  750.0	 1850.0	   37.1	    0.0	   10.8	1	  300.4	 21	 1379.7	   18.0	
  169	  16.90	  206.9	 1516.2	 -139.6	  697.9	 1325.6	    0.0	  200.0	    0.0	 1500.0	    0.0	  200.0	  100.0	   36.6	    0.0	    0.0	    0.0	   10.9	   11.1	  1	  750.0	 1850.0	   36.6	    0.0	   10.9	1	  300.6	 21	 1378.9	   17.9	
  170	  17.00	  206.9	 1516.2	 -155.9	  701.7	 1326.3	    0.0	  200.0	    0.0	 1500.0	    0.0	  200.0	  100.0	   36.2	    0.0	    0.0	    0.0	   10.9	   11.2	  1	  750.0	 1850.0	   36.2	    0.0	   10.9	1	  301.3	 21	 1378.0	   17.8	
  171	  17.10	  206.9	 1516.2	 -140.2	  701.7	 1326.3	    0.0	  200.0	    0.0	 1500.0	    0.0	  200.0	  100.0	   35.7	    0.0	    0.0	    0.0	   11.0	   11.3	  1	  750.0	 1850.0	   35.7	    0.0	   11.0	1	  301.4	 21	 1377.2	   17.7	
  172	  17.20	  206.9	 1516.2	 -141.8	  701.7	 1326.3	    0.0	  200.0	    0.0	 1500.0	    0.0	  200.0	  100.0	   35.2	    0.0	    0.0	    0.0	   11.0	   11.3	  1	  750.0	 1850.0	   35.2	    0.0	   11.0	1	  301.5	 21	 1376.5	   17.6	
  173	  17.30	  206.9	 1516.2	 -144.1	  701.7	 1326.3	    0.0	  200.0	    0.0	 1500.0	    0.0	  200.0	  100.0	   34.8	    0.0	    0.0	    0.0	   11.1	   11.4	  1	  750.0	 1850.0	   34.8	    0.0	   11.1	1	  301.6	 21	 1375.7	   17.6	
  174	  17.40	  206.9	 1516.2	 -146.9	  701.7	 1326.3	    0.0	  200.0	    0.0	 1500.0	    0.0	  200.0	  100.0	   34.3	    0.0	    0.0	    0.0	   11.2	   11.5	  1	  750.0	 1850.0	   34.3	    0.0	   11.2	1	  301.7	 21	 1375.0	   17.5	
  175	  17.50	  206.9	 1516.2	 -150.8	  696.7	 1333.6	    0.0	  200.0	    0.0	 1500.0	    0.0	  200.0	  100.0	   33.8	    0.0	    0.0	    0.0	   11.2	   11.5	  1	  750.0	 1850.0	   33.8	    0.0	   11.2	1	  300.7	 21	 1374.4	   17.4	
  176	  17.60	  206.9	 1516.2	  121.4	  696.7	 1333.6	    0.0	  200.0	    0.0	 1500.0	    0.0	  200.0	  100.0	   33.4	    0.0	    0.0	    0.0	   11.3	   11.6	  1	  750.0	 1850.0	   33.4	    0.0	   11.3	1	  300.8	 21	 1373.7	   17.4	
  177	  17.70	  206.9	 1516.2	   58.2	  696.7	 1333.6	    0.0	  200.0	    0.0	 1500.0	    0.0	  200.0	  100.0	   32.9	    0.0	    0.0	    0.0	   11.4	   11.7	  1	  750.0	 1850.0	   32.9	    0.0	   11.4	1	  300.9	 21	 1373.0	   17.3	
  178	  17.80	  206.9	 1516.2	   22.5	  696.7	 1333.6	    0.0	  200.0	    0.0	 1500.0	    0.0	  200.0	  100.0	   32.4	    0.0	    0.0	    0.0	   11.4	   11.7	  1	  750.0	 1850.0	   32.4	    0.0	   11.4	1	  301.0	 21	 1372.3	   17.2	
  179	  17.90	  206.9	 1516.2	   22.3	  698.5	 1328.6	    0.0	  200.0	    0.0	 1500.0	    0.0	  200.0	  100.0	   32.0	    0.0	    0.0	    0.0	   11.5	   11.8	  1	  750.0	 1850.0	   32.0	    0.0	   11.5	1	  301.6	 21	 1371.6	   17.2	
  180	  18.00	  206.9	 1516.2	   21.4	  698.5	 1328.6	    0.0	  200.0	    0.0	 1500.0	    0.0	  200.0	  100.0	   31.5	    0.0	    0.0	    0.0	   11.5	   11.9	  1	  750.0	 1850.0	   31.5	    0.0	   11.5	1	  301.7	 21	 1370.9	   17.1	
  181	  18.10	  206.9	 1516.2	   21.4	  698.5	 1328.6	    0.0	  200.0	    0.0	 1500.0	    0.0	  200.0	  100.0	   31.0	    0.0	    0.0	    0.0	   11.6	   11.9	  1	  750.0	 1850.0	   31.0	    0.0	   11.6	1	  301.8	 21	 1370.3	   17.0	
  182	  18.20	  206.9	 1516.2	   21.4	  698.5	 1328.6	    0.0	  200.0	    0.0	 1500.0	    0.0	  200.0	  100.0	   30.6	    0.0	    0.0	    0.0	   11.7	   12.0	  1	  750.0	 1850.0	   30.6	    0.0	   11.7	1	  301.9	 21	 1369.7	   17.0	
  183	  18.30	  206.9	 1516.2	   21.5	  686.4	 1318.4	    0.0	  200.0	    0.0	 1500.0	    0.0	  200.0	  100.0	   30.1	    0.0	    0.0	    0.0	   11.7	   12.1	  1	  750.0	 1850.0	   30.1	    0.0	   11.7	1	  300.5	 21	 1369.2	   16.9	
  184	  18.40	  206.9	 1516.2	   21.0	  686.4	 1318.4	    0.0	  200.0	    0.0	 1500.0	    0.0	  200.0	  100.0	   29.6	    0.0	    0.0	    0.0	   11.8	   12.1	  1	  750.0	 1850.0	   29.6	    0.0	   11.8	1	  300.6	 21	 1368.6	   16.9	
  185	  18.50	  206.9	 1516.2	   21.1	  686.4	 1318.4	    0.0	  200.0	    0.0	 1500.0	    0.0	  200.0	  100.0	   29.2	    0.0	    0.0	    0.0	   11.9	   12.2	  1	  750.0	 1850.0	   29.2	    0.0	   11.9	1	  300.7	 21	 1368.1	   16.8	
  186	  18.60	  206.9	 1516.2	   21.2	  686.4	 1318.4	    0.0	  200.0	    0.0	 1500.0	    0.0	  200.0	  100.0	   28.7	    0.0	    0.0	    0.0	   11.9	   12.3	  1	  750.0	 1850.0	   28.7	    0.0	   11.9	1	  300.8	 21	 1367.5	   16.8	
  187	  18.70	  206.9	 1516.2	   21.4	  660.1	 1307.4	    0.0	  200.0	    0.0	 1500.0	    0.0	  200.0	  100.0	   28.2	    0.0	    0.0	    0.0	   12.0	   12.3	  1	  750.0	 1650.0	   28.2	    0.0	   12.0	1	  320.7	 21	 1367.3	   16.7	
  188	  18.80	  206.9	 1516.2	   39.1	  660.1	 1307.4	    0.0	  200.0	    0.0	 1500.0	    0.0	  200.0	  100.0	   27.8	    0.0	    0.0	    0.0	   12.0	   12.4	  1	  750.0	 1650.0	   27.8	    0.0	   12.0	1	  320.6	 21	 1366.8	   16.7	
  189	  18.90	  206.9	 1516.2	  148.0	  660.1	 1307.4	    0.0	  200.0	    0.0	 1500.0	    0.0	  200.0	  100.0	   27.3	    0.0	    0.0	    0.0	   12.1	   12.5	  1	  750.0	 1650.0	   27.3	    0.0	   12.1	1	  320.6	 21	 1366.3	   16.6	
  190	  19.00	  206.9	 1516.2	 -158.0	  660.1	 1307.4	    0.0	  200.0	    0.0	 1500.0	    0.0	  200.0	  100.0	   26.8	    0.0	    0.0	    0.0	   12.1	   12.6	  1	  750.0	 1650.0	   26.8	    0.0	   12.1	1	  320.6	 21	 1365.8	   16.6	
  191	  19.10	  206.9	 1516.2	 -158.0	  660.1	 1307.4	    0.0	  200.0	    0.0	 1500.0	    0.0	  200.0	  100.0	   26.4	    0.0	    0.0	    0.0	   12.2	   12.6	  1	  750.0	 1650.0	   26.4	    0.0	   12.2	1	  320.6	 21	 1365.4	   16.5	
  192	  19.20	  206.9	 1516.2	 -158.0	  649.3	 1329.7	    0.0	  200.0	    0.0	 1500.0	    0.0	  200.0	  100.0	   25.9	    0.0	    0.0	    0.0	   12.2	   12.7	  1	  750.0	 1850.0	   25.9	    0.0	   12.2	1	  295.5	 21	 1365.2	   16.5	
  193	  19.30	  206.9	 1516.2	 -159.1	  649.3	 1329.7	    0.0	  200.0	    0.0	 1500.0	    0.0	  200.0	  100.0	   25.4	    0.0	    0.0	    0.0	   12.3	   12.8	  1	  750.0	 1850.0	   25.4	    0.0	   12.3	1	  295.7	 21	 1364.8	   16.5	
  194	  19.40	  206.9	 1516.2	 -159.1	  649.3	 1329.7	    0.0	  200.0	    0.0	 1500.0	    0.0	  200.0	  100.0	   24.9	    0.0	    0.0	    0.0	   12.3	   12.8	  1	  750.0	 1850.0	   24.9	    0.0	   12.3	1	  295.8	 21	 1364.4	   16.4	
  195	  19.50	  206.9	 1516.2	 -159.1	  649.3	 1329.7	    0.0	  200.0	    0.0	 1500.0	    0.0	  200.0	  100.0	   24.5	    0.0	    0.0	    0.0	   12.4	   12.9	  1	  750.0	 1850.0	   24.5	    0.0	   12.4	1	  295.9	 21	 1364.1	   16.4	
  196	  19.60	  206.9	 1516.2	 -159.1	  671.6	 1362.1	    0.0	  200.0	    0.0	 1500.0	    0.0	  200.0	  100.0	   24.0	    0.0	    0.0	    0.0	   12.5	   13.0	  1	  750.0	 1850.0	   24.0	    0.0	   12.5	1	  296.9	 21	 1363.7	   16.4	
  197	  19.70	  206.9	 1516.2	 -163.1	  671.6	 1362.1	    0.0	  200.0	    0.0	 1500.0	    0.0	  200.0	  100.0	   23.5	    0.0	    0.0	    0.0	   12.5	   13.0	  1	  750.0	 1850.0	   23.5	    0.0	   12.5	1	  297.0	 21	 1363.4	   16.3	
  198	  19.80	  206.9	 1516.2	 -163.1	  671.6	 1362.1	    0.0	  200.0	    0.0	 1500.0	    0.0	  200.0	  100.0	   23.1	    0.0	    0.0	    0.0	   12.6	   13.1	  1	  750.0	 1850.0	   23.1	    0.0	   12.6	1	  297.1	 21	 1363.2	   16.3	
  199	  19.90	  206.9	 1516.2	 -163.2	  671.6	 1362.1	    0.0	  200.0	    0.0	 1500.0	    0.0	  200.0	  100.0	   22.6	    0.0	    0.0	    0.0	   12.6	   13.2	  1	  750.0	 1850.0	   22.6	    0.0	   12.6	1	  297.2	 21	 1362.9	   16.3	
  200	  20.00	  206.9	 1516.2	 -163.3	  701.5	 1387.2	    0.0	  200.0	    0.0	 1500.0	    0.0	  200.0	  100.0	   22.1	    0.0	    0.0	    0.0	   12.7	   13.2	  1	  750.0	 2050.0	   22.1	    0.0	   12.7	1	  281.6	 21	 1362.6	   16.3	
  201	  20.10	  206.9	 1516.2	 -145.0	  701.5	 1387.2	    0.0	  200.0	    0.0	 1500.0	    0.0	  200.0	  100.0	   21.7	    0.0	    0.0	    0.0	   12.7	   13.3	  1	  750.0	 2050.0	   21.7	    0.0	   12.7	1	  281.8	 21	 1362.4	   16.2	
  202	  20.20	  206.9	 1516.2	 -145.3	  701.5	 1387.2	    0.0	  200.0	    0.0	 1500.0	    0.0	  200.0	  100.0	   21.2	    0.0	    0.0	    0.0	   12.8	   13.4	  1	  750.0	 2050.0	   21.2	    0.0	   12.8	1	  282.0	 21	 1362.3	   16.2	
  203	  20.30	  206.9	 1516.2	 -145.7	  701.5	 1387.2	    0.0	  200.0	    0.0	 1500.0	    0.0	  200.0	  100.0	   20.7	    0.0	    0.0	    0.0	   12.8	   13.4	  1	  750.0	 2050.0	   20.7	    0.0	   12.8	1	  282.1	 21	 1362.3	   16.2	
  204	  20.40	  206.9	 1516.2	 -146.2	  737.8	 1397.2	    0.0	  200.0	    0.0	 1500.0	    0.0	  200.0	  100.0	   20.3	    0.0	    0.0	    0.0	   12.9	   13.5	  1	  750.0	 2050.0	   20.3	    0.0	   12.9	1	  288.0	 21	 1362.0	   16.2	
  205	  20.50	  206.9	 1516.2	 -110.8	  737.8	 1397.2	    0.0	  200.0	    0.0	 1500.0	    0.0	  200.0	  100.0	   19.8	    0.0	    0.0	    0.0	   13.0	   13.6	  1	  750.0	 2050.0	   19.8	    0.0	   13.0	1	  288.1	 21	 1362.0	   16.2	
  206	  20.60	  206.9	 1516.2	 -111.2	  737.8	 1397.2	    0.0	  200.0	    0.0	 1500.0	    0.0	  200.0	  100.0	   19.3	    0.0	    0.0	    0.0	   13.0	   13.6	  1	  750.0	 2050.0	   19.3	    0.0	   13.0	1	  288.3	 21	 1362.1	   16.2	
  207	  20.70	  206.9	 1516.2	 -111.7	  737.8	 1397.2	    0.0	  200.0	    0.0	 1500.0	    0.0	  200.0	  100.0	   18.9	    0.0	    0.0	    0.0	   13.1	   13.7	  1	  750.0	 2050.0	   18.9	    0.0	   13.1	1	  288.5	 21	 1362.2	   16.2	
  208	  20.80	  206.9	 1516.2	 -112.3	  737.8	 1397.2	    0.0	  200.0	    0.0	 1500.0	    0.0	  200.0	  100.0	   18.4	    0.0	    0.0	    0.0	   13.2	   13.8	  1	  750.0	 2050.0	   18.4	    0.0	   13.2	1	  288.6	 21	 1362.4	   16.2	
  209	  20.90	  206.9	 1516.2	 -113.2	  737.8	 1397.2	    0.0	  200.0	    0.0	 1500.0	    0.0	  200.0	  100.0	   17.9	    0.0	    0.0	    0.0	   13.3	   13.8	  1	  750.0	 2050.0	   17.9	    0.0	   13.3	1	  288.8	 21	 1362.6	   16.3	
  210	  21.00	  206.9	 1516.2	 -114.4	  735.2	 1357.7	    0.0	  200.0	    0.0	 1500.0	    0.0	  200.0	  100.0	   17.5	    0.0	    0.0	    0.0	   13.3	   13.9	  1	  750.0	 2050.0	   17.5	    0.0	   13.3	1	  290.6	 21	 1362.8	   16.3	
  211	  21.10	  206.9	 1516.2	  -80.9	  735.2	 1357.7	    0.0	  200.0	    0.0	 1500.0	    0.0	  200.0	  100.0	   17.0	    0.0	    0.0	    0.0	   13.4	   14.0	  1	  750.0	 2050.0	   17.0	    0.0	   13.4	1	  290.8	 21	 1363.1	   16.3	
  212	  21.20	  206.9	 1516.2	  -81.0	  735.2	 1357.7	    0.0	  200.0	    0.0	 1500.0	    0.0	  200.0	  100.0	   16.6	    0.0	    0.0	    0.0	   13.5	   14.0	  1	  750.0	 2050.0	   16.6	    0.0	   13.5	1	  291.0	 21	 1363.5	   16.4	
  213	  21.30	  206.9	 1516.2	  -81.2	  735.2	 1357.7	    0.0	  200.0	    0.0	 1500.0	    0.0	  200.0	  100.0	   16.1	    0.0	    0.0	    0.0	   13.5	   14.1	  1	  750.0	 2050.0	   16.1	    0.0	   13.5	1	  291.2	 21	 1363.9	   16.4	
  214	  21.40	  206.9	 1516.2	  -81.5	  737.3	 1355.9	    0.0	  200.0	    0.0	 1500.0	    0.0	  200.0	  100.0	   15.6	    0.0	    0.0	    0.0	   13.6	   14.2	  1	  750.0	 2050.0	   15.6	    0.0	   13.6	1	  291.7	 21	 1364.4	   16.4	
  215	  21.50	  206.9	 1516.2	  -79.4	  737.3	 1355.9	    0.0	  200.0	    0.0	 1500.0	    0.0	  200.0	  100.0	   15.2	    0.0	    0.0	    0.0	   13.7	   14.2	  1	  750.0	 2050.0	   15.2	    0.0	   13.7	1	  291.9	 21	 1364.9	   16.5	
  216	  21.60	  206.9	 1516.2	  -16.1	  737.3	 1355.9	    0.0	  200.0	    0.0	 1500.0	    0.0	  200.0	  100.0	   14.7	    0.0	    0.0	    0.0	   13.7	   14.3	  1	  750.0	 2050.0	   14.7	    0.0	   13.7	1	  292.2	 21	 1365.5	   16.6	
  217	  21.70	  206.9	 1516.2	   19.2	  737.3	 1355.9	    0.0	  200.0	    0.0	 1500.0	    0.0	  200.0	  100.0	   14.2	    0.0	    0.0	    0.0	   13.8	   14.4	  1	  750.0	 2050.0	   14.2	    0.0	   13.8	1	  292.4	 21	 1366.2	   16.6	
  218	  21.80	  206.9	 1516.2	   19.5	  737.0	 1362.7	    0.0	  200.0	    0.0	 1500.0	    0.0	  200.0	  100.0	   13.8	    0.0	    0.0	    0.0	   13.9	   14.4	  1	  750.0	 2050.0	   13.8	    0.0	   13.9	1	  292.2	 21	 1366.9	   16.7	
  219	  21.90	  206.9	 1516.2	   20.4	  737.0	 1362.7	    0.0	  200.0	    0.0	 1500.0	    0.0	  200.0	  100.0	   13.3	    0.0	    0.0	    0.0	   14.0	   14.5	  1	  750.0	 2050.0	   13.3	    0.0	   14.0	1	  292.4	 21	 1367.7	   16.8	
  220	  22.00	  206.9	 1516.2	   20.5	  737.0	 1362.7	    0.0	  200.0	    0.0	 1500.0	    0.0	  200.0	  100.0	   12.9	    0.0	    0.0	    0.0	   14.0	   14.6	  1	  750.0	 2050.0	   12.9	    0.0	   14.0	1	  292.6	 21	 1368.5	   16.9	
  221	  22.10	  206.9	 1516.2	   20.6	  737.0	 1362.7	    0.0	  200.0	    0.0	 1500.0	    0.0	  200.0	  100.0	   12.4	    0.0	    0.0	    0.0	   14.1	   14.7	  1	  750.0	 2050.0	   12.4	    0.0	   14.1	1	  292.8	 21	 1369.5	   16.9	
  222	  22.20	  206.9	 1516.2	   20.7	  737.0	 1362.7	    0.0	  200.0	    0.0	 1500.0	    0.0	  200.0	  100.0	   11.9	    0.0	    0.0	    0.0	   14.2	   14.7	  1	  750.0	 2050.0	   11.9	    0.0	   14.2	1	  293.0	 21	 1370.4	   17.0	
  223	  22.30	  206.9	 1516.2	   20.9	  737.0	 1362.7	    0.0	  200.0	    0.0	 1500.0	    0.0	  200.0	  100.0	   11.5	    0.0	    0.0	    0.0	   14.2	   14.8	  1	  750.0	 2050.0	   11.5	    0.0	   14.2	1	  293.2	 21	 1371.5	   17.2	
  224	  22.40	  206.9	 1516.2	   21.1	  737.0	 1362.7	    0.0	  200.0	    0.0	 1500.0	    0.0	  200.0	  100.0	   11.0	    0.0	    0.0	    0.0	   14.3	   14.9	  1	  750.0	 2050.0	   11.0	    0.0	   14.3	1	  293.4	 21	 1372.7	   17.3	
  225	  22.50	  206.9	 1516.2	   21.4	  737.0	 1362.7	    0.0	  200.0	    0.0	 1500.0	    0.0	  200.0	  100.0	   10.5	    0.0	    0.0	    0.0	   14.4	   14.9	  1	  750.0	 2050.0	   10.5	    0.0	   14.4	1	  293.6	 21	 1373.9	   17.4	
  226	  22.60	  206.9	 1516.2	   21.8	  737.0	 1362.7	    0.0	  200.0	    0.0	 1500.0	    0.0	  200.0	  100.0	   10.1	    0.0	    0.0	    0.0	   14.4	   15.0	  1	  750.0	 2050.0	   10.1	    0.0	   14.4	1	  293.8	 21	 1375.2	   17.5	
  227	  22.70	  206.9	 1516.2	   22.4	  724.7	 1355.4	    0.0	  200.0	    0.0	 1500.0	    0.0	  200.0	  100.0	    9.6	    0.0	    0.0	    0.0	   14.5	   15.1	  1	  750.0	 2050.0	    9.6	    0.0	   14.5	1	  292.6	 21	 1376.7	   17.7	
  228	  22.80	  206.9	 1516.2	   34.0	  724.7	 1355.4	    0.0	  200.0	    0.0	 1500.0	    0.0	  200.0	  100.0	    9.1	    0.0	    0.0	    0.0	   14.6	   15.1	  1	  750.0	 2050.0	    9.1	    0.0	   14.6	1	  292.8	 21	 1378.2	   17.8	
  229	  22.90	  206.9	 1516.2	 -167.6	  724.7	 1355.4	    0.0	  200.0	    0.0	 1500.0	    0.0	  200.0	  100.0	    8.7	    0.0	    0.0	    0.0	   14.6	   15.2	  1	  750.0	 2050.0	    8.7	    0.0	   14.6	1	  293.0	 21	 1379.8	   18.0	
  230	  23.00	  206.9	 1516.2	 -159.7	  724.7	 1355.4	    0.0	  200.0	    0.0	 1500.0	    0.0	  200.0	  100.0	    8.2	    0.0	    0.0	    0.0	   14.7	   15.3	  1	  750.0	 2050.0	    8.2	    0.0	   14.7	1	  293.2	 21	 1381.5	   18.2	
  231	  23.10	  206.9	 1516.2	 -159.7	  725.2	 1350.9	    0.0	  200.0	    0.0	 1500.0	    0.0	  200.0	  100.0	    7.8	    0.0	    0.0	    0.0	   14.8	   15.3	  1	  750.0	 2050.0	    7.8	    0.0	   14.8	1	  293.7	 21	 1383.3	   18.3	
  232	  23.20	  206.9	 1516.2	 -159.5	  725.2	 1350.9	    0.0	  200.0	    0.0	 1500.0	    0.0	  200.0	  100.0	    7.3	    0.0	    0.0	    0.0	   14.9	   15.4	  1	  750.0	 2050.0	    7.3	    0.0	   14.9	1	  293.9	 21	 1385.3	   18.5	
  233	  23.30	  206.9	 1516.2	 -159.5	  725.2	 1350.9	    0.0	  200.0	    0.0	 1500.0	    0.0	  200.0	  100.0	    6.8	    0.0	    0.0	    0.0	   14.9	   15.5	  1	  750.0	 2050.0	    6.8	    0.0	   14.9	1	  294.1	 21	 1387.4	   18.7	
  234	  23.40	  206.9	 1516.2	 -159.6	  725.2	 1350.9	    0.0	  200.0	    0.0	 1500.0	    0.0	  200.0	  100.0	    6.4	    0.0	    0.0	    0.0	   15.0	   15.5	  1	  750.0	 2050.0	    6.4	    0.0	   15.0	1	  294.3	 21	 1389.6	   19.0	
  235	  23.50	  206.9	 1516.2	 -159.6	  711.7	 1350.9	    0.0	  200.0	    0.0	 1500.0	    0.0	  200.0	  100.0	    5.9	    0.0	    0.0	    0.0	   15.1	   15.6	  1	  750.0	 1750.0	    5.9	    0.0	   15.1	1	  315.4	 21	 1391.9	   19.2	
  236	  23.60	  206.9	 1516.2	 -166.4	  711.7	 1350.9	    0.0	  200.0	    0.0	 1500.0	    0.0	  200.0	  100.0	    5.4	    0.0	    0.0	    0.0	   15.1	   15.7	  1	  750.0	 1750.0	    5.4	    0.0	   15.1	1	  315.4	 21	 1394.4	   19.4	
  237	  23.70	  206.9	 1516.2	 -166.4	  711.7	 1350.9	    0.0	  200.0	    0.0	 1500.0	    0.0	  200.0	  100.0	    5.0	    0.0	    0.0	    0.0	   15.2	   15.7	  1	  750.0	 1750.0	    5.0	    0.0	   15.2	1	  315.4	 21	 1397.1	   19.7	
  238	  23.80	  206.9	 1516.2	 -166.4	  711.7	 1350.9	    0.0	  200.0	    0.0	 1500.0	    0.0	  200.0	  100.0	    4.5	    0.0	    0.0	    0.0	   15.2	   15.8	  1	  750.0	 1750.0	    4.5	    0.0	   15.2	1	  315.4	 21	 1399.9	   20.0	
  239	  23.90	  206.9	 1516.2	 -166.4	  717.7	 1351.1	    0.0	  200.0	    0.0	 1500.0	    0.0	  200.0	  100.0	    4.0	    0.0	    0.0	    0.0	   15.3	   15.9	  1	  750.0	 2050.0	    4.0	    0.0	   15.3	1	  294.4	 21	    0.0	    0.0	
  240	  24.00	  206.9	 1516.2	 -151.5	  716.5	 1351.5	    0.0	  200.0	    0.0	 1500.0	    0.0	  200.0	  100.0	    3.6	    0.0	    0.0	    0.0	   15.4	   15.9	  1	  750.0	 2050.0	    3.6	    0.0	   15.4	1	  294.4	 21	    0.0	    0.0	
  241	  24.10	  206.9	 1516.2	 -152.6	  716.5	 1351.5	    0.0	  200.0	    0.0	 1500.0	    0.0	  200.0	  100.0	    3.1	    0.0	    0.0	    0.0	   15.4	   16.0	  1	  750.0	 2050.0	    3.1	    0.0	   15.4	1	  294.6	 21	    0.0	    0.0	
  242	  24.20	  206.9	 1516.2	 -152.9	  716.5	 1351.5	    0.0	  200.0	    0.0	 1500.0	    0.0	  200.0	  100.0	    2.6	    0.0	    0.0	    0.0	   15.5	   16.1	  1	  750.0	 2050.0	    2.6	    0.0	   15.5	1	  294.9	 21	    0.0	    0.0	
  243	  24.30	  206.9	 1516.2	 -153.3	  716.5	 1351.5	    0.0	  200.0	    0.0	 1500.0	    0.0	  200.0	  100.0	    2.2	    0.0	    0.0	    0.0	   15.6	   16.1	  1	  750.0	 2050.0	    2.2	    0.0	   15.6	1	  295.1	 21	    0.0	    0.0	
  244	  24.40	  206.9	 1516.2	 -153.8	  712.3	 1349.6	    0.0	  200.0	    0.0	 1500.0	    0.0	  200.0	  100.0	    1.7	    0.0	    0.0	    0.0	   15.6	   16.2	  1	  750.0	 1750.0	    1.7	    0.0	   15.6	1	  315.8	 21	    0.0	    0.0	
  245	  24.50	  206.9	 1516.2	  165.9	  712.3	 1349.6	    0.0	  200.0	    0.0	 1500.0	    0.0	  200.0	  100.0	    1.2	    0.0	    0.0	    0.0	   15.7	   16.3	  1	  750.0	 1750.0	    1.2	    0.0	   15.7	1	  315.8	 21	    0.0	    0.0	
  246	  24.60	  206.9	 1516.2	  165.9	  712.3	 1349.6	    0.0	  200.0	    0.0	 1500.0	    0.0	  200.0	  100.0	    0.8	    0.0	    0.0	    0.0	   15.8	   16.3	  1	  750.0	 1750.0	    0.8	    0.0	   15.8	1	  315.8	 21	    0.0	    0.0	
  247	  24.70	  206.9	 1516.2	  165.8	  712.3	 1349.6	    0.0	  200.0	    0.0	 1500.0	    0.0	  200.0	  100.0	    0.3	    0.0	    0.0	    0.0	   15.8	   16.4	  1	  750.0	 1750.0	    0.3	    0.0	   15.8	1	  315.8	 21	    0.0	    0.0	
  248	  24.80	  206.9	 1516.2	  165.8	  712.3	 1349.6	    0.0	  200.0	    0.0	 1500.0	    0.0	  200.0	  100.0	    0.0	    0.0	    0.0	    0.0	   15.9	   16.5	  1	  750.0	 1750.0	    0.0	    0.0	   15.9	1	  315.9	 21	    0.0	    0.0	
  249	  24.90	  206.9	 1516.2	  165.5	  712.3	 1349.6	    0.0	  200.0	    0.0	 1500.0	    0.0	  200.0	  100.0	    0.0	    0.0	    0.0	    0.0	   16.0	   16.5	  1	  750.0	 1750.0	    0.0	    0.0	   16.0	1	  316.0	 21	    0.0	    0.0	
  250	  25.00	  206.9	 1516.2	  164.8	  712.3	 1349.6	    0.0	  200.0	    0.0	 1500.0	    0.0	  200.0	  100.0	    0.0	    0.0	    0.0	    0.0	   16.0	   16.6	  1	  750.0	 1750.0	    0.0	    0.0	   16.0	1	  316.1	 21	    0.0	    0.0	
  251	  25.10	  206.9	 1516.2	  164.0	  712.3	 1349.6	    0.0	  200.0	    0.0	 1500.0	    0.0	  200.0	  100.0	    0.0	    0.0	    0.0	    0.0	   16.1	   16.7	  1	  750.0	 1750.0	    0.0	    0.0	   16.1	1	  316.2	 21	    0.0	    0.0	
  252	  25.20	  206.9	 1516.2	  162.9	  712.3	 1349.6	    0.0	  200.0	    0.0	 1500.0	    0.0	  200.0	  100.0	    0.0	    0.0	    0.0	    0.0	   16.2	   16.8	  1	  750.0	 1750.0	    0.0	    0.0	   16.2	1	  316.3	 21	    0.0	    0.0	
  253	  25.30	  206.9	 1516.2	  161.5	  712.3	 1349.6	    0.0	  200.0	    0.0	 1500.0	    0.0	  200.0	  100.0	    0.0	    0.0	    0.0	    0.0	   16.2	   16.8	  1	  750.0	 1750.0	    0.0	    0.0	   16.2	1	  316.4	 21	    0.0	    0.0	
  254	  25.40	  206.9	 1516.2	  159.8	  712.3	 1349.6	    0.0	  200.0	    0.0	 1500.0	    0.0	  200.0	  100.0	    0.0	    0.0	    0.0	    0.0	   16.3	   16.9	  1	  750.0	 1750.0	    0.0	    0.0	   16.3	1	  316.6	 21	    0.0	    0.0	
  255	  25.50	  206.9	 1516.2	  157.7	  712.3	 1349.6	    0.0	  200.0	    0.0	 1500.0	    0.0	  200.0	  100.0	    0.0	    0.0	    0.0	    0.0	   16.3	   17.0	  1	  750.0	 1750.0	    0.0	    0.0	   16.3	1	  316.7	 21	    0.0	    0.0	
  256	  25.60	  206.9	 1516.2	  155.3	  712.3	 1349.6	    0.0	  200.0	    0.0	 1500.0	    0.0	  200.0	  100.0	    0.0	    0.0	    0.0	    0.0	   16.4	   17.0	  1	  750.0	 1750.0	    0.0	    0.0	   16.4	1	  316.8	 21	    0.0	    0.0	
  257	  25.70	  206.9	 1516.2	  152.4	  720.4	 1339.3	    0.0	  200.0	    0.0	 1500.0	    0.0	  200.0	  100.0	    0.0	    0.0	    0.0	    0.0	   16.5	   17.1	  1	  750.0	 1750.0	    0.0	    0.0	   16.5	1	  319.0	 21	    0.0	    0.0	
  258	  25.80	  206.9	 1516.2	  -71.4	  717.7	 1340.2	    0.0	  200.0	    0.0	 1500.0	    0.0	  200.0	  100.0	    0.0	    0.0	    0.0	    0.0	   16.5	   17.2	  1	  750.0	 1750.0	    0.0	    0.0	   16.5	1	  318.7	 21	    0.0	    0.0	
  259	  25.90	  206.9	 1516.2	   18.6	  717.7	 1340.2	    0.0	  200.0	    0.0	 1500.0	    0.0	  200.0	  100.0	    0.0	    0.0	    0.0	    0.0	   16.6	   17.2	  1	  750.0	 1750.0	    0.0	    0.0	   16.6	1	  318.8	 21	    0.0	    0.0	
  260	  26.00	  206.9	 1516.2	   22.5	  717.7	 1340.2	    0.0	  200.0	    0.0	 1500.0	    0.0	  200.0	  100.0	    0.0	    0.0	    0.0	    0.0	   16.7	   17.3	  1	  750.0	 1750.0	    0.0	    0.0	   16.7	1	  318.9	 21	    0.0	    0.0	
  261	  26.10	  206.9	 1516.2	   22.6	  717.7	 1340.2	    0.0	  200.0	    0.0	 1500.0	    0.0	  200.0	  100.0	    0.0	    0.0	    0.0	    0.0	   16.7	   17.4	  1	  750.0	 1750.0	    0.0	    0.0	   16.7	1	  319.1	 21	    0.0	    0.0	
  262	  26.20	  206.9	 1516.2	   22.6	  718.8	 1337.6	    0.0	  200.0	    0.0	 1500.0	    0.0	  200.0	  100.0	    0.0	    0.0	    0.0	    0.0	   16.8	   17.4	  1	  750.0	 1750.0	    0.0	    0.0	   16.8	1	  319.6	 21	    0.0	    0.0	
  263	  26.30	  206.9	 1516.2	   21.9	  718.8	 1337.6	    0.0	  200.0	    0.0	 1500.0	    0.0	  200.0	  100.0	    0.0	    0.0	    0.0	    0.0	   16.9	   17.5	  1	  750.0	 1750.0	    0.0	    0.0	   16.9	1	  319.7	 21	    0.0	    0.0	
  264	  26.40	  206.9	 1516.2	   22.0	  718.8	 1337.6	    0.0	  200.0	    0.0	 1500.0	    0.0	  200.0	  100.0	    0.0	    0.0	    0.0	    0.0	   16.9	   17.6	  1	  750.0	 1750.0	    0.0	    0.0	   16.9	1	  319.8	 21	    0.0	    0.0	
  265	  26.50	  206.9	 1516.2	   22.0	  718.8	 1337.6	    0.0	  200.0	    0.0	 1500.0	    0.0	  200.0	  100.0	    0.0	    0.0	    0.0	    0.0	   17.0	   17.6	  1	  750.0	 1750.0	    0.0	    0.0	   17.0	1	  319.9	 21	    0.0	    0.0	
  266	  26.60	  206.9	 1516.2	   22.1	  718.8	 1337.6	    0.0	  200.0	    0.0	 1500.0	    0.0	  200.0	  100.0	    0.0	    0.0	    0.0	    0.0	   17.1	   17.7	  1	  750.0	 1750.0	    0.0	    0.0	   17.1	1	  320.1	 21	    0.0	    0.0	
  267	  26.70	  206.9	 1516.2	   22.2	  718.8	 1337.6	    0.0	  200.0	    0.0	 1500.0	    0.0	  200.0	  100.0	    0.0	    0.0	    0.0	    0.0	   17.1	   17.8	  1	  750.0	 1750.0	    0.0	    0.0	   17.1	1	  320.2	 21	    0.0	    0.0	
  268	  26.80	  206.9	 1516.2	   22.4	  718.8	 1337.6	    0.0	  200.0	    0.0	 1500.0	    0.0	  200.0	  100.0	    0.0	    0.0	    0.0	    0.0	   17.2	   17.8	  1	  750.0	 1750.0	    0.0	    0.0	   17.2	1	  320.3	 21	    0.0	    0.0	
  269	  26.90	  206.9	 1516.2	   22.6	  718.8	 1337.6	    0.0	  200.0	    0.0	 1500.0	    0.0	  200.0	  100.0	    0.0	    0.0	    0.0	    0.0	   17.3	   17.9	  1	  750.0	 1750.0	    0.0	    0.0	   17.3	1	  320.4	 21	    0.0	    0.0	
  270	  27.00	  206.9	 1516.2	   22.8	  718.8	 1337.6	    0.0	  200.0	    0.0	 1500.0	    0.0	  200.0	  100.0	    0.0	    0.0	    0.0	    0.0	   17.4	   18.0	  1	  750.0	 1750.0	    0.0	    0.0	   17.4	1	  320.5	 21	    0.0	    0.0	
  271	  27.10	  206.9	 1516.2	   23.1	  718.7	 1335.4	    0.0	  200.0	    0.0	 1500.0	    0.0	  200.0	  100.0	    0.0	    0.0	    0.0	    0.0	   17.4	   18.0	  1	  750.0	 1750.0	    0.0	    0.0	   17.4	1	  320.9	 21	    0.0	    0.0	
  272	  27.20	  206.9	 1516.2	   19.1	  718.7	 1335.4	    0.0	  200.0	    0.0	 1500.0	    0.0	  200.0	  100.0	    0.0	    0.0	    0.0	    0.0	   17.5	   18.1	  1	  750.0	 1750.0	    0.0	    0.0	   17.5	1	  321.0	 21	    0.0	    0.0	
  273	  27.30	  206.9	 1516.2	    8.3	  718.7	 1335.4	    0.0	  200.0	    0.0	 1500.0	    0.0	  200.0	  100.0	    0.0	    0.0	    0.0	    0.0	   17.6	   18.2	  1	  750.0	 1750.0	    0.0	    0.0	   17.6	1	  321.1	 21	    0.0	    0.0	
  274	  27.40	  206.9	 1516.2	 -156.9	  718.1	 1335.6	    0.0	  200.0	    0.0	 1500.0	    0.0	  200.0	  100.0	    0.0	    0.0	    0.0	    0.0	   17.6	   18.2	  1	  750.0	 1750.0	    0.0	    0.0	   17.6	1	  321.1	 21	    0.0	    0.0	
  275	  27.50	  206.9	 1516.2	 -157.4	  718.1	 1335.6	    0.0	  200.0	    0.0	 1500.0	    0.0	  200.0	  100.0	    0.0	    0.0	    0.0	    0.0	   17.7	   18.3	  1	  750.0	 1750.0	    0.0	    0.0	   17.7	1	  321.2	 21	    0.0	    0.0	
  276	  27.60	  206.9	 1516.2	 -157.4	  718.1	 1335.6	    0.0	  200.0	    0.0	 1500.0	    0.0	  200.0	  100.0	    0.0	    0.0	    0.0	    0.0	   17.8	   18.4	  1	  750.0	 1750.0	    0.0	    0.0	   17.8	1	  321.4	 21	    0.0	    0.0	
  277	  27.70	  206.9	 1516.2	 -157.5	  717.2	 1336.0	    0.0	  200.0	    0.0	 1500.0	    0.0	  200.0	  100.0	    0.0	    0.0	    0.0	    0.0	   17.8	   18.4	  1	  750.0	 1750.0	    0.0	    0.0	   17.8	1	  321.3	 21	    0.0	    0.0	
  278	  27.80	  206.9	 1516.2	 -157.5	  716.7	 1336.2	    0.0	  200.0	    0.0	 1500.0	    0.0	  200.0	  100.0	    0.0	    0.0	    0.0	    0.0	   17.9	   18.5	  1	  750.0	 1750.0	    0.0	    0.0	   17.9	1	  321.4	 21	    0.0	    0.0	
  279	  27.90	  206.9	 1516.2	 -157.6	  716.1	 1336.4	    0.0	  200.0	    0.0	 1500.0	    0.0	  200.0	  100.0	    0.0	    0.0	    0.0	    0.0	   18.0	   18.6	  1	  750.0	 1750.0	    0.0	    0.0	   18.0	1	  321.4	 21	    0.0	    0.0	
  280	  28.00	  206.9	 1516.2	 -157.7	  716.1	 1336.4	    0.0	  200.0	    0.0	 1500.0	    0.0	  200.0	  100.0	    0.0	    0.0	    0.0	    0.0	   18.0	   18.6	  1	  750.0	 1750.0	    0.0	    0.0	   18.0	1	  321.5	 21	    0.0	    0.0	
  281	  28.10	  206.9	 1516.2	 -157.7	  716.1	 1336.4	    0.0	  200.0	    0.0	 1500.0	    0.0	  200.0	  100.0	    0.0	    0.0	    0.0	    0.0	   18.1	   18.7	  1	  750.0	 1750.0	    0.0	    0.0	   18.1	1	  321.6	 21	    0.0	    0.0	
  282	  28.20	  206.9	 1516.2	 -157.8	  717.0	 1336.1	    0.0	  200.0	    0.0	 1500.0	    0.0	  200.0	  100.0	    0.0	    0.0	    0.0	    0.0	   18.2	   18.8	  1	  750.0	 1750.0	    0.0	    0.0	   18.2	1	  321.9	 21	    0.0	    0.0	
  283	  28.30	  206.9	 1516.2	 -157.6	  717.0	 1336.1	    0.0	  200.0	    0.0	 1500.0	    0.0	  200.0	  100.0	    0.0	    0.0	    0.0	    0.0	   18.2	   18.8	  1	  750.0	 1750.0	    0.0	    0.0	   18.2	1	  322.0	 21	    0.0	    0.0	
  284	  28.40	  206.9	 1516.2	 -157.6	  717.0	 1336.1	    0.0	  200.0	    0.0	 1500.0	    0.0	  200.0	  100.0	    0.0	    0.0	    0.0	    0.0	   18.3	   18.9	  1	  750.0	 1750.0	    0.0	    0.0	   18.3	1	  322.1	 21	    0.0	    0.0	
  285	  28.50	  206.9	 1516.2	 -157.7	  717.0	 1336.1	    0.0	  200.0	    0.0	 1500.0	    0.0	  200.0	  100.0	    0.0	    0.0	    0.0	    0.0	   18.4	   19.0	  1	  750.0	 1750.0	    0.0	    0.0	   18.4	1	  322.3	 21	    0.0	    0.0	
  286	  28.60	  206.9	 1516.2	 -157.8	  717.0	 1336.1	    0.0	  200.0	    0.0	 1500.0	    0.0	  200.0	  100.0	    0.0	    0.0	    0.0	    0.0	   18.4	   19.1	  1	  750.0	 1750.0	    0.0	    0.0	   18.4	1	  322.4	 21	    0.0	    0.0	
  287	  28.70	  206.9	 1516.2	 -157.9	  717.0	 1336.1	    0.0	  200.0	    0.0	 1500.0	    0.0	  200.0	  100.0	    0.0	    0.0	    0.0	    0.0	   18.5	   19.1	  1	  750.0	 1750.0	    0.0	    0.0	   18.5	1	  322.5	 21	    0.0	    0.0	
  288	  28.80	  206.9	 1516.2	 -158.1	  717.0	 1336.1	    0.0	  200.0	    0.0	 1500.0	    0.0	  200.0	  100.0	    0.0	    0.0	    0.0	    0.0	   18.6	   19.2	  1	  750.0	 1750.0	    0.0	    0.0	   18.6	1	  322.6	 21	    0.0	    0.0	
  289	  28.90	  206.9	 1516.2	 -158.3	  717.0	 1336.1	    0.0	  200.0	    0.0	 1500.0	    0.0	  200.0	  100.0	    0.0	    0.0	    0.0	    0.0	   18.6	   19.3	  1	  750.0	 1750.0	    0.0	    0.0	   18.6	1	  322.7	 21	    0.0	    0.0	
  290	  29.00	  206.9	 1516.2	 -158.5	  717.2	 1336.0	    0.0	  200.0	    0.0	 1500.0	    0.0	  200.0	  100.0	    0.0	    0.0	    0.0	    0.0	   18.7	   19.3	  1	  750.0	 1750.0	    0.0	    0.0	   18.7	1	  322.9	 21	    0.0	    0.0	
  291	  29.10	  206.9	 1516.2	 -158.4	  717.2	 1336.0	    0.0	  200.0	    0.0	 1500.0	    0.0	  200.0	  100.0	    0.0	    0.0	    0.0	    0.0	   18.8	   19.4	  1	  750.0	 1750.0	    0.0	    0.0	   18.8	1	  323.0	 21	    0.0	    0.0	
  292	  29.20	  206.9	 1516.2	 -158.8	  716.1	 1336.4	    0.0	  200.0	    0.0	 1500.0	    0.0	  200.0	  100.0	    0.0	    0.0	    0.0	    0.0	   18.8	   19.5	  1	  750.0	 1750.0	    0.0	    0.0	   18.8	1	  322.9	 21	    0.0	    0.0	
  293	  29.30	  206.9	 1516.2	 -163.4	  716.1	 1336.4	    0.0	  200.0	    0.0	 1500.0	    0.0	  200.0	  100.0	    0.0	    0.0	    0.0	    0.0	   18.9	   19.5	  1	  750.0	 1750.0	    0.0	    0.0	   18.9	1	  323.1	 21	    0.0	    0.0	
  294	  29.40	  206.9	 1516.2	 -164.1	  716.1	 1336.4	    0.0	  200.0	    0.0	 1500.0	    0.0	  200.0	  100.0	    0.0	    0.0	    0.0	    0.0	   19.0	   19.6	  1	  750.0	 1750.0	    0.0	    0.0	   19.0	1	  323.2	 21	    0.0	    0.0	
  295	  29.50	  206.9	 1516.2	 -165.0	  716.1	 1336.4	    0.0	  200.0	    0.0	 1500.0	    0.0	  200.0	  100.0	    0.0	    0.0	    0.0	    0.0	   19.0	   19.7	  1	  750.0	 1750.0	    0.0	    0.0	   19.0	1	  323.3	 21	    0.0	    0.0	
  296	  29.60	  206.9	 1516.2	 -166.2	  711.6	 1335.8	    0.0	  200.0	    0.0	 1500.0	    0.0	  200.0	  100.0	    0.0	    0.0	    0.0	    0.0	   19.1	   19.7	  1	  750.0	 1750.0	    0.0	    0.0	   19.1	1	  322.9	 21	    0.0	    0.0	
  297	  29.70	  206.9	 1516.2	  169.9	  711.6	 1335.8	    0.0	  200.0	    0.0	 1500.0	    0.0	  200.0	  100.0	    0.0	    0.0	    0.0	    0.0	   19.2	   19.8	  1	  750.0	 1750.0	    0.0	    0.0	   19.2	1	  323.0	 21	    0.0	    0.0	
  298	  29.80	  206.9	 1516.2	  168.5	  711.6	 1335.8	    0.0	  200.0	    0.0	 1500.0	    0.0	  200.0	  100.0	    0.0	    0.0	    0.0	    0.0	   19.2	   19.9	  1	  750.0	 1750.0	    0.0	    0.0	   19.2	1	  323.1	 21	    0.0	    0.0	
  299	  29.90	  206.9	 1516.2	  166.8	  711.6	 1335.8	    0.0	  200.0	    0.0	 1500.0	    0.0	  200.0	  100.0	    0.0	    0.0	    0.0	    0.0	   19.3	   19.9	  1	  750.0	 1750.0	    0.0	    0.0	   19.3	1	  323.2	 21	    0.0	    0.0	
  300	  30.00	  206.9	 1516.2	  164.8	  711.6	 1335.8	    0.0	  200.0	    0.0	 1500.0	    0.0	  200.0	  100.0	    0.0	    0.0	    0.0	    0.0	   19.4	   20.0	  1	  750.0	 1750.0	    0.0	    0.0	   19.4	1	  323.3	 21	    0.0	    0.0	
  301	  30.10	  206.9	 1516.2	  162.2	  711.6	 1335.8	    0.0	  200.0	    0.0	 1500.0	    0.0	  200.0	  100.0	    0.0	    0.0	    0.0	    0.0	   19.4	   20.1	  1	  750.0	 1750.0	    0.0	    0.0	   19.4	1	  323.4	 21	    0.0	    0.0	
  302	  30.20	  206.9	 1516.2	  159.3	  711.6	 1335.8	    0.0	  200.0	    0.0	 1500.0	    0.0	  200.0	  100.0	    0.0	    0.0	    0.0	    0.0	   19.5	   20.1	  1	  750.0	 1750.0	    0.0	    0.0	   19.5	1	  323.5	 21	    0.0	    0.0	
  303	  30.30	  206.9	 1516.2	  155.8	  711.6	 1335.8	    0.0	  200.0	    0.0	 1500.0	    0.0	  200.0	  100.0	    0.0	    0.0	    0.0	    0.0	   19.6	   20.2	  1	  750.0	 1750.0	    0.0	    0.0	   19.6	1	  323.7	 21	    0.0	    0.0	
  304	  30.40	  206.9	 1516.2	  151.9	  711.6	 1335.8	    0.0	  200.0	    0.0	 1500.0	    0.0	  200.0	  100.0	    0.0	    0.0	    0.0	    0.0	   19.6	   20.3	  1	  750.0	 1750.0	    0.0	    0.0	   19.6	1	  323.8	 21	    0.0	    0.0	
  305	  30.50	  206.9	 1516.2	  147.7	  711.6	 1335.8	    0.0	  200.0	    0.0	 1500.0	    0.0	  200.0	  100.0	    0.0	    0.0	    0.0	    0.0	   19.7	   20.3	  1	  750.0	 1750.0	    0.0	    0.0	   19.7	1	  323.9	 21	    0.0	    0.0	
  306	  30.60	  206.9	 1516.2	  143.4	  711.6	 1335.8	    0.0	  200.0	    0.0	 1500.0	    0.0	  200.0	  100.0	    0.0	    0.0	    0.0	    0.0	   19.7	   20.4	  1	  750.0	 1750.0	    0.0	    0.0	   19.7	1	  324.0	 21	    0.0	    0.0	
  307	  30.70	  206.9	 1516.2	  139.0	  711.6	 1335.8	    0.0	  200.0	    0.0	 1500.0	    0.0	  200.0	  100.0	    0.0	    0.0	    0.0	    0.0	   19.8	   20.5	  1	  750.0	 1750.0	    0.0	    0.0	   19.8	1	  324.1	 21	    0.0	    0.0	
  308	  30.80	  206.9	 1516.2	  134.9	  711.6	 1335.8	    0.0	  200.0	    0.0	 1500.0	    0.0	  200.0	  100.0	    0.0	    0.0	    0.0	    0.0	   19.9	   20.5	  1	  750.0	 1750.0	    0.0	    0.0	   19.9	1	  324.2	 21	    0.0	    0.0	
  309	  30.90	  206.9	 1516.2	  131.2	  711.6	 1335.8	    0.0	  200.0	    0.0	 1500.0	    0.0	  200.0	  100.0	    0.0	    0.0	    0.0	    0.0	   19.9	   20.6	  1	  750.0	 1750.0	    0.0	    0.0	   19.9	1	  324.4	 21	    0.0	    0.0	
  310	  31.00	  206.9	 1516.2	  127.9	  711.6	 1335.8	    0.0	  200.0	    0.0	 1500.0	    0.0	  200.0	  100.0	    0.0	    0.0	    0.0	    0.0	   20.0	   20.7	  1	  750.0	 1750.0	    0.0	    0.0	   20.0	1	  324.5	 21	    0.0	    0.0	
  311	  31.10	  206.9	 1516.2	  125.1	  712.1	 1336.7	    0.0	  200.0	    0.0	 1500.0	    0.0	  200.0	  100.0	    0.0	    0.0	    0.0	    0.0	   20.1	   20.7	  1	  750.0	 1750.0	    0.0	    0.0	   20.1	1	  324.6	 21	    0.0	    0.0	
  312	  31.20	  206.9	 1516.2	  119.3	  712.1	 1336.7	    0.0	  200.0	    0.0	 1500.0	    0.0	  200.0	  100.0	    0.0	    0.0	    0.0	    0.0	   20.1	   20.8	  1	  750.0	 1750.0	    0.0	    0.0	   20.1	1	  324.7	 21	    0.0	    0.0	
  313	  31.30	  206.9	 1516.2	   24.3	  712.4	 1336.6	    0.0	  200.0	    0.0	 1500.0	    0.0	  200.0	  100.0	    0.0	    0.0	    0.0	    0.0	   20.2	   20.9	  1	  750.0	 1750.0	    0.0	    0.0	   20.2	1	  324.9	 21	    0.0	    0.0	
  314	  31.40	  206.9	 1516.2	   23.5	  712.4	 1336.6	    0.0	  200.0	    0.0	 1500.0	    0.0	  200.0	  100.0	    0.0	    0.0	    0.0	    0.0	   20.3	   20.9	  1	  750.0	 1750.0	    0.0	    0.0	   20.3	1	  325.0	 21	    0.0	    0.0	
  315	  31.50	  206.9	 1516.2	   23.5	  712.4	 1336.6	    0.0	  200.0	    0.0	 1500.0	    0.0	  200.0	  100.0	    0.0	    0.0	    0.0	    0.0	   20.3	   21.0	  1	  750.0	 1750.0	    0.0	    0.0	   20.3	1	  325.1	 21	    0.0	    0.0	
  316	  31.60	  206.9	 1516.2	   23.6	  712.4	 1336.6	    0.0	  200.0	    0.0	 1500.0	    0.0	  200.0	  100.0	    0.0	    0.0	    0.0	    0.0	   20.4	   21.1	  1	  750.0	 1750.0	    0.0	    0.0	   20.4	1	  325.2	 21	    0.0	    0.0	
  317	  31.70	  206.9	 1516.2	   23.6	  712.4	 1336.6	    0.0	  200.0	    0.0	 1500.0	    0.0	  200.0	  100.0	    0.0	    0.0	    0.0	    0.0	   20.5	   21.2	  1	  750.0	 1750.0	    0.0	    0.0	   20.5	1	  325.3	 21	    0.0	    0.0	
  318	  31.80	  206.9	 1516.2	   23.7	  712.4	 1336.6	    0.0	  200.0	    0.0	 1500.0	    0.0	  200.0	  100.0	    0.0	    0.0	    0.0	    0.0	   20.5	   21.2	  1	  750.0	 1750.0	    0.0	    0.0	   20.5	1	  325.4	 21	    0.0	    0.0	
  319	  31.90	  206.9	 1516.2	   23.7	  712.4	 1336.6	    0.0	  200.0	    0.0	 1500.0	    0.0	  200.0	  100.0	    0.0	    0.0	    0.0	    0.0	   20.6	   21.3	  1	  750.0	 1750.0	    0.0	    0.0	   20.6	1	  325.6	 21	    0.0	    0.0	
  320	  32.00	  206.9	 1516.2	   23.8	  712.4	 1336.6	    0.0	  200.0	    0.0	 1500.0	    0.0	  200.0	  100.0	    0.0	    0.0	    0.0	    0.0	   20.7	   21.4	  1	  750.0	 1750.0	    0.0	    0.0	   20.7	1	  325.7	 21	    0.0	    0.0	
  321	  32.10	  206.9	 1516.2	   23.9	  712.4	 1336.6	    0.0	  200.0	    0.0	 1500.0	    0.0	  200.0	  100.0	    0.0	    0.0	    0.0	    0.0	   20.7	   21.4	  1	  750.0	 1750.0	    0.0	    0.0	   20.7	1	  325.8	 21	    0.0	    0.0	
  322	  32.20	  206.9	 1516.2	   24.0	  712.4	 1336.6	    0.0	  200.0	    0.0	 1500.0	    0.0	  200.0	  100.0	    0.0	    0.0	    0.0	    0.0	   20.8	   21.5	  1	  750.0	 1750.0	    0.0	    0.0	   20.8	1	  325.9	 21	    0.0	    0.0	
  323	  32.30	  206.9	 1516.2	   24.2	  712.0	 1336.7	    0.0	  200.0	    0.0	 1500.0	    0.0	  200.0	  100.0	    0.0	    0.0	    0.0	    0.0	   20.9	   21.6	  1	  750.0	 1750.0	    0.0	    0.0	   20.9	1	  326.0	 21	    0.0	    0.0	
  324	  32.40	  206.9	 1516.2	   25.0	  712.0	 1336.7	    0.0	  200.0	    0.0	 1500.0	    0.0	  200.0	  100.0	    0.0	    0.0	    0.0	    0.0	   20.9	   21.6	  1	  750.0	 1750.0	    0.0	    0.0	   20.9	1	  326.1	 21	    0.0	    0.0	
  325	  32.50	  206.9	 1516.2	   25.5	  712.0	 1336.7	    0.0	  200.0	    0.0	 1500.0	    0.0	  200.0	  100.0	    0.0	    0.0	    0.0	    0.0	   21.0	   21.7	  1	  750.0	 1750.0	    0.0	    0.0	   21.0	1	  326.2	 21	    0.0	    0.0	
  326	  32.60	  206.9	 1516.2	   26.2	  712.0	 1336.7	    0.0	  200.0	    0.0	 1500.0	    0.0	  200.0	  100.0	    0.0	    0.0	    0.0	    0.0	   21.1	   21.8	  1	  750.0	 1750.0	    0.0	    0.0	   21.1	1	  326.3	 21	    0.0	    0.0	
  327	  32.70	  206.9	 1516.2	   27.9	  714.3	 1338.1	    0.0	  200.0	    0.0	 1500.0	    0.0	  200.0	  100.0	    0.0	    0.0	    0.0	    0.0	   21.1	   21.8	  1	  750.0	 1750.0	    0.0	    0.0	   21.1	1	  326.6	 21	    0.0	    0.0	
  328	  32.80	  206.9	 1516.2	  125.4	  714.3	 1338.1	    0.0	  200.0	    0.0	 1500.0	    0.0	  200.0	  100.0	    0.0	    0.0	    0.0	    0.0	   21.2	   21.9	  1	  750.0	 1750.0	    0.0	    0.0	   21.2	1	  326.8	 21	    0.0	    0.0	
  329	  32.90	  206.9	 1516.2	 -156.4	  714.3	 1338.1	    0.0	  200.0	    0.0	 1500.0	    0.0	  200.0	  100.0	    0.0	    0.0	    0.0	    0.0	   21.3	   22.0	  1	  750.0	 1750.0	    0.0	    0.0	   21.3	1	  326.9	 21	    0.0	    0.0	
  330	  33.00	  206.9	 1516.2	 -156.4	  714.3	 1338.1	    0.0	  200.0	    0.0	 1500.0	    0.0	  200.0	  100.0	    0.0	    0.0	    0.0	    0.0	   21.3	   22.0	  1	  750.0	 1750.0	    0.0	    0.0	   21.3	1	  327.0	 21	    0.0	    0.0	
  331	  33.10	  206.9	 1516.2	 -156.4	  714.3	 1338.1	    0.0	  200.0	    0.0	 1500.0	    0.0	  200.0	  100.0	    0.0	    0.0	    0.0	    0.0	   21.4	   22.1	  1	  750.0	 1750.0	    0.0	    0.0	   21.4	1	  327.1	 21	    0.0	    0.0	
  332	  33.20	  206.9	 1516.2	 -156.4	  714.3	 1338.1	    0.0	  200.0	    0.0	 1500.0	    0.0	  200.0	  100.0	    0.0	    0.0	    0.0	    0.0	   21.5	   22.2	  1	  750.0	 1750.0	    0.0	    0.0	   21.5	1	  327.2	 21	    0.0	    0.0	
  333	  33.30	  206.9	 1516.2	 -156.4	  701.7	 1337.2	    0.0	  200.0	    0.0	 1500.0	    0.0	  200.0	  100.0	    0.0	    0.0	    0.0	    0.0	   21.5	   22.2	  1	  750.0	 1850.0	    0.0	    0.0	   21.5	1	  315.9	 21	    0.0	    0.0	
  334	  33.40	  206.9	 1516.2	 -156.4	  701.7	 1337.2	    0.0	  200.0	    0.0	 1500.0	    0.0	  200.0	  100.0	    0.0	    0.0	    0.0	    0.0	   21.6	   22.3	  1	  750.0	 1850.0	    0.0	    0.0	   21.6	1	  316.0	 21	    0.0	    0.0	
  335	  33.50	  206.9	 1516.2	 -156.4	  701.7	 1337.2	    0.0	  200.0	    0.0	 1500.0	    0.0	  200.0	  100.0	    0.0	    0.0	    0.0	    0.0	   21.6	   22.4	  1	  750.0	 1850.0	    0.0	    0.0	   21.6	1	  316.1	 21	    0.0	    0.0	
  336	  33.60	  206.9	 1516.2	 -156.4	  701.7	 1337.2	    0.0	  200.0	    0.0	 1500.0	    0.0	  200.0	  100.0	    0.0	    0.0	    0.0	    0.0	   21.7	   22.4	  1	  750.0	 1850.0	    0.0	    0.0	   21.7	1	  316.1	 21	    0.0	    0.0	
  337	  33.70	  206.9	 1516.2	 -156.5	  701.7	 1337.2	    0.0	  200.0	    0.0	 1500.0	    0.0	  200.0	  100.0	    0.0	    0.0	    0.0	    0.0	   21.8	   22.5	  1	  750.0	 1850.0	    0.0	    0.0	   21.8	1	  316.2	 21	    0.0	    0.0	
  338	  33.80	  206.9	 1516.2	 -156.5	  687.0	 1335.2	    0.0	  200.0	    0.0	 1500.0	    0.0	  200.0	  100.0	    0.0	    0.0	    0.0	    0.0	   21.8	   22.6	  1	  750.0	 1850.0	    0.0	    0.0	   21.8	1	  314.4	 21	    0.0	    0.0	
  339	  33.90	  206.9	 1516.2	 -160.2	  687.0	 1335.2	    0.0	  200.0	    0.0	 1500.0	    0.0	  200.0	  100.0	    0.0	    0.0	    0.0	    0.0	   21.9	   22.6	  1	  750.0	 1850.0	    0.0	    0.0	   21.9	1	  314.5	 21	    0.0	    0.0	
  340	  34.00	  206.9	 1516.2	 -160.3	  687.0	 1335.2	    0.0	  200.0	    0.0	 1500.0	    0.0	  200.0	  100.0	    0.0	    0.0	    0.0	    0.0	   21.9	   22.7	  1	  750.0	 1850.0	    0.0	    0.0	   21.9	1	  314.6	 21	    0.0	    0.0	
  341	  34.10	  206.9	 1516.2	 -160.3	  687.0	 1335.2	    0.0	  200.0	    0.0	 1500.0	    0.0	  200.0	  100.0	    0.0	    0.0	    0.0	    0.0	   22.0	   22.8	  1	  750.0	 1850.0	    0.0	    0.0	   22.0	1	  314.6	 21	    0.0	    0.0	
  342	  34.20	  206.9	 1516.2	 -160.4	  683.1	 1335.6	    0.0	  200.0	    0.0	 1500.0	    0.0	  200.0	  100.0	    0.0	    0.0	    0.0	    0.0	   22.1	   22.8	  1	  750.0	 1850.0	    0.0	    0.0	   22.1	1	  314.2	 21	    0.0	    0.0	
  343	  34.30	  206.9	 1516.2	 -164.2	  683.1	 1335.6	    0.0	  200.0	    0.0	 1500.0	    0.0	  200.0	  100.0	    0.0	    0.0	    0.0	    0.0	   22.1	   22.9	  1	  750.0	 1850.0	    0.0	    0.0	   22.1	1	  314.2	 21	    0.0	    0.0	
  344	  34.40	  206.9	 1516.2	 -164.4	  683.1	 1335.6	    0.0	  200.0	    0.0	 1500.0	    0.0	  200.0	  100.0	    0.0	    0.0	    0.0	    0.0	   22.2	   23.0	  1	  750.0	 1850.0	    0.0	    0.0	   22.2	1	  314.3	 21	    0.0	    0.0	
  345	  34.50	  206.9	 1516.2	 -164.5	  683.1	 1335.6	    0.0	  200.0	    0.0	 1500.0	    0.0	  200.0	  100.0	    0.0	    0.0	    0.0	    0.0	   22.2	   23.0	  1	  750.0	 1850.0	    0.0	    0.0	   22.2	1	  314.4	 21	    0.0	    0.0	
  346	  34.60	  206.9	 1516.2	 -164.8	  684.6	 1342.3	    0.0	  200.0	    0.0	 1500.0	    0.0	  200.0	  100.0	    0.0	    0.0	    0.0	    0.0	   22.3	   23.1	  1	  750.0	 1850.0	    0.0	    0.0	   22.3	1	  314.2	 21	    0.0	    0.0	
  347	  34.70	  206.9	 1516.2	  178.3	  684.6	 1342.3	    0.0	  200.0	    0.0	 1500.0	    0.0	  200.0	  100.0	    0.0	    0.0	    0.0	    0.0	   22.4	   23.2	  1	  750.0	 1850.0	    0.0	    0.0	   22.4	1	  314.2	 21	    0.0	    0.0	
  348	  34.80	  206.9	 1516.2	  178.0	  684.6	 1342.3	    0.0	  200.0	    0.0	 1500.0	    0.0	  200.0	  100.0	    0.0	    0.0	    0.0	    0.0	   22.4	   23.3	  1	  750.0	 1850.0	    0.0	    0.0	   22.4	1	  314.3	 21	    0.0	    0.0	
  349	  34.90	  206.9	 1516.2	  177.5	  684.6	 1342.3	    0.0	  200.0	    0.0	 1500.0	    0.0	  200.0	  100.0	    0.0	    0.0	    0.0	    0.0	   22.5	   23.3	  1	  750.0	 1850.0	    0.0	    0.0	   22.5	1	  314.4	 21	    0.0	    0.0	
  350	  35.00	  206.9	 1516.2	  177.0	  691.0	 1346.3	    0.0	  200.0	    0.0	 1500.0	    0.0	  200.0	  100.0	    0.0	    0.0	    0.0	    0.0	   22.5	   23.4	  1	  750.0	 1850.0	    0.0	    0.0	   22.5	1	  315.0	 21	    0.0	    0.0	
  351	  35.10	  206.9	 1516.2	 -178.1	  691.0	 1346.3	    0.0	  200.0	    0.0	 1500.0	    0.0	  200.0	  100.0	    0.0	    0.0	    0.0	    0.0	   22.6	   23.5	  1	  750.0	 1850.0	    0.0	    0.0	   22.6	1	  315.1	 21	    0.0	    0.0	
  352	  35.20	  206.9	 1516.2	 -179.1	  691.0	 1346.3	    0.0	  200.0	    0.0	 1500.0	    0.0	  200.0	  100.0	    0.0	    0.0	    0.0	    0.0	   22.7	   23.5	  1	  750.0	 1850.0	    0.0	    0.0	   22.7	1	  315.2	 21	    0.0	    0.0	
  353	  35.30	  206.9	 1516.2	  179.5	  691.0	 1346.3	    0.0	  200.0	    0.0	 1500.0	    0.0	  200.0	  100.0	    0.0	    0.0	    0.0	    0.0	   22.7	   23.6	  1	  750.0	 1850.0	    0.0	    0.0	   22.7	1	  315.2	 21	    0.0	    0.0	
  354	  35.40	  206.9	 1516.2	  177.8	  691.0	 1346.3	    0.0	  200.0	    0.0	 1500.0	    0.0	  200.0	  100.0	    0.0	    0.0	    0.0	    0.0	   22.8	   23.7	  1	  750.0	 1850.0	    0.0	    0.0	   22.8	1	  315.3	 21	    0.0	    0.0	
  355	  35.50	  206.9	 1516.2	  175.7	  693.4	 1342.3	    0.0	  200.0	    0.0	 1500.0	    0.0	  200.0	  100.0	    0.0	    0.0	    0.0	    0.0	   22.8	   23.7	  1	  750.0	 1850.0	    0.0	    0.0	   22.8	1	  316.0	 21	    0.0	    0.0	
  356	  35.60	  206.9	 1516.2	  -84.9	  693.4	 1342.3	    0.0	  200.0	    0.0	 1500.0	    0.0	  200.0	  100.0	    0.0	    0.0	    0.0	    0.0	   22.9	   23.8	  1	  750.0	 1850.0	    0.0	    0.0	   22.9	1	  316.1	 21	    0.0	    0.0	
  357	  35.70	  206.9	 1516.2	  -85.4	  693.4	 1342.3	    0.0	  200.0	    0.0	 1500.0	    0.0	  200.0	  100.0	    0.0	    0.0	    0.0	    0.0	   23.0	   23.9	  1	  750.0	 1850.0	    0.0	    0.0	   23.0	1	  316.2	 21	    0.0	    0.0	
  358	  35.80	  206.9	 1516.2	  -86.1	  693.4	 1342.3	    0.0	  200.0	    0.0	 1500.0	    0.0	  200.0	  100.0	    0.0	    0.0	    0.0	    0.0	   23.0	   23.9	  1	  750.0	 1850.0	    0.0	    0.0	   23.0	1	  316.3	 21	    0.0	    0.0	
  359	  35.90	  206.9	 1516.2	  -87.2	  693.4	 1342.3	    0.0	  200.0	    0.0	 1500.0	    0.0	  200.0	  100.0	    0.0	    0.0	    0.0	    0.0	   23.1	   24.0	  1	  750.0	 1850.0	    0.0	    0.0	   23.1	1	  316.3	 21	    0.0	    0.0	
  360	  36.00	  206.9	 1516.2	  -88.7	  693.4	 1342.3	    0.0	  200.0	    0.0	 1500.0	    0.0	  200.0	  100.0	    0.0	    0.0	    0.0	    0.0	   23.1	   24.1	  1	  750.0	 1850.0	    0.0	    0.0	   23.1	1	  316.4	 21	    0.0	    0.0	
  361	  36.10	  206.9	 1516.2	  -91.0	  693.4	 1342.3	    0.0	  200.0	    0.0	 1500.0	    0.0	  200.0	  100.0	    0.0	    0.0	    0.0	    0.0	   23.2	   24.1	  1	  750.0	 1850.0	    0.0	    0.0	   23.2	1	  316.5	 21	    0.0	    0.0	
  362	  36.20	  206.9	 1516.2	  -94.6	  693.4	 1342.3	    0.0	  200.0	    0.0	 1500.0	    0.0	  200.0	  100.0	    0.0	    0.0	    0.0	    0.0	   23.3	   24.2	  1	  750.0	 1850.0	    0.0	    0.0	   23.3	1	  316.6	 21	    0.0	    0.0	
  363	  36.30	  206.9	 1516.2	 -100.8	  693.4	 1342.3	    0.0	  200.0	    0.0	 1500.0	    0.0	  200.0	  100.0	    0.0	    0.0	    0.0	    0.0	   23.3	   24.3	  1	  750.0	 1850.0	    0.0	    0.0	   23.3	1	  316.7	 21	    0.0	    0.0	
  364	  36.40	  206.9	 1516.2	 -113.1	  693.4	 1342.3	    0.0	  200.0	    0.0	 1500.0	    0.0	  200.0	  100.0	    0.0	    0.0	    0.0	    0.0	   23.4	   24.3	  1	  750.0	 1850.0	    0.0	    0.0	   23.4	1	  316.7	 21	    0.0	    0.0	
  365	  36.50	  206.9	 1516.2	 -140.3	  693.4	 1342.3	    0.0	  200.0	    0.0	 1500.0	    0.0	  200.0	  100.0	    0.0	    0.0	    0.0	    0.0	   23.4	   24.4	  1	  750.0	 1850.0	    0.0	    0.0	   23.4	1	  316.8	 21	    0.0	    0.0	
  366	  36.60	  206.9	 1516.2	  175.5	  693.4	 1342.3	    0.0	  200.0	    0.0	 1500.0	    0.0	  200.0	  100.0	    0.0	    0.0	    0.0	    0.0	   23.5	   24.5	  1	  750.0	 1850.0	    0.0	    0.0	   23.5	1	  316.9	 21	    0.0	    0.0	
  367	  36.70	  206.9	 1516.2	  146.4	  693.4	 1342.3	    0.0	  200.0	    0.0	 1500.0	    0.0	  200.0	  100.0	    0.0	    0.0	    0.0	    0.0	   23.6	   24.5	  1	  750.0	 1850.0	    0.0	    0.0	   23.6	1	  317.0	 21	    0.0	    0.0	
  368	  36.80	  206.9	 1516.2	  133.2	  693.4	 1342.3	    0.0	  200.0	    0.0	 1500.0	    0.0	  200.0	  100.0	    0.0	    0.0	    0.0	    0.0	   23.6	   24.6	  1	  750.0	 1850.0	    0.0	    0.0	   23.6	1	  317.0	 21	    0.0	    0.0	
  369	  36.90	  206.9	 1516.2	  126.6	  693.4	 1342.3	    0.0	  200.0	    0.0	 1500.0	    0.0	  200.0	  100.0	    0.0	    0.0	    0.0	    0.0	   23.7	   24.7	  1	  750.0	 1850.0	    0.0	    0.0	   23.7	1	  317.1	 21	    0.0	    0.0	
  370	  37.00	  206.9	 1516.2	  122.9	  693.4	 1342.3	    0.0	  200.0	    0.0	 1500.0	    0.0	  200.0	  100.0	    0.0	    0.0	    0.0	    0.0	   23.7	   24.7	  1	  750.0	 1850.0	    0.0	    0.0	   23.7	1	  317.2	 21	    0.0	    0.0	
  371	  37.10	  206.9	 1516.2	   25.4	  693.4	 1342.3	    0.0	  200.0	    0.0	 1500.0	    0.0	  200.0	  100.0	    0.0	    0.0	    0.0	    0.0	   23.8	   24.8	  1	  750.0	 1850.0	    0.0	    0.0	   23.8	1	  317.3	 21	    0.0	    0.0	
  372	  37.20	  206.9	 1516.2	   24.9	  693.4	 1342.3	    0.0	  200.0	    0.0	 1500.0	    0.0	  200.0	  100.0	    0.0	    0.0	    0.0	    0.0	   23.9	   24.9	  1	  750.0	 1850.0	    0.0	    0.0	   23.9	1	  317.3	 21	    0.0	    0.0	
  373	  37.30	  206.9	 1516.2	   24.9	  693.4	 1342.3	    0.0	  200.0	    0.0	 1500.0	    0.0	  200.0	  100.0	    0.0	    0.0	    0.0	    0.0	   23.9	   24.9	  1	  750.0	 1850.0	    0.0	    0.0	   23.9	1	  317.4	 21	    0.0	    0.0	
  374	  37.40	  206.9	 1516.2	   24.9	  693.4	 1342.3	    0.0	  200.0	    0.0	 1500.0	    0.0	  200.0	  100.0	    0.0	    0.0	    0.0	    0.0	   24.0	   25.0	  1	  750.0	 1850.0	    0.0	    0.0	   24.0	1	  317.5	 21	    0.0	    0.0	
  375	  37.50	  206.9	 1516.2	   25.0	  693.4	 1342.3	    0.0	  200.0	    0.0	 1500.0	    0.0	  200.0	  100.0	    0.0	    0.0	    0.0	    0.0	   24.0	   25.1	  1	  750.0	 1850.0	    0.0	    0.0	   24.0	1	  317.6	 21	    0.0	    0.0	
  376	  37.60	  206.9	 1516.2	   25.0	  693.4	 1342.3	    0.0	  200.0	    0.0	 1500.0	    0.0	  200.0	  100.0	    0.0	    0.0	    0.0	    0.0	   24.1	   25.1	  1	  750.0	 1850.0	    0.0	    0.0	   24.1	1	  317.7	 21	    0.0	    0.0	
  377	  37.70	  206.9	 1516.2	   25.0	  693.4	 1342.3	    0.0	  200.0	    0.0	 1500.0	    0.0	  200.0	  100.0	    0.0	    0.0	    0.0	    0.0	   24.2	   25.2	  1	  750.0	 1850.0	    0.0	    0.0	   24.2	1	  317.7	 21	    0.0	    0.0	
  378	  37.80	  206.9	 1516.2	   25.1	  693.4	 1342.3	    0.0	  200.0	    0.0	 1500.0	    0.0	  200.0	  100.0	    0.0	    0.0	    0.0	    0.0	   24.2	   25.3	  1	  750.0	 1850.0	    0.0	    0.0	   24.2	1	  317.8	 21	    0.0	    0.0	
  379	  37.90	  206.9	 1516.2	   25.2	  693.4	 1342.3	    0.0	  200.0	    0.0	 1500.0	    0.0	  200.0	  100.0	    0.0	    0.0	    0.0	    0.0	   24.3	   25.3	  1	  750.0	 1850.0	    0.0	    0.0	   24.3	1	  317.9	 21	    0.0	    0.0	
  380	  38.00	  206.9	 1516.2	   25.2	  693.4	 1342.3	    0.0	  200.0	    0.0	 1500.0	    0.0	  200.0	  100.0	    0.0	    0.0	    0.0	    0.0	   24.3	   25.4	  1	  750.0	 1850.0	    0.0	    0.0	   24.3	1	  318.0	 21	    0.0	    0.0	
  381	  38.10	  206.9	 1516.2	   25.4	  693.4	 1342.3	    0.0	  200.0	    0.0	 1500.0	    0.0	  200.0	  100.0	    0.0	    0.0	    0.0	    0.0	   24.4	   25.5	  1	  750.0	 1850.0	    0.0	    0.0	   24.4	1	  318.0	 21	    0.0	    0.0	
  382	  38.20	  206.9	 1516.2	   25.5	  693.4	 1342.3	    0.0	  200.0	    0.0	 1500.0	    0.0	  200.0	  100.0	    0.0	    0.0	    0.0	    0.0	   24.5	   25.6	  1	  750.0	 1850.0	    0.0	    0.0	   24.5	1	  318.1	 21	    0.0	    0.0	
  383	  38.30	  206.9	 1516.2	   25.7	  693.4	 1342.3	    0.0	  200.0	    0.0	 1500.0	    0.0	  200.0	  100.0	    0.0	    0.0	    0.0	    0.0	   24.5	   25.6	  1	  750.0	 1850.0	    0.0	    0.0	   24.5	1	  318.2	 21	    0.0	    0.0	
  384	  38.40	  206.9	 1516.2	   26.0	  693.4	 1342.3	    0.0	  200.0	    0.0	 1500.0	    0.0	  200.0	  100.0	    0.0	    0.0	    0.0	    0.0	   24.6	   25.7	  1	  750.0	 1850.0	    0.0	    0.0	   24.6	1	  318.3	 21	    0.0	    0.0	
  385	  38.50	  206.9	 1516.2	   26.5	  693.4	 1342.3	    0.0	  200.0	    0.0	 1500.0	    0.0	  200.0	  100.0	    0.0	    0.0	    0.0	    0.0	   24.6	   25.8	  1	  750.0	 1850.0	    0.0	    0.0	   24.6	1	  318.3	 21	    0.0	    0.0	
  386	  38.60	  206.9	 1516.2	   27.4	  693.4	 1342.3	    0.0	  200.0	    0.0	 1500.0	    0.0	  200.0	  100.0	    0.0	    0.0	    0.0	    0.0	   24.7	   25.8	  1	  750.0	 1850.0	    0.0	    0.0	   24.7	1	  318.4	 21	    0.0	    0.0	
  387	  38.70	  206.9	 1516.2	   32.8	  693.4	 1342.3	    0.0	  200.0	    0.0	 1500.0	    0.0	  200.0	  100.0	    0.0	    0.0	    0.0	    0.0	   24.8	   25.9	  1	  750.0	 1850.0	    0.0	    0.0	   24.8	1	  318.5	 21	    0.0	    0.0	
  388	  38.80	  206.9	 1516.2	 -155.9	  693.4	 1342.3	    0.0	  200.0	    0.0	 1500.0	    0.0	  200.0	  100.0	    0.0	    0.0	    0.0	    0.0	   24.8	   26.0	  1	  750.0	 1850.0	    0.0	    0.0	   24.8	1	  318.6	 21	    0.0	    0.0	
  389	  38.90	  206.9	 1516.2	 -155.0	  693.4	 1342.3	    0.0	  200.0	    0.0	 1500.0	    0.0	  200.0	  100.0	    0.0	    0.0	    0.0	    0.0	   24.9	   26.0	  1	  750.0	 1850.0	    0.0	    0.0	   24.9	1	  318.7	 21	    0.0	    0.0	
  390	  39.00	  206.9	 1516.2	 -155.0	  693.4	 1342.3	    0.0	  200.0	    0.0	 1500.0	    0.0	  200.0	  100.0	    0.0	    0.0	    0.0	    0.0	   24.9	   26.1	  1	  750.0	 1850.0	    0.0	    0.0	   24.9	1	  318.7	 21	    0.0	    0.0	
  391	  39.10	  206.9	 1516.2	 -155.0	  693.4	 1342.3	    0.0	  200.0	    0.0	 1500.0	    0.0	  200.0	  100.0	    0.0	    0.0	    0.0	    0.0	   25.0	   26.2	  1	  750.0	 1850.0	    0.0	    0.0	   25.0	1	  318.8	 21	    0.0	    0.0	
  392	  39.20	  206.9	 1516.2	 -155.0	  693.4	 1342.3	    0.0	  200.0	    0.0	 1500.0	    0.0	  200.0	  100.0	    0.0	    0.0	    0.0	    0.0	   25.1	   26.2	  1	  750.0	 1850.0	    0.0	    0.0	   25.1	1	  318.9	 21	    0.0	    0.0	
