    1	   4.20	    0.0	 1500.0	    0.0	    0.0	 1500.0	    0.0	  200.0	    0.0	 1500.0	    0.0	  200.0	  100.0	   99.7	    0.0	    0.0	    0.0	    0.0	    0.1	  1	 -750.0	 1550.0	   99.7	    0.0	    0.0	1	  521.5	 21	    0.0	    7.7	
    2	   4.30	    0.0	 1500.0	    0.0	    0.0	 1500.0	    0.0	  200.0	    0.0	 1500.0	    0.0	  200.0	  100.0	   99.2	    0.0	    0.0	    0.0	    0.0	    0.1	  1	 -750.0	 1550.0	   99.2	    0.0	    0.0	1	  396.2	 21	 1305.5	   10.5	
    3	   4.40	    0.0	 1500.0	    0.0	    0.0	 1500.0	    0.0	  200.0	    0.0	 1500.0	    0.0	  200.0	  100.0	   98.7	    0.0	    0.0	    0.0	    0.0	    0.2	  1	 -750.0	 1550.0	   98.7	    0.0	    0.0	1	  395.8	 21	 1305.2	   10.5	
    4	   4.50	    0.0	 1500.0	    0.0	    0.0	 1500.0	    0.0	  200.0	    0.0	 1500.0	    0.0	  200.0	  100.0	   98.2	    0.0	    0.0	    0.0	    0.0	    0.3	  1	 -750.0	 1550.0	   98.2	    0.0	    0.0	1	  395.3	 21	 1304.9	   10.5	
    5	   4.60	    0.0	 1500.0	    0.0	    0.0	 1500.0	    0.0	  200.0	    0.0	 1500.0	    0.0	  200.0	  100.0	   97.7	    0.0	    0.0	    0.0	    0.0	    0.3	  1	 -750.0	 1550.0	   97.7	    0.0	    0.0	1	  394.9	 21	 1304.6	   10.5	
    6	   4.70	    0.0	 1500.0	    0.0	    0.0	 1500.0	    0.0	  200.0	    0.0	 1500.0	    0.0	  200.0	  100.0	   97.2	    0.0	    0.0	    0.0	    0.0	    0.4	  1	 -750.0	 1550.0	   97.2	    0.0	    0.0	1	  394.4	 21	 1304.3	   10.4	
    7	   4.80	    0.0	 1500.0	    0.0	    0.0	 1500.0	    0.0	  200.0	    0.0	 1500.0	    0.0	  200.0	  100.0	   96.7	    0.0	    0.0	    0.0	    0.0	    0.5	  1	 -750.0	 1550.0	   96.7	    0.0	    0.0	1	  394.0	 21	 1304.1	   10.4	
    8	   4.90	    0.0	 1500.0	    0.0	    0.0	 1500.0	    0.0	  200.0	    0.0	 1500.0	    0.0	  200.0	  100.0	   96.2	    0.0	    0.0	    0.0	    0.0	    0.5	  1	 -750.0	 1550.0	   96.2	    0.0	    0.0	1	  393.5	 21	 1303.8	   10.4	
    9	   5.00	    0.0	 1500.0	    0.0	    0.0	 1500.0	    0.0	  200.0	    0.0	 1500.0	    0.0	  200.0	  100.0	   95.7	    0.0	    0.0	    0.0	    0.0	    0.6	  1	 -750.0	 1550.0	   95.7	    0.0	    0.0	1	  393.1	 21	 1303.5	   10.3	
   10	   5.10	    0.0	 1500.0	    0.0	    0.0	 1500.0	    0.0	  200.0	    0.0	 1500.0	    0.0	  200.0	  100.0	   95.2	    0.0	    0.0	    0.0	    0.0	    0.7	  1	 -750.0	 1550.0	   95.2	    0.0	    0.0	1	  392.6	 21	 1303.2	   10.3	
   11	   5.20	    0.0	 1500.0	    0.0	    0.0	 1500.0	    0.0	  200.0	    0.0	 1500.0	    0.0	  200.0	  100.0	   94.7	    0.0	    0.0	    0.0	    0.0	    0.7	  1	 -750.0	 1550.0	   94.7	    0.0	    0.0	1	  392.2	 21	 1302.9	   10.3	
   12	   5.30	    0.0	 1500.0	    0.0	    0.0	 1500.0	    0.0	  200.0	    0.0	 1500.0	    0.0	  200.0	  100.0	   94.2	    0.0	    0.0	    0.0	    0.0	    0.8	  1	 -750.0	 1550.0	   94.2	    0.0	    0.0	1	  391.7	 21	 1302.6	   10.3	
   13	   5.40	    0.0	 1500.0	    0.0	    0.0	 1500.0	    0.0	  200.0	    0.0	 1500.0	    0.0	  200.0	  100.0	   93.7	    0.0	    0.0	    0.0	    0.0	    0.9	  1	 -750.0	 1550.0	   93.7	    0.0	    0.0	1	  391.2	 21	 1302.4	   10.2	
   14	   5.50	    0.0	 1500.0	    0.0	    0.0	 1500.0	    0.0	  200.0	    0.0	 1500.0	    0.0	  200.0	  100.0	   93.2	    0.0	    0.0	    0.0	    0.0	    0.9	  1	 -750.0	 1550.0	   93.2	    0.0	    0.0	1	  390.8	 21	 1302.1	   10.2	
   15	   5.60	    0.0	 1500.0	    0.0	    0.0	 1500.0	    0.0	  200.0	    0.0	 1500.0	    0.0	  200.0	  100.0	   92.7	    0.0	    0.0	    0.0	    0.0	    1.0	  1	 -750.0	 1550.0	   92.7	    0.0	    0.0	1	  390.3	 21	 1301.8	   10.2	
   16	   5.70	    0.0	 1500.0	    0.0	    0.0	 1500.0	    0.0	  200.0	    0.0	 1500.0	    0.0	  200.0	  100.0	   92.2	    0.0	    0.0	    0.0	    0.0	    1.1	  1	 -750.0	 1550.0	   92.2	    0.0	    0.0	1	  389.9	 21	 1301.5	   10.2	
   17	   5.80	    0.0	 1500.0	    0.0	    0.0	 1500.0	    0.0	  200.0	    0.0	 1500.0	    0.0	  200.0	  100.0	   91.7	    0.0	    0.0	    0.0	    0.0	    1.2	  1	 -750.0	 1550.0	   91.7	    0.0	    0.0	1	  389.4	 21	 1301.2	   10.1	
   18	   5.90	    0.0	 1500.0	    0.0	    0.0	 1500.0	    0.0	  200.0	    0.0	 1500.0	    0.0	  200.0	  100.0	   91.2	    0.0	    0.0	    0.0	    0.0	    1.2	  1	 -750.0	 1550.0	   91.2	    0.0	    0.0	1	  389.0	 21	 1301.0	   10.1	
   19	   6.00	    0.0	 1500.0	    0.0	    0.0	 1500.0	    0.0	  200.0	    0.0	 1500.0	    0.0	  200.0	  100.0	   90.7	    0.0	    0.0	    0.0	    0.0	    1.3	  1	 -750.0	 1550.0	   90.7	    0.0	    0.0	1	  388.5	 21	 1300.7	   10.1	
   20	   6.10	    0.0	 1500.0	    0.0	    0.0	 1500.0	    0.0	  200.0	    0.0	 1500.0	    0.0	  200.0	  100.0	   90.2	    0.0	    0.0	    0.0	    0.0	    1.4	  1	 -750.0	 1550.0	   90.2	    0.0	    0.0	1	  388.0	 21	 1300.4	   10.0	
   21	   6.20	    0.0	 1500.0	    0.0	    0.0	 1500.0	    0.0	  200.0	    0.0	 1500.0	    0.0	  200.0	  100.0	   89.7	    0.0	    0.0	    0.0	    0.0	    1.4	  1	 -750.0	 1550.0	   89.7	    0.0	    0.0	1	  387.6	 21	 1300.1	   10.0	
   22	   6.30	    0.0	 1500.0	    0.0	    0.0	 1500.0	    0.0	  200.0	    0.0	 1500.0	    0.0	  200.0	  100.0	   89.2	    0.0	    0.0	    0.0	    0.0	    1.5	  1	 -750.0	 1550.0	   89.2	    0.0	    0.0	1	  387.1	 21	    0.0	   10.0	
   23	   6.40	    0.0	 1500.0	    0.0	    0.0	 1500.0	    0.0	  200.0	    0.0	 1500.0	    0.0	  200.0	  100.0	   88.7	    0.0	    0.0	    0.0	    0.0	    1.6	  1	 -750.0	 1550.0	   88.7	    0.0	    0.0	1	  386.7	 21	    0.0	   10.0	
   24	   6.50	    0.0	 1500.0	    0.0	    0.0	 1500.0	    0.0	  200.0	    0.0	 1500.0	    0.0	  200.0	  100.0	   88.2	    0.0	    0.0	    0.0	    0.0	    1.6	  1	 -750.0	 1550.0	   88.2	    0.0	    0.0	1	  386.2	 21	    0.0	    9.9	
   25	   6.60	    0.0	 1500.0	    0.0	    0.0	 1500.0	    0.0	  200.0	    0.0	 1500.0	    0.0	  200.0	  100.0	   87.7	    0.0	    0.0	    0.0	    0.0	    1.7	  1	 -750.0	 1550.0	   87.7	    0.0	    0.0	1	  385.7	 21	    0.0	    9.9	
   26	   6.70	    0.0	 1500.0	    0.0	    0.0	 1500.0	    0.0	  200.0	    0.0	 1500.0	    0.0	  200.0	  100.0	   87.2	    0.0	    0.0	    0.0	    0.0	    1.8	  1	 -750.0	 1550.0	   87.2	    0.0	    0.0	1	  385.3	 21	    0.0	    9.9	
   27	   6.80	    0.0	 1500.0	    0.0	    0.0	 1500.0	    0.0	  200.0	    0.0	 1500.0	    0.0	  200.0	  100.0	   86.7	    0.0	    0.0	    0.0	    0.0	    1.8	  1	 -750.0	 1550.0	   86.7	    0.0	    0.0	1	  384.8	 21	    0.0	    9.8	
   28	   6.90	    0.0	 1500.0	    0.0	    0.0	 1500.0	    0.0	  200.0	    0.0	 1500.0	    0.0	  200.0	  100.0	   86.2	    0.0	    0.0	    0.0	    0.0	    1.9	  1	 -750.0	 1550.0	   86.2	    0.0	    0.0	1	  384.4	 21	    0.0	    9.8	
   29	   7.00	    0.0	 1500.0	    0.0	    0.0	 1500.0	    0.0	  200.0	    0.0	 1500.0	    0.0	  200.0	  100.0	   85.7	    0.0	    0.0	    0.0	    0.0	    2.0	  1	 -750.0	 1550.0	   85.7	    0.0	    0.0	1	  383.9	 21	    0.0	    9.8	
   30	   7.10	    0.0	 1500.0	    0.0	    0.0	 1500.0	    0.0	  200.0	    0.0	 1500.0	    0.0	  200.0	  100.0	   85.2	    0.0	    0.0	    0.0	    0.0	    2.0	  1	 -750.0	 1550.0	   85.2	    0.0	    0.0	1	  383.4	 21	    0.0	    9.8	
   31	   7.20	    0.0	 1500.0	    0.0	    0.0	 1500.0	    0.0	  200.0	    0.0	 1500.0	    0.0	  200.0	  100.0	   84.7	    0.0	    0.0	    0.0	    0.0	    2.1	  1	 -750.0	 1550.0	   84.7	    0.0	    0.0	1	  383.0	 21	    0.0	    9.7	
   32	   7.30	    0.0	 1500.0	    0.0	    0.0	 1500.0	    0.0	  200.0	    0.0	 1500.0	    0.0	  200.0	  100.0	   84.2	    0.0	    0.0	    0.0	    0.0	    2.2	  1	 -750.0	 1550.0	   84.2	    0.0	    0.0	1	  382.5	 21	    0.0	    9.7	
   33	   7.40	    0.0	 1500.0	    0.0	    0.0	 1500.0	    0.0	  200.0	    0.0	 1500.0	    0.0	  200.0	  100.0	   83.7	    0.0	    0.0	    0.0	    0.0	    2.2	  1	 -750.0	 1550.0	   83.7	    0.0	    0.0	1	  382.0	 21	    0.0	    9.7	
   34	   7.50	    0.0	 1500.0	    0.0	    0.0	 1500.0	    0.0	  200.0	    0.0	 1500.0	    0.0	  200.0	  100.0	   83.2	    0.0	    0.0	    0.0	    0.0	    2.3	  1	 -750.0	 1550.0	   83.2	    0.0	    0.0	1	  381.6	 21	    0.0	    9.6	
   35	   7.60	    0.0	 1500.0	    0.0	    0.0	 1500.0	    0.0	  200.0	    0.0	 1500.0	    0.0	  200.0	  100.0	   82.7	    0.0	    0.0	    0.0	    0.0	    2.4	  1	 -750.0	 1550.0	   82.7	    0.0	    0.0	1	  381.1	 21	    0.0	    9.6	
   36	   7.70	    0.0	 1500.0	    0.0	    0.0	 1500.0	    0.0	  200.0	    0.0	 1500.0	    0.0	  200.0	  100.0	   82.2	    0.0	    0.0	    0.0	    0.0	    2.4	  1	 -750.0	 1550.0	   82.2	    0.0	    0.0	1	  380.6	 21	    0.0	    9.6	
   37	   7.80	    0.0	 1500.0	    0.0	    0.0	 1500.0	    0.0	  200.0	    0.0	 1500.0	    0.0	  200.0	  100.0	   81.7	    0.0	    0.0	    0.0	    0.0	    2.5	  1	 -750.0	 1550.0	   81.7	    0.0	    0.0	1	  380.2	 21	    0.0	    9.6	
   38	   7.90	    0.0	 1500.0	    0.0	  518.3	 1243.2	    0.0	  200.0	    0.0	 1500.0	    0.0	  200.0	  100.0	   81.4	    0.0	    0.0	    0.0	    0.1	    2.6	  1	  750.0	 1050.0	   81.4	    0.0	    0.1	1	  441.8	 21	 1269.2	 -130.8	
   39	   8.00	    0.0	 1500.0	    0.0	  518.7	 1242.0	    0.0	  200.0	    0.0	 1500.0	    0.0	  200.0	  100.0	   80.9	    0.0	    0.0	    0.0	    0.2	    2.6	  1	  750.0	 1450.0	   80.9	    0.0	    0.2	1	  300.0	 21	    0.0	    0.0	
   40	   8.10	    0.0	 1500.0	    0.0	  518.7	 1242.0	    0.0	  200.0	    0.0	 1500.0	    0.0	  200.0	  100.0	   80.5	    0.0	    0.0	    0.0	    0.3	    2.7	  1	  750.0	 1450.0	   80.5	    0.0	    0.3	1	  300.0	 21	    0.0	    0.0	
   41	   8.20	    0.0	 1500.0	    0.0	  518.7	 1242.0	    0.0	  200.0	    0.0	 1500.0	    0.0	  200.0	  100.0	   80.0	    0.0	    0.0	    0.0	    0.4	    2.8	  1	  750.0	 1450.0	   80.0	    0.0	    0.4	1	  300.0	 21	    0.0	    0.0	
   42	   8.30	    0.0	 1500.0	    0.0	  518.7	 1242.0	    0.0	  200.0	    0.0	 1500.0	    0.0	  200.0	  100.0	   79.6	    0.0	    0.0	    0.0	    0.5	    2.8	  1	  750.0	 1450.0	   79.6	    0.0	    0.5	1	  300.0	 21	    0.0	    0.0	
   43	   8.40	    0.0	 1500.0	    0.0	  518.7	 1242.0	    0.0	  200.0	    0.0	 1500.0	    0.0	  200.0	  100.0	   79.1	    0.0	    0.0	    0.0	    0.5	    2.9	  1	  750.0	 1450.0	   79.1	    0.0	    0.5	1	  300.0	 21	    0.0	    0.0	
   44	   8.50	    0.0	 1500.0	    0.0	  518.7	 1242.0	    0.0	  200.0	    0.0	 1500.0	    0.0	  200.0	  100.0	   78.6	    0.0	    0.0	    0.0	    0.6	    3.0	  1	  750.0	 1450.0	   78.6	    0.0	    0.6	1	  300.0	 21	    0.0	    0.0	
   45	   8.60	    0.0	 1500.0	    0.0	  518.7	 1242.0	    0.0	  200.0	    0.0	 1500.0	    0.0	  200.0	  100.0	   78.2	    0.0	    0.0	    0.0	    0.7	    3.1	  1	  750.0	 1450.0	   78.2	    0.0	    0.7	1	  300.0	 21	    0.0	    0.0	
   46	   8.70	    0.0	 1500.0	    0.0	  518.7	 1242.0	    0.0	  200.0	    0.0	 1500.0	    0.0	  200.0	  100.0	   77.7	    0.0	    0.0	    0.0	    0.8	    3.1	  1	  750.0	 1450.0	   77.7	    0.0	    0.8	1	  300.0	 21	    0.0	    0.0	
   47	   8.80	    0.0	 1500.0	    0.0	  518.7	 1242.0	    0.0	  200.0	    0.0	 1500.0	    0.0	  200.0	  100.0	   77.3	    0.0	    0.0	    0.0	    0.9	    3.2	  1	  750.0	 1450.0	   77.3	    0.0	    0.9	1	  300.0	 21	    0.0	    0.0	
   48	   8.90	    0.0	 1500.0	    0.0	  518.7	 1242.0	    0.0	  200.0	    0.0	 1500.0	    0.0	  200.0	  100.0	   76.8	    0.0	    0.0	    0.0	    1.0	    3.3	  1	  750.0	 1450.0	   76.8	    0.0	    1.0	1	  300.0	 21	 1399.6	   20.0	
   49	   9.00	    0.0	 1500.0	    0.0	  517.4	 1239.4	    0.0	  200.0	    0.0	 1500.0	    0.0	  200.0	  100.0	   76.4	    0.0	    0.0	    0.0	    1.1	    3.3	  1	  750.0	 1450.0	   76.4	    0.0	    1.1	1	  300.0	 21	 1398.8	   19.9	
   50	   9.10	    0.0	 1500.0	    0.0	  518.3	 1243.2	    0.0	  200.0	    0.0	 1500.0	    0.0	  200.0	  100.0	   75.9	    0.0	    0.0	    0.0	    1.2	    3.4	  1	  750.0	 1450.0	   75.9	    0.0	    1.2	1	  300.0	 21	 1398.0	   19.8	
   51	   9.20	    0.0	 1500.0	    0.0	  517.4	 1239.4	    0.0	  200.0	    0.0	 1500.0	    0.0	  200.0	  100.0	   75.4	    0.0	    0.0	    0.0	    1.3	    3.5	  1	  750.0	 1450.0	   75.4	    0.0	    1.3	1	  300.0	 21	 1397.1	   19.7	
   52	   9.30	    0.0	 1500.0	    0.0	  517.4	 1239.4	    0.0	  200.0	    0.0	 1500.0	    0.0	  200.0	  100.0	   75.0	    0.0	    0.0	    0.0	    1.4	    3.5	  1	  750.0	 1450.0	   75.0	    0.0	    1.4	1	  300.0	 21	 1396.3	   19.6	
   53	   9.40	    0.0	 1500.0	    0.0	  527.0	 1259.5	    0.0	  200.0	    0.0	 1500.0	    0.0	  200.0	  100.0	   74.5	    0.0	    0.0	    0.0	    1.4	    3.6	  1	  750.0	 1550.0	   74.5	    0.0	    1.4	1	  322.5	 21	 1395.5	   19.5	
   54	   9.50	    0.0	 1500.0	    0.0	  527.0	 1259.5	    0.0	  200.0	    0.0	 1500.0	    0.0	  200.0	  100.0	   74.1	    0.0	    0.0	    0.0	    1.5	    3.7	  1	  750.0	 1550.0	   74.1	    0.0	    1.5	1	  322.6	 21	 1394.7	   19.5	
   55	   9.60	    0.0	 1500.0	    0.0	  527.0	 1259.5	    0.0	  200.0	    0.0	 1500.0	    0.0	  200.0	  100.0	   73.6	    0.0	    0.0	    0.0	    1.6	    3.7	  1	  750.0	 1550.0	   73.6	    0.0	    1.6	1	  322.6	 21	 1393.9	   19.4	
   56	   9.70	    0.0	 1500.0	    0.0	  527.0	 1259.5	    0.0	  200.0	    0.0	 1500.0	    0.0	  200.0	  100.0	   73.1	    0.0	    0.0	    0.0	    1.7	    3.8	  1	  750.0	 1550.0	   73.1	    0.0	    1.7	1	  322.7	 21	 1393.0	   19.3	
   57	   9.80	    0.0	 1500.0	    0.0	  527.0	 1259.5	    0.0	  200.0	    0.0	 1500.0	    0.0	  200.0	  100.0	   72.7	    0.0	    0.0	    0.0	    1.8	    3.9	  1	  750.0	 1550.0	   72.7	    0.0	    1.8	1	  322.7	 21	 1392.2	   19.2	
   58	   9.90	    0.0	 1500.0	    0.0	  527.0	 1259.5	    0.0	  200.0	    0.0	 1500.0	    0.0	  200.0	  100.0	   72.2	    0.0	    0.0	    0.0	    1.9	    3.9	  1	  750.0	 1550.0	   72.2	    0.0	    1.9	1	  322.7	 21	 1391.4	   19.1	
   59	  10.00	    0.0	 1500.0	    0.0	  527.0	 1259.5	    0.0	  200.0	    0.0	 1500.0	    0.0	  200.0	  100.0	   71.8	    0.0	    0.0	    0.0	    2.0	    4.0	  1	  750.0	 1550.0	   71.8	    0.0	    2.0	1	  322.8	 21	 1390.6	   19.1	
   60	  10.10	    0.0	 1500.0	    0.0	  611.2	 1324.4	    0.0	  200.0	    0.0	 1500.0	    0.0	  200.0	  100.0	   71.3	    0.0	    0.0	    0.0	    2.1	    4.1	  1	  750.0	 1750.0	   71.3	    0.0	    2.1	1	  342.0	 21	 1366.1	  -33.9	
   61	  10.20	    0.0	 1500.0	    0.0	  611.2	 1324.4	    0.0	  200.0	    0.0	 1500.0	    0.0	  200.0	  100.0	   70.9	    0.0	    0.0	    0.0	    2.2	    4.1	  1	  750.0	  750.0	   70.9	    0.0	    2.2	1	  301.2	 21	 1386.8	   18.7	
   62	  10.30	    0.0	 1500.0	    0.0	  611.2	 1324.4	    0.0	  200.0	    0.0	 1500.0	    0.0	  200.0	  100.0	   70.4	    0.0	    0.0	    0.0	    2.3	    4.2	  1	  750.0	  750.0	   70.4	    0.0	    2.3	1	  301.4	 21	 1386.1	   18.6	
   63	  10.40	    0.0	 1500.0	    0.0	  611.2	 1324.4	    0.0	  200.0	    0.0	 1500.0	    0.0	  200.0	  100.0	   70.0	    0.0	    0.0	    0.0	    2.4	    4.3	  1	  750.0	  750.0	   70.0	    0.0	    2.4	1	  301.5	 21	 1385.4	   18.5	
   64	  10.50	    0.0	 1500.0	    0.0	  611.2	 1324.4	    0.0	  200.0	    0.0	 1500.0	    0.0	  200.0	  100.0	   69.5	    0.0	    0.0	    0.0	    2.5	    4.3	  1	  750.0	  750.0	   69.5	    0.0	    2.5	1	  301.7	 21	 1384.6	   18.5	
   65	  10.60	    0.0	 1500.0	    0.0	  703.9	 1337.8	    0.0	  200.0	    0.0	 1500.0	    0.0	  200.0	  100.0	   69.1	    0.0	    0.0	    0.0	    2.7	    4.4	  1	  750.0	 1750.0	   69.1	    0.0	    2.7	1	  358.2	 21	 1375.9	  -24.1	
   66	  10.70	    0.0	 1500.0	    0.0	  703.9	 1337.8	    0.0	  200.0	    0.0	 1500.0	    0.0	  200.0	  100.0	   68.7	    0.0	    0.0	    0.0	    2.8	    4.5	  1	  750.0	  750.0	   68.7	    0.0	    2.8	1	  314.4	 21	 1379.8	   18.0	
   67	  10.80	    0.0	 1500.0	    0.0	  703.9	 1337.8	    0.0	  200.0	    0.0	 1500.0	    0.0	  200.0	  100.0	   68.2	    0.0	    0.0	    0.0	    2.9	    4.5	  1	  750.0	  750.0	   68.2	    0.0	    2.9	1	  314.6	 21	 1379.1	   17.9	
   68	  10.90	    0.0	 1500.0	    0.0	  703.9	 1337.8	    0.0	  200.0	    0.0	 1500.0	    0.0	  200.0	  100.0	   67.8	    0.0	    0.0	    0.0	    3.1	    4.6	  1	  750.0	  750.0	   67.8	    0.0	    3.1	1	  314.8	 21	 1378.5	   17.8	
   69	  11.00	    0.0	 1500.0	    0.0	  703.9	 1337.8	    0.0	  200.0	    0.0	 1500.0	    0.0	  200.0	  100.0	   67.4	    0.0	    0.0	    0.0	    3.2	    4.7	  1	  750.0	  750.0	   67.4	    0.0	    3.2	1	  315.0	 21	 1377.9	   17.8	
   70	  11.10	    0.0	 1500.0	    0.0	  832.3	 1391.8	    0.0	  200.0	    0.0	 1500.0	    0.0	  200.0	  100.0	   67.0	    0.0	    0.0	    0.0	    3.4	    4.7	  1	  750.0	 2050.0	   67.0	    0.0	    3.4	1	  348.1	 21	 1345.4	  -54.6	
   71	  11.20	    0.0	 1500.0	    0.0	  832.3	 1391.8	    0.0	  200.0	    0.0	 1500.0	    0.0	  200.0	  100.0	   66.5	    0.0	    0.0	    0.0	    3.6	    4.8	  1	  750.0	  750.0	   66.5	    0.0	    3.6	1	  326.2	 21	 1371.5	   17.1	
   72	  11.30	    0.0	 1500.0	    0.0	  832.3	 1391.8	    0.0	  200.0	    0.0	 1500.0	    0.0	  200.0	  100.0	   66.1	    0.0	    0.0	    0.0	    3.7	    4.9	  1	  750.0	  750.0	   66.1	    0.0	    3.7	1	  326.5	 21	 1371.0	   17.1	
   73	  11.40	    0.0	 1500.0	    0.0	  832.3	 1391.8	    0.0	  200.0	    0.0	 1500.0	    0.0	  200.0	  100.0	   65.7	    0.0	    0.0	    0.0	    3.9	    5.0	  1	  750.0	  750.0	   65.7	    0.0	    3.9	1	  326.8	 21	 1370.5	   17.1	
   74	  11.50	    0.0	 1500.0	    0.0	  832.3	 1391.8	    0.0	  200.0	    0.0	 1500.0	    0.0	  200.0	  100.0	   65.3	    0.0	    0.0	    0.0	    4.1	    5.0	  1	  750.0	  750.0	   65.3	    0.0	    4.1	1	  327.1	 21	 1370.0	   17.0	
   75	  11.60	    0.0	 1500.0	    0.0	  832.3	 1391.8	    0.0	  200.0	    0.0	 1500.0	    0.0	  200.0	  100.0	   64.9	    0.0	    0.0	    0.0	    4.3	    5.1	  1	  750.0	  750.0	   64.9	    0.0	    4.3	1	  327.3	 21	 1369.6	   17.0	
   76	  11.70	    0.0	 1500.0	    0.0	  915.4	 1442.8	    0.0	  200.0	    0.0	 1500.0	    0.0	  200.0	  100.0	   64.5	    0.0	    0.0	    0.0	    4.5	    5.2	  1	  750.0	 2250.0	   64.5	    0.0	    4.5	1	  329.3	 21	 1364.9	  -35.1	
   77	  11.80	    0.0	 1500.0	    0.0	  915.4	 1442.8	    0.0	  200.0	    0.0	 1500.0	    0.0	  200.0	  100.0	   64.1	    0.0	    0.0	    0.0	    4.7	    5.2	  1	  750.0	  750.0	   64.1	    0.0	    4.7	1	  332.1	 21	 1365.0	   16.5	
   78	  11.90	    0.0	 1500.0	    0.0	  915.4	 1442.8	    0.0	  200.0	    0.0	 1500.0	    0.0	  200.0	  100.0	   63.7	    0.0	    0.0	    0.0	    4.9	    5.3	  1	  750.0	  750.0	   63.7	    0.0	    4.9	1	  332.5	 21	 1364.7	   16.5	
   79	  12.00	    0.0	 1500.0	    0.0	  915.4	 1442.8	    0.0	  200.0	    0.0	 1500.0	    0.0	  200.0	  100.0	   63.3	    0.0	    0.0	    0.0	    5.1	    5.4	  1	  750.0	  750.0	   63.3	    0.0	    5.1	1	  332.8	 21	 1364.3	   16.4	
   80	  12.10	    0.0	 1500.0	    0.0	  934.5	 1467.3	    0.0	  200.0	    0.0	 1500.0	    0.0	  200.0	  100.0	   62.9	    0.0	    0.0	    0.0	    5.3	    5.4	  1	  750.0	 2250.0	   62.9	    0.0	    5.3	1	  320.7	 21	 1363.1	   16.3	
   81	  12.20	    0.0	 1500.0	    0.0	  934.5	 1467.3	    0.0	  200.0	    0.0	 1500.0	    0.0	  200.0	  100.0	   62.5	    0.0	    0.0	    0.0	    5.6	    5.5	  1	  750.0	 2250.0	   62.5	    0.0	    5.6	1	  321.1	 21	 1362.8	   16.3	
   82	  12.30	    0.0	 1500.0	    0.0	  934.5	 1467.3	    0.0	  200.0	    0.0	 1500.0	    0.0	  200.0	  100.0	   62.1	    0.0	    0.0	    0.0	    5.8	    5.6	  1	  750.0	 2250.0	   62.1	    0.0	    5.8	1	  321.4	 21	 1362.5	   16.2	
   83	  12.40	    0.0	 1500.0	    0.0	  934.5	 1467.3	    0.0	  200.0	    0.0	 1500.0	    0.0	  200.0	  100.0	   61.7	    0.0	    0.0	    0.0	    6.0	    5.6	  1	  750.0	 2250.0	   61.7	    0.0	    6.0	1	  321.7	 21	 1362.2	   16.2	
   84	  12.50	    0.0	 1500.0	    0.0	  934.5	 1467.3	    0.0	  200.0	    0.0	 1500.0	    0.0	  200.0	  100.0	   61.3	    0.0	    0.0	    0.0	    6.2	    5.7	  1	  750.0	 2250.0	   61.3	    0.0	    6.2	1	  322.1	 21	 1361.9	   16.2	
   85	  12.60	    0.0	 1500.0	    0.0	  934.5	 1467.3	    0.0	  200.0	    0.0	 1500.0	    0.0	  200.0	  100.0	   60.9	    0.0	    0.0	    0.0	    6.4	    5.8	  1	  750.0	 2250.0	   60.9	    0.0	    6.4	1	  322.4	 21	 1361.6	   16.2	
   86	  12.70	    0.0	 1500.0	    0.0	  930.8	 1463.9	    0.0	  200.0	    0.0	 1500.0	    0.0	  200.0	  100.0	   60.5	    0.0	    0.0	    0.0	    6.6	    5.8	  1	  750.0	 2250.0	   60.5	    0.0	    6.6	1	  321.7	 21	 1361.5	   16.2	
   87	  12.80	    0.0	 1500.0	    0.0	  930.8	 1463.9	    0.0	  200.0	    0.0	 1500.0	    0.0	  200.0	  100.0	   60.1	    0.0	    0.0	    0.0	    6.9	    5.9	  1	  750.0	 2250.0	   60.1	    0.0	    6.9	1	  322.1	 21	 1361.2	   16.1	
   88	  12.90	    0.0	 1500.0	    0.0	  930.8	 1463.9	    0.0	  200.0	    0.0	 1500.0	    0.0	  200.0	  100.0	   59.7	    0.0	    0.0	    0.0	    7.1	    6.0	  1	  750.0	 2250.0	   59.7	    0.0	    7.1	1	  322.4	 21	 1361.0	   16.1	
   89	  13.00	    0.0	 1500.0	    0.0	  919.5	 1459.0	    0.0	  200.0	    0.0	 1500.0	    0.0	  200.0	  100.0	   59.3	    0.0	    0.0	    0.0	    7.3	    6.0	  1	  750.0	 2250.0	   59.3	    0.0	    7.3	1	  320.4	 21	 1361.2	   16.1	
   90	  13.10	    0.0	 1500.0	    0.0	  930.8	 1463.9	    0.0	  200.0	    0.0	 1500.0	    0.0	  200.0	  100.0	   58.9	    0.0	    0.0	    0.0	    7.5	    6.1	  1	  750.0	 2250.0	   58.9	    0.0	    7.5	1	  323.1	 21	 1360.4	   16.0	
   91	  13.20	    0.0	 1500.0	    0.0	  919.5	 1459.0	    0.0	  200.0	    0.0	 1500.0	    0.0	  200.0	  100.0	   58.5	    0.0	    0.0	    0.0	    7.7	    6.2	  1	  750.0	 2250.0	   58.5	    0.0	    7.7	1	  321.1	 21	 1360.7	   16.1	
   92	  13.30	    0.0	 1500.0	    0.0	  919.5	 1459.0	    0.0	  200.0	    0.0	 1500.0	    0.0	  200.0	  100.0	   58.1	    0.0	    0.0	    0.0	    7.9	    6.2	  1	  750.0	 2250.0	   58.1	    0.0	    7.9	1	  321.4	 21	 1360.4	   16.0	
   93	  13.40	    0.0	 1500.0	    0.0	  919.5	 1459.0	    0.0	  200.0	    0.0	 1500.0	    0.0	  200.0	  100.0	   57.7	    0.0	    0.0	    0.0	    8.1	    6.3	  1	  750.0	 2250.0	   57.7	    0.0	    8.1	1	  321.8	 21	 1360.2	   16.0	
   94	  13.50	    0.0	 1500.0	    0.0	  919.5	 1459.0	    0.0	  200.0	    0.0	 1500.0	    0.0	  200.0	  100.0	   57.3	    0.0	    0.0	    0.0	    8.4	    6.4	  1	  750.0	 2250.0	   57.3	    0.0	    8.4	1	  322.1	 21	 1359.9	   16.0	
   95	  13.60	    0.0	 1500.0	    0.0	  926.0	 1457.3	    0.0	  200.0	    0.0	 1500.0	    0.0	  200.0	  100.0	   56.9	    0.0	    0.0	    0.0	    8.6	    6.4	  1	  750.0	 2250.0	   56.9	    0.0	    8.6	1	  323.0	 21	 1359.4	   15.9	
   96	  13.70	    0.0	 1500.0	    0.0	  926.0	 1457.3	    0.0	  200.0	    0.0	 1500.0	    0.0	  200.0	  100.0	   56.5	    0.0	    0.0	    0.0	    8.8	    6.5	  1	  750.0	 2250.0	   56.5	    0.0	    8.8	1	  323.3	 21	 1359.2	   15.9	
   97	  13.80	    0.0	 1500.0	    0.0	  926.0	 1457.3	    0.0	  200.0	    0.0	 1500.0	    0.0	  200.0	  100.0	   56.1	    0.0	    0.0	    0.0	    9.0	    6.6	  1	  750.0	 2250.0	   56.1	    0.0	    9.0	1	  323.7	 21	 1359.0	   15.9	
   98	  13.90	    0.0	 1500.0	    0.0	  926.0	 1457.3	    0.0	  200.0	    0.0	 1500.0	    0.0	  200.0	  100.0	   55.7	    0.0	    0.0	    0.0	    9.2	    6.6	  1	  750.0	 2250.0	   55.7	    0.0	    9.2	1	  324.0	 21	 1358.8	   15.9	
   99	  14.00	    0.0	 1500.0	    0.0	  926.0	 1457.3	    0.0	  200.0	    0.0	 1500.0	    0.0	  200.0	  100.0	   55.3	    0.0	    0.0	    0.0	    9.4	    6.7	  1	  750.0	 2250.0	   55.3	    0.0	    9.4	1	  324.3	 21	 1358.6	   15.9	
  100	  14.10	    0.0	 1500.0	    0.0	  875.3	 1409.6	    0.0	  200.0	    0.0	 1500.0	    0.0	  200.0	  100.0	   54.9	    0.0	    0.0	    0.0	    9.6	    6.8	  1	  750.0	  750.0	   54.9	    0.0	    9.6	1	  339.5	 21	 1361.9	   16.2	
  101	  14.20	    0.0	 1500.0	    0.0	  875.3	 1409.6	    0.0	  200.0	    0.0	 1500.0	    0.0	  200.0	  100.0	   54.5	    0.0	    0.0	    0.0	    9.8	    6.9	  1	  750.0	  750.0	   54.5	    0.0	    9.8	1	  340.0	 21	 1360.0	   16.0	
  102	  14.30	    0.0	 1500.0	    0.0	  875.3	 1409.6	    0.0	  200.0	    0.0	 1500.0	    0.0	  200.0	  100.0	   54.1	    0.0	    0.0	    0.0	   10.0	    6.9	  1	  750.0	  750.0	   54.1	    0.0	   10.0	1	  340.3	 21	 1359.7	   16.0	
  103	  14.40	    0.0	 1500.0	    0.0	  875.3	 1409.6	    0.0	  200.0	    0.0	 1500.0	    0.0	  200.0	  100.0	   53.7	    0.0	    0.0	    0.0	   10.2	    7.0	  1	  750.0	  750.0	   53.7	    0.0	   10.2	1	  340.6	 21	 1359.5	   16.0	
  104	  14.50	    0.0	 1500.0	    0.0	  875.3	 1409.6	    0.0	  200.0	    0.0	 1500.0	    0.0	  200.0	  100.0	   53.3	    0.0	    0.0	    0.0	   10.4	    7.1	  1	  750.0	  750.0	   53.3	    0.0	   10.4	1	  340.9	 21	 1359.3	   15.9	
  105	  14.60	    0.0	 1500.0	    0.0	  875.3	 1409.6	    0.0	  200.0	    0.0	 1500.0	    0.0	  200.0	  100.0	   52.9	    0.0	    0.0	    0.0	   10.6	    7.1	  1	  750.0	  750.0	   52.9	    0.0	   10.6	1	  341.2	 21	 1359.1	   15.9	
  106	  14.70	    0.0	 1500.0	    0.0	  620.2	 1365.5	    0.0	  200.0	    0.0	 1500.0	    0.0	  200.0	  100.0	   52.4	    0.0	    0.0	    0.0	   10.7	    7.2	  1	  750.0	  750.0	   52.4	    0.0	   10.7	1	  311.8	 21	 1370.8	   17.1	
  107	  14.80	    0.0	 1500.0	    0.0	  620.2	 1365.5	    0.0	  200.0	    0.0	 1500.0	    0.0	  200.0	  100.0	   52.0	    0.0	    0.0	    0.0	   10.8	    7.3	  1	  750.0	  750.0	   52.0	    0.0	   10.8	1	  310.5	 21	 1365.6	   16.6	
  108	  14.90	    0.0	 1500.0	    0.0	  620.2	 1365.5	    0.0	  200.0	    0.0	 1500.0	    0.0	  200.0	  100.0	   51.5	    0.0	    0.0	    0.0	   10.9	    7.3	  1	  750.0	  750.0	   51.5	    0.0	   10.9	1	  310.7	 21	 1365.2	   16.5	
  109	  15.00	    0.0	 1500.0	    0.0	  620.2	 1365.5	    0.0	  200.0	    0.0	 1500.0	    0.0	  200.0	  100.0	   51.1	    0.0	    0.0	    0.0	   11.0	    7.4	  1	  750.0	  750.0	   51.1	    0.0	   11.0	1	  310.9	 21	 1364.7	   16.5	
  110	  15.10	    0.0	 1500.0	    0.0	  600.5	 1365.9	    0.0	  200.0	    0.0	 1500.0	    0.0	  200.0	  100.0	   50.6	    0.0	    0.0	    0.0	   11.1	    7.5	  1	  750.0	 1750.0	   50.6	    0.0	   11.1	1	  333.9	 21	 1364.7	   16.5	
  111	  15.20	    0.0	 1500.0	    0.0	  600.5	 1365.9	    0.0	  200.0	    0.0	 1500.0	    0.0	  200.0	  100.0	   50.1	    0.0	    0.0	    0.0	   11.2	    7.5	  1	  750.0	 1750.0	   50.1	    0.0	   11.2	1	  333.9	 21	 1364.3	   16.4	
  112	  15.30	    0.0	 1500.0	    0.0	  600.5	 1365.9	    0.0	  200.0	    0.0	 1500.0	    0.0	  200.0	  100.0	   49.7	    0.0	    0.0	    0.0	   11.3	    7.6	  1	  750.0	 1750.0	   49.7	    0.0	   11.3	1	  334.0	 21	 1363.8	   16.4	
  113	  15.40	    0.0	 1500.0	    0.0	  600.5	 1365.9	    0.0	  200.0	    0.0	 1500.0	    0.0	  200.0	  100.0	   49.2	    0.0	    0.0	    0.0	   11.4	    7.7	  1	  750.0	 1750.0	   49.2	    0.0	   11.4	1	  334.1	 21	 1363.4	   16.3	
  114	  15.50	    0.0	 1500.0	    0.0	  600.5	 1365.9	    0.0	  200.0	    0.0	 1500.0	    0.0	  200.0	  100.0	   48.8	    0.0	    0.0	    0.0	   11.5	    7.7	  1	  750.0	 1750.0	   48.8	    0.0	   11.5	1	  334.1	 21	 1363.0	   16.3	
  115	  15.60	    0.0	 1500.0	    0.0	  600.5	 1365.9	    0.0	  200.0	    0.0	 1500.0	    0.0	  200.0	  100.0	   48.3	    0.0	    0.0	    0.0	   11.6	    7.8	  1	  750.0	 1750.0	   48.3	    0.0	   11.6	1	  334.2	 21	 1362.5	   16.3	
  116	  15.70	    0.0	 1500.0	    0.0	  596.9	 1373.9	    0.0	  200.0	    0.0	 1500.0	    0.0	  200.0	  100.0	   47.9	    0.0	    0.0	    0.0	   11.7	    7.9	  1	  750.0	 1750.0	   47.9	    0.0	   11.7	1	  334.1	 21	 1362.2	   16.2	
  117	  15.80	    0.0	 1500.0	    0.0	  620.2	 1365.5	    0.0	  200.0	    0.0	 1500.0	    0.0	  200.0	  100.0	   47.4	    0.0	    0.0	    0.0	   11.8	    7.9	  1	  750.0	  750.0	   47.4	    0.0	   11.8	1	  312.4	 21	 1361.3	   16.1	
  118	  15.90	    0.0	 1500.0	    0.0	  596.9	 1373.9	    0.0	  200.0	    0.0	 1500.0	    0.0	  200.0	  100.0	   47.0	    0.0	    0.0	    0.0	   11.9	    8.0	  1	  750.0	 1750.0	   47.0	    0.0	   11.9	1	  334.2	 21	 1361.4	   16.1	
  119	  16.00	    0.0	 1500.0	    0.0	  596.9	 1373.9	    0.0	  200.0	    0.0	 1500.0	    0.0	  200.0	  100.0	   46.5	    0.0	    0.0	    0.0	   12.0	    8.1	  1	  750.0	 1750.0	   46.5	    0.0	   12.0	1	  334.3	 21	 1361.1	   16.1	
  120	  16.10	    0.0	 1500.0	    0.0	  596.9	 1373.9	    0.0	  200.0	    0.0	 1500.0	    0.0	  200.0	  100.0	   46.1	    0.0	    0.0	    0.0	   12.1	    8.1	  1	  750.0	 1750.0	   46.1	    0.0	   12.1	1	  334.4	 21	 1360.7	   16.1	
  121	  16.20	    0.0	 1500.0	    0.0	  741.0	 1391.4	    0.0	  200.0	    0.0	 1500.0	    0.0	  200.0	  100.0	   45.7	    0.0	    0.0	    0.0	   12.3	    8.2	  1	  750.0	 1950.0	   45.7	    0.0	   12.3	1	  352.1	 21	 1379.3	  -20.7	
  122	  16.30	    0.0	 1500.0	    0.0	  741.0	 1391.4	    0.0	  200.0	    0.0	 1500.0	    0.0	  200.0	  100.0	   45.2	    0.0	    0.0	    0.0	   12.4	    8.3	  1	  750.0	  750.0	   45.2	    0.0	   12.4	1	  327.3	 21	 1357.1	   15.7	
  123	  16.40	    0.0	 1500.0	    0.0	  741.0	 1391.4	    0.0	  200.0	    0.0	 1500.0	    0.0	  200.0	  100.0	   44.8	    0.0	    0.0	    0.0	   12.6	    8.3	  1	  750.0	  750.0	   44.8	    0.0	   12.6	1	  327.6	 21	 1356.9	   15.7	
  124	  16.50	    0.0	 1500.0	    0.0	  741.0	 1391.4	    0.0	  200.0	    0.0	 1500.0	    0.0	  200.0	  100.0	   44.4	    0.0	    0.0	    0.0	   12.7	    8.4	  1	  750.0	  750.0	   44.4	    0.0	   12.7	1	  327.8	 21	 1356.7	   15.7	
  125	  16.60	    0.0	 1500.0	    0.0	  741.0	 1391.4	    0.0	  200.0	    0.0	 1500.0	    0.0	  200.0	  100.0	   43.9	    0.0	    0.0	    0.0	   12.9	    8.5	  1	  750.0	  750.0	   43.9	    0.0	   12.9	1	  328.0	 21	 1356.5	   15.6	
  126	  16.70	    0.0	 1500.0	    0.0	  922.9	 1442.6	    0.0	  200.0	    0.0	 1500.0	    0.0	  200.0	  100.0	   43.6	    0.0	    0.0	    0.0	   13.1	    8.5	  1	  750.0	 2150.0	   43.6	    0.0	   13.1	1	  359.9	 21	 1362.8	  -37.2	
  127	  16.80	    0.0	 1500.0	    0.0	  922.9	 1442.6	    0.0	  200.0	    0.0	 1500.0	    0.0	  200.0	  100.0	   43.2	    0.0	    0.0	    0.0	   13.3	    8.6	  1	  750.0	  750.0	   43.2	    0.0	   13.3	1	  345.8	 21	 1352.0	   15.2	
  128	  16.90	    0.0	 1500.0	    0.0	  922.9	 1442.6	    0.0	  200.0	    0.0	 1500.0	    0.0	  200.0	  100.0	   42.8	    0.0	    0.0	    0.0	   13.5	    8.7	  1	  750.0	  750.0	   42.8	    0.0	   13.5	1	  346.2	 21	 1352.1	   15.2	
  129	  17.00	    0.0	 1500.0	    0.0	  922.9	 1442.6	    0.0	  200.0	    0.0	 1500.0	    0.0	  200.0	  100.0	   42.4	    0.0	    0.0	    0.0	   13.7	    8.8	  1	  750.0	  750.0	   42.4	    0.0	   13.7	1	  346.5	 21	 1352.1	   15.2	
  130	  17.10	    0.0	 1500.0	    0.0	  922.9	 1442.6	    0.0	  200.0	    0.0	 1500.0	    0.0	  200.0	  100.0	   42.0	    0.0	    0.0	    0.0	   13.9	    8.8	  1	  750.0	  750.0	   42.0	    0.0	   13.9	1	  346.9	 21	 1352.2	   15.2	
  131	  17.20	    0.0	 1500.0	    0.0	 1010.6	 1471.1	    0.0	  200.0	    0.0	 1500.0	    0.0	  200.0	  100.0	   41.6	    0.0	    0.0	    0.0	   14.2	    8.9	  1	  750.0	 2250.0	   41.6	    0.0	   14.2	1	  351.9	 21	 1389.8	  -10.2	
  132	  17.30	    0.0	 1500.0	    0.0	 1010.6	 1471.1	    0.0	  200.0	    0.0	 1500.0	    0.0	  200.0	  100.0	   41.2	    0.0	    0.0	    0.0	   14.4	    9.0	  1	  750.0	 2250.0	   41.2	    0.0	   14.4	1	  343.9	 21	 1350.2	   15.0	
  133	  17.40	    0.0	 1500.0	    0.0	 1010.6	 1471.1	    0.0	  200.0	    0.0	 1500.0	    0.0	  200.0	  100.0	   40.9	    0.0	    0.0	    0.0	   14.7	    9.0	  1	  750.0	 2250.0	   40.9	    0.0	   14.7	1	  344.3	 21	 1350.5	   15.0	
  134	  17.50	    0.0	 1500.0	    0.0	 1010.6	 1471.1	    0.0	  200.0	    0.0	 1500.0	    0.0	  200.0	  100.0	   40.5	    0.0	    0.0	    0.0	   14.9	    9.1	  1	  750.0	 2250.0	   40.5	    0.0	   14.9	1	  344.7	 21	 1350.7	   15.1	
  135	  17.60	    0.0	 1500.0	    0.0	 1010.6	 1471.1	    0.0	  200.0	    0.0	 1500.0	    0.0	  200.0	  100.0	   40.1	    0.0	    0.0	    0.0	   15.2	    9.2	  1	  750.0	 2250.0	   40.1	    0.0	   15.2	1	  345.1	 21	 1350.9	   15.1	
  136	  17.70	    0.0	 1500.0	    0.0	 1010.6	 1471.1	    0.0	  200.0	    0.0	 1500.0	    0.0	  200.0	  100.0	   39.7	    0.0	    0.0	    0.0	   15.4	    9.2	  1	  750.0	 2250.0	   39.7	    0.0	   15.4	1	  345.5	 21	 1351.1	   15.1	
  137	  17.80	    0.0	 1500.0	    0.0	 1007.2	 1462.0	    0.0	  200.0	    0.0	 1500.0	    0.0	  200.0	  100.0	   39.3	    0.0	    0.0	    0.0	   15.7	    9.3	  1	  750.0	 2250.0	   39.3	    0.0	   15.7	1	  344.2	 21	 1351.5	   15.1	
  138	  17.90	    0.0	 1500.0	    0.0	 1007.2	 1462.0	    0.0	  200.0	    0.0	 1500.0	    0.0	  200.0	  100.0	   39.0	    0.0	    0.0	    0.0	   15.9	    9.4	  1	  750.0	 2250.0	   39.0	    0.0	   15.9	1	  344.6	 21	 1351.7	   15.2	
  139	  18.00	    0.0	 1500.0	    0.0	 1007.2	 1462.0	    0.0	  200.0	    0.0	 1500.0	    0.0	  200.0	  100.0	   38.6	    0.0	    0.0	    0.0	   16.2	    9.4	  1	  750.0	 2250.0	   38.6	    0.0	   16.2	1	  345.0	 21	 1352.0	   15.2	
  140	  18.10	    0.0	 1500.0	    0.0	 1007.2	 1462.0	    0.0	  200.0	    0.0	 1500.0	    0.0	  200.0	  100.0	   38.2	    0.0	    0.0	    0.0	   16.4	    9.5	  1	  750.0	 2250.0	   38.2	    0.0	   16.4	1	  345.4	 21	 1352.2	   15.2	
  141	  18.20	    0.0	 1500.0	    0.0	  995.6	 1462.0	    0.0	  200.0	    0.0	 1500.0	    0.0	  200.0	  100.0	   37.8	    0.0	    0.0	    0.0	   16.7	    9.6	  1	  750.0	 2250.0	   37.8	    0.0	   16.7	1	  344.4	 21	 1352.8	   15.3	
  142	  18.30	    0.0	 1500.0	    0.0	  995.6	 1462.0	    0.0	  200.0	    0.0	 1500.0	    0.0	  200.0	  100.0	   37.4	    0.0	    0.0	    0.0	   16.9	    9.6	  1	  750.0	 2250.0	   37.4	    0.0	   16.9	1	  344.7	 21	 1353.1	   15.3	
  143	  18.40	    0.0	 1500.0	    0.0	  995.6	 1462.0	    0.0	  200.0	    0.0	 1500.0	    0.0	  200.0	  100.0	   37.0	    0.0	    0.0	    0.0	   17.2	    9.7	  1	  750.0	 2250.0	   37.0	    0.0	   17.2	1	  345.1	 21	 1353.4	   15.3	
  144	  18.50	    0.0	 1500.0	    0.0	  995.6	 1462.0	    0.0	  200.0	    0.0	 1500.0	    0.0	  200.0	  100.0	   36.7	    0.0	    0.0	    0.0	   17.4	    9.8	  1	  750.0	 2250.0	   36.7	    0.0	   17.4	1	  345.5	 21	 1353.6	   15.4	
  145	  18.60	    0.0	 1500.0	    0.0	  995.6	 1462.0	    0.0	  200.0	    0.0	 1500.0	    0.0	  200.0	  100.0	   36.3	    0.0	    0.0	    0.0	   17.7	    9.8	  1	  750.0	 2250.0	   36.3	    0.0	   17.7	1	  345.9	 21	 1354.0	   15.4	
  146	  18.70	    0.0	 1500.0	    0.0	  995.6	 1462.0	    0.0	  200.0	    0.0	 1500.0	    0.0	  200.0	  100.0	   35.9	    0.0	    0.0	    0.0	   17.9	    9.9	  1	  750.0	 2250.0	   35.9	    0.0	   17.9	1	  346.3	 21	 1354.3	   15.4	
  147	  18.80	    0.0	 1500.0	    0.0	  995.6	 1462.0	    0.0	  200.0	    0.0	 1500.0	    0.0	  200.0	  100.0	   35.5	    0.0	    0.0	    0.0	   18.1	   10.0	  1	  750.0	 2250.0	   35.5	    0.0	   18.1	1	  346.7	 21	 1354.6	   15.5	
  148	  18.90	    0.0	 1500.0	    0.0	  995.6	 1462.0	    0.0	  200.0	    0.0	 1500.0	    0.0	  200.0	  100.0	   35.1	    0.0	    0.0	    0.0	   18.4	   10.0	  1	  750.0	 2250.0	   35.1	    0.0	   18.4	1	  347.1	 21	 1354.9	   15.5	
  149	  19.00	    0.0	 1500.0	    0.0	  995.6	 1462.0	    0.0	  200.0	    0.0	 1500.0	    0.0	  200.0	  100.0	   34.7	    0.0	    0.0	    0.0	   18.6	   10.1	  1	  750.0	 2250.0	   34.7	    0.0	   18.6	1	  347.5	 21	 1355.3	   15.5	
  150	  19.10	    0.0	 1500.0	    0.0	  897.1	 1398.4	    0.0	  200.0	    0.0	 1500.0	    0.0	  200.0	  100.0	   34.3	    0.0	    0.0	    0.0	   18.8	   10.2	  1	  750.0	  750.0	   34.3	    0.0	   18.8	1	  356.2	 21	 1358.9	   15.9	
  151	  19.20	    0.0	 1500.0	    0.0	  897.1	 1398.4	    0.0	  200.0	    0.0	 1500.0	    0.0	  200.0	  100.0	   33.9	    0.0	    0.0	    0.0	   19.0	   10.2	  1	  750.0	  750.0	   33.9	    0.0	   19.0	1	  358.6	 21	 1357.6	   15.8	
  152	  19.30	    0.0	 1500.0	    0.0	  897.1	 1398.4	    0.0	  200.0	    0.0	 1500.0	    0.0	  200.0	  100.0	   33.5	    0.0	    0.0	    0.0	   19.2	   10.3	  1	  750.0	  750.0	   33.5	    0.0	   19.2	1	  359.0	 21	 1357.9	   15.8	
  153	  19.40	    0.0	 1500.0	    0.0	  897.1	 1398.4	    0.0	  200.0	    0.0	 1500.0	    0.0	  200.0	  100.0	   33.1	    0.0	    0.0	    0.0	   19.4	   10.4	  1	  750.0	  750.0	   33.1	    0.0	   19.4	1	  359.3	 21	 1358.2	   15.8	
  154	  19.50	    0.0	 1500.0	    0.0	  897.1	 1398.4	    0.0	  200.0	    0.0	 1500.0	    0.0	  200.0	  100.0	   32.7	    0.0	    0.0	    0.0	   19.7	   10.4	  1	  750.0	  750.0	   32.7	    0.0	   19.7	1	  359.6	 21	 1358.5	   15.9	
  155	  19.60	    0.0	 1500.0	    0.0	  676.1	 1372.3	    0.0	  200.0	    0.0	 1500.0	    0.0	  200.0	  100.0	   32.2	    0.0	    0.0	    0.0	   19.8	   10.5	  1	  750.0	  750.0	   32.2	    0.0	   19.8	1	  319.7	 21	 1364.0	   16.4	
  156	  19.70	    0.0	 1500.0	    0.0	  676.1	 1372.3	    0.0	  200.0	    0.0	 1500.0	    0.0	  200.0	  100.0	   31.8	    0.0	    0.0	    0.0	   19.9	   10.6	  1	  750.0	  750.0	   31.8	    0.0	   19.9	1	  332.6	 21	 1361.9	   16.2	
  157	  19.80	    0.0	 1500.0	    0.0	  676.1	 1372.3	    0.0	  200.0	    0.0	 1500.0	    0.0	  200.0	  100.0	   31.4	    0.0	    0.0	    0.0	   20.0	   10.6	  1	  750.0	  750.0	   31.4	    0.0	   20.0	1	  332.8	 21	 1362.1	   16.2	
  158	  19.90	    0.0	 1500.0	    0.0	  676.1	 1372.3	    0.0	  200.0	    0.0	 1500.0	    0.0	  200.0	  100.0	   30.9	    0.0	    0.0	    0.0	   20.2	   10.7	  1	  750.0	  750.0	   30.9	    0.0	   20.2	1	  333.0	 21	 1362.2	   16.2	
  159	  20.00	    0.0	 1500.0	    0.0	  676.1	 1372.3	    0.0	  200.0	    0.0	 1500.0	    0.0	  200.0	  100.0	   30.5	    0.0	    0.0	    0.0	   20.3	   10.8	  1	  750.0	  750.0	   30.5	    0.0	   20.3	1	  333.2	 21	 1362.4	   16.2	
  160	  20.10	    0.0	 1500.0	    0.0	  676.1	 1372.3	    0.0	  200.0	    0.0	 1500.0	    0.0	  200.0	  100.0	   30.0	    0.0	    0.0	    0.0	   20.4	   10.9	  1	  750.0	  750.0	   30.0	    0.0	   20.4	1	  333.4	 21	 1362.6	   16.3	
  161	  20.20	    0.0	 1500.0	    0.0	  639.3	 1355.3	    0.0	  200.0	    0.0	 1500.0	    0.0	  200.0	  100.0	   29.6	    0.0	    0.0	    0.0	   20.5	   10.9	  1	  750.0	  750.0	   29.6	    0.0	   20.5	1	  331.1	 21	 1363.1	   16.3	
  162	  20.30	    0.0	 1500.0	    0.0	  639.3	 1355.3	    0.0	  200.0	    0.0	 1500.0	    0.0	  200.0	  100.0	   29.1	    0.0	    0.0	    0.0	   20.6	   11.0	  1	  750.0	  750.0	   29.1	    0.0	   20.6	1	  331.2	 21	 1363.3	   16.3	
  163	  20.40	    0.0	 1500.0	    0.0	  639.3	 1355.3	    0.0	  200.0	    0.0	 1500.0	    0.0	  200.0	  100.0	   28.7	    0.0	    0.0	    0.0	   20.7	   11.1	  1	  750.0	  750.0	   28.7	    0.0	   20.7	1	  331.4	 21	 1363.6	   16.4	
  164	  20.50	    0.0	 1500.0	    0.0	  639.3	 1355.3	    0.0	  200.0	    0.0	 1500.0	    0.0	  200.0	  100.0	   28.2	    0.0	    0.0	    0.0	   20.9	   11.1	  1	  750.0	  750.0	   28.2	    0.0	   20.9	1	  331.6	 21	 1363.8	   16.4	
  165	  20.60	    0.0	 1500.0	    0.0	  624.3	 1357.0	    0.0	  200.0	    0.0	 1500.0	    0.0	  200.0	  100.0	   27.8	    0.0	    0.0	    0.0	   21.0	   11.2	  1	  750.0	 1550.0	   27.8	    0.0	   21.0	1	  367.9	 21	 1364.2	   16.4	
  166	  20.70	    0.0	 1500.0	    0.0	  624.3	 1357.0	    0.0	  200.0	    0.0	 1500.0	    0.0	  200.0	  100.0	   27.3	    0.0	    0.0	    0.0	   21.1	   11.3	  1	  750.0	 1550.0	   27.3	    0.0	   21.1	1	  367.9	 21	 1364.4	   16.4	
  167	  20.80	    0.0	 1500.0	    0.0	  624.3	 1357.0	    0.0	  200.0	    0.0	 1500.0	    0.0	  200.0	  100.0	   26.9	    0.0	    0.0	    0.0	   21.2	   11.3	  1	  750.0	 1550.0	   26.9	    0.0	   21.2	1	  367.9	 21	 1364.7	   16.5	
  168	  20.91	    0.0	 1500.0	    0.0	  624.3	 1357.0	    0.0	  200.0	    0.0	 1500.0	    0.0	  200.0	  100.0	   26.4	    0.0	    0.0	    0.0	   21.3	   11.4	  1	  750.0	 1550.0	   26.4	    0.0	   21.3	1	  367.9	 21	 1365.0	   16.5	
  169	  21.00	    0.0	 1500.0	    0.0	  624.3	 1357.0	    0.0	  200.0	    0.0	 1500.0	    0.0	  200.0	  100.0	   26.0	    0.0	    0.0	    0.0	   21.4	   11.5	  1	  750.0	 1550.0	   26.0	    0.0	   21.4	1	  367.9	 21	 1365.3	   16.5	
  170	  21.10	    0.0	 1500.0	    0.0	  624.3	 1357.0	    0.0	  200.0	    0.0	 1500.0	    0.0	  200.0	  100.0	   25.5	    0.0	    0.0	    0.0	   21.5	   11.5	  1	  750.0	 1550.0	   25.5	    0.0	   21.5	1	  367.9	 21	 1365.7	   16.6	
  171	  21.20	    0.0	 1500.0	    0.0	  624.3	 1357.0	    0.0	  200.0	    0.0	 1500.0	    0.0	  200.0	  100.0	   25.1	    0.0	    0.0	    0.0	   21.6	   11.6	  1	  750.0	 1550.0	   25.1	    0.0	   21.6	1	  367.9	 21	 1366.0	   16.6	
  172	  21.30	    0.0	 1500.0	    0.0	  625.7	 1355.6	    0.0	  200.0	    0.0	 1500.0	    0.0	  200.0	  100.0	   24.6	    0.0	    0.0	    0.0	   21.7	   11.7	  1	  750.0	  750.0	   24.6	    0.0	   21.7	1	  330.9	 21	 1366.4	   16.6	
  173	  21.40	    0.0	 1500.0	    0.0	  625.7	 1355.6	    0.0	  200.0	    0.0	 1500.0	    0.0	  200.0	  100.0	   24.2	    0.0	    0.0	    0.0	   21.8	   11.7	  1	  750.0	  750.0	   24.2	    0.0	   21.8	1	  331.1	 21	 1366.8	   16.7	
  174	  21.50	    0.0	 1500.0	    0.0	  625.7	 1355.6	    0.0	  200.0	    0.0	 1500.0	    0.0	  200.0	  100.0	   23.7	    0.0	    0.0	    0.0	   21.9	   11.8	  1	  750.0	  750.0	   23.7	    0.0	   21.9	1	  331.3	 21	 1367.3	   16.7	
  175	  21.60	    0.0	 1500.0	    0.0	  625.7	 1355.6	    0.0	  200.0	    0.0	 1500.0	    0.0	  200.0	  100.0	   23.3	    0.0	    0.0	    0.0	   22.1	   11.9	  1	  750.0	  750.0	   23.3	    0.0	   22.1	1	  331.5	 21	 1367.7	   16.8	
  176	  21.70	    0.0	 1500.0	    0.0	  625.7	 1355.6	    0.0	  200.0	    0.0	 1500.0	    0.0	  200.0	  100.0	   22.8	    0.0	    0.0	    0.0	   22.2	   11.9	  1	  750.0	  750.0	   22.8	    0.0	   22.2	1	  331.7	 21	 1368.2	   16.8	
  177	  21.80	    0.0	 1500.0	    0.0	  621.7	 1353.1	    0.0	  200.0	    0.0	 1500.0	    0.0	  200.0	  100.0	   22.4	    0.0	    0.0	    0.0	   22.3	   12.0	  1	  750.0	  750.0	   22.4	    0.0	   22.3	1	  331.6	 21	 1368.7	   16.9	
  178	  21.90	    0.0	 1500.0	    0.0	  621.7	 1353.1	    0.0	  200.0	    0.0	 1500.0	    0.0	  200.0	  100.0	   21.9	    0.0	    0.0	    0.0	   22.4	   12.1	  1	  750.0	  750.0	   21.9	    0.0	   22.4	1	  331.8	 21	 1369.2	   16.9	
  179	  22.00	    0.0	 1500.0	    0.0	  621.7	 1353.1	    0.0	  200.0	    0.0	 1500.0	    0.0	  200.0	  100.0	   21.5	    0.0	    0.0	    0.0	   22.5	   12.1	  1	  750.0	  750.0	   21.5	    0.0	   22.5	1	  332.0	 21	 1369.8	   17.0	
  180	  22.10	    0.0	 1500.0	    0.0	  621.7	 1353.1	    0.0	  200.0	    0.0	 1500.0	    0.0	  200.0	  100.0	   21.0	    0.0	    0.0	    0.0	   22.6	   12.2	  1	  750.0	  750.0	   21.0	    0.0	   22.6	1	  332.2	 21	 1370.4	   17.0	
  181	  22.20	    0.0	 1500.0	    0.0	  616.2	 1345.4	    0.0	  200.0	    0.0	 1500.0	    0.0	  200.0	  100.0	   20.6	    0.0	    0.0	    0.0	   22.7	   12.3	  1	  750.0	 1750.0	   20.6	    0.0	   22.7	1	  347.8	 21	 1371.0	   17.1	
  182	  22.30	    0.0	 1500.0	    0.0	  616.2	 1345.4	    0.0	  200.0	    0.0	 1500.0	    0.0	  200.0	  100.0	   20.1	    0.0	    0.0	    0.0	   22.8	   12.3	  1	  750.0	 1750.0	   20.1	    0.0	   22.8	1	  347.9	 21	 1371.6	   17.2	
  183	  22.40	    0.0	 1500.0	    0.0	  616.2	 1345.4	    0.0	  200.0	    0.0	 1500.0	    0.0	  200.0	  100.0	   19.7	    0.0	    0.0	    0.0	   22.9	   12.4	  1	  750.0	 1750.0	   19.7	    0.0	   22.9	1	  347.9	 21	 1372.3	   17.2	
  184	  22.50	    0.0	 1500.0	    0.0	  616.2	 1345.4	    0.0	  200.0	    0.0	 1500.0	    0.0	  200.0	  100.0	   19.2	    0.0	    0.0	    0.0	   23.0	   12.5	  1	  750.0	 1750.0	   19.2	    0.0	   23.0	1	  348.0	 21	 1373.0	   17.3	
  185	  22.60	    0.0	 1500.0	    0.0	  616.2	 1345.4	    0.0	  200.0	    0.0	 1500.0	    0.0	  200.0	  100.0	   18.8	    0.0	    0.0	    0.0	   23.1	   12.5	  1	  750.0	 1750.0	   18.8	    0.0	   23.1	1	  348.1	 21	 1373.7	   17.4	
  186	  22.70	    0.0	 1500.0	    0.0	  616.2	 1345.4	    0.0	  200.0	    0.0	 1500.0	    0.0	  200.0	  100.0	   18.3	    0.0	    0.0	    0.0	   23.2	   12.6	  1	  750.0	 1750.0	   18.3	    0.0	   23.2	1	  348.1	 21	 1374.4	   17.4	
  187	  22.80	    0.0	 1500.0	    0.0	  623.5	 1329.1	    0.0	  200.0	    0.0	 1500.0	    0.0	  200.0	  100.0	   17.9	    0.0	    0.0	    0.0	   23.4	   12.7	  1	  750.0	  750.0	   17.9	    0.0	   23.4	1	  337.0	 21	 1375.2	   17.5	
  188	  22.90	    0.0	 1500.0	    0.0	  623.5	 1329.1	    0.0	  200.0	    0.0	 1500.0	    0.0	  200.0	  100.0	   17.4	    0.0	    0.0	    0.0	   23.5	   12.8	  1	  750.0	  750.0	   17.4	    0.0	   23.5	1	  337.2	 21	 1376.0	   17.6	
  189	  23.00	    0.0	 1500.0	    0.0	  623.5	 1329.1	    0.0	  200.0	    0.0	 1500.0	    0.0	  200.0	  100.0	   17.0	    0.0	    0.0	    0.0	   23.6	   12.8	  1	  750.0	  750.0	   17.0	    0.0	   23.6	1	  337.4	 21	 1376.8	   17.7	
  190	  23.10	    0.0	 1500.0	    0.0	  623.5	 1329.1	    0.0	  200.0	    0.0	 1500.0	    0.0	  200.0	  100.0	   16.5	    0.0	    0.0	    0.0	   23.7	   12.9	  1	  750.0	  750.0	   16.5	    0.0	   23.7	1	  337.5	 21	 1377.7	   17.8	
  191	  23.20	    0.0	 1500.0	    0.0	  623.5	 1329.1	    0.0	  200.0	    0.0	 1500.0	    0.0	  200.0	  100.0	   16.1	    0.0	    0.0	    0.0	   23.8	   13.0	  1	  750.0	  750.0	   16.1	    0.0	   23.8	1	  337.7	 21	 1378.6	   17.9	
  192	  23.30	    0.0	 1500.0	    0.0	  686.0	 1278.1	    0.0	  200.0	    0.0	 1500.0	    0.0	  200.0	  100.0	   15.7	    0.0	    0.0	    0.0	   23.9	   13.0	  1	  750.0	  750.0	   15.7	    0.0	   23.9	1	  356.5	 21	 1369.9	   17.0	
  193	  23.40	    0.0	 1500.0	    0.0	  623.5	 1329.1	    0.0	  200.0	    0.0	 1500.0	    0.0	  200.0	  100.0	   15.2	    0.0	    0.0	    0.0	   24.0	   13.1	  1	  750.0	 1750.0	   15.2	    0.0	   24.0	1	  347.0	 21	 1380.8	   18.1	
  194	  23.50	    0.0	 1500.0	    0.0	  686.0	 1278.1	    0.0	  200.0	    0.0	 1500.0	    0.0	  200.0	  100.0	   14.8	    0.0	    0.0	    0.0	   24.2	   13.2	  1	  750.0	  750.0	   14.8	    0.0	   24.2	1	  356.6	 21	 1372.8	   17.3	
  195	  23.60	    0.0	 1500.0	    0.0	  686.0	 1278.1	    0.0	  200.0	    0.0	 1500.0	    0.0	  200.0	  100.0	   14.3	    0.0	    0.0	    0.0	   24.3	   13.2	  1	  750.0	 1650.0	   14.3	    0.0	   24.3	1	  367.3	 21	 1382.4	   18.2	
  196	  23.70	    0.0	 1500.0	    0.0	  686.0	 1278.1	    0.0	  200.0	    0.0	 1500.0	    0.0	  200.0	  100.0	   13.9	    0.0	    0.0	    0.0	   24.5	   13.3	  1	  750.0	 1650.0	   13.9	    0.0	   24.5	1	  367.4	 21	 1383.5	   18.3	
  197	  23.80	    0.0	 1500.0	    0.0	  652.4	 1257.0	    0.0	  200.0	    0.0	 1500.0	    0.0	  200.0	  100.0	   13.5	    0.0	    0.0	    0.0	   24.6	   13.4	  1	  750.0	 1550.0	   13.5	    0.0	   24.6	1	  370.7	 21	 1384.7	   18.5	
  198	  23.90	    0.0	 1500.0	    0.0	  652.4	 1257.0	    0.0	  200.0	    0.0	 1500.0	    0.0	  200.0	  100.0	   13.0	    0.0	    0.0	    0.0	   24.7	   13.4	  1	  750.0	 1550.0	   13.0	    0.0	   24.7	1	  370.7	 21	 1385.9	   18.6	
  199	  24.00	    0.0	 1500.0	    0.0	  686.0	 1278.1	    0.0	  200.0	    0.0	 1500.0	    0.0	  200.0	  100.0	   12.6	    0.0	    0.0	    0.0	   24.8	   13.5	  1	  750.0	 1650.0	   12.6	    0.0	   24.8	1	  367.6	 21	 1387.0	   18.7	
  200	  24.10	    0.0	 1500.0	    0.0	  652.4	 1257.0	    0.0	  200.0	    0.0	 1500.0	    0.0	  200.0	  100.0	   12.1	    0.0	    0.0	    0.0	   25.0	   13.6	  1	  750.0	 1550.0	   12.1	    0.0	   25.0	1	  370.9	 21	 1388.4	   18.8	
  201	  24.20	    0.0	 1500.0	    0.0	  652.4	 1257.0	    0.0	  200.0	    0.0	 1500.0	    0.0	  200.0	  100.0	   11.7	    0.0	    0.0	    0.0	   25.1	   13.6	  1	  750.0	 1550.0	   11.7	    0.0	   25.1	1	  370.9	 21	 1389.7	   19.0	
  202	  24.30	    0.0	 1500.0	    0.0	  652.4	 1257.0	    0.0	  200.0	    0.0	 1500.0	    0.0	  200.0	  100.0	   11.3	    0.0	    0.0	    0.0	   25.2	   13.7	  1	  750.0	 1550.0	   11.3	    0.0	   25.2	1	  371.0	 21	 1391.0	   19.1	
  203	  24.40	    0.0	 1500.0	    0.0	  652.4	 1257.0	    0.0	  200.0	    0.0	 1500.0	    0.0	  200.0	  100.0	   10.8	    0.0	    0.0	    0.0	   25.4	   13.8	  1	  750.0	 1550.0	   10.8	    0.0	   25.4	1	  371.0	 21	 1392.4	   19.2	
  204	  24.50	    0.0	 1500.0	    0.0	  603.2	 1256.9	    0.0	  200.0	    0.0	 1500.0	    0.0	  200.0	  100.0	   10.4	    0.0	    0.0	    0.0	   25.5	   13.8	  1	  750.0	 1650.0	   10.4	    0.0	   25.5	1	  352.5	 21	 1393.9	   19.4	
  205	  24.60	    0.0	 1500.0	    0.0	  603.2	 1256.9	    0.0	  200.0	    0.0	 1500.0	    0.0	  200.0	  100.0	    9.9	    0.0	    0.0	    0.0	   25.6	   13.9	  1	  750.0	 1650.0	    9.9	    0.0	   25.6	1	  352.6	 21	 1395.3	   19.5	
  206	  24.70	    0.0	 1500.0	    0.0	  603.2	 1256.9	    0.0	  200.0	    0.0	 1500.0	    0.0	  200.0	  100.0	    9.5	    0.0	    0.0	    0.0	   25.7	   14.0	  1	  750.0	 1650.0	    9.5	    0.0	   25.7	1	  352.7	 21	 1396.9	   19.7	
  207	  24.80	    0.0	 1500.0	    0.0	  603.2	 1256.9	    0.0	  200.0	    0.0	 1500.0	    0.0	  200.0	  100.0	    9.0	    0.0	    0.0	    0.0	   25.8	   14.0	  1	  750.0	 1650.0	    9.0	    0.0	   25.8	1	  352.7	 21	 1398.4	   19.8	
  208	  24.90	    0.0	 1500.0	    0.0	  592.4	 1257.6	    0.0	  200.0	    0.0	 1500.0	    0.0	  200.0	  100.0	    8.6	    0.0	    0.0	    0.0	   25.9	   14.1	  1	  750.0	  750.0	    8.6	    0.0	   25.9	1	  346.2	 21	    0.0	    0.0	
  209	  25.00	    0.0	 1500.0	    0.0	  592.4	 1257.6	    0.0	  200.0	    0.0	 1500.0	    0.0	  200.0	  100.0	    8.1	    0.0	    0.0	    0.0	   26.0	   14.2	  1	  750.0	  750.0	    8.1	    0.0	   26.0	1	  346.3	 21	    0.0	    0.0	
  210	  25.10	    0.0	 1500.0	    0.0	  592.4	 1257.6	    0.0	  200.0	    0.0	 1500.0	    0.0	  200.0	  100.0	    7.7	    0.0	    0.0	    0.0	   26.1	   14.2	  1	  750.0	  750.0	    7.7	    0.0	   26.1	1	  346.5	 21	    0.0	    0.0	
  211	  25.20	    0.0	 1500.0	    0.0	  592.4	 1257.6	    0.0	  200.0	    0.0	 1500.0	    0.0	  200.0	  100.0	    7.2	    0.0	    0.0	    0.0	   26.2	   14.3	  1	  750.0	  750.0	    7.2	    0.0	   26.2	1	  346.7	 21	    0.0	    0.0	
  212	  25.30	    0.0	 1500.0	    0.0	  592.4	 1257.6	    0.0	  200.0	    0.0	 1500.0	    0.0	  200.0	  100.0	    6.8	    0.0	    0.0	    0.0	   26.3	   14.4	  1	  750.0	  750.0	    6.8	    0.0	   26.3	1	  346.8	 21	    0.0	    0.0	
  213	  25.40	    0.0	 1500.0	    0.0	  592.4	 1257.6	    0.0	  200.0	    0.0	 1500.0	    0.0	  200.0	  100.0	    6.3	    0.0	    0.0	    0.0	   26.5	   14.4	  1	  750.0	  750.0	    6.3	    0.0	   26.5	1	  347.0	 21	    0.0	    0.0	
  214	  25.50	    0.0	 1500.0	    0.0	  606.9	 1263.8	    0.0	  200.0	    0.0	 1500.0	    0.0	  200.0	  100.0	    5.9	    0.0	    0.0	    0.0	   26.6	   14.5	  1	  750.0	  750.0	    5.9	    0.0	   26.6	1	  348.1	 21	    0.0	    0.0	
  215	  25.60	    0.0	 1500.0	    0.0	  606.9	 1263.8	    0.0	  200.0	    0.0	 1500.0	    0.0	  200.0	  100.0	    5.4	    0.0	    0.0	    0.0	   26.7	   14.6	  1	  750.0	  750.0	    5.4	    0.0	   26.7	1	  348.3	 21	    0.0	    0.0	
  216	  25.70	    0.0	 1500.0	    0.0	  606.9	 1263.8	    0.0	  200.0	    0.0	 1500.0	    0.0	  200.0	  100.0	    5.0	    0.0	    0.0	    0.0	   26.8	   14.7	  1	  750.0	  750.0	    5.0	    0.0	   26.8	1	  348.5	 21	    0.0	    0.0	
  217	  25.80	    0.0	 1500.0	    0.0	  606.9	 1263.8	    0.0	  200.0	    0.0	 1500.0	    0.0	  200.0	  100.0	    4.5	    0.0	    0.0	    0.0	   26.9	   14.7	  1	  750.0	  750.0	    4.5	    0.0	   26.9	1	  348.6	 21	    0.0	    0.0	
  218	  25.90	    0.0	 1500.0	    0.0	  606.9	 1263.8	    0.0	  200.0	    0.0	 1500.0	    0.0	  200.0	  100.0	    4.1	    0.0	    0.0	    0.0	   27.0	   14.8	  1	  750.0	  750.0	    4.1	    0.0	   27.0	1	  348.8	 21	    0.0	    0.0	
  219	  26.00	    0.0	 1500.0	    0.0	  606.9	 1263.8	    0.0	  200.0	    0.0	 1500.0	    0.0	  200.0	  100.0	    3.6	    0.0	    0.0	    0.0	   27.1	   14.9	  1	  750.0	  750.0	    3.6	    0.0	   27.1	1	  348.9	 21	    0.0	    0.0	
  220	  26.10	    0.0	 1500.0	    0.0	  606.9	 1263.8	    0.0	  200.0	    0.0	 1500.0	    0.0	  200.0	  100.0	    3.2	    0.0	    0.0	    0.0	   27.2	   14.9	  1	  750.0	  750.0	    3.2	    0.0	   27.2	1	  349.1	 21	    0.0	    0.0	
  221	  26.20	    0.0	 1500.0	    0.0	  606.9	 1263.8	    0.0	  200.0	    0.0	 1500.0	    0.0	  200.0	  100.0	    2.7	    0.0	    0.0	    0.0	   27.4	   15.0	  1	  750.0	  750.0	    2.7	    0.0	   27.4	1	  349.3	 21	    0.0	    0.0	
  222	  26.30	    0.0	 1500.0	    0.0	  608.3	 1270.4	    0.0	  200.0	    0.0	 1500.0	    0.0	  200.0	  100.0	    2.3	    0.0	    0.0	    0.0	   27.5	   15.1	  1	  750.0	  750.0	    2.3	    0.0	   27.5	1	  348.8	 21	    0.0	    0.0	
  223	  26.40	    0.0	 1500.0	    0.0	  608.3	 1270.4	    0.0	  200.0	    0.0	 1500.0	    0.0	  200.0	  100.0	    1.8	    0.0	    0.0	    0.0	   27.6	   15.1	  1	  750.0	  750.0	    1.8	    0.0	   27.6	1	  349.0	 21	    0.0	    0.0	
  224	  26.50	    0.0	 1500.0	    0.0	  608.3	 1270.4	    0.0	  200.0	    0.0	 1500.0	    0.0	  200.0	  100.0	    1.4	    0.0	    0.0	    0.0	   27.7	   15.2	  1	  750.0	  750.0	    1.4	    0.0	   27.7	1	  349.1	 21	    0.0	    0.0	
  225	  26.60	    0.0	 1500.0	    0.0	  608.3	 1270.4	    0.0	  200.0	    0.0	 1500.0	    0.0	  200.0	  100.0	    0.9	    0.0	    0.0	    0.0	   27.8	   15.3	  1	  750.0	  750.0	    0.9	    0.0	   27.8	1	  349.3	 21	    0.0	    0.0	
  226	  26.70	    0.0	 1500.0	    0.0	  606.5	 1271.0	    0.0	  200.0	    0.0	 1500.0	    0.0	  200.0	  100.0	    0.5	    0.0	    0.0	    0.0	   27.9	   15.3	  1	  750.0	  750.0	    0.5	    0.0	   27.9	1	  349.1	 21	    0.0	    0.0	
  227	  26.80	    0.0	 1500.0	    0.0	  608.3	 1270.4	    0.0	  200.0	    0.0	 1500.0	    0.0	  200.0	  100.0	    0.0	    0.0	    0.0	    0.0	   28.0	   15.4	  1	  750.0	  750.0	    0.0	    0.0	   28.0	1	  349.6	 21	    0.0	    0.0	
  228	  26.90	    0.0	 1500.0	    0.0	  608.3	 1270.4	    0.0	  200.0	    0.0	 1500.0	    0.0	  200.0	  100.0	    0.0	    0.0	    0.0	    0.0	   28.1	   15.5	  1	  750.0	  750.0	    0.0	    0.0	   28.1	1	  349.8	 21	    0.0	    0.0	
  229	  27.00	    0.0	 1500.0	    0.0	  608.3	 1270.4	    0.0	  200.0	    0.0	 1500.0	    0.0	  200.0	  100.0	    0.0	    0.0	    0.0	    0.0	   28.3	   15.5	  1	  750.0	  750.0	    0.0	    0.0	   28.3	1	  350.0	 21	    0.0	    0.0	
  230	  27.10	    0.0	 1500.0	    0.0	  608.3	 1270.4	    0.0	  200.0	    0.0	 1500.0	    0.0	  200.0	  100.0	    0.0	    0.0	    0.0	    0.0	   28.4	   15.6	  1	  750.0	  750.0	    0.0	    0.0	   28.4	1	  350.2	 21	    0.0	    0.0	
  231	  27.20	    0.0	 1500.0	    0.0	  608.3	 1270.4	    0.0	  200.0	    0.0	 1500.0	    0.0	  200.0	  100.0	    0.0	    0.0	    0.0	    0.0	   28.5	   15.7	  1	  750.0	  750.0	    0.0	    0.0	   28.5	1	  350.4	 21	    0.0	    0.0	
  232	  27.30	    0.0	 1500.0	    0.0	  608.3	 1270.4	    0.0	  200.0	    0.0	 1500.0	    0.0	  200.0	  100.0	    0.0	    0.0	    0.0	    0.0	   28.6	   15.7	  1	  750.0	  750.0	    0.0	    0.0	   28.6	1	  350.6	 21	    0.0	    0.0	
  233	  27.40	    0.0	 1500.0	    0.0	  608.3	 1270.4	    0.0	  200.0	    0.0	 1500.0	    0.0	  200.0	  100.0	    0.0	    0.0	    0.0	    0.0	   28.7	   15.8	  1	  750.0	  750.0	    0.0	    0.0	   28.7	1	  350.8	 21	    0.0	    0.0	
  234	  27.50	    0.0	 1500.0	    0.0	  608.3	 1270.4	    0.0	  200.0	    0.0	 1500.0	    0.0	  200.0	  100.0	    0.0	    0.0	    0.0	    0.0	   28.8	   15.9	  1	  750.0	  750.0	    0.0	    0.0	   28.8	1	  351.0	 21	    0.0	    0.0	
  235	  27.60	    0.0	 1500.0	    0.0	  608.3	 1270.4	    0.0	  200.0	    0.0	 1500.0	    0.0	  200.0	  100.0	    0.0	    0.0	    0.0	    0.0	   28.9	   15.9	  1	  750.0	  750.0	    0.0	    0.0	   28.9	1	  351.2	 21	    0.0	    0.0	
  236	  27.70	    0.0	 1500.0	    0.0	  608.3	 1270.4	    0.0	  200.0	    0.0	 1500.0	    0.0	  200.0	  100.0	    0.0	    0.0	    0.0	    0.0	   29.0	   16.0	  1	  750.0	  750.0	    0.0	    0.0	   29.0	1	  351.4	 21	    0.0	    0.0	
  237	  27.80	    0.0	 1500.0	    0.0	  608.3	 1270.4	    0.0	  200.0	    0.0	 1500.0	    0.0	  200.0	  100.0	    0.0	    0.0	    0.0	    0.0	   29.1	   16.1	  1	  750.0	  750.0	    0.0	    0.0	   29.1	1	  351.6	 21	    0.0	    0.0	
  238	  27.90	    0.0	 1500.0	    0.0	  608.3	 1270.4	    0.0	  200.0	    0.0	 1500.0	    0.0	  200.0	  100.0	    0.0	    0.0	    0.0	    0.0	   29.3	   16.1	  1	  750.0	  750.0	    0.0	    0.0	   29.3	1	  351.8	 21	    0.0	    0.0	
  239	  28.00	    0.0	 1500.0	    0.0	  608.3	 1270.4	    0.0	  200.0	    0.0	 1500.0	    0.0	  200.0	  100.0	    0.0	    0.0	    0.0	    0.0	   29.4	   16.2	  1	  750.0	  750.0	    0.0	    0.0	   29.4	1	  352.0	 21	    0.0	    0.0	
  240	  28.10	    0.0	 1500.0	    0.0	  608.3	 1270.4	    0.0	  200.0	    0.0	 1500.0	    0.0	  200.0	  100.0	    0.0	    0.0	    0.0	    0.0	   29.5	   16.3	  1	  750.0	  750.0	    0.0	    0.0	   29.5	1	  352.1	 21	    0.0	    0.0	
  241	  28.20	    0.0	 1500.0	    0.0	  608.3	 1270.4	    0.0	  200.0	    0.0	 1500.0	    0.0	  200.0	  100.0	    0.0	    0.0	    0.0	    0.0	   29.6	   16.3	  1	  750.0	  750.0	    0.0	    0.0	   29.6	1	  352.3	 21	    0.0	    0.0	
  242	  28.30	    0.0	 1500.0	    0.0	  608.3	 1270.4	    0.0	  200.0	    0.0	 1500.0	    0.0	  200.0	  100.0	    0.0	    0.0	    0.0	    0.0	   29.7	   16.4	  1	  750.0	  750.0	    0.0	    0.0	   29.7	1	  352.5	 21	    0.0	    0.0	
  243	  28.40	    0.0	 1500.0	    0.0	  608.3	 1270.4	    0.0	  200.0	    0.0	 1500.0	    0.0	  200.0	  100.0	    0.0	    0.0	    0.0	    0.0	   29.8	   16.5	  1	  750.0	  750.0	    0.0	    0.0	   29.8	1	  352.7	 21	    0.0	    0.0	
  244	  28.50	    0.0	 1500.0	    0.0	  610.4	 1270.8	    0.0	  200.0	    0.0	 1500.0	    0.0	  200.0	  100.0	    0.0	    0.0	    0.0	    0.0	   29.9	   16.6	  1	  750.0	  750.0	    0.0	    0.0	   29.9	1	  353.2	 21	    0.0	    0.0	
  245	  28.60	    0.0	 1500.0	    0.0	  610.4	 1270.8	    0.0	  200.0	    0.0	 1500.0	    0.0	  200.0	  100.0	    0.0	    0.0	    0.0	    0.0	   30.0	   16.6	  1	  750.0	  750.0	    0.0	    0.0	   30.0	1	  353.4	 21	    0.0	    0.0	
  246	  28.70	    0.0	 1500.0	    0.0	  610.4	 1270.8	    0.0	  200.0	    0.0	 1500.0	    0.0	  200.0	  100.0	    0.0	    0.0	    0.0	    0.0	   30.2	   16.7	  1	  750.0	  750.0	    0.0	    0.0	   30.2	1	  353.6	 21	    0.0	    0.0	
  247	  28.80	    0.0	 1500.0	    0.0	  610.4	 1270.8	    0.0	  200.0	    0.0	 1500.0	    0.0	  200.0	  100.0	    0.0	    0.0	    0.0	    0.0	   30.3	   16.8	  1	  750.0	  750.0	    0.0	    0.0	   30.3	1	  353.8	 21	    0.0	    0.0	
  248	  28.90	    0.0	 1500.0	    0.0	  610.4	 1270.8	    0.0	  200.0	    0.0	 1500.0	    0.0	  200.0	  100.0	    0.0	    0.0	    0.0	    0.0	   30.4	   16.8	  1	  750.0	  750.0	    0.0	    0.0	   30.4	1	  354.0	 21	    0.0	    0.0	
  249	  29.00	    0.0	 1500.0	    0.0	  608.7	 1271.4	    0.0	  200.0	    0.0	 1500.0	    0.0	  200.0	  100.0	    0.0	    0.0	    0.0	    0.0	   30.5	   16.9	  1	  750.0	  750.0	    0.0	    0.0	   30.5	1	  353.8	 21	    0.0	    0.0	
  250	  29.10	    0.0	 1500.0	    0.0	  608.7	 1271.4	    0.0	  200.0	    0.0	 1500.0	    0.0	  200.0	  100.0	    0.0	    0.0	    0.0	    0.0	   30.6	   17.0	  1	  750.0	  750.0	    0.0	    0.0	   30.6	1	  354.0	 21	    0.0	    0.0	
  251	  29.20	    0.0	 1500.0	    0.0	  608.7	 1271.4	    0.0	  200.0	    0.0	 1500.0	    0.0	  200.0	  100.0	    0.0	    0.0	    0.0	    0.0	   30.7	   17.0	  1	  750.0	  750.0	    0.0	    0.0	   30.7	1	  354.2	 21	    0.0	    0.0	
  252	  29.30	    0.0	 1500.0	    0.0	  608.7	 1271.4	    0.0	  200.0	    0.0	 1500.0	    0.0	  200.0	  100.0	    0.0	    0.0	    0.0	    0.0	   30.8	   17.1	  1	  750.0	  750.0	    0.0	    0.0	   30.8	1	  354.4	 21	    0.0	    0.0	
  253	  29.40	    0.0	 1500.0	    0.0	  608.7	 1271.4	    0.0	  200.0	    0.0	 1500.0	    0.0	  200.0	  100.0	    0.0	    0.0	    0.0	    0.0	   30.9	   17.2	  1	  750.0	  750.0	    0.0	    0.0	   30.9	1	  354.6	 21	    0.0	    0.0	
  254	  29.50	    0.0	 1500.0	    0.0	  608.7	 1271.4	    0.0	  200.0	    0.0	 1500.0	    0.0	  200.0	  100.0	    0.0	    0.0	    0.0	    0.0	   31.1	   17.2	  1	  750.0	  750.0	    0.0	    0.0	   31.1	1	  354.8	 21	    0.0	    0.0	
  255	  29.60	    0.0	 1500.0	    0.0	  609.5	 1271.1	    0.0	  200.0	    0.0	 1500.0	    0.0	  200.0	  100.0	    0.0	    0.0	    0.0	    0.0	   31.2	   17.3	  1	  750.0	  750.0	    0.0	    0.0	   31.2	1	  355.2	 21	    0.0	    0.0	
  256	  29.70	    0.0	 1500.0	    0.0	  609.5	 1271.1	    0.0	  200.0	    0.0	 1500.0	    0.0	  200.0	  100.0	    0.0	    0.0	    0.0	    0.0	   31.3	   17.4	  1	  750.0	  750.0	    0.0	    0.0	   31.3	1	  355.4	 21	    0.0	    0.0	
  257	  29.80	    0.0	 1500.0	    0.0	  609.5	 1271.1	    0.0	  200.0	    0.0	 1500.0	    0.0	  200.0	  100.0	    0.0	    0.0	    0.0	    0.0	   31.4	   17.4	  1	  750.0	  750.0	    0.0	    0.0	   31.4	1	  355.5	 21	    0.0	    0.0	
  258	  29.90	    0.0	 1500.0	    0.0	  609.5	 1271.1	    0.0	  200.0	    0.0	 1500.0	    0.0	  200.0	  100.0	    0.0	    0.0	    0.0	    0.0	   31.5	   17.5	  1	  750.0	  750.0	    0.0	    0.0	   31.5	1	  355.7	 21	    0.0	    0.0	
  259	  30.00	    0.0	 1500.0	    0.0	  609.5	 1271.1	    0.0	  200.0	    0.0	 1500.0	    0.0	  200.0	  100.0	    0.0	    0.0	    0.0	    0.0	   31.6	   17.6	  1	  750.0	  750.0	    0.0	    0.0	   31.6	1	  355.9	 21	    0.0	    0.0	
  260	  30.10	    0.0	 1500.0	    0.0	  609.5	 1271.1	    0.0	  200.0	    0.0	 1500.0	    0.0	  200.0	  100.0	    0.0	    0.0	    0.0	    0.0	   31.7	   17.6	  1	  750.0	  750.0	    0.0	    0.0	   31.7	1	  356.1	 21	    0.0	    0.0	
  261	  30.20	    0.0	 1500.0	    0.0	  609.5	 1271.1	    0.0	  200.0	    0.0	 1500.0	    0.0	  200.0	  100.0	    0.0	    0.0	    0.0	    0.0	   31.8	   17.7	  1	  750.0	  750.0	    0.0	    0.0	   31.8	1	  356.3	 21	    0.0	    0.0	
  262	  30.30	    0.0	 1500.0	    0.0	  610.8	 1271.8	    0.0	  200.0	    0.0	 1500.0	    0.0	  200.0	  100.0	    0.0	    0.0	    0.0	    0.0	   32.0	   17.8	  1	  750.0	  750.0	    0.0	    0.0	   32.0	1	  356.6	 21	    0.0	    0.0	
  263	  30.40	    0.0	 1500.0	    0.0	  610.8	 1271.8	    0.0	  200.0	    0.0	 1500.0	    0.0	  200.0	  100.0	    0.0	    0.0	    0.0	    0.0	   32.1	   17.8	  1	  750.0	  750.0	    0.0	    0.0	   32.1	1	  356.8	 21	    0.0	    0.0	
  264	  30.50	    0.0	 1500.0	    0.0	  610.8	 1271.8	    0.0	  200.0	    0.0	 1500.0	    0.0	  200.0	  100.0	    0.0	    0.0	    0.0	    0.0	   32.2	   17.9	  1	  750.0	  750.0	    0.0	    0.0	   32.2	1	  357.0	 21	    0.0	    0.0	
  265	  30.60	    0.0	 1500.0	    0.0	  609.5	 1271.1	    0.0	  200.0	    0.0	 1500.0	    0.0	  200.0	  100.0	    0.0	    0.0	    0.0	    0.0	   32.3	   18.0	  1	  750.0	  750.0	    0.0	    0.0	   32.3	1	  357.1	 21	    0.0	    0.0	
  266	  30.70	    0.0	 1500.0	    0.0	  610.8	 1271.8	    0.0	  200.0	    0.0	 1500.0	    0.0	  200.0	  100.0	    0.0	    0.0	    0.0	    0.0	   32.4	   18.0	  1	  750.0	  750.0	    0.0	    0.0	   32.4	1	  357.4	 21	    0.0	    0.0	
  267	  30.80	    0.0	 1500.0	    0.0	  610.8	 1271.8	    0.0	  200.0	    0.0	 1500.0	    0.0	  200.0	  100.0	    0.0	    0.0	    0.0	    0.0	   32.5	   18.1	  1	  750.0	  750.0	    0.0	    0.0	   32.5	1	  357.6	 21	    0.0	    0.0	
  268	  30.90	    0.0	 1500.0	    0.0	  613.3	 1273.3	    0.0	  200.0	    0.0	 1500.0	    0.0	  200.0	  100.0	    0.0	    0.0	    0.0	    0.0	   32.6	   18.2	  1	  750.0	  750.0	    0.0	    0.0	   32.6	1	  358.0	 21	    0.0	    0.0	
  269	  31.00	    0.0	 1500.0	    0.0	  613.3	 1273.3	    0.0	  200.0	    0.0	 1500.0	    0.0	  200.0	  100.0	    0.0	    0.0	    0.0	    0.0	   32.7	   18.2	  1	  750.0	  750.0	    0.0	    0.0	   32.7	1	  358.2	 21	    0.0	    0.0	
  270	  31.10	    0.0	 1500.0	    0.0	  613.3	 1273.3	    0.0	  200.0	    0.0	 1500.0	    0.0	  200.0	  100.0	    0.0	    0.0	    0.0	    0.0	   32.9	   18.3	  1	  750.0	  750.0	    0.0	    0.0	   32.9	1	  358.4	 21	    0.0	    0.0	
  271	  31.20	    0.0	 1500.0	    0.0	  613.3	 1273.3	    0.0	  200.0	    0.0	 1500.0	    0.0	  200.0	  100.0	    0.0	    0.0	    0.0	    0.0	   33.0	   18.4	  1	  750.0	  750.0	    0.0	    0.0	   33.0	1	  358.6	 21	    0.0	    0.0	
  272	  31.30	    0.0	 1500.0	    0.0	  614.6	 1274.0	    0.0	  200.0	    0.0	 1500.0	    0.0	  200.0	  100.0	    0.0	    0.0	    0.0	    0.0	   33.1	   18.5	  1	  750.0	  750.0	    0.0	    0.0	   33.1	1	  358.9	 21	    0.0	    0.0	
  273	  31.40	    0.0	 1500.0	    0.0	  613.3	 1273.3	    0.0	  200.0	    0.0	 1500.0	    0.0	  200.0	  100.0	    0.0	    0.0	    0.0	    0.0	   33.2	   18.5	  1	  750.0	  750.0	    0.0	    0.0	   33.2	1	  358.9	 21	    0.0	    0.0	
  274	  31.50	    0.0	 1500.0	    0.0	  615.4	 1273.7	    0.0	  200.0	    0.0	 1500.0	    0.0	  200.0	  100.0	    0.0	    0.0	    0.0	    0.0	   33.3	   18.6	  1	  750.0	  750.0	    0.0	    0.0	   33.3	1	  359.4	 21	    0.0	    0.0	
  275	  31.60	    0.0	 1500.0	    0.0	  614.6	 1274.0	    0.0	  200.0	    0.0	 1500.0	    0.0	  200.0	  100.0	    0.0	    0.0	    0.0	    0.0	   33.4	   18.7	  1	  750.0	  750.0	    0.0	    0.0	   33.4	1	  359.4	 21	    0.0	    0.0	
  276	  31.70	    0.0	 1500.0	    0.0	  614.6	 1274.0	    0.0	  200.0	    0.0	 1500.0	    0.0	  200.0	  100.0	    0.0	    0.0	    0.0	    0.0	   33.5	   18.7	  1	  750.0	  750.0	    0.0	    0.0	   33.5	1	  359.6	 21	    0.0	    0.0	
  277	  31.80	    0.0	 1500.0	    0.0	  616.3	 1273.4	    0.0	  200.0	    0.0	 1500.0	    0.0	  200.0	  100.0	    0.0	    0.0	    0.0	    0.0	   33.7	   18.8	  1	  750.0	  750.0	    0.0	    0.0	   33.7	1	  360.2	 21	    0.0	    0.0	
  278	  31.90	    0.0	 1500.0	    0.0	  616.3	 1273.4	    0.0	  200.0	    0.0	 1500.0	    0.0	  200.0	  100.0	    0.0	    0.0	    0.0	    0.0	   33.8	   18.9	  1	  750.0	  750.0	    0.0	    0.0	   33.8	1	  360.4	 21	    0.0	    0.0	
  279	  32.00	    0.0	 1500.0	    0.0	  616.3	 1273.4	    0.0	  200.0	    0.0	 1500.0	    0.0	  200.0	  100.0	    0.0	    0.0	    0.0	    0.0	   33.9	   18.9	  1	  750.0	  750.0	    0.0	    0.0	   33.9	1	  360.6	 21	    0.0	    0.0	
  280	  32.10	    0.0	 1500.0	    0.0	  616.3	 1273.4	    0.0	  200.0	    0.0	 1500.0	    0.0	  200.0	  100.0	    0.0	    0.0	    0.0	    0.0	   34.0	   19.0	  1	  750.0	  750.0	    0.0	    0.0	   34.0	1	  360.8	 21	    0.0	    0.0	
  281	  32.20	    0.0	 1500.0	    0.0	  616.3	 1273.4	    0.0	  200.0	    0.0	 1500.0	    0.0	  200.0	  100.0	    0.0	    0.0	    0.0	    0.0	   34.1	   19.1	  1	  750.0	  750.0	    0.0	    0.0	   34.1	1	  361.0	 21	    0.0	    0.0	
  282	  32.30	    0.0	 1500.0	    0.0	  616.3	 1273.4	    0.0	  200.0	    0.0	 1500.0	    0.0	  200.0	  100.0	    0.0	    0.0	    0.0	    0.0	   34.2	   19.1	  1	  750.0	  750.0	    0.0	    0.0	   34.2	1	  361.2	 21	    0.0	    0.0	
  283	  32.40	    0.0	 1500.0	    0.0	  616.3	 1273.4	    0.0	  200.0	    0.0	 1500.0	    0.0	  200.0	  100.0	    0.0	    0.0	    0.0	    0.0	   34.3	   19.2	  1	  750.0	  750.0	    0.0	    0.0	   34.3	1	  361.4	 21	    0.0	    0.0	
  284	  32.50	    0.0	 1500.0	    0.0	  616.7	 1274.5	    0.0	  200.0	    0.0	 1500.0	    0.0	  200.0	  100.0	    0.0	    0.0	    0.0	    0.0	   34.5	   19.3	  1	  750.0	  750.0	    0.0	    0.0	   34.5	1	  361.5	 21	    0.0	    0.0	
  285	  32.60	    0.0	 1500.0	    0.0	  616.7	 1274.5	    0.0	  200.0	    0.0	 1500.0	    0.0	  200.0	  100.0	    0.0	    0.0	    0.0	    0.0	   34.6	   19.3	  1	  750.0	  750.0	    0.0	    0.0	   34.6	1	  361.7	 21	    0.0	    0.0	
  286	  32.70	    0.0	 1500.0	    0.0	  616.7	 1274.5	    0.0	  200.0	    0.0	 1500.0	    0.0	  200.0	  100.0	    0.0	    0.0	    0.0	    0.0	   34.7	   19.4	  1	  750.0	  750.0	    0.0	    0.0	   34.7	1	  361.9	 21	    0.0	    0.0	
  287	  32.80	    0.0	 1500.0	    0.0	  616.7	 1274.5	    0.0	  200.0	    0.0	 1500.0	    0.0	  200.0	  100.0	    0.0	    0.0	    0.0	    0.0	   34.8	   19.5	  1	  750.0	  750.0	    0.0	    0.0	   34.8	1	  362.1	 21	    0.0	    0.0	
  288	  32.90	    0.0	 1500.0	    0.0	  616.7	 1274.5	    0.0	  200.0	    0.0	 1500.0	    0.0	  200.0	  100.0	    0.0	    0.0	    0.0	    0.0	   34.9	   19.5	  1	  750.0	  750.0	    0.0	    0.0	   34.9	1	  362.3	 21	    0.0	    0.0	
  289	  33.00	    0.0	 1500.0	    0.0	  616.7	 1274.5	    0.0	  200.0	    0.0	 1500.0	    0.0	  200.0	  100.0	    0.0	    0.0	    0.0	    0.0	   35.0	   19.6	  1	  750.0	  750.0	    0.0	    0.0	   35.0	1	  362.5	 21	    0.0	    0.0	
  290	  33.10	    0.0	 1500.0	    0.0	  615.8	 1274.8	    0.0	  200.0	    0.0	 1500.0	    0.0	  200.0	  100.0	    0.0	    0.0	    0.0	    0.0	   35.1	   19.7	  1	  750.0	  750.0	    0.0	    0.0	   35.1	1	  362.5	 21	    0.0	    0.0	
  291	  33.20	    0.0	 1500.0	    0.0	  615.8	 1274.8	    0.0	  200.0	    0.0	 1500.0	    0.0	  200.0	  100.0	    0.0	    0.0	    0.0	    0.0	   35.3	   19.7	  1	  750.0	  750.0	    0.0	    0.0	   35.3	1	  362.7	 21	    0.0	    0.0	
  292	  33.30	    0.0	 1500.0	    0.0	  615.8	 1274.8	    0.0	  200.0	    0.0	 1500.0	    0.0	  200.0	  100.0	    0.0	    0.0	    0.0	    0.0	   35.4	   19.8	  1	  750.0	  750.0	    0.0	    0.0	   35.4	1	  362.9	 21	    0.0	    0.0	
  293	  33.40	    0.0	 1500.0	    0.0	  615.8	 1274.8	    0.0	  200.0	    0.0	 1500.0	    0.0	  200.0	  100.0	    0.0	    0.0	    0.0	    0.0	   35.5	   19.9	  1	  750.0	  750.0	    0.0	    0.0	   35.5	1	  363.1	 21	    0.0	    0.0	
  294	  33.50	    0.0	 1500.0	    0.0	  615.8	 1274.8	    0.0	  200.0	    0.0	 1500.0	    0.0	  200.0	  100.0	    0.0	    0.0	    0.0	    0.0	   35.6	   19.9	  1	  750.0	  750.0	    0.0	    0.0	   35.6	1	  363.3	 21	    0.0	    0.0	
  295	  33.60	    0.0	 1500.0	    0.0	  616.8	 1275.6	    0.0	  200.0	    0.0	 1500.0	    0.0	  200.0	  100.0	    0.0	    0.0	    0.0	    0.0	   35.7	   20.0	  1	  750.0	  750.0	    0.0	    0.0	   35.7	1	  363.5	 21	    0.0	    0.0	
  296	  33.70	    0.0	 1500.0	    0.0	  616.8	 1275.6	    0.0	  200.0	    0.0	 1500.0	    0.0	  200.0	  100.0	    0.0	    0.0	    0.0	    0.0	   35.8	   20.1	  1	  750.0	  750.0	    0.0	    0.0	   35.8	1	  363.7	 21	    0.0	    0.0	
  297	  33.80	    0.0	 1500.0	    0.0	  616.8	 1275.6	    0.0	  200.0	    0.0	 1500.0	    0.0	  200.0	  100.0	    0.0	    0.0	    0.0	    0.0	   35.9	   20.1	  1	  750.0	  750.0	    0.0	    0.0	   35.9	1	  363.9	 21	    0.0	    0.0	
  298	  33.90	    0.0	 1500.0	    0.0	  616.8	 1275.6	    0.0	  200.0	    0.0	 1500.0	    0.0	  200.0	  100.0	    0.0	    0.0	    0.0	    0.0	   36.0	   20.2	  1	  750.0	  750.0	    0.0	    0.0	   36.0	1	  364.1	 21	    0.0	    0.0	
  299	  34.00	    0.0	 1500.0	    0.0	  616.8	 1275.6	    0.0	  200.0	    0.0	 1500.0	    0.0	  200.0	  100.0	    0.0	    0.0	    0.0	    0.0	   36.2	   20.3	  1	  750.0	  750.0	    0.0	    0.0	   36.2	1	  364.3	 21	    0.0	    0.0	
  300	  34.10	    0.0	 1500.0	    0.0	  616.8	 1275.6	    0.0	  200.0	    0.0	 1500.0	    0.0	  200.0	  100.0	    0.0	    0.0	    0.0	    0.0	   36.3	   20.3	  1	  750.0	  750.0	    0.0	    0.0	   36.3	1	  364.5	 21	    0.0	    0.0	
  301	  34.20	    0.0	 1500.0	    0.0	  617.5	 1275.4	    0.0	  200.0	    0.0	 1500.0	    0.0	  200.0	  100.0	    0.0	    0.0	    0.0	    0.0	   36.4	   20.4	  1	  750.0	  750.0	    0.0	    0.0	   36.4	1	  364.9	 21	    0.0	    0.0	
  302	  34.30	    0.0	 1500.0	    0.0	  617.5	 1275.4	    0.0	  200.0	    0.0	 1500.0	    0.0	  200.0	  100.0	    0.0	    0.0	    0.0	    0.0	   36.5	   20.5	  1	  750.0	  750.0	    0.0	    0.0	   36.5	1	  365.1	 21	    0.0	    0.0	
  303	  34.40	    0.0	 1500.0	    0.0	  617.5	 1275.4	    0.0	  200.0	    0.0	 1500.0	    0.0	  200.0	  100.0	    0.0	    0.0	    0.0	    0.0	   36.6	   20.6	  1	  750.0	  750.0	    0.0	    0.0	   36.6	1	  365.3	 21	    0.0	    0.0	
  304	  34.50	    0.0	 1500.0	    0.0	  617.5	 1275.4	    0.0	  200.0	    0.0	 1500.0	    0.0	  200.0	  100.0	    0.0	    0.0	    0.0	    0.0	   36.7	   20.6	  1	  750.0	  750.0	    0.0	    0.0	   36.7	1	  365.5	 21	    0.0	    0.0	
  305	  34.60	    0.0	 1500.0	    0.0	  617.6	 1277.7	    0.0	  200.0	    0.0	 1500.0	    0.0	  200.0	  100.0	    0.0	    0.0	    0.0	    0.0	   36.8	   20.7	  1	  750.0	 1450.0	    0.0	    0.0	   36.8	1	  299.6	 21	    0.0	    0.0	
  306	  34.70	    0.0	 1500.0	    0.0	  617.8	 1277.6	    0.0	  200.0	    0.0	 1500.0	    0.0	  200.0	  100.0	    0.0	    0.0	    0.0	    0.0	   37.0	   20.8	  1	  750.0	 1450.0	    0.0	    0.0	   37.0	1	  299.6	 21	    0.0	    0.0	
  307	  34.80	    0.0	 1500.0	    0.0	  617.8	 1277.6	    0.0	  200.0	    0.0	 1500.0	    0.0	  200.0	  100.0	    0.0	    0.0	    0.0	    0.0	   37.1	   20.8	  1	  750.0	 1450.0	    0.0	    0.0	   37.1	1	  299.6	 21	    0.0	    0.0	
  308	  34.90	    0.0	 1500.0	    0.0	  617.8	 1277.6	    0.0	  200.0	    0.0	 1500.0	    0.0	  200.0	  100.0	    0.0	    0.0	    0.0	    0.0	   37.2	   20.9	  1	  750.0	 1450.0	    0.0	    0.0	   37.2	1	  299.6	 21	    0.0	    0.0	
  309	  35.00	    0.0	 1500.0	    0.0	  617.8	 1277.6	    0.0	  200.0	    0.0	 1500.0	    0.0	  200.0	  100.0	    0.0	    0.0	    0.0	    0.0	   37.3	   21.0	  1	  750.0	 1450.0	    0.0	    0.0	   37.3	1	  299.6	 21	    0.0	    0.0	
  310	  35.10	    0.0	 1500.0	    0.0	  617.8	 1277.6	    0.0	  200.0	    0.0	 1500.0	    0.0	  200.0	  100.0	    0.0	    0.0	    0.0	    0.0	   37.4	   21.0	  1	  750.0	 1450.0	    0.0	    0.0	   37.4	1	  299.6	 21	    0.0	    0.0	
  311	  35.20	    0.0	 1500.0	    0.0	  617.8	 1277.6	    0.0	  200.0	    0.0	 1500.0	    0.0	  200.0	  100.0	    0.0	    0.0	    0.0	    0.0	   37.5	   21.1	  1	  750.0	 1450.0	    0.0	    0.0	   37.5	1	  299.6	 21	    0.0	    0.0	
  312	  35.30	    0.0	 1500.0	    0.0	  617.8	 1277.6	    0.0	  200.0	    0.0	 1500.0	    0.0	  200.0	  100.0	    0.0	    0.0	    0.0	    0.0	   37.6	   21.2	  1	  750.0	 1450.0	    0.0	    0.0	   37.6	1	  299.6	 21	    0.0	    0.0	
  313	  35.40	    0.0	 1500.0	    0.0	  617.9	 1276.4	    0.0	  200.0	    0.0	 1500.0	    0.0	  200.0	  100.0	    0.0	    0.0	    0.0	    0.0	   37.8	   21.2	  1	  750.0	 1450.0	    0.0	    0.0	   37.8	1	  299.6	 21	    0.0	    0.0	
  314	  35.50	    0.0	 1500.0	    0.0	  617.9	 1276.4	    0.0	  200.0	    0.0	 1500.0	    0.0	  200.0	  100.0	    0.0	    0.0	    0.0	    0.0	   37.9	   21.3	  1	  750.0	 1450.0	    0.0	    0.0	   37.9	1	  299.6	 21	    0.0	    0.0	
  315	  35.60	    0.0	 1500.0	    0.0	  617.9	 1276.4	    0.0	  200.0	    0.0	 1500.0	    0.0	  200.0	  100.0	    0.0	    0.0	    0.0	    0.0	   38.0	   21.4	  1	  750.0	 1450.0	    0.0	    0.0	   38.0	1	  299.6	 21	    0.0	    0.0	
  316	  35.70	    0.0	 1500.0	    0.0	  617.9	 1276.4	    0.0	  200.0	    0.0	 1500.0	    0.0	  200.0	  100.0	    0.0	    0.0	    0.0	    0.0	   38.1	   21.4	  1	  750.0	 1450.0	    0.0	    0.0	   38.1	1	  299.6	 21	    0.0	    0.0	
