    1	   0.10	    0.0	    0.0	    0.0	    0.0	    0.0	    0.0	    0.0	    0.0	    0.0	    0.0	    0.0	  100.0	   99.9	    0.0	    0.0	    0.0	    0.0	    0.1	  1	 -750.0	  750.0	   99.9	    0.0	    0.0	1	  967.7	 21	    0.0	    5.0	
    2	   0.20	    0.0	    0.0	  -91.1	    0.0	    0.0	    0.0	    0.0	    0.0	    0.0	    0.0	    0.0	  100.0	   99.4	    0.0	    0.0	    0.0	    0.0	    0.1	  1	  -50.0	 1250.0	   99.4	    0.0	    0.0	1	 1173.9	 21	    0.0	    5.0	
    3	   0.30	    0.0	    0.0	  -90.0	    0.0	    0.0	    0.0	    0.0	    0.0	    0.0	    0.0	    0.0	  100.0	   98.9	    0.0	    0.0	    0.0	    0.0	    0.2	  1	  -50.0	 1250.0	   98.9	    0.0	    0.0	1	 1173.9	 21	    0.0	    5.0	
    4	   0.40	    0.0	    0.0	  -90.0	    0.0	    0.0	    0.0	    0.0	    0.0	    0.0	    0.0	    0.0	  100.0	   98.4	    0.0	    0.0	    0.0	    0.0	    0.3	  1	  -50.0	 1250.0	   98.4	    0.0	    0.0	1	 1173.9	 21	    0.0	    5.0	
    5	   0.50	    0.0	    0.0	  -90.0	    0.0	    0.0	    0.0	    0.0	    0.0	    0.0	    0.0	    0.0	  100.0	   97.9	    0.0	    0.0	    0.0	    0.0	    0.4	  1	  -50.0	 1250.0	   97.9	    0.0	    0.0	1	 1173.9	 21	    0.0	    5.0	
    6	   0.60	    0.0	    0.0	  -90.0	    0.0	    0.0	    0.0	    0.0	    0.0	    0.0	    0.0	    0.0	  100.0	   97.4	    0.0	    0.0	    0.0	    0.0	    0.4	  1	  -50.0	 1250.0	   97.4	    0.0	    0.0	1	 1173.9	 21	    0.0	    5.0	
    7	   0.70	    0.0	    0.0	  -90.0	    0.0	    0.0	    0.0	    0.0	    0.0	    0.0	    0.0	    0.0	  100.0	   96.9	    0.0	    0.0	    0.0	    0.0	    0.5	  1	  -50.0	 1250.0	   96.9	    0.0	    0.0	1	 1173.9	 21	    0.0	    5.0	
    8	   0.80	    0.0	    0.0	  -90.0	    0.0	    0.0	    0.0	    0.0	    0.0	    0.0	    0.0	    0.0	  100.0	   96.4	    0.0	    0.0	    0.0	    0.0	    0.6	  1	  -50.0	 1250.0	   96.4	    0.0	    0.0	1	 1173.9	 21	    0.0	    5.0	
    9	   0.90	    0.0	    0.0	  -90.0	    0.0	    0.0	    0.0	    0.0	    0.0	    0.0	    0.0	    0.0	  100.0	   95.9	    0.0	    0.0	    0.0	    0.0	    0.6	  1	  -50.0	 1250.0	   95.9	    0.0	    0.0	1	 1173.9	 21	    0.0	    5.0	
   10	   1.00	    0.0	    0.0	  -90.0	    0.0	    0.0	    0.0	    0.0	    0.0	    0.0	    0.0	    0.0	  100.0	   95.4	    0.0	    0.0	    0.0	    0.0	    0.7	  1	  -50.0	 1250.0	   95.4	    0.0	    0.0	1	 1173.9	 21	    0.0	    5.0	
   11	   1.10	    0.0	    0.0	  -90.0	    0.0	    0.0	    0.0	    0.0	    0.0	    0.0	    0.0	    0.0	  100.0	   94.9	    0.0	    0.0	    0.0	    0.0	    0.8	  1	  -50.0	 1250.0	   94.9	    0.0	    0.0	1	 1173.9	 21	    0.0	    5.0	
   12	   1.20	    0.0	    0.0	  -90.0	    0.0	    0.0	    0.0	    0.0	    0.0	    0.0	    0.0	    0.0	  100.0	   94.4	    0.0	    0.0	    0.0	    0.0	    0.9	  1	  -50.0	 1250.0	   94.4	    0.0	    0.0	1	 1173.9	 21	    0.0	    5.0	
   13	   1.30	    0.0	    0.0	  -90.0	    0.0	    0.0	    0.0	    0.0	    0.0	    0.0	    0.0	    0.0	  100.0	   93.9	    0.0	    0.0	    0.0	    0.0	    0.9	  1	  -50.0	 1250.0	   93.9	    0.0	    0.0	1	 1173.9	 21	    0.0	    5.0	
   14	   1.40	    0.0	    0.0	  -90.0	    0.0	    0.0	    0.0	    0.0	    0.0	    0.0	    0.0	    0.0	  100.0	   93.4	    0.0	    0.0	    0.0	    0.0	    1.0	  1	  -50.0	 1250.0	   93.4	    0.0	    0.0	1	 1173.9	 21	    0.0	    5.0	
   15	   1.50	    0.0	    0.0	  -90.0	    0.0	    0.0	    0.0	    0.0	    0.0	    0.0	    0.0	    0.0	  100.0	   92.9	    0.0	    0.0	    0.0	    0.0	    1.1	  1	  -50.0	 1250.0	   92.9	    0.0	    0.0	1	 1173.9	 21	    0.0	    5.0	
   16	   1.60	    0.0	    0.0	  -90.0	    0.0	    0.0	    0.0	    0.0	    0.0	    0.0	    0.0	    0.0	  100.0	   92.4	    0.0	    0.0	    0.0	    0.0	    1.1	  1	  -50.0	 1250.0	   92.4	    0.0	    0.0	1	 1173.9	 21	    0.0	    5.0	
   17	   1.70	    0.0	    0.0	  -90.0	    0.0	    0.0	    0.0	    0.0	    0.0	    0.0	    0.0	    0.0	  100.0	   91.9	    0.0	    0.0	    0.0	    0.0	    1.2	  1	  -50.0	 1250.0	   91.9	    0.0	    0.0	1	 1173.9	 21	    0.0	    5.0	
   18	   1.80	    0.0	    0.0	  -90.0	    0.0	    0.0	    0.0	    0.0	    0.0	    0.0	    0.0	    0.0	  100.0	   91.4	    0.0	    0.0	    0.0	    0.0	    1.3	  1	  -50.0	 1250.0	   91.4	    0.0	    0.0	1	 1173.9	 21	    0.0	    5.0	
   19	   1.90	    0.0	    0.0	  -90.0	    0.0	    0.0	    0.0	    0.0	    0.0	    0.0	    0.0	    0.0	  100.0	   90.9	    0.0	    0.0	    0.0	    0.0	    1.4	  1	  -50.0	 1250.0	   90.9	    0.0	    0.0	1	 1173.9	 21	    0.0	    5.0	
   20	   2.00	    0.0	    0.0	  -90.0	    0.0	    0.0	    0.0	    0.0	    0.0	    0.0	    0.0	    0.0	  100.0	   90.4	    0.0	    0.0	    0.0	    0.0	    1.4	  1	  -50.0	 1250.0	   90.4	    0.0	    0.0	1	 1173.9	 21	    0.0	    5.0	
   21	   2.10	    0.0	    0.0	  -90.0	    0.0	    0.0	    0.0	    0.0	    0.0	    0.0	    0.0	    0.0	  100.0	   89.9	    0.0	    0.0	    0.0	    0.0	    1.5	  1	  -50.0	 1250.0	   89.9	    0.0	    0.0	1	 1173.9	 21	    0.0	    5.0	
   22	   2.20	    0.0	    0.0	  -90.0	    0.0	    0.0	    0.0	    0.0	    0.0	    0.0	    0.0	    0.0	  100.0	   89.4	    0.0	    0.0	    0.0	    0.0	    1.6	  1	  -50.0	 1250.0	   89.4	    0.0	    0.0	1	 1173.9	 21	    0.0	    5.0	
   23	   2.30	    0.0	    0.0	  -90.0	    0.0	    0.0	    0.0	    0.0	    0.0	    0.0	    0.0	    0.0	  100.0	   88.9	    0.0	    0.0	    0.0	    0.0	    1.6	  1	  -50.0	 1250.0	   88.9	    0.0	    0.0	1	 1173.9	 21	    0.0	    5.0	
   24	   2.40	    0.0	    0.0	  -90.0	    0.0	    0.0	    0.0	    0.0	    0.0	    0.0	    0.0	    0.0	  100.0	   88.4	    0.0	    0.0	    0.0	    0.0	    1.7	  1	  -50.0	 1250.0	   88.4	    0.0	    0.0	1	 1173.9	 21	    0.0	    5.0	
   25	   2.50	    0.0	    0.0	  -90.0	    0.0	    0.0	    0.0	    0.0	    0.0	    0.0	    0.0	    0.0	  100.0	   87.9	    0.0	    0.0	    0.0	    0.0	    1.8	  1	  -50.0	 1250.0	   87.9	    0.0	    0.0	1	 1173.9	 21	    0.0	    5.0	
   26	   2.60	    0.0	    0.0	  -90.0	    0.0	    0.0	    0.0	    0.0	    0.0	    0.0	    0.0	    0.0	  100.0	   87.4	    0.0	    0.0	    0.0	    0.0	    1.9	  1	  -50.0	 1250.0	   87.4	    0.0	    0.0	1	 1173.9	 21	    0.0	    5.0	
   27	   2.70	    0.0	    0.0	  -90.0	    0.0	    0.0	    0.0	    0.0	    0.0	    0.0	    0.0	    0.0	  100.0	   86.9	    0.0	    0.0	    0.0	    0.0	    1.9	  1	  -50.0	 1250.0	   86.9	    0.0	    0.0	1	 1173.9	 21	    0.0	    5.0	
   28	   2.80	    0.0	    0.0	  -90.0	    0.0	    0.0	    0.0	    0.0	    0.0	    0.0	    0.0	    0.0	  100.0	   86.4	    0.0	    0.0	    0.0	    0.0	    2.0	  1	  -50.0	 1250.0	   86.4	    0.0	    0.0	1	 1173.9	 21	    0.0	    5.0	
   29	   2.90	    0.0	    0.0	  -90.0	    0.0	    0.0	    0.0	    0.0	    0.0	    0.0	    0.0	    0.0	  100.0	   85.9	    0.0	    0.0	    0.0	    0.0	    2.1	  1	  -50.0	 1250.0	   85.9	    0.0	    0.0	1	 1173.9	 21	    0.0	    5.0	
   30	   3.00	    0.0	    0.0	  -90.0	    0.0	    0.0	    0.0	    0.0	    0.0	    0.0	    0.0	    0.0	  100.0	   85.4	    0.0	    0.0	    0.0	    0.0	    2.1	  1	  -50.0	 1250.0	   85.4	    0.0	    0.0	1	 1173.9	 21	    0.0	    5.0	
   31	   3.10	    0.0	    0.0	  -90.0	    0.0	    0.0	    0.0	    0.0	    0.0	    0.0	    0.0	    0.0	  100.0	   84.9	    0.0	    0.0	    0.0	    0.0	    2.2	  1	  -50.0	 1250.0	   84.9	    0.0	    0.0	1	 1173.9	 21	    0.0	    5.0	
   32	   3.20	    0.0	    0.0	  -90.0	    0.0	    0.0	    0.0	    0.0	    0.0	    0.0	    0.0	    0.0	  100.0	   84.4	    0.0	    0.0	    0.0	    0.0	    2.3	  1	  -50.0	 1250.0	   84.4	    0.0	    0.0	1	 1173.9	 21	    0.0	    5.0	
   33	   3.30	    0.0	    0.0	  -90.0	    0.0	    0.0	    0.0	    0.0	    0.0	    0.0	    0.0	    0.0	  100.0	   83.9	    0.0	    0.0	    0.0	    0.0	    2.4	  1	  -50.0	 1250.0	   83.9	    0.0	    0.0	1	 1173.9	 21	    0.0	    5.0	
   34	   3.40	    0.0	    0.0	  -90.0	    0.0	    0.0	    0.0	    0.0	    0.0	    0.0	    0.0	    0.0	  100.0	   83.4	    0.0	    0.0	    0.0	    0.0	    2.4	  1	  -50.0	 1250.0	   83.4	    0.0	    0.0	1	 1173.9	 21	    0.0	    5.0	
   35	   3.50	    0.0	    0.0	  -90.0	    0.0	    0.0	    0.0	    0.0	    0.0	    0.0	    0.0	    0.0	  100.0	   82.9	    0.0	    0.0	    0.0	    0.0	    2.5	  1	  -50.0	 1250.0	   82.9	    0.0	    0.0	1	 1173.1	 21	    0.0	    5.0	
   36	   3.60	    0.0	    0.0	  -91.0	    0.0	    0.0	    0.0	    0.0	    0.0	    0.0	    0.0	    0.0	  100.0	   82.4	    0.0	    0.0	    0.0	    0.0	    2.6	  1	  -50.0	 1250.0	   82.4	    0.0	    0.0	1	 1172.3	 21	    0.0	    5.0	
   37	   3.70	    0.0	    0.0	  -92.5	    0.0	    0.0	    0.0	    0.0	    0.0	    0.0	    0.0	    0.0	  100.0	   81.9	    0.0	    0.0	    0.0	    0.0	    2.6	  1	  -50.0	 1250.0	   81.9	    0.0	    0.0	1	 1171.5	 21	    0.0	    5.0	
   38	   3.80	    0.0	    0.0	  -94.5	    0.0	    0.0	    0.0	    0.0	    0.0	    0.0	    0.0	    0.0	  100.0	   81.4	    0.0	    0.0	    0.0	    0.0	    2.7	  1	  -50.0	 1250.0	   81.4	    0.0	    0.0	1	 1170.7	 21	    0.0	    5.0	
   39	   3.90	    0.0	    0.0	  -97.0	    0.0	    0.0	    0.0	    0.0	    0.0	    0.0	    0.0	    0.0	  100.0	   80.9	    0.0	    0.0	    0.0	    0.0	    2.8	  1	  -50.0	 1250.0	   80.9	    0.0	    0.0	1	 1169.9	 21	    0.0	    5.0	
   40	   4.00	    0.0	    0.0	 -100.3	    0.0	    0.0	    0.0	    0.0	    0.0	    0.0	    0.0	    0.0	  100.0	   80.4	    0.0	    0.0	    0.0	    0.0	    2.9	  1	  -50.0	 1250.0	   80.4	    0.0	    0.0	1	 1169.0	 21	    0.0	    5.0	
   41	   4.10	    0.0	    0.0	 -104.4	    0.0	    0.0	    0.0	    0.0	    0.0	    0.0	    0.0	    0.0	  100.0	   79.9	    0.0	    0.0	    0.0	    0.0	    2.9	  1	  -50.0	 1250.0	   79.9	    0.0	    0.0	1	 1168.2	 21	    0.0	    5.0	
   42	   4.20	    0.0	    0.0	 -109.6	    0.0	    0.0	    0.0	    0.0	    0.0	    0.0	    0.0	    0.0	  100.0	   79.4	    0.0	    0.0	    0.0	    0.0	    3.0	  1	  -50.0	 1250.0	   79.4	    0.0	    0.0	1	 1167.4	 21	    0.0	    5.0	
   43	   4.30	    0.0	    0.0	 -115.9	    0.0	    0.0	    0.0	    0.0	    0.0	    0.0	    0.0	    0.0	  100.0	   78.9	    0.0	    0.0	    0.0	    0.0	    3.1	  1	  -50.0	 1250.0	   78.9	    0.0	    0.0	1	 1166.5	 21	    0.0	    5.0	
   44	   4.40	    0.0	    0.0	 -123.2	    0.0	    0.0	    0.0	    0.0	    0.0	    0.0	    0.0	    0.0	  100.0	   78.4	    0.0	    0.0	    0.0	    0.0	    3.1	  1	  -50.0	 1250.0	   78.4	    0.0	    0.0	1	 1165.7	 21	    0.0	    5.0	
   45	   4.50	    0.0	    0.0	 -131.1	    0.0	    0.0	    0.0	    0.0	    0.0	    0.0	    0.0	    0.0	  100.0	   77.9	    0.0	    0.0	    0.0	    0.0	    3.2	  1	  -50.0	 1250.0	   77.9	    0.0	    0.0	1	 1164.8	 21	    0.0	    5.0	
   46	   4.60	    0.0	    0.0	 -139.2	    0.0	    0.0	    0.0	    0.0	    0.0	    0.0	    0.0	    0.0	  100.0	   77.4	    0.0	    0.0	    0.0	    0.0	    3.3	  1	  -50.0	 1250.0	   77.4	    0.0	    0.0	1	 1163.9	 21	    0.0	    5.0	
   47	   4.70	    0.0	    0.0	 -146.9	    0.0	    0.0	    0.0	    0.0	    0.0	    0.0	    0.0	    0.0	  100.0	   76.9	    0.0	    0.0	    0.0	    0.0	    3.4	  1	  -50.0	 1250.0	   76.9	    0.0	    0.0	1	 1163.1	 21	    0.0	    5.0	
   48	   4.80	    0.0	    0.0	 -153.7	    0.0	    0.0	    0.0	    0.0	    0.0	    0.0	    0.0	    0.0	  100.0	   76.4	    0.0	    0.0	    0.0	    0.0	    3.4	  1	  -50.0	 1250.0	   76.4	    0.0	    0.0	1	 1162.2	 21	    0.0	    5.0	
   49	   4.90	    0.0	    0.0	 -159.4	    0.0	    0.0	    0.0	    0.0	    0.0	    0.0	    0.0	    0.0	  100.0	   75.9	    0.0	    0.0	    0.0	    0.0	    3.5	  1	  -50.0	 1250.0	   75.9	    0.0	    0.0	1	 1161.3	 21	    0.0	    5.0	
   50	   5.00	    0.0	    0.0	 -164.1	    0.0	    0.0	    0.0	    0.0	    0.0	    0.0	    0.0	    0.0	  100.0	   75.4	    0.0	    0.0	    0.0	    0.0	    3.6	  1	  -50.0	 1250.0	   75.4	    0.0	    0.0	1	 1160.4	 21	    0.0	    5.0	
   51	   5.10	    0.0	    0.0	 -167.7	    0.0	    0.0	    0.0	    0.0	    0.0	    0.0	    0.0	    0.0	  100.0	   74.9	    0.0	    0.0	    0.0	    0.0	    3.6	  1	  -50.0	 1250.0	   74.9	    0.0	    0.0	1	 1159.5	 21	    0.0	    5.0	
   52	   5.20	    0.0	    0.0	 -170.6	    0.0	    0.0	    0.0	    0.0	    0.0	    0.0	    0.0	    0.0	  100.0	   74.4	    0.0	    0.0	    0.0	    0.0	    3.7	  1	  -50.0	 1250.0	   74.4	    0.0	    0.0	1	 1158.6	 21	    0.0	    5.0	
   53	   5.30	    0.0	    0.0	 -179.9	    0.0	    0.0	    0.0	    0.0	    0.0	    0.0	    0.0	    0.0	  100.0	   73.9	    0.0	    0.0	    0.0	    0.0	    3.8	  1	  -50.0	 1250.0	   73.9	    0.0	    0.0	1	 1157.7	 21	    0.0	    5.0	
   54	   5.40	    0.0	    0.0	 -180.0	    0.0	    0.0	    0.0	    0.0	    0.0	    0.0	    0.0	    0.0	  100.0	   73.4	    0.0	    0.0	    0.0	    0.0	    3.9	  1	  -50.0	 1250.0	   73.4	    0.0	    0.0	1	 1156.8	 21	    0.0	    5.0	
   55	   5.50	    0.0	    0.0	 -180.0	    0.0	    0.0	    0.0	    0.0	    0.0	    0.0	    0.0	    0.0	  100.0	   72.9	    0.0	    0.0	    0.0	    0.0	    3.9	  1	  -50.0	 1250.0	   72.9	    0.0	    0.0	1	 1155.9	 21	    0.0	    5.0	
   56	   5.60	    0.0	    0.0	 -180.0	    0.0	    0.0	    0.0	    0.0	    0.0	    0.0	    0.0	    0.0	  100.0	   72.4	    0.0	    0.0	    0.0	    0.0	    4.0	  1	  -50.0	 1250.0	   72.4	    0.0	    0.0	1	 1155.1	 21	    0.0	    5.0	
   57	   5.70	    0.0	    0.0	 -180.0	    0.0	    0.0	    0.0	    0.0	    0.0	    0.0	    0.0	    0.0	  100.0	   71.9	    0.0	    0.0	    0.0	    0.0	    4.1	  1	  -50.0	 1250.0	   71.9	    0.0	    0.0	1	 1154.5	 21	    0.0	    5.0	
   58	   5.80	    0.0	    0.0	 -180.0	    0.0	    0.0	    0.0	    0.0	    0.0	    0.0	    0.0	    0.0	  100.0	   71.4	    0.0	    0.0	    0.0	    0.0	    4.1	  1	  -50.0	 1250.0	   71.4	    0.0	    0.0	1	 1153.8	 21	    0.0	    5.0	
   59	   5.90	    0.0	    0.0	 -180.0	    0.0	    0.0	    0.0	    0.0	    0.0	    0.0	    0.0	    0.0	  100.0	   70.9	    0.0	    0.0	    0.0	    0.0	    4.2	  1	  -50.0	 1250.0	   70.9	    0.0	    0.0	1	 1153.1	 21	    0.0	    5.0	
   60	   6.00	    0.0	    0.0	 -180.0	    0.0	    0.0	    0.0	    0.0	    0.0	    0.0	    0.0	    0.0	  100.0	   70.4	    0.0	    0.0	    0.0	    0.0	    4.3	  1	  -50.0	 1250.0	   70.4	    0.0	    0.0	1	 1152.4	 21	    0.0	    5.0	
   61	   6.10	    0.0	    0.0	 -180.0	    0.0	    0.0	    0.0	    0.0	    0.0	    0.0	    0.0	    0.0	  100.0	   69.9	    0.0	    0.0	    0.0	    0.0	    4.4	  1	  -50.0	 1250.0	   69.9	    0.0	    0.0	1	 1151.7	 21	    0.0	    5.0	
   62	   6.20	    0.0	    0.0	 -179.9	    0.0	    0.0	    0.0	    0.0	    0.0	    0.0	    0.0	    0.0	  100.0	   69.4	    0.0	    0.0	    0.0	    0.0	    4.4	  1	  -50.0	 1250.0	   69.4	    0.0	    0.0	1	 1151.0	 21	    0.0	    5.0	
   63	   6.30	    0.0	    0.0	   -0.1	    0.0	    0.0	    0.0	    0.0	    0.0	    0.0	    0.0	    0.0	  100.0	   68.9	    0.0	    0.0	    0.0	    0.0	    4.5	  1	  -50.0	 1250.0	   68.9	    0.0	    0.0	1	 1150.3	 21	    0.0	    5.0	
   64	   6.40	    0.0	    0.0	   -0.0	    0.0	    0.0	    0.0	    0.0	    0.0	    0.0	    0.0	    0.0	  100.0	   68.4	    0.0	    0.0	    0.0	    0.0	    4.6	  1	  -50.0	 1250.0	   68.4	    0.0	    0.0	1	 1149.6	 21	    0.0	    5.0	
   65	   6.50	    0.0	    0.0	   -0.0	    0.0	    0.0	    0.0	    0.0	    0.0	    0.0	    0.0	    0.0	  100.0	   67.9	    0.0	    0.0	    0.0	    0.0	    4.6	  1	  -50.0	 1250.0	   67.9	    0.0	    0.0	1	 1148.9	 21	    0.0	    5.0	
   66	   6.60	    0.0	    0.0	   -0.0	    0.0	    0.0	    0.0	    0.0	    0.0	    0.0	    0.0	    0.0	  100.0	   67.4	    0.0	    0.0	    0.0	    0.0	    4.7	  1	  -50.0	 1250.0	   67.4	    0.0	    0.0	1	 1148.1	 21	    0.0	    5.0	
   67	   6.70	    0.0	    0.0	   -0.0	    0.0	    0.0	    0.0	    0.0	    0.0	    0.0	    0.0	    0.0	  100.0	   66.9	    0.0	    0.0	    0.0	    0.0	    4.8	  1	  -50.0	 1250.0	   66.9	    0.0	    0.0	1	 1147.3	 21	    0.0	    5.0	
   68	   6.80	    0.0	    0.0	   -0.0	    0.0	    0.0	    0.0	    0.0	    0.0	    0.0	    0.0	    0.0	  100.0	   66.4	    0.0	    0.0	    0.0	    0.0	    4.9	  1	  -50.0	 1250.0	   66.4	    0.0	    0.0	1	 1146.5	 21	    0.0	    5.0	
   69	   6.90	    0.0	    0.0	   -0.0	    0.0	    0.0	    0.0	    0.0	    0.0	    0.0	    0.0	    0.0	  100.0	   65.9	    0.0	    0.0	    0.0	    0.0	    4.9	  1	  -50.0	 1250.0	   65.9	    0.0	    0.0	1	 1145.6	 21	    0.0	    5.0	
   70	   7.00	    0.0	    0.0	   -0.0	    0.0	    0.0	    0.0	    0.0	    0.0	    0.0	    0.0	    0.0	  100.0	   65.4	    0.0	    0.0	    0.0	    0.0	    5.0	  1	  -50.0	 1250.0	   65.4	    0.0	    0.0	1	 1144.8	 21	    0.0	    5.0	
   71	   7.10	    0.0	    0.0	   -0.0	    0.0	    0.0	    0.0	    0.0	    0.0	    0.0	    0.0	    0.0	  100.0	   64.9	    0.0	    0.0	    0.0	    0.0	    5.1	  1	  -50.0	 1250.0	   64.9	    0.0	    0.0	1	 1144.0	 21	    0.0	    5.0	
   72	   7.20	    0.0	    0.0	   -0.0	    0.0	    0.0	    0.0	    0.0	    0.0	    0.0	    0.0	    0.0	  100.0	   64.4	    0.0	    0.0	    0.0	    0.0	    5.1	  1	  -50.0	 1250.0	   64.4	    0.0	    0.0	1	 1143.1	 21	    0.0	    5.0	
   73	   7.30	    0.0	    0.0	   -0.0	    0.0	    0.0	    0.0	    0.0	    0.0	    0.0	    0.0	    0.0	  100.0	   63.9	    0.0	    0.0	    0.0	    0.0	    5.2	  1	  -50.0	 1250.0	   63.9	    0.0	    0.0	1	 1142.3	 21	    0.0	    5.0	
   74	   7.40	    0.0	    0.0	   -0.0	    0.0	    0.0	    0.0	    0.0	    0.0	    0.0	    0.0	    0.0	  100.0	   63.4	    0.0	    0.0	    0.0	    0.0	    5.3	  1	  -50.0	 1250.0	   63.4	    0.0	    0.0	1	 1141.4	 21	    0.0	    5.0	
   75	   7.50	    0.0	    0.0	   -0.0	    0.0	    0.0	    0.0	    0.0	    0.0	    0.0	    0.0	    0.0	  100.0	   62.9	    0.0	    0.0	    0.0	    0.0	    5.4	  1	  -50.0	 1250.0	   62.9	    0.0	    0.0	1	 1140.5	 21	    0.0	    5.0	
   76	   7.60	    0.0	    0.0	   -0.0	    0.0	    0.0	    0.0	    0.0	    0.0	    0.0	    0.0	    0.0	  100.0	   62.4	    0.0	    0.0	    0.0	    0.0	    5.4	  1	  -50.0	 1250.0	   62.4	    0.0	    0.0	1	 1139.6	 21	    0.0	    5.0	
   77	   7.70	    0.0	    0.0	   -0.0	    0.0	    0.0	    0.0	    0.0	    0.0	    0.0	    0.0	    0.0	  100.0	   61.9	    0.0	    0.0	    0.0	    0.0	    5.5	  1	  -50.0	 1250.0	   61.9	    0.0	    0.0	1	 1138.6	 21	    0.0	    5.0	
   78	   7.80	    0.0	    0.0	   -0.0	    0.0	    0.0	    0.0	    0.0	    0.0	    0.0	    0.0	    0.0	  100.0	   61.4	    0.0	    0.0	    0.0	    0.0	    5.6	  1	  -50.0	 1250.0	   61.4	    0.0	    0.0	1	 1137.7	 21	    0.0	    5.0	
   79	   7.90	    0.0	    0.0	   -0.0	    0.0	    0.0	    0.0	    0.0	    0.0	    0.0	    0.0	    0.0	  100.0	   60.9	    0.0	    0.0	    0.0	    0.0	    5.6	  1	  -50.0	 1250.0	   60.9	    0.0	    0.0	1	 1136.7	 21	    0.0	    5.0	
   80	   8.00	    0.0	    0.0	   -0.0	    0.0	    0.0	    0.0	    0.0	    0.0	    0.0	    0.0	    0.0	  100.0	   60.4	    0.0	    0.0	    0.0	    0.0	    5.7	  1	  -50.0	 1250.0	   60.4	    0.0	    0.0	1	 1135.7	 21	    0.0	    5.0	
   81	   8.10	    0.0	    0.0	   -0.0	    0.0	    0.0	    0.0	    0.0	    0.0	    0.0	    0.0	    0.0	  100.0	   59.9	    0.0	    0.0	    0.0	    0.0	    5.8	  1	  -50.0	 1250.0	   59.9	    0.0	    0.0	1	 1134.8	 21	    0.0	    5.0	
   82	   8.20	    0.0	    0.0	   -0.0	    0.0	    0.0	    0.0	    0.0	    0.0	    0.0	    0.0	    0.0	  100.0	   59.4	    0.0	    0.0	    0.0	    0.0	    5.9	  1	  -50.0	 1250.0	   59.4	    0.0	    0.0	1	 1133.8	 21	    0.0	    5.0	
   83	   8.30	    0.0	    0.0	   -0.0	    0.0	    0.0	    0.0	    0.0	    0.0	    0.0	    0.0	    0.0	  100.0	   58.9	    0.0	    0.0	    0.0	    0.0	    5.9	  1	  -50.0	 1250.0	   58.9	    0.0	    0.0	1	 1132.8	 21	    0.0	    5.0	
   84	   8.40	    0.0	    0.0	   -0.0	    0.0	    0.0	    0.0	    0.0	    0.0	    0.0	    0.0	    0.0	  100.0	   58.4	    0.0	    0.0	    0.0	    0.0	    6.0	  1	  -50.0	 1250.0	   58.4	    0.0	    0.0	1	 1131.8	 21	    0.0	    5.0	
   85	   8.50	    0.0	    0.0	   -0.0	    0.0	    0.0	    0.0	    0.0	    0.0	    0.0	    0.0	    0.0	  100.0	   57.9	    0.0	    0.0	    0.0	    0.0	    6.1	  1	  -50.0	 1250.0	   57.9	    0.0	    0.0	1	 1130.8	 21	    0.0	    5.0	
   86	   8.60	    0.0	    0.0	   -0.0	    0.0	    0.0	    0.0	    0.0	    0.0	    0.0	    0.0	    0.0	  100.0	   57.4	    0.0	    0.0	    0.0	    0.0	    6.1	  1	  -50.0	 1250.0	   57.4	    0.0	    0.0	1	 1129.7	 21	    0.0	    5.0	
   87	   8.70	    0.0	    0.0	   -0.0	    0.0	    0.0	    0.0	    0.0	    0.0	    0.0	    0.0	    0.0	  100.0	   56.9	    0.0	    0.0	    0.0	    0.0	    6.2	  1	  -50.0	 1250.0	   56.9	    0.0	    0.0	1	 1128.7	 21	    0.0	    5.0	
   88	   8.80	    0.0	    0.0	   -0.0	    0.0	    0.0	    0.0	    0.0	    0.0	    0.0	    0.0	    0.0	  100.0	   56.4	    0.0	    0.0	    0.0	    0.0	    6.3	  1	  -50.0	 1250.0	   56.4	    0.0	    0.0	1	 1127.7	 21	    0.0	    5.0	
   89	   8.90	    0.0	    0.0	   -0.0	    0.0	    0.0	    0.0	    0.0	    0.0	    0.0	    0.0	    0.0	  100.0	   55.9	    0.0	    0.0	    0.0	    0.0	    6.4	  1	  -50.0	 1250.0	   55.9	    0.0	    0.0	1	 1126.6	 21	    0.0	    5.0	
   90	   9.00	    0.0	    0.0	   -0.0	    0.0	    0.0	    0.0	    0.0	    0.0	    0.0	    0.0	    0.0	  100.0	   55.4	    0.0	    0.0	    0.0	    0.0	    6.4	  1	  -50.0	 1250.0	   55.4	    0.0	    0.0	1	 1125.6	 21	    0.0	    5.0	
   91	   9.10	    0.0	    0.0	   -0.0	    0.0	    0.0	    0.0	    0.0	    0.0	    0.0	    0.0	    0.0	  100.0	   54.9	    0.0	    0.0	    0.0	    0.0	    6.5	  1	  -50.0	 1250.0	   54.9	    0.0	    0.0	1	 1124.5	 21	    0.0	    5.0	
   92	   9.20	    0.0	    0.0	   -0.0	    0.0	    0.0	    0.0	    0.0	    0.0	    0.0	    0.0	    0.0	  100.0	   54.4	    0.0	    0.0	    0.0	    0.0	    6.6	  1	  -50.0	 1250.0	   54.4	    0.0	    0.0	1	 1123.4	 21	    0.0	    5.0	
   93	   9.30	    0.0	    0.0	   -0.0	    0.0	    0.0	    0.0	    0.0	    0.0	    0.0	    0.0	    0.0	  100.0	   53.9	    0.0	    0.0	    0.0	    0.0	    6.6	  1	  -50.0	 1250.0	   53.9	    0.0	    0.0	1	 1122.3	 21	    0.0	    5.0	
   94	   9.40	    0.0	    0.0	   -0.0	    0.0	    0.0	    0.0	    0.0	    0.0	    0.0	    0.0	    0.0	  100.0	   53.4	    0.0	    0.0	    0.0	    0.0	    6.7	  1	  -50.0	 1250.0	   53.4	    0.0	    0.0	1	 1121.2	 21	    0.0	    5.0	
   95	   9.50	    0.0	    0.0	   -0.0	    0.0	    0.0	    0.0	    0.0	    0.0	    0.0	    0.0	    0.0	  100.0	   52.9	    0.0	    0.0	    0.0	    0.0	    6.8	  1	  -50.0	 1250.0	   52.9	    0.0	    0.0	1	 1120.1	 21	    0.0	    5.0	
   96	   9.60	    0.0	    0.0	   -0.0	    0.0	    0.0	    0.0	    0.0	    0.0	    0.0	    0.0	    0.0	  100.0	   52.4	    0.0	    0.0	    0.0	    0.0	    6.9	  1	  -50.0	 1250.0	   52.4	    0.0	    0.0	1	 1119.0	 21	    0.0	    5.0	
   97	   9.70	    0.0	    0.0	   -0.0	    0.0	    0.0	    0.0	    0.0	    0.0	    0.0	    0.0	    0.0	  100.0	   51.9	    0.0	    0.0	    0.0	    0.0	    6.9	  1	  -50.0	 1250.0	   51.9	    0.0	    0.0	1	 1117.9	 21	    0.0	    5.0	
   98	   9.80	    0.0	    0.0	   -0.0	    0.0	    0.0	    0.0	    0.0	    0.0	    0.0	    0.0	    0.0	  100.0	   51.4	    0.0	    0.0	    0.0	    0.0	    7.0	  1	  -50.0	 1250.0	   51.4	    0.0	    0.0	1	 1116.8	 21	    0.0	    5.0	
   99	   9.90	    0.0	    0.0	   -0.0	    0.0	    0.0	    0.0	    0.0	    0.0	    0.0	    0.0	    0.0	  100.0	   50.9	    0.0	    0.0	    0.0	    0.0	    7.1	  1	  -50.0	 1250.0	   50.9	    0.0	    0.0	1	 1115.7	 21	    0.0	    5.0	
  100	  10.00	    0.0	    0.0	   -0.0	    0.0	    0.0	    0.0	    0.0	    0.0	    0.0	    0.0	    0.0	  100.0	   50.4	    0.0	    0.0	    0.0	    0.0	    7.1	  1	  -50.0	 1250.0	   50.4	    0.0	    0.0	1	 1114.6	 21	    0.0	    5.0	
  101	  10.10	    0.0	    0.0	   -0.0	    0.0	    0.0	    0.0	    0.0	    0.0	    0.0	    0.0	    0.0	  100.0	   49.9	    0.0	    0.0	    0.0	    0.0	    7.2	  1	  -50.0	 1250.0	   49.9	    0.0	    0.0	1	 1113.4	 21	    0.0	    5.0	
  102	  10.20	    0.0	    0.0	   -0.0	    0.0	    0.0	    0.0	    0.0	    0.0	    0.0	    0.0	    0.0	  100.0	   49.4	    0.0	    0.0	    0.0	    0.0	    7.3	  1	  -50.0	 1250.0	   49.4	    0.0	    0.0	1	 1112.3	 21	    0.0	    5.0	
  103	  10.30	    0.0	    0.0	   -0.0	    0.0	    0.0	    0.0	    0.0	    0.0	    0.0	    0.0	    0.0	  100.0	   48.9	    0.0	    0.0	    0.0	    0.0	    7.4	  1	  -50.0	 1250.0	   48.9	    0.0	    0.0	1	 1111.1	 21	    0.0	    5.0	
  104	  10.40	    0.0	    0.0	   -0.0	    0.0	    0.0	    0.0	    0.0	    0.0	    0.0	    0.0	    0.0	  100.0	   48.4	    0.0	    0.0	    0.0	    0.0	    7.4	  1	  -50.0	 1250.0	   48.4	    0.0	    0.0	1	 1109.9	 21	    0.0	    5.0	
  105	  10.50	    0.0	    0.0	   -0.0	    0.0	    0.0	    0.0	    0.0	    0.0	    0.0	    0.0	    0.0	  100.0	   47.9	    0.0	    0.0	    0.0	    0.0	    7.5	  1	  -50.0	 1250.0	   47.9	    0.0	    0.0	1	 1108.8	 21	    0.0	    5.0	
  106	  10.60	    0.0	    0.0	   -0.0	    0.0	    0.0	    0.0	    0.0	    0.0	    0.0	    0.0	    0.0	  100.0	   47.4	    0.0	    0.0	    0.0	    0.0	    7.6	  1	  -50.0	 1250.0	   47.4	    0.0	    0.0	1	 1107.6	 21	    0.0	    5.0	
  107	  10.70	    0.0	    0.0	   -0.0	    0.0	    0.0	    0.0	    0.0	    0.0	    0.0	    0.0	    0.0	  100.0	   46.9	    0.0	    0.0	    0.0	    0.0	    7.6	  1	  -50.0	 1250.0	   46.9	    0.0	    0.0	1	 1106.4	 21	    0.0	    5.0	
  108	  10.80	    0.0	    0.0	   -0.0	    0.0	    0.0	    0.0	    0.0	    0.0	    0.0	    0.0	    0.0	  100.0	   46.4	    0.0	    0.0	    0.0	    0.0	    7.7	  1	  -50.0	 1250.0	   46.4	    0.0	    0.0	1	 1105.3	 21	    0.0	    5.0	
  109	  10.90	    0.0	    0.0	   -0.0	    0.0	    0.0	    0.0	    0.0	    0.0	    0.0	    0.0	    0.0	  100.0	   45.9	    0.0	    0.0	    0.0	    0.0	    7.8	  1	  -50.0	 1250.0	   45.9	    0.0	    0.0	1	 1104.1	 21	    0.0	    5.0	
  110	  11.00	    0.0	    0.0	   -0.0	    0.0	    0.0	    0.0	    0.0	    0.0	    0.0	    0.0	    0.0	  100.0	   45.4	    0.0	    0.0	    0.0	    0.0	    7.9	  1	  -50.0	 1250.0	   45.4	    0.0	    0.0	1	 1102.9	 21	    0.0	    5.0	
  111	  11.10	    0.0	    0.0	   -0.0	    0.0	    0.0	    0.0	    0.0	    0.0	    0.0	    0.0	    0.0	  100.0	   44.9	    0.0	    0.0	    0.0	    0.0	    7.9	  1	  -50.0	 1250.0	   44.9	    0.0	    0.0	1	 1101.7	 21	    0.0	    5.0	
  112	  11.20	    0.0	    0.0	   -0.0	    0.0	    0.0	    0.0	    0.0	    0.0	    0.0	    0.0	    0.0	  100.0	   44.4	    0.0	    0.0	    0.0	    0.0	    8.0	  1	  -50.0	 1250.0	   44.4	    0.0	    0.0	1	 1100.5	 21	    0.0	    5.0	
  113	  11.30	    0.0	    0.0	   -0.0	    0.0	    0.0	    0.0	    0.0	    0.0	    0.0	    0.0	    0.0	  100.0	   43.9	    0.0	    0.0	    0.0	    0.0	    8.1	  1	  -50.0	 1250.0	   43.9	    0.0	    0.0	1	 1099.2	 21	    0.0	    5.0	
  114	  11.40	    0.0	    0.0	   -0.0	    0.0	    0.0	    0.0	    0.0	    0.0	    0.0	    0.0	    0.0	  100.0	   43.4	    0.0	    0.0	    0.0	    0.0	    8.1	  1	  -50.0	 1250.0	   43.4	    0.0	    0.0	1	 1098.0	 21	    0.0	    5.0	
  115	  11.50	    0.0	    0.0	   -0.0	    0.0	    0.0	    0.0	    0.0	    0.0	    0.0	    0.0	    0.0	  100.0	   42.9	    0.0	    0.0	    0.0	    0.0	    8.2	  1	  -50.0	 1250.0	   42.9	    0.0	    0.0	1	 1096.8	 21	    0.0	    5.0	
  116	  11.60	    0.0	    0.0	   -0.0	    0.0	    0.0	    0.0	    0.0	    0.0	    0.0	    0.0	    0.0	  100.0	   42.4	    0.0	    0.0	    0.0	    0.0	    8.3	  1	  -50.0	 1250.0	   42.4	    0.0	    0.0	1	 1095.6	 21	    0.0	    5.0	
  117	  11.70	    0.0	    0.0	   -0.0	    0.0	    0.0	    0.0	    0.0	    0.0	    0.0	    0.0	    0.0	  100.0	   41.9	    0.0	    0.0	    0.0	    0.0	    8.4	  1	  -50.0	 1250.0	   41.9	    0.0	    0.0	1	 1094.3	 21	    0.0	    5.0	
  118	  11.80	    0.0	    0.0	   -0.0	    0.0	    0.0	    0.0	    0.0	    0.0	    0.0	    0.0	    0.0	  100.0	   41.4	    0.0	    0.0	    0.0	    0.0	    8.4	  1	  -50.0	 1250.0	   41.4	    0.0	    0.0	1	 1093.1	 21	    0.0	    5.0	
  119	  11.90	    0.0	    0.0	   -0.0	    0.0	    0.0	    0.0	    0.0	    0.0	    0.0	    0.0	    0.0	  100.0	   40.9	    0.0	    0.0	    0.0	    0.0	    8.5	  1	  -50.0	 1250.0	   40.9	    0.0	    0.0	1	 1091.8	 21	    0.0	    5.0	
  120	  12.00	    0.0	    0.0	   -0.0	    0.0	    0.0	    0.0	    0.0	    0.0	    0.0	    0.0	    0.0	  100.0	   40.4	    0.0	    0.0	    0.0	    0.0	    8.6	  1	  -50.0	 1250.0	   40.4	    0.0	    0.0	1	 1090.6	 21	    0.0	    5.0	
  121	  12.10	    0.0	    0.0	   -0.0	    0.0	    0.0	    0.0	    0.0	    0.0	    0.0	    0.0	    0.0	  100.0	   39.9	    0.0	    0.0	    0.0	    0.0	    8.6	  1	  -50.0	 1250.0	   39.9	    0.0	    0.0	1	 1089.3	 21	    0.0	    5.0	
  122	  12.20	    0.0	    0.0	   -0.0	    0.0	    0.0	    0.0	    0.0	    0.0	    0.0	    0.0	    0.0	  100.0	   39.4	    0.0	    0.0	    0.0	    0.0	    8.7	  1	  -50.0	 1250.0	   39.4	    0.0	    0.0	1	 1088.1	 21	    0.0	    5.0	
  123	  12.30	    0.0	    0.0	   -0.0	    0.0	    0.0	    0.0	    0.0	    0.0	    0.0	    0.0	    0.0	  100.0	   38.9	    0.0	    0.0	    0.0	    0.0	    8.8	  1	  -50.0	 1250.0	   38.9	    0.0	    0.0	1	 1086.8	 21	    0.0	    5.0	
  124	  12.40	    0.0	    0.0	   -0.0	    0.0	    0.0	    0.0	    0.0	    0.0	    0.0	    0.0	    0.0	  100.0	   38.4	    0.0	    0.0	    0.0	    0.0	    8.9	  1	  -50.0	 1250.0	   38.4	    0.0	    0.0	1	 1085.5	 21	    0.0	    5.0	
  125	  12.50	    0.0	    0.0	   -0.0	    0.0	    0.0	    0.0	    0.0	    0.0	    0.0	    0.0	    0.0	  100.0	   37.9	    0.0	    0.0	    0.0	    0.0	    8.9	  1	  -50.0	 1250.0	   37.9	    0.0	    0.0	1	 1084.3	 21	    0.0	    5.0	
  126	  12.60	    0.0	    0.0	   -0.0	    0.0	    0.0	    0.0	    0.0	    0.0	    0.0	    0.0	    0.0	  100.0	   37.4	    0.0	    0.0	    0.0	    0.0	    9.0	  1	  -50.0	 1250.0	   37.4	    0.0	    0.0	1	 1083.0	 21	    0.0	    5.0	
  127	  12.70	    0.0	 1500.0	    0.0	    0.0	 1500.0	    0.0	  200.0	    0.0	 1500.0	    0.0	  200.0	  100.0	   45.2	    0.0	    0.0	    0.0	    0.0	    8.6	  1	  -50.0	 2250.0	   45.2	    0.0	    0.0	1	  421.4	 21	 1209.3	 -190.7	
  128	  12.80	    0.0	 1500.0	   89.2	    0.0	 1500.0	    0.0	  200.0	    0.0	 1500.0	    0.0	  200.0	  100.0	   44.7	    0.0	    0.0	    0.0	    0.0	    8.5	  1	 -750.0	 1550.0	   44.7	    0.0	    0.0	1	  344.6	 21	    0.0	    0.0	
  129	  12.90	    0.0	 1500.0	  102.5	    0.0	 1500.0	    0.0	  200.0	    0.0	 1500.0	    0.0	  200.0	  100.0	   44.2	    0.0	    0.0	    0.0	    0.0	    8.5	  1	 -750.0	 1550.0	   44.2	    0.0	    0.0	1	  344.1	 21	    0.0	    0.0	
  130	  13.00	    0.0	 1500.0	  107.2	    0.0	 1500.0	    0.0	  200.0	    0.0	 1500.0	    0.0	  200.0	  100.0	   43.7	    0.0	    0.0	    0.0	    0.0	    8.5	  1	 -750.0	 1550.0	   43.7	    0.0	    0.0	1	  343.6	 21	    0.0	    0.0	
  131	  13.10	    0.0	 1500.0	  109.3	    0.0	 1500.0	    0.0	  200.0	    0.0	 1500.0	    0.0	  200.0	  100.0	   43.2	    0.0	    0.0	    0.0	    0.0	    8.5	  1	 -750.0	 1550.0	   43.2	    0.0	    0.0	1	  343.1	 21	    0.0	    0.0	
  132	  13.20	    0.0	 1500.0	  110.5	    0.0	 1500.0	    0.0	  200.0	    0.0	 1500.0	    0.0	  200.0	  100.0	   42.7	    0.0	    0.0	    0.0	    0.0	    8.6	  1	 -750.0	 1550.0	   42.7	    0.0	    0.0	1	  342.6	 21	    0.0	    0.0	
  133	  13.30	    0.0	 1500.0	  111.3	    0.0	 1500.0	    0.0	  200.0	    0.0	 1500.0	    0.0	  200.0	  100.0	   42.2	    0.0	    0.0	    0.0	    0.0	    8.6	  1	 -750.0	 1550.0	   42.2	    0.0	    0.0	1	  342.1	 21	    0.0	    0.0	
  134	  13.40	    0.0	 1500.0	  112.0	    0.0	 1500.0	    0.0	  200.0	    0.0	 1500.0	    0.0	  200.0	  100.0	   41.7	    0.0	    0.0	    0.0	    0.0	    8.7	  1	 -750.0	 1550.0	   41.7	    0.0	    0.0	1	  341.6	 21	    0.0	    0.0	
  135	  13.50	    0.0	 1500.0	  112.7	    0.0	 1500.0	    0.0	  200.0	    0.0	 1500.0	    0.0	  200.0	  100.0	   41.2	    0.0	    0.0	    0.0	    0.0	    8.7	  1	 -750.0	 1550.0	   41.2	    0.0	    0.0	1	  341.1	 21	    0.0	    0.0	
  136	  13.60	    0.0	 1500.0	  113.7	    0.0	 1500.0	    0.0	  200.0	    0.0	 1500.0	    0.0	  200.0	  100.0	   40.7	    0.0	    0.0	    0.0	    0.0	    8.8	  1	 -750.0	 1550.0	   40.7	    0.0	    0.0	1	  340.6	 21	    0.0	    0.0	
  137	  13.70	    0.0	 1500.0	  115.5	    0.0	 1500.0	    0.0	  200.0	    0.0	 1500.0	    0.0	  200.0	  100.0	   40.2	    0.0	    0.0	    0.0	    0.0	    8.8	  1	 -750.0	 1550.0	   40.2	    0.0	    0.0	1	  340.2	 21	    0.0	    0.0	
  138	  13.80	    0.0	 1500.0	  119.7	    0.0	 1500.0	    0.0	  200.0	    0.0	 1500.0	    0.0	  200.0	  100.0	   39.7	    0.0	    0.0	    0.0	    0.0	    8.9	  1	 -750.0	 1550.0	   39.7	    0.0	    0.0	1	  339.7	 21	    0.0	    0.0	
  139	  13.90	    0.0	 1500.0	  130.4	    0.0	 1500.0	    0.0	  200.0	    0.0	 1500.0	    0.0	  200.0	  100.0	   39.2	    0.0	    0.0	    0.0	    0.0	    9.0	  1	 -750.0	 1550.0	   39.2	    0.0	    0.0	1	  339.2	 21	    0.0	    0.0	
  140	  14.00	    0.0	 1500.0	  151.6	    0.0	 1500.0	    0.0	  200.0	    0.0	 1500.0	    0.0	  200.0	  100.0	   38.7	    0.0	    0.0	    0.0	    0.0	    9.0	  1	 -750.0	 1550.0	   38.7	    0.0	    0.0	1	  338.7	 21	    0.0	    0.0	
  141	  14.10	    0.0	 1500.0	  168.3	    0.0	 1500.0	    0.0	  200.0	    0.0	 1500.0	    0.0	  200.0	  100.0	   38.2	    0.0	    0.0	    0.0	    0.0	    9.1	  1	 -750.0	 1550.0	   38.2	    0.0	    0.0	1	  338.2	 21	    0.0	    0.0	
  142	  14.20	    0.0	 1500.0	  173.3	    0.0	 1500.0	    0.0	  200.0	    0.0	 1500.0	    0.0	  200.0	  100.0	   37.7	    0.0	    0.0	    0.0	    0.0	    9.2	  1	 -750.0	 1550.0	   37.7	    0.0	    0.0	1	  337.7	 21	    0.0	    0.0	
  143	  14.30	    0.0	 1500.0	  174.4	    0.0	 1500.0	    0.0	  200.0	    0.0	 1500.0	    0.0	  200.0	  100.0	   37.2	    0.0	    0.0	    0.0	    0.0	    9.2	  1	 -750.0	 1550.0	   37.2	    0.0	    0.0	1	  337.2	 21	    0.0	    0.0	
  144	  14.40	    0.0	 1500.0	  174.7	    0.0	 1500.0	    0.0	  200.0	    0.0	 1500.0	    0.0	  200.0	  100.0	   36.7	    0.0	    0.0	    0.0	    0.0	    9.3	  1	 -750.0	 1550.0	   36.7	    0.0	    0.0	1	  336.7	 21	    0.0	    0.0	
  145	  14.50	    0.0	 1500.0	  174.7	    0.0	 1500.0	    0.0	  200.0	    0.0	 1500.0	    0.0	  200.0	  100.0	   36.2	    0.0	    0.0	    0.0	    0.0	    9.4	  1	 -750.0	 1550.0	   36.2	    0.0	    0.0	1	  336.2	 21	    0.0	    0.0	
  146	  14.60	    0.0	 1500.0	  174.6	    0.0	 1500.0	    0.0	  200.0	    0.0	 1500.0	    0.0	  200.0	  100.0	   35.7	    0.0	    0.0	    0.0	    0.0	    9.5	  1	 -750.0	 1550.0	   35.7	    0.0	    0.0	1	  335.7	 21	 1398.1	   19.8	
  147	  14.70	    0.0	 1500.0	  174.5	    0.0	 1500.0	    0.0	  200.0	    0.0	 1500.0	    0.0	  200.0	  100.0	   35.2	    0.0	    0.0	    0.0	    0.0	    9.5	  1	 -750.0	 1550.0	   35.2	    0.0	    0.0	1	  335.2	 21	 1396.0	   19.6	
  148	  14.80	    0.0	 1500.0	  174.2	    0.0	 1500.0	    0.0	  200.0	    0.0	 1500.0	    0.0	  200.0	  100.0	   34.7	    0.0	    0.0	    0.0	    0.0	    9.6	  1	 -750.0	 1550.0	   34.7	    0.0	    0.0	1	  334.7	 21	 1393.8	   19.4	
  149	  14.90	    0.0	 1500.0	  173.8	    0.0	 1500.0	    0.0	  200.0	    0.0	 1500.0	    0.0	  200.0	  100.0	   34.2	    0.0	    0.0	    0.0	    0.0	    9.7	  1	 -750.0	 1550.0	   34.2	    0.0	    0.0	1	  334.2	 21	 1391.7	   19.2	
  150	  15.00	    0.0	 1500.0	  172.8	    0.0	 1500.0	    0.0	  200.0	    0.0	 1500.0	    0.0	  200.0	  100.0	   33.7	    0.0	    0.0	    0.0	    0.0	    9.7	  1	 -750.0	 1550.0	   33.7	    0.0	    0.0	1	  333.7	 21	 1389.6	   19.0	
  151	  15.10	    0.0	 1500.0	  169.4	    0.0	 1500.0	    0.0	  200.0	    0.0	 1500.0	    0.0	  200.0	  100.0	   33.2	    0.0	    0.0	    0.0	    0.0	    9.8	  1	 -750.0	 1550.0	   33.2	    0.0	    0.0	1	  333.2	 21	 1387.4	   18.7	
  152	  15.20	    0.0	 1500.0	   26.1	    0.0	 1500.0	    0.0	  200.0	    0.0	 1500.0	    0.0	  200.0	  100.0	   32.7	    0.0	    0.0	    0.0	    0.0	    9.9	  1	 -750.0	 1550.0	   32.7	    0.0	    0.0	1	  332.7	 21	 1385.3	   18.5	
  153	  15.30	    0.0	 1500.0	    2.6	    0.0	 1500.0	    0.0	  200.0	    0.0	 1500.0	    0.0	  200.0	  100.0	   32.2	    0.0	    0.0	    0.0	    0.0	    9.9	  1	 -750.0	 1550.0	   32.2	    0.0	    0.0	1	  332.2	 21	 1383.2	   18.3	
  154	  15.40	    0.0	 1500.0	    2.6	    0.0	 1500.0	    0.0	  200.0	    0.0	 1500.0	    0.0	  200.0	  100.0	   31.7	    0.0	    0.0	    0.0	    0.0	   10.0	  1	 -750.0	 1550.0	   31.7	    0.0	    0.0	1	  331.7	 21	 1381.1	   18.1	
  155	  15.50	    0.0	 1500.0	    2.6	    0.0	 1500.0	    0.0	  200.0	    0.0	 1500.0	    0.0	  200.0	  100.0	   31.2	    0.0	    0.0	    0.0	    0.0	   10.1	  1	 -750.0	 1550.0	   31.2	    0.0	    0.0	1	  331.2	 21	 1378.9	   17.9	
  156	  15.60	    0.0	 1500.0	    2.6	    0.0	 1500.0	    0.0	  200.0	    0.0	 1500.0	    0.0	  200.0	  100.0	   30.7	    0.0	    0.0	    0.0	    0.0	   10.1	  1	 -750.0	 1550.0	   30.7	    0.0	    0.0	1	  330.7	 21	 1376.8	   17.7	
  157	  15.70	    0.0	 1500.0	    2.6	    0.0	 1500.0	    0.0	  200.0	    0.0	 1500.0	    0.0	  200.0	  100.0	   30.2	    0.0	    0.0	    0.0	    0.0	   10.2	  1	 -750.0	 1550.0	   30.2	    0.0	    0.0	1	  330.2	 21	 1374.7	   17.5	
  158	  15.80	    0.0	 1500.0	    2.6	    0.0	 1500.0	    0.0	  200.0	    0.0	 1500.0	    0.0	  200.0	  100.0	   29.7	    0.0	    0.0	    0.0	    0.0	   10.3	  1	 -750.0	 1550.0	   29.7	    0.0	    0.0	1	  329.7	 21	 1372.5	   17.3	
  159	  15.90	    0.0	 1500.0	    2.6	    0.0	 1500.0	    0.0	  200.0	    0.0	 1500.0	    0.0	  200.0	  100.0	   29.2	    0.0	    0.0	    0.0	    0.0	   10.3	  1	 -750.0	 1550.0	   29.2	    0.0	    0.0	1	  329.2	 21	 1370.4	   17.0	
  160	  16.00	    0.0	 1500.0	    2.6	    0.0	 1500.0	    0.0	  200.0	    0.0	 1500.0	    0.0	  200.0	  100.0	   28.7	    0.0	    0.0	    0.0	    0.0	   10.4	  1	 -750.0	 1550.0	   28.7	    0.0	    0.0	1	  328.7	 21	 1368.3	   16.8	
  161	  16.10	    0.0	 1500.0	    2.6	    0.0	 1500.0	    0.0	  200.0	    0.0	 1500.0	    0.0	  200.0	  100.0	   28.2	    0.0	    0.0	    0.0	    0.0	   10.5	  1	 -750.0	 1550.0	   28.2	    0.0	    0.0	1	  328.2	 21	 1366.1	   16.6	
  162	  16.20	    0.0	 1500.0	    2.6	    0.0	 1500.0	    0.0	  200.0	    0.0	 1500.0	    0.0	  200.0	  100.0	   27.7	    0.0	    0.0	    0.0	    0.0	   10.5	  1	 -750.0	 1550.0	   27.7	    0.0	    0.0	1	  327.7	 21	 1364.0	   16.4	
  163	  16.30	    0.0	 1500.0	    2.6	    0.0	 1500.0	    0.0	  200.0	    0.0	 1500.0	    0.0	  200.0	  100.0	   27.2	    0.0	    0.0	    0.0	    0.0	   10.6	  1	 -750.0	 1550.0	   27.2	    0.0	    0.0	1	  327.2	 21	 1361.9	   16.2	
  164	  16.40	    0.0	 1500.0	    2.6	    0.0	 1500.0	    0.0	  200.0	    0.0	 1500.0	    0.0	  200.0	  100.0	   26.7	    0.0	    0.0	    0.0	    0.0	   10.7	  1	 -750.0	 1550.0	   26.7	    0.0	    0.0	1	  326.7	 21	 1359.8	   16.0	
  165	  16.50	    0.0	 1500.0	    2.6	    0.0	 1500.0	    0.0	  200.0	    0.0	 1500.0	    0.0	  200.0	  100.0	   26.2	    0.0	    0.0	    0.0	    0.0	   10.7	  1	 -750.0	 1550.0	   26.2	    0.0	    0.0	1	  326.3	 21	 1357.6	   15.8	
  166	  16.60	    0.0	 1500.0	    2.6	    0.0	 1500.0	    0.0	  200.0	    0.0	 1500.0	    0.0	  200.0	  100.0	   25.7	    0.0	    0.0	    0.0	    0.0	   10.8	  1	 -750.0	 1550.0	   25.7	    0.0	    0.0	1	  325.8	 21	 1355.5	   15.6	
  167	  16.70	    0.0	 1500.0	    2.6	    0.0	 1500.0	    0.0	  200.0	    0.0	 1500.0	    0.0	  200.0	  100.0	   25.2	    0.0	    0.0	    0.0	    0.0	   10.9	  1	 -750.0	 1550.0	   25.2	    0.0	    0.0	1	  325.3	 21	 1353.4	   15.3	
  168	  16.80	    0.0	 1500.0	    2.6	    0.0	 1500.0	    0.0	  200.0	    0.0	 1500.0	    0.0	  200.0	  100.0	   24.7	    0.0	    0.0	    0.0	    0.0	   10.9	  1	 -750.0	 1550.0	   24.7	    0.0	    0.0	1	  324.8	 21	 1351.2	   15.1	
  169	  16.90	    0.0	 1500.0	    2.6	    0.0	 1500.0	    0.0	  200.0	    0.0	 1500.0	    0.0	  200.0	  100.0	   24.2	    0.0	    0.0	    0.0	    0.0	   11.0	  1	 -750.0	 1550.0	   24.2	    0.0	    0.0	1	  324.3	 21	 1349.1	   14.9	
  170	  17.00	    0.0	 1500.0	    2.6	    0.0	 1500.0	    0.0	  200.0	    0.0	 1500.0	    0.0	  200.0	  100.0	   23.7	    0.0	    0.0	    0.0	    0.0	   11.1	  1	 -750.0	 1550.0	   23.7	    0.0	    0.0	1	  323.8	 21	 1347.0	   14.7	
  171	  17.10	    0.0	 1500.0	    2.6	    0.0	 1500.0	    0.0	  200.0	    0.0	 1500.0	    0.0	  200.0	  100.0	   23.2	    0.0	    0.0	    0.0	    0.0	   11.1	  1	 -750.0	 1550.0	   23.2	    0.0	    0.0	1	  323.3	 21	 1344.9	   14.5	
  172	  17.20	    0.0	 1500.0	    2.6	    0.0	 1500.0	    0.0	  200.0	    0.0	 1500.0	    0.0	  200.0	  100.0	   22.7	    0.0	    0.0	    0.0	    0.0	   11.2	  1	 -750.0	 1550.0	   22.7	    0.0	    0.0	1	  322.8	 21	 1342.7	   14.3	
  173	  17.30	    0.0	 1500.0	    2.6	    0.0	 1500.0	    0.0	  200.0	    0.0	 1500.0	    0.0	  200.0	  100.0	   22.2	    0.0	    0.0	    0.0	    0.0	   11.3	  1	 -750.0	 1550.0	   22.2	    0.0	    0.0	1	  322.3	 21	 1340.6	   14.1	
  174	  17.40	    0.0	 1500.0	    2.7	    0.0	 1500.0	    0.0	  200.0	    0.0	 1500.0	    0.0	  200.0	  100.0	   21.7	    0.0	    0.0	    0.0	    0.0	   11.4	  1	 -750.0	 1550.0	   21.7	    0.0	    0.0	1	  321.8	 21	 1338.5	   13.8	
  175	  17.50	    0.0	 1500.0	    2.7	    0.0	 1500.0	    0.0	  200.0	    0.0	 1500.0	    0.0	  200.0	  100.0	   21.2	    0.0	    0.0	    0.0	    0.0	   11.4	  1	 -750.0	 1550.0	   21.2	    0.0	    0.0	1	  321.3	 21	 1336.4	   13.6	
  176	  17.60	    0.0	 1500.0	    2.7	    0.0	 1500.0	    0.0	  200.0	    0.0	 1500.0	    0.0	  200.0	  100.0	   20.7	    0.0	    0.0	    0.0	    0.0	   11.5	  1	 -750.0	 1550.0	   20.7	    0.0	    0.0	1	  320.8	 21	 1334.2	   13.4	
  177	  17.70	    0.0	 1500.0	    2.7	    0.0	 1500.0	    0.0	  200.0	    0.0	 1500.0	    0.0	  200.0	  100.0	   20.2	    0.0	    0.0	    0.0	    0.0	   11.6	  1	 -750.0	 1550.0	   20.2	    0.0	    0.0	1	  320.3	 21	 1332.1	   13.2	
  178	  17.80	    0.0	 1500.0	    2.8	    0.0	 1500.0	    0.0	  200.0	    0.0	 1500.0	    0.0	  200.0	  100.0	   19.7	    0.0	    0.0	    0.0	    0.0	   11.6	  1	 -750.0	 1550.0	   19.7	    0.0	    0.0	1	  319.8	 21	 1330.0	   13.0	
  179	  17.90	    0.0	 1500.0	    2.8	    0.0	 1500.0	    0.0	  200.0	    0.0	 1500.0	    0.0	  200.0	  100.0	   19.2	    0.0	    0.0	    0.0	    0.0	   11.7	  1	 -750.0	 1550.0	   19.2	    0.0	    0.0	1	  319.3	 21	 1327.8	   12.8	
  180	  18.00	    0.0	 1500.0	    2.9	    0.0	 1500.0	    0.0	  200.0	    0.0	 1500.0	    0.0	  200.0	  100.0	   18.7	    0.0	    0.0	    0.0	    0.0	   11.8	  1	 -750.0	 1550.0	   18.7	    0.0	    0.0	1	  318.8	 21	 1325.7	   12.6	
  181	  18.10	    0.0	 1500.0	    3.0	    0.0	 1500.0	    0.0	  200.0	    0.0	 1500.0	    0.0	  200.0	  100.0	   18.2	    0.0	    0.0	    0.0	    0.0	   11.8	  1	 -750.0	 1550.0	   18.2	    0.0	    0.0	1	  318.3	 21	 1323.6	   12.4	
  182	  18.20	    0.0	 1500.0	    3.1	    0.0	 1500.0	    0.0	  200.0	    0.0	 1500.0	    0.0	  200.0	  100.0	   17.7	    0.0	    0.0	    0.0	    0.0	   11.9	  1	 -750.0	 1550.0	   17.7	    0.0	    0.0	1	  317.7	 21	 1321.5	   12.1	
  183	  18.30	    0.0	 1500.0	    3.3	    0.0	 1500.0	    0.0	  200.0	    0.0	 1500.0	    0.0	  200.0	  100.0	   17.2	    0.0	    0.0	    0.0	    0.0	   12.0	  1	 -750.0	 1550.0	   17.2	    0.0	    0.0	1	  317.2	 21	 1319.3	   11.9	
  184	  18.40	    0.0	 1500.0	    3.5	    0.0	 1500.0	    0.0	  200.0	    0.0	 1500.0	    0.0	  200.0	  100.0	   16.7	    0.0	    0.0	    0.0	    0.0	   12.0	  1	 -750.0	 1550.0	   16.7	    0.0	    0.0	1	  316.7	 21	 1317.2	   11.7	
  185	  18.50	    0.0	 1500.0	    3.8	    0.0	 1500.0	    0.0	  200.0	    0.0	 1500.0	    0.0	  200.0	  100.0	   16.2	    0.0	    0.0	    0.0	    0.0	   12.1	  1	 -750.0	 1550.0	   16.2	    0.0	    0.0	1	  316.2	 21	 1315.1	   11.5	
  186	  18.60	    0.0	 1500.0	    4.1	    0.0	 1500.0	    0.0	  200.0	    0.0	 1500.0	    0.0	  200.0	  100.0	   15.7	    0.0	    0.0	    0.0	    0.0	   12.2	  1	 -750.0	 1550.0	   15.7	    0.0	    0.0	1	  315.7	 21	 1313.0	   11.3	
  187	  18.70	    0.0	 1500.0	    4.6	    0.0	 1500.0	    0.0	  200.0	    0.0	 1500.0	    0.0	  200.0	  100.0	   15.2	    0.0	    0.0	    0.0	    0.0	   12.2	  1	 -750.0	 1550.0	   15.2	    0.0	    0.0	1	  315.2	 21	 1310.8	   11.1	
  188	  18.80	    0.0	 1500.0	    5.2	    0.0	 1500.0	    0.0	  200.0	    0.0	 1500.0	    0.0	  200.0	  100.0	   14.7	    0.0	    0.0	    0.0	    0.0	   12.3	  1	 -750.0	 1550.0	   14.7	    0.0	    0.0	1	  314.7	 21	 1308.7	   10.9	
  189	  18.90	    0.0	 1500.0	    5.9	    0.0	 1500.0	    0.0	  200.0	    0.0	 1500.0	    0.0	  200.0	  100.0	   14.2	    0.0	    0.0	    0.0	    0.0	   12.4	  1	 -750.0	 1550.0	   14.2	    0.0	    0.0	1	  314.2	 21	 1306.6	   10.7	
  190	  19.00	    0.0	 1500.0	    6.9	    0.0	 1500.0	    0.0	  200.0	    0.0	 1500.0	    0.0	  200.0	  100.0	   13.7	    0.0	    0.0	    0.0	    0.0	   12.4	  1	 -750.0	 1550.0	   13.7	    0.0	    0.0	1	  313.7	 21	 1304.5	   10.4	
  191	  19.10	    0.0	 1500.0	    8.2	    0.0	 1500.0	    0.0	  200.0	    0.0	 1500.0	    0.0	  200.0	  100.0	   13.2	    0.0	    0.0	    0.0	    0.0	   12.5	  1	 -750.0	 1550.0	   13.2	    0.0	    0.0	1	  313.2	 21	 1302.4	   10.2	
  192	  19.20	    0.0	 1500.0	    9.9	    0.0	 1500.0	    0.0	  200.0	    0.0	 1500.0	    0.0	  200.0	  100.0	   12.7	    0.0	    0.0	    0.0	    0.0	   12.6	  1	 -750.0	 1550.0	   12.7	    0.0	    0.0	1	  312.7	 21	 1300.2	   10.0	
  193	  19.30	    0.0	 1500.0	   12.0	    0.0	 1500.0	    0.0	  200.0	    0.0	 1500.0	    0.0	  200.0	  100.0	   12.2	    0.0	    0.0	    0.0	    0.0	   12.6	  1	 -750.0	 1550.0	   12.2	    0.0	    0.0	1	  312.2	 21	    0.0	    9.8	
  194	  19.40	    0.0	 1500.0	   14.8	    0.0	 1500.0	    0.0	  200.0	    0.0	 1500.0	    0.0	  200.0	  100.0	   11.7	    0.0	    0.0	    0.0	    0.0	   12.7	  1	 -750.0	 1550.0	   11.7	    0.0	    0.0	1	  311.7	 21	    0.0	    9.6	
  195	  19.50	    0.0	 1500.0	   18.3	    0.0	 1500.0	    0.0	  200.0	    0.0	 1500.0	    0.0	  200.0	  100.0	   11.2	    0.0	    0.0	    0.0	    0.0	   12.8	  1	 -750.0	 1550.0	   11.2	    0.0	    0.0	1	  311.2	 21	    0.0	    9.4	
  196	  19.60	    0.0	 1500.0	   22.7	    0.0	 1500.0	    0.0	  200.0	    0.0	 1500.0	    0.0	  200.0	  100.0	   10.7	    0.0	    0.0	    0.0	    0.0	   12.8	  1	 -750.0	 1550.0	   10.7	    0.0	    0.0	1	  310.7	 21	    0.0	    9.2	
  197	  19.70	    0.0	 1500.0	   27.6	    0.0	 1500.0	    0.0	  200.0	    0.0	 1500.0	    0.0	  200.0	  100.0	   10.2	    0.0	    0.0	    0.0	    0.0	   12.9	  1	 -750.0	 1550.0	   10.2	    0.0	    0.0	1	  310.2	 21	    0.0	    9.0	
  198	  19.80	    0.0	 1500.0	   33.1	    0.0	 1500.0	    0.0	  200.0	    0.0	 1500.0	    0.0	  200.0	  100.0	    9.7	    0.0	    0.0	    0.0	    0.0	   13.0	  1	 -750.0	 1550.0	    9.7	    0.0	    0.0	1	  309.7	 21	    0.0	    8.8	
  199	  19.90	    0.0	 1500.0	   39.5	    0.0	 1500.0	    0.0	  200.0	    0.0	 1500.0	    0.0	  200.0	  100.0	    9.2	    0.0	    0.0	    0.0	    0.0	   13.0	  1	 -750.0	 1550.0	    9.2	    0.0	    0.0	1	  309.2	 21	    0.0	    8.5	
  200	  20.00	    0.0	 1500.0	   46.4	    0.0	 1500.0	    0.0	  200.0	    0.0	 1500.0	    0.0	  200.0	  100.0	    8.7	    0.0	    0.0	    0.0	    0.0	   13.1	  1	 -750.0	 2250.0	    8.7	    0.0	    0.0	1	  311.9	 21	    0.0	    8.3	
  201	  20.10	    0.0	 1500.0	   83.7	    0.0	 1500.0	    0.0	  200.0	    0.0	 1500.0	    0.0	  200.0	  100.0	    8.2	    0.0	    0.0	    0.0	    0.0	   13.2	  1	 -750.0	 2250.0	    8.2	    0.0	    0.0	1	  311.3	 21	    0.0	    8.1	
  202	  20.20	    0.0	 1500.0	  101.6	    0.0	 1500.0	    0.0	  200.0	    0.0	 1500.0	    0.0	  200.0	  100.0	    7.7	    0.0	    0.0	    0.0	    0.0	   13.3	  1	 -750.0	 2250.0	    7.7	    0.0	    0.0	1	  310.6	 21	    0.0	    7.9	
  203	  20.30	    0.0	 1500.0	  106.4	    0.0	 1500.0	    0.0	  200.0	    0.0	 1500.0	    0.0	  200.0	  100.0	    7.2	    0.0	    0.0	    0.0	    0.0	   13.3	  1	 -750.0	 2250.0	    7.2	    0.0	    0.0	1	  309.9	 21	    0.0	    7.7	
  204	  20.40	    0.0	 1500.0	  107.6	    0.0	 1500.0	    0.0	  200.0	    0.0	 1500.0	    0.0	  200.0	  100.0	    6.7	    0.0	    0.0	    0.0	    0.0	   13.4	  1	 -750.0	 2250.0	    6.7	    0.0	    0.0	1	  309.2	 21	    0.0	    7.5	
  205	  20.50	    0.0	 1500.0	  107.9	    0.0	 1500.0	    0.0	  200.0	    0.0	 1500.0	    0.0	  200.0	  100.0	    6.2	    0.0	    0.0	    0.0	    0.0	   13.5	  1	 -750.0	 2250.0	    6.2	    0.0	    0.0	1	  308.5	 21	    0.0	    7.3	
  206	  20.60	    0.0	 1500.0	  107.9	    0.0	 1500.0	    0.0	  200.0	    0.0	 1500.0	    0.0	  200.0	  100.0	    5.7	    0.0	    0.0	    0.0	    0.0	   13.5	  1	 -750.0	 2250.0	    5.7	    0.0	    0.0	1	  307.8	 21	    0.0	    7.1	
  207	  20.70	    0.0	 1500.0	  107.7	    0.0	 1500.0	    0.0	  200.0	    0.0	 1500.0	    0.0	  200.0	  100.0	    5.2	    0.0	    0.0	    0.0	    0.0	   13.6	  1	 -750.0	 2250.0	    5.2	    0.0	    0.0	1	  307.1	 21	    0.0	    6.9	
  208	  20.80	    0.0	 1500.0	  107.5	    0.0	 1500.0	    0.0	  200.0	    0.0	 1500.0	    0.0	  200.0	  100.0	    4.7	    0.0	    0.0	    0.0	    0.0	   13.7	  1	 -750.0	 2250.0	    4.7	    0.0	    0.0	1	  306.4	 21	    0.0	    6.7	
  209	  20.90	    0.0	 1500.0	  107.0	    0.0	 1500.0	    0.0	  200.0	    0.0	 1500.0	    0.0	  200.0	  100.0	    4.2	    0.0	    0.0	    0.0	    0.0	   13.7	  1	 -750.0	 2250.0	    4.2	    0.0	    0.0	1	  305.7	 21	    0.0	    6.5	
  210	  21.00	    0.0	 1500.0	  106.0	    0.0	 1500.0	    0.0	  200.0	    0.0	 1500.0	    0.0	  200.0	  100.0	    3.7	    0.0	    0.0	    0.0	    0.0	   13.8	  1	 -750.0	 2250.0	    3.7	    0.0	    0.0	1	  305.0	 21	    0.0	    6.2	
  211	  21.10	    0.0	 1500.0	  103.7	    0.0	 1500.0	    0.0	  200.0	    0.0	 1500.0	    0.0	  200.0	  100.0	    3.2	    0.0	    0.0	    0.0	    0.0	   13.9	  1	 -750.0	 2250.0	    3.2	    0.0	    0.0	1	  304.3	 21	    0.0	    6.0	
  212	  21.20	    0.0	 1500.0	   92.1	    0.0	 1500.0	    0.0	  200.0	    0.0	 1500.0	    0.0	  200.0	  100.0	    2.7	    0.0	    0.0	    0.0	    0.0	   13.9	  1	 -750.0	 2250.0	    2.7	    0.0	    0.0	1	  303.6	 21	    0.0	    5.8	
  213	  21.30	    0.0	 1500.0	  -46.5	    0.0	 1500.0	    0.0	  200.0	    0.0	 1500.0	    0.0	  200.0	  100.0	    2.2	    0.0	    0.0	    0.0	    0.0	   14.0	  1	 -750.0	 2250.0	    2.2	    0.0	    0.0	1	  303.0	 21	    0.0	    5.6	
  214	  21.40	    0.0	 1500.0	  -56.1	    0.0	 1500.0	    0.0	  200.0	    0.0	 1500.0	    0.0	  200.0	  100.0	    1.7	    0.0	    0.0	    0.0	    0.0	   14.1	  1	 -750.0	 2250.0	    1.7	    0.0	    0.0	1	  302.3	 21	    0.0	    5.5	
  215	  21.50	    0.0	 1500.0	  -56.1	    0.0	 1500.0	    0.0	  200.0	    0.0	 1500.0	    0.0	  200.0	  100.0	    1.2	    0.0	    0.0	    0.0	    0.0	   14.1	  1	 -750.0	 2250.0	    1.2	    0.0	    0.0	1	  301.6	 21	    0.0	    5.3	
  216	  21.60	    0.0	 1500.0	  -56.1	    0.0	 1500.0	    0.0	  200.0	    0.0	 1500.0	    0.0	  200.0	  100.0	    0.7	    0.0	    0.0	    0.0	    0.0	   14.2	  1	 -750.0	 2250.0	    0.7	    0.0	    0.0	1	  300.9	 21	    0.0	    5.1	
  217	  21.70	    0.0	 1500.0	  -56.1	    0.0	 1500.0	    0.0	  200.0	    0.0	 1500.0	    0.0	  200.0	  100.0	    0.2	    0.0	    0.0	    0.0	    0.0	   14.3	  1	 -750.0	 2250.0	    0.2	    0.0	    0.0	1	  300.2	 21	    0.0	    5.0	
  218	  21.80	    0.0	 1500.0	  -56.1	    0.0	 1500.0	    0.0	  200.0	    0.0	 1500.0	    0.0	  200.0	  100.0	    0.0	    0.0	    0.0	    0.0	    0.0	   14.3	  1	 -750.0	 2250.0	    0.0	    0.0	    0.0	1	  299.9	 21	    0.0	    5.0	
  219	  21.90	    0.0	 1500.0	  -56.1	    0.0	 1500.0	    0.0	  200.0	    0.0	 1500.0	    0.0	  200.0	  100.0	    0.0	    0.0	    0.0	    0.0	    0.0	   14.4	  1	 -750.0	 2250.0	    0.0	    0.0	    0.0	1	  299.9	 21	    0.0	    5.0	
  220	  22.00	    0.0	 1500.0	  -56.1	    0.0	 1500.0	    0.0	  200.0	    0.0	 1500.0	    0.0	  200.0	  100.0	    0.0	    0.0	    0.0	    0.0	    0.0	   14.5	  1	 -750.0	 2250.0	    0.0	    0.0	    0.0	1	  299.9	 21	    0.0	    5.0	
  221	  22.10	    0.0	 1500.0	  -56.1	    0.0	 1500.0	    0.0	  200.0	    0.0	 1500.0	    0.0	  200.0	  100.0	    0.0	    0.0	    0.0	    0.0	    0.0	   14.5	  1	 -750.0	 2250.0	    0.0	    0.0	    0.0	1	  299.9	 21	    0.0	    5.0	
  222	  22.20	    0.0	 1500.0	  -56.1	    0.0	 1500.0	    0.0	  200.0	    0.0	 1500.0	    0.0	  200.0	  100.0	    0.0	    0.0	    0.0	    0.0	    0.0	   14.6	  1	 -750.0	 2250.0	    0.0	    0.0	    0.0	1	  299.9	 21	    0.0	    5.0	
  223	  22.30	    0.0	 1500.0	  -56.1	    0.0	 1500.0	    0.0	  200.0	    0.0	 1500.0	    0.0	  200.0	  100.0	    0.0	    0.0	    0.0	    0.0	    0.0	   14.7	  1	 -750.0	 2250.0	    0.0	    0.0	    0.0	1	  299.9	 21	    0.0	    5.0	
  224	  22.40	    0.0	 1500.0	  -56.1	    0.0	 1500.0	    0.0	  200.0	    0.0	 1500.0	    0.0	  200.0	  100.0	    0.0	    0.0	    0.0	    0.0	    0.0	   14.7	  1	 -750.0	 2250.0	    0.0	    0.0	    0.0	1	  299.9	 21	    0.0	    5.0	
  225	  22.50	    0.0	 1500.0	  -56.1	    0.0	 1500.0	    0.0	  200.0	    0.0	 1500.0	    0.0	  200.0	  100.0	    0.0	    0.0	    0.0	    0.0	    0.0	   14.8	  1	 -750.0	 2250.0	    0.0	    0.0	    0.0	1	  299.9	 21	    0.0	    5.0	
  226	  22.60	    0.0	 1500.0	  -56.1	    0.0	 1500.0	    0.0	  200.0	    0.0	 1500.0	    0.0	  200.0	  100.0	    0.0	    0.0	    0.0	    0.0	    0.0	   14.9	  1	 -750.0	 2250.0	    0.0	    0.0	    0.0	1	  299.9	 21	    0.0	    5.0	
  227	  22.70	    0.0	 1500.0	  -56.1	    0.0	 1500.0	    0.0	  200.0	    0.0	 1500.0	    0.0	  200.0	  100.0	    0.0	    0.0	    0.0	    0.0	    0.0	   14.9	  1	 -750.0	 2250.0	    0.0	    0.0	    0.0	1	  299.9	 21	    0.0	    5.0	
  228	  22.80	    0.0	 1500.0	  -56.1	    0.0	 1500.0	    0.0	  200.0	    0.0	 1500.0	    0.0	  200.0	  100.0	    0.0	    0.0	    0.0	    0.0	    0.0	   15.0	  1	 -750.0	 2250.0	    0.0	    0.0	    0.0	1	  299.9	 21	    0.0	    5.0	
  229	  22.90	    0.0	 1500.0	  -56.1	    0.0	 1500.0	    0.0	  200.0	    0.0	 1500.0	    0.0	  200.0	  100.0	    0.0	    0.0	    0.0	    0.0	    0.0	   15.1	  1	 -750.0	 2250.0	    0.0	    0.0	    0.0	1	  299.9	 21	    0.0	    5.0	
  230	  23.00	    0.0	 1500.0	  -56.1	    0.0	 1500.0	    0.0	  200.0	    0.0	 1500.0	    0.0	  200.0	  100.0	    0.0	    0.0	    0.0	    0.0	    0.0	   15.2	  1	 -750.0	 2250.0	    0.0	    0.0	    0.0	1	  299.9	 21	    0.0	    5.0	
  231	  23.10	    0.0	 1500.0	  -56.1	    0.0	 1500.0	    0.0	  200.0	    0.0	 1500.0	    0.0	  200.0	  100.0	    0.0	    0.0	    0.0	    0.0	    0.0	   15.2	  1	 -750.0	 2250.0	    0.0	    0.0	    0.0	1	  299.9	 21	    0.0	    5.0	
  232	  23.20	    0.0	 1500.0	  -56.1	    0.0	 1500.0	    0.0	  200.0	    0.0	 1500.0	    0.0	  200.0	  100.0	    0.0	    0.0	    0.0	    0.0	    0.0	   15.3	  1	 -750.0	 2250.0	    0.0	    0.0	    0.0	1	  299.9	 21	    0.0	    5.0	
  233	  23.30	    0.0	 1500.0	  -56.1	    0.0	 1500.0	    0.0	  200.0	    0.0	 1500.0	    0.0	  200.0	  100.0	    0.0	    0.0	    0.0	    0.0	    0.0	   15.4	  1	 -750.0	 2250.0	    0.0	    0.0	    0.0	1	  299.9	 21	    0.0	    5.0	
  234	  23.40	    0.0	 1500.0	  -56.1	    0.0	 1500.0	    0.0	  200.0	    0.0	 1500.0	    0.0	  200.0	  100.0	    0.0	    0.0	    0.0	    0.0	    0.0	   15.4	  1	 -750.0	 2250.0	    0.0	    0.0	    0.0	1	  299.9	 21	    0.0	    5.0	
  235	  23.50	    0.0	 1500.0	  -56.1	    0.0	 1500.0	    0.0	  200.0	    0.0	 1500.0	    0.0	  200.0	  100.0	    0.0	    0.0	    0.0	    0.0	    0.0	   15.5	  1	 -750.0	 2250.0	    0.0	    0.0	    0.0	1	  299.9	 21	    0.0	    5.0	
  236	  23.60	    0.0	 1500.0	  -56.1	    0.0	 1500.0	    0.0	  200.0	    0.0	 1500.0	    0.0	  200.0	  100.0	    0.0	    0.0	    0.0	    0.0	    0.0	   15.6	  1	 -750.0	 2250.0	    0.0	    0.0	    0.0	1	  299.9	 21	    0.0	    5.0	
  237	  23.70	    0.0	 1500.0	  -56.1	    0.0	 1500.0	    0.0	  200.0	    0.0	 1500.0	    0.0	  200.0	  100.0	    0.0	    0.0	    0.0	    0.0	    0.0	   15.6	  1	 -750.0	 2250.0	    0.0	    0.0	    0.0	1	  299.9	 21	    0.0	    5.0	
  238	  23.80	    0.0	 1500.0	  -56.1	    0.0	 1500.0	    0.0	  200.0	    0.0	 1500.0	    0.0	  200.0	  100.0	    0.0	    0.0	    0.0	    0.0	    0.0	   15.7	  1	 -750.0	 2250.0	    0.0	    0.0	    0.0	1	  299.9	 21	    0.0	    5.0	
  239	  23.90	    0.0	 1500.0	  -56.1	    0.0	 1500.0	    0.0	  200.0	    0.0	 1500.0	    0.0	  200.0	  100.0	    0.0	    0.0	    0.0	    0.0	    0.0	   15.8	  1	 -750.0	 2250.0	    0.0	    0.0	    0.0	1	  299.9	 21	    0.0	    5.0	
  240	  24.00	    0.0	 1500.0	  -56.1	    0.0	 1500.0	    0.0	  200.0	    0.0	 1500.0	    0.0	  200.0	  100.0	    0.0	    0.0	    0.0	    0.0	    0.0	   15.8	  1	 -750.0	 2250.0	    0.0	    0.0	    0.0	1	  299.9	 21	    0.0	    5.0	
  241	  24.10	    0.0	 1500.0	  -56.1	    0.0	 1500.0	    0.0	  200.0	    0.0	 1500.0	    0.0	  200.0	  100.0	    0.0	    0.0	    0.0	    0.0	    0.0	   15.9	  1	 -750.0	 2250.0	    0.0	    0.0	    0.0	1	  299.9	 21	    0.0	    5.0	
  242	  24.20	    0.0	 1500.0	  -56.1	    0.0	 1500.0	    0.0	  200.0	    0.0	 1500.0	    0.0	  200.0	  100.0	    0.0	    0.0	    0.0	    0.0	    0.0	   16.0	  1	 -750.0	 2250.0	    0.0	    0.0	    0.0	1	  299.9	 21	    0.0	    5.0	
  243	  24.30	    0.0	 1500.0	  -56.1	    0.0	 1500.0	    0.0	  200.0	    0.0	 1500.0	    0.0	  200.0	  100.0	    0.0	    0.0	    0.0	    0.0	    0.0	   16.0	  1	 -750.0	 2250.0	    0.0	    0.0	    0.0	1	  299.9	 21	    0.0	    5.0	
  244	  24.40	  340.5	 1570.4	  -56.1	    0.0	 1500.0	    0.0	  200.0	    0.0	 1500.0	    0.0	  200.0	  100.0	    0.0	    0.0	    0.0	    0.0	    0.0	   16.0	  1	  750.0	 1550.0	    0.0	    0.0	    0.0	1	  299.9	 21	    0.0	    5.0	
  245	  24.50	  340.5	 1570.4	    1.6	    0.0	 1500.0	    0.0	  200.0	    0.0	 1500.0	    0.0	  200.0	  100.0	    0.0	    0.0	    0.0	    0.0	    0.0	   16.0	  1	  750.0	 1550.0	    0.0	    0.0	    0.0	1	  299.9	 21	    0.0	    5.0	
  246	  24.60	  340.5	 1570.4	    3.4	  753.9	 1328.0	    0.0	  200.0	    0.0	 1500.0	    0.0	  200.0	  100.0	    9.1	    0.0	    0.0	    0.0	    0.0	   16.0	  1	  750.0	 2050.0	    9.1	    0.0	    0.0	1	  294.2	 21	 1341.6	  -58.4	
  247	  24.70	  340.5	 1570.4	   20.5	  753.9	 1328.0	    0.0	  200.0	    0.0	 1500.0	    0.0	  200.0	  100.0	    8.6	    0.0	    0.0	    0.0	    0.1	   16.1	  1	  750.0	 2050.0	    8.6	    0.0	    0.1	1	  297.8	 21	    0.0	    8.2	
  248	  24.80	  340.5	 1570.4	   22.8	  753.9	 1328.0	    0.0	  200.0	    0.0	 1500.0	    0.0	  200.0	  100.0	    8.2	    0.0	    0.0	    0.0	    0.1	   16.1	  1	  750.0	 2050.0	    8.2	    0.0	    0.1	1	  297.4	 21	    0.0	    8.1	
  249	  24.90	  340.5	 1570.4	   23.1	  753.9	 1328.0	    0.0	  200.0	    0.0	 1500.0	    0.0	  200.0	  100.0	    7.7	    0.0	    0.0	    0.0	    0.1	   16.1	  1	  750.0	 2050.0	    7.7	    0.0	    0.1	1	  297.1	 21	    0.0	    8.0	
  250	  25.00	  340.5	 1570.4	   23.1	  752.3	 1328.9	    0.0	  200.0	    0.0	 1500.0	    0.0	  200.0	  100.0	    7.2	    0.0	    0.0	    0.0	    0.1	   16.2	  1	  750.0	 2050.0	    7.2	    0.0	    0.1	1	  296.8	 21	    0.0	    7.9	
  251	  25.10	  340.5	 1570.4	   23.3	  754.5	 1323.4	    0.0	  200.0	    0.0	 1500.0	    0.0	  200.0	  100.0	    6.7	    0.0	    0.0	    0.0	    0.2	   16.2	  1	  750.0	 2050.0	    6.7	    0.0	    0.2	1	  296.7	 21	    0.0	    7.8	
  252	  25.20	  340.5	 1570.4	   22.1	  754.5	 1323.4	    0.0	  200.0	    0.0	 1500.0	    0.0	  200.0	  100.0	    6.3	    0.0	    0.0	    0.0	    0.2	   16.2	  1	  750.0	 2050.0	    6.3	    0.0	    0.2	1	  296.4	 21	    0.0	    7.7	
  253	  25.30	  340.5	 1570.4	   21.6	  754.5	 1323.4	    0.0	  200.0	    0.0	 1500.0	    0.0	  200.0	  100.0	    5.8	    0.0	    0.0	    0.0	    0.2	   16.3	  1	  750.0	 2050.0	    5.8	    0.0	    0.2	1	  296.1	 21	    0.0	    7.6	
  254	  25.40	  340.5	 1570.4	   21.1	  755.9	 1325.8	    0.0	  200.0	    0.0	 1500.0	    0.0	  200.0	  100.0	    5.3	    0.0	    0.0	    0.0	    0.3	   16.3	  1	  750.0	 2050.0	    5.3	    0.0	    0.3	1	  295.6	 21	    0.0	    7.5	
  255	  25.50	  340.5	 1570.4	   21.2	  754.5	 1323.4	    0.0	  200.0	    0.0	 1500.0	    0.0	  200.0	  100.0	    4.9	    0.0	    0.0	    0.0	    0.3	   16.4	  1	  750.0	 2050.0	    4.9	    0.0	    0.3	1	  295.5	 21	    0.0	    7.5	
  256	  25.60	  340.5	 1570.4	   20.3	  755.9	 1325.8	    0.0	  200.0	    0.0	 1500.0	    0.0	  200.0	  100.0	    4.4	    0.0	    0.0	    0.0	    0.3	   16.4	  1	  750.0	 2050.0	    4.4	    0.0	    0.3	1	  295.0	 21	    0.0	    7.5	
  257	  25.70	  340.5	 1570.4	   19.7	  755.9	 1325.8	    0.0	  200.0	    0.0	 1500.0	    0.0	  200.0	  100.0	    3.9	    0.0	    0.0	    0.0	    0.4	   16.5	  1	  750.0	 2050.0	    3.9	    0.0	    0.4	1	  294.6	 21	    0.0	    7.5	
  258	  25.80	  340.5	 1570.4	   18.2	  755.9	 1325.8	    0.0	  200.0	    0.0	 1500.0	    0.0	  200.0	  100.0	    3.4	    0.0	    0.0	    0.0	    0.4	   16.6	  1	  750.0	 2050.0	    3.4	    0.0	    0.4	1	  294.3	 21	    0.0	    7.6	
  259	  25.90	  340.5	 1570.4	   11.8	  755.9	 1325.8	    0.0	  200.0	    0.0	 1500.0	    0.0	  200.0	  100.0	    3.0	    0.0	    0.0	    0.0	    0.4	   16.6	  1	  750.0	 2050.0	    3.0	    0.0	    0.4	1	  294.0	 21	    0.0	    7.7	
  260	  26.00	  340.5	 1570.4	 -109.8	  755.9	 1325.8	    0.0	  200.0	    0.0	 1500.0	    0.0	  200.0	  100.0	    2.5	    0.0	    0.0	    0.0	    0.4	   16.7	  1	  750.0	 2050.0	    2.5	    0.0	    0.4	1	  293.7	 21	    0.0	    7.9	
  261	  26.10	  340.5	 1570.4	 -141.9	  755.9	 1325.8	    0.0	  200.0	    0.0	 1500.0	    0.0	  200.0	  100.0	    2.0	    0.0	    0.0	    0.0	    0.5	   16.7	  1	  750.0	 2050.0	    2.0	    0.0	    0.5	1	  293.4	 21	    0.0	    8.2	
  262	  26.20	  340.5	 1570.4	 -141.9	  755.9	 1325.8	    0.0	  200.0	    0.0	 1500.0	    0.0	  200.0	  100.0	    1.6	    0.0	    0.0	    0.0	    0.5	   16.8	  1	  750.0	 2050.0	    1.6	    0.0	    0.5	1	  293.0	 21	    0.0	    8.6	
  263	  26.30	  340.5	 1570.4	 -141.9	  755.9	 1325.8	    0.0	  200.0	    0.0	 1500.0	    0.0	  200.0	  100.0	    1.1	    0.0	    0.0	    0.0	    0.5	   16.8	  1	  750.0	 2050.0	    1.1	    0.0	    0.5	1	  292.7	 21	    0.0	    9.3	
  264	  26.40	  340.5	 1570.4	 -141.9	  755.9	 1325.8	    0.0	  200.0	    0.0	 1500.0	    0.0	  200.0	  100.0	    0.6	    0.0	    0.0	    0.0	    0.6	   16.9	  1	  750.0	 2050.0	    0.6	    0.0	    0.6	1	  292.4	 21	 1302.5	   10.3	
  265	  26.50	  340.5	 1570.4	 -141.8	  761.6	 1330.0	    0.0	  200.0	    0.0	 1500.0	    0.0	  200.0	  100.0	    0.1	    0.0	    0.0	    0.0	    0.6	   17.0	  1	  750.0	 2050.0	    0.1	    0.0	    0.6	1	  291.9	 21	 1318.6	   11.9	
  266	  26.60	  340.5	 1570.4	 -141.9	  761.6	 1330.0	    0.0	  200.0	    0.0	 1500.0	    0.0	  200.0	  100.0	    0.0	    0.0	    0.0	    0.0	    0.6	   17.0	  1	  750.0	 2050.0	    0.0	    0.0	    0.6	1	  292.0	 21	 1326.8	   12.7	
  267	  26.70	  340.5	 1570.4	 -141.9	  761.6	 1330.0	    0.0	  200.0	    0.0	 1500.0	    0.0	  200.0	  100.0	    0.0	    0.0	    0.0	    0.0	    0.7	   17.1	  1	  750.0	 2050.0	    0.0	    0.0	    0.7	1	  292.0	 21	 1329.1	   12.9	
  268	  26.80	  340.5	 1570.4	 -141.9	  761.6	 1330.0	    0.0	  200.0	    0.0	 1500.0	    0.0	  200.0	  100.0	    0.0	    0.0	    0.0	    0.0	    0.7	   17.2	  1	  750.0	 2050.0	    0.0	    0.0	    0.7	1	  292.0	 21	 1331.3	   13.1	
  269	  26.90	  340.5	 1570.4	 -141.9	  810.7	 1346.8	    0.0	  200.0	    0.0	 1500.0	    0.0	  200.0	  100.0	    0.5	    0.0	    0.0	    0.0	    0.7	   17.2	  1	  750.0	 2050.0	    0.5	    0.0	    0.7	1	  290.8	 21	 1314.9	   11.5	
  270	  27.00	  340.5	 1570.4	 -132.7	  810.7	 1346.8	    0.0	  200.0	    0.0	 1500.0	    0.0	  200.0	  100.0	    0.0	    0.0	    0.0	    0.0	    0.8	   17.3	  1	  750.0	 2050.0	    0.0	    0.0	    0.8	1	  291.0	 21	 1335.4	   13.5	
  271	  27.10	  340.5	 1570.4	 -132.8	  810.7	 1346.8	    0.0	  200.0	    0.0	 1500.0	    0.0	  200.0	  100.0	    0.0	    0.0	    0.0	    0.0	    0.8	   17.4	  1	  750.0	 2050.0	    0.0	    0.0	    0.8	1	  291.0	 21	 1339.2	   13.9	
  272	  27.20	  340.5	 1570.4	 -132.9	  810.7	 1346.8	    0.0	  200.0	    0.0	 1500.0	    0.0	  200.0	  100.0	    0.0	    0.0	    0.0	    0.0	    0.8	   17.4	  1	  750.0	 2050.0	    0.0	    0.0	    0.8	1	  291.1	 21	 1341.6	   14.2	
  273	  27.30	  340.5	 1570.4	 -132.9	  902.1	 1363.0	    0.0	  200.0	    0.0	 1500.0	    0.0	  200.0	  100.0	    1.2	    0.0	    0.0	    0.0	    0.9	   17.5	  1	  750.0	 2250.0	    1.2	    0.0	    0.9	1	  291.6	 21	 1302.7	   10.3	
  274	  27.40	  340.5	 1570.4	  -90.4	  902.1	 1363.0	    0.0	  200.0	    0.0	 1500.0	    0.0	  200.0	  100.0	    0.8	    0.0	    0.0	    0.0	    1.0	   17.6	  1	  750.0	 2250.0	    0.8	    0.0	    1.0	1	  291.4	 21	 1321.5	   12.2	
  275	  27.50	  340.5	 1570.4	  -90.4	  810.7	 1346.8	    0.0	  200.0	    0.0	 1500.0	    0.0	  200.0	  100.0	    0.3	    0.0	    0.0	    0.0	    1.0	   17.6	  1	  750.0	 2050.0	    0.3	    0.0	    1.0	1	  290.9	 21	 1337.6	   13.8	
  276	  27.60	  340.5	 1570.4	 -178.3	  902.1	 1363.0	    0.0	  200.0	    0.0	 1500.0	    0.0	  200.0	  100.0	    1.5	    0.0	    0.0	    0.0	    1.1	   17.7	  1	  750.0	 2250.0	    1.5	    0.0	    1.1	1	  291.8	 21	 1302.7	   10.3	
  277	  27.70	  340.5	 1570.4	  -82.2	  902.1	 1363.0	    0.0	  200.0	    0.0	 1500.0	    0.0	  200.0	  100.0	    1.1	    0.0	    0.0	    0.0	    1.1	   17.8	  1	  750.0	 2250.0	    1.1	    0.0	    1.1	1	  291.7	 21	 1322.1	   12.2	
  278	  27.80	  340.5	 1570.4	  -82.1	  902.1	 1363.0	    0.0	  200.0	    0.0	 1500.0	    0.0	  200.0	  100.0	    0.6	    0.0	    0.0	    0.0	    1.2	   17.8	  1	  750.0	 2250.0	    0.6	    0.0	    1.2	1	  291.3	 21	 1335.5	   13.6	
  279	  27.90	  340.5	 1570.4	  -81.8	  944.1	 1364.5	    0.0	  200.0	    0.0	 1500.0	    0.0	  200.0	  100.0	    0.2	    0.0	    0.0	    0.0	    1.3	   17.9	  1	  750.0	 2250.0	    0.2	    0.0	    1.3	1	  292.4	 21	 1354.2	   15.4	
  280	  28.00	  340.5	 1570.4	  -68.9	  944.1	 1364.5	    0.0	  200.0	    0.0	 1500.0	    0.0	  200.0	  100.0	    0.0	    0.0	    0.0	    0.0	    1.3	   18.0	  1	  750.0	 2250.0	    0.0	    0.0	    1.3	1	  292.5	 21	 1364.8	   16.5	
  281	  28.10	  340.5	 1570.4	  -21.1	  944.1	 1364.5	    0.0	  200.0	    0.0	 1500.0	    0.0	  200.0	  100.0	    0.0	    0.0	    0.0	    0.0	    1.4	   18.0	  1	  750.0	 2250.0	    0.0	    0.0	    1.4	1	  292.5	 21	 1367.4	   16.7	
  282	  28.20	  340.5	 1570.4	   26.5	  944.1	 1364.5	    0.0	  200.0	    0.0	 1500.0	    0.0	  200.0	  100.0	    0.0	    0.0	    0.0	    0.0	    1.5	   18.1	  1	  750.0	 2250.0	    0.0	    0.0	    1.5	1	  292.5	 21	 1369.9	   17.0	
  283	  28.30	  340.5	 1570.4	   27.7	  944.1	 1364.5	    0.0	  200.0	    0.0	 1500.0	    0.0	  200.0	  100.0	    0.0	    0.0	    0.0	    0.0	    1.6	   18.2	  1	  750.0	 2250.0	    0.0	    0.0	    1.6	1	  292.6	 21	 1372.2	   17.2	
  284	  28.40	  340.5	 1570.4	   27.8	  911.8	 1364.4	    0.0	  200.0	    0.0	 1500.0	    0.0	  200.0	  100.0	    0.0	    0.0	    0.0	    0.0	    1.6	   18.2	  1	  750.0	 2250.0	    0.0	    0.0	    1.6	1	  291.3	 21	 1374.1	   17.4	
  285	  28.50	  340.5	 1570.4	   33.2	  911.8	 1364.4	    0.0	  200.0	    0.0	 1500.0	    0.0	  200.0	  100.0	    0.0	    0.0	    0.0	    0.0	    1.7	   18.3	  1	  750.0	 2250.0	    0.0	    0.0	    1.7	1	  291.3	 21	 1375.9	   17.6	
  286	  28.60	  340.5	 1570.4	   33.2	  911.8	 1364.4	    0.0	  200.0	    0.0	 1500.0	    0.0	  200.0	  100.0	    0.0	    0.0	    0.0	    0.0	    1.8	   18.4	  1	  750.0	 2250.0	    0.0	    0.0	    1.8	1	  291.4	 21	 1377.7	   17.8	
  287	  28.70	  340.5	 1570.4	   33.2	  911.8	 1364.4	    0.0	  200.0	    0.0	 1500.0	    0.0	  200.0	  100.0	    0.0	    0.0	    0.0	    0.0	    1.8	   18.4	  1	  750.0	 2250.0	    0.0	    0.0	    1.8	1	  291.4	 21	 1379.4	   17.9	
  288	  28.80	  340.5	 1570.4	   33.2	  863.8	 1365.7	    0.0	  200.0	    0.0	 1500.0	    0.0	  200.0	  100.0	    0.0	    0.0	    0.0	    0.0	    1.9	   18.5	  1	  750.0	 2250.0	    0.0	    0.0	    1.9	1	  289.9	 21	 1380.6	   18.1	
  289	  28.90	  340.5	 1570.4	   55.1	  863.8	 1365.7	    0.0	  200.0	    0.0	 1500.0	    0.0	  200.0	  100.0	    0.0	    0.0	    0.0	    0.0	    1.9	   18.6	  1	  750.0	 2250.0	    0.0	    0.0	    1.9	1	  289.9	 21	 1381.8	   18.2	
  290	  29.00	  340.5	 1570.4	  166.8	  863.8	 1365.7	    0.0	  200.0	    0.0	 1500.0	    0.0	  200.0	  100.0	    0.0	    0.0	    0.0	    0.0	    2.0	   18.6	  1	  750.0	 2250.0	    0.0	    0.0	    2.0	1	  289.9	 21	 1383.0	   18.3	
  291	  29.10	  340.5	 1570.4	 -149.4	  863.8	 1365.7	    0.0	  200.0	    0.0	 1500.0	    0.0	  200.0	  100.0	    0.0	    0.0	    0.0	    0.0	    2.0	   18.7	  1	  750.0	 2250.0	    0.0	    0.0	    2.0	1	  289.9	 21	 1384.1	   18.4	
  292	  29.20	  340.5	 1570.4	 -149.4	  863.8	 1365.7	    0.0	  200.0	    0.0	 1500.0	    0.0	  200.0	  100.0	    0.0	    0.0	    0.0	    0.0	    2.1	   18.8	  1	  750.0	 2250.0	    0.0	    0.0	    2.1	1	  289.9	 21	 1385.2	   18.5	
  293	  29.30	  340.5	 1570.4	 -149.4	  850.7	 1332.5	    0.0	  200.0	    0.0	 1500.0	    0.0	  200.0	  100.0	    0.0	    0.0	    0.0	    0.0	    2.1	   18.9	  1	  750.0	 2050.0	    0.0	    0.0	    2.1	1	  293.0	 21	 1386.3	   18.6	
  294	  29.40	  340.5	 1570.4	 -147.6	  850.7	 1332.5	    0.0	  200.0	    0.0	 1500.0	    0.0	  200.0	  100.0	    0.0	    0.0	    0.0	    0.0	    2.2	   18.9	  1	  750.0	 2050.0	    0.0	    0.0	    2.2	1	  293.0	 21	 1387.4	   18.7	
  295	  29.50	  340.5	 1570.4	 -147.6	  850.7	 1332.5	    0.0	  200.0	    0.0	 1500.0	    0.0	  200.0	  100.0	    0.0	    0.0	    0.0	    0.0	    2.2	   19.0	  1	  750.0	 2050.0	    0.0	    0.0	    2.2	1	  293.0	 21	 1388.4	   18.8	
  296	  29.60	  340.5	 1570.4	 -147.6	  850.7	 1332.5	    0.0	  200.0	    0.0	 1500.0	    0.0	  200.0	  100.0	    0.0	    0.0	    0.0	    0.0	    2.3	   19.1	  1	  750.0	 2050.0	    0.0	    0.0	    2.3	1	  293.1	 21	 1389.3	   18.9	
  297	  29.70	  340.5	 1570.4	 -147.7	  851.0	 1328.8	    0.0	  200.0	    0.0	 1500.0	    0.0	  200.0	  100.0	    0.0	    0.0	    0.0	    0.0	    2.3	   19.1	  1	  750.0	 2050.0	    0.0	    0.0	    2.3	1	  293.3	 21	 1390.3	   19.0	
  298	  29.80	  340.5	 1570.4	 -146.9	  850.7	 1332.5	    0.0	  200.0	    0.0	 1500.0	    0.0	  200.0	  100.0	    0.0	    0.0	    0.0	    0.0	    2.4	   19.2	  1	  750.0	 2050.0	    0.0	    0.0	    2.4	1	  293.1	 21	 1391.2	   19.1	
  299	  29.90	  340.5	 1570.4	 -147.9	  851.0	 1328.8	    0.0	  200.0	    0.0	 1500.0	    0.0	  200.0	  100.0	    0.0	    0.0	    0.0	    0.0	    2.5	   19.3	  1	  750.0	 2050.0	    0.0	    0.0	    2.5	1	  293.3	 21	 1392.1	   19.2	
  300	  30.00	  340.5	 1570.4	 -146.6	  851.0	 1328.8	    0.0	  200.0	    0.0	 1500.0	    0.0	  200.0	  100.0	    0.0	    0.0	    0.0	    0.0	    2.5	   19.3	  1	  750.0	 2050.0	    0.0	    0.0	    2.5	1	  293.4	 21	 1392.9	   19.3	
