    1	   0.10	    0.0	    0.0	    0.0	    0.0	    0.0	    0.0	    0.0	    0.0	    0.0	    0.0	    0.0	  100.0	   99.9	    0.0	    0.0	    0.0	    0.0	    0.1	  1	-1000.0	  500.0	   99.9	    0.0	    0.0	1	  838.9	 21	    0.0	    5.0	
    2	   0.20	    0.0	    0.0	    0.0	    0.0	    0.0	    0.0	    0.0	    0.0	    0.0	    0.0	    0.0	  100.0	   99.4	    0.0	    0.0	    0.0	    0.0	    0.1	  1	  -50.0	 1250.0	   99.4	    0.0	    0.0	1	  974.6	 21	    0.0	    5.0	
    3	   0.30	    0.0	    0.0	    0.0	    0.0	    0.0	    0.0	    0.0	    0.0	    0.0	    0.0	    0.0	  100.0	   98.9	    0.0	    0.0	    0.0	    0.0	    0.2	  1	  -50.0	 1250.0	   98.9	    0.0	    0.0	1	  974.0	 21	    0.0	    5.0	
    4	   0.40	    0.0	    0.0	    0.0	    0.0	    0.0	    0.0	    0.0	    0.0	    0.0	    0.0	    0.0	  100.0	   98.4	    0.0	    0.0	    0.0	    0.0	    0.3	  1	  -50.0	 1250.0	   98.4	    0.0	    0.0	1	  973.3	 21	    0.0	    5.0	
    5	   0.50	    0.0	    0.0	    0.0	    0.0	    0.0	    0.0	    0.0	    0.0	    0.0	    0.0	    0.0	  100.0	   97.9	    0.0	    0.0	    0.0	    0.0	    0.3	  1	  -50.0	 1250.0	   97.9	    0.0	    0.0	1	  972.7	 21	    0.0	    5.0	
    6	   0.60	    0.0	    0.0	    0.0	    0.0	    0.0	    0.0	    0.0	    0.0	    0.0	    0.0	    0.0	  100.0	   97.4	    0.0	    0.0	    0.0	    0.0	    0.4	  1	  -50.0	 1250.0	   97.4	    0.0	    0.0	1	  972.0	 21	    0.0	    5.0	
    7	   0.70	    0.0	    0.0	    0.0	    0.0	    0.0	    0.0	    0.0	    0.0	    0.0	    0.0	    0.0	  100.0	   96.9	    0.0	    0.0	    0.0	    0.0	    0.4	  1	  -50.0	 1250.0	   96.9	    0.0	    0.0	1	  971.4	 21	    0.0	    5.0	
    8	   0.80	    0.0	    0.0	    0.0	    0.0	    0.0	    0.0	    0.0	    0.0	    0.0	    0.0	    0.0	  100.0	   96.4	    0.0	    0.0	    0.0	    0.0	    0.5	  1	  -50.0	 1250.0	   96.4	    0.0	    0.0	1	  970.7	 21	    0.0	    5.0	
    9	   0.90	    0.0	    0.0	    0.0	    0.0	    0.0	    0.0	    0.0	    0.0	    0.0	    0.0	    0.0	  100.0	   95.9	    0.0	    0.0	    0.0	    0.0	    0.6	  1	  -50.0	 1250.0	   95.9	    0.0	    0.0	1	  970.0	 21	    0.0	    5.0	
   10	   1.00	    0.0	    0.0	    0.0	    0.0	    0.0	    0.0	    0.0	    0.0	    0.0	    0.0	    0.0	  100.0	   95.4	    0.0	    0.0	    0.0	    0.0	    0.6	  1	  -50.0	 1250.0	   95.4	    0.0	    0.0	1	  969.4	 21	    0.0	    5.0	
   11	   1.10	    0.0	    0.0	    0.0	    0.0	    0.0	    0.0	    0.0	    0.0	    0.0	    0.0	    0.0	  100.0	   94.9	    0.0	    0.0	    0.0	    0.0	    0.7	  1	  -50.0	 1250.0	   94.9	    0.0	    0.0	1	  968.7	 21	    0.0	    5.0	
   12	   1.20	    0.0	    0.0	    0.0	    0.0	    0.0	    0.0	    0.0	    0.0	    0.0	    0.0	    0.0	  100.0	   94.4	    0.0	    0.0	    0.0	    0.0	    0.8	  1	  -50.0	 1250.0	   94.4	    0.0	    0.0	1	  968.0	 21	    0.0	    5.0	
   13	   1.30	    0.0	    0.0	    0.0	    0.0	    0.0	    0.0	    0.0	    0.0	    0.0	    0.0	    0.0	  100.0	   93.9	    0.0	    0.0	    0.0	    0.0	    0.8	  1	  -50.0	 1250.0	   93.9	    0.0	    0.0	1	  967.3	 21	    0.0	    5.0	
   14	   1.40	    0.0	    0.0	    0.0	    0.0	    0.0	    0.0	    0.0	    0.0	    0.0	    0.0	    0.0	  100.0	   93.4	    0.0	    0.0	    0.0	    0.0	    0.9	  1	  -50.0	 1250.0	   93.4	    0.0	    0.0	1	  966.6	 21	    0.0	    5.0	
   15	   1.50	    0.0	    0.0	    0.0	    0.0	    0.0	    0.0	    0.0	    0.0	    0.0	    0.0	    0.0	  100.0	   92.9	    0.0	    0.0	    0.0	    0.0	    1.0	  1	  -50.0	 1250.0	   92.9	    0.0	    0.0	1	  965.9	 21	    0.0	    5.0	
   16	   1.60	    0.0	    0.0	    0.0	    0.0	    0.0	    0.0	    0.0	    0.0	    0.0	    0.0	    0.0	  100.0	   92.4	    0.0	    0.0	    0.0	    0.0	    1.0	  1	  -50.0	 1250.0	   92.4	    0.0	    0.0	1	  965.2	 21	    0.0	    5.0	
   17	   1.70	    0.0	    0.0	    0.0	    0.0	    0.0	    0.0	    0.0	    0.0	    0.0	    0.0	    0.0	  100.0	   91.9	    0.0	    0.0	    0.0	    0.0	    1.1	  1	  -50.0	 1250.0	   91.9	    0.0	    0.0	1	  964.5	 21	    0.0	    5.0	
   18	   1.80	    0.0	    0.0	    0.0	    0.0	    0.0	    0.0	    0.0	    0.0	    0.0	    0.0	    0.0	  100.0	   91.4	    0.0	    0.0	    0.0	    0.0	    1.1	  1	  -50.0	 1250.0	   91.4	    0.0	    0.0	1	  963.8	 21	    0.0	    5.0	
   19	   1.90	    0.0	    0.0	    0.0	    0.0	    0.0	    0.0	    0.0	    0.0	    0.0	    0.0	    0.0	  100.0	   90.9	    0.0	    0.0	    0.0	    0.0	    1.2	  1	  -50.0	 1250.0	   90.9	    0.0	    0.0	1	  963.1	 21	    0.0	    5.0	
   20	   2.00	    0.0	    0.0	    0.0	    0.0	    0.0	    0.0	    0.0	    0.0	    0.0	    0.0	    0.0	  100.0	   90.4	    0.0	    0.0	    0.0	    0.0	    1.3	  1	  -50.0	 1250.0	   90.4	    0.0	    0.0	1	  962.3	 21	    0.0	    5.0	
   21	   2.10	    0.0	    0.0	    0.0	    0.0	    0.0	    0.0	    0.0	    0.0	    0.0	    0.0	    0.0	  100.0	   89.9	    0.0	    0.0	    0.0	    0.0	    1.3	  1	  -50.0	 1250.0	   89.9	    0.0	    0.0	1	  961.6	 21	    0.0	    5.0	
   22	   2.20	    0.0	    0.0	    0.0	    0.0	    0.0	    0.0	    0.0	    0.0	    0.0	    0.0	    0.0	  100.0	   89.4	    0.0	    0.0	    0.0	    0.0	    1.4	  1	  -50.0	 1250.0	   89.4	    0.0	    0.0	1	  960.9	 21	    0.0	    5.0	
   23	   2.30	    0.0	    0.0	    0.0	    0.0	    0.0	    0.0	    0.0	    0.0	    0.0	    0.0	    0.0	  100.0	   88.9	    0.0	    0.0	    0.0	    0.0	    1.5	  1	  -50.0	 1250.0	   88.9	    0.0	    0.0	1	  960.1	 21	    0.0	    5.0	
   24	   2.40	    0.0	    0.0	    0.0	    0.0	    0.0	    0.0	    0.0	    0.0	    0.0	    0.0	    0.0	  100.0	   88.4	    0.0	    0.0	    0.0	    0.0	    1.5	  1	  -50.0	 1250.0	   88.4	    0.0	    0.0	1	  959.4	 21	    0.0	    5.0	
   25	   2.50	    0.0	    0.0	    0.0	    0.0	    0.0	    0.0	    0.0	    0.0	    0.0	    0.0	    0.0	  100.0	   87.9	    0.0	    0.0	    0.0	    0.0	    1.6	  1	  -50.0	 1250.0	   87.9	    0.0	    0.0	1	  958.6	 21	    0.0	    5.0	
   26	   2.60	    0.0	    0.0	    0.0	    0.0	    0.0	    0.0	    0.0	    0.0	    0.0	    0.0	    0.0	  100.0	   87.4	    0.0	    0.0	    0.0	    0.0	    1.7	  1	  -50.0	 1250.0	   87.4	    0.0	    0.0	1	  957.9	 21	    0.0	    5.0	
   27	   2.70	    0.0	    0.0	    0.0	    0.0	    0.0	    0.0	    0.0	    0.0	    0.0	    0.0	    0.0	  100.0	   86.9	    0.0	    0.0	    0.0	    0.0	    1.7	  1	  -50.0	 1250.0	   86.9	    0.0	    0.0	1	  957.1	 21	    0.0	    5.0	
   28	   2.80	    0.0	    0.0	    0.0	    0.0	    0.0	    0.0	    0.0	    0.0	    0.0	    0.0	    0.0	  100.0	   86.4	    0.0	    0.0	    0.0	    0.0	    1.8	  1	  -50.0	 1250.0	   86.4	    0.0	    0.0	1	  956.3	 21	    0.0	    5.0	
   29	   2.90	    0.0	    0.0	    0.0	    0.0	    0.0	    0.0	    0.0	    0.0	    0.0	    0.0	    0.0	  100.0	   85.9	    0.0	    0.0	    0.0	    0.0	    1.8	  1	  -50.0	 1250.0	   85.9	    0.0	    0.0	1	  955.6	 21	    0.0	    5.0	
   30	   3.00	    0.0	    0.0	    0.0	    0.0	    0.0	    0.0	    0.0	    0.0	    0.0	    0.0	    0.0	  100.0	   85.4	    0.0	    0.0	    0.0	    0.0	    1.9	  1	  -50.0	 1250.0	   85.4	    0.0	    0.0	1	  954.8	 21	    0.0	    5.0	
   31	   3.10	    0.0	    0.0	    0.0	    0.0	    0.0	    0.0	    0.0	    0.0	    0.0	    0.0	    0.0	  100.0	   84.9	    0.0	    0.0	    0.0	    0.0	    2.0	  1	  -50.0	 1250.0	   84.9	    0.0	    0.0	1	  954.0	 21	    0.0	    5.0	
   32	   3.20	    0.0	    0.0	    0.0	    0.0	    0.0	    0.0	    0.0	    0.0	    0.0	    0.0	    0.0	  100.0	   84.4	    0.0	    0.0	    0.0	    0.0	    2.0	  1	  -50.0	 1250.0	   84.4	    0.0	    0.0	1	  953.2	 21	    0.0	    5.0	
   33	   3.30	    0.0	    0.0	    0.0	    0.0	    0.0	    0.0	    0.0	    0.0	    0.0	    0.0	    0.0	  100.0	   83.9	    0.0	    0.0	    0.0	    0.0	    2.1	  1	  -50.0	 1250.0	   83.9	    0.0	    0.0	1	  952.4	 21	    0.0	    5.0	
   34	   3.40	    0.0	    0.0	    0.0	    0.0	    0.0	    0.0	    0.0	    0.0	    0.0	    0.0	    0.0	  100.0	   83.4	    0.0	    0.0	    0.0	    0.0	    2.2	  1	  -50.0	 1250.0	   83.4	    0.0	    0.0	1	  951.6	 21	    0.0	    5.0	
   35	   3.50	    0.0	    0.0	    0.0	    0.0	    0.0	    0.0	    0.0	    0.0	    0.0	    0.0	    0.0	  100.0	   82.9	    0.0	    0.0	    0.0	    0.0	    2.2	  1	  -50.0	 1250.0	   82.9	    0.0	    0.0	1	  950.8	 21	    0.0	    5.0	
   36	   3.60	    0.0	    0.0	    0.0	    0.0	    0.0	    0.0	    0.0	    0.0	    0.0	    0.0	    0.0	  100.0	   82.4	    0.0	    0.0	    0.0	    0.0	    2.3	  1	  -50.0	 1250.0	   82.4	    0.0	    0.0	1	  950.0	 21	    0.0	    5.0	
   37	   3.70	    0.0	    0.0	    0.0	    0.0	    0.0	    0.0	    0.0	    0.0	    0.0	    0.0	    0.0	  100.0	   81.9	    0.0	    0.0	    0.0	    0.0	    2.4	  1	  -50.0	 1250.0	   81.9	    0.0	    0.0	1	  949.2	 21	    0.0	    5.0	
   38	   3.80	    0.0	    0.0	    0.0	    0.0	    0.0	    0.0	    0.0	    0.0	    0.0	    0.0	    0.0	  100.0	   81.4	    0.0	    0.0	    0.0	    0.0	    2.4	  1	  -50.0	 1250.0	   81.4	    0.0	    0.0	1	  948.4	 21	    0.0	    5.0	
   39	   3.90	    0.0	    0.0	    0.0	    0.0	    0.0	    0.0	    0.0	    0.0	    0.0	    0.0	    0.0	  100.0	   80.9	    0.0	    0.0	    0.0	    0.0	    2.5	  1	  -50.0	 1250.0	   80.9	    0.0	    0.0	1	  947.6	 21	    0.0	    5.0	
   40	   4.00	    0.0	    0.0	    0.0	    0.0	    0.0	    0.0	    0.0	    0.0	    0.0	    0.0	    0.0	  100.0	   80.4	    0.0	    0.0	    0.0	    0.0	    2.5	  1	  -50.0	 1250.0	   80.4	    0.0	    0.0	1	  946.7	 21	    0.0	    5.0	
   41	   4.10	    0.0	    0.0	    0.0	    0.0	    0.0	    0.0	    0.0	    0.0	    0.0	    0.0	    0.0	  100.0	   79.9	    0.0	    0.0	    0.0	    0.0	    2.6	  1	  -50.0	 1250.0	   79.9	    0.0	    0.0	1	  945.9	 21	    0.0	    5.0	
   42	   4.20	    0.0	    0.0	    0.0	    0.0	    0.0	    0.0	    0.0	    0.0	    0.0	    0.0	    0.0	  100.0	   79.4	    0.0	    0.0	    0.0	    0.0	    2.7	  1	  -50.0	 1250.0	   79.4	    0.0	    0.0	1	  945.0	 21	    0.0	    5.0	
   43	   4.30	    0.0	    0.0	    0.0	    0.0	    0.0	    0.0	    0.0	    0.0	    0.0	    0.0	    0.0	  100.0	   78.9	    0.0	    0.0	    0.0	    0.0	    2.7	  1	  -50.0	 1250.0	   78.9	    0.0	    0.0	1	  944.2	 21	    0.0	    5.0	
   44	   4.40	    0.0	    0.0	    0.0	    0.0	    0.0	    0.0	    0.0	    0.0	    0.0	    0.0	    0.0	  100.0	   78.4	    0.0	    0.0	    0.0	    0.0	    2.8	  1	  -50.0	 1250.0	   78.4	    0.0	    0.0	1	  943.3	 21	    0.0	    5.0	
   45	   4.50	    0.0	    0.0	    0.0	    0.0	    0.0	    0.0	    0.0	    0.0	    0.0	    0.0	    0.0	  100.0	   77.9	    0.0	    0.0	    0.0	    0.0	    2.9	  1	  -50.0	 1250.0	   77.9	    0.0	    0.0	1	  942.5	 21	    0.0	    5.0	
   46	   4.60	    0.0	    0.0	    0.0	    0.0	    0.0	    0.0	    0.0	    0.0	    0.0	    0.0	    0.0	  100.0	   77.4	    0.0	    0.0	    0.0	    0.0	    2.9	  1	  -50.0	 1250.0	   77.4	    0.0	    0.0	1	  941.6	 21	    0.0	    5.0	
   47	   4.70	    0.0	    0.0	    0.0	    0.0	    0.0	    0.0	    0.0	    0.0	    0.0	    0.0	    0.0	  100.0	   76.9	    0.0	    0.0	    0.0	    0.0	    3.0	  1	  -50.0	 1250.0	   76.9	    0.0	    0.0	1	  940.8	 21	    0.0	    5.0	
   48	   4.80	    0.0	    0.0	    0.0	    0.0	    0.0	    0.0	    0.0	    0.0	    0.0	    0.0	    0.0	  100.0	   76.4	    0.0	    0.0	    0.0	    0.0	    3.1	  1	  -50.0	 1250.0	   76.4	    0.0	    0.0	1	  939.9	 21	    0.0	    5.0	
   49	   4.90	    0.0	    0.0	    0.0	    0.0	    0.0	    0.0	    0.0	    0.0	    0.0	    0.0	    0.0	  100.0	   75.9	    0.0	    0.0	    0.0	    0.0	    3.1	  1	  -50.0	 1250.0	   75.9	    0.0	    0.0	1	  939.0	 21	    0.0	    5.0	
   50	   5.00	    0.0	    0.0	    0.0	    0.0	    0.0	    0.0	    0.0	    0.0	    0.0	    0.0	    0.0	  100.0	   75.4	    0.0	    0.0	    0.0	    0.0	    3.2	  1	  -50.0	 1250.0	   75.4	    0.0	    0.0	1	  938.1	 21	    0.0	    5.0	
   51	   5.10	    0.0	    0.0	    0.0	    0.0	    0.0	    0.0	    0.0	    0.0	    0.0	    0.0	    0.0	  100.0	   74.9	    0.0	    0.0	    0.0	    0.0	    3.2	  1	  -50.0	 1250.0	   74.9	    0.0	    0.0	1	  937.2	 21	    0.0	    5.0	
   52	   5.20	    0.0	    0.0	    0.0	    0.0	    0.0	    0.0	    0.0	    0.0	    0.0	    0.0	    0.0	  100.0	   74.4	    0.0	    0.0	    0.0	    0.0	    3.3	  1	  -50.0	 1250.0	   74.4	    0.0	    0.0	1	  936.3	 21	    0.0	    5.0	
   53	   5.30	    0.0	    0.0	    0.0	    0.0	    0.0	    0.0	    0.0	    0.0	    0.0	    0.0	    0.0	  100.0	   73.9	    0.0	    0.0	    0.0	    0.0	    3.4	  1	  -50.0	 1250.0	   73.9	    0.0	    0.0	1	  935.4	 21	    0.0	    5.0	
   54	   5.40	    0.0	    0.0	    0.0	    0.0	    0.0	    0.0	    0.0	    0.0	    0.0	    0.0	    0.0	  100.0	   73.4	    0.0	    0.0	    0.0	    0.0	    3.4	  1	  -50.0	 1250.0	   73.4	    0.0	    0.0	1	  934.5	 21	    0.0	    5.0	
   55	   5.50	    0.0	    0.0	    0.0	    0.0	    0.0	    0.0	    0.0	    0.0	    0.0	    0.0	    0.0	  100.0	   72.9	    0.0	    0.0	    0.0	    0.0	    3.5	  1	  -50.0	 1250.0	   72.9	    0.0	    0.0	1	  933.6	 21	    0.0	    5.0	
   56	   5.60	    0.0	    0.0	    0.0	    0.0	    0.0	    0.0	    0.0	    0.0	    0.0	    0.0	    0.0	  100.0	   72.4	    0.0	    0.0	    0.0	    0.0	    3.6	  1	  -50.0	 1250.0	   72.4	    0.0	    0.0	1	  932.7	 21	    0.0	    5.0	
   57	   5.70	    0.0	    0.0	    0.0	    0.0	    0.0	    0.0	    0.0	    0.0	    0.0	    0.0	    0.0	  100.0	   71.9	    0.0	    0.0	    0.0	    0.0	    3.6	  1	  -50.0	 1250.0	   71.9	    0.0	    0.0	1	  931.8	 21	    0.0	    5.0	
   58	   5.80	    0.0	    0.0	    0.0	    0.0	    0.0	    0.0	    0.0	    0.0	    0.0	    0.0	    0.0	  100.0	   71.4	    0.0	    0.0	    0.0	    0.0	    3.7	  1	  -50.0	 1250.0	   71.4	    0.0	    0.0	1	  930.8	 21	    0.0	    5.0	
   59	   5.90	    0.0	    0.0	    0.0	    0.0	    0.0	    0.0	    0.0	    0.0	    0.0	    0.0	    0.0	  100.0	   70.9	    0.0	    0.0	    0.0	    0.0	    3.8	  1	  -50.0	 1250.0	   70.9	    0.0	    0.0	1	  929.9	 21	    0.0	    5.0	
   60	   6.00	    0.0	    0.0	    0.0	    0.0	    0.0	    0.0	    0.0	    0.0	    0.0	    0.0	    0.0	  100.0	   70.4	    0.0	    0.0	    0.0	    0.0	    3.8	  1	  -50.0	 1250.0	   70.4	    0.0	    0.0	1	  928.9	 21	    0.0	    5.0	
   61	   6.10	    0.0	    0.0	    0.0	    0.0	    0.0	    0.0	    0.0	    0.0	    0.0	    0.0	    0.0	  100.0	   69.9	    0.0	    0.0	    0.0	    0.0	    3.9	  1	  -50.0	 1250.0	   69.9	    0.0	    0.0	1	  928.0	 21	    0.0	    5.0	
   62	   6.20	    0.0	    0.0	    0.0	    0.0	    0.0	    0.0	    0.0	    0.0	    0.0	    0.0	    0.0	  100.0	   69.4	    0.0	    0.0	    0.0	    0.0	    3.9	  1	  -50.0	 1250.0	   69.4	    0.0	    0.0	1	  927.0	 21	    0.0	    5.0	
   63	   6.30	    0.0	    0.0	    0.0	    0.0	    0.0	    0.0	    0.0	    0.0	    0.0	    0.0	    0.0	  100.0	   68.9	    0.0	    0.0	    0.0	    0.0	    4.0	  1	  -50.0	 1250.0	   68.9	    0.0	    0.0	1	  926.1	 21	    0.0	    5.0	
   64	   6.40	    0.0	    0.0	    0.0	    0.0	    0.0	    0.0	    0.0	    0.0	    0.0	    0.0	    0.0	  100.0	   68.4	    0.0	    0.0	    0.0	    0.0	    4.1	  1	  -50.0	 1250.0	   68.4	    0.0	    0.0	1	  925.1	 21	    0.0	    5.0	
   65	   6.50	    0.0	    0.0	    0.0	    0.0	    0.0	    0.0	    0.0	    0.0	    0.0	    0.0	    0.0	  100.0	   67.9	    0.0	    0.0	    0.0	    0.0	    4.1	  1	  -50.0	 1250.0	   67.9	    0.0	    0.0	1	  924.2	 21	    0.0	    5.0	
   66	   6.60	    0.0	    0.0	    0.0	    0.0	    0.0	    0.0	    0.0	    0.0	    0.0	    0.0	    0.0	  100.0	   67.4	    0.0	    0.0	    0.0	    0.0	    4.2	  1	  -50.0	 1250.0	   67.4	    0.0	    0.0	1	  923.2	 21	    0.0	    5.0	
   67	   6.70	    0.0	    0.0	    0.0	    0.0	    0.0	    0.0	    0.0	    0.0	    0.0	    0.0	    0.0	  100.0	   66.9	    0.0	    0.0	    0.0	    0.0	    4.3	  1	  -50.0	 1250.0	   66.9	    0.0	    0.0	1	  922.2	 21	    0.0	    5.0	
   68	   6.80	    0.0	    0.0	    0.0	    0.0	    0.0	    0.0	    0.0	    0.0	    0.0	    0.0	    0.0	  100.0	   66.4	    0.0	    0.0	    0.0	    0.0	    4.3	  1	  -50.0	 1250.0	   66.4	    0.0	    0.0	1	  921.2	 21	    0.0	    5.0	
   69	   6.90	    0.0	    0.0	    0.0	    0.0	    0.0	    0.0	    0.0	    0.0	    0.0	    0.0	    0.0	  100.0	   65.9	    0.0	    0.0	    0.0	    0.0	    4.4	  1	  -50.0	 1250.0	   65.9	    0.0	    0.0	1	  920.2	 21	    0.0	    5.0	
   70	   7.00	    0.0	    0.0	    0.0	    0.0	    0.0	    0.0	    0.0	    0.0	    0.0	    0.0	    0.0	  100.0	   65.4	    0.0	    0.0	    0.0	    0.0	    4.5	  1	  -50.0	 1250.0	   65.4	    0.0	    0.0	1	  919.2	 21	    0.0	    5.0	
   71	   7.10	    0.0	    0.0	    0.0	    0.0	    0.0	    0.0	    0.0	    0.0	    0.0	    0.0	    0.0	  100.0	   64.9	    0.0	    0.0	    0.0	    0.0	    4.5	  1	  -50.0	 1250.0	   64.9	    0.0	    0.0	1	  918.2	 21	    0.0	    5.0	
   72	   7.20	    0.0	    0.0	    0.0	    0.0	    0.0	    0.0	    0.0	    0.0	    0.0	    0.0	    0.0	  100.0	   64.4	    0.0	    0.0	    0.0	    0.0	    4.6	  1	  -50.0	 1250.0	   64.4	    0.0	    0.0	1	  917.2	 21	    0.0	    5.0	
   73	   7.30	    0.0	    0.0	    0.0	    0.0	    0.0	    0.0	    0.0	    0.0	    0.0	    0.0	    0.0	  100.0	   63.9	    0.0	    0.0	    0.0	    0.0	    4.6	  1	  -50.0	 1250.0	   63.9	    0.0	    0.0	1	  916.2	 21	    0.0	    5.0	
   74	   7.40	    0.0	    0.0	    0.0	    0.0	    0.0	    0.0	    0.0	    0.0	    0.0	    0.0	    0.0	  100.0	   63.4	    0.0	    0.0	    0.0	    0.0	    4.7	  1	  -50.0	 1250.0	   63.4	    0.0	    0.0	1	  915.2	 21	    0.0	    5.0	
   75	   7.50	    0.0	    0.0	    0.0	    0.0	    0.0	    0.0	    0.0	    0.0	    0.0	    0.0	    0.0	  100.0	   62.9	    0.0	    0.0	    0.0	    0.0	    4.8	  1	  -50.0	 1250.0	   62.9	    0.0	    0.0	1	  914.1	 21	    0.0	    5.0	
   76	   7.60	    0.0	    0.0	    0.0	    0.0	    0.0	    0.0	    0.0	    0.0	    0.0	    0.0	    0.0	  100.0	   62.4	    0.0	    0.0	    0.0	    0.0	    4.8	  1	  -50.0	 1250.0	   62.4	    0.0	    0.0	1	  913.1	 21	    0.0	    5.0	
   77	   7.70	    0.0	    0.0	    0.0	    0.0	    0.0	    0.0	    0.0	    0.0	    0.0	    0.0	    0.0	  100.0	   61.9	    0.0	    0.0	    0.0	    0.0	    4.9	  1	  -50.0	 1250.0	   61.9	    0.0	    0.0	1	  912.1	 21	    0.0	    5.0	
   78	   7.80	    0.0	    0.0	    0.0	    0.0	    0.0	    0.0	    0.0	    0.0	    0.0	    0.0	    0.0	  100.0	   61.4	    0.0	    0.0	    0.0	    0.0	    5.0	  1	  -50.0	 1250.0	   61.4	    0.0	    0.0	1	  911.0	 21	    0.0	    5.0	
   79	   7.90	    0.0	    0.0	    0.0	    0.0	    0.0	    0.0	    0.0	    0.0	    0.0	    0.0	    0.0	  100.0	   60.9	    0.0	    0.0	    0.0	    0.0	    5.0	  1	  -50.0	 1250.0	   60.9	    0.0	    0.0	1	  910.0	 21	    0.0	    5.0	
   80	   8.00	    0.0	    0.0	    0.0	    0.0	    0.0	    0.0	    0.0	    0.0	    0.0	    0.0	    0.0	  100.0	   60.4	    0.0	    0.0	    0.0	    0.0	    5.1	  1	  -50.0	 1250.0	   60.4	    0.0	    0.0	1	  908.9	 21	    0.0	    5.0	
   81	   8.10	    0.0	    0.0	    0.0	    0.0	    0.0	    0.0	    0.0	    0.0	    0.0	    0.0	    0.0	  100.0	   59.9	    0.0	    0.0	    0.0	    0.0	    5.2	  1	  -50.0	 1250.0	   59.9	    0.0	    0.0	1	  907.9	 21	    0.0	    5.0	
   82	   8.20	    0.0	    0.0	    0.0	    0.0	    0.0	    0.0	    0.0	    0.0	    0.0	    0.0	    0.0	  100.0	   59.4	    0.0	    0.0	    0.0	    0.0	    5.2	  1	  -50.0	 1250.0	   59.4	    0.0	    0.0	1	  906.8	 21	    0.0	    5.0	
