    1	   0.00	    0.0	 1500.0	    0.0	    0.0	    0.0	    0.0	    0.0	    0.0	    0.0	    0.0	    0.0	  100.0	  100.0	    0.0	    0.0	    0.0	    0.0	    0.0	  1	-1000.0	  500.0	  100.0	    0.0	    0.0	1	  526.8	 21	 1371.8	  -28.2	
    2	   0.02	    0.0	 1500.0	    0.0	    0.0	    0.0	    0.0	    0.0	    0.0	    0.0	    0.0	    0.0	  100.0	   99.7	    0.0	    0.0	    0.0	    0.0	    0.1	  1	  -50.0	 1250.0	   99.7	    0.0	    0.0	1	  227.0	 21	 1391.9	   19.2	
    3	   0.03	    0.0	 1500.0	    0.0	    0.0	    0.0	    0.0	    0.0	    0.0	    0.0	    0.0	    0.0	  100.0	   99.5	    0.0	    0.0	    0.0	    0.0	    0.1	  1	  -50.0	 1250.0	   99.5	    0.0	    0.0	1	  227.0	 21	 1391.5	   19.2	
    4	   0.04	    0.0	 1500.0	    0.0	    0.0	    0.0	    0.0	    0.0	    0.0	    0.0	    0.0	    0.0	  100.0	   99.2	    0.0	    0.0	    0.0	    0.0	    0.2	  1	  -50.0	 1250.0	   99.2	    0.0	    0.0	1	  227.0	 21	 1391.2	   19.1	
    5	   0.06	    0.0	 1500.0	    0.0	    0.0	    0.0	    0.0	    0.0	    0.0	    0.0	    0.0	    0.0	  100.0	   99.0	    0.0	    0.0	    0.0	    0.0	    0.2	  1	  -50.0	 1250.0	   99.0	    0.0	    0.0	1	  227.0	 21	 1390.8	   19.1	
    6	   0.07	    0.0	 1500.0	    0.0	    0.0	    0.0	    0.0	    0.0	    0.0	    0.0	    0.0	    0.0	  100.0	   98.7	    0.0	    0.0	    0.0	    0.0	    0.2	  1	  -50.0	 1250.0	   98.7	    0.0	    0.0	1	  227.0	 21	 1390.4	   19.0	
    7	   0.08	    0.0	 1500.0	    0.0	    0.0	    0.0	    0.0	    0.0	    0.0	    0.0	    0.0	    0.0	  100.0	   98.5	    0.0	    0.0	    0.0	    0.0	    0.3	  1	  -50.0	 1250.0	   98.5	    0.0	    0.0	1	  227.0	 21	 1390.1	   19.0	
    8	   0.09	    0.0	 1500.0	    0.0	    0.0	    0.0	    0.0	    0.0	    0.0	    0.0	    0.0	    0.0	  100.0	   98.2	    0.0	    0.0	    0.0	    0.0	    0.3	  1	  -50.0	 1250.0	   98.2	    0.0	    0.0	1	  227.0	 21	 1389.7	   19.0	
    9	   0.10	    0.0	 1500.0	    0.0	    0.0	    0.0	    0.0	    0.0	    0.0	    0.0	    0.0	    0.0	  100.0	   98.0	    0.0	    0.0	    0.0	    0.0	    0.3	  1	  -50.0	 1250.0	   98.0	    0.0	    0.0	1	  227.0	 21	 1389.3	   18.9	
   10	   0.12	    0.0	 1500.0	    0.0	    0.0	    0.0	    0.0	    0.0	    0.0	    0.0	    0.0	    0.0	  100.0	   97.7	    0.0	    0.0	    0.0	    0.0	    0.4	  1	  -50.0	 1250.0	   97.7	    0.0	    0.0	1	  227.0	 21	 1389.0	   18.9	
   11	   0.13	    0.0	 1500.0	    0.0	    0.0	    0.0	    0.0	    0.0	    0.0	    0.0	    0.0	    0.0	  100.0	   97.5	    0.0	    0.0	    0.0	    0.0	    0.4	  1	  -50.0	 1250.0	   97.5	    0.0	    0.0	1	  227.0	 21	 1388.6	   18.9	
   12	   0.14	    0.0	 1500.0	    0.0	    0.0	    0.0	    0.0	    0.0	    0.0	    0.0	    0.0	    0.0	  100.0	   97.2	    0.0	    0.0	    0.0	    0.0	    0.5	  1	  -50.0	 1250.0	   97.2	    0.0	    0.0	1	  227.0	 21	 1388.2	   18.8	
   13	   0.15	    0.0	 1500.0	    0.0	    0.0	    0.0	    0.0	    0.0	    0.0	    0.0	    0.0	    0.0	  100.0	   96.9	    0.0	    0.0	    0.0	    0.0	    0.5	  1	  -50.0	 1250.0	   96.9	    0.0	    0.0	1	  227.0	 21	 1387.9	   18.8	
   14	   0.17	    0.0	 1500.0	    0.0	    0.0	    0.0	    0.0	    0.0	    0.0	    0.0	    0.0	    0.0	  100.0	   96.7	    0.0	    0.0	    0.0	    0.0	    0.5	  1	  -50.0	 1250.0	   96.7	    0.0	    0.0	1	  227.0	 21	 1387.5	   18.7	
   15	   0.18	    0.0	 1500.0	    0.0	    0.0	    0.0	    0.0	    0.0	    0.0	    0.0	    0.0	    0.0	  100.0	   96.4	    0.0	    0.0	    0.0	    0.0	    0.6	  1	  -50.0	 1250.0	   96.4	    0.0	    0.0	1	  227.0	 21	 1387.1	   18.7	
   16	   0.19	    0.0	 1500.0	    0.0	    0.0	    0.0	    0.0	    0.0	    0.0	    0.0	    0.0	    0.0	  100.0	   96.2	    0.0	    0.0	    0.0	    0.0	    0.6	  1	  -50.0	 1250.0	   96.2	    0.0	    0.0	1	  227.0	 21	 1386.8	   18.7	
   17	   0.20	    0.0	 1500.0	    0.0	    0.0	    0.0	    0.0	    0.0	    0.0	    0.0	    0.0	    0.0	  100.0	   95.9	    0.0	    0.0	    0.0	    0.0	    0.6	  1	  -50.0	 1250.0	   95.9	    0.0	    0.0	1	  227.0	 21	 1386.4	   18.6	
   18	   0.21	    0.0	 1500.0	    0.0	    0.0	    0.0	    0.0	    0.0	    0.0	    0.0	    0.0	    0.0	  100.0	   95.7	    0.0	    0.0	    0.0	    0.0	    0.7	  1	  -50.0	 1250.0	   95.7	    0.0	    0.0	1	  227.0	 21	 1386.0	   18.6	
   19	   0.23	    0.0	 1500.0	    0.0	    0.0	    0.0	    0.0	    0.0	    0.0	    0.0	    0.0	    0.0	  100.0	   95.4	    0.0	    0.0	    0.0	    0.0	    0.7	  1	  -50.0	 1250.0	   95.4	    0.0	    0.0	1	  227.0	 21	 1385.7	   18.6	
   20	   0.24	    0.0	 1500.0	    0.0	    0.0	    0.0	    0.0	    0.0	    0.0	    0.0	    0.0	    0.0	  100.0	   95.2	    0.0	    0.0	    0.0	    0.0	    0.8	  1	  -50.0	 1250.0	   95.2	    0.0	    0.0	1	  227.0	 21	 1385.3	   18.5	
   21	   0.25	    0.0	 1500.0	    0.0	    0.0	    0.0	    0.0	    0.0	    0.0	    0.0	    0.0	    0.0	  100.0	   94.9	    0.0	    0.0	    0.0	    0.0	    0.8	  1	  -50.0	 1250.0	   94.9	    0.0	    0.0	1	  227.0	 21	 1384.9	   18.5	
   22	   0.26	    0.0	 1500.0	    0.0	    0.0	    0.0	    0.0	    0.0	    0.0	    0.0	    0.0	    0.0	  100.0	   94.6	    0.0	    0.0	    0.0	    0.0	    0.8	  1	  -50.0	 1250.0	   94.6	    0.0	    0.0	1	  227.0	 21	 1384.6	   18.5	
   23	   0.28	    0.0	 1500.0	    0.0	    0.0	    0.0	    0.0	    0.0	    0.0	    0.0	    0.0	    0.0	  100.0	   94.4	    0.0	    0.0	    0.0	    0.0	    0.9	  1	  -50.0	 1250.0	   94.4	    0.0	    0.0	1	  227.0	 21	 1384.2	   18.4	
   24	   0.29	    0.0	 1500.0	    0.0	    0.0	    0.0	    0.0	    0.0	    0.0	    0.0	    0.0	    0.0	  100.0	   94.1	    0.0	    0.0	    0.0	    0.0	    0.9	  1	  -50.0	 1250.0	   94.1	    0.0	    0.0	1	  227.0	 21	 1383.8	   18.4	
   25	   0.30	    0.0	 1500.0	    0.0	    0.0	    0.0	    0.0	    0.0	    0.0	    0.0	    0.0	    0.0	  100.0	   93.9	    0.0	    0.0	    0.0	    0.0	    0.9	  1	  -50.0	 1250.0	   93.9	    0.0	    0.0	1	  227.0	 21	 1383.5	   18.3	
   26	   0.31	    0.0	 1500.0	    0.0	    0.0	    0.0	    0.0	    0.0	    0.0	    0.0	    0.0	    0.0	  100.0	   93.6	    0.0	    0.0	    0.0	    0.0	    1.0	  1	  -50.0	 1250.0	   93.6	    0.0	    0.0	1	  227.0	 21	 1383.1	   18.3	
   27	   0.33	    0.0	 1500.0	    0.0	    0.0	    0.0	    0.0	    0.0	    0.0	    0.0	    0.0	    0.0	  100.0	   93.4	    0.0	    0.0	    0.0	    0.0	    1.0	  1	  -50.0	 1250.0	   93.4	    0.0	    0.0	1	  227.0	 21	 1382.7	   18.3	
   28	   0.34	    0.0	 1500.0	    0.0	    0.0	    0.0	    0.0	    0.0	    0.0	    0.0	    0.0	    0.0	  100.0	   93.1	    0.0	    0.0	    0.0	    0.0	    1.1	  1	  -50.0	 1250.0	   93.1	    0.0	    0.0	1	  227.0	 21	 1382.4	   18.2	
   29	   0.35	    0.0	 1500.0	    0.0	    0.0	    0.0	    0.0	    0.0	    0.0	    0.0	    0.0	    0.0	  100.0	   92.9	    0.0	    0.0	    0.0	    0.0	    1.1	  1	  -50.0	 1250.0	   92.9	    0.0	    0.0	1	  227.0	 21	 1382.0	   18.2	
   30	   0.36	    0.0	 1500.0	    0.0	    0.0	    0.0	    0.0	    0.0	    0.0	    0.0	    0.0	    0.0	  100.0	   92.6	    0.0	    0.0	    0.0	    0.0	    1.1	  1	  -50.0	 1250.0	   92.6	    0.0	    0.0	1	  227.0	 21	 1381.6	   18.2	
   31	   0.37	    0.0	 1500.0	    0.0	    0.0	    0.0	    0.0	    0.0	    0.0	    0.0	    0.0	    0.0	  100.0	   92.4	    0.0	    0.0	    0.0	    0.0	    1.2	  1	  -50.0	 1250.0	   92.4	    0.0	    0.0	1	  227.0	 21	 1381.3	   18.1	
   32	   0.39	    0.0	 1500.0	    0.0	    0.0	    0.0	    0.0	    0.0	    0.0	    0.0	    0.0	    0.0	  100.0	   92.1	    0.0	    0.0	    0.0	    0.0	    1.2	  1	  -50.0	 1250.0	   92.1	    0.0	    0.0	1	  227.0	 21	 1380.9	   18.1	
   33	   0.40	    0.0	 1500.0	    0.0	    0.0	    0.0	    0.0	    0.0	    0.0	    0.0	    0.0	    0.0	  100.0	   91.8	    0.0	    0.0	    0.0	    0.0	    1.3	  1	  -50.0	 1250.0	   91.8	    0.0	    0.0	1	  227.0	 21	 1380.5	   18.1	
   34	   0.41	    0.0	 1500.0	    0.0	    0.0	    0.0	    0.0	    0.0	    0.0	    0.0	    0.0	    0.0	  100.0	   91.6	    0.0	    0.0	    0.0	    0.0	    1.3	  1	  -50.0	 1250.0	   91.6	    0.0	    0.0	1	  227.0	 21	 1380.2	   18.0	
   35	   0.42	    0.0	 1500.0	    0.0	    0.0	    0.0	    0.0	    0.0	    0.0	    0.0	    0.0	    0.0	  100.0	   91.3	    0.0	    0.0	    0.0	    0.0	    1.3	  1	  -50.0	 1250.0	   91.3	    0.0	    0.0	1	  227.0	 21	 1379.8	   18.0	
   36	   0.43	    0.0	 1500.0	    0.0	    0.0	    0.0	    0.0	    0.0	    0.0	    0.0	    0.0	    0.0	  100.0	   91.1	    0.0	    0.0	    0.0	    0.0	    1.4	  1	  -50.0	 1250.0	   91.1	    0.0	    0.0	1	  227.0	 21	 1379.4	   17.9	
   37	   0.45	    0.0	 1500.0	    0.0	    0.0	    0.0	    0.0	    0.0	    0.0	    0.0	    0.0	    0.0	  100.0	   90.8	    0.0	    0.0	    0.0	    0.0	    1.4	  1	  -50.0	 1250.0	   90.8	    0.0	    0.0	1	  227.0	 21	 1379.1	   17.9	
   38	   0.46	    0.0	 1500.0	    0.0	    0.0	    0.0	    0.0	    0.0	    0.0	    0.0	    0.0	    0.0	  100.0	   90.6	    0.0	    0.0	    0.0	    0.0	    1.4	  1	  -50.0	 1250.0	   90.6	    0.0	    0.0	1	  227.0	 21	 1378.7	   17.9	
   39	   0.47	    0.0	 1500.0	    0.0	    0.0	    0.0	    0.0	    0.0	    0.0	    0.0	    0.0	    0.0	  100.0	   90.3	    0.0	    0.0	    0.0	    0.0	    1.5	  1	  -50.0	 1250.0	   90.3	    0.0	    0.0	1	  227.0	 21	 1378.3	   17.8	
   40	   0.48	    0.0	 1500.0	    0.0	    0.0	    0.0	    0.0	    0.0	    0.0	    0.0	    0.0	    0.0	  100.0	   90.1	    0.0	    0.0	    0.0	    0.0	    1.5	  1	  -50.0	 1250.0	   90.1	    0.0	    0.0	1	  227.0	 21	 1378.0	   17.8	
   41	   0.49	    0.0	 1500.0	    0.0	    0.0	    0.0	    0.0	    0.0	    0.0	    0.0	    0.0	    0.0	  100.0	   89.8	    0.0	    0.0	    0.0	    0.0	    1.6	  1	  -50.0	 1250.0	   89.8	    0.0	    0.0	1	  227.0	 21	 1377.6	   17.8	
   42	   0.51	    0.0	 1500.0	    0.0	    0.0	    0.0	    0.0	    0.0	    0.0	    0.0	    0.0	    0.0	  100.0	   89.6	    0.0	    0.0	    0.0	    0.0	    1.6	  1	  -50.0	 1250.0	   89.6	    0.0	    0.0	1	  227.0	 21	 1377.2	   17.7	
   43	   0.52	    0.0	 1500.0	    0.0	    0.0	    0.0	    0.0	    0.0	    0.0	    0.0	    0.0	    0.0	  100.0	   89.3	    0.0	    0.0	    0.0	    0.0	    1.6	  1	  -50.0	 1250.0	   89.3	    0.0	    0.0	1	  227.0	 21	 1376.9	   17.7	
   44	   0.53	    0.0	 1500.0	    0.0	    0.0	    0.0	    0.0	    0.0	    0.0	    0.0	    0.0	    0.0	  100.0	   89.0	    0.0	    0.0	    0.0	    0.0	    1.7	  1	  -50.0	 1250.0	   89.0	    0.0	    0.0	1	  227.0	 21	 1376.5	   17.7	
   45	   0.54	    0.0	 1500.0	    0.0	    0.0	    0.0	    0.0	    0.0	    0.0	    0.0	    0.0	    0.0	  100.0	   88.8	    0.0	    0.0	    0.0	    0.0	    1.7	  1	  -50.0	 1250.0	   88.8	    0.0	    0.0	1	  227.0	 21	 1376.1	   17.6	
   46	   0.56	    0.0	 1500.0	    0.0	    0.0	    0.0	    0.0	    0.0	    0.0	    0.0	    0.0	    0.0	  100.0	   88.5	    0.0	    0.0	    0.0	    0.0	    1.7	  1	  -50.0	 1250.0	   88.5	    0.0	    0.0	1	  227.0	 21	 1375.8	   17.6	
   47	   0.57	    0.0	 1500.0	    0.0	    0.0	    0.0	    0.0	    0.0	    0.0	    0.0	    0.0	    0.0	  100.0	   88.3	    0.0	    0.0	    0.0	    0.0	    1.8	  1	  -50.0	 1250.0	   88.3	    0.0	    0.0	1	  227.0	 21	 1375.4	   17.5	
   48	   0.58	    0.0	 1500.0	    0.0	    0.0	    0.0	    0.0	    0.0	    0.0	    0.0	    0.0	    0.0	  100.0	   88.0	    0.0	    0.0	    0.0	    0.0	    1.8	  1	  -50.0	 1250.0	   88.0	    0.0	    0.0	1	  227.0	 21	 1375.0	   17.5	
   49	   0.59	    0.0	 1500.0	    0.0	    0.0	    0.0	    0.0	    0.0	    0.0	    0.0	    0.0	    0.0	  100.0	   87.8	    0.0	    0.0	    0.0	    0.0	    1.9	  1	  -50.0	 1250.0	   87.8	    0.0	    0.0	1	  227.0	 21	 1374.7	   17.5	
   50	   0.60	    0.0	 1500.0	    0.0	    0.0	    0.0	    0.0	    0.0	    0.0	    0.0	    0.0	    0.0	  100.0	   87.5	    0.0	    0.0	    0.0	    0.0	    1.9	  1	  -50.0	 1250.0	   87.5	    0.0	    0.0	1	  227.0	 21	 1374.3	   17.4	
   51	   0.61	    0.0	 1500.0	    0.0	    0.0	    0.0	    0.0	    0.0	    0.0	    0.0	    0.0	    0.0	  100.0	   87.3	    0.0	    0.0	    0.0	    0.0	    1.9	  1	  -50.0	 1250.0	   87.3	    0.0	    0.0	1	  227.0	 21	 1373.9	   17.4	
   52	   0.63	    0.0	 1500.0	    0.0	    0.0	    0.0	    0.0	    0.0	    0.0	    0.0	    0.0	    0.0	  100.0	   87.0	    0.0	    0.0	    0.0	    0.0	    2.0	  1	  -50.0	 1250.0	   87.0	    0.0	    0.0	1	  227.0	 21	 1373.6	   17.4	
   53	   0.64	    0.0	 1500.0	    0.0	    0.0	    0.0	    0.0	    0.0	    0.0	    0.0	    0.0	    0.0	  100.0	   86.7	    0.0	    0.0	    0.0	    0.0	    2.0	  1	  -50.0	 1250.0	   86.7	    0.0	    0.0	1	  227.0	 21	 1373.2	   17.3	
   54	   0.65	    0.0	 1500.0	    0.0	    0.0	    0.0	    0.0	    0.0	    0.0	    0.0	    0.0	    0.0	  100.0	   86.5	    0.0	    0.0	    0.0	    0.0	    2.1	  1	  -50.0	 1250.0	   86.5	    0.0	    0.0	1	  227.0	 21	 1372.9	   17.3	
   55	   0.66	    0.0	 1500.0	    0.0	    0.0	    0.0	    0.0	    0.0	    0.0	    0.0	    0.0	    0.0	  100.0	   86.2	    0.0	    0.0	    0.0	    0.0	    2.1	  1	  -50.0	 1250.0	   86.2	    0.0	    0.0	1	  227.0	 21	 1372.5	   17.2	
   56	   0.68	    0.0	 1500.0	    0.0	    0.0	    0.0	    0.0	    0.0	    0.0	    0.0	    0.0	    0.0	  100.0	   86.0	    0.0	    0.0	    0.0	    0.0	    2.1	  1	  -50.0	 1250.0	   86.0	    0.0	    0.0	1	  227.0	 21	 1372.1	   17.2	
   57	   0.69	    0.0	 1500.0	    0.0	    0.0	    0.0	    0.0	    0.0	    0.0	    0.0	    0.0	    0.0	  100.0	   85.7	    0.0	    0.0	    0.0	    0.0	    2.2	  1	  -50.0	 1250.0	   85.7	    0.0	    0.0	1	  227.0	 21	 1371.8	   17.2	
   58	   0.70	    0.0	 1500.0	    0.0	    0.0	    0.0	    0.0	    0.0	    0.0	    0.0	    0.0	    0.0	  100.0	   85.5	    0.0	    0.0	    0.0	    0.0	    2.2	  1	  -50.0	 1250.0	   85.5	    0.0	    0.0	1	  227.0	 21	 1371.4	   17.1	
   59	   0.71	    0.0	 1500.0	    0.0	    0.0	    0.0	    0.0	    0.0	    0.0	    0.0	    0.0	    0.0	  100.0	   85.2	    0.0	    0.0	    0.0	    0.0	    2.2	  1	  -50.0	 1250.0	   85.2	    0.0	    0.0	1	  227.0	 21	 1371.0	   17.1	
   60	   0.73	    0.0	 1500.0	    0.0	    0.0	    0.0	    0.0	    0.0	    0.0	    0.0	    0.0	    0.0	  100.0	   85.0	    0.0	    0.0	    0.0	    0.0	    2.3	  1	  -50.0	 1250.0	   85.0	    0.0	    0.0	1	  227.0	 21	 1370.7	   17.1	
   61	   0.74	    0.0	 1500.0	    0.0	    0.0	    0.0	    0.0	    0.0	    0.0	    0.0	    0.0	    0.0	  100.0	   84.7	    0.0	    0.0	    0.0	    0.0	    2.3	  1	  -50.0	 1250.0	   84.7	    0.0	    0.0	1	  227.0	 21	 1370.3	   17.0	
   62	   0.75	    0.0	 1500.0	    0.0	    0.0	    0.0	    0.0	    0.0	    0.0	    0.0	    0.0	    0.0	  100.0	   84.5	    0.0	    0.0	    0.0	    0.0	    2.4	  1	  -50.0	 1250.0	   84.5	    0.0	    0.0	1	  227.0	 21	 1369.9	   17.0	
   63	   0.76	    0.0	 1500.0	    0.0	    0.0	    0.0	    0.0	    0.0	    0.0	    0.0	    0.0	    0.0	  100.0	   84.2	    0.0	    0.0	    0.0	    0.0	    2.4	  1	  -50.0	 1250.0	   84.2	    0.0	    0.0	1	  227.0	 21	 1369.6	   17.0	
   64	   0.77	    0.0	 1500.0	    0.0	    0.0	    0.0	    0.0	    0.0	    0.0	    0.0	    0.0	    0.0	  100.0	   83.9	    0.0	    0.0	    0.0	    0.0	    2.4	  1	  -50.0	 1250.0	   83.9	    0.0	    0.0	1	  227.0	 21	 1369.2	   16.9	
   65	   0.79	    0.0	 1500.0	    0.0	    0.0	    0.0	    0.0	    0.0	    0.0	    0.0	    0.0	    0.0	  100.0	   83.7	    0.0	    0.0	    0.0	    0.0	    2.5	  1	  -50.0	 1250.0	   83.7	    0.0	    0.0	1	  227.0	 21	 1368.8	   16.9	
   66	   0.80	    0.0	 1500.0	    0.0	    0.0	    0.0	    0.0	    0.0	    0.0	    0.0	    0.0	    0.0	  100.0	   83.4	    0.0	    0.0	    0.0	    0.0	    2.5	  1	  -50.0	 1250.0	   83.4	    0.0	    0.0	1	  227.0	 21	 1368.5	   16.8	
   67	   0.81	    0.0	 1500.0	    0.0	    0.0	    0.0	    0.0	    0.0	    0.0	    0.0	    0.0	    0.0	  100.0	   83.2	    0.0	    0.0	    0.0	    0.0	    2.5	  1	  -50.0	 1250.0	   83.2	    0.0	    0.0	1	  227.0	 21	 1368.1	   16.8	
   68	   0.82	    0.0	 1500.0	    0.0	    0.0	    0.0	    0.0	    0.0	    0.0	    0.0	    0.0	    0.0	  100.0	   82.9	    0.0	    0.0	    0.0	    0.0	    2.6	  1	  -50.0	 1250.0	   82.9	    0.0	    0.0	1	  227.0	 21	 1367.7	   16.8	
   69	   0.84	    0.0	 1500.0	    0.0	    0.0	    0.0	    0.0	    0.0	    0.0	    0.0	    0.0	    0.0	  100.0	   82.7	    0.0	    0.0	    0.0	    0.0	    2.6	  1	  -50.0	 1250.0	   82.7	    0.0	    0.0	1	  227.0	 21	 1367.4	   16.7	
   70	   0.85	    0.0	 1500.0	    0.0	    0.0	    0.0	    0.0	    0.0	    0.0	    0.0	    0.0	    0.0	  100.0	   82.4	    0.0	    0.0	    0.0	    0.0	    2.7	  1	  -50.0	 1250.0	   82.4	    0.0	    0.0	1	  227.0	 21	 1367.0	   16.7	
   71	   0.86	    0.0	 1500.0	    0.0	    0.0	    0.0	    0.0	    0.0	    0.0	    0.0	    0.0	    0.0	  100.0	   82.2	    0.0	    0.0	    0.0	    0.0	    2.7	  1	  -50.0	 1250.0	   82.2	    0.0	    0.0	1	  227.0	 21	 1366.6	   16.7	
   72	   0.87	    0.0	 1500.0	    0.0	    0.0	    0.0	    0.0	    0.0	    0.0	    0.0	    0.0	    0.0	  100.0	   81.9	    0.0	    0.0	    0.0	    0.0	    2.7	  1	  -50.0	 1250.0	   81.9	    0.0	    0.0	1	  227.0	 21	 1366.3	   16.6	
   73	   0.89	    0.0	 1500.0	    0.0	    0.0	    0.0	    0.0	    0.0	    0.0	    0.0	    0.0	    0.0	  100.0	   81.7	    0.0	    0.0	    0.0	    0.0	    2.8	  1	  -50.0	 1250.0	   81.7	    0.0	    0.0	1	  227.0	 21	 1365.9	   16.6	
   74	   0.90	    0.0	 1500.0	    0.0	    0.0	    0.0	    0.0	    0.0	    0.0	    0.0	    0.0	    0.0	  100.0	   81.4	    0.0	    0.0	    0.0	    0.0	    2.8	  1	  -50.0	 1250.0	   81.4	    0.0	    0.0	1	  227.0	 21	 1365.5	   16.6	
   75	   0.91	    0.0	 1500.0	    0.0	    0.0	    0.0	    0.0	    0.0	    0.0	    0.0	    0.0	    0.0	  100.0	   81.1	    0.0	    0.0	    0.0	    0.0	    2.9	  1	  -50.0	 1250.0	   81.1	    0.0	    0.0	1	  227.0	 21	 1365.2	   16.5	
   76	   0.92	    0.0	 1500.0	    0.0	    0.0	    0.0	    0.0	    0.0	    0.0	    0.0	    0.0	    0.0	  100.0	   80.9	    0.0	    0.0	    0.0	    0.0	    2.9	  1	  -50.0	 1250.0	   80.9	    0.0	    0.0	1	  227.0	 21	 1364.8	   16.5	
   77	   0.93	    0.0	 1500.0	    0.0	    0.0	    0.0	    0.0	    0.0	    0.0	    0.0	    0.0	    0.0	  100.0	   80.6	    0.0	    0.0	    0.0	    0.0	    2.9	  1	  -50.0	 1250.0	   80.6	    0.0	    0.0	1	  227.0	 21	 1364.4	   16.4	
   78	   0.94	    0.0	 1500.0	    0.0	    0.0	    0.0	    0.0	    0.0	    0.0	    0.0	    0.0	    0.0	  100.0	   80.4	    0.0	    0.0	    0.0	    0.0	    3.0	  1	  -50.0	 1250.0	   80.4	    0.0	    0.0	1	  227.0	 21	 1364.1	   16.4	
   79	   0.96	    0.0	 1500.0	    0.0	    0.0	    0.0	    0.0	    0.0	    0.0	    0.0	    0.0	    0.0	  100.0	   80.1	    0.0	    0.0	    0.0	    0.0	    3.0	  1	  -50.0	 1250.0	   80.1	    0.0	    0.0	1	  227.0	 21	 1363.7	   16.4	
   80	   0.97	    0.0	 1500.0	    0.0	    0.0	    0.0	    0.0	    0.0	    0.0	    0.0	    0.0	    0.0	  100.0	   79.9	    0.0	    0.0	    0.0	    0.0	    3.0	  1	  -50.0	 1250.0	   79.9	    0.0	    0.0	1	  227.0	 21	 1363.3	   16.3	
   81	   0.98	    0.0	 1500.0	    0.0	    0.0	    0.0	    0.0	    0.0	    0.0	    0.0	    0.0	    0.0	  100.0	   79.6	    0.0	    0.0	    0.0	    0.0	    3.1	  1	  -50.0	 1250.0	   79.6	    0.0	    0.0	1	  227.0	 21	 1363.0	   16.3	
   82	   1.00	    0.0	 1500.0	    0.0	    0.0	    0.0	    0.0	    0.0	    0.0	    0.0	    0.0	    0.0	  100.0	   79.4	    0.0	    0.0	    0.0	    0.0	    3.1	  1	  -50.0	 1250.0	   79.4	    0.0	    0.0	1	  227.0	 21	 1362.6	   16.3	
   83	   1.01	    0.0	 1500.0	    0.0	    0.0	    0.0	    0.0	    0.0	    0.0	    0.0	    0.0	    0.0	  100.0	   79.1	    0.0	    0.0	    0.0	    0.0	    3.2	  1	  -50.0	 1250.0	   79.1	    0.0	    0.0	1	  227.0	 21	 1362.2	   16.2	
   84	   1.02	    0.0	 1500.0	    0.0	    0.0	    0.0	    0.0	    0.0	    0.0	    0.0	    0.0	    0.0	  100.0	   78.8	    0.0	    0.0	    0.0	    0.0	    3.2	  1	  -50.0	 1250.0	   78.8	    0.0	    0.0	1	  227.0	 21	 1361.9	   16.2	
   85	   1.03	    0.0	 1500.0	    0.0	    0.0	    0.0	    0.0	    0.0	    0.0	    0.0	    0.0	    0.0	  100.0	   78.6	    0.0	    0.0	    0.0	    0.0	    3.2	  1	  -50.0	 1250.0	   78.6	    0.0	    0.0	1	  227.0	 21	 1361.5	   16.2	
   86	   1.04	    0.0	 1500.0	    0.0	    0.0	    0.0	    0.0	    0.0	    0.0	    0.0	    0.0	    0.0	  100.0	   78.3	    0.0	    0.0	    0.0	    0.0	    3.3	  1	  -50.0	 1250.0	   78.3	    0.0	    0.0	1	  227.0	 21	 1361.1	   16.1	
   87	   1.06	    0.0	 1500.0	    0.0	    0.0	    0.0	    0.0	    0.0	    0.0	    0.0	    0.0	    0.0	  100.0	   78.1	    0.0	    0.0	    0.0	    0.0	    3.3	  1	  -50.0	 1250.0	   78.1	    0.0	    0.0	1	  227.0	 21	 1360.8	   16.1	
   88	   1.07	    0.0	 1500.0	    0.0	    0.0	    0.0	    0.0	    0.0	    0.0	    0.0	    0.0	    0.0	  100.0	   77.8	    0.0	    0.0	    0.0	    0.0	    3.3	  1	  -50.0	 1250.0	   77.8	    0.0	    0.0	1	  227.0	 21	 1360.4	   16.0	
   89	   1.08	    0.0	 1500.0	    0.0	    0.0	    0.0	    0.0	    0.0	    0.0	    0.0	    0.0	    0.0	  100.0	   77.6	    0.0	    0.0	    0.0	    0.0	    3.4	  1	  -50.0	 1250.0	   77.6	    0.0	    0.0	1	  227.0	 21	 1360.0	   16.0	
   90	   1.09	    0.0	 1500.0	    0.0	    0.0	    0.0	    0.0	    0.0	    0.0	    0.0	    0.0	    0.0	  100.0	   77.3	    0.0	    0.0	    0.0	    0.0	    3.4	  1	  -50.0	 1250.0	   77.3	    0.0	    0.0	1	  227.0	 21	 1359.7	   16.0	
   91	   1.10	    0.0	 1500.0	    0.0	    0.0	    0.0	    0.0	    0.0	    0.0	    0.0	    0.0	    0.0	  100.0	   77.1	    0.0	    0.0	    0.0	    0.0	    3.5	  1	  -50.0	 1250.0	   77.1	    0.0	    0.0	1	  227.0	 21	 1359.3	   15.9	
   92	   1.12	    0.0	 1500.0	    0.0	    0.0	    0.0	    0.0	    0.0	    0.0	    0.0	    0.0	    0.0	  100.0	   76.8	    0.0	    0.0	    0.0	    0.0	    3.5	  1	  -50.0	 1250.0	   76.8	    0.0	    0.0	1	  227.0	 21	 1358.9	   15.9	
   93	   1.13	    0.0	 1500.0	    0.0	    0.0	    0.0	    0.0	    0.0	    0.0	    0.0	    0.0	    0.0	  100.0	   76.6	    0.0	    0.0	    0.0	    0.0	    3.5	  1	  -50.0	 1250.0	   76.6	    0.0	    0.0	1	  227.0	 21	 1358.6	   15.9	
   94	   1.14	    0.0	 1500.0	    0.0	    0.0	    0.0	    0.0	    0.0	    0.0	    0.0	    0.0	    0.0	  100.0	   76.3	    0.0	    0.0	    0.0	    0.0	    3.6	  1	  -50.0	 1250.0	   76.3	    0.0	    0.0	1	  227.0	 21	 1358.2	   15.8	
   95	   1.15	    0.0	 1500.0	    0.0	    0.0	    0.0	    0.0	    0.0	    0.0	    0.0	    0.0	    0.0	  100.0	   76.0	    0.0	    0.0	    0.0	    0.0	    3.6	  1	  -50.0	 1250.0	   76.0	    0.0	    0.0	1	  227.0	 21	 1357.8	   15.8	
   96	   1.16	    0.0	 1500.0	    0.0	    0.0	    0.0	    0.0	    0.0	    0.0	    0.0	    0.0	    0.0	  100.0	   75.8	    0.0	    0.0	    0.0	    0.0	    3.6	  1	  -50.0	 1250.0	   75.8	    0.0	    0.0	1	  227.0	 21	 1357.5	   15.7	
   97	   1.18	    0.0	 1500.0	    0.0	    0.0	    0.0	    0.0	    0.0	    0.0	    0.0	    0.0	    0.0	  100.0	   75.5	    0.0	    0.0	    0.0	    0.0	    3.7	  1	  -50.0	 1250.0	   75.5	    0.0	    0.0	1	  227.0	 21	 1357.1	   15.7	
   98	   1.19	    0.0	 1500.0	    0.0	    0.0	    0.0	    0.0	    0.0	    0.0	    0.0	    0.0	    0.0	  100.0	   75.3	    0.0	    0.0	    0.0	    0.0	    3.7	  1	  -50.0	 1250.0	   75.3	    0.0	    0.0	1	  227.0	 21	 1356.7	   15.7	
   99	   1.20	    0.0	 1500.0	    0.0	    0.0	    0.0	    0.0	    0.0	    0.0	    0.0	    0.0	    0.0	  100.0	   75.0	    0.0	    0.0	    0.0	    0.0	    3.8	  1	  -50.0	 1250.0	   75.0	    0.0	    0.0	1	  227.0	 21	 1356.4	   15.6	
  100	   1.22	    0.0	 1500.0	    0.0	    0.0	    0.0	    0.0	    0.0	    0.0	    0.0	    0.0	    0.0	  100.0	   74.8	    0.0	    0.0	    0.0	    0.0	    3.8	  1	  -50.0	 1250.0	   74.8	    0.0	    0.0	1	  227.0	 21	 1356.0	   15.6	
  101	   1.23	    0.0	 1500.0	    0.0	    0.0	    0.0	    0.0	    0.0	    0.0	    0.0	    0.0	    0.0	  100.0	   74.5	    0.0	    0.0	    0.0	    0.0	    3.8	  1	  -50.0	 1250.0	   74.5	    0.0	    0.0	1	  227.0	 21	 1355.6	   15.6	
  102	   1.24	    0.0	 1500.0	    0.0	    0.0	    0.0	    0.0	    0.0	    0.0	    0.0	    0.0	    0.0	  100.0	   74.3	    0.0	    0.0	    0.0	    0.0	    3.9	  1	  -50.0	 1250.0	   74.3	    0.0	    0.0	1	  227.0	 21	 1355.3	   15.5	
  103	   1.25	    0.0	 1500.0	    0.0	    0.0	    0.0	    0.0	    0.0	    0.0	    0.0	    0.0	    0.0	  100.0	   74.0	    0.0	    0.0	    0.0	    0.0	    3.9	  1	  -50.0	 1250.0	   74.0	    0.0	    0.0	1	  227.0	 21	 1354.9	   15.5	
  104	   1.27	    0.0	 1500.0	    0.0	    0.0	    0.0	    0.0	    0.0	    0.0	    0.0	    0.0	    0.0	  100.0	   73.8	    0.0	    0.0	    0.0	    0.0	    4.0	  1	  -50.0	 1250.0	   73.8	    0.0	    0.0	1	  227.0	 21	 1354.5	   15.5	
  105	   1.28	    0.0	 1500.0	    0.0	    0.0	    0.0	    0.0	    0.0	    0.0	    0.0	    0.0	    0.0	  100.0	   73.5	    0.0	    0.0	    0.0	    0.0	    4.0	  1	  -50.0	 1250.0	   73.5	    0.0	    0.0	1	  227.0	 21	 1354.2	   15.4	
  106	   1.29	    0.0	 1500.0	    0.0	    0.0	    0.0	    0.0	    0.0	    0.0	    0.0	    0.0	    0.0	  100.0	   73.2	    0.0	    0.0	    0.0	    0.0	    4.0	  1	  -50.0	 1250.0	   73.2	    0.0	    0.0	1	  227.0	 21	 1353.8	   15.4	
  107	   1.30	    0.0	 1500.0	    0.0	    0.0	    0.0	    0.0	    0.0	    0.0	    0.0	    0.0	    0.0	  100.0	   73.0	    0.0	    0.0	    0.0	    0.0	    4.1	  1	  -50.0	 1250.0	   73.0	    0.0	    0.0	1	  227.0	 21	 1353.4	   15.3	
  108	   1.31	    0.0	 1500.0	    0.0	    0.0	    0.0	    0.0	    0.0	    0.0	    0.0	    0.0	    0.0	  100.0	   72.7	    0.0	    0.0	    0.0	    0.0	    4.1	  1	  -50.0	 1250.0	   72.7	    0.0	    0.0	1	  227.0	 21	 1353.1	   15.3	
  109	   1.33	    0.0	 1500.0	    0.0	    0.0	    0.0	    0.0	    0.0	    0.0	    0.0	    0.0	    0.0	  100.0	   72.5	    0.0	    0.0	    0.0	    0.0	    4.1	  1	  -50.0	 1250.0	   72.5	    0.0	    0.0	1	  227.0	 21	 1352.7	   15.3	
  110	   1.34	    0.0	 1500.0	    0.0	    0.0	    0.0	    0.0	    0.0	    0.0	    0.0	    0.0	    0.0	  100.0	   72.2	    0.0	    0.0	    0.0	    0.0	    4.2	  1	  -50.0	 1250.0	   72.2	    0.0	    0.0	1	  227.0	 21	 1352.3	   15.2	
  111	   1.35	    0.0	 1500.0	    0.0	    0.0	    0.0	    0.0	    0.0	    0.0	    0.0	    0.0	    0.0	  100.0	   72.0	    0.0	    0.0	    0.0	    0.0	    4.2	  1	  -50.0	 1250.0	   72.0	    0.0	    0.0	1	  227.0	 21	 1352.0	   15.2	
  112	   1.36	    0.0	 1500.0	    0.0	    0.0	    0.0	    0.0	    0.0	    0.0	    0.0	    0.0	    0.0	  100.0	   71.7	    0.0	    0.0	    0.0	    0.0	    4.3	  1	  -50.0	 1250.0	   71.7	    0.0	    0.0	1	  227.0	 21	 1351.6	   15.2	
  113	   1.37	    0.0	 1500.0	    0.0	    0.0	    0.0	    0.0	    0.0	    0.0	    0.0	    0.0	    0.0	  100.0	   71.5	    0.0	    0.0	    0.0	    0.0	    4.3	  1	  -50.0	 1250.0	   71.5	    0.0	    0.0	1	  227.0	 21	 1351.3	   15.1	
  114	   1.39	    0.0	 1500.0	    0.0	    0.0	    0.0	    0.0	    0.0	    0.0	    0.0	    0.0	    0.0	  100.0	   71.2	    0.0	    0.0	    0.0	    0.0	    4.3	  1	  -50.0	 1250.0	   71.2	    0.0	    0.0	1	  227.0	 21	 1350.9	   15.1	
  115	   1.40	    0.0	 1500.0	    0.0	    0.0	    0.0	    0.0	    0.0	    0.0	    0.0	    0.0	    0.0	  100.0	   70.9	    0.0	    0.0	    0.0	    0.0	    4.4	  1	  -50.0	 1250.0	   70.9	    0.0	    0.0	1	  227.0	 21	 1350.5	   15.1	
  116	   1.41	    0.0	 1500.0	    0.0	    0.0	    0.0	    0.0	    0.0	    0.0	    0.0	    0.0	    0.0	  100.0	   70.7	    0.0	    0.0	    0.0	    0.0	    4.4	  1	  -50.0	 1250.0	   70.7	    0.0	    0.0	1	  227.0	 21	 1350.2	   15.0	
  117	   1.43	    0.0	 1500.0	    0.0	    0.0	    0.0	    0.0	    0.0	    0.0	    0.0	    0.0	    0.0	  100.0	   70.4	    0.0	    0.0	    0.0	    0.0	    4.4	  1	  -50.0	 1250.0	   70.4	    0.0	    0.0	1	  227.0	 21	 1349.8	   15.0	
  118	   1.44	    0.0	 1500.0	    0.0	    0.0	    0.0	    0.0	    0.0	    0.0	    0.0	    0.0	    0.0	  100.0	   70.2	    0.0	    0.0	    0.0	    0.0	    4.5	  1	  -50.0	 1250.0	   70.2	    0.0	    0.0	1	  227.0	 21	 1349.4	   14.9	
  119	   1.45	    0.0	 1500.0	    0.0	    0.0	    0.0	    0.0	    0.0	    0.0	    0.0	    0.0	    0.0	  100.0	   69.9	    0.0	    0.0	    0.0	    0.0	    4.5	  1	  -50.0	 1250.0	   69.9	    0.0	    0.0	1	  227.0	 21	 1349.1	   14.9	
  120	   1.46	    0.0	 1500.0	    0.0	    0.0	    0.0	    0.0	    0.0	    0.0	    0.0	    0.0	    0.0	  100.0	   69.7	    0.0	    0.0	    0.0	    0.0	    4.6	  1	  -50.0	 1250.0	   69.7	    0.0	    0.0	1	  227.0	 21	 1348.7	   14.9	
  121	   1.48	    0.0	 1500.0	    0.0	    0.0	    0.0	    0.0	    0.0	    0.0	    0.0	    0.0	    0.0	  100.0	   69.4	    0.0	    0.0	    0.0	    0.0	    4.6	  1	  -50.0	 1250.0	   69.4	    0.0	    0.0	1	  227.0	 21	 1348.3	   14.8	
  122	   1.49	    0.0	 1500.0	    0.0	    0.0	    0.0	    0.0	    0.0	    0.0	    0.0	    0.0	    0.0	  100.0	   69.2	    0.0	    0.0	    0.0	    0.0	    4.6	  1	  -50.0	 1250.0	   69.2	    0.0	    0.0	1	  227.0	 21	 1348.0	   14.8	
  123	   1.50	    0.0	 1500.0	    0.0	    0.0	    0.0	    0.0	    0.0	    0.0	    0.0	    0.0	    0.0	  100.0	   68.9	    0.0	    0.0	    0.0	    0.0	    4.7	  1	  -50.0	 1250.0	   68.9	    0.0	    0.0	1	  227.0	 21	 1347.6	   14.8	
  124	   1.51	    0.0	 1500.0	    0.0	    0.0	    0.0	    0.0	    0.0	    0.0	    0.0	    0.0	    0.0	  100.0	   68.7	    0.0	    0.0	    0.0	    0.0	    4.7	  1	  -50.0	 1250.0	   68.7	    0.0	    0.0	1	  227.0	 21	 1347.2	   14.7	
  125	   1.53	    0.0	 1500.0	    0.0	    0.0	    0.0	    0.0	    0.0	    0.0	    0.0	    0.0	    0.0	  100.0	   68.4	    0.0	    0.0	    0.0	    0.0	    4.8	  1	  -50.0	 1250.0	   68.4	    0.0	    0.0	1	  227.0	 21	 1346.9	   14.7	
  126	   1.54	    0.0	 1500.0	    0.0	    0.0	    0.0	    0.0	    0.0	    0.0	    0.0	    0.0	    0.0	  100.0	   68.1	    0.0	    0.0	    0.0	    0.0	    4.8	  1	  -50.0	 1250.0	   68.1	    0.0	    0.0	1	  227.0	 21	 1346.5	   14.6	
  127	   1.55	    0.0	 1500.0	    0.0	    0.0	    0.0	    0.0	    0.0	    0.0	    0.0	    0.0	    0.0	  100.0	   67.9	    0.0	    0.0	    0.0	    0.0	    4.8	  1	  -50.0	 1250.0	   67.9	    0.0	    0.0	1	  227.0	 21	 1346.1	   14.6	
  128	   1.57	    0.0	 1500.0	    0.0	    0.0	    0.0	    0.0	    0.0	    0.0	    0.0	    0.0	    0.0	  100.0	   67.6	    0.0	    0.0	    0.0	    0.0	    4.9	  1	  -50.0	 1250.0	   67.6	    0.0	    0.0	1	  227.0	 21	 1345.8	   14.6	
  129	   1.58	    0.0	 1500.0	    0.0	    0.0	    0.0	    0.0	    0.0	    0.0	    0.0	    0.0	    0.0	  100.0	   67.4	    0.0	    0.0	    0.0	    0.0	    4.9	  1	  -50.0	 1250.0	   67.4	    0.0	    0.0	1	  227.0	 21	 1345.4	   14.5	
  130	   1.59	    0.0	 1500.0	    0.0	    0.0	    0.0	    0.0	    0.0	    0.0	    0.0	    0.0	    0.0	  100.0	   67.1	    0.0	    0.0	    0.0	    0.0	    4.9	  1	  -50.0	 1250.0	   67.1	    0.0	    0.0	1	  227.0	 21	 1345.0	   14.5	
  131	   1.61	    0.0	 1500.0	    0.0	    0.0	    0.0	    0.0	    0.0	    0.0	    0.0	    0.0	    0.0	  100.0	   66.9	    0.0	    0.0	    0.0	    0.0	    5.0	  1	  -50.0	 1250.0	   66.9	    0.0	    0.0	1	  227.0	 21	 1344.7	   14.5	
  132	   1.62	    0.0	 1500.0	    0.0	    0.0	    0.0	    0.0	    0.0	    0.0	    0.0	    0.0	    0.0	  100.0	   66.6	    0.0	    0.0	    0.0	    0.0	    5.0	  1	  -50.0	 1250.0	   66.6	    0.0	    0.0	1	  227.0	 21	 1344.3	   14.4	
  133	   1.63	    0.0	 1500.0	    0.0	    0.0	    0.0	    0.0	    0.0	    0.0	    0.0	    0.0	    0.0	  100.0	   66.4	    0.0	    0.0	    0.0	    0.0	    5.1	  1	  -50.0	 1250.0	   66.4	    0.0	    0.0	1	  227.0	 21	 1343.9	   14.4	
  134	   1.65	    0.0	 1500.0	    0.0	    0.0	    0.0	    0.0	    0.0	    0.0	    0.0	    0.0	    0.0	  100.0	   66.1	    0.0	    0.0	    0.0	    0.0	    5.1	  1	  -50.0	 1250.0	   66.1	    0.0	    0.0	1	  227.0	 21	 1343.6	   14.4	
  135	   1.67	    0.0	 1500.0	    0.0	    0.0	    0.0	    0.0	    0.0	    0.0	    0.0	    0.0	    0.0	  100.0	   65.9	    0.0	    0.0	    0.0	    0.0	    5.1	  1	  -50.0	 1250.0	   65.9	    0.0	    0.0	1	  227.0	 21	 1343.2	   14.3	
  136	   1.69	    0.0	 1500.0	    0.0	    0.0	    0.0	    0.0	    0.0	    0.0	    0.0	    0.0	    0.0	  100.0	   65.6	    0.0	    0.0	    0.0	    0.0	    5.2	  1	  -50.0	 1250.0	   65.6	    0.0	    0.0	1	  227.0	 21	 1342.8	   14.3	
  137	   1.70	    0.0	 1500.0	    0.0	    0.0	    0.0	    0.0	    0.0	    0.0	    0.0	    0.0	    0.0	  100.0	   65.3	    0.0	    0.0	    0.0	    0.0	    5.2	  1	  -50.0	 1250.0	   65.3	    0.0	    0.0	1	  227.0	 21	 1342.5	   14.2	
  138	   1.71	    0.0	 1500.0	    0.0	    0.0	    0.0	    0.0	    0.0	    0.0	    0.0	    0.0	    0.0	  100.0	   65.1	    0.0	    0.0	    0.0	    0.0	    5.2	  1	  -50.0	 1250.0	   65.1	    0.0	    0.0	1	  227.0	 21	 1342.1	   14.2	
  139	   1.72	    0.0	 1500.0	    0.0	    0.0	    0.0	    0.0	    0.0	    0.0	    0.0	    0.0	    0.0	  100.0	   64.8	    0.0	    0.0	    0.0	    0.0	    5.3	  1	  -50.0	 1250.0	   64.8	    0.0	    0.0	1	  227.0	 21	 1341.7	   14.2	
  140	   1.74	    0.0	 1500.0	    0.0	    0.0	    0.0	    0.0	    0.0	    0.0	    0.0	    0.0	    0.0	  100.0	   64.6	    0.0	    0.0	    0.0	    0.0	    5.3	  1	  -50.0	 1250.0	   64.6	    0.0	    0.0	1	  227.0	 21	 1341.4	   14.1	
  141	   1.75	    0.0	 1500.0	    0.0	    0.0	    0.0	    0.0	    0.0	    0.0	    0.0	    0.0	    0.0	  100.0	   64.3	    0.0	    0.0	    0.0	    0.0	    5.4	  1	  -50.0	 1250.0	   64.3	    0.0	    0.0	1	  227.0	 21	 1341.0	   14.1	
  142	   1.76	    0.0	 1500.0	    0.0	    0.0	    0.0	    0.0	    0.0	    0.0	    0.0	    0.0	    0.0	  100.0	   64.1	    0.0	    0.0	    0.0	    0.0	    5.4	  1	  -50.0	 1250.0	   64.1	    0.0	    0.0	1	  227.0	 21	 1340.6	   14.1	
  143	   1.77	    0.0	 1500.0	    0.0	    0.0	    0.0	    0.0	    0.0	    0.0	    0.0	    0.0	    0.0	  100.0	   63.8	    0.0	    0.0	    0.0	    0.0	    5.4	  1	  -50.0	 1250.0	   63.8	    0.0	    0.0	1	  227.0	 21	 1340.3	   14.0	
  144	   1.79	    0.0	 1500.0	    0.0	    0.0	    0.0	    0.0	    0.0	    0.0	    0.0	    0.0	    0.0	  100.0	   63.6	    0.0	    0.0	    0.0	    0.0	    5.5	  1	  -50.0	 1250.0	   63.6	    0.0	    0.0	1	  227.0	 21	 1339.9	   14.0	
  145	   1.80	    0.0	 1500.0	    0.0	    0.0	    0.0	    0.0	    0.0	    0.0	    0.0	    0.0	    0.0	  100.0	   63.3	    0.0	    0.0	    0.0	    0.0	    5.5	  1	  -50.0	 1250.0	   63.3	    0.0	    0.0	1	  227.0	 21	 1339.5	   14.0	
  146	   1.81	    0.0	 1500.0	    0.0	    0.0	    0.0	    0.0	    0.0	    0.0	    0.0	    0.0	    0.0	  100.0	   63.0	    0.0	    0.0	    0.0	    0.0	    5.5	  1	  -50.0	 1250.0	   63.0	    0.0	    0.0	1	  227.0	 21	 1339.2	   13.9	
  147	   1.82	    0.0	 1500.0	    0.0	    0.0	    0.0	    0.0	    0.0	    0.0	    0.0	    0.0	    0.0	  100.0	   62.8	    0.0	    0.0	    0.0	    0.0	    5.6	  1	  -50.0	 1250.0	   62.8	    0.0	    0.0	1	  227.0	 21	 1338.8	   13.9	
  148	   1.84	    0.0	 1500.0	    0.0	    0.0	    0.0	    0.0	    0.0	    0.0	    0.0	    0.0	    0.0	  100.0	   62.5	    0.0	    0.0	    0.0	    0.0	    5.6	  1	  -50.0	 1250.0	   62.5	    0.0	    0.0	1	  227.0	 21	 1338.4	   13.8	
  149	   1.85	    0.0	 1500.0	    0.0	    0.0	    0.0	    0.0	    0.0	    0.0	    0.0	    0.0	    0.0	  100.0	   62.3	    0.0	    0.0	    0.0	    0.0	    5.7	  1	  -50.0	 1250.0	   62.3	    0.0	    0.0	1	  227.0	 21	 1338.1	   13.8	
  150	   1.87	    0.0	 1500.0	    0.0	    0.0	    0.0	    0.0	    0.0	    0.0	    0.0	    0.0	    0.0	  100.0	   62.0	    0.0	    0.0	    0.0	    0.0	    5.7	  1	  -50.0	 1250.0	   62.0	    0.0	    0.0	1	  227.0	 21	 1337.7	   13.8	
  151	   1.88	    0.0	 1500.0	    0.0	    0.0	    0.0	    0.0	    0.0	    0.0	    0.0	    0.0	    0.0	  100.0	   61.8	    0.0	    0.0	    0.0	    0.0	    5.7	  1	  -50.0	 1250.0	   61.8	    0.0	    0.0	1	  227.0	 21	 1337.3	   13.7	
  152	   1.89	    0.0	 1500.0	    0.0	    0.0	    0.0	    0.0	    0.0	    0.0	    0.0	    0.0	    0.0	  100.0	   61.5	    0.0	    0.0	    0.0	    0.0	    5.8	  1	  -50.0	 1250.0	   61.5	    0.0	    0.0	1	  227.0	 21	 1337.0	   13.7	
  153	   1.91	    0.0	 1500.0	    0.0	    0.0	    0.0	    0.0	    0.0	    0.0	    0.0	    0.0	    0.0	  100.0	   61.3	    0.0	    0.0	    0.0	    0.0	    5.8	  1	  -50.0	 1250.0	   61.3	    0.0	    0.0	1	  227.0	 21	 1336.6	   13.7	
  154	   1.92	    0.0	 1500.0	    0.0	    0.0	    0.0	    0.0	    0.0	    0.0	    0.0	    0.0	    0.0	  100.0	   61.0	    0.0	    0.0	    0.0	    0.0	    5.9	  1	  -50.0	 1250.0	   61.0	    0.0	    0.0	1	  227.0	 21	 1336.2	   13.6	
  155	   1.93	    0.0	 1500.0	    0.0	    0.0	    0.0	    0.0	    0.0	    0.0	    0.0	    0.0	    0.0	  100.0	   60.8	    0.0	    0.0	    0.0	    0.0	    5.9	  1	  -50.0	 1250.0	   60.8	    0.0	    0.0	1	  227.0	 21	 1335.9	   13.6	
  156	   1.94	    0.0	 1500.0	    0.0	    0.0	    0.0	    0.0	    0.0	    0.0	    0.0	    0.0	    0.0	  100.0	   60.5	    0.0	    0.0	    0.0	    0.0	    5.9	  1	  -50.0	 1250.0	   60.5	    0.0	    0.0	1	  227.0	 21	 1335.5	   13.6	
  157	   1.95	    0.0	 1500.0	    0.0	    0.0	    0.0	    0.0	    0.0	    0.0	    0.0	    0.0	    0.0	  100.0	   60.2	    0.0	    0.0	    0.0	    0.0	    6.0	  1	  -50.0	 1250.0	   60.2	    0.0	    0.0	1	  227.0	 21	 1335.1	   13.5	
  158	   1.97	    0.0	 1500.0	    0.0	    0.0	    0.0	    0.0	    0.0	    0.0	    0.0	    0.0	    0.0	  100.0	   60.0	    0.0	    0.0	    0.0	    0.0	    6.0	  1	  -50.0	 1250.0	   60.0	    0.0	    0.0	1	  227.0	 21	 1334.8	   13.5	
  159	   1.98	    0.0	 1500.0	    0.0	    0.0	    0.0	    0.0	    0.0	    0.0	    0.0	    0.0	    0.0	  100.0	   59.7	    0.0	    0.0	    0.0	    0.0	    6.0	  1	  -50.0	 1250.0	   59.7	    0.0	    0.0	1	  227.0	 21	 1334.4	   13.4	
  160	   1.99	    0.0	 1500.0	    0.0	    0.0	    0.0	    0.0	    0.0	    0.0	    0.0	    0.0	    0.0	  100.0	   59.5	    0.0	    0.0	    0.0	    0.0	    6.1	  1	  -50.0	 1250.0	   59.5	    0.0	    0.0	1	  227.0	 21	 1334.0	   13.4	
  161	   2.00	    0.0	 1500.0	    0.0	    0.0	    0.0	    0.0	    0.0	    0.0	    0.0	    0.0	    0.0	  100.0	   59.2	    0.0	    0.0	    0.0	    0.0	    6.1	  1	  -50.0	 1250.0	   59.2	    0.0	    0.0	1	  227.0	 21	 1333.7	   13.4	
  162	   2.02	    0.0	 1500.0	    0.0	    0.0	    0.0	    0.0	    0.0	    0.0	    0.0	    0.0	    0.0	  100.0	   59.0	    0.0	    0.0	    0.0	    0.0	    6.2	  1	  -50.0	 1250.0	   59.0	    0.0	    0.0	1	  227.0	 21	 1333.3	   13.3	
  163	   2.03	    0.0	 1500.0	    0.0	    0.0	    0.0	    0.0	    0.0	    0.0	    0.0	    0.0	    0.0	  100.0	   58.7	    0.0	    0.0	    0.0	    0.0	    6.2	  1	  -50.0	 1250.0	   58.7	    0.0	    0.0	1	  227.0	 21	 1332.9	   13.3	
  164	   2.04	    0.0	 1500.0	    0.0	    0.0	    0.0	    0.0	    0.0	    0.0	    0.0	    0.0	    0.0	  100.0	   58.5	    0.0	    0.0	    0.0	    0.0	    6.2	  1	  -50.0	 1250.0	   58.5	    0.0	    0.0	1	  227.0	 21	 1332.6	   13.3	
  165	   2.05	    0.0	 1500.0	    0.0	    0.0	    0.0	    0.0	    0.0	    0.0	    0.0	    0.0	    0.0	  100.0	   58.2	    0.0	    0.0	    0.0	    0.0	    6.3	  1	  -50.0	 1250.0	   58.2	    0.0	    0.0	1	  227.0	 21	 1332.2	   13.2	
  166	   2.06	    0.0	 1500.0	    0.0	    0.0	    0.0	    0.0	    0.0	    0.0	    0.0	    0.0	    0.0	  100.0	   58.0	    0.0	    0.0	    0.0	    0.0	    6.3	  1	  -50.0	 1250.0	   58.0	    0.0	    0.0	1	  227.0	 21	 1331.9	   13.2	
  167	   2.08	    0.0	 1500.0	    0.0	    0.0	    0.0	    0.0	    0.0	    0.0	    0.0	    0.0	    0.0	  100.0	   57.7	    0.0	    0.0	    0.0	    0.0	    6.3	  1	  -50.0	 1250.0	   57.7	    0.0	    0.0	1	  227.0	 21	 1331.5	   13.1	
  168	   2.10	    0.0	 1500.0	    0.0	    0.0	    0.0	    0.0	    0.0	    0.0	    0.0	    0.0	    0.0	  100.0	   57.4	    0.0	    0.0	    0.0	    0.0	    6.4	  1	  -50.0	 1250.0	   57.4	    0.0	    0.0	1	  227.0	 21	 1331.1	   13.1	
  169	   2.11	    0.0	 1500.0	    0.0	    0.0	    0.0	    0.0	    0.0	    0.0	    0.0	    0.0	    0.0	  100.0	   57.2	    0.0	    0.0	    0.0	    0.0	    6.4	  1	  -50.0	 1250.0	   57.2	    0.0	    0.0	1	  227.0	 21	 1330.8	   13.1	
  170	   2.12	    0.0	 1500.0	    0.0	    0.0	    0.0	    0.0	    0.0	    0.0	    0.0	    0.0	    0.0	  100.0	   56.9	    0.0	    0.0	    0.0	    0.0	    6.5	  1	  -50.0	 1250.0	   56.9	    0.0	    0.0	1	  227.0	 21	 1330.4	   13.0	
  171	   2.13	    0.0	 1500.0	    0.0	    0.0	    0.0	    0.0	    0.0	    0.0	    0.0	    0.0	    0.0	  100.0	   56.7	    0.0	    0.0	    0.0	    0.0	    6.5	  1	  -50.0	 1250.0	   56.7	    0.0	    0.0	1	  227.0	 21	 1330.0	   13.0	
  172	   2.14	    0.0	 1500.0	    0.0	    0.0	    0.0	    0.0	    0.0	    0.0	    0.0	    0.0	    0.0	  100.0	   56.4	    0.0	    0.0	    0.0	    0.0	    6.5	  1	  -50.0	 1250.0	   56.4	    0.0	    0.0	1	  227.0	 21	 1329.7	   13.0	
  173	   2.16	    0.0	 1500.0	    0.0	    0.0	    0.0	    0.0	    0.0	    0.0	    0.0	    0.0	    0.0	  100.0	   56.2	    0.0	    0.0	    0.0	    0.0	    6.6	  1	  -50.0	 1250.0	   56.2	    0.0	    0.0	1	  227.0	 21	 1329.3	   12.9	
