    1	   4.19	    0.0	 1500.0	    0.0	    0.0	 1500.0	    0.0	  200.0	    0.0	 1500.0	    0.0	  200.0	  100.0	   99.5	    0.0	    0.0	    0.0	    0.0	    0.1	  1	 -750.0	 1550.0	   99.5	    0.0	    0.0	1	  521.2	 21	    0.0	    8.5	
    2	   4.29	    0.0	 1500.0	    0.0	    0.0	 1500.0	    0.0	  200.0	    0.0	 1500.0	    0.0	  200.0	  100.0	   99.0	    0.0	    0.0	    0.0	    0.0	    0.1	  1	 -750.0	 1550.0	   99.0	    0.0	    0.0	1	  396.0	 21	 1322.3	   12.2	
    3	   4.39	    0.0	 1500.0	    0.0	    0.0	 1500.0	    0.0	  200.0	    0.0	 1500.0	    0.0	  200.0	  100.0	   98.5	    0.0	    0.0	    0.0	    0.0	    0.2	  1	 -750.0	 1550.0	   98.5	    0.0	    0.0	1	  395.6	 21	 1321.9	   12.2	
    4	   4.49	    0.0	 1500.0	    0.0	    0.0	 1500.0	    0.0	  200.0	    0.0	 1500.0	    0.0	  200.0	  100.0	   98.0	    0.0	    0.0	    0.0	    0.0	    0.3	  1	 -750.0	 1550.0	   98.0	    0.0	    0.0	1	  395.1	 21	 1321.5	   12.2	
    5	   4.59	    0.0	 1500.0	    0.0	    0.0	 1500.0	    0.0	  200.0	    0.0	 1500.0	    0.0	  200.0	  100.0	   97.5	    0.0	    0.0	    0.0	    0.0	    0.3	  1	 -750.0	 1550.0	   97.5	    0.0	    0.0	1	  394.7	 21	 1321.2	   12.1	
    6	   4.69	    0.0	 1500.0	    0.0	    0.0	 1500.0	    0.0	  200.0	    0.0	 1500.0	    0.0	  200.0	  100.0	   97.0	    0.0	    0.0	    0.0	    0.0	    0.4	  1	 -750.0	 1550.0	   97.0	    0.0	    0.0	1	  394.2	 21	 1320.8	   12.1	
    7	   4.79	    0.0	 1500.0	    0.0	    0.0	 1500.0	    0.0	  200.0	    0.0	 1500.0	    0.0	  200.0	  100.0	   96.5	    0.0	    0.0	    0.0	    0.0	    0.5	  1	 -750.0	 1550.0	   96.5	    0.0	    0.0	1	  393.8	 21	 1320.4	   12.0	
    8	   4.89	    0.0	 1500.0	    0.0	    0.0	 1500.0	    0.0	  200.0	    0.0	 1500.0	    0.0	  200.0	  100.0	   96.0	    0.0	    0.0	    0.0	    0.0	    0.5	  1	 -750.0	 1550.0	   96.0	    0.0	    0.0	1	  393.3	 21	 1320.0	   12.0	
    9	   4.99	    0.0	 1500.0	    0.0	    0.0	 1500.0	    0.0	  200.0	    0.0	 1500.0	    0.0	  200.0	  100.0	   95.5	    0.0	    0.0	    0.0	    0.0	    0.6	  1	 -750.0	 1550.0	   95.5	    0.0	    0.0	1	  392.8	 21	 1319.7	   12.0	
   10	   5.09	    0.0	 1500.0	    0.0	    0.0	 1500.0	    0.0	  200.0	    0.0	 1500.0	    0.0	  200.0	  100.0	   95.0	    0.0	    0.0	    0.0	    0.0	    0.7	  1	 -750.0	 1550.0	   95.0	    0.0	    0.0	1	  392.4	 21	 1319.3	   11.9	
   11	   5.19	    0.0	 1500.0	    0.0	    0.0	 1500.0	    0.0	  200.0	    0.0	 1500.0	    0.0	  200.0	  100.0	   94.5	    0.0	    0.0	    0.0	    0.0	    0.7	  1	 -750.0	 1550.0	   94.5	    0.0	    0.0	1	  391.9	 21	 1318.9	   11.9	
   12	   5.29	    0.0	 1500.0	    0.0	    0.0	 1500.0	    0.0	  200.0	    0.0	 1500.0	    0.0	  200.0	  100.0	   94.0	    0.0	    0.0	    0.0	    0.0	    0.8	  1	 -750.0	 1550.0	   94.0	    0.0	    0.0	1	  391.5	 21	 1318.6	   11.9	
   13	   5.39	    0.0	 1500.0	    0.0	    0.0	 1500.0	    0.0	  200.0	    0.0	 1500.0	    0.0	  200.0	  100.0	   93.5	    0.0	    0.0	    0.0	    0.0	    0.9	  1	 -750.0	 1550.0	   93.5	    0.0	    0.0	1	  391.0	 21	 1318.2	   11.8	
   14	   5.49	    0.0	 1500.0	    0.0	    0.0	 1500.0	    0.0	  200.0	    0.0	 1500.0	    0.0	  200.0	  100.0	   93.0	    0.0	    0.0	    0.0	    0.0	    0.9	  1	 -750.0	 1550.0	   93.0	    0.0	    0.0	1	  390.6	 21	 1317.8	   11.8	
   15	   5.59	    0.0	 1500.0	    0.0	    0.0	 1500.0	    0.0	  200.0	    0.0	 1500.0	    0.0	  200.0	  100.0	   92.5	    0.0	    0.0	    0.0	    0.0	    1.0	  1	 -750.0	 1550.0	   92.5	    0.0	    0.0	1	  390.1	 21	 1317.5	   11.7	
   16	   5.69	    0.0	 1500.0	    0.0	    0.0	 1500.0	    0.0	  200.0	    0.0	 1500.0	    0.0	  200.0	  100.0	   92.0	    0.0	    0.0	    0.0	    0.0	    1.1	  1	 -750.0	 1550.0	   92.0	    0.0	    0.0	1	  389.7	 21	 1317.1	   11.7	
   17	   5.79	    0.0	 1500.0	    0.0	    0.0	 1500.0	    0.0	  200.0	    0.0	 1500.0	    0.0	  200.0	  100.0	   91.5	    0.0	    0.0	    0.0	    0.0	    1.2	  1	 -750.0	 1550.0	   91.5	    0.0	    0.0	1	  389.2	 21	 1316.7	   11.7	
   18	   5.89	    0.0	 1500.0	    0.0	    0.0	 1500.0	    0.0	  200.0	    0.0	 1500.0	    0.0	  200.0	  100.0	   91.0	    0.0	    0.0	    0.0	    0.0	    1.2	  1	 -750.0	 1550.0	   91.0	    0.0	    0.0	1	  388.7	 21	 1316.4	   11.6	
   19	   5.99	    0.0	 1500.0	    0.0	    0.0	 1500.0	    0.0	  200.0	    0.0	 1500.0	    0.0	  200.0	  100.0	   90.5	    0.0	    0.0	    0.0	    0.0	    1.3	  1	 -750.0	 1550.0	   90.5	    0.0	    0.0	1	  388.3	 21	 1316.0	   11.6	
   20	   6.09	    0.0	 1500.0	    0.0	    0.0	 1500.0	    0.0	  200.0	    0.0	 1500.0	    0.0	  200.0	  100.0	   90.0	    0.0	    0.0	    0.0	    0.0	    1.4	  1	 -750.0	 1550.0	   90.0	    0.0	    0.0	1	  387.8	 21	 1315.6	   11.6	
   21	   6.19	    0.0	 1500.0	    0.0	    0.0	 1500.0	    0.0	  200.0	    0.0	 1500.0	    0.0	  200.0	  100.0	   89.5	    0.0	    0.0	    0.0	    0.0	    1.4	  1	 -750.0	 1550.0	   89.5	    0.0	    0.0	1	  387.4	 21	 1315.3	   11.5	
   22	   6.29	    0.0	 1500.0	    0.0	    0.0	 1500.0	    0.0	  200.0	    0.0	 1500.0	    0.0	  200.0	  100.0	   89.0	    0.0	    0.0	    0.0	    0.0	    1.5	  1	 -750.0	 1550.0	   89.0	    0.0	    0.0	1	  386.9	 21	 1314.9	   11.5	
   23	   6.39	    0.0	 1500.0	    0.0	    0.0	 1500.0	    0.0	  200.0	    0.0	 1500.0	    0.0	  200.0	  100.0	   88.5	    0.0	    0.0	    0.0	    0.0	    1.6	  1	 -750.0	 1550.0	   88.5	    0.0	    0.0	1	  386.4	 21	 1314.5	   11.5	
   24	   6.49	    0.0	 1500.0	    0.0	    0.0	 1500.0	    0.0	  200.0	    0.0	 1500.0	    0.0	  200.0	  100.0	   88.0	    0.0	    0.0	    0.0	    0.0	    1.6	  1	 -750.0	 1550.0	   88.0	    0.0	    0.0	1	  386.0	 21	 1314.1	   11.4	
   25	   6.59	    0.0	 1500.0	    0.0	    0.0	 1500.0	    0.0	  200.0	    0.0	 1500.0	    0.0	  200.0	  100.0	   87.5	    0.0	    0.0	    0.0	    0.0	    1.7	  1	 -750.0	 1550.0	   87.5	    0.0	    0.0	1	  385.5	 21	 1313.8	   11.4	
   26	   6.69	    0.0	 1500.0	    0.0	    0.0	 1500.0	    0.0	  200.0	    0.0	 1500.0	    0.0	  200.0	  100.0	   87.0	    0.0	    0.0	    0.0	    0.0	    1.8	  1	 -750.0	 1550.0	   87.0	    0.0	    0.0	1	  385.1	 21	 1313.4	   11.3	
   27	   6.79	    0.0	 1500.0	    0.0	    0.0	 1500.0	    0.0	  200.0	    0.0	 1500.0	    0.0	  200.0	  100.0	   86.5	    0.0	    0.0	    0.0	    0.0	    1.8	  1	 -750.0	 1550.0	   86.5	    0.0	    0.0	1	  384.6	 21	 1313.0	   11.3	
   28	   6.89	    0.0	 1500.0	    0.0	    0.0	 1500.0	    0.0	  200.0	    0.0	 1500.0	    0.0	  200.0	  100.0	   86.0	    0.0	    0.0	    0.0	    0.0	    1.9	  1	 -750.0	 1550.0	   86.0	    0.0	    0.0	1	  384.1	 21	 1312.7	   11.3	
   29	   6.99	    0.0	 1500.0	    0.0	    0.0	 1500.0	    0.0	  200.0	    0.0	 1500.0	    0.0	  200.0	  100.0	   85.5	    0.0	    0.0	    0.0	    0.0	    2.0	  1	 -750.0	 1550.0	   85.5	    0.0	    0.0	1	  383.7	 21	 1312.3	   11.2	
   30	   7.09	    0.0	 1500.0	    0.0	    0.0	 1500.0	    0.0	  200.0	    0.0	 1500.0	    0.0	  200.0	  100.0	   85.0	    0.0	    0.0	    0.0	    0.0	    2.0	  1	 -750.0	 1550.0	   85.0	    0.0	    0.0	1	  383.2	 21	 1311.9	   11.2	
   31	   7.19	    0.0	 1500.0	    0.0	    0.0	 1500.0	    0.0	  200.0	    0.0	 1500.0	    0.0	  200.0	  100.0	   84.5	    0.0	    0.0	    0.0	    0.0	    2.1	  1	 -750.0	 1550.0	   84.5	    0.0	    0.0	1	  382.7	 21	 1311.6	   11.2	
   32	   7.29	    0.0	 1500.0	    0.0	    0.0	 1500.0	    0.0	  200.0	    0.0	 1500.0	    0.0	  200.0	  100.0	   84.0	    0.0	    0.0	    0.0	    0.0	    2.2	  1	 -750.0	 1550.0	   84.0	    0.0	    0.0	1	  382.3	 21	 1311.2	   11.1	
   33	   7.39	    0.0	 1500.0	    0.0	    0.0	 1500.0	    0.0	  200.0	    0.0	 1500.0	    0.0	  200.0	  100.0	   83.5	    0.0	    0.0	    0.0	    0.0	    2.2	  1	 -750.0	 1550.0	   83.5	    0.0	    0.0	1	  381.8	 21	 1310.8	   11.1	
   34	   7.49	    0.0	 1500.0	    0.0	    0.0	 1500.0	    0.0	  200.0	    0.0	 1500.0	    0.0	  200.0	  100.0	   83.0	    0.0	    0.0	    0.0	    0.0	    2.3	  1	 -750.0	 1550.0	   83.0	    0.0	    0.0	1	  381.3	 21	 1310.5	   11.0	
   35	   7.59	    0.0	 1500.0	    0.0	    0.0	 1500.0	    0.0	  200.0	    0.0	 1500.0	    0.0	  200.0	  100.0	   82.5	    0.0	    0.0	    0.0	    0.0	    2.4	  1	 -750.0	 1550.0	   82.5	    0.0	    0.0	1	  380.9	 21	 1310.1	   11.0	
   36	   7.69	    0.0	 1500.0	    0.0	    0.0	 1500.0	    0.0	  200.0	    0.0	 1500.0	    0.0	  200.0	  100.0	   82.0	    0.0	    0.0	    0.0	    0.0	    2.4	  1	 -750.0	 1550.0	   82.0	    0.0	    0.0	1	  380.4	 21	 1309.7	   11.0	
   37	   7.79	    0.0	 1500.0	    0.0	    0.0	 1500.0	    0.0	  200.0	    0.0	 1500.0	    0.0	  200.0	  100.0	   81.5	    0.0	    0.0	    0.0	    0.0	    2.5	  1	 -750.0	 1550.0	   81.5	    0.0	    0.0	1	  379.9	 21	 1309.4	   10.9	
   38	   7.89	    0.0	 1500.0	    0.0	    0.0	 1500.0	    0.0	  200.0	    0.0	 1500.0	    0.0	  200.0	  100.0	   81.0	    0.0	    0.0	    0.0	    0.0	    2.6	  1	 -750.0	 1550.0	   81.0	    0.0	    0.0	1	  379.5	 21	 1309.0	   10.9	
   39	   7.99	    0.0	 1500.0	    0.0	    0.0	 1500.0	    0.0	  200.0	    0.0	 1500.0	    0.0	  200.0	  100.0	   80.5	    0.0	    0.0	    0.0	    0.0	    2.6	  1	 -750.0	 1550.0	   80.5	    0.0	    0.0	1	  379.0	 21	 1308.6	   10.9	
   40	   8.09	    0.0	 1500.0	    0.0	    0.0	 1500.0	    0.0	  200.0	    0.0	 1500.0	    0.0	  200.0	  100.0	   80.0	    0.0	    0.0	    0.0	    0.0	    2.7	  1	 -750.0	 1550.0	   80.0	    0.0	    0.0	1	  378.5	 21	 1308.3	   10.8	
   41	   8.19	    0.0	 1500.0	    0.0	    0.0	 1500.0	    0.0	  200.0	    0.0	 1500.0	    0.0	  200.0	  100.0	   79.5	    0.0	    0.0	    0.0	    0.0	    2.8	  1	 -750.0	 1550.0	   79.5	    0.0	    0.0	1	  378.1	 21	 1307.9	   10.8	
   42	   8.29	    0.0	 1500.0	    0.0	    0.0	 1500.0	    0.0	  200.0	    0.0	 1500.0	    0.0	  200.0	  100.0	   79.0	    0.0	    0.0	    0.0	    0.0	    2.8	  1	 -750.0	 1550.0	   79.0	    0.0	    0.0	1	  377.6	 21	 1307.5	   10.8	
   43	   8.39	    0.0	 1500.0	    0.0	    0.0	 1500.0	    0.0	  200.0	    0.0	 1500.0	    0.0	  200.0	  100.0	   78.5	    0.0	    0.0	    0.0	    0.0	    2.9	  1	 -750.0	 1550.0	   78.5	    0.0	    0.0	1	  377.1	 21	 1307.1	   10.7	
   44	   8.49	    0.0	 1500.0	    0.0	    0.0	 1500.0	    0.0	  200.0	    0.0	 1500.0	    0.0	  200.0	  100.0	   78.0	    0.0	    0.0	    0.0	    0.0	    3.0	  1	 -750.0	 1550.0	   78.0	    0.0	    0.0	1	  376.7	 21	 1306.8	   10.7	
   45	   8.59	    0.0	 1500.0	    0.0	    0.0	 1500.0	    0.0	  200.0	    0.0	 1500.0	    0.0	  200.0	  100.0	   77.5	    0.0	    0.0	    0.0	    0.0	    3.1	  1	 -750.0	 1550.0	   77.5	    0.0	    0.0	1	  376.2	 21	 1306.4	   10.6	
   46	   8.69	    0.0	 1500.0	    0.0	    0.0	 1500.0	    0.0	  200.0	    0.0	 1500.0	    0.0	  200.0	  100.0	   77.0	    0.0	    0.0	    0.0	    0.0	    3.1	  1	 -750.0	 1550.0	   77.0	    0.0	    0.0	1	  375.7	 21	 1306.0	   10.6	
   47	   8.79	    0.0	 1500.0	    0.0	    0.0	 1500.0	    0.0	  200.0	    0.0	 1500.0	    0.0	  200.0	  100.0	   76.5	    0.0	    0.0	    0.0	    0.0	    3.2	  1	 -750.0	 1550.0	   76.5	    0.0	    0.0	1	  375.2	 21	 1305.7	   10.6	
   48	   8.89	    0.0	 1500.0	    0.0	    0.0	 1500.0	    0.0	  200.0	    0.0	 1500.0	    0.0	  200.0	  100.0	   76.0	    0.0	    0.0	    0.0	    0.0	    3.3	  1	 -750.0	 1550.0	   76.0	    0.0	    0.0	1	  374.8	 21	 1305.3	   10.5	
   49	   8.99	    0.0	 1500.0	    0.0	    0.0	 1500.0	    0.0	  200.0	    0.0	 1500.0	    0.0	  200.0	  100.0	   75.5	    0.0	    0.0	    0.0	    0.0	    3.3	  1	 -750.0	 1550.0	   75.5	    0.0	    0.0	1	  374.3	 21	 1304.9	   10.5	
   50	   9.09	    0.0	 1500.0	    0.0	    0.0	 1500.0	    0.0	  200.0	    0.0	 1500.0	    0.0	  200.0	  100.0	   75.0	    0.0	    0.0	    0.0	    0.0	    3.4	  1	 -750.0	 1550.0	   75.0	    0.0	    0.0	1	  373.8	 21	 1304.6	   10.5	
   51	   9.19	    0.0	 1500.0	    0.0	    0.0	 1500.0	    0.0	  200.0	    0.0	 1500.0	    0.0	  200.0	  100.0	   74.5	    0.0	    0.0	    0.0	    0.0	    3.5	  1	 -750.0	 1550.0	   74.5	    0.0	    0.0	1	  373.4	 21	 1304.2	   10.4	
   52	   9.29	    0.0	 1500.0	    0.0	    0.0	 1500.0	    0.0	  200.0	    0.0	 1500.0	    0.0	  200.0	  100.0	   74.0	    0.0	    0.0	    0.0	    0.0	    3.5	  1	 -750.0	 1550.0	   74.0	    0.0	    0.0	1	  372.9	 21	 1303.8	   10.4	
   53	   9.39	    0.0	 1500.0	    0.0	    0.0	 1500.0	    0.0	  200.0	    0.0	 1500.0	    0.0	  200.0	  100.0	   73.5	    0.0	    0.0	    0.0	    0.0	    3.6	  1	 -750.0	 1550.0	   73.5	    0.0	    0.0	1	  372.4	 21	 1303.5	   10.3	
   54	   9.49	    0.0	 1500.0	    0.0	    0.0	 1500.0	    0.0	  200.0	    0.0	 1500.0	    0.0	  200.0	  100.0	   73.0	    0.0	    0.0	    0.0	    0.0	    3.7	  1	 -750.0	 1550.0	   73.0	    0.0	    0.0	1	  371.9	 21	 1303.1	   10.3	
   55	   9.59	    0.0	 1500.0	    0.0	    0.0	 1500.0	    0.0	  200.0	    0.0	 1500.0	    0.0	  200.0	  100.0	   72.5	    0.0	    0.0	    0.0	    0.0	    3.7	  1	 -750.0	 1550.0	   72.5	    0.0	    0.0	1	  371.5	 21	 1302.7	   10.3	
   56	   9.69	    0.0	 1500.0	    0.0	    0.0	 1500.0	    0.0	  200.0	    0.0	 1500.0	    0.0	  200.0	  100.0	   72.0	    0.0	    0.0	    0.0	    0.0	    3.8	  1	 -750.0	 1550.0	   72.0	    0.0	    0.0	1	  371.0	 21	 1302.4	   10.2	
   57	   9.79	    0.0	 1500.0	    0.0	    0.0	 1500.0	    0.0	  200.0	    0.0	 1500.0	    0.0	  200.0	  100.0	   71.5	    0.0	    0.0	    0.0	    0.0	    3.9	  1	 -750.0	 1550.0	   71.5	    0.0	    0.0	1	  370.5	 21	 1302.0	   10.2	
   58	   9.89	    0.0	 1500.0	    0.0	    0.0	 1500.0	    0.0	  200.0	    0.0	 1500.0	    0.0	  200.0	  100.0	   71.0	    0.0	    0.0	    0.0	    0.0	    3.9	  1	 -750.0	 1550.0	   71.0	    0.0	    0.0	1	  370.0	 21	 1301.6	   10.2	
   59	   9.99	    0.0	 1500.0	    0.0	    0.0	 1500.0	    0.0	  200.0	    0.0	 1500.0	    0.0	  200.0	  100.0	   70.5	    0.0	    0.0	    0.0	    0.0	    4.0	  1	 -750.0	 1550.0	   70.5	    0.0	    0.0	1	  369.6	 21	 1301.2	   10.1	
   60	  10.09	    0.0	 1500.0	    0.0	    0.0	 1500.0	    0.0	  200.0	    0.0	 1500.0	    0.0	  200.0	  100.0	   70.0	    0.0	    0.0	    0.0	    0.0	    4.1	  1	 -750.0	 1550.0	   70.0	    0.0	    0.0	1	  369.1	 21	 1300.9	   10.1	
   61	  10.19	    0.0	 1500.0	    0.0	    0.0	 1500.0	    0.0	  200.0	    0.0	 1500.0	    0.0	  200.0	  100.0	   69.5	    0.0	    0.0	    0.0	    0.0	    4.1	  1	 -750.0	 1550.0	   69.5	    0.0	    0.0	1	  368.6	 21	 1300.5	   10.1	
   62	  10.29	    0.0	 1500.0	    0.0	    0.0	 1500.0	    0.0	  200.0	    0.0	 1500.0	    0.0	  200.0	  100.0	   69.0	    0.0	    0.0	    0.0	    0.0	    4.2	  1	 -750.0	 1550.0	   69.0	    0.0	    0.0	1	  368.1	 21	 1300.1	   10.0	
   63	  10.39	    0.0	 1500.0	    0.0	    0.0	 1500.0	    0.0	  200.0	    0.0	 1500.0	    0.0	  200.0	  100.0	   68.5	    0.0	    0.0	    0.0	    0.0	    4.3	  1	 -750.0	 1550.0	   68.5	    0.0	    0.0	1	  367.7	 21	    0.0	   10.0	
   64	  10.49	    0.0	 1500.0	    0.0	    0.0	 1500.0	    0.0	  200.0	    0.0	 1500.0	    0.0	  200.0	  100.0	   68.0	    0.0	    0.0	    0.0	    0.0	    4.3	  1	 -750.0	 1550.0	   68.0	    0.0	    0.0	1	  367.2	 21	    0.0	    9.9	
   65	  10.59	    0.0	 1500.0	    0.0	    0.0	 1500.0	    0.0	  200.0	    0.0	 1500.0	    0.0	  200.0	  100.0	   67.5	    0.0	    0.0	    0.0	    0.0	    4.4	  1	 -750.0	 1550.0	   67.5	    0.0	    0.0	1	  366.7	 21	    0.0	    9.9	
   66	  10.69	    0.0	 1500.0	    0.0	    0.0	 1500.0	    0.0	  200.0	    0.0	 1500.0	    0.0	  200.0	  100.0	   67.0	    0.0	    0.0	    0.0	    0.0	    4.5	  1	 -750.0	 1550.0	   67.0	    0.0	    0.0	1	  366.2	 21	    0.0	    9.9	
   67	  10.79	    0.0	 1500.0	    0.0	    0.0	 1500.0	    0.0	  200.0	    0.0	 1500.0	    0.0	  200.0	  100.0	   66.5	    0.0	    0.0	    0.0	    0.0	    4.5	  1	 -750.0	 1550.0	   66.5	    0.0	    0.0	1	  365.7	 21	    0.0	    9.8	
   68	  10.89	    0.0	 1500.0	    0.0	    0.0	 1500.0	    0.0	  200.0	    0.0	 1500.0	    0.0	  200.0	  100.0	   66.0	    0.0	    0.0	    0.0	    0.0	    4.6	  1	 -750.0	 1550.0	   66.0	    0.0	    0.0	1	  365.3	 21	    0.0	    9.8	
   69	  10.99	    0.0	 1500.0	    0.0	    0.0	 1500.0	    0.0	  200.0	    0.0	 1500.0	    0.0	  200.0	  100.0	   65.5	    0.0	    0.0	    0.0	    0.0	    4.7	  1	 -750.0	 1550.0	   65.5	    0.0	    0.0	1	  364.8	 21	    0.0	    9.8	
   70	  11.09	    0.0	 1500.0	    0.0	    0.0	 1500.0	    0.0	  200.0	    0.0	 1500.0	    0.0	  200.0	  100.0	   65.0	    0.0	    0.0	    0.0	    0.0	    4.7	  1	 -750.0	 1550.0	   65.0	    0.0	    0.0	1	  364.3	 21	    0.0	    9.7	
   71	  11.19	    0.0	 1500.0	    0.0	    0.0	 1500.0	    0.0	  200.0	    0.0	 1500.0	    0.0	  200.0	  100.0	   64.5	    0.0	    0.0	    0.0	    0.0	    4.8	  1	 -750.0	 1550.0	   64.5	    0.0	    0.0	1	  363.8	 21	    0.0	    9.7	
   72	  11.29	    0.0	 1500.0	    0.0	    0.0	 1500.0	    0.0	  200.0	    0.0	 1500.0	    0.0	  200.0	  100.0	   64.0	    0.0	    0.0	    0.0	    0.0	    4.9	  1	 -750.0	 1550.0	   64.0	    0.0	    0.0	1	  363.4	 21	    0.0	    9.6	
   73	  11.39	    0.0	 1500.0	    0.0	    0.0	 1500.0	    0.0	  200.0	    0.0	 1500.0	    0.0	  200.0	  100.0	   63.5	    0.0	    0.0	    0.0	    0.0	    5.0	  1	 -750.0	 1550.0	   63.5	    0.0	    0.0	1	  362.9	 21	    0.0	    9.6	
   74	  11.49	    0.0	 1500.0	    0.0	    0.0	 1500.0	    0.0	  200.0	    0.0	 1500.0	    0.0	  200.0	  100.0	   63.0	    0.0	    0.0	    0.0	    0.0	    5.0	  1	 -750.0	 1550.0	   63.0	    0.0	    0.0	1	  362.4	 21	    0.0	    9.6	
   75	  11.59	    0.0	 1500.0	    0.0	    0.0	 1500.0	    0.0	  200.0	    0.0	 1500.0	    0.0	  200.0	  100.0	   62.5	    0.0	    0.0	    0.0	    0.0	    5.1	  1	 -750.0	 1550.0	   62.5	    0.0	    0.0	1	  361.9	 21	    0.0	    9.5	
   76	  11.69	    0.0	 1500.0	    0.0	    0.0	 1500.0	    0.0	  200.0	    0.0	 1500.0	    0.0	  200.0	  100.0	   62.0	    0.0	    0.0	    0.0	    0.0	    5.2	  1	 -750.0	 1550.0	   62.0	    0.0	    0.0	1	  361.4	 21	    0.0	    9.5	
   77	  11.79	    0.0	 1500.0	    0.0	    0.0	 1500.0	    0.0	  200.0	    0.0	 1500.0	    0.0	  200.0	  100.0	   61.5	    0.0	    0.0	    0.0	    0.0	    5.2	  1	 -750.0	 1550.0	   61.5	    0.0	    0.0	1	  360.9	 21	    0.0	    9.5	
   78	  11.89	    0.0	 1500.0	    0.0	    0.0	 1500.0	    0.0	  200.0	    0.0	 1500.0	    0.0	  200.0	  100.0	   61.0	    0.0	    0.0	    0.0	    0.0	    5.3	  1	 -750.0	 1550.0	   61.0	    0.0	    0.0	1	  360.5	 21	    0.0	    9.4	
   79	  11.99	    0.0	 1500.0	    0.0	    0.0	 1500.0	    0.0	  200.0	    0.0	 1500.0	    0.0	  200.0	  100.0	   60.5	    0.0	    0.0	    0.0	    0.0	    5.4	  1	 -750.0	 1550.0	   60.5	    0.0	    0.0	1	  360.0	 21	    0.0	    9.4	
   80	  12.09	    0.0	 1500.0	    0.0	    0.0	 1500.0	    0.0	  200.0	    0.0	 1500.0	    0.0	  200.0	  100.0	   60.0	    0.0	    0.0	    0.0	    0.0	    5.4	  1	 -750.0	 1550.0	   60.0	    0.0	    0.0	1	  359.5	 21	    0.0	    9.4	
   81	  12.19	    0.0	 1500.0	    0.0	    0.0	 1500.0	    0.0	  200.0	    0.0	 1500.0	    0.0	  200.0	  100.0	   59.5	    0.0	    0.0	    0.0	    0.0	    5.5	  1	 -750.0	 1550.0	   59.5	    0.0	    0.0	1	  359.0	 21	    0.0	    9.3	
   82	  12.29	    0.0	 1500.0	    0.0	    0.0	 1500.0	    0.0	  200.0	    0.0	 1500.0	    0.0	  200.0	  100.0	   59.0	    0.0	    0.0	    0.0	    0.0	    5.6	  1	 -750.0	 1550.0	   59.0	    0.0	    0.0	1	  358.5	 21	    0.0	    9.3	
   83	  12.39	    0.0	 1500.0	    0.0	    0.0	 1500.0	    0.0	  200.0	    0.0	 1500.0	    0.0	  200.0	  100.0	   58.5	    0.0	    0.0	    0.0	    0.0	    5.6	  1	 -750.0	 1550.0	   58.5	    0.0	    0.0	1	  358.0	 21	    0.0	    9.2	
   84	  12.49	    0.0	 1500.0	    0.0	    0.0	 1500.0	    0.0	  200.0	    0.0	 1500.0	    0.0	  200.0	  100.0	   58.0	    0.0	    0.0	    0.0	    0.0	    5.7	  1	 -750.0	 1550.0	   58.0	    0.0	    0.0	1	  357.6	 21	    0.0	    9.2	
   85	  12.59	    0.0	 1500.0	    0.0	    0.0	 1500.0	    0.0	  200.0	    0.0	 1500.0	    0.0	  200.0	  100.0	   57.5	    0.0	    0.0	    0.0	    0.0	    5.8	  1	 -750.0	 1550.0	   57.5	    0.0	    0.0	1	  357.1	 21	    0.0	    9.2	
   86	  12.69	    0.0	 1500.0	    0.0	    0.0	 1500.0	    0.0	  200.0	    0.0	 1500.0	    0.0	  200.0	  100.0	   57.0	    0.0	    0.0	    0.0	    0.0	    5.8	  1	 -750.0	 1550.0	   57.0	    0.0	    0.0	1	  356.6	 21	    0.0	    9.1	
   87	  12.79	    0.0	 1500.0	    0.0	    0.0	 1500.0	    0.0	  200.0	    0.0	 1500.0	    0.0	  200.0	  100.0	   56.5	    0.0	    0.0	    0.0	    0.0	    5.9	  1	 -750.0	 1550.0	   56.5	    0.0	    0.0	1	  356.1	 21	    0.0	    9.1	
   88	  12.89	    0.0	 1500.0	    0.0	    0.0	 1500.0	    0.0	  200.0	    0.0	 1500.0	    0.0	  200.0	  100.0	   56.0	    0.0	    0.0	    0.0	    0.0	    6.0	  1	 -750.0	 1550.0	   56.0	    0.0	    0.0	1	  355.6	 21	    0.0	    9.1	
   89	  12.99	    0.0	 1500.0	    0.0	    0.0	 1500.0	    0.0	  200.0	    0.0	 1500.0	    0.0	  200.0	  100.0	   55.5	    0.0	    0.0	    0.0	    0.0	    6.0	  1	 -750.0	 1550.0	   55.5	    0.0	    0.0	1	  355.1	 21	    0.0	    9.0	
   90	  13.09	    0.0	 1500.0	    0.0	    0.0	 1500.0	    0.0	  200.0	    0.0	 1500.0	    0.0	  200.0	  100.0	   55.0	    0.0	    0.0	    0.0	    0.0	    6.1	  1	 -750.0	 1550.0	   55.0	    0.0	    0.0	1	  354.7	 21	    0.0	    9.0	
   91	  13.19	    0.0	 1500.0	    0.0	    0.0	 1500.0	    0.0	  200.0	    0.0	 1500.0	    0.0	  200.0	  100.0	   54.5	    0.0	    0.0	    0.0	    0.0	    6.2	  1	 -750.0	 1550.0	   54.5	    0.0	    0.0	1	  354.2	 21	    0.0	    8.9	
   92	  13.29	    0.0	 1500.0	    0.0	    0.0	 1500.0	    0.0	  200.0	    0.0	 1500.0	    0.0	  200.0	  100.0	   54.0	    0.0	    0.0	    0.0	    0.0	    6.2	  1	 -750.0	 1550.0	   54.0	    0.0	    0.0	1	  353.7	 21	    0.0	    8.9	
   93	  13.39	    0.0	 1500.0	    0.0	    0.0	 1500.0	    0.0	  200.0	    0.0	 1500.0	    0.0	  200.0	  100.0	   53.5	    0.0	    0.0	    0.0	    0.0	    6.3	  1	 -750.0	 1550.0	   53.5	    0.0	    0.0	1	  353.2	 21	    0.0	    8.9	
   94	  13.49	    0.0	 1500.0	    0.0	    0.0	 1500.0	    0.0	  200.0	    0.0	 1500.0	    0.0	  200.0	  100.0	   53.0	    0.0	    0.0	    0.0	    0.0	    6.4	  1	 -750.0	 1550.0	   53.0	    0.0	    0.0	1	  352.7	 21	    0.0	    8.8	
   95	  13.59	    0.0	 1500.0	    0.0	    0.0	 1500.0	    0.0	  200.0	    0.0	 1500.0	    0.0	  200.0	  100.0	   52.5	    0.0	    0.0	    0.0	    0.0	    6.4	  1	 -750.0	 1550.0	   52.5	    0.0	    0.0	1	  352.2	 21	    0.0	    8.8	
   96	  13.69	    0.0	 1500.0	    0.0	    0.0	 1500.0	    0.0	  200.0	    0.0	 1500.0	    0.0	  200.0	  100.0	   52.0	    0.0	    0.0	    0.0	    0.0	    6.5	  1	 -750.0	 1550.0	   52.0	    0.0	    0.0	1	  351.7	 21	    0.0	    8.8	
   97	  13.79	    0.0	 1500.0	    0.0	    0.0	 1500.0	    0.0	  200.0	    0.0	 1500.0	    0.0	  200.0	  100.0	   51.5	    0.0	    0.0	    0.0	    0.0	    6.6	  1	 -750.0	 1550.0	   51.5	    0.0	    0.0	1	  351.2	 21	    0.0	    8.7	
   98	  13.89	    0.0	 1500.0	    0.0	    0.0	 1500.0	    0.0	  200.0	    0.0	 1500.0	    0.0	  200.0	  100.0	   51.0	    0.0	    0.0	    0.0	    0.0	    6.6	  1	 -750.0	 1550.0	   51.0	    0.0	    0.0	1	  350.8	 21	    0.0	    8.7	
   99	  13.99	    0.0	 1500.0	    0.0	    0.0	 1500.0	    0.0	  200.0	    0.0	 1500.0	    0.0	  200.0	  100.0	   50.5	    0.0	    0.0	    0.0	    0.0	    6.7	  1	 -750.0	 1550.0	   50.5	    0.0	    0.0	1	  350.3	 21	    0.0	    8.7	
  100	  14.09	    0.0	 1500.0	    0.0	    0.0	 1500.0	    0.0	  200.0	    0.0	 1500.0	    0.0	  200.0	  100.0	   50.0	    0.0	    0.0	    0.0	    0.0	    6.8	  1	 -750.0	 1550.0	   50.0	    0.0	    0.0	1	  349.8	 21	    0.0	    8.6	
  101	  14.19	    0.0	 1500.0	    0.0	    0.0	 1500.0	    0.0	  200.0	    0.0	 1500.0	    0.0	  200.0	  100.0	   49.5	    0.0	    0.0	    0.0	    0.0	    6.9	  1	 -750.0	 1550.0	   49.5	    0.0	    0.0	1	  349.3	 21	    0.0	    8.6	
  102	  14.29	    0.0	 1500.0	    0.0	    0.0	 1500.0	    0.0	  200.0	    0.0	 1500.0	    0.0	  200.0	  100.0	   49.0	    0.0	    0.0	    0.0	    0.0	    6.9	  1	 -750.0	 1550.0	   49.0	    0.0	    0.0	1	  348.8	 21	    0.0	    8.5	
  103	  14.39	    0.0	 1500.0	    0.0	    0.0	 1500.0	    0.0	  200.0	    0.0	 1500.0	    0.0	  200.0	  100.0	   48.5	    0.0	    0.0	    0.0	    0.0	    7.0	  1	 -750.0	 1550.0	   48.5	    0.0	    0.0	1	  348.3	 21	    0.0	    8.5	
  104	  14.49	    0.0	 1500.0	    0.0	    0.0	 1500.0	    0.0	  200.0	    0.0	 1500.0	    0.0	  200.0	  100.0	   48.0	    0.0	    0.0	    0.0	    0.0	    7.1	  1	 -750.0	 1550.0	   48.0	    0.0	    0.0	1	  347.8	 21	    0.0	    8.5	
  105	  14.59	    0.0	 1500.0	    0.0	    0.0	 1500.0	    0.0	  200.0	    0.0	 1500.0	    0.0	  200.0	  100.0	   47.5	    0.0	    0.0	    0.0	    0.0	    7.1	  1	 -750.0	 1550.0	   47.5	    0.0	    0.0	1	  347.3	 21	    0.0	    8.4	
  106	  14.69	    0.0	 1500.0	    0.0	    0.0	 1500.0	    0.0	  200.0	    0.0	 1500.0	    0.0	  200.0	  100.0	   47.0	    0.0	    0.0	    0.0	    0.0	    7.2	  1	 -750.0	 1550.0	   47.0	    0.0	    0.0	1	  346.8	 21	    0.0	    8.4	
  107	  14.79	    0.0	 1500.0	    0.0	  640.0	 1603.8	    0.0	  200.0	    0.0	 1500.0	    0.0	  200.0	  100.0	   46.5	    0.0	    0.0	    0.0	    0.1	    7.3	  1	  750.0	 1850.0	   46.5	    0.0	    0.1	1	  395.3	 21	 1209.7	 -190.3	
  108	  14.89	    0.0	 1500.0	    0.0	  640.0	 1603.8	    0.0	  200.0	    0.0	 1500.0	    0.0	  200.0	  100.0	   46.0	    0.0	    0.0	    0.0	    0.2	    7.3	  1	  750.0	 2250.0	   46.0	    0.0	    0.2	1	  302.9	 21	 1346.1	   14.6	
  109	  14.99	    0.0	 1500.0	    0.0	  640.0	 1603.8	    0.0	  200.0	    0.0	 1500.0	    0.0	  200.0	  100.0	   45.5	    0.0	    0.0	    0.0	    0.3	    7.4	  1	  750.0	 2250.0	   45.5	    0.0	    0.3	1	  302.7	 21	 1345.3	   14.5	
  110	  15.09	    0.0	 1500.0	    0.0	  640.0	 1603.8	    0.0	  200.0	    0.0	 1500.0	    0.0	  200.0	  100.0	   45.0	    0.0	    0.0	    0.0	    0.4	    7.5	  1	  750.0	 2250.0	   45.0	    0.0	    0.4	1	  302.5	 21	 1344.5	   14.5	
  111	  15.19	    0.0	 1500.0	    0.0	  640.0	 1603.8	    0.0	  200.0	    0.0	 1500.0	    0.0	  200.0	  100.0	   44.5	    0.0	    0.0	    0.0	    0.6	    7.5	  1	  750.0	 2250.0	   44.5	    0.0	    0.6	1	  302.3	 21	 1343.8	   14.4	
  112	  15.29	    0.0	 1500.0	    0.0	  639.8	 1608.2	    0.0	  200.0	    0.0	 1500.0	    0.0	  200.0	  100.0	   44.0	    0.0	    0.0	    0.0	    0.7	    7.6	  1	  750.0	 2250.0	   44.0	    0.0	    0.7	1	  301.7	 21	 1343.0	   14.3	
  113	  15.39	    0.0	 1500.0	    0.0	  639.8	 1608.2	    0.0	  200.0	    0.0	 1500.0	    0.0	  200.0	  100.0	   43.5	    0.0	    0.0	    0.0	    0.8	    7.7	  1	  750.0	 2250.0	   43.5	    0.0	    0.8	1	  301.5	 21	 1342.2	   14.2	
  114	  15.49	    0.0	 1500.0	    0.0	  639.8	 1608.2	    0.0	  200.0	    0.0	 1500.0	    0.0	  200.0	  100.0	   43.0	    0.0	    0.0	    0.0	    0.9	    7.7	  1	  750.0	 2250.0	   43.0	    0.0	    0.9	1	  301.3	 21	 1341.5	   14.1	
  115	  15.59	    0.0	 1500.0	    0.0	  639.8	 1608.2	    0.0	  200.0	    0.0	 1500.0	    0.0	  200.0	  100.0	   42.5	    0.0	    0.0	    0.0	    1.0	    7.8	  1	  750.0	 2250.0	   42.5	    0.0	    1.0	1	  301.2	 21	 1340.7	   14.1	
  116	  15.69	    0.0	 1500.0	    0.0	  639.8	 1608.2	    0.0	  200.0	    0.0	 1500.0	    0.0	  200.0	  100.0	   42.0	    0.0	    0.0	    0.0	    1.1	    7.9	  1	  750.0	 2250.0	   42.0	    0.0	    1.1	1	  301.0	 21	 1340.0	   14.0	
  117	  15.79	    0.0	 1500.0	    0.0	  644.0	 1599.2	    0.0	  200.0	    0.0	 1500.0	    0.0	  200.0	  100.0	   41.5	    0.0	    0.0	    0.0	    1.2	    7.9	  1	  750.0	 2250.0	   41.5	    0.0	    1.2	1	  301.3	 21	 1339.2	   13.9	
  118	  15.89	    0.0	 1500.0	    0.0	  644.0	 1599.2	    0.0	  200.0	    0.0	 1500.0	    0.0	  200.0	  100.0	   41.0	    0.0	    0.0	    0.0	    1.3	    8.0	  1	  750.0	 2250.0	   41.0	    0.0	    1.3	1	  301.1	 21	 1338.5	   13.9	
  119	  15.99	    0.0	 1500.0	    0.0	  644.0	 1599.2	    0.0	  200.0	    0.0	 1500.0	    0.0	  200.0	  100.0	   40.5	    0.0	    0.0	    0.0	    1.5	    8.1	  1	  750.0	 2250.0	   40.5	    0.0	    1.5	1	  300.9	 21	 1337.8	   13.8	
  120	  16.09	    0.0	 1500.0	    0.0	  644.0	 1599.2	    0.0	  200.0	    0.0	 1500.0	    0.0	  200.0	  100.0	   40.0	    0.0	    0.0	    0.0	    1.6	    8.1	  1	  750.0	 2250.0	   40.0	    0.0	    1.6	1	  300.7	 21	 1337.1	   13.7	
  121	  16.19	    0.0	 1500.0	    0.0	  662.0	 1622.9	    0.0	  200.0	    0.0	 1500.0	    0.0	  200.0	  100.0	   39.5	    0.0	    0.0	    0.0	    1.7	    8.2	  1	  750.0	 2250.0	   39.5	    0.0	    1.7	1	  302.4	 21	 1335.9	   13.6	
  122	  16.29	    0.0	 1500.0	    0.0	  644.0	 1599.2	    0.0	  200.0	    0.0	 1500.0	    0.0	  200.0	  100.0	   39.0	    0.0	    0.0	    0.0	    1.8	    8.3	  1	  750.0	 2250.0	   39.0	    0.0	    1.8	1	  300.3	 21	 1335.8	   13.6	
  123	  16.39	    0.0	 1500.0	    0.0	  662.0	 1622.9	    0.0	  200.0	    0.0	 1500.0	    0.0	  200.0	  100.0	   38.5	    0.0	    0.0	    0.0	    1.9	    8.3	  1	  750.0	 2250.0	   38.5	    0.0	    1.9	1	  302.8	 21	 1334.6	   13.5	
  124	  16.49	    0.0	 1500.0	    0.0	  662.0	 1622.9	    0.0	  200.0	    0.0	 1500.0	    0.0	  200.0	  100.0	   38.0	    0.0	    0.0	    0.0	    2.0	    8.4	  1	  750.0	 2250.0	   38.0	    0.0	    2.0	1	  302.9	 21	 1334.0	   13.4	
  125	  16.59	    0.0	 1500.0	    0.0	  662.0	 1622.9	    0.0	  200.0	    0.0	 1500.0	    0.0	  200.0	  100.0	   37.5	    0.0	    0.0	    0.0	    2.2	    8.5	  1	  750.0	 2250.0	   37.5	    0.0	    2.2	1	  303.1	 21	 1333.5	   13.3	
  126	  16.69	    0.0	 1500.0	    0.0	  662.0	 1622.9	    0.0	  200.0	    0.0	 1500.0	    0.0	  200.0	  100.0	   37.0	    0.0	    0.0	    0.0	    2.3	    8.5	  1	  750.0	 2250.0	   37.0	    0.0	    2.3	1	  303.3	 21	 1332.9	   13.3	
  127	  16.79	    0.0	 1500.0	    0.0	  659.9	 1624.1	    0.0	  200.0	    0.0	 1500.0	    0.0	  200.0	  100.0	   36.5	    0.0	    0.0	    0.0	    2.4	    8.6	  1	  750.0	 2250.0	   36.5	    0.0	    2.4	1	  303.4	 21	 1332.4	   13.2	
  128	  16.89	    0.0	 1500.0	    0.0	  659.4	 1624.1	    0.0	  200.0	    0.0	 1500.0	    0.0	  200.0	  100.0	   36.0	    0.0	    0.0	    0.0	    2.5	    8.7	  1	  750.0	 2250.0	   36.0	    0.0	    2.5	1	  303.5	 21	 1331.9	   13.2	
  129	  16.99	    0.0	 1500.0	    0.0	  659.4	 1624.1	    0.0	  200.0	    0.0	 1500.0	    0.0	  200.0	  100.0	   35.5	    0.0	    0.0	    0.0	    2.6	    8.8	  1	  750.0	 2250.0	   35.5	    0.0	    2.6	1	  303.7	 21	 1331.3	   13.1	
  130	  17.09	    0.0	 1500.0	    0.0	  659.4	 1624.1	    0.0	  200.0	    0.0	 1500.0	    0.0	  200.0	  100.0	   35.0	    0.0	    0.0	    0.0	    2.8	    8.8	  1	  750.0	 2250.0	   35.0	    0.0	    2.8	1	  303.9	 21	 1330.8	   13.1	
  131	  17.19	    0.0	 1500.0	    0.0	  659.4	 1624.1	    0.0	  200.0	    0.0	 1500.0	    0.0	  200.0	  100.0	   34.5	    0.0	    0.0	    0.0	    2.9	    8.9	  1	  750.0	 2250.0	   34.5	    0.0	    2.9	1	  304.1	 21	 1330.4	   13.0	
  132	  17.29	    0.0	 1500.0	    0.0	  659.4	 1624.1	    0.0	  200.0	    0.0	 1500.0	    0.0	  200.0	  100.0	   34.0	    0.0	    0.0	    0.0	    3.0	    9.0	  1	  750.0	 2250.0	   34.0	    0.0	    3.0	1	  304.3	 21	 1329.9	   13.0	
  133	  17.39	    0.0	 1500.0	    0.0	  659.4	 1624.1	    0.0	  200.0	    0.0	 1500.0	    0.0	  200.0	  100.0	   33.5	    0.0	    0.0	    0.0	    3.1	    9.0	  1	  750.0	 2250.0	   33.5	    0.0	    3.1	1	  304.4	 21	 1329.4	   12.9	
  134	  17.49	    0.0	 1500.0	    0.0	  659.2	 1644.2	    0.0	  200.0	    0.0	 1500.0	    0.0	  200.0	  100.0	   33.0	    0.0	    0.0	    0.0	    3.2	    9.1	  1	  750.0	 2250.0	   33.0	    0.0	    3.2	1	  306.3	 21	 1328.9	   12.9	
  135	  17.59	    0.0	 1500.0	    0.0	  659.2	 1644.2	    0.0	  200.0	    0.0	 1500.0	    0.0	  200.0	  100.0	   32.5	    0.0	    0.0	    0.0	    3.4	    9.2	  1	  750.0	 2250.0	   32.5	    0.0	    3.4	1	  306.5	 21	 1328.5	   12.8	
  136	  17.69	    0.0	 1500.0	    0.0	  659.2	 1644.2	    0.0	  200.0	    0.0	 1500.0	    0.0	  200.0	  100.0	   32.0	    0.0	    0.0	    0.0	    3.5	    9.2	  1	  750.0	 2250.0	   32.0	    0.0	    3.5	1	  306.7	 21	 1328.1	   12.8	
  137	  17.79	    0.0	 1500.0	    0.0	  659.2	 1644.2	    0.0	  200.0	    0.0	 1500.0	    0.0	  200.0	  100.0	   31.5	    0.0	    0.0	    0.0	    3.6	    9.3	  1	  750.0	 2250.0	   31.5	    0.0	    3.6	1	  306.8	 21	 1327.7	   12.8	
  138	  17.89	    0.0	 1500.0	    0.0	  657.1	 1630.8	    0.0	  200.0	    0.0	 1500.0	    0.0	  200.0	  100.0	   31.0	    0.0	    0.0	    0.0	    3.7	    9.4	  1	  750.0	 2250.0	   31.0	    0.0	    3.7	1	  305.7	 21	 1327.5	   12.8	
  139	  17.99	    0.0	 1500.0	    0.0	  657.1	 1630.8	    0.0	  200.0	    0.0	 1500.0	    0.0	  200.0	  100.0	   30.5	    0.0	    0.0	    0.0	    3.8	    9.4	  1	  750.0	 2250.0	   30.5	    0.0	    3.8	1	  305.9	 21	 1327.2	   12.7	
  140	  18.09	    0.0	 1500.0	    0.0	  657.1	 1630.8	    0.0	  200.0	    0.0	 1500.0	    0.0	  200.0	  100.0	   30.0	    0.0	    0.0	    0.0	    3.9	    9.5	  1	  750.0	 2250.0	   30.0	    0.0	    3.9	1	  306.1	 21	 1326.9	   12.7	
  141	  18.19	    0.0	 1500.0	    0.0	  657.1	 1630.8	    0.0	  200.0	    0.0	 1500.0	    0.0	  200.0	  100.0	   29.5	    0.0	    0.0	    0.0	    4.1	    9.6	  1	  750.0	 2250.0	   29.5	    0.0	    4.1	1	  306.3	 21	 1326.6	   12.7	
  142	  18.29	    0.0	 1500.0	    0.0	  657.1	 1630.8	    0.0	  200.0	    0.0	 1500.0	    0.0	  200.0	  100.0	   29.0	    0.0	    0.0	    0.0	    4.2	    9.6	  1	  750.0	 2250.0	   29.0	    0.0	    4.2	1	  306.4	 21	 1326.3	   12.6	
  143	  18.39	    0.0	 1500.0	    0.0	  657.1	 1630.8	    0.0	  200.0	    0.0	 1500.0	    0.0	  200.0	  100.0	   28.5	    0.0	    0.0	    0.0	    4.3	    9.7	  1	  750.0	 2250.0	   28.5	    0.0	    4.3	1	  306.6	 21	 1326.1	   12.6	
  144	  18.49	    0.0	 1500.0	    0.0	  653.5	 1623.1	    0.0	  200.0	    0.0	 1500.0	    0.0	  200.0	  100.0	   28.0	    0.0	    0.0	    0.0	    4.4	    9.8	  1	  750.0	 2250.0	   28.0	    0.0	    4.4	1	  305.9	 21	 1326.0	   12.6	
  145	  18.59	    0.0	 1500.0	    0.0	  653.5	 1623.1	    0.0	  200.0	    0.0	 1500.0	    0.0	  200.0	  100.0	   27.5	    0.0	    0.0	    0.0	    4.5	    9.8	  1	  750.0	 2250.0	   27.5	    0.0	    4.5	1	  306.1	 21	 1325.8	   12.6	
  146	  18.69	    0.0	 1500.0	    0.0	  653.5	 1623.1	    0.0	  200.0	    0.0	 1500.0	    0.0	  200.0	  100.0	   27.0	    0.0	    0.0	    0.0	    4.7	    9.9	  1	  750.0	 2250.0	   27.0	    0.0	    4.7	1	  306.3	 21	 1325.7	   12.6	
  147	  18.79	    0.0	 1500.0	    0.0	  653.5	 1623.1	    0.0	  200.0	    0.0	 1500.0	    0.0	  200.0	  100.0	   26.5	    0.0	    0.0	    0.0	    4.8	   10.0	  1	  750.0	 2250.0	   26.5	    0.0	    4.8	1	  306.5	 21	 1325.5	   12.6	
  148	  18.89	    0.0	 1500.0	    0.0	  653.4	 1618.6	    0.0	  200.0	    0.0	 1500.0	    0.0	  200.0	  100.0	   26.0	    0.0	    0.0	    0.0	    4.9	   10.0	  1	  750.0	 2250.0	   26.0	    0.0	    4.9	1	  306.3	 21	 1325.4	   12.5	
  149	  18.99	    0.0	 1500.0	    0.0	  653.4	 1618.6	    0.0	  200.0	    0.0	 1500.0	    0.0	  200.0	  100.0	   25.5	    0.0	    0.0	    0.0	    5.0	   10.1	  1	  750.0	 2250.0	   25.5	    0.0	    5.0	1	  306.5	 21	 1325.4	   12.5	
  150	  19.09	    0.0	 1500.0	    0.0	  653.4	 1618.6	    0.0	  200.0	    0.0	 1500.0	    0.0	  200.0	  100.0	   25.0	    0.0	    0.0	    0.0	    5.1	   10.2	  1	  750.0	 2250.0	   25.0	    0.0	    5.1	1	  306.6	 21	 1325.3	   12.5	
  151	  19.19	    0.0	 1500.0	    0.0	  653.4	 1618.6	    0.0	  200.0	    0.0	 1500.0	    0.0	  200.0	  100.0	   24.5	    0.0	    0.0	    0.0	    5.2	   10.2	  1	  750.0	 2250.0	   24.5	    0.0	    5.2	1	  306.8	 21	 1325.3	   12.5	
  152	  19.29	    0.0	 1500.0	    0.0	  646.7	 1614.4	    0.0	  200.0	    0.0	 1500.0	    0.0	  200.0	  100.0	   24.0	    0.0	    0.0	    0.0	    5.4	   10.3	  1	  750.0	 2250.0	   24.0	    0.0	    5.4	1	  306.3	 21	 1325.5	   12.5	
  153	  19.39	    0.0	 1500.0	    0.0	  653.4	 1618.6	    0.0	  200.0	    0.0	 1500.0	    0.0	  200.0	  100.0	   23.5	    0.0	    0.0	    0.0	    5.5	   10.4	  1	  750.0	 2250.0	   23.5	    0.0	    5.5	1	  307.2	 21	 1325.4	   12.5	
  154	  19.49	    0.0	 1500.0	    0.0	  646.7	 1614.4	    0.0	  200.0	    0.0	 1500.0	    0.0	  200.0	  100.0	   23.0	    0.0	    0.0	    0.0	    5.6	   10.4	  1	  750.0	 2250.0	   23.0	    0.0	    5.6	1	  306.6	 21	 1325.6	   12.6	
  155	  19.59	    0.0	 1500.0	    0.0	  646.7	 1614.4	    0.0	  200.0	    0.0	 1500.0	    0.0	  200.0	  100.0	   22.5	    0.0	    0.0	    0.0	    5.7	   10.5	  1	  750.0	 2250.0	   22.5	    0.0	    5.7	1	  306.8	 21	 1325.7	   12.6	
  156	  19.69	    0.0	 1500.0	    0.0	  646.7	 1614.4	    0.0	  200.0	    0.0	 1500.0	    0.0	  200.0	  100.0	   22.0	    0.0	    0.0	    0.0	    5.8	   10.6	  1	  750.0	 2250.0	   22.0	    0.0	    5.8	1	  307.0	 21	 1325.9	   12.6	
  157	  19.79	    0.0	 1500.0	    0.0	  646.7	 1614.4	    0.0	  200.0	    0.0	 1500.0	    0.0	  200.0	  100.0	   21.5	    0.0	    0.0	    0.0	    5.9	   10.6	  1	  750.0	 2250.0	   21.5	    0.0	    5.9	1	  307.2	 21	 1326.1	   12.6	
  158	  19.89	    0.0	 1500.0	    0.0	  646.7	 1614.4	    0.0	  200.0	    0.0	 1500.0	    0.0	  200.0	  100.0	   21.0	    0.0	    0.0	    0.0	    6.0	   10.7	  1	  750.0	 2250.0	   21.0	    0.0	    6.0	1	  307.4	 21	 1326.4	   12.6	
  159	  19.99	    0.0	 1500.0	    0.0	  645.5	 1607.9	    0.0	  200.0	    0.0	 1500.0	    0.0	  200.0	  100.0	   20.5	    0.0	    0.0	    0.0	    6.2	   10.8	  1	  750.0	 2250.0	   20.5	    0.0	    6.2	1	  307.0	 21	 1326.7	   12.7	
  160	  20.09	    0.0	 1500.0	    0.0	  645.5	 1607.9	    0.0	  200.0	    0.0	 1500.0	    0.0	  200.0	  100.0	   20.0	    0.0	    0.0	    0.0	    6.3	   10.9	  1	  750.0	 2250.0	   20.0	    0.0	    6.3	1	  307.2	 21	 1327.1	   12.7	
  161	  20.19	    0.0	 1500.0	    0.0	  645.5	 1607.9	    0.0	  200.0	    0.0	 1500.0	    0.0	  200.0	  100.0	   19.5	    0.0	    0.0	    0.0	    6.4	   10.9	  1	  750.0	 2250.0	   19.5	    0.0	    6.4	1	  307.4	 21	 1327.5	   12.7	
  162	  20.29	    0.0	 1500.0	    0.0	  645.5	 1607.9	    0.0	  200.0	    0.0	 1500.0	    0.0	  200.0	  100.0	   19.0	    0.0	    0.0	    0.0	    6.5	   11.0	  1	  750.0	 2250.0	   19.0	    0.0	    6.5	1	  307.6	 21	 1327.9	   12.8	
  163	  20.39	    0.0	 1500.0	    0.0	  643.6	 1609.1	    0.0	  200.0	    0.0	 1500.0	    0.0	  200.0	  100.0	   18.5	    0.0	    0.0	    0.0	    6.6	   11.1	  1	  750.0	 2250.0	   18.5	    0.0	    6.6	1	  307.7	 21	 1328.4	   12.8	
  164	  20.49	    0.0	 1500.0	    0.0	  643.6	 1609.1	    0.0	  200.0	    0.0	 1500.0	    0.0	  200.0	  100.0	   18.0	    0.0	    0.0	    0.0	    6.7	   11.1	  1	  750.0	 2250.0	   18.0	    0.0	    6.7	1	  307.9	 21	 1329.0	   12.9	
  165	  20.59	    0.0	 1500.0	    0.0	  643.6	 1609.1	    0.0	  200.0	    0.0	 1500.0	    0.0	  200.0	  100.0	   17.5	    0.0	    0.0	    0.0	    6.8	   11.2	  1	  750.0	 2250.0	   17.5	    0.0	    6.8	1	  308.1	 21	 1329.6	   13.0	
  166	  20.69	    0.0	 1500.0	    0.0	  643.6	 1609.1	    0.0	  200.0	    0.0	 1500.0	    0.0	  200.0	  100.0	   17.0	    0.0	    0.0	    0.0	    6.9	   11.3	  1	  750.0	 2250.0	   17.0	    0.0	    6.9	1	  308.3	 21	 1330.3	   13.0	
  167	  20.79	    0.0	 1500.0	    0.0	  643.6	 1609.1	    0.0	  200.0	    0.0	 1500.0	    0.0	  200.0	  100.0	   16.5	    0.0	    0.0	    0.0	    7.1	   11.3	  1	  750.0	 2250.0	   16.5	    0.0	    7.1	1	  308.5	 21	 1331.0	   13.1	
  168	  20.89	    0.0	 1500.0	    0.0	  644.6	 1609.1	    0.0	  200.0	    0.0	 1500.0	    0.0	  200.0	  100.0	   16.0	    0.0	    0.0	    0.0	    7.2	   11.4	  1	  750.0	 2250.0	   16.0	    0.0	    7.2	1	  308.7	 21	 1331.8	   13.2	
  169	  20.99	    0.0	 1500.0	    0.0	  644.6	 1609.1	    0.0	  200.0	    0.0	 1500.0	    0.0	  200.0	  100.0	   15.5	    0.0	    0.0	    0.0	    7.3	   11.5	  1	  750.0	 2250.0	   15.5	    0.0	    7.3	1	  308.9	 21	 1332.7	   13.3	
  170	  21.09	    0.0	 1500.0	    0.0	  643.6	 1609.1	    0.0	  200.0	    0.0	 1500.0	    0.0	  200.0	  100.0	   15.0	    0.0	    0.0	    0.0	    7.4	   11.5	  1	  750.0	 2250.0	   15.0	    0.0	    7.4	1	  309.0	 21	 1333.6	   13.4	
  171	  21.19	    0.0	 1500.0	    0.0	  641.8	 1609.2	    0.0	  200.0	    0.0	 1500.0	    0.0	  200.0	  100.0	   14.5	    0.0	    0.0	    0.0	    7.5	   11.6	  1	  750.0	 2250.0	   14.5	    0.0	    7.5	1	  309.1	 21	 1334.7	   13.5	
  172	  21.29	    0.0	 1500.0	    0.0	  641.8	 1609.2	    0.0	  200.0	    0.0	 1500.0	    0.0	  200.0	  100.0	   14.0	    0.0	    0.0	    0.0	    7.6	   11.7	  1	  750.0	 2250.0	   14.0	    0.0	    7.6	1	  309.3	 21	 1335.8	   13.6	
  173	  21.39	    0.0	 1500.0	    0.0	  642.7	 1609.1	    0.0	  200.0	    0.0	 1500.0	    0.0	  200.0	  100.0	   13.5	    0.0	    0.0	    0.0	    7.7	   11.7	  1	  750.0	 2250.0	   13.5	    0.0	    7.7	1	  309.6	 21	 1337.0	   13.7	
  174	  21.49	    0.0	 1500.0	    0.0	  642.7	 1609.1	    0.0	  200.0	    0.0	 1500.0	    0.0	  200.0	  100.0	   13.0	    0.0	    0.0	    0.0	    7.8	   11.8	  1	  750.0	 2250.0	   13.0	    0.0	    7.8	1	  309.7	 21	 1338.2	   13.8	
  175	  21.59	    0.0	 1500.0	    0.0	  642.7	 1609.1	    0.0	  200.0	    0.0	 1500.0	    0.0	  200.0	  100.0	   12.5	    0.0	    0.0	    0.0	    8.0	   11.9	  1	  750.0	 2250.0	   12.5	    0.0	    8.0	1	  309.9	 21	 1339.6	   14.0	
  176	  21.69	    0.0	 1500.0	    0.0	  642.7	 1609.1	    0.0	  200.0	    0.0	 1500.0	    0.0	  200.0	  100.0	   12.0	    0.0	    0.0	    0.0	    8.1	   11.9	  1	  750.0	 2250.0	   12.0	    0.0	    8.1	1	  310.1	 21	 1341.1	   14.1	
  177	  21.79	    0.0	 1500.0	    0.0	  642.7	 1609.1	    0.0	  200.0	    0.0	 1500.0	    0.0	  200.0	  100.0	   11.5	    0.0	    0.0	    0.0	    8.2	   12.0	  1	  750.0	 2250.0	   11.5	    0.0	    8.2	1	  310.3	 21	 1342.7	   14.3	
  178	  21.89	    0.0	 1500.0	    0.0	  642.7	 1609.1	    0.0	  200.0	    0.0	 1500.0	    0.0	  200.0	  100.0	   11.0	    0.0	    0.0	    0.0	    8.3	   12.1	  1	  750.0	 2250.0	   11.0	    0.0	    8.3	1	  310.5	 21	 1344.4	   14.4	
  179	  21.99	    0.0	 1500.0	    0.0	  640.7	 1607.1	    0.0	  200.0	    0.0	 1500.0	    0.0	  200.0	  100.0	   10.5	    0.0	    0.0	    0.0	    8.4	   12.1	  1	  750.0	 2250.0	   10.5	    0.0	    8.4	1	  310.5	 21	 1346.2	   14.6	
  180	  22.09	    0.0	 1500.0	    0.0	  640.7	 1607.1	    0.0	  200.0	    0.0	 1500.0	    0.0	  200.0	  100.0	   10.0	    0.0	    0.0	    0.0	    8.5	   12.2	  1	  750.0	 2250.0	   10.0	    0.0	    8.5	1	  310.6	 21	 1348.2	   14.8	
  181	  22.19	    0.0	 1500.0	    0.0	  640.7	 1607.1	    0.0	  200.0	    0.0	 1500.0	    0.0	  200.0	  100.0	    9.5	    0.0	    0.0	    0.0	    8.6	   12.3	  1	  750.0	 2250.0	    9.5	    0.0	    8.6	1	  310.8	 21	 1350.3	   15.0	
  182	  22.29	    0.0	 1500.0	    0.0	  640.5	 1603.8	    0.0	  200.0	    0.0	 1500.0	    0.0	  200.0	  100.0	    9.0	    0.0	    0.0	    0.0	    8.7	   12.3	  1	  750.0	 2250.0	    9.0	    0.0	    8.7	1	  310.8	 21	 1352.5	   15.2	
  183	  22.39	    0.0	 1500.0	    0.0	  640.7	 1607.1	    0.0	  200.0	    0.0	 1500.0	    0.0	  200.0	  100.0	    8.5	    0.0	    0.0	    0.0	    8.9	   12.4	  1	  750.0	 2250.0	    8.5	    0.0	    8.9	1	  311.2	 21	 1354.9	   15.5	
  184	  22.49	    0.0	 1500.0	    0.0	  640.5	 1603.8	    0.0	  200.0	    0.0	 1500.0	    0.0	  200.0	  100.0	    8.0	    0.0	    0.0	    0.0	    9.0	   12.5	  1	  750.0	 2250.0	    8.0	    0.0	    9.0	1	  311.2	 21	 1357.4	   15.7	
  185	  22.59	    0.0	 1500.0	    0.0	  640.5	 1603.8	    0.0	  200.0	    0.0	 1500.0	    0.0	  200.0	  100.0	    7.5	    0.0	    0.0	    0.0	    9.1	   12.5	  1	  750.0	 2250.0	    7.5	    0.0	    9.1	1	  311.4	 21	 1360.1	   16.0	
  186	  22.69	    0.0	 1500.0	    0.0	  640.5	 1603.8	    0.0	  200.0	    0.0	 1500.0	    0.0	  200.0	  100.0	    7.0	    0.0	    0.0	    0.0	    9.2	   12.6	  1	  750.0	 2250.0	    7.0	    0.0	    9.2	1	  311.6	 21	 1363.0	   16.3	
  187	  22.79	    0.0	 1500.0	    0.0	  640.5	 1603.8	    0.0	  200.0	    0.0	 1500.0	    0.0	  200.0	  100.0	    6.5	    0.0	    0.0	    0.0	    9.3	   12.7	  1	  750.0	 2250.0	    6.5	    0.0	    9.3	1	  311.8	 21	 1366.1	   16.6	
  188	  22.89	    0.0	 1500.0	    0.0	  640.5	 1603.8	    0.0	  200.0	    0.0	 1500.0	    0.0	  200.0	  100.0	    6.0	    0.0	    0.0	    0.0	    9.4	   12.8	  1	  750.0	 2250.0	    6.0	    0.0	    9.4	1	  312.0	 21	 1369.4	   16.9	
  189	  22.99	    0.0	 1500.0	    0.0	  640.5	 1603.8	    0.0	  200.0	    0.0	 1500.0	    0.0	  200.0	  100.0	    5.5	    0.0	    0.0	    0.0	    9.5	   12.8	  1	  750.0	 2250.0	    5.5	    0.0	    9.5	1	  312.1	 21	 1372.9	   17.3	
  190	  23.09	    0.0	 1500.0	    0.0	  640.5	 1603.8	    0.0	  200.0	    0.0	 1500.0	    0.0	  200.0	  100.0	    5.0	    0.0	    0.0	    0.0	    9.6	   12.9	  1	  750.0	 2250.0	    5.0	    0.0	    9.6	1	  312.3	 21	 1376.7	   17.7	
  191	  23.19	    0.0	 1500.0	    0.0	  640.5	 1603.8	    0.0	  200.0	    0.0	 1500.0	    0.0	  200.0	  100.0	    4.5	    0.0	    0.0	    0.0	    9.8	   13.0	  1	  750.0	 2250.0	    4.5	    0.0	    9.8	1	  312.5	 21	 1380.7	   18.1	
  192	  23.29	    0.0	 1500.0	    0.0	  640.5	 1603.8	    0.0	  200.0	    0.0	 1500.0	    0.0	  200.0	  100.0	    4.0	    0.0	    0.0	    0.0	    9.9	   13.0	  1	  750.0	 2250.0	    4.0	    0.0	    9.9	1	  312.7	 21	 1385.0	   18.5	
  193	  23.39	    0.0	 1500.0	    0.0	  640.5	 1603.8	    0.0	  200.0	    0.0	 1500.0	    0.0	  200.0	  100.0	    3.5	    0.0	    0.0	    0.0	   10.0	   13.1	  1	  750.0	 2250.0	    3.5	    0.0	   10.0	1	  312.9	 21	 1389.6	   19.0	
  194	  23.49	    0.0	 1500.0	    0.0	  640.5	 1603.8	    0.0	  200.0	    0.0	 1500.0	    0.0	  200.0	  100.0	    3.0	    0.0	    0.0	    0.0	   10.1	   13.2	  1	  750.0	 2250.0	    3.0	    0.0	   10.1	1	  313.1	 21	 1394.6	   19.5	
  195	  23.59	    0.0	 1500.0	    0.0	  640.5	 1603.8	    0.0	  200.0	    0.0	 1500.0	    0.0	  200.0	  100.0	    2.5	    0.0	    0.0	    0.0	   10.2	   13.2	  1	  750.0	 2250.0	    2.5	    0.0	   10.2	1	  313.3	 21	 1399.9	   20.0	
  196	  23.69	    0.0	 1500.0	    0.0	  640.5	 1603.8	    0.0	  200.0	    0.0	 1500.0	    0.0	  200.0	  100.0	    2.0	    0.0	    0.0	    0.0	   10.3	   13.3	  1	  750.0	 2250.0	    2.0	    0.0	   10.3	1	  313.5	 21	    0.0	    0.0	
  197	  23.79	    0.0	 1500.0	    0.0	  640.5	 1603.8	    0.0	  200.0	    0.0	 1500.0	    0.0	  200.0	  100.0	    1.5	    0.0	    0.0	    0.0	   10.4	   13.4	  1	  750.0	 2250.0	    1.5	    0.0	   10.4	1	  313.7	 21	    0.0	    0.0	
  198	  23.89	    0.0	 1500.0	    0.0	  640.5	 1603.8	    0.0	  200.0	    0.0	 1500.0	    0.0	  200.0	  100.0	    1.0	    0.0	    0.0	    0.0	   10.5	   13.4	  1	  750.0	 2250.0	    1.0	    0.0	   10.5	1	  313.9	 21	    0.0	    0.0	
  199	  23.99	    0.0	 1500.0	    0.0	  640.5	 1603.8	    0.0	  200.0	    0.0	 1500.0	    0.0	  200.0	  100.0	    0.5	    0.0	    0.0	    0.0	   10.6	   13.5	  1	  750.0	 2250.0	    0.5	    0.0	   10.6	1	  314.0	 21	    0.0	    0.0	
  200	  24.09	    0.0	 1500.0	    0.0	  640.5	 1603.8	    0.0	  200.0	    0.0	 1500.0	    0.0	  200.0	  100.0	    0.0	    0.0	    0.0	    0.0	   10.8	   13.6	  1	  750.0	 2250.0	    0.0	    0.0	   10.8	1	  314.2	 21	    0.0	    0.0	
  201	  24.19	    0.0	 1500.0	    0.0	  640.5	 1603.8	    0.0	  200.0	    0.0	 1500.0	    0.0	  200.0	  100.0	    0.0	    0.0	    0.0	    0.0	   10.9	   13.6	  1	  750.0	 2250.0	    0.0	    0.0	   10.9	1	  314.4	 21	    0.0	    0.0	
  202	  24.29	    0.0	 1500.0	    0.0	  640.5	 1603.8	    0.0	  200.0	    0.0	 1500.0	    0.0	  200.0	  100.0	    0.0	    0.0	    0.0	    0.0	   11.0	   13.7	  1	  750.0	 2250.0	    0.0	    0.0	   11.0	1	  314.5	 21	    0.0	    0.0	
  203	  24.39	    0.0	 1500.0	    0.0	  640.5	 1603.8	    0.0	  200.0	    0.0	 1500.0	    0.0	  200.0	  100.0	    0.0	    0.0	    0.0	    0.0	   11.1	   13.8	  1	  750.0	 2250.0	    0.0	    0.0	   11.1	1	  314.7	 21	    0.0	    0.0	
  204	  24.49	    0.0	 1500.0	    0.0	  618.7	 1588.2	    0.0	  200.0	    0.0	 1500.0	    0.0	  200.0	  100.0	    0.0	    0.0	    0.0	    0.0	   11.2	   13.8	  1	  750.0	 2250.0	    0.0	    0.0	   11.2	1	  313.2	 21	    0.0	    0.0	
  205	  24.59	    0.0	 1500.0	    0.0	  618.7	 1588.2	    0.0	  200.0	    0.0	 1500.0	    0.0	  200.0	  100.0	    0.0	    0.0	    0.0	    0.0	   11.3	   13.9	  1	  750.0	 2250.0	    0.0	    0.0	   11.3	1	  313.3	 21	    0.0	    0.0	
  206	  24.69	    0.0	 1500.0	    0.0	  618.7	 1588.2	    0.0	  200.0	    0.0	 1500.0	    0.0	  200.0	  100.0	    0.0	    0.0	    0.0	    0.0	   11.4	   14.0	  1	  750.0	 2250.0	    0.0	    0.0	   11.4	1	  313.4	 21	    0.0	    0.0	
  207	  24.79	    0.0	 1500.0	    0.0	  618.7	 1588.2	    0.0	  200.0	    0.0	 1500.0	    0.0	  200.0	  100.0	    0.0	    0.0	    0.0	    0.0	   11.5	   14.0	  1	  750.0	 2250.0	    0.0	    0.0	   11.5	1	  313.5	 21	    0.0	    0.0	
  208	  24.89	    0.0	 1500.0	    0.0	  618.7	 1588.2	    0.0	  200.0	    0.0	 1500.0	    0.0	  200.0	  100.0	    0.0	    0.0	    0.0	    0.0	   11.6	   14.1	  1	  750.0	 2250.0	    0.0	    0.0	   11.6	1	  313.7	 21	    0.0	    0.0	
  209	  24.99	    0.0	 1500.0	    0.0	  618.7	 1588.2	    0.0	  200.0	    0.0	 1500.0	    0.0	  200.0	  100.0	    0.0	    0.0	    0.0	    0.0	   11.7	   14.2	  1	  750.0	 2250.0	    0.0	    0.0	   11.7	1	  313.8	 21	    0.0	    0.0	
  210	  25.09	    0.0	 1500.0	    0.0	  628.4	 1588.5	    0.0	  200.0	    0.0	 1500.0	    0.0	  200.0	  100.0	    0.0	    0.0	    0.0	    0.0	   11.8	   14.2	  1	  750.0	 2250.0	    0.0	    0.0	   11.8	1	  314.3	 21	    0.0	    0.0	
  211	  25.19	    0.0	 1500.0	    0.0	  628.4	 1588.5	    0.0	  200.0	    0.0	 1500.0	    0.0	  200.0	  100.0	    0.0	    0.0	    0.0	    0.0	   11.9	   14.3	  1	  750.0	 2250.0	    0.0	    0.0	   11.9	1	  314.5	 21	    0.0	    0.0	
  212	  25.29	    0.0	 1500.0	    0.0	  628.4	 1588.5	    0.0	  200.0	    0.0	 1500.0	    0.0	  200.0	  100.0	    0.0	    0.0	    0.0	    0.0	   12.0	   14.4	  1	  750.0	 2250.0	    0.0	    0.0	   12.0	1	  314.6	 21	    0.0	    0.0	
  213	  25.39	    0.0	 1500.0	    0.0	  628.4	 1588.5	    0.0	  200.0	    0.0	 1500.0	    0.0	  200.0	  100.0	    0.0	    0.0	    0.0	    0.0	   12.1	   14.4	  1	  750.0	 2250.0	    0.0	    0.0	   12.1	1	  314.7	 21	    0.0	    0.0	
  214	  25.49	    0.0	 1500.0	    0.0	  628.4	 1588.5	    0.0	  200.0	    0.0	 1500.0	    0.0	  200.0	  100.0	    0.0	    0.0	    0.0	    0.0	   12.2	   14.5	  1	  750.0	 2250.0	    0.0	    0.0	   12.2	1	  314.9	 21	    0.0	    0.0	
  215	  25.59	    0.0	 1500.0	    0.0	  618.5	 1586.2	    0.0	  200.0	    0.0	 1500.0	    0.0	  200.0	  100.0	    0.0	    0.0	    0.0	    0.0	   12.4	   14.6	  1	  750.0	 2250.0	    0.0	    0.0	   12.4	1	  314.4	 21	    0.0	    0.0	
  216	  25.69	    0.0	 1500.0	    0.0	  618.5	 1586.2	    0.0	  200.0	    0.0	 1500.0	    0.0	  200.0	  100.0	    0.0	    0.0	    0.0	    0.0	   12.5	   14.7	  1	  750.0	 2250.0	    0.0	    0.0	   12.5	1	  314.6	 21	    0.0	    0.0	
  217	  25.79	    0.0	 1500.0	    0.0	  618.5	 1586.2	    0.0	  200.0	    0.0	 1500.0	    0.0	  200.0	  100.0	    0.0	    0.0	    0.0	    0.0	   12.6	   14.7	  1	  750.0	 2250.0	    0.0	    0.0	   12.6	1	  314.7	 21	    0.0	    0.0	
  218	  25.89	    0.0	 1500.0	    0.0	  618.5	 1586.2	    0.0	  200.0	    0.0	 1500.0	    0.0	  200.0	  100.0	    0.0	    0.0	    0.0	    0.0	   12.7	   14.8	  1	  750.0	 2250.0	    0.0	    0.0	   12.7	1	  314.8	 21	    0.0	    0.0	
  219	  25.99	    0.0	 1500.0	    0.0	  627.4	 1590.7	    0.0	  200.0	    0.0	 1500.0	    0.0	  200.0	  100.0	    0.0	    0.0	    0.0	    0.0	   12.8	   14.9	  1	  750.0	 2250.0	    0.0	    0.0	   12.8	1	  315.6	 21	    0.0	    0.0	
  220	  26.09	    0.0	 1500.0	    0.0	  626.5	 1590.8	    0.0	  200.0	    0.0	 1500.0	    0.0	  200.0	  100.0	    0.0	    0.0	    0.0	    0.0	   12.9	   14.9	  1	  750.0	 2250.0	    0.0	    0.0	   12.9	1	  315.7	 21	    0.0	    0.0	
  221	  26.19	    0.0	 1500.0	    0.0	  626.5	 1590.8	    0.0	  200.0	    0.0	 1500.0	    0.0	  200.0	  100.0	    0.0	    0.0	    0.0	    0.0	   13.0	   15.0	  1	  750.0	 2250.0	    0.0	    0.0	   13.0	1	  315.8	 21	    0.0	    0.0	
  222	  26.29	    0.0	 1500.0	    0.0	  626.5	 1590.8	    0.0	  200.0	    0.0	 1500.0	    0.0	  200.0	  100.0	    0.0	    0.0	    0.0	    0.0	   13.1	   15.1	  1	  750.0	 2250.0	    0.0	    0.0	   13.1	1	  316.0	 21	    0.0	    0.0	
  223	  26.39	    0.0	 1500.0	    0.0	  626.5	 1590.8	    0.0	  200.0	    0.0	 1500.0	    0.0	  200.0	  100.0	    0.0	    0.0	    0.0	    0.0	   13.2	   15.1	  1	  750.0	 2250.0	    0.0	    0.0	   13.2	1	  316.1	 21	    0.0	    0.0	
  224	  26.49	    0.0	 1500.0	    0.0	  626.5	 1590.8	    0.0	  200.0	    0.0	 1500.0	    0.0	  200.0	  100.0	    0.0	    0.0	    0.0	    0.0	   13.3	   15.2	  1	  750.0	 2250.0	    0.0	    0.0	   13.3	1	  316.2	 21	    0.0	    0.0	
  225	  26.59	    0.0	 1500.0	    0.0	  623.8	 1593.1	    0.0	  200.0	    0.0	 1500.0	    0.0	  200.0	  100.0	    0.0	    0.0	    0.0	    0.0	   13.4	   15.3	  1	  750.0	 2250.0	    0.0	    0.0	   13.4	1	  316.4	 21	    0.0	    0.0	
  226	  26.69	    0.0	 1500.0	    0.0	  623.8	 1593.1	    0.0	  200.0	    0.0	 1500.0	    0.0	  200.0	  100.0	    0.0	    0.0	    0.0	    0.0	   13.5	   15.3	  1	  750.0	 2250.0	    0.0	    0.0	   13.5	1	  316.5	 21	    0.0	    0.0	
  227	  26.79	    0.0	 1500.0	    0.0	  623.8	 1593.1	    0.0	  200.0	    0.0	 1500.0	    0.0	  200.0	  100.0	    0.0	    0.0	    0.0	    0.0	   13.6	   15.4	  1	  750.0	 2250.0	    0.0	    0.0	   13.6	1	  316.6	 21	    0.0	    0.0	
  228	  26.89	    0.0	 1500.0	    0.0	  623.8	 1593.1	    0.0	  200.0	    0.0	 1500.0	    0.0	  200.0	  100.0	    0.0	    0.0	    0.0	    0.0	   13.7	   15.5	  1	  750.0	 2250.0	    0.0	    0.0	   13.7	1	  316.8	 21	    0.0	    0.0	
  229	  26.99	    0.0	 1500.0	    0.0	  623.8	 1593.1	    0.0	  200.0	    0.0	 1500.0	    0.0	  200.0	  100.0	    0.0	    0.0	    0.0	    0.0	   13.8	   15.5	  1	  750.0	 2250.0	    0.0	    0.0	   13.8	1	  316.9	 21	    0.0	    0.0	
  230	  27.09	    0.0	 1500.0	    0.0	  625.8	 1594.0	    0.0	  200.0	    0.0	 1500.0	    0.0	  200.0	  100.0	    0.0	    0.0	    0.0	    0.0	   13.9	   15.6	  1	  750.0	 2250.0	    0.0	    0.0	   13.9	1	  317.2	 21	    0.0	    0.0	
  231	  27.19	    0.0	 1500.0	    0.0	  625.8	 1594.0	    0.0	  200.0	    0.0	 1500.0	    0.0	  200.0	  100.0	    0.0	    0.0	    0.0	    0.0	   14.0	   15.7	  1	  750.0	 2250.0	    0.0	    0.0	   14.0	1	  317.3	 21	    0.0	    0.0	
  232	  27.29	    0.0	 1500.0	    0.0	  625.8	 1594.0	    0.0	  200.0	    0.0	 1500.0	    0.0	  200.0	  100.0	    0.0	    0.0	    0.0	    0.0	   14.2	   15.7	  1	  750.0	 2250.0	    0.0	    0.0	   14.2	1	  317.5	 21	    0.0	    0.0	
  233	  27.39	    0.0	 1500.0	    0.0	  625.8	 1594.0	    0.0	  200.0	    0.0	 1500.0	    0.0	  200.0	  100.0	    0.0	    0.0	    0.0	    0.0	   14.3	   15.8	  1	  750.0	 2250.0	    0.0	    0.0	   14.3	1	  317.6	 21	    0.0	    0.0	
  234	  27.49	    0.0	 1500.0	    0.0	  624.8	 1594.1	    0.0	  200.0	    0.0	 1500.0	    0.0	  200.0	  100.0	    0.0	    0.0	    0.0	    0.0	   14.4	   15.9	  1	  750.0	 2250.0	    0.0	    0.0	   14.4	1	  317.7	 21	    0.0	    0.0	
  235	  27.59	    0.0	 1500.0	    0.0	  624.8	 1594.1	    0.0	  200.0	    0.0	 1500.0	    0.0	  200.0	  100.0	    0.0	    0.0	    0.0	    0.0	   14.5	   15.9	  1	  750.0	 2250.0	    0.0	    0.0	   14.5	1	  317.8	 21	    0.0	    0.0	
  236	  27.69	    0.0	 1500.0	    0.0	  624.8	 1594.1	    0.0	  200.0	    0.0	 1500.0	    0.0	  200.0	  100.0	    0.0	    0.0	    0.0	    0.0	   14.6	   16.0	  1	  750.0	 2250.0	    0.0	    0.0	   14.6	1	  317.9	 21	    0.0	    0.0	
  237	  27.79	    0.0	 1500.0	    0.0	  624.8	 1594.1	    0.0	  200.0	    0.0	 1500.0	    0.0	  200.0	  100.0	    0.0	    0.0	    0.0	    0.0	   14.7	   16.1	  1	  750.0	 2250.0	    0.0	    0.0	   14.7	1	  318.1	 21	    0.0	    0.0	
  238	  27.89	    0.0	 1500.0	    0.0	  624.8	 1594.1	    0.0	  200.0	    0.0	 1500.0	    0.0	  200.0	  100.0	    0.0	    0.0	    0.0	    0.0	   14.8	   16.1	  1	  750.0	 2250.0	    0.0	    0.0	   14.8	1	  318.2	 21	    0.0	    0.0	
  239	  27.99	    0.0	 1500.0	    0.0	  624.8	 1594.1	    0.0	  200.0	    0.0	 1500.0	    0.0	  200.0	  100.0	    0.0	    0.0	    0.0	    0.0	   14.9	   16.2	  1	  750.0	 2250.0	    0.0	    0.0	   14.9	1	  318.3	 21	    0.0	    0.0	
  240	  28.09	    0.0	 1500.0	    0.0	  624.8	 1594.1	    0.0	  200.0	    0.0	 1500.0	    0.0	  200.0	  100.0	    0.0	    0.0	    0.0	    0.0	   15.0	   16.3	  1	  750.0	 2250.0	    0.0	    0.0	   15.0	1	  318.5	 21	    0.0	    0.0	
  241	  28.19	    0.0	 1500.0	    0.0	  624.8	 1594.1	    0.0	  200.0	    0.0	 1500.0	    0.0	  200.0	  100.0	    0.0	    0.0	    0.0	    0.0	   15.1	   16.3	  1	  750.0	 2250.0	    0.0	    0.0	   15.1	1	  318.6	 21	    0.0	    0.0	
  242	  28.29	    0.0	 1500.0	    0.0	  624.8	 1594.1	    0.0	  200.0	    0.0	 1500.0	    0.0	  200.0	  100.0	    0.0	    0.0	    0.0	    0.0	   15.2	   16.4	  1	  750.0	 2250.0	    0.0	    0.0	   15.2	1	  318.7	 21	    0.0	    0.0	
  243	  28.39	    0.0	 1500.0	    0.0	  624.8	 1594.1	    0.0	  200.0	    0.0	 1500.0	    0.0	  200.0	  100.0	    0.0	    0.0	    0.0	    0.0	   15.3	   16.5	  1	  750.0	 2250.0	    0.0	    0.0	   15.3	1	  318.9	 21	    0.0	    0.0	
  244	  28.49	    0.0	 1500.0	    0.0	  624.8	 1594.1	    0.0	  200.0	    0.0	 1500.0	    0.0	  200.0	  100.0	    0.0	    0.0	    0.0	    0.0	   15.4	   16.6	  1	  750.0	 2250.0	    0.0	    0.0	   15.4	1	  319.0	 21	    0.0	    0.0	
  245	  28.59	    0.0	 1500.0	    0.0	  624.8	 1594.1	    0.0	  200.0	    0.0	 1500.0	    0.0	  200.0	  100.0	    0.0	    0.0	    0.0	    0.0	   15.5	   16.6	  1	  750.0	 2250.0	    0.0	    0.0	   15.5	1	  319.1	 21	    0.0	    0.0	
  246	  28.69	    0.0	 1500.0	    0.0	  624.8	 1594.1	    0.0	  200.0	    0.0	 1500.0	    0.0	  200.0	  100.0	    0.0	    0.0	    0.0	    0.0	   15.6	   16.7	  1	  750.0	 2250.0	    0.0	    0.0	   15.6	1	  319.3	 21	    0.0	    0.0	
  247	  28.79	    0.0	 1500.0	    0.0	  624.9	 1595.1	    0.0	  200.0	    0.0	 1500.0	    0.0	  200.0	  100.0	    0.0	    0.0	    0.0	    0.0	   15.7	   16.8	  1	  750.0	 2250.0	    0.0	    0.0	   15.7	1	  319.5	 21	    0.0	    0.0	
  248	  28.89	    0.0	 1500.0	    0.0	  624.9	 1595.1	    0.0	  200.0	    0.0	 1500.0	    0.0	  200.0	  100.0	    0.0	    0.0	    0.0	    0.0	   15.9	   16.8	  1	  750.0	 2250.0	    0.0	    0.0	   15.9	1	  319.6	 21	    0.0	    0.0	
  249	  28.99	    0.0	 1500.0	    0.0	  624.9	 1595.1	    0.0	  200.0	    0.0	 1500.0	    0.0	  200.0	  100.0	    0.0	    0.0	    0.0	    0.0	   16.0	   16.9	  1	  750.0	 2250.0	    0.0	    0.0	   16.0	1	  319.7	 21	    0.0	    0.0	
  250	  29.09	    0.0	 1500.0	    0.0	  624.9	 1595.1	    0.0	  200.0	    0.0	 1500.0	    0.0	  200.0	  100.0	    0.0	    0.0	    0.0	    0.0	   16.1	   17.0	  1	  750.0	 2250.0	    0.0	    0.0	   16.1	1	  319.9	 21	    0.0	    0.0	
  251	  29.19	    0.0	 1500.0	    0.0	  624.9	 1595.1	    0.0	  200.0	    0.0	 1500.0	    0.0	  200.0	  100.0	    0.0	    0.0	    0.0	    0.0	   16.2	   17.0	  1	  750.0	 2250.0	    0.0	    0.0	   16.2	1	  320.0	 21	    0.0	    0.0	
  252	  29.29	    0.0	 1500.0	    0.0	  624.9	 1595.1	    0.0	  200.0	    0.0	 1500.0	    0.0	  200.0	  100.0	    0.0	    0.0	    0.0	    0.0	   16.3	   17.1	  1	  750.0	 2250.0	    0.0	    0.0	   16.3	1	  320.1	 21	    0.0	    0.0	
  253	  29.39	    0.0	 1500.0	    0.0	  624.9	 1595.1	    0.0	  200.0	    0.0	 1500.0	    0.0	  200.0	  100.0	    0.0	    0.0	    0.0	    0.0	   16.4	   17.2	  1	  750.0	 2250.0	    0.0	    0.0	   16.4	1	  320.3	 21	    0.0	    0.0	
  254	  29.49	    0.0	 1500.0	    0.0	  624.9	 1595.1	    0.0	  200.0	    0.0	 1500.0	    0.0	  200.0	  100.0	    0.0	    0.0	    0.0	    0.0	   16.5	   17.2	  1	  750.0	 2250.0	    0.0	    0.0	   16.5	1	  320.4	 21	    0.0	    0.0	
  255	  29.59	    0.0	 1500.0	    0.0	  624.9	 1595.1	    0.0	  200.0	    0.0	 1500.0	    0.0	  200.0	  100.0	    0.0	    0.0	    0.0	    0.0	   16.6	   17.3	  1	  750.0	 2250.0	    0.0	    0.0	   16.6	1	  320.5	 21	    0.0	    0.0	
  256	  29.69	    0.0	 1500.0	    0.0	  624.0	 1595.2	    0.0	  200.0	    0.0	 1500.0	    0.0	  200.0	  100.0	    0.0	    0.0	    0.0	    0.0	   16.7	   17.4	  1	  750.0	 2250.0	    0.0	    0.0	   16.7	1	  320.6	 21	    0.0	    0.0	
  257	  29.79	    0.0	 1500.0	    0.0	  624.0	 1595.2	    0.0	  200.0	    0.0	 1500.0	    0.0	  200.0	  100.0	    0.0	    0.0	    0.0	    0.0	   16.8	   17.4	  1	  750.0	 2250.0	    0.0	    0.0	   16.8	1	  320.8	 21	    0.0	    0.0	
  258	  29.89	    0.0	 1500.0	    0.0	  624.9	 1595.1	    0.0	  200.0	    0.0	 1500.0	    0.0	  200.0	  100.0	    0.0	    0.0	    0.0	    0.0	   16.9	   17.5	  1	  750.0	 2250.0	    0.0	    0.0	   16.9	1	  320.9	 21	    0.0	    0.0	
  259	  29.99	    0.0	 1500.0	    0.0	  624.9	 1595.1	    0.0	  200.0	    0.0	 1500.0	    0.0	  200.0	  100.0	    0.0	    0.0	    0.0	    0.0	   17.0	   17.6	  1	  750.0	 2250.0	    0.0	    0.0	   17.0	1	  321.1	 21	    0.0	    0.0	
  260	  30.09	    0.0	 1500.0	    0.0	  624.0	 1595.2	    0.0	  200.0	    0.0	 1500.0	    0.0	  200.0	  100.0	    0.0	    0.0	    0.0	    0.0	   17.1	   17.6	  1	  750.0	 2250.0	    0.0	    0.0	   17.1	1	  321.2	 21	    0.0	    0.0	
  261	  30.19	    0.0	 1500.0	    0.0	  624.0	 1595.2	    0.0	  200.0	    0.0	 1500.0	    0.0	  200.0	  100.0	    0.0	    0.0	    0.0	    0.0	   17.2	   17.7	  1	  750.0	 2250.0	    0.0	    0.0	   17.2	1	  321.3	 21	    0.0	    0.0	
  262	  30.29	    0.0	 1500.0	    0.0	  624.0	 1595.2	    0.0	  200.0	    0.0	 1500.0	    0.0	  200.0	  100.0	    0.0	    0.0	    0.0	    0.0	   17.3	   17.8	  1	  750.0	 2250.0	    0.0	    0.0	   17.3	1	  321.4	 21	    0.0	    0.0	
  263	  30.39	    0.0	 1500.0	    0.0	  624.0	 1595.2	    0.0	  200.0	    0.0	 1500.0	    0.0	  200.0	  100.0	    0.0	    0.0	    0.0	    0.0	   17.4	   17.8	  1	  750.0	 2250.0	    0.0	    0.0	   17.4	1	  321.6	 21	    0.0	    0.0	
  264	  30.49	    0.0	 1500.0	    0.0	  624.0	 1595.2	    0.0	  200.0	    0.0	 1500.0	    0.0	  200.0	  100.0	    0.0	    0.0	    0.0	    0.0	   17.6	   17.9	  1	  750.0	 2250.0	    0.0	    0.0	   17.6	1	  321.7	 21	    0.0	    0.0	
  265	  30.59	    0.0	 1500.0	    0.0	  624.0	 1595.2	    0.0	  200.0	    0.0	 1500.0	    0.0	  200.0	  100.0	    0.0	    0.0	    0.0	    0.0	   17.7	   18.0	  1	  750.0	 2250.0	    0.0	    0.0	   17.7	1	  321.8	 21	    0.0	    0.0	
  266	  30.69	    0.0	 1500.0	    0.0	  624.0	 1595.2	    0.0	  200.0	    0.0	 1500.0	    0.0	  200.0	  100.0	    0.0	    0.0	    0.0	    0.0	   17.8	   18.0	  1	  750.0	 2250.0	    0.0	    0.0	   17.8	1	  322.0	 21	    0.0	    0.0	
  267	  30.79	    0.0	 1500.0	    0.0	  624.0	 1595.2	    0.0	  200.0	    0.0	 1500.0	    0.0	  200.0	  100.0	    0.0	    0.0	    0.0	    0.0	   17.9	   18.1	  1	  750.0	 2250.0	    0.0	    0.0	   17.9	1	  322.1	 21	    0.0	    0.0	
  268	  30.89	    0.0	 1500.0	    0.0	  624.0	 1595.2	    0.0	  200.0	    0.0	 1500.0	    0.0	  200.0	  100.0	    0.0	    0.0	    0.0	    0.0	   18.0	   18.2	  1	  750.0	 2250.0	    0.0	    0.0	   18.0	1	  322.2	 21	    0.0	    0.0	
  269	  30.99	    0.0	 1500.0	    0.0	  624.0	 1595.2	    0.0	  200.0	    0.0	 1500.0	    0.0	  200.0	  100.0	    0.0	    0.0	    0.0	    0.0	   18.1	   18.2	  1	  750.0	 2250.0	    0.0	    0.0	   18.1	1	  322.4	 21	    0.0	    0.0	
  270	  31.09	    0.0	 1500.0	    0.0	  624.0	 1595.2	    0.0	  200.0	    0.0	 1500.0	    0.0	  200.0	  100.0	    0.0	    0.0	    0.0	    0.0	   18.2	   18.3	  1	  750.0	 2250.0	    0.0	    0.0	   18.2	1	  322.5	 21	    0.0	    0.0	
  271	  31.19	    0.0	 1500.0	    0.0	  624.0	 1595.2	    0.0	  200.0	    0.0	 1500.0	    0.0	  200.0	  100.0	    0.0	    0.0	    0.0	    0.0	   18.3	   18.4	  1	  750.0	 2250.0	    0.0	    0.0	   18.3	1	  322.6	 21	    0.0	    0.0	
  272	  31.29	    0.0	 1500.0	    0.0	  624.0	 1595.2	    0.0	  200.0	    0.0	 1500.0	    0.0	  200.0	  100.0	    0.0	    0.0	    0.0	    0.0	   18.4	   18.5	  1	  750.0	 2250.0	    0.0	    0.0	   18.4	1	  322.8	 21	    0.0	    0.0	
  273	  31.39	    0.0	 1500.0	    0.0	  624.0	 1595.2	    0.0	  200.0	    0.0	 1500.0	    0.0	  200.0	  100.0	    0.0	    0.0	    0.0	    0.0	   18.5	   18.5	  1	  750.0	 2250.0	    0.0	    0.0	   18.5	1	  322.9	 21	    0.0	    0.0	
  274	  31.49	    0.0	 1500.0	    0.0	  624.0	 1595.2	    0.0	  200.0	    0.0	 1500.0	    0.0	  200.0	  100.0	    0.0	    0.0	    0.0	    0.0	   18.6	   18.6	  1	  750.0	 2250.0	    0.0	    0.0	   18.6	1	  323.0	 21	    0.0	    0.0	
  275	  31.59	    0.0	 1500.0	    0.0	  624.0	 1595.2	    0.0	  200.0	    0.0	 1500.0	    0.0	  200.0	  100.0	    0.0	    0.0	    0.0	    0.0	   18.7	   18.7	  1	  750.0	 2250.0	    0.0	    0.0	   18.7	1	  323.2	 21	    0.0	    0.0	
  276	  31.69	    0.0	 1500.0	    0.0	  624.0	 1595.2	    0.0	  200.0	    0.0	 1500.0	    0.0	  200.0	  100.0	    0.0	    0.0	    0.0	    0.0	   18.8	   18.7	  1	  750.0	 2250.0	    0.0	    0.0	   18.8	1	  323.3	 21	    0.0	    0.0	
  277	  31.79	    0.0	 1500.0	    0.0	  625.9	 1596.1	    0.0	  200.0	    0.0	 1500.0	    0.0	  200.0	  100.0	    0.0	    0.0	    0.0	    0.0	   18.9	   18.8	  1	  750.0	 2250.0	    0.0	    0.0	   18.9	1	  323.6	 21	    0.0	    0.0	
  278	  31.89	    0.0	 1500.0	    0.0	  625.9	 1596.1	    0.0	  200.0	    0.0	 1500.0	    0.0	  200.0	  100.0	    0.0	    0.0	    0.0	    0.0	   19.0	   18.9	  1	  750.0	 2250.0	    0.0	    0.0	   19.0	1	  323.8	 21	    0.0	    0.0	
  279	  31.99	    0.0	 1500.0	    0.0	  625.9	 1596.1	    0.0	  200.0	    0.0	 1500.0	    0.0	  200.0	  100.0	    0.0	    0.0	    0.0	    0.0	   19.1	   18.9	  1	  750.0	 2250.0	    0.0	    0.0	   19.1	1	  323.9	 21	    0.0	    0.0	
  280	  32.09	    0.0	 1500.0	    0.0	  625.9	 1596.1	    0.0	  200.0	    0.0	 1500.0	    0.0	  200.0	  100.0	    0.0	    0.0	    0.0	    0.0	   19.3	   19.0	  1	  750.0	 2250.0	    0.0	    0.0	   19.3	1	  324.0	 21	    0.0	    0.0	
  281	  32.19	    0.0	 1500.0	    0.0	  625.9	 1596.1	    0.0	  200.0	    0.0	 1500.0	    0.0	  200.0	  100.0	    0.0	    0.0	    0.0	    0.0	   19.4	   19.1	  1	  750.0	 2250.0	    0.0	    0.0	   19.4	1	  324.2	 21	    0.0	    0.0	
  282	  32.29	    0.0	 1500.0	    0.0	  627.7	 1594.9	    0.0	  200.0	    0.0	 1500.0	    0.0	  200.0	  100.0	    0.0	    0.0	    0.0	    0.0	   19.5	   19.1	  1	  750.0	 2250.0	    0.0	    0.0	   19.5	1	  324.3	 21	    0.0	    0.0	
  283	  32.39	    0.0	 1500.0	    0.0	  627.7	 1594.9	    0.0	  200.0	    0.0	 1500.0	    0.0	  200.0	  100.0	    0.0	    0.0	    0.0	    0.0	   19.6	   19.2	  1	  750.0	 2250.0	    0.0	    0.0	   19.6	1	  324.5	 21	    0.0	    0.0	
  284	  32.49	    0.0	 1500.0	    0.0	  627.7	 1594.9	    0.0	  200.0	    0.0	 1500.0	    0.0	  200.0	  100.0	    0.0	    0.0	    0.0	    0.0	   19.7	   19.3	  1	  750.0	 2250.0	    0.0	    0.0	   19.7	1	  324.6	 21	    0.0	    0.0	
  285	  32.59	    0.0	 1500.0	    0.0	  627.7	 1594.9	    0.0	  200.0	    0.0	 1500.0	    0.0	  200.0	  100.0	    0.0	    0.0	    0.0	    0.0	   19.8	   19.3	  1	  750.0	 2250.0	    0.0	    0.0	   19.8	1	  324.7	 21	    0.0	    0.0	
  286	  32.69	    0.0	 1500.0	    0.0	  625.9	 1595.1	    0.0	  200.0	    0.0	 1500.0	    0.0	  200.0	  100.0	    0.0	    0.0	    0.0	    0.0	   19.9	   19.4	  1	  750.0	 2250.0	    0.0	    0.0	   19.9	1	  324.7	 21	    0.0	    0.0	
  287	  32.79	    0.0	 1500.0	    0.0	  625.9	 1595.1	    0.0	  200.0	    0.0	 1500.0	    0.0	  200.0	  100.0	    0.0	    0.0	    0.0	    0.0	   20.0	   19.5	  1	  750.0	 2250.0	    0.0	    0.0	   20.0	1	  324.9	 21	    0.0	    0.0	
  288	  32.89	    0.0	 1500.0	    0.0	  625.9	 1595.1	    0.0	  200.0	    0.0	 1500.0	    0.0	  200.0	  100.0	    0.0	    0.0	    0.0	    0.0	   20.1	   19.5	  1	  750.0	 2250.0	    0.0	    0.0	   20.1	1	  325.0	 21	    0.0	    0.0	
  289	  32.99	    0.0	 1500.0	    0.0	  627.7	 1594.9	    0.0	  200.0	    0.0	 1500.0	    0.0	  200.0	  100.0	    0.0	    0.0	    0.0	    0.0	   20.2	   19.6	  1	  750.0	 2250.0	    0.0	    0.0	   20.2	1	  325.3	 21	    0.0	    0.0	
  290	  33.09	    0.0	 1500.0	    0.0	  627.7	 1594.9	    0.0	  200.0	    0.0	 1500.0	    0.0	  200.0	  100.0	    0.0	    0.0	    0.0	    0.0	   20.3	   19.7	  1	  750.0	 2250.0	    0.0	    0.0	   20.3	1	  325.4	 21	    0.0	    0.0	
  291	  33.19	    0.0	 1500.0	    0.0	  627.7	 1594.9	    0.0	  200.0	    0.0	 1500.0	    0.0	  200.0	  100.0	    0.0	    0.0	    0.0	    0.0	   20.4	   19.7	  1	  750.0	 2250.0	    0.0	    0.0	   20.4	1	  325.5	 21	    0.0	    0.0	
  292	  33.29	    0.0	 1500.0	    0.0	  627.7	 1594.9	    0.0	  200.0	    0.0	 1500.0	    0.0	  200.0	  100.0	    0.0	    0.0	    0.0	    0.0	   20.5	   19.8	  1	  750.0	 2250.0	    0.0	    0.0	   20.5	1	  325.7	 21	    0.0	    0.0	
  293	  33.39	    0.0	 1500.0	    0.0	  627.7	 1594.9	    0.0	  200.0	    0.0	 1500.0	    0.0	  200.0	  100.0	    0.0	    0.0	    0.0	    0.0	   20.6	   19.9	  1	  750.0	 2250.0	    0.0	    0.0	   20.6	1	  325.8	 21	    0.0	    0.0	
  294	  33.49	    0.0	 1500.0	    0.0	  627.7	 1594.9	    0.0	  200.0	    0.0	 1500.0	    0.0	  200.0	  100.0	    0.0	    0.0	    0.0	    0.0	   20.7	   19.9	  1	  750.0	 2250.0	    0.0	    0.0	   20.7	1	  325.9	 21	    0.0	    0.0	
  295	  33.59	    0.0	 1500.0	    0.0	  627.7	 1594.9	    0.0	  200.0	    0.0	 1500.0	    0.0	  200.0	  100.0	    0.0	    0.0	    0.0	    0.0	   20.9	   20.0	  1	  750.0	 2250.0	    0.0	    0.0	   20.9	1	  326.1	 21	    0.0	    0.0	
  296	  33.69	    0.0	 1500.0	    0.0	  627.7	 1594.9	    0.0	  200.0	    0.0	 1500.0	    0.0	  200.0	  100.0	    0.0	    0.0	    0.0	    0.0	   21.0	   20.1	  1	  750.0	 2250.0	    0.0	    0.0	   21.0	1	  326.2	 21	    0.0	    0.0	
  297	  33.79	    0.0	 1500.0	    0.0	  627.7	 1594.9	    0.0	  200.0	    0.0	 1500.0	    0.0	  200.0	  100.0	    0.0	    0.0	    0.0	    0.0	   21.1	   20.1	  1	  750.0	 2250.0	    0.0	    0.0	   21.1	1	  326.3	 21	    0.0	    0.0	
  298	  33.89	    0.0	 1500.0	    0.0	  627.7	 1594.9	    0.0	  200.0	    0.0	 1500.0	    0.0	  200.0	  100.0	    0.0	    0.0	    0.0	    0.0	   21.2	   20.2	  1	  750.0	 2250.0	    0.0	    0.0	   21.2	1	  326.5	 21	    0.0	    0.0	
  299	  33.99	    0.0	 1500.0	    0.0	  627.7	 1594.9	    0.0	  200.0	    0.0	 1500.0	    0.0	  200.0	  100.0	    0.0	    0.0	    0.0	    0.0	   21.3	   20.3	  1	  750.0	 2250.0	    0.0	    0.0	   21.3	1	  326.6	 21	    0.0	    0.0	
  300	  34.09	    0.0	 1500.0	    0.0	  627.7	 1594.9	    0.0	  200.0	    0.0	 1500.0	    0.0	  200.0	  100.0	    0.0	    0.0	    0.0	    0.0	   21.4	   20.3	  1	  750.0	 2250.0	    0.0	    0.0	   21.4	1	  326.7	 21	    0.0	    0.0	
  301	  34.19	    0.0	 1500.0	    0.0	  627.7	 1594.9	    0.0	  200.0	    0.0	 1500.0	    0.0	  200.0	  100.0	    0.0	    0.0	    0.0	    0.0	   21.5	   20.4	  1	  750.0	 2250.0	    0.0	    0.0	   21.5	1	  326.9	 21	    0.0	    0.0	
  302	  34.29	    0.0	 1500.0	    0.0	  627.7	 1594.9	    0.0	  200.0	    0.0	 1500.0	    0.0	  200.0	  100.0	    0.0	    0.0	    0.0	    0.0	   21.6	   20.5	  1	  750.0	 2250.0	    0.0	    0.0	   21.6	1	  327.0	 21	    0.0	    0.0	
  303	  34.39	    0.0	 1500.0	    0.0	  627.7	 1594.9	    0.0	  200.0	    0.0	 1500.0	    0.0	  200.0	  100.0	    0.0	    0.0	    0.0	    0.0	   21.7	   20.6	  1	  750.0	 2250.0	    0.0	    0.0	   21.7	1	  327.2	 21	    0.0	    0.0	
  304	  34.49	    0.0	 1500.0	    0.0	  627.7	 1594.9	    0.0	  200.0	    0.0	 1500.0	    0.0	  200.0	  100.0	    0.0	    0.0	    0.0	    0.0	   21.8	   20.6	  1	  750.0	 2250.0	    0.0	    0.0	   21.8	1	  327.3	 21	    0.0	    0.0	
  305	  34.59	    0.0	 1500.0	    0.0	  627.7	 1594.9	    0.0	  200.0	    0.0	 1500.0	    0.0	  200.0	  100.0	    0.0	    0.0	    0.0	    0.0	   21.9	   20.7	  1	  750.0	 2250.0	    0.0	    0.0	   21.9	1	  327.4	 21	    0.0	    0.0	
  306	  34.69	    0.0	 1500.0	    0.0	  626.1	 1598.2	    0.0	  200.0	    0.0	 1500.0	    0.0	  200.0	  100.0	    0.0	    0.0	    0.0	    0.0	   22.0	   20.8	  1	  750.0	 2250.0	    0.0	    0.0	   22.0	1	  327.8	 21	    0.0	    0.0	
  307	  34.79	    0.0	 1500.0	    0.0	  626.1	 1598.2	    0.0	  200.0	    0.0	 1500.0	    0.0	  200.0	  100.0	    0.0	    0.0	    0.0	    0.0	   22.1	   20.8	  1	  750.0	 2250.0	    0.0	    0.0	   22.1	1	  327.9	 21	    0.0	    0.0	
  308	  34.89	    0.0	 1500.0	    0.0	  626.1	 1598.2	    0.0	  200.0	    0.0	 1500.0	    0.0	  200.0	  100.0	    0.0	    0.0	    0.0	    0.0	   22.2	   20.9	  1	  750.0	 2250.0	    0.0	    0.0	   22.2	1	  328.0	 21	    0.0	    0.0	
  309	  34.99	    0.0	 1500.0	    0.0	  626.1	 1598.2	    0.0	  200.0	    0.0	 1500.0	    0.0	  200.0	  100.0	    0.0	    0.0	    0.0	    0.0	   22.4	   21.0	  1	  750.0	 2250.0	    0.0	    0.0	   22.4	1	  328.2	 21	    0.0	    0.0	
  310	  35.09	    0.0	 1500.0	    0.0	  626.1	 1598.2	    0.0	  200.0	    0.0	 1500.0	    0.0	  200.0	  100.0	    0.0	    0.0	    0.0	    0.0	   22.5	   21.0	  1	  750.0	 2250.0	    0.0	    0.0	   22.5	1	  328.3	 21	    0.0	    0.0	
  311	  35.19	    0.0	 1500.0	    0.0	  626.1	 1598.2	    0.0	  200.0	    0.0	 1500.0	    0.0	  200.0	  100.0	    0.0	    0.0	    0.0	    0.0	   22.6	   21.1	  1	  750.0	 2250.0	    0.0	    0.0	   22.6	1	  328.4	 21	    0.0	    0.0	
  312	  35.29	    0.0	 1500.0	    0.0	  627.9	 1597.1	    0.0	  200.0	    0.0	 1500.0	    0.0	  200.0	  100.0	    0.0	    0.0	    0.0	    0.0	   22.7	   21.2	  1	  750.0	 2250.0	    0.0	    0.0	   22.7	1	  328.6	 21	    0.0	    0.0	
  313	  35.39	    0.0	 1500.0	    0.0	  627.9	 1597.1	    0.0	  200.0	    0.0	 1500.0	    0.0	  200.0	  100.0	    0.0	    0.0	    0.0	    0.0	   22.8	   21.2	  1	  750.0	 2250.0	    0.0	    0.0	   22.8	1	  328.7	 21	    0.0	    0.0	
  314	  35.49	    0.0	 1500.0	    0.0	  627.9	 1597.1	    0.0	  200.0	    0.0	 1500.0	    0.0	  200.0	  100.0	    0.0	    0.0	    0.0	    0.0	   22.9	   21.3	  1	  750.0	 2250.0	    0.0	    0.0	   22.9	1	  328.9	 21	    0.0	    0.0	
  315	  35.59	    0.0	 1500.0	    0.0	  627.9	 1597.1	    0.0	  200.0	    0.0	 1500.0	    0.0	  200.0	  100.0	    0.0	    0.0	    0.0	    0.0	   23.0	   21.4	  1	  750.0	 2250.0	    0.0	    0.0	   23.0	1	  329.0	 21	    0.0	    0.0	
  316	  35.69	    0.0	 1500.0	    0.0	  627.9	 1597.1	    0.0	  200.0	    0.0	 1500.0	    0.0	  200.0	  100.0	    0.0	    0.0	    0.0	    0.0	   23.1	   21.4	  1	  750.0	 2250.0	    0.0	    0.0	   23.1	1	  329.2	 21	    0.0	    0.0	
  317	  35.79	    0.0	 1500.0	    0.0	  626.0	 1597.2	    0.0	  200.0	    0.0	 1500.0	    0.0	  200.0	  100.0	    0.0	    0.0	    0.0	    0.0	   23.2	   21.5	  1	  750.0	 2250.0	    0.0	    0.0	   23.2	1	  329.1	 21	    0.0	    0.0	
  318	  35.89	    0.0	 1500.0	    0.0	  626.0	 1597.2	    0.0	  200.0	    0.0	 1500.0	    0.0	  200.0	  100.0	    0.0	    0.0	    0.0	    0.0	   23.3	   21.6	  1	  750.0	 2250.0	    0.0	    0.0	   23.3	1	  329.3	 21	    0.0	    0.0	
  319	  35.99	    0.0	 1500.0	    0.0	  626.0	 1597.2	    0.0	  200.0	    0.0	 1500.0	    0.0	  200.0	  100.0	    0.0	    0.0	    0.0	    0.0	   23.4	   21.6	  1	  750.0	 2250.0	    0.0	    0.0	   23.4	1	  329.4	 21	    0.0	    0.0	
  320	  36.09	    0.0	 1500.0	    0.0	  625.1	 1597.3	    0.0	  200.0	    0.0	 1500.0	    0.0	  200.0	  100.0	    0.0	    0.0	    0.0	    0.0	   23.5	   21.7	  1	  750.0	 2250.0	    0.0	    0.0	   23.5	1	  329.5	 21	    0.0	    0.0	
  321	  36.19	    0.0	 1500.0	    0.0	  625.1	 1597.3	    0.0	  200.0	    0.0	 1500.0	    0.0	  200.0	  100.0	    0.0	    0.0	    0.0	    0.0	   23.6	   21.8	  1	  750.0	 2250.0	    0.0	    0.0	   23.6	1	  329.6	 21	    0.0	    0.0	
  322	  36.29	    0.0	 1500.0	    0.0	  625.1	 1597.3	    0.0	  200.0	    0.0	 1500.0	    0.0	  200.0	  100.0	    0.0	    0.0	    0.0	    0.0	   23.7	   21.8	  1	  750.0	 2250.0	    0.0	    0.0	   23.7	1	  329.7	 21	    0.0	    0.0	
  323	  36.39	    0.0	 1500.0	    0.0	  626.0	 1597.2	    0.0	  200.0	    0.0	 1500.0	    0.0	  200.0	  100.0	    0.0	    0.0	    0.0	    0.0	   23.9	   21.9	  1	  750.0	 2250.0	    0.0	    0.0	   23.9	1	  329.9	 21	    0.0	    0.0	
  324	  36.49	    0.0	 1500.0	    0.0	  626.0	 1597.2	    0.0	  200.0	    0.0	 1500.0	    0.0	  200.0	  100.0	    0.0	    0.0	    0.0	    0.0	   24.0	   22.0	  1	  750.0	 2250.0	    0.0	    0.0	   24.0	1	  330.1	 21	    0.0	    0.0	
  325	  36.59	    0.0	 1500.0	    0.0	  626.0	 1597.2	    0.0	  200.0	    0.0	 1500.0	    0.0	  200.0	  100.0	    0.0	    0.0	    0.0	    0.0	   24.1	   22.0	  1	  750.0	 2250.0	    0.0	    0.0	   24.1	1	  330.2	 21	    0.0	    0.0	
  326	  36.69	    0.0	 1500.0	    0.0	  626.0	 1597.2	    0.0	  200.0	    0.0	 1500.0	    0.0	  200.0	  100.0	    0.0	    0.0	    0.0	    0.0	   24.2	   22.1	  1	  750.0	 2250.0	    0.0	    0.0	   24.2	1	  330.3	 21	    0.0	    0.0	
  327	  36.79	    0.0	 1500.0	    0.0	  626.0	 1597.2	    0.0	  200.0	    0.0	 1500.0	    0.0	  200.0	  100.0	    0.0	    0.0	    0.0	    0.0	   24.3	   22.2	  1	  750.0	 2250.0	    0.0	    0.0	   24.3	1	  330.5	 21	    0.0	    0.0	
  328	  36.89	    0.0	 1500.0	    0.0	  626.0	 1597.2	    0.0	  200.0	    0.0	 1500.0	    0.0	  200.0	  100.0	    0.0	    0.0	    0.0	    0.0	   24.4	   22.2	  1	  750.0	 2250.0	    0.0	    0.0	   24.4	1	  330.6	 21	    0.0	    0.0	
  329	  36.99	    0.0	 1500.0	    0.0	  626.0	 1597.2	    0.0	  200.0	    0.0	 1500.0	    0.0	  200.0	  100.0	    0.0	    0.0	    0.0	    0.0	   24.5	   22.3	  1	  750.0	 2250.0	    0.0	    0.0	   24.5	1	  330.7	 21	    0.0	    0.0	
