    1	  12.82	    0.0	 1500.0	    0.0	    0.0	 1500.0	    0.0	  200.0	    0.0	 1500.0	    0.0	  200.0	  100.0	   99.7	    0.0	    0.0	    0.0	    0.0	    0.1	  1	 -750.0	 1550.0	   99.7	    0.0	    0.0	1	  521.5	 21	    0.0	    7.7	
    2	  12.92	    0.0	 1500.0	    0.0	    0.0	 1500.0	    0.0	  200.0	    0.0	 1500.0	    0.0	  200.0	  100.0	   99.2	    0.0	    0.0	    0.0	    0.0	    0.1	  1	 -750.0	 1550.0	   99.2	    0.0	    0.0	1	  396.2	 21	 1305.5	   10.5	
    3	  13.02	    0.0	 1500.0	    0.0	    0.0	 1500.0	    0.0	  200.0	    0.0	 1500.0	    0.0	  200.0	  100.0	   98.7	    0.0	    0.0	    0.0	    0.0	    0.2	  1	 -750.0	 1550.0	   98.7	    0.0	    0.0	1	  395.8	 21	 1305.2	   10.5	
    4	  13.12	    0.0	 1500.0	    0.0	    0.0	 1500.0	    0.0	  200.0	    0.0	 1500.0	    0.0	  200.0	  100.0	   98.2	    0.0	    0.0	    0.0	    0.0	    0.3	  1	 -750.0	 1550.0	   98.2	    0.0	    0.0	1	  395.3	 21	 1304.9	   10.5	
    5	  13.22	    0.0	 1500.0	    0.0	    0.0	 1500.0	    0.0	  200.0	    0.0	 1500.0	    0.0	  200.0	  100.0	   97.7	    0.0	    0.0	    0.0	    0.0	    0.3	  1	 -750.0	 1550.0	   97.7	    0.0	    0.0	1	  394.9	 21	 1304.6	   10.5	
    6	  13.32	    0.0	 1500.0	    0.0	    0.0	 1500.0	    0.0	  200.0	    0.0	 1500.0	    0.0	  200.0	  100.0	   97.2	    0.0	    0.0	    0.0	    0.0	    0.4	  1	 -750.0	 1550.0	   97.2	    0.0	    0.0	1	  394.4	 21	 1304.3	   10.4	
    7	  13.42	    0.0	 1500.0	    0.0	    0.0	 1500.0	    0.0	  200.0	    0.0	 1500.0	    0.0	  200.0	  100.0	   96.7	    0.0	    0.0	    0.0	    0.0	    0.5	  1	 -750.0	 1550.0	   96.7	    0.0	    0.0	1	  394.0	 21	 1304.1	   10.4	
    8	  13.52	    0.0	 1500.0	    0.0	    0.0	 1500.0	    0.0	  200.0	    0.0	 1500.0	    0.0	  200.0	  100.0	   96.2	    0.0	    0.0	    0.0	    0.0	    0.5	  1	 -750.0	 1550.0	   96.2	    0.0	    0.0	1	  393.5	 21	 1303.8	   10.4	
    9	  13.62	    0.0	 1500.0	    0.0	    0.0	 1500.0	    0.0	  200.0	    0.0	 1500.0	    0.0	  200.0	  100.0	   95.7	    0.0	    0.0	    0.0	    0.0	    0.6	  1	 -750.0	 1550.0	   95.7	    0.0	    0.0	1	  393.1	 21	 1303.5	   10.3	
   10	  13.72	    0.0	 1500.0	    0.0	    0.0	 1500.0	    0.0	  200.0	    0.0	 1500.0	    0.0	  200.0	  100.0	   95.2	    0.0	    0.0	    0.0	    0.0	    0.7	  1	 -750.0	 1550.0	   95.2	    0.0	    0.0	1	  392.6	 21	 1303.2	   10.3	
   11	  13.82	    0.0	 1500.0	    0.0	    0.0	 1500.0	    0.0	  200.0	    0.0	 1500.0	    0.0	  200.0	  100.0	   94.7	    0.0	    0.0	    0.0	    0.0	    0.7	  1	 -750.0	 1550.0	   94.7	    0.0	    0.0	1	  392.2	 21	 1302.9	   10.3	
   12	  13.92	    0.0	 1500.0	    0.0	    0.0	 1500.0	    0.0	  200.0	    0.0	 1500.0	    0.0	  200.0	  100.0	   94.2	    0.0	    0.0	    0.0	    0.0	    0.8	  1	 -750.0	 1550.0	   94.2	    0.0	    0.0	1	  391.7	 21	 1302.6	   10.3	
   13	  14.02	    0.0	 1500.0	    0.0	    0.0	 1500.0	    0.0	  200.0	    0.0	 1500.0	    0.0	  200.0	  100.0	   93.7	    0.0	    0.0	    0.0	    0.0	    0.9	  1	 -750.0	 1550.0	   93.7	    0.0	    0.0	1	  391.2	 21	 1302.4	   10.2	
   14	  14.12	    0.0	 1500.0	    0.0	    0.0	 1500.0	    0.0	  200.0	    0.0	 1500.0	    0.0	  200.0	  100.0	   93.2	    0.0	    0.0	    0.0	    0.0	    0.9	  1	 -750.0	 1550.0	   93.2	    0.0	    0.0	1	  390.8	 21	 1302.1	   10.2	
   15	  14.22	    0.0	 1500.0	    0.0	    0.0	 1500.0	    0.0	  200.0	    0.0	 1500.0	    0.0	  200.0	  100.0	   92.7	    0.0	    0.0	    0.0	    0.0	    1.0	  1	 -750.0	 1550.0	   92.7	    0.0	    0.0	1	  390.3	 21	 1301.8	   10.2	
   16	  14.32	    0.0	 1500.0	    0.0	    0.0	 1500.0	    0.0	  200.0	    0.0	 1500.0	    0.0	  200.0	  100.0	   92.2	    0.0	    0.0	    0.0	    0.0	    1.1	  1	 -750.0	 1550.0	   92.2	    0.0	    0.0	1	  389.9	 21	 1301.5	   10.2	
   17	  14.42	    0.0	 1500.0	    0.0	    0.0	 1500.0	    0.0	  200.0	    0.0	 1500.0	    0.0	  200.0	  100.0	   91.7	    0.0	    0.0	    0.0	    0.0	    1.2	  1	 -750.0	 1550.0	   91.7	    0.0	    0.0	1	  389.4	 21	 1301.2	   10.1	
   18	  14.52	    0.0	 1500.0	    0.0	    0.0	 1500.0	    0.0	  200.0	    0.0	 1500.0	    0.0	  200.0	  100.0	   91.2	    0.0	    0.0	    0.0	    0.0	    1.2	  1	 -750.0	 1550.0	   91.2	    0.0	    0.0	1	  389.0	 21	 1301.0	   10.1	
   19	  14.62	    0.0	 1500.0	    0.0	    0.0	 1500.0	    0.0	  200.0	    0.0	 1500.0	    0.0	  200.0	  100.0	   90.7	    0.0	    0.0	    0.0	    0.0	    1.3	  1	 -750.0	 1550.0	   90.7	    0.0	    0.0	1	  388.5	 21	 1300.7	   10.1	
   20	  14.72	    0.0	 1500.0	    0.0	    0.0	 1500.0	    0.0	  200.0	    0.0	 1500.0	    0.0	  200.0	  100.0	   90.2	    0.0	    0.0	    0.0	    0.0	    1.4	  1	 -750.0	 1550.0	   90.2	    0.0	    0.0	1	  388.0	 21	 1300.4	   10.0	
   21	  14.82	    0.0	 1500.0	    0.0	    0.0	 1500.0	    0.0	  200.0	    0.0	 1500.0	    0.0	  200.0	  100.0	   89.7	    0.0	    0.0	    0.0	    0.0	    1.4	  1	 -750.0	 1550.0	   89.7	    0.0	    0.0	1	  387.6	 21	 1300.1	   10.0	
   22	  14.92	    0.0	 1500.0	    0.0	    0.0	 1500.0	    0.0	  200.0	    0.0	 1500.0	    0.0	  200.0	  100.0	   89.2	    0.0	    0.0	    0.0	    0.0	    1.5	  1	 -750.0	 1550.0	   89.2	    0.0	    0.0	1	  387.1	 21	    0.0	   10.0	
   23	  15.02	    0.0	 1500.0	    0.0	    0.0	 1500.0	    0.0	  200.0	    0.0	 1500.0	    0.0	  200.0	  100.0	   88.7	    0.0	    0.0	    0.0	    0.0	    1.6	  1	 -750.0	 1550.0	   88.7	    0.0	    0.0	1	  386.7	 21	    0.0	   10.0	
   24	  15.12	    0.0	 1500.0	    0.0	    0.0	 1500.0	    0.0	  200.0	    0.0	 1500.0	    0.0	  200.0	  100.0	   88.2	    0.0	    0.0	    0.0	    0.0	    1.6	  1	 -750.0	 1550.0	   88.2	    0.0	    0.0	1	  386.2	 21	    0.0	    9.9	
   25	  15.22	    0.0	 1500.0	    0.0	    0.0	 1500.0	    0.0	  200.0	    0.0	 1500.0	    0.0	  200.0	  100.0	   87.7	    0.0	    0.0	    0.0	    0.0	    1.7	  1	 -750.0	 1550.0	   87.7	    0.0	    0.0	1	  385.7	 21	    0.0	    9.9	
   26	  15.32	    0.0	 1500.0	    0.0	    0.0	 1500.0	    0.0	  200.0	    0.0	 1500.0	    0.0	  200.0	  100.0	   87.2	    0.0	    0.0	    0.0	    0.0	    1.8	  1	 -750.0	 1550.0	   87.2	    0.0	    0.0	1	  385.3	 21	    0.0	    9.9	
   27	  15.42	    0.0	 1500.0	    0.0	    0.0	 1500.0	    0.0	  200.0	    0.0	 1500.0	    0.0	  200.0	  100.0	   86.7	    0.0	    0.0	    0.0	    0.0	    1.8	  1	 -750.0	 1550.0	   86.7	    0.0	    0.0	1	  384.8	 21	    0.0	    9.8	
   28	  15.52	    0.0	 1500.0	    0.0	    0.0	 1500.0	    0.0	  200.0	    0.0	 1500.0	    0.0	  200.0	  100.0	   86.2	    0.0	    0.0	    0.0	    0.0	    1.9	  1	 -750.0	 1550.0	   86.2	    0.0	    0.0	1	  384.4	 21	    0.0	    9.8	
   29	  15.62	    0.0	 1500.0	    0.0	    0.0	 1500.0	    0.0	  200.0	    0.0	 1500.0	    0.0	  200.0	  100.0	   85.7	    0.0	    0.0	    0.0	    0.0	    2.0	  1	 -750.0	 1550.0	   85.7	    0.0	    0.0	1	  383.9	 21	    0.0	    9.8	
   30	  15.72	    0.0	 1500.0	    0.0	    0.0	 1500.0	    0.0	  200.0	    0.0	 1500.0	    0.0	  200.0	  100.0	   85.2	    0.0	    0.0	    0.0	    0.0	    2.0	  1	 -750.0	 1550.0	   85.2	    0.0	    0.0	1	  383.4	 21	    0.0	    9.8	
   31	  15.82	    0.0	 1500.0	    0.0	    0.0	 1500.0	    0.0	  200.0	    0.0	 1500.0	    0.0	  200.0	  100.0	   84.7	    0.0	    0.0	    0.0	    0.0	    2.1	  1	 -750.0	 1550.0	   84.7	    0.0	    0.0	1	  383.0	 21	    0.0	    9.7	
   32	  15.92	    0.0	 1500.0	    0.0	    0.0	 1500.0	    0.0	  200.0	    0.0	 1500.0	    0.0	  200.0	  100.0	   84.2	    0.0	    0.0	    0.0	    0.0	    2.2	  1	 -750.0	 1550.0	   84.2	    0.0	    0.0	1	  382.5	 21	    0.0	    9.7	
   33	  16.02	    0.0	 1500.0	    0.0	    0.0	 1500.0	    0.0	  200.0	    0.0	 1500.0	    0.0	  200.0	  100.0	   83.7	    0.0	    0.0	    0.0	    0.0	    2.2	  1	 -750.0	 1550.0	   83.7	    0.0	    0.0	1	  382.0	 21	    0.0	    9.7	
   34	  16.12	    0.0	 1500.0	    0.0	    0.0	 1500.0	    0.0	  200.0	    0.0	 1500.0	    0.0	  200.0	  100.0	   83.2	    0.0	    0.0	    0.0	    0.0	    2.3	  1	 -750.0	 1550.0	   83.2	    0.0	    0.0	1	  381.6	 21	    0.0	    9.6	
   35	  16.22	    0.0	 1500.0	    0.0	    0.0	 1500.0	    0.0	  200.0	    0.0	 1500.0	    0.0	  200.0	  100.0	   82.7	    0.0	    0.0	    0.0	    0.0	    2.4	  1	 -750.0	 1550.0	   82.7	    0.0	    0.0	1	  381.1	 21	    0.0	    9.6	
   36	  16.32	    0.0	 1500.0	    0.0	    0.0	 1500.0	    0.0	  200.0	    0.0	 1500.0	    0.0	  200.0	  100.0	   82.2	    0.0	    0.0	    0.0	    0.0	    2.4	  1	 -750.0	 1550.0	   82.2	    0.0	    0.0	1	  380.6	 21	    0.0	    9.6	
   37	  16.42	    0.0	 1500.0	    0.0	    0.0	 1500.0	    0.0	  200.0	    0.0	 1500.0	    0.0	  200.0	  100.0	   81.7	    0.0	    0.0	    0.0	    0.0	    2.5	  1	 -750.0	 1550.0	   81.7	    0.0	    0.0	1	  380.2	 21	    0.0	    9.6	
   38	  16.52	    0.0	 1500.0	    0.0	    0.0	 1500.0	    0.0	  200.0	    0.0	 1500.0	    0.0	  200.0	  100.0	   81.2	    0.0	    0.0	    0.0	    0.0	    2.6	  1	 -750.0	 1550.0	   81.2	    0.0	    0.0	1	  379.7	 21	    0.0	    9.5	
   39	  16.62	    0.0	 1500.0	    0.0	    0.0	 1500.0	    0.0	  200.0	    0.0	 1500.0	    0.0	  200.0	  100.0	   80.7	    0.0	    0.0	    0.0	    0.0	    2.6	  1	 -750.0	 1550.0	   80.7	    0.0	    0.0	1	  379.2	 21	    0.0	    9.5	
   40	  16.72	    0.0	 1500.0	    0.0	    0.0	 1500.0	    0.0	  200.0	    0.0	 1500.0	    0.0	  200.0	  100.0	   80.2	    0.0	    0.0	    0.0	    0.0	    2.7	  1	 -750.0	 1550.0	   80.2	    0.0	    0.0	1	  378.8	 21	    0.0	    9.5	
   41	  16.82	    0.0	 1500.0	    0.0	    0.0	 1500.0	    0.0	  200.0	    0.0	 1500.0	    0.0	  200.0	  100.0	   79.7	    0.0	    0.0	    0.0	    0.0	    2.8	  1	 -750.0	 1550.0	   79.7	    0.0	    0.0	1	  378.3	 21	    0.0	    9.4	
   42	  16.92	    0.0	 1500.0	    0.0	    0.0	 1500.0	    0.0	  200.0	    0.0	 1500.0	    0.0	  200.0	  100.0	   79.2	    0.0	    0.0	    0.0	    0.0	    2.8	  1	 -750.0	 1550.0	   79.2	    0.0	    0.0	1	  377.8	 21	    0.0	    9.4	
   43	  17.02	    0.0	 1500.0	    0.0	    0.0	 1500.0	    0.0	  200.0	    0.0	 1500.0	    0.0	  200.0	  100.0	   78.7	    0.0	    0.0	    0.0	    0.0	    2.9	  1	 -750.0	 1550.0	   78.7	    0.0	    0.0	1	  377.4	 21	    0.0	    9.4	
   44	  17.12	    0.0	 1500.0	    0.0	    0.0	 1500.0	    0.0	  200.0	    0.0	 1500.0	    0.0	  200.0	  100.0	   78.2	    0.0	    0.0	    0.0	    0.0	    3.0	  1	 -750.0	 1550.0	   78.2	    0.0	    0.0	1	  376.9	 21	    0.0	    9.4	
   45	  17.22	    0.0	 1500.0	    0.0	    0.0	 1500.0	    0.0	  200.0	    0.0	 1500.0	    0.0	  200.0	  100.0	   77.7	    0.0	    0.0	    0.0	    0.0	    3.1	  1	 -750.0	 1550.0	   77.7	    0.0	    0.0	1	  376.4	 21	    0.0	    9.3	
   46	  17.32	    0.0	 1500.0	    0.0	    0.0	 1500.0	    0.0	  200.0	    0.0	 1500.0	    0.0	  200.0	  100.0	   77.2	    0.0	    0.0	    0.0	    0.0	    3.1	  1	 -750.0	 1550.0	   77.2	    0.0	    0.0	1	  375.9	 21	    0.0	    9.3	
   47	  17.42	    0.0	 1500.0	    0.0	    0.0	 1500.0	    0.0	  200.0	    0.0	 1500.0	    0.0	  200.0	  100.0	   76.7	    0.0	    0.0	    0.0	    0.0	    3.2	  1	 -750.0	 1550.0	   76.7	    0.0	    0.0	1	  375.5	 21	    0.0	    9.3	
   48	  17.52	    0.0	 1500.0	    0.0	    0.0	 1500.0	    0.0	  200.0	    0.0	 1500.0	    0.0	  200.0	  100.0	   76.2	    0.0	    0.0	    0.0	    0.0	    3.3	  1	 -750.0	 1550.0	   76.2	    0.0	    0.0	1	  375.0	 21	    0.0	    9.2	
   49	  17.62	    0.0	 1500.0	    0.0	    0.0	 1500.0	    0.0	  200.0	    0.0	 1500.0	    0.0	  200.0	  100.0	   75.7	    0.0	    0.0	    0.0	    0.0	    3.3	  1	 -750.0	 1550.0	   75.7	    0.0	    0.0	1	  374.5	 21	    0.0	    9.2	
   50	  17.72	    0.0	 1500.0	    0.0	    0.0	 1500.0	    0.0	  200.0	    0.0	 1500.0	    0.0	  200.0	  100.0	   75.2	    0.0	    0.0	    0.0	    0.0	    3.4	  1	 -750.0	 1550.0	   75.2	    0.0	    0.0	1	  374.1	 21	    0.0	    9.2	
   51	  17.82	    0.0	 1500.0	    0.0	    0.0	 1500.0	    0.0	  200.0	    0.0	 1500.0	    0.0	  200.0	  100.0	   74.7	    0.0	    0.0	    0.0	    0.0	    3.5	  1	 -750.0	 1550.0	   74.7	    0.0	    0.0	1	  373.6	 21	    0.0	    9.2	
   52	  17.92	    0.0	 1500.0	    0.0	    0.0	 1500.0	    0.0	  200.0	    0.0	 1500.0	    0.0	  200.0	  100.0	   74.2	    0.0	    0.0	    0.0	    0.0	    3.5	  1	 -750.0	 1550.0	   74.2	    0.0	    0.0	1	  373.1	 21	    0.0	    9.1	
   53	  18.02	    0.0	 1500.0	    0.0	    0.0	 1500.0	    0.0	  200.0	    0.0	 1500.0	    0.0	  200.0	  100.0	   73.7	    0.0	    0.0	    0.0	    0.0	    3.6	  1	 -750.0	 1550.0	   73.7	    0.0	    0.0	1	  372.6	 21	    0.0	    9.1	
   54	  18.12	    0.0	 1500.0	    0.0	    0.0	 1500.0	    0.0	  200.0	    0.0	 1500.0	    0.0	  200.0	  100.0	   73.2	    0.0	    0.0	    0.0	    0.0	    3.7	  1	 -750.0	 1550.0	   73.2	    0.0	    0.0	1	  372.2	 21	    0.0	    9.1	
   55	  18.22	    0.0	 1500.0	    0.0	    0.0	 1500.0	    0.0	  200.0	    0.0	 1500.0	    0.0	  200.0	  100.0	   72.7	    0.0	    0.0	    0.0	    0.0	    3.7	  1	 -750.0	 1550.0	   72.7	    0.0	    0.0	1	  371.7	 21	    0.0	    9.1	
   56	  18.32	    0.0	 1500.0	    0.0	    0.0	 1500.0	    0.0	  200.0	    0.0	 1500.0	    0.0	  200.0	  100.0	   72.2	    0.0	    0.0	    0.0	    0.0	    3.8	  1	 -750.0	 1550.0	   72.2	    0.0	    0.0	1	  371.2	 21	    0.0	    9.0	
   57	  18.42	    0.0	 1500.0	    0.0	    0.0	 1500.0	    0.0	  200.0	    0.0	 1500.0	    0.0	  200.0	  100.0	   71.7	    0.0	    0.0	    0.0	    0.0	    3.9	  1	 -750.0	 1550.0	   71.7	    0.0	    0.0	1	  370.7	 21	    0.0	    9.0	
   58	  18.52	    0.0	 1500.0	    0.0	    0.0	 1500.0	    0.0	  200.0	    0.0	 1500.0	    0.0	  200.0	  100.0	   71.2	    0.0	    0.0	    0.0	    0.0	    3.9	  1	 -750.0	 1550.0	   71.2	    0.0	    0.0	1	  370.3	 21	    0.0	    9.0	
   59	  18.62	    0.0	 1500.0	    0.0	    0.0	 1500.0	    0.0	  200.0	    0.0	 1500.0	    0.0	  200.0	  100.0	   70.7	    0.0	    0.0	    0.0	    0.0	    4.0	  1	 -750.0	 1550.0	   70.7	    0.0	    0.0	1	  369.8	 21	    0.0	    8.9	
   60	  18.72	    0.0	 1500.0	    0.0	    0.0	 1500.0	    0.0	  200.0	    0.0	 1500.0	    0.0	  200.0	  100.0	   70.2	    0.0	    0.0	    0.0	    0.0	    4.1	  1	 -750.0	 1550.0	   70.2	    0.0	    0.0	1	  369.3	 21	    0.0	    8.9	
   61	  18.82	    0.0	 1500.0	    0.0	    0.0	 1500.0	    0.0	  200.0	    0.0	 1500.0	    0.0	  200.0	  100.0	   69.7	    0.0	    0.0	    0.0	    0.0	    4.1	  1	 -750.0	 1550.0	   69.7	    0.0	    0.0	1	  368.8	 21	    0.0	    8.9	
   62	  18.92	    0.0	 1500.0	    0.0	    0.0	 1500.0	    0.0	  200.0	    0.0	 1500.0	    0.0	  200.0	  100.0	   69.2	    0.0	    0.0	    0.0	    0.0	    4.2	  1	 -750.0	 1550.0	   69.2	    0.0	    0.0	1	  368.4	 21	    0.0	    8.9	
   63	  19.02	    0.0	 1500.0	    0.0	    0.0	 1500.0	    0.0	  200.0	    0.0	 1500.0	    0.0	  200.0	  100.0	   68.7	    0.0	    0.0	    0.0	    0.0	    4.3	  1	 -750.0	 1550.0	   68.7	    0.0	    0.0	1	  367.9	 21	    0.0	    8.8	
   64	  19.12	    0.0	 1500.0	    0.0	    0.0	 1500.0	    0.0	  200.0	    0.0	 1500.0	    0.0	  200.0	  100.0	   68.2	    0.0	    0.0	    0.0	    0.0	    4.3	  1	 -750.0	 1550.0	   68.2	    0.0	    0.0	1	  367.4	 21	    0.0	    8.8	
   65	  19.22	    0.0	 1500.0	    0.0	    0.0	 1500.0	    0.0	  200.0	    0.0	 1500.0	    0.0	  200.0	  100.0	   67.7	    0.0	    0.0	    0.0	    0.0	    4.4	  1	 -750.0	 1550.0	   67.7	    0.0	    0.0	1	  366.9	 21	    0.0	    8.8	
   66	  19.32	    0.0	 1500.0	    0.0	    0.0	 1500.0	    0.0	  200.0	    0.0	 1500.0	    0.0	  200.0	  100.0	   67.2	    0.0	    0.0	    0.0	    0.0	    4.5	  1	 -750.0	 1550.0	   67.2	    0.0	    0.0	1	  366.5	 21	    0.0	    8.7	
   67	  19.42	    0.0	 1500.0	    0.0	    0.0	 1500.0	    0.0	  200.0	    0.0	 1500.0	    0.0	  200.0	  100.0	   66.7	    0.0	    0.0	    0.0	    0.0	    4.5	  1	 -750.0	 1550.0	   66.7	    0.0	    0.0	1	  366.0	 21	    0.0	    8.7	
   68	  19.52	    0.0	 1500.0	    0.0	    0.0	 1500.0	    0.0	  200.0	    0.0	 1500.0	    0.0	  200.0	  100.0	   66.2	    0.0	    0.0	    0.0	    0.0	    4.6	  1	 -750.0	 1550.0	   66.2	    0.0	    0.0	1	  365.5	 21	    0.0	    8.7	
   69	  19.62	    0.0	 1500.0	    0.0	    0.0	 1500.0	    0.0	  200.0	    0.0	 1500.0	    0.0	  200.0	  100.0	   65.7	    0.0	    0.0	    0.0	    0.0	    4.7	  1	 -750.0	 1550.0	   65.7	    0.0	    0.0	1	  365.0	 21	    0.0	    8.7	
   70	  19.72	    0.0	 1500.0	    0.0	    0.0	 1500.0	    0.0	  200.0	    0.0	 1500.0	    0.0	  200.0	  100.0	   65.2	    0.0	    0.0	    0.0	    0.0	    4.7	  1	 -750.0	 1550.0	   65.2	    0.0	    0.0	1	  364.5	 21	    0.0	    8.6	
   71	  19.82	    0.0	 1500.0	    0.0	    0.0	 1500.0	    0.0	  200.0	    0.0	 1500.0	    0.0	  200.0	  100.0	   64.7	    0.0	    0.0	    0.0	    0.0	    4.8	  1	 -750.0	 1550.0	   64.7	    0.0	    0.0	1	  364.1	 21	    0.0	    8.6	
   72	  19.92	    0.0	 1500.0	    0.0	    0.0	 1500.0	    0.0	  200.0	    0.0	 1500.0	    0.0	  200.0	  100.0	   64.2	    0.0	    0.0	    0.0	    0.0	    4.9	  1	 -750.0	 1550.0	   64.2	    0.0	    0.0	1	  363.6	 21	    0.0	    8.6	
   73	  20.02	    0.0	 1500.0	    0.0	    0.0	 1500.0	    0.0	  200.0	    0.0	 1500.0	    0.0	  200.0	  100.0	   63.7	    0.0	    0.0	    0.0	    0.0	    5.0	  1	 -750.0	 1550.0	   63.7	    0.0	    0.0	1	  363.1	 21	    0.0	    8.5	
   74	  20.12	    0.0	 1500.0	    0.0	    0.0	 1500.0	    0.0	  200.0	    0.0	 1500.0	    0.0	  200.0	  100.0	   63.2	    0.0	    0.0	    0.0	    0.0	    5.0	  1	 -750.0	 1550.0	   63.2	    0.0	    0.0	1	  362.6	 21	    0.0	    8.5	
   75	  20.22	    0.0	 1500.0	    0.0	    0.0	 1500.0	    0.0	  200.0	    0.0	 1500.0	    0.0	  200.0	  100.0	   62.7	    0.0	    0.0	    0.0	    0.0	    5.1	  1	 -750.0	 1550.0	   62.7	    0.0	    0.0	1	  362.1	 21	    0.0	    8.5	
   76	  20.32	    0.0	 1500.0	    0.0	    0.0	 1500.0	    0.0	  200.0	    0.0	 1500.0	    0.0	  200.0	  100.0	   62.2	    0.0	    0.0	    0.0	    0.0	    5.2	  1	 -750.0	 1550.0	   62.2	    0.0	    0.0	1	  361.7	 21	    0.0	    8.5	
   77	  20.42	    0.0	 1500.0	    0.0	    0.0	 1500.0	    0.0	  200.0	    0.0	 1500.0	    0.0	  200.0	  100.0	   61.7	    0.0	    0.0	    0.0	    0.0	    5.2	  1	 -750.0	 1550.0	   61.7	    0.0	    0.0	1	  361.2	 21	    0.0	    8.4	
   78	  20.52	    0.0	 1500.0	    0.0	    0.0	 1500.0	    0.0	  200.0	    0.0	 1500.0	    0.0	  200.0	  100.0	   61.2	    0.0	    0.0	    0.0	    0.0	    5.3	  1	 -750.0	 1550.0	   61.2	    0.0	    0.0	1	  360.7	 21	    0.0	    8.4	
   79	  20.62	    0.0	 1500.0	    0.0	    0.0	 1500.0	    0.0	  200.0	    0.0	 1500.0	    0.0	  200.0	  100.0	   60.7	    0.0	    0.0	    0.0	    0.0	    5.4	  1	 -750.0	 1550.0	   60.7	    0.0	    0.0	1	  360.2	 21	    0.0	    8.4	
   80	  20.72	    0.0	 1500.0	    0.0	    0.0	 1500.0	    0.0	  200.0	    0.0	 1500.0	    0.0	  200.0	  100.0	   60.2	    0.0	    0.0	    0.0	    0.0	    5.4	  1	 -750.0	 1550.0	   60.2	    0.0	    0.0	1	  359.7	 21	    0.0	    8.3	
   81	  20.82	    0.0	 1500.0	    0.0	    0.0	 1500.0	    0.0	  200.0	    0.0	 1500.0	    0.0	  200.0	  100.0	   59.7	    0.0	    0.0	    0.0	    0.0	    5.5	  1	 -750.0	 1550.0	   59.7	    0.0	    0.0	1	  359.3	 21	    0.0	    8.3	
   82	  20.92	    0.0	 1500.0	    0.0	    0.0	 1500.0	    0.0	  200.0	    0.0	 1500.0	    0.0	  200.0	  100.0	   59.2	    0.0	    0.0	    0.0	    0.0	    5.6	  1	 -750.0	 1550.0	   59.2	    0.0	    0.0	1	  358.8	 21	    0.0	    8.3	
   83	  21.02	    0.0	 1500.0	    0.0	    0.0	 1500.0	    0.0	  200.0	    0.0	 1500.0	    0.0	  200.0	  100.0	   58.7	    0.0	    0.0	    0.0	    0.0	    5.6	  1	 -750.0	 1550.0	   58.7	    0.0	    0.0	1	  358.3	 21	    0.0	    8.3	
   84	  21.12	    0.0	 1500.0	    0.0	    0.0	 1500.0	    0.0	  200.0	    0.0	 1500.0	    0.0	  200.0	  100.0	   58.2	    0.0	    0.0	    0.0	    0.0	    5.7	  1	 -750.0	 1550.0	   58.2	    0.0	    0.0	1	  357.8	 21	    0.0	    8.2	
   85	  21.22	    0.0	 1500.0	    0.0	    0.0	 1500.0	    0.0	  200.0	    0.0	 1500.0	    0.0	  200.0	  100.0	   57.7	    0.0	    0.0	    0.0	    0.0	    5.8	  1	 -750.0	 1550.0	   57.7	    0.0	    0.0	1	  357.3	 21	    0.0	    8.2	
   86	  21.32	    0.0	 1500.0	    0.0	    0.0	 1500.0	    0.0	  200.0	    0.0	 1500.0	    0.0	  200.0	  100.0	   57.2	    0.0	    0.0	    0.0	    0.0	    5.8	  1	 -750.0	 1550.0	   57.2	    0.0	    0.0	1	  356.8	 21	    0.0	    8.2	
   87	  21.42	    0.0	 1500.0	    0.0	    0.0	 1500.0	    0.0	  200.0	    0.0	 1500.0	    0.0	  200.0	  100.0	   56.7	    0.0	    0.0	    0.0	    0.0	    5.9	  1	 -750.0	 1550.0	   56.7	    0.0	    0.0	1	  356.3	 21	    0.0	    8.1	
   88	  21.52	    0.0	 1500.0	    0.0	    0.0	 1500.0	    0.0	  200.0	    0.0	 1500.0	    0.0	  200.0	  100.0	   56.2	    0.0	    0.0	    0.0	    0.0	    6.0	  1	 -750.0	 1550.0	   56.2	    0.0	    0.0	1	  355.9	 21	    0.0	    8.1	
   89	  21.62	    0.0	 1500.0	    0.0	    0.0	 1500.0	    0.0	  200.0	    0.0	 1500.0	    0.0	  200.0	  100.0	   55.7	    0.0	    0.0	    0.0	    0.0	    6.0	  1	 -750.0	 1550.0	   55.7	    0.0	    0.0	1	  355.4	 21	    0.0	    8.1	
   90	  21.72	    0.0	 1500.0	    0.0	    0.0	 1500.0	    0.0	  200.0	    0.0	 1500.0	    0.0	  200.0	  100.0	   55.2	    0.0	    0.0	    0.0	    0.0	    6.1	  1	 -750.0	 1550.0	   55.2	    0.0	    0.0	1	  354.9	 21	    0.0	    8.1	
   91	  21.82	    0.0	 1500.0	    0.0	    0.0	 1500.0	    0.0	  200.0	    0.0	 1500.0	    0.0	  200.0	  100.0	   54.7	    0.0	    0.0	    0.0	    0.0	    6.2	  1	 -750.0	 1550.0	   54.7	    0.0	    0.0	1	  354.4	 21	    0.0	    8.0	
   92	  21.92	    0.0	 1500.0	    0.0	    0.0	 1500.0	    0.0	  200.0	    0.0	 1500.0	    0.0	  200.0	  100.0	   54.2	    0.0	    0.0	    0.0	    0.0	    6.2	  1	 -750.0	 1550.0	   54.2	    0.0	    0.0	1	  353.9	 21	    0.0	    8.0	
   93	  22.02	    0.0	 1500.0	    0.0	    0.0	 1500.0	    0.0	  200.0	    0.0	 1500.0	    0.0	  200.0	  100.0	   53.7	    0.0	    0.0	    0.0	    0.0	    6.3	  1	 -750.0	 1550.0	   53.7	    0.0	    0.0	1	  353.4	 21	    0.0	    8.0	
   94	  22.12	    0.0	 1500.0	    0.0	    0.0	 1500.0	    0.0	  200.0	    0.0	 1500.0	    0.0	  200.0	  100.0	   53.2	    0.0	    0.0	    0.0	    0.0	    6.4	  1	 -750.0	 1550.0	   53.2	    0.0	    0.0	1	  352.9	 21	    0.0	    8.0	
   95	  22.22	    0.0	 1500.0	    0.0	    0.0	 1500.0	    0.0	  200.0	    0.0	 1500.0	    0.0	  200.0	  100.0	   52.7	    0.0	    0.0	    0.0	    0.0	    6.4	  1	 -750.0	 1550.0	   52.7	    0.0	    0.0	1	  352.5	 21	    0.0	    7.9	
   96	  22.32	    0.0	 1500.0	    0.0	    0.0	 1500.0	    0.0	  200.0	    0.0	 1500.0	    0.0	  200.0	  100.0	   52.2	    0.0	    0.0	    0.0	    0.0	    6.5	  1	 -750.0	 1550.0	   52.2	    0.0	    0.0	1	  352.0	 21	    0.0	    7.9	
   97	  22.42	    0.0	 1500.0	    0.0	    0.0	 1500.0	    0.0	  200.0	    0.0	 1500.0	    0.0	  200.0	  100.0	   51.7	    0.0	    0.0	    0.0	    0.0	    6.6	  1	 -750.0	 1550.0	   51.7	    0.0	    0.0	1	  351.5	 21	    0.0	    7.9	
   98	  22.52	    0.0	 1500.0	    0.0	    0.0	 1500.0	    0.0	  200.0	    0.0	 1500.0	    0.0	  200.0	  100.0	   51.2	    0.0	    0.0	    0.0	    0.0	    6.6	  1	 -750.0	 1550.0	   51.2	    0.0	    0.0	1	  351.0	 21	    0.0	    7.8	
   99	  22.62	    0.0	 1500.0	    0.0	    0.0	 1500.0	    0.0	  200.0	    0.0	 1500.0	    0.0	  200.0	  100.0	   50.7	    0.0	    0.0	    0.0	    0.0	    6.7	  1	 -750.0	 1550.0	   50.7	    0.0	    0.0	1	  350.5	 21	    0.0	    7.8	
  100	  22.72	    0.0	 1500.0	    0.0	    0.0	 1500.0	    0.0	  200.0	    0.0	 1500.0	    0.0	  200.0	  100.0	   50.2	    0.0	    0.0	    0.0	    0.0	    6.8	  1	 -750.0	 1550.0	   50.2	    0.0	    0.0	1	  350.0	 21	    0.0	    7.8	
  101	  22.82	    0.0	 1500.0	    0.0	    0.0	 1500.0	    0.0	  200.0	    0.0	 1500.0	    0.0	  200.0	  100.0	   49.7	    0.0	    0.0	    0.0	    0.0	    6.9	  1	 -750.0	 1550.0	   49.7	    0.0	    0.0	1	  349.5	 21	    0.0	    7.8	
  102	  22.92	    0.0	 1500.0	    0.0	    0.0	 1500.0	    0.0	  200.0	    0.0	 1500.0	    0.0	  200.0	  100.0	   49.2	    0.0	    0.0	    0.0	    0.0	    6.9	  1	 -750.0	 1550.0	   49.2	    0.0	    0.0	1	  349.0	 21	    0.0	    7.7	
  103	  23.02	    0.0	 1500.0	    0.0	    0.0	 1500.0	    0.0	  200.0	    0.0	 1500.0	    0.0	  200.0	  100.0	   48.7	    0.0	    0.0	    0.0	    0.0	    7.0	  1	 -750.0	 1550.0	   48.7	    0.0	    0.0	1	  348.5	 21	    0.0	    7.7	
  104	  23.12	    0.0	 1500.0	    0.0	    0.0	 1500.0	    0.0	  200.0	    0.0	 1500.0	    0.0	  200.0	  100.0	   48.2	    0.0	    0.0	    0.0	    0.0	    7.1	  1	 -750.0	 1550.0	   48.2	    0.0	    0.0	1	  348.1	 21	    0.0	    7.7	
  105	  23.22	    0.0	 1500.0	    0.0	    0.0	 1500.0	    0.0	  200.0	    0.0	 1500.0	    0.0	  200.0	  100.0	   47.7	    0.0	    0.0	    0.0	    0.0	    7.1	  1	 -750.0	 1550.0	   47.7	    0.0	    0.0	1	  347.6	 21	    0.0	    7.6	
  106	  23.32	    0.0	 1500.0	    0.0	    0.0	 1500.0	    0.0	  200.0	    0.0	 1500.0	    0.0	  200.0	  100.0	   47.2	    0.0	    0.0	    0.0	    0.0	    7.2	  1	 -750.0	 1550.0	   47.2	    0.0	    0.0	1	  347.1	 21	    0.0	    7.6	
  107	  23.42	    0.0	 1500.0	    0.0	    0.0	 1500.0	    0.0	  200.0	    0.0	 1500.0	    0.0	  200.0	  100.0	   46.7	    0.0	    0.0	    0.0	    0.0	    7.3	  1	 -750.0	 1550.0	   46.7	    0.0	    0.0	1	  346.6	 21	    0.0	    7.6	
  108	  23.52	    0.0	 1500.0	    0.0	    0.0	 1500.0	    0.0	  200.0	    0.0	 1500.0	    0.0	  200.0	  100.0	   46.2	    0.0	    0.0	    0.0	    0.0	    7.3	  1	 -750.0	 1550.0	   46.2	    0.0	    0.0	1	  346.1	 21	    0.0	    7.6	
  109	  23.62	    0.0	 1500.0	    0.0	    0.0	 1500.0	    0.0	  200.0	    0.0	 1500.0	    0.0	  200.0	  100.0	   45.7	    0.0	    0.0	    0.0	    0.0	    7.4	  1	 -750.0	 1550.0	   45.7	    0.0	    0.0	1	  345.6	 21	    0.0	    7.5	
  110	  23.72	    0.0	 1500.0	    0.0	    0.0	 1500.0	    0.0	  200.0	    0.0	 1500.0	    0.0	  200.0	  100.0	   45.2	    0.0	    0.0	    0.0	    0.0	    7.5	  1	 -750.0	 1550.0	   45.2	    0.0	    0.0	1	  345.1	 21	    0.0	    7.5	
  111	  23.82	    0.0	 1500.0	    0.0	    0.0	 1500.0	    0.0	  200.0	    0.0	 1500.0	    0.0	  200.0	  100.0	   44.7	    0.0	    0.0	    0.0	    0.0	    7.5	  1	 -750.0	 1550.0	   44.7	    0.0	    0.0	1	  344.6	 21	    0.0	    7.5	
  112	  23.92	    0.0	 1500.0	    0.0	    0.0	 1500.0	    0.0	  200.0	    0.0	 1500.0	    0.0	  200.0	  100.0	   44.2	    0.0	    0.0	    0.0	    0.0	    7.6	  1	 -750.0	 1550.0	   44.2	    0.0	    0.0	1	  344.1	 21	    0.0	    7.4	
  113	  24.02	    0.0	 1500.0	    0.0	    0.0	 1500.0	    0.0	  200.0	    0.0	 1500.0	    0.0	  200.0	  100.0	   43.7	    0.0	    0.0	    0.0	    0.0	    7.7	  1	 -750.0	 1550.0	   43.7	    0.0	    0.0	1	  343.6	 21	    0.0	    7.4	
  114	  24.12	    0.0	 1500.0	    0.0	    0.0	 1500.0	    0.0	  200.0	    0.0	 1500.0	    0.0	  200.0	  100.0	   43.2	    0.0	    0.0	    0.0	    0.0	    7.7	  1	 -750.0	 1550.0	   43.2	    0.0	    0.0	1	  343.1	 21	    0.0	    7.4	
  115	  24.22	    0.0	 1500.0	    0.0	    0.0	 1500.0	    0.0	  200.0	    0.0	 1500.0	    0.0	  200.0	  100.0	   42.7	    0.0	    0.0	    0.0	    0.0	    7.8	  1	 -750.0	 1550.0	   42.7	    0.0	    0.0	1	  342.7	 21	    0.0	    7.4	
  116	  24.32	    0.0	 1500.0	    0.0	    0.0	 1500.0	    0.0	  200.0	    0.0	 1500.0	    0.0	  200.0	  100.0	   42.2	    0.0	    0.0	    0.0	    0.0	    7.9	  1	 -750.0	 1550.0	   42.2	    0.0	    0.0	1	  342.2	 21	    0.0	    7.3	
  117	  24.42	    0.0	 1500.0	    0.0	    0.0	 1500.0	    0.0	  200.0	    0.0	 1500.0	    0.0	  200.0	  100.0	   41.7	    0.0	    0.0	    0.0	    0.0	    7.9	  1	 -750.0	 1550.0	   41.7	    0.0	    0.0	1	  341.7	 21	    0.0	    7.3	
  118	  24.52	    0.0	 1500.0	    0.0	    0.0	 1500.0	    0.0	  200.0	    0.0	 1500.0	    0.0	  200.0	  100.0	   41.2	    0.0	    0.0	    0.0	    0.0	    8.0	  1	 -750.0	 1550.0	   41.2	    0.0	    0.0	1	  341.2	 21	    0.0	    7.3	
  119	  24.62	    0.0	 1500.0	    0.0	    0.0	 1500.0	    0.0	  200.0	    0.0	 1500.0	    0.0	  200.0	  100.0	   40.7	    0.0	    0.0	    0.0	    0.0	    8.1	  1	 -750.0	 1550.0	   40.7	    0.0	    0.0	1	  340.7	 21	    0.0	    7.2	
  120	  24.72	    0.0	 1500.0	    0.0	    0.0	 1500.0	    0.0	  200.0	    0.0	 1500.0	    0.0	  200.0	  100.0	   40.2	    0.0	    0.0	    0.0	    0.0	    8.1	  1	 -750.0	 1550.0	   40.2	    0.0	    0.0	1	  340.2	 21	    0.0	    7.2	
  121	  24.82	    0.0	 1500.0	    0.0	    0.0	 1500.0	    0.0	  200.0	    0.0	 1500.0	    0.0	  200.0	  100.0	   39.7	    0.0	    0.0	    0.0	    0.0	    8.2	  1	 -750.0	 1550.0	   39.7	    0.0	    0.0	1	  339.7	 21	    0.0	    7.2	
  122	  24.92	    0.0	 1500.0	    0.0	  191.6	   75.7	    0.0	  200.0	    0.0	 1500.0	    0.0	  200.0	  100.0	   39.9	    0.0	    0.0	    0.0	    0.4	    8.3	  1	  750.0	  750.0	   39.9	    0.0	    0.4	1	  393.5	 21	    0.0	    4.6	
  123	  25.02	    0.0	 1500.0	    0.0	  191.6	   75.7	    0.0	  200.0	    0.0	 1500.0	    0.0	  200.0	  100.0	   39.6	    0.0	    0.0	    0.0	    0.9	    8.3	  1	 -550.0	  750.0	   39.6	    0.0	    0.9	1	  350.9	 21	    0.0	    6.7	
  124	  25.12	    0.0	 1500.0	    0.0	  191.6	   75.7	    0.0	  200.0	    0.0	 1500.0	    0.0	  200.0	  100.0	   39.3	    0.0	    0.0	    0.0	    1.3	    8.4	  1	 -550.0	  750.0	   39.3	    0.0	    1.3	1	  352.1	 21	    0.0	    6.8	
  125	  25.22	    0.0	 1500.0	    0.0	  191.6	   75.7	    0.0	  200.0	    0.0	 1500.0	    0.0	  200.0	  100.0	   39.1	    0.0	    0.0	    0.0	    1.8	    8.5	  1	 -550.0	  750.0	   39.1	    0.0	    1.8	1	  353.3	 21	    0.0	    7.0	
  126	  25.32	    0.0	 1500.0	    0.0	  191.6	   75.7	    0.0	  200.0	    0.0	 1500.0	    0.0	  200.0	  100.0	   38.8	    0.0	    0.0	    0.0	    2.2	    8.5	  1	 -550.0	  750.0	   38.8	    0.0	    2.2	1	  354.5	 21	    0.0	    7.2	
  127	  25.42	    0.0	 1500.0	    0.0	  211.9	   54.5	    0.0	  200.0	    0.0	 1500.0	    0.0	  200.0	  100.0	   38.5	    0.0	    0.0	    0.0	    2.7	    8.6	  1	  750.0	  750.0	   38.5	    0.0	    2.7	1	  369.3	 21	    0.0	    7.4	
  128	  25.52	    0.0	 1500.0	    0.0	  211.9	   54.5	    0.0	  200.0	    0.0	 1500.0	    0.0	  200.0	  100.0	   38.3	    0.0	    0.0	    0.0	    3.1	    8.7	  1	  750.0	  750.0	   38.3	    0.0	    3.1	1	  370.8	 21	    0.0	    7.6	
  129	  25.62	    0.0	 1500.0	    0.0	  211.9	   54.5	    0.0	  200.0	    0.0	 1500.0	    0.0	  200.0	  100.0	   38.0	    0.0	    0.0	    0.0	    3.6	    8.8	  1	  750.0	  750.0	   38.0	    0.0	    3.6	1	  372.3	 21	    0.0	    7.8	
  130	  25.72	    0.0	 1500.0	    0.0	  211.9	   54.5	    0.0	  200.0	    0.0	 1500.0	    0.0	  200.0	  100.0	   37.7	    0.0	    0.0	    0.0	    4.0	    8.8	  1	  750.0	  750.0	   37.7	    0.0	    4.0	1	  373.8	 21	    0.0	    7.9	
  131	  25.82	    0.0	 1500.0	    0.0	  211.9	   54.5	    0.0	  200.0	    0.0	 1500.0	    0.0	  200.0	  100.0	   37.5	    0.0	    0.0	    0.0	    4.5	    8.9	  1	  750.0	  750.0	   37.5	    0.0	    4.5	1	  375.3	 21	    0.0	    8.1	
  132	  25.92	    0.0	 1500.0	    0.0	  231.5	    9.1	    0.0	  200.0	    0.0	 1500.0	    0.0	  200.0	  100.0	   37.2	    0.0	    0.0	    0.0	    4.9	    9.0	  1	  750.0	  750.0	   37.2	    0.0	    4.9	1	  381.0	 21	    0.0	    8.3	
  133	  26.02	    0.0	 1500.0	    0.0	  231.5	    9.1	    0.0	  200.0	    0.0	 1500.0	    0.0	  200.0	  100.0	   37.0	    0.0	    0.0	    0.0	    5.4	    9.0	  1	  750.0	  750.0	   37.0	    0.0	    5.4	1	  382.6	 21	    0.0	    8.4	
  134	  26.12	    0.0	 1500.0	    0.0	  231.5	    9.1	    0.0	  200.0	    0.0	 1500.0	    0.0	  200.0	  100.0	   36.7	    0.0	    0.0	    0.0	    5.9	    9.1	  1	  750.0	  750.0	   36.7	    0.0	    5.9	1	  384.2	 21	    0.0	    8.6	
  135	  26.22	    0.0	 1500.0	    0.0	  231.5	    9.1	    0.0	  200.0	    0.0	 1500.0	    0.0	  200.0	  100.0	   36.5	    0.0	    0.0	    0.0	    6.4	    9.2	  1	  750.0	  750.0	   36.5	    0.0	    6.4	1	  385.8	 21	    0.0	    8.8	
  136	  26.32	    0.0	 1500.0	    0.0	  231.5	    9.1	    0.0	  200.0	    0.0	 1500.0	    0.0	  200.0	  100.0	   36.2	    0.0	    0.0	    0.0	    6.8	    9.2	  1	  750.0	  750.0	   36.2	    0.0	    6.8	1	  387.4	 21	    0.0	    9.0	
  137	  26.42	    0.0	 1500.0	    0.0	  231.4	    0.0	    0.0	  200.0	    0.0	 1500.0	    0.0	  200.0	  100.0	   36.0	    0.0	    0.0	    0.0	    7.3	    9.3	  1	  750.0	  750.0	   36.0	    0.0	    7.3	1	  389.5	 21	    0.0	    9.2	
  138	  26.52	    0.0	 1500.0	    0.0	  231.4	    0.0	    0.0	  200.0	    0.0	 1500.0	    0.0	  200.0	  100.0	   35.7	    0.0	    0.0	    0.0	    7.8	    9.4	  1	  750.0	  750.0	   35.7	    0.0	    7.8	1	  391.1	 21	    0.0	    9.4	
  139	  26.62	    0.0	 1500.0	    0.0	  231.4	    0.0	    0.0	  200.0	    0.0	 1500.0	    0.0	  200.0	  100.0	   35.5	    0.0	    0.0	    0.0	    8.3	    9.4	  1	  750.0	  750.0	   35.5	    0.0	    8.3	1	  392.7	 21	    0.0	    9.5	
  140	  26.72	    0.0	 1500.0	    0.0	  231.4	    0.0	    0.0	  200.0	    0.0	 1500.0	    0.0	  200.0	  100.0	   35.2	    0.0	    0.0	    0.0	    8.7	    9.5	  1	  750.0	  750.0	   35.2	    0.0	    8.7	1	  394.3	 21	    0.0	    9.7	
  141	  26.82	    0.0	 1500.0	    0.0	  231.4	    0.0	    0.0	  200.0	    0.0	 1500.0	    0.0	  200.0	  100.0	   35.0	    0.0	    0.0	    0.0	    9.2	    9.6	  1	  750.0	  750.0	   35.0	    0.0	    9.2	1	  395.9	 21	    0.0	    9.9	
  142	  26.92	    0.0	 1500.0	    0.0	  229.0	    0.0	    0.0	  200.0	    0.0	 1500.0	    0.0	  200.0	  100.0	   34.7	    0.0	    0.0	    0.0	    9.7	    9.6	  1	  750.0	  750.0	   34.7	    0.0	    9.7	1	  397.3	 21	 1300.6	   10.1	
  143	  27.02	    0.0	 1500.0	    0.0	  229.0	    0.0	    0.0	  200.0	    0.0	 1500.0	    0.0	  200.0	  100.0	   34.5	    0.0	    0.0	    0.0	   10.2	    9.7	  1	  750.0	  750.0	   34.5	    0.0	   10.2	1	  398.9	 21	 1302.4	   10.2	
  144	  27.12	    0.0	 1500.0	    0.0	  229.0	    0.0	    0.0	  200.0	    0.0	 1500.0	    0.0	  200.0	  100.0	   34.2	    0.0	    0.0	    0.0	   10.6	    9.8	  1	  750.0	  750.0	   34.2	    0.0	   10.6	1	  400.4	 21	 1304.1	   10.4	
  145	  27.22	    0.0	 1500.0	    0.0	  229.0	    0.0	    0.0	  200.0	    0.0	 1500.0	    0.0	  200.0	  100.0	   34.0	    0.0	    0.0	    0.0	   11.1	    9.8	  1	  750.0	  750.0	   34.0	    0.0	   11.1	1	  402.0	 21	 1305.8	   10.6	
  146	  27.32	    0.0	 1500.0	    0.0	  229.0	    0.0	    0.0	  200.0	    0.0	 1500.0	    0.0	  200.0	  100.0	   33.7	    0.0	    0.0	    0.0	   11.6	    9.9	  1	  750.0	  750.0	   33.7	    0.0	   11.6	1	  403.6	 21	 1307.4	   10.7	
  147	  27.42	    0.0	 1500.0	    0.0	  257.2	    0.0	    0.0	  200.0	    0.0	 1500.0	    0.0	  200.0	  100.0	   33.5	    0.0	    0.0	    0.0	   12.1	   10.0	  1	 -450.0	  750.0	   33.5	    0.0	   12.1	1	  396.8	 21	 1309.1	   10.9	
  148	  27.52	    0.0	 1500.0	    0.0	  257.2	    0.0	    0.0	  200.0	    0.0	 1500.0	    0.0	  200.0	  100.0	   33.2	    0.0	    0.0	    0.0	   12.5	   10.0	  1	 -450.0	  750.0	   33.2	    0.0	   12.5	1	  398.2	 21	 1310.7	   11.1	
  149	  27.62	    0.0	 1500.0	    0.0	  257.2	    0.0	    0.0	  200.0	    0.0	 1500.0	    0.0	  200.0	  100.0	   33.0	    0.0	    0.0	    0.0	   13.0	   10.1	  1	 -450.0	  750.0	   33.0	    0.0	   13.0	1	  399.6	 21	 1312.4	   11.2	
  150	  27.72	    0.0	 1500.0	    0.0	  257.2	    0.0	    0.0	  200.0	    0.0	 1500.0	    0.0	  200.0	  100.0	   32.7	    0.0	    0.0	    0.0	   13.5	   10.2	  1	 -450.0	  750.0	   32.7	    0.0	   13.5	1	  401.0	 21	 1314.0	   11.4	
  151	  27.82	    0.0	 1500.0	    0.0	  257.2	    0.0	    0.0	  200.0	    0.0	 1500.0	    0.0	  200.0	  100.0	   32.5	    0.0	    0.0	    0.0	   14.0	   10.2	  1	 -450.0	  750.0	   32.5	    0.0	   14.0	1	  402.4	 21	 1315.6	   11.6	
  152	  27.92	    0.0	 1500.0	    0.0	  257.2	    0.0	    0.0	  200.0	    0.0	 1500.0	    0.0	  200.0	  100.0	   32.2	    0.0	    0.0	    0.0	   14.5	   10.3	  1	 -450.0	  750.0	   32.2	    0.0	   14.5	1	  403.7	 21	 1317.2	   11.7	
  153	  28.02	    0.0	 1500.0	    0.0	  283.2	    0.0	    0.0	  200.0	    0.0	 1500.0	    0.0	  200.0	  100.0	   32.0	    0.0	    0.0	    0.0	   14.9	   10.4	  1	  750.0	  750.0	   32.0	    0.0	   14.9	1	  419.5	 21	 1318.7	   11.9	
  154	  28.12	    0.0	 1500.0	    0.0	  283.2	    0.0	    0.0	  200.0	    0.0	 1500.0	    0.0	  200.0	  100.0	   31.7	    0.0	    0.0	    0.0	   15.4	   10.4	  1	  750.0	  750.0	   31.7	    0.0	   15.4	1	  421.0	 21	 1320.3	   12.0	
  155	  28.22	    0.0	 1500.0	    0.0	  283.2	    0.0	    0.0	  200.0	    0.0	 1500.0	    0.0	  200.0	  100.0	   31.5	    0.0	    0.0	    0.0	   15.9	   10.5	  1	  750.0	  750.0	   31.5	    0.0	   15.9	1	  422.6	 21	 1321.9	   12.2	
  156	  28.32	    0.0	 1500.0	    0.0	  283.2	    0.0	    0.0	  200.0	    0.0	 1500.0	    0.0	  200.0	  100.0	   31.2	    0.0	    0.0	    0.0	   16.4	   10.6	  1	  750.0	  750.0	   31.2	    0.0	   16.4	1	  424.1	 21	 1323.4	   12.3	
  157	  28.42	    0.0	 1500.0	    0.0	  283.2	    0.0	    0.0	  200.0	    0.0	 1500.0	    0.0	  200.0	  100.0	   31.0	    0.0	    0.0	    0.0	   16.9	   10.6	  1	  750.0	  750.0	   31.0	    0.0	   16.9	1	  425.7	 21	 1324.9	   12.5	
  158	  28.52	    0.0	 1500.0	    0.0	  282.1	    0.0	    0.0	  200.0	    0.0	 1500.0	    0.0	  200.0	  100.0	   30.7	    0.0	    0.0	    0.0	   17.3	   10.7	  1	  750.0	  750.0	   30.7	    0.0	   17.3	1	  427.1	 21	 1326.4	   12.6	
  159	  28.62	    0.0	 1500.0	    0.0	  282.1	    0.0	    0.0	  200.0	    0.0	 1500.0	    0.0	  200.0	  100.0	   30.5	    0.0	    0.0	    0.0	   17.8	   10.8	  1	  750.0	  750.0	   30.5	    0.0	   17.8	1	  428.6	 21	 1327.9	   12.8	
  160	  28.72	    0.0	 1500.0	    0.0	  282.1	    0.0	    0.0	  200.0	    0.0	 1500.0	    0.0	  200.0	  100.0	   30.2	    0.0	    0.0	    0.0	   18.3	   10.9	  1	  750.0	  750.0	   30.2	    0.0	   18.3	1	  430.1	 21	 1329.4	   12.9	
  161	  28.82	    0.0	 1500.0	    0.0	  282.1	    0.0	    0.0	  200.0	    0.0	 1500.0	    0.0	  200.0	  100.0	   30.0	    0.0	    0.0	    0.0	   18.8	   10.9	  1	  750.0	  750.0	   30.0	    0.0	   18.8	1	  431.6	 21	 1330.9	   13.1	
  162	  28.92	    0.0	 1500.0	    0.0	  282.1	    0.0	    0.0	  200.0	    0.0	 1500.0	    0.0	  200.0	  100.0	   29.7	    0.0	    0.0	    0.0	   19.3	   11.0	  1	  750.0	  750.0	   29.7	    0.0	   19.3	1	  433.1	 21	 1332.3	   13.2	
  163	  29.02	    0.0	 1500.0	    0.0	  282.8	    0.0	    0.0	  200.0	    0.0	 1500.0	    0.0	  200.0	  100.0	   29.5	    0.0	    0.0	    0.0	   19.8	   11.1	  1	  750.0	  750.0	   29.5	    0.0	   19.8	1	  434.7	 21	 1333.8	   13.4	
  164	  29.12	    0.0	 1500.0	    0.0	  282.8	    0.0	    0.0	  200.0	    0.0	 1500.0	    0.0	  200.0	  100.0	   29.2	    0.0	    0.0	    0.0	   20.2	   11.1	  1	  750.0	  750.0	   29.2	    0.0	   20.2	1	  436.1	 21	 1335.2	   13.5	
  165	  29.22	    0.0	 1500.0	    0.0	  282.8	    0.0	    0.0	  200.0	    0.0	 1500.0	    0.0	  200.0	  100.0	   29.0	    0.0	    0.0	    0.0	   20.7	   11.2	  1	  750.0	  750.0	   29.0	    0.0	   20.7	1	  437.6	 21	 1336.6	   13.7	
  166	  29.32	    0.0	 1500.0	    0.0	  282.8	    0.0	    0.0	  200.0	    0.0	 1500.0	    0.0	  200.0	  100.0	   28.8	    0.0	    0.0	    0.0	   21.2	   11.3	  1	  750.0	  750.0	   28.8	    0.0	   21.2	1	  439.1	 21	 1338.0	   13.8	
  167	  29.42	    0.0	 1500.0	    0.0	  282.8	    0.0	    0.0	  200.0	    0.0	 1500.0	    0.0	  200.0	  100.0	   28.5	    0.0	    0.0	    0.0	   21.7	   11.3	  1	 -450.0	  750.0	   28.5	    0.0	   21.7	1	  421.4	 21	 1339.4	   13.9	
  168	  29.52	    0.0	 1500.0	    0.0	  294.4	    0.0	    0.0	  200.0	    0.0	 1500.0	    0.0	  200.0	  100.0	   28.3	    0.0	    0.0	    0.0	   22.2	   11.4	  1	  750.0	  750.0	   28.3	    0.0	   22.2	1	  443.1	 21	 1340.8	   14.1	
  169	  29.62	    0.0	 1500.0	    0.0	  294.4	    0.0	    0.0	  200.0	    0.0	 1500.0	    0.0	  200.0	  100.0	   28.0	    0.0	    0.0	    0.0	   22.6	   11.5	  1	  750.0	  750.0	   28.0	    0.0	   22.6	1	  444.6	 21	 1342.2	   14.2	
  170	  29.72	    0.0	 1500.0	    0.0	  294.4	    0.0	    0.0	  200.0	    0.0	 1500.0	    0.0	  200.0	  100.0	   27.8	    0.0	    0.0	    0.0	   23.1	   11.5	  1	  750.0	  750.0	   27.8	    0.0	   23.1	1	  446.0	 21	 1343.5	   14.4	
  171	  29.82	    0.0	 1500.0	    0.0	  294.4	    0.0	    0.0	  200.0	    0.0	 1500.0	    0.0	  200.0	  100.0	   27.5	    0.0	    0.0	    0.0	   23.6	   11.6	  1	  750.0	  750.0	   27.5	    0.0	   23.6	1	  447.4	 21	 1344.9	   14.5	
  172	  29.92	    0.0	 1500.0	    0.0	  294.4	    0.0	    0.0	  200.0	    0.0	 1500.0	    0.0	  200.0	  100.0	   27.3	    0.0	    0.0	    0.0	   24.1	   11.7	  1	  750.0	  750.0	   27.3	    0.0	   24.1	1	  448.8	 21	 1346.2	   14.6	
  173	  30.02	    0.0	 1500.0	    0.0	  307.9	    0.0	    0.0	  200.0	    0.0	 1500.0	    0.0	  200.0	  100.0	   27.0	    0.0	    0.0	    0.0	   24.6	   11.7	  1	  750.0	  750.0	   27.0	    0.0	   24.6	1	  451.6	 21	 1347.5	   14.8	
  174	  30.12	    0.0	 1500.0	    0.0	  307.9	    0.0	    0.0	  200.0	    0.0	 1500.0	    0.0	  200.0	  100.0	   26.8	    0.0	    0.0	    0.0	   25.0	   11.8	  1	  750.0	  750.0	   26.8	    0.0	   25.0	1	  453.0	 21	 1348.9	   14.9	
  175	  30.22	    0.0	 1500.0	    0.0	  307.9	    0.0	    0.0	  200.0	    0.0	 1500.0	    0.0	  200.0	  100.0	   26.5	    0.0	    0.0	    0.0	   25.5	   11.9	  1	  750.0	  750.0	   26.5	    0.0	   25.5	1	  454.4	 21	 1350.2	   15.0	
  176	  30.32	    0.0	 1500.0	    0.0	  307.9	    0.0	    0.0	  200.0	    0.0	 1500.0	    0.0	  200.0	  100.0	   26.3	    0.0	    0.0	    0.0	   26.0	   11.9	  1	  750.0	  750.0	   26.3	    0.0	   26.0	1	  455.8	 21	 1351.5	   15.1	
  177	  30.42	    0.0	 1500.0	    0.0	  307.9	    0.0	    0.0	  200.0	    0.0	 1500.0	    0.0	  200.0	  100.0	   26.0	    0.0	    0.0	    0.0	   26.5	   12.0	  1	  750.0	  750.0	   26.0	    0.0	   26.5	1	  457.2	 21	 1352.7	   15.3	
  178	  30.52	    0.0	 1500.0	    0.0	  307.9	    0.0	    0.0	  200.0	    0.0	 1500.0	    0.0	  200.0	  100.0	   25.8	    0.0	    0.0	    0.0	   27.0	   12.1	  1	  750.0	  750.0	   25.8	    0.0	   27.0	1	  458.5	 21	 1354.0	   15.4	
  179	  30.62	    0.0	 1500.0	    0.0	  300.9	    0.0	    0.0	  200.0	    0.0	 1500.0	    0.0	  200.0	  100.0	   25.6	    0.0	    0.0	    0.0	   27.5	   12.1	  1	  750.0	  750.0	   25.6	    0.0	   27.5	1	  459.2	 21	 1355.3	   15.5	
  180	  30.72	    0.0	 1500.0	    0.0	  300.9	    0.0	    0.0	  200.0	    0.0	 1500.0	    0.0	  200.0	  100.0	   25.3	    0.0	    0.0	    0.0	   27.9	   12.2	  1	  750.0	  750.0	   25.3	    0.0	   27.9	1	  460.6	 21	 1356.5	   15.7	
  181	  30.82	    0.0	 1500.0	    0.0	  300.9	    0.0	    0.0	  200.0	    0.0	 1500.0	    0.0	  200.0	  100.0	   25.1	    0.0	    0.0	    0.0	   28.4	   12.3	  1	 -450.0	  750.0	   25.1	    0.0	   28.4	1	  437.0	 21	 1357.8	   15.8	
  182	  30.92	    0.0	 1500.0	    0.0	  300.9	    0.0	    0.0	  200.0	    0.0	 1500.0	    0.0	  200.0	  100.0	   24.8	    0.0	    0.0	    0.0	   28.9	   12.3	  1	 -450.0	  750.0	   24.8	    0.0	   28.9	1	  438.2	 21	 1359.0	   15.9	
  183	  31.02	    0.0	 1500.0	    0.0	  282.1	    0.0	    0.0	  200.0	    0.0	 1500.0	    0.0	  200.0	  100.0	   24.6	    0.0	    0.0	    0.0	   29.4	   12.4	  1	  750.0	  750.0	   24.6	    0.0	   29.4	1	  462.6	 21	 1360.2	   16.0	
  184	  31.12	    0.0	 1500.0	    0.0	  300.9	    0.0	    0.0	  200.0	    0.0	 1500.0	    0.0	  200.0	  100.0	   24.3	    0.0	    0.0	    0.0	   29.9	   12.5	  1	 -450.0	  750.0	   24.3	    0.0	   29.9	1	  440.6	 21	 1361.4	   16.1	
  185	  31.22	    0.0	 1500.0	    0.0	  291.3	    0.0	    0.0	  200.0	    0.0	 1500.0	    0.0	  200.0	  100.0	   24.1	    0.0	    0.0	    0.0	   30.4	   12.5	  1	 -450.0	  750.0	   24.1	    0.0	   30.4	1	  442.8	 21	 1362.6	   16.3	
  186	  31.32	    0.0	 1500.0	    0.0	  291.3	    0.0	    0.0	  200.0	    0.0	 1500.0	    0.0	  200.0	  100.0	   23.8	    0.0	    0.0	    0.0	   30.8	   12.6	  1	 -450.0	  750.0	   23.8	    0.0	   30.8	1	  444.0	 21	 1363.8	   16.4	
  187	  31.42	    0.0	 1500.0	    0.0	  291.3	    0.0	    0.0	  200.0	    0.0	 1500.0	    0.0	  200.0	  100.0	   23.6	    0.0	    0.0	    0.0	   31.3	   12.7	  1	 -450.0	  750.0	   23.6	    0.0	   31.3	1	  445.1	 21	 1365.0	   16.5	
  188	  31.52	    0.0	 1500.0	    0.0	  291.3	    0.0	    0.0	  200.0	    0.0	 1500.0	    0.0	  200.0	  100.0	   23.3	    0.0	    0.0	    0.0	   31.8	   12.8	  1	 -450.0	  750.0	   23.3	    0.0	   31.8	1	  446.3	 21	 1366.2	   16.6	
  189	  31.62	    0.0	 1500.0	    0.0	  291.3	    0.0	    0.0	  200.0	    0.0	 1500.0	    0.0	  200.0	  100.0	   23.1	    0.0	    0.0	    0.0	   32.3	   12.8	  1	 -450.0	  750.0	   23.1	    0.0	   32.3	1	  447.5	 21	 1367.4	   16.7	
  190	  31.72	    0.0	 1500.0	    0.0	  269.4	    0.0	    0.0	  200.0	    0.0	 1500.0	    0.0	  200.0	  100.0	   22.8	    0.0	    0.0	    0.0	   32.8	   12.9	  1	 -450.0	  750.0	   22.8	    0.0	   32.8	1	  451.0	 21	 1368.5	   16.9	
  191	  31.82	    0.0	 1500.0	    0.0	  269.4	    0.0	    0.0	  200.0	    0.0	 1500.0	    0.0	  200.0	  100.0	   22.6	    0.0	    0.0	    0.0	   33.2	   13.0	  1	 -450.0	  750.0	   22.6	    0.0	   33.2	1	  452.1	 21	 1369.7	   17.0	
  192	  31.92	    0.0	 1500.0	    0.0	  269.4	    0.0	    0.0	  200.0	    0.0	 1500.0	    0.0	  200.0	  100.0	   22.3	    0.0	    0.0	    0.0	   33.7	   13.0	  1	 -450.0	  750.0	   22.3	    0.0	   33.7	1	  453.3	 21	 1370.8	   17.1	
  193	  32.02	    0.0	 1500.0	    0.0	  269.4	    0.0	    0.0	  200.0	    0.0	 1500.0	    0.0	  200.0	  100.0	   22.1	    0.0	    0.0	    0.0	   34.2	   13.1	  1	 -450.0	  750.0	   22.1	    0.0	   34.2	1	  454.4	 21	 1371.9	   17.2	
  194	  32.12	    0.0	 1500.0	    0.0	  269.4	    0.0	    0.0	  200.0	    0.0	 1500.0	    0.0	  200.0	  100.0	   21.8	    0.0	    0.0	    0.0	   34.7	   13.2	  1	 -450.0	  750.0	   21.8	    0.0	   34.7	1	  455.5	 21	 1373.0	   17.3	
  195	  32.22	    0.0	 1500.0	    0.0	  277.3	    0.0	    0.0	  200.0	    0.0	 1500.0	    0.0	  200.0	  100.0	   21.6	    0.0	    0.0	    0.0	   35.2	   13.2	  1	  750.0	  750.0	   21.6	    0.0	   35.2	1	  477.2	 21	 1374.2	   17.4	
  196	  32.32	    0.0	 1500.0	    0.0	  277.3	    0.0	    0.0	  200.0	    0.0	 1500.0	    0.0	  200.0	  100.0	   21.3	    0.0	    0.0	    0.0	   35.6	   13.3	  1	  750.0	  750.0	   21.3	    0.0	   35.6	1	  478.4	 21	 1375.3	   17.5	
  197	  32.42	    0.0	 1500.0	    0.0	  277.3	    0.0	    0.0	  200.0	    0.0	 1500.0	    0.0	  200.0	  100.0	   21.1	    0.0	    0.0	    0.0	   36.1	   13.4	  1	  750.0	  750.0	   21.1	    0.0	   36.1	1	  479.6	 21	 1376.4	   17.6	
  198	  32.52	    0.0	 1500.0	    0.0	  277.3	    0.0	    0.0	  200.0	    0.0	 1500.0	    0.0	  200.0	  100.0	   20.9	    0.0	    0.0	    0.0	   36.6	   13.4	  1	  750.0	  750.0	   20.9	    0.0	   36.6	1	  480.8	 21	 1377.4	   17.7	
  199	  32.62	    0.0	 1500.0	    0.0	  277.3	    0.0	    0.0	  200.0	    0.0	 1500.0	    0.0	  200.0	  100.0	   20.6	    0.0	    0.0	    0.0	   37.1	   13.5	  1	  750.0	  750.0	   20.6	    0.0	   37.1	1	  481.9	 21	 1378.5	   17.9	
  200	  32.72	    0.0	 1500.0	    0.0	  324.5	    0.0	    0.0	  200.0	    0.0	 1500.0	    0.0	  200.0	  100.0	   20.4	    0.0	    0.0	    0.0	   37.6	   13.6	  1	  750.0	  750.0	   20.4	    0.0	   37.6	1	  487.9	 21	 1379.6	   18.0	
  201	  32.82	    0.0	 1500.0	    0.0	  324.5	    0.0	    0.0	  200.0	    0.0	 1500.0	    0.0	  200.0	  100.0	   20.1	    0.0	    0.0	    0.0	   38.0	   13.6	  1	  750.0	  750.0	   20.1	    0.0	   38.0	1	  489.1	 21	 1380.6	   18.1	
  202	  32.92	    0.0	 1500.0	    0.0	  324.5	    0.0	    0.0	  200.0	    0.0	 1500.0	    0.0	  200.0	  100.0	   19.9	    0.0	    0.0	    0.0	   38.5	   13.7	  1	  750.0	  750.0	   19.9	    0.0	   38.5	1	  490.2	 21	 1381.7	   18.2	
  203	  33.02	    0.0	 1500.0	    0.0	  324.5	    0.0	    0.0	  200.0	    0.0	 1500.0	    0.0	  200.0	  100.0	   19.6	    0.0	    0.0	    0.0	   39.0	   13.8	  1	  750.0	  750.0	   19.6	    0.0	   39.0	1	  491.4	 21	 1382.7	   18.3	
  204	  33.12	    0.0	 1500.0	    0.0	  324.5	    0.0	    0.0	  200.0	    0.0	 1500.0	    0.0	  200.0	  100.0	   19.4	    0.0	    0.0	    0.0	   39.5	   13.8	  1	  750.0	  750.0	   19.4	    0.0	   39.5	1	  492.5	 21	 1383.8	   18.4	
  205	  33.22	    0.0	 1500.0	    0.0	  324.5	    0.0	    0.0	  200.0	    0.0	 1500.0	    0.0	  200.0	  100.0	   19.1	    0.0	    0.0	    0.0	   40.0	   13.9	  1	  750.0	  750.0	   19.1	    0.0	   40.0	1	  493.7	 21	 1384.8	   18.5	
  206	  33.32	    0.0	 1500.0	    0.0	  324.5	    0.0	    0.0	  200.0	    0.0	 1500.0	    0.0	  200.0	  100.0	   18.9	    0.0	    0.0	    0.0	   40.5	   14.0	  1	  750.0	  750.0	   18.9	    0.0	   40.5	1	  494.8	 21	 1385.8	   18.6	
  207	  33.42	    0.0	 1500.0	    0.0	  324.5	    0.0	    0.0	  200.0	    0.0	 1500.0	    0.0	  200.0	  100.0	   18.6	    0.0	    0.0	    0.0	   41.0	   14.0	  1	  750.0	  750.0	   18.6	    0.0	   41.0	1	  495.9	 21	 1386.9	   18.7	
  208	  33.52	    0.0	 1500.0	    0.0	  324.5	    0.0	    0.0	  200.0	    0.0	 1500.0	    0.0	  200.0	  100.0	   18.4	    0.0	    0.0	    0.0	   41.4	   14.1	  1	  750.0	  750.0	   18.4	    0.0	   41.4	1	  497.0	 21	 1387.9	   18.8	
  209	  33.62	    0.0	 1500.0	    0.0	  316.8	    0.0	    0.0	  200.0	    0.0	 1500.0	    0.0	  200.0	  100.0	   18.2	    0.0	    0.0	    0.0	   41.9	   14.2	  1	  750.0	  750.0	   18.2	    0.0	   41.9	1	  497.3	 21	 1388.9	   18.9	
  210	  33.72	    0.0	 1500.0	    0.0	  316.8	    0.0	    0.0	  200.0	    0.0	 1500.0	    0.0	  200.0	  100.0	   17.9	    0.0	    0.0	    0.0	   42.4	   14.2	  1	  750.0	  750.0	   17.9	    0.0	   42.4	1	  498.4	 21	 1389.9	   19.0	
  211	  33.82	    0.0	 1500.0	    0.0	  316.8	    0.0	    0.0	  200.0	    0.0	 1500.0	    0.0	  200.0	  100.0	   17.7	    0.0	    0.0	    0.0	   42.9	   14.3	  1	  750.0	  750.0	   17.7	    0.0	   42.9	1	  499.5	 21	 1390.9	   19.1	
  212	  33.92	    0.0	 1500.0	    0.0	  316.8	    0.0	    0.0	  200.0	    0.0	 1500.0	    0.0	  200.0	  100.0	   17.4	    0.0	    0.0	    0.0	   43.4	   14.4	  1	  750.0	  750.0	   17.4	    0.0	   43.4	1	  500.5	 21	 1391.8	   19.2	
  213	  34.02	    0.0	 1500.0	    0.0	  316.8	    0.0	    0.0	  200.0	    0.0	 1500.0	    0.0	  200.0	  100.0	   17.2	    0.0	    0.0	    0.0	   43.9	   14.4	  1	  750.0	  750.0	   17.2	    0.0	   43.9	1	  501.6	 21	 1392.8	   19.3	
  214	  34.12	    0.0	 1500.0	    0.0	  301.8	    0.0	    0.0	  200.0	    0.0	 1500.0	    0.0	  200.0	  100.0	   16.9	    0.0	    0.0	    0.0	   44.3	   14.5	  1	  750.0	  750.0	   16.9	    0.0	   44.3	1	  501.1	 21	 1393.8	   19.4	
  215	  34.22	    0.0	 1500.0	    0.0	  301.8	    0.0	    0.0	  200.0	    0.0	 1500.0	    0.0	  200.0	  100.0	   16.7	    0.0	    0.0	    0.0	   44.8	   14.6	  1	  750.0	  750.0	   16.7	    0.0	   44.8	1	  502.2	 21	 1394.7	   19.5	
  216	  34.32	    0.0	 1500.0	    0.0	  301.8	    0.0	    0.0	  200.0	    0.0	 1500.0	    0.0	  200.0	  100.0	   16.4	    0.0	    0.0	    0.0	   45.3	   14.7	  1	  750.0	  750.0	   16.4	    0.0	   45.3	1	  503.2	 21	 1395.7	   19.6	
  217	  34.42	    0.0	 1500.0	    0.0	  301.8	    0.0	    0.0	  200.0	    0.0	 1500.0	    0.0	  200.0	  100.0	   16.2	    0.0	    0.0	    0.0	   45.8	   14.7	  1	  750.0	  750.0	   16.2	    0.0	   45.8	1	  504.2	 21	 1396.6	   19.7	
  218	  34.52	    0.0	 1500.0	    0.0	  301.8	    0.0	    0.0	  200.0	    0.0	 1500.0	    0.0	  200.0	  100.0	   15.9	    0.0	    0.0	    0.0	   46.3	   14.8	  1	  750.0	  750.0	   15.9	    0.0	   46.3	1	  505.2	 21	 1397.6	   19.8	
  219	  34.62	    0.0	 1500.0	    0.0	  312.5	    0.0	    0.0	  200.0	    0.0	 1500.0	    0.0	  200.0	  100.0	   15.7	    0.0	    0.0	    0.0	   46.8	   14.9	  1	  750.0	  750.0	   15.7	    0.0	   46.8	1	  507.3	 21	 1386.8	   18.7	
  220	  34.72	    0.0	 1500.0	    0.0	  312.5	    0.0	    0.0	  200.0	    0.0	 1500.0	    0.0	  200.0	  100.0	   15.5	    0.0	    0.0	    0.0	   47.2	   14.9	  1	  750.0	  750.0	   15.5	    0.0	   47.2	1	  508.3	 21	 1388.1	   18.8	
  221	  34.82	    0.0	 1500.0	    0.0	  312.5	    0.0	    0.0	  200.0	    0.0	 1500.0	    0.0	  200.0	  100.0	   15.2	    0.0	    0.0	    0.0	   47.7	   15.0	  1	  750.0	  750.0	   15.2	    0.0	   47.7	1	  509.2	 21	 1389.4	   18.9	
  222	  34.92	    0.0	 1500.0	    0.0	  312.5	    0.0	    0.0	  200.0	    0.0	 1500.0	    0.0	  200.0	  100.0	   15.0	    0.0	    0.0	    0.0	   48.2	   15.1	  1	  750.0	  750.0	   15.0	    0.0	   48.2	1	  510.2	 21	 1390.7	   19.1	
  223	  35.02	    0.0	 1500.0	    0.0	  312.5	    0.0	    0.0	  200.0	    0.0	 1500.0	    0.0	  200.0	  100.0	   14.7	    0.0	    0.0	    0.0	   48.7	   15.1	  1	  750.0	  750.0	   14.7	    0.0	   48.7	1	  511.2	 21	 1391.9	   19.2	
  224	  35.12	    0.0	 1500.0	    0.0	  316.0	    0.0	    0.0	  200.0	    0.0	 1500.0	    0.0	  200.0	  100.0	   14.5	    0.0	    0.0	    0.0	   49.2	   15.2	  1	  750.0	  750.0	   14.5	    0.0	   49.2	1	  512.5	 21	 1393.2	   19.3	
