    1	   0.10	    0.0	 1500.0	    0.0	    0.0	    0.0	    0.0	    0.0	    0.0	    0.0	    0.0	    0.0	  100.0	  100.0	    0.0	    0.0	    0.0	    0.0	    0.0	  1	-1000.0	  500.0	  100.0	    0.0	    0.0	1	  526.8	 21	 1371.8	  -28.2	
    2	   0.20	  -17.9	 1490.4	 -151.9	    0.0	    0.0	    0.0	    0.0	    0.0	    0.0	    0.0	    0.0	  100.0	   99.7	    0.0	    0.0	    0.0	    0.0	    0.1	  1	  -50.0	 1250.0	   99.7	    0.0	    0.0	1	  218.9	 21	 1390.1	   19.0	
    3	   0.30	  -24.3	 1455.6	  -97.9	    0.0	    0.0	    0.0	    0.0	    0.0	    0.0	    0.0	    0.0	  100.0	   99.5	    0.0	    0.0	    0.0	    0.0	    0.1	  1	  -50.0	 1250.0	   99.5	    0.0	    0.0	1	  181.5	 21	 1389.7	   19.0	
    4	   0.40	  -28.6	 1414.2	  -95.8	    0.0	    0.0	    0.0	    0.0	    0.0	    0.0	    0.0	    0.0	  100.0	   99.2	    0.0	    0.0	    0.0	    0.0	    0.1	  1	  -50.0	 1250.0	   99.2	    0.0	    0.0	1	  150.4	 21	 1389.3	   18.9	
    5	   0.50	  -33.6	 1377.5	  -98.1	    0.0	    0.0	    0.0	    0.0	    0.0	    0.0	    0.0	    0.0	  100.0	   98.9	    0.0	    0.0	    0.0	    0.0	    0.2	  1	  -50.0	 1250.0	   98.9	    0.0	    0.0	1	  108.8	 21	    0.0	    0.0	
    6	   0.60	  -36.2	 1350.5	  -95.1	    0.0	    0.0	    0.0	    0.0	    0.0	    0.0	    0.0	    0.0	  100.0	   98.6	    0.0	    0.0	    0.0	    0.0	    0.2	  1	  -50.0	 1250.0	   98.6	    0.0	    0.0	1	   91.6	 21	    0.0	    0.0	
    7	   0.70	  -40.0	 1328.2	 -100.0	    0.0	    0.0	    0.0	    0.0	    0.0	    0.0	    0.0	    0.0	  100.0	   98.3	    0.0	    0.0	    0.0	    0.0	    0.2	  1	  -50.0	 1250.0	   98.3	    0.0	    0.0	1	   63.3	 21	    0.0	    0.0	
    8	   0.80	  -40.3	 1326.4	  -97.3	    0.0	    0.0	    0.0	    0.0	    0.0	    0.0	    0.0	    0.0	  100.0	   98.0	    0.0	    0.0	    0.0	    0.0	    0.3	  1	  -50.0	 1250.0	   98.0	    0.0	    0.0	1	   63.2	 21	    0.0	    0.0	
    9	   0.90	  -40.3	 1326.4	  -97.3	    0.0	    0.0	    0.0	    0.0	    0.0	    0.0	    0.0	    0.0	  100.0	   97.7	    0.0	    0.0	    0.0	    0.0	    0.3	  1	  -50.0	 1250.0	   97.7	    0.0	    0.0	1	   63.2	 21	    0.0	    0.0	
   10	   1.00	  -40.3	 1326.4	  -97.3	    0.0	    0.0	    0.0	    0.0	    0.0	    0.0	    0.0	    0.0	  100.0	   97.4	    0.0	    0.0	    0.0	    0.0	    0.4	  1	  -50.0	 1250.0	   97.4	    0.0	    0.0	1	   63.2	 21	    0.0	    0.0	
   11	   1.10	  -40.3	 1326.4	  -97.3	    0.0	    0.0	    0.0	    0.0	    0.0	    0.0	    0.0	    0.0	  100.0	   97.1	    0.0	    0.0	    0.0	    0.0	    0.4	  1	  -50.0	 1250.0	   97.1	    0.0	    0.0	1	   63.2	 21	    0.0	    0.0	
   12	   1.20	  -40.3	 1326.4	  -97.3	    0.0	    0.0	    0.0	    0.0	    0.0	    0.0	    0.0	    0.0	  100.0	   96.8	    0.0	    0.0	    0.0	    0.0	    0.4	  1	  -50.0	 1250.0	   96.8	    0.0	    0.0	1	   63.2	 21	 1399.7	   20.0	
   13	   1.30	  -40.3	 1326.4	  -97.3	    0.0	    0.0	    0.0	    0.0	    0.0	    0.0	    0.0	    0.0	  100.0	   96.5	    0.0	    0.0	    0.0	    0.0	    0.5	  1	  -50.0	 1250.0	   96.5	    0.0	    0.0	1	   63.2	 21	 1399.3	   19.9	
   14	   1.40	  -40.3	 1326.4	  -97.3	    0.0	    0.0	    0.0	    0.0	    0.0	    0.0	    0.0	    0.0	  100.0	   96.2	    0.0	    0.0	    0.0	    0.0	    0.5	  1	  -50.0	 1250.0	   96.2	    0.0	    0.0	1	   63.2	 21	 1398.8	   19.9	
   15	   1.50	  -40.3	 1326.4	  -97.3	    0.0	    0.0	    0.0	    0.0	    0.0	    0.0	    0.0	    0.0	  100.0	   95.9	    0.0	    0.0	    0.0	    0.0	    0.5	  1	  -50.0	 1250.0	   95.9	    0.0	    0.0	1	   63.2	 21	 1398.3	   19.8	
   16	   1.60	  -40.3	 1326.4	  -97.3	    0.0	    0.0	    0.0	    0.0	    0.0	    0.0	    0.0	    0.0	  100.0	   95.6	    0.0	    0.0	    0.0	    0.0	    0.6	  1	  -50.0	 1250.0	   95.6	    0.0	    0.0	1	   63.2	 21	 1397.8	   19.8	
   17	   1.70	  -40.3	 1326.4	  -97.3	    0.0	    0.0	    0.0	    0.0	    0.0	    0.0	    0.0	    0.0	  100.0	   95.3	    0.0	    0.0	    0.0	    0.0	    0.6	  1	  -50.0	 1250.0	   95.3	    0.0	    0.0	1	   63.2	 21	 1397.4	   19.7	
   18	   1.80	  -40.3	 1326.4	  -97.3	    0.0	    0.0	    0.0	    0.0	    0.0	    0.0	    0.0	    0.0	  100.0	   95.0	    0.0	    0.0	    0.0	    0.0	    0.6	  1	  -50.0	 1250.0	   95.0	    0.0	    0.0	1	   63.2	 21	 1396.9	   19.7	
   19	   1.90	  -40.3	 1326.4	  -97.3	    0.0	    0.0	    0.0	    0.0	    0.0	    0.0	    0.0	    0.0	  100.0	   94.7	    0.0	    0.0	    0.0	    0.0	    0.7	  1	  -50.0	 1250.0	   94.7	    0.0	    0.0	1	   63.2	 21	 1396.4	   19.6	
   20	   2.00	  -40.3	 1326.4	  -97.3	    0.0	    0.0	    0.0	    0.0	    0.0	    0.0	    0.0	    0.0	  100.0	   94.4	    0.0	    0.0	    0.0	    0.0	    0.7	  1	  -50.0	 1250.0	   94.4	    0.0	    0.0	1	   63.2	 21	 1395.9	   19.6	
   21	   2.10	  -40.3	 1326.4	  -97.3	    0.0	    0.0	    0.0	    0.0	    0.0	    0.0	    0.0	    0.0	  100.0	   94.1	    0.0	    0.0	    0.0	    0.0	    0.8	  1	  -50.0	 1250.0	   94.1	    0.0	    0.0	1	   63.2	 21	 1395.5	   19.5	
   22	   2.20	  -40.3	 1326.4	  -97.3	    0.0	    0.0	    0.0	    0.0	    0.0	    0.0	    0.0	    0.0	  100.0	   93.8	    0.0	    0.0	    0.0	    0.0	    0.8	  1	  -50.0	 1250.0	   93.8	    0.0	    0.0	1	   63.2	 21	 1395.0	   19.5	
   23	   2.30	  -40.3	 1326.4	  -97.3	    0.0	    0.0	    0.0	    0.0	    0.0	    0.0	    0.0	    0.0	  100.0	   93.5	    0.0	    0.0	    0.0	    0.0	    0.8	  1	  -50.0	 1250.0	   93.5	    0.0	    0.0	1	   63.2	 21	 1394.5	   19.5	
   24	   2.40	  -40.3	 1326.4	  -97.3	    0.0	    0.0	    0.0	    0.0	    0.0	    0.0	    0.0	    0.0	  100.0	   93.2	    0.0	    0.0	    0.0	    0.0	    0.9	  1	  -50.0	 1250.0	   93.2	    0.0	    0.0	1	   63.2	 21	 1394.1	   19.4	
   25	   2.50	  -40.3	 1326.4	  -97.3	    0.0	    0.0	    0.0	    0.0	    0.0	    0.0	    0.0	    0.0	  100.0	   92.9	    0.0	    0.0	    0.0	    0.0	    0.9	  1	  -50.0	 1250.0	   92.9	    0.0	    0.0	1	   63.2	 21	 1393.6	   19.4	
   26	   2.60	  -40.3	 1326.4	  -97.3	    0.0	    0.0	    0.0	    0.0	    0.0	    0.0	    0.0	    0.0	  100.0	   92.6	    0.0	    0.0	    0.0	    0.0	    0.9	  1	  -50.0	 1250.0	   92.6	    0.0	    0.0	1	   63.2	 21	 1393.1	   19.3	
   27	   2.70	  -40.3	 1326.4	  -97.3	    0.0	    0.0	    0.0	    0.0	    0.0	    0.0	    0.0	    0.0	  100.0	   92.3	    0.0	    0.0	    0.0	    0.0	    1.0	  1	  -50.0	 1250.0	   92.3	    0.0	    0.0	1	   63.2	 21	 1392.6	   19.3	
   28	   2.80	  -40.3	 1326.4	  -97.3	    0.0	    0.0	    0.0	    0.0	    0.0	    0.0	    0.0	    0.0	  100.0	   92.0	    0.0	    0.0	    0.0	    0.0	    1.0	  1	  -50.0	 1250.0	   92.0	    0.0	    0.0	1	   63.2	 21	 1392.2	   19.2	
   29	   2.90	  -40.3	 1326.4	  -97.3	    0.0	    0.0	    0.0	    0.0	    0.0	    0.0	    0.0	    0.0	  100.0	   91.7	    0.0	    0.0	    0.0	    0.0	    1.1	  1	  -50.0	 1250.0	   91.7	    0.0	    0.0	1	   63.2	 21	 1391.7	   19.2	
   30	   3.00	  -40.3	 1326.4	  -97.3	    0.0	    0.0	    0.0	    0.0	    0.0	    0.0	    0.0	    0.0	  100.0	   91.4	    0.0	    0.0	    0.0	    0.0	    1.1	  1	  -50.0	 1250.0	   91.4	    0.0	    0.0	1	   63.2	 21	 1391.2	   19.1	
   31	   3.10	  -40.3	 1326.4	  -97.3	    0.0	    0.0	    0.0	    0.0	    0.0	    0.0	    0.0	    0.0	  100.0	   91.1	    0.0	    0.0	    0.0	    0.0	    1.1	  1	  -50.0	 1250.0	   91.1	    0.0	    0.0	1	   63.2	 21	 1390.7	   19.1	
   32	   3.20	  -40.3	 1326.4	  -97.3	    0.0	    0.0	    0.0	    0.0	    0.0	    0.0	    0.0	    0.0	  100.0	   90.7	    0.0	    0.0	    0.0	    0.0	    1.2	  1	  -50.0	 1250.0	   90.7	    0.0	    0.0	1	   63.2	 21	 1390.3	   19.0	
   33	   3.30	  -40.3	 1326.4	  -97.3	    0.0	    0.0	    0.0	    0.0	    0.0	    0.0	    0.0	    0.0	  100.0	   90.4	    0.0	    0.0	    0.0	    0.0	    1.2	  1	  -50.0	 1250.0	   90.4	    0.0	    0.0	1	   63.2	 21	 1389.8	   19.0	
   34	   3.40	  -40.3	 1326.4	  -97.3	    0.0	    0.0	    0.0	    0.0	    0.0	    0.0	    0.0	    0.0	  100.0	   90.1	    0.0	    0.0	    0.0	    0.0	    1.2	  1	  -50.0	 1250.0	   90.1	    0.0	    0.0	1	   63.2	 21	 1389.3	   18.9	
   35	   3.50	  -40.3	 1326.4	  -97.3	    0.0	    0.0	    0.0	    0.0	    0.0	    0.0	    0.0	    0.0	  100.0	   89.8	    0.0	    0.0	    0.0	    0.0	    1.3	  1	  -50.0	 1250.0	   89.8	    0.0	    0.0	1	   63.2	 21	 1388.9	   18.9	
   36	   3.60	  -40.3	 1326.4	  -97.3	    0.0	    0.0	    0.0	    0.0	    0.0	    0.0	    0.0	    0.0	  100.0	   89.5	    0.0	    0.0	    0.0	    0.0	    1.3	  1	  -50.0	 1250.0	   89.5	    0.0	    0.0	1	   63.2	 21	 1388.4	   18.8	
   37	   3.70	  -40.3	 1326.4	  -97.3	    0.0	    0.0	    0.0	    0.0	    0.0	    0.0	    0.0	    0.0	  100.0	   89.2	    0.0	    0.0	    0.0	    0.0	    1.3	  1	  -50.0	 1250.0	   89.2	    0.0	    0.0	1	   63.2	 21	 1387.9	   18.8	
   38	   3.80	  -40.3	 1326.4	  -97.3	    0.0	    0.0	    0.0	    0.0	    0.0	    0.0	    0.0	    0.0	  100.0	   88.9	    0.0	    0.0	    0.0	    0.0	    1.4	  1	  -50.0	 1250.0	   88.9	    0.0	    0.0	1	   63.2	 21	 1387.4	   18.7	
   39	   3.90	  -40.3	 1326.4	  -97.3	    0.0	    0.0	    0.0	    0.0	    0.0	    0.0	    0.0	    0.0	  100.0	   88.6	    0.0	    0.0	    0.0	    0.0	    1.4	  1	  -50.0	 1250.0	   88.6	    0.0	    0.0	1	   63.2	 21	 1387.0	   18.7	
   40	   4.00	  -40.3	 1326.4	  -97.3	    0.0	    0.0	    0.0	    0.0	    0.0	    0.0	    0.0	    0.0	  100.0	   88.3	    0.0	    0.0	    0.0	    0.0	    1.5	  1	  -50.0	 1250.0	   88.3	    0.0	    0.0	1	   63.2	 21	 1386.5	   18.6	
   41	   4.10	  -40.3	 1326.4	  -97.3	    0.0	    0.0	    0.0	    0.0	    0.0	    0.0	    0.0	    0.0	  100.0	   88.0	    0.0	    0.0	    0.0	    0.0	    1.5	  1	  -50.0	 1250.0	   88.0	    0.0	    0.0	1	   63.2	 21	 1386.0	   18.6	
   42	   4.20	  -40.3	 1326.4	  -97.3	    0.0	    0.0	    0.0	    0.0	    0.0	    0.0	    0.0	    0.0	  100.0	   87.7	    0.0	    0.0	    0.0	    0.0	    1.5	  1	  -50.0	 1250.0	   87.7	    0.0	    0.0	1	   63.2	 21	 1385.5	   18.6	
   43	   4.30	  -40.3	 1326.4	  -97.3	    0.0	    0.0	    0.0	    0.0	    0.0	    0.0	    0.0	    0.0	  100.0	   87.4	    0.0	    0.0	    0.0	    0.0	    1.6	  1	  -50.0	 1250.0	   87.4	    0.0	    0.0	1	   63.2	 21	 1385.1	   18.5	
   44	   4.40	  -40.3	 1326.4	  -97.3	    0.0	    0.0	    0.0	    0.0	    0.0	    0.0	    0.0	    0.0	  100.0	   87.1	    0.0	    0.0	    0.0	    0.0	    1.6	  1	  -50.0	 1250.0	   87.1	    0.0	    0.0	1	   63.2	 21	 1384.6	   18.5	
   45	   4.50	  -40.3	 1326.4	  -97.3	    0.0	    0.0	    0.0	    0.0	    0.0	    0.0	    0.0	    0.0	  100.0	   86.8	    0.0	    0.0	    0.0	    0.0	    1.6	  1	  -50.0	 1250.0	   86.8	    0.0	    0.0	1	   63.2	 21	 1384.1	   18.4	
   46	   4.60	  -40.3	 1326.4	  -97.3	    0.0	    0.0	    0.0	    0.0	    0.0	    0.0	    0.0	    0.0	  100.0	   86.5	    0.0	    0.0	    0.0	    0.0	    1.7	  1	  -50.0	 1250.0	   86.5	    0.0	    0.0	1	   63.2	 21	 1383.7	   18.4	
   47	   4.70	  -40.3	 1326.4	  -97.3	    0.0	    0.0	    0.0	    0.0	    0.0	    0.0	    0.0	    0.0	  100.0	   86.2	    0.0	    0.0	    0.0	    0.0	    1.7	  1	  -50.0	 1250.0	   86.2	    0.0	    0.0	1	   63.2	 21	 1383.2	   18.3	
   48	   4.80	  -40.3	 1326.4	  -97.3	    0.0	    0.0	    0.0	    0.0	    0.0	    0.0	    0.0	    0.0	  100.0	   85.9	    0.0	    0.0	    0.0	    0.0	    1.8	  1	  -50.0	 1250.0	   85.9	    0.0	    0.0	1	   63.2	 21	 1382.7	   18.3	
   49	   4.90	  -40.3	 1326.4	  -97.3	    0.0	    0.0	    0.0	    0.0	    0.0	    0.0	    0.0	    0.0	  100.0	   85.6	    0.0	    0.0	    0.0	    0.0	    1.8	  1	  -50.0	 1250.0	   85.6	    0.0	    0.0	1	   63.2	 21	 1382.2	   18.2	
   50	   5.00	  -40.3	 1326.4	  -97.3	    0.0	    0.0	    0.0	    0.0	    0.0	    0.0	    0.0	    0.0	  100.0	   85.3	    0.0	    0.0	    0.0	    0.0	    1.8	  1	  -50.0	 1250.0	   85.3	    0.0	    0.0	1	   63.2	 21	 1381.8	   18.2	
   51	   5.10	  -40.3	 1326.4	  -97.3	    0.0	    0.0	    0.0	    0.0	    0.0	    0.0	    0.0	    0.0	  100.0	   85.0	    0.0	    0.0	    0.0	    0.0	    1.9	  1	  -50.0	 1250.0	   85.0	    0.0	    0.0	1	   63.2	 21	 1381.3	   18.1	
   52	   5.20	  -40.3	 1326.4	  -97.3	    0.0	    0.0	    0.0	    0.0	    0.0	    0.0	    0.0	    0.0	  100.0	   84.7	    0.0	    0.0	    0.0	    0.0	    1.9	  1	  -50.0	 1250.0	   84.7	    0.0	    0.0	1	   63.2	 21	 1380.8	   18.1	
   53	   5.30	  -40.3	 1326.4	  -97.3	    0.0	    0.0	    0.0	    0.0	    0.0	    0.0	    0.0	    0.0	  100.0	   84.4	    0.0	    0.0	    0.0	    0.0	    1.9	  1	  -50.0	 1250.0	   84.4	    0.0	    0.0	1	   63.2	 21	 1380.3	   18.0	
   54	   5.40	  -40.3	 1326.4	  -97.3	    0.0	    0.0	    0.0	    0.0	    0.0	    0.0	    0.0	    0.0	  100.0	   84.1	    0.0	    0.0	    0.0	    0.0	    2.0	  1	  -50.0	 1250.0	   84.1	    0.0	    0.0	1	   63.2	 21	 1379.9	   18.0	
   55	   5.50	  -40.3	 1326.4	  -97.3	    0.0	    0.0	    0.0	    0.0	    0.0	    0.0	    0.0	    0.0	  100.0	   83.8	    0.0	    0.0	    0.0	    0.0	    2.0	  1	  -50.0	 1250.0	   83.8	    0.0	    0.0	1	   63.2	 21	 1379.4	   17.9	
   56	   5.60	  -40.3	 1326.4	  -97.3	    0.0	    0.0	    0.0	    0.0	    0.0	    0.0	    0.0	    0.0	  100.0	   83.5	    0.0	    0.0	    0.0	    0.0	    2.0	  1	  -50.0	 1250.0	   83.5	    0.0	    0.0	1	   63.2	 21	 1378.9	   17.9	
   57	   5.70	  -40.3	 1326.4	  -97.3	    0.0	    0.0	    0.0	    0.0	    0.0	    0.0	    0.0	    0.0	  100.0	   83.2	    0.0	    0.0	    0.0	    0.0	    2.1	  1	  -50.0	 1250.0	   83.2	    0.0	    0.0	1	   63.2	 21	 1378.5	   17.8	
   58	   5.80	  -40.3	 1326.4	  -97.3	    0.0	    0.0	    0.0	    0.0	    0.0	    0.0	    0.0	    0.0	  100.0	   82.9	    0.0	    0.0	    0.0	    0.0	    2.1	  1	  -50.0	 1250.0	   82.9	    0.0	    0.0	1	   63.2	 21	 1378.0	   17.8	
   59	   5.90	  -40.3	 1326.4	  -97.3	    0.0	    0.0	    0.0	    0.0	    0.0	    0.0	    0.0	    0.0	  100.0	   82.6	    0.0	    0.0	    0.0	    0.0	    2.2	  1	  -50.0	 1250.0	   82.6	    0.0	    0.0	1	   63.2	 21	 1377.5	   17.8	
   60	   6.00	  -40.3	 1326.4	  -97.3	    0.0	    0.0	    0.0	    0.0	    0.0	    0.0	    0.0	    0.0	  100.0	   82.3	    0.0	    0.0	    0.0	    0.0	    2.2	  1	  -50.0	 1250.0	   82.3	    0.0	    0.0	1	   63.2	 21	 1377.0	   17.7	
   61	   6.10	  -40.3	 1326.4	  -97.3	    0.0	    0.0	    0.0	    0.0	    0.0	    0.0	    0.0	    0.0	  100.0	   82.0	    0.0	    0.0	    0.0	    0.0	    2.2	  1	  -50.0	 1250.0	   82.0	    0.0	    0.0	1	   63.2	 21	 1376.6	   17.7	
   62	   6.20	  -40.3	 1326.4	  -97.3	    0.0	    0.0	    0.0	    0.0	    0.0	    0.0	    0.0	    0.0	  100.0	   81.7	    0.0	    0.0	    0.0	    0.0	    2.3	  1	  -50.0	 1250.0	   81.7	    0.0	    0.0	1	   63.2	 21	 1376.1	   17.6	
   63	   6.30	  -40.3	 1326.4	  -97.3	    0.0	    0.0	    0.0	    0.0	    0.0	    0.0	    0.0	    0.0	  100.0	   81.4	    0.0	    0.0	    0.0	    0.0	    2.3	  1	  -50.0	 1250.0	   81.4	    0.0	    0.0	1	   63.2	 21	 1375.6	   17.6	
   64	   6.40	  -40.3	 1326.4	  -97.3	    0.0	    0.0	    0.0	    0.0	    0.0	    0.0	    0.0	    0.0	  100.0	   81.1	    0.0	    0.0	    0.0	    0.0	    2.3	  1	  -50.0	 1250.0	   81.1	    0.0	    0.0	1	   63.2	 21	 1375.1	   17.5	
   65	   6.50	  -40.3	 1326.4	  -97.3	    0.0	    0.0	    0.0	    0.0	    0.0	    0.0	    0.0	    0.0	  100.0	   80.8	    0.0	    0.0	    0.0	    0.0	    2.4	  1	  -50.0	 1250.0	   80.8	    0.0	    0.0	1	   63.2	 21	 1374.7	   17.5	
   66	   6.60	  -40.3	 1326.4	  -97.3	    0.0	    0.0	    0.0	    0.0	    0.0	    0.0	    0.0	    0.0	  100.0	   80.5	    0.0	    0.0	    0.0	    0.0	    2.4	  1	  -50.0	 1250.0	   80.5	    0.0	    0.0	1	   63.2	 21	 1374.2	   17.4	
   67	   6.70	  -40.3	 1326.4	  -97.3	    0.0	    0.0	    0.0	    0.0	    0.0	    0.0	    0.0	    0.0	  100.0	   80.2	    0.0	    0.0	    0.0	    0.0	    2.5	  1	  -50.0	 1250.0	   80.2	    0.0	    0.0	1	   63.2	 21	 1373.7	   17.4	
   68	   6.80	  -40.3	 1326.4	  -97.3	    0.0	    0.0	    0.0	    0.0	    0.0	    0.0	    0.0	    0.0	  100.0	   79.9	    0.0	    0.0	    0.0	    0.0	    2.5	  1	  -50.0	 1250.0	   79.9	    0.0	    0.0	1	   63.2	 21	 1373.3	   17.3	
   69	   6.90	  -40.3	 1326.4	  -97.3	    0.0	    0.0	    0.0	    0.0	    0.0	    0.0	    0.0	    0.0	  100.0	   79.6	    0.0	    0.0	    0.0	    0.0	    2.5	  1	  -50.0	 1250.0	   79.6	    0.0	    0.0	1	   63.2	 21	 1372.8	   17.3	
   70	   7.00	  -40.3	 1326.4	  -97.3	    0.0	    0.0	    0.0	    0.0	    0.0	    0.0	    0.0	    0.0	  100.0	   79.3	    0.0	    0.0	    0.0	    0.0	    2.6	  1	  -50.0	 1250.0	   79.3	    0.0	    0.0	1	   63.2	 21	 1372.3	   17.2	
   71	   7.10	  -40.3	 1326.4	  -97.3	    0.0	    0.0	    0.0	    0.0	    0.0	    0.0	    0.0	    0.0	  100.0	   79.0	    0.0	    0.0	    0.0	    0.0	    2.6	  1	  -50.0	 1250.0	   79.0	    0.0	    0.0	1	   63.2	 21	 1371.8	   17.2	
   72	   7.20	  -40.3	 1326.4	  -97.3	    0.0	    0.0	    0.0	    0.0	    0.0	    0.0	    0.0	    0.0	  100.0	   78.7	    0.0	    0.0	    0.0	    0.0	    2.6	  1	  -50.0	 1250.0	   78.7	    0.0	    0.0	1	   63.2	 21	 1371.4	   17.1	
   73	   7.30	  -40.3	 1326.4	  -97.3	    0.0	    0.0	    0.0	    0.0	    0.0	    0.0	    0.0	    0.0	  100.0	   78.3	    0.0	    0.0	    0.0	    0.0	    2.7	  1	  -50.0	 1250.0	   78.3	    0.0	    0.0	1	   63.2	 21	 1370.9	   17.1	
   74	   7.40	  -40.3	 1326.4	  -97.3	    0.0	    0.0	    0.0	    0.0	    0.0	    0.0	    0.0	    0.0	  100.0	   78.0	    0.0	    0.0	    0.0	    0.0	    2.7	  1	  -50.0	 1250.0	   78.0	    0.0	    0.0	1	   63.2	 21	 1370.4	   17.0	
   75	   7.50	  -40.3	 1326.4	  -97.3	    0.0	    0.0	    0.0	    0.0	    0.0	    0.0	    0.0	    0.0	  100.0	   77.7	    0.0	    0.0	    0.0	    0.0	    2.7	  1	  -50.0	 1250.0	   77.7	    0.0	    0.0	1	   63.2	 21	 1370.0	   17.0	
   76	   7.60	  -40.3	 1326.4	  -97.3	    0.0	    0.0	    0.0	    0.0	    0.0	    0.0	    0.0	    0.0	  100.0	   77.4	    0.0	    0.0	    0.0	    0.0	    2.8	  1	  -50.0	 1250.0	   77.4	    0.0	    0.0	1	   63.2	 21	 1369.5	   16.9	
   77	   7.70	  -40.3	 1326.4	  -97.3	    0.0	    0.0	    0.0	    0.0	    0.0	    0.0	    0.0	    0.0	  100.0	   77.1	    0.0	    0.0	    0.0	    0.0	    2.8	  1	  -50.0	 1250.0	   77.1	    0.0	    0.0	1	   63.2	 21	 1369.0	   16.9	
   78	   7.80	  -40.3	 1326.4	  -97.3	    0.0	    0.0	    0.0	    0.0	    0.0	    0.0	    0.0	    0.0	  100.0	   76.8	    0.0	    0.0	    0.0	    0.0	    2.9	  1	  -50.0	 1250.0	   76.8	    0.0	    0.0	1	   63.2	 21	 1368.5	   16.9	
   79	   7.90	  -40.3	 1326.4	  -97.3	    0.0	    0.0	    0.0	    0.0	    0.0	    0.0	    0.0	    0.0	  100.0	   76.5	    0.0	    0.0	    0.0	    0.0	    2.9	  1	  -50.0	 1250.0	   76.5	    0.0	    0.0	1	   63.2	 21	 1368.1	   16.8	
   80	   8.00	  -40.3	 1326.4	  -97.3	    0.0	    0.0	    0.0	    0.0	    0.0	    0.0	    0.0	    0.0	  100.0	   76.2	    0.0	    0.0	    0.0	    0.0	    2.9	  1	  -50.0	 1250.0	   76.2	    0.0	    0.0	1	   63.2	 21	 1367.6	   16.8	
   81	   8.10	  -40.3	 1326.4	  -97.3	    0.0	    0.0	    0.0	    0.0	    0.0	    0.0	    0.0	    0.0	  100.0	   75.9	    0.0	    0.0	    0.0	    0.0	    3.0	  1	  -50.0	 1250.0	   75.9	    0.0	    0.0	1	   63.2	 21	 1367.1	   16.7	
   82	   8.20	  -40.3	 1326.4	  -97.3	    0.0	    0.0	    0.0	    0.0	    0.0	    0.0	    0.0	    0.0	  100.0	   75.6	    0.0	    0.0	    0.0	    0.0	    3.0	  1	  -50.0	 1250.0	   75.6	    0.0	    0.0	1	   63.2	 21	 1366.6	   16.7	
   83	   8.30	  -40.3	 1326.4	  -97.3	    0.0	    0.0	    0.0	    0.0	    0.0	    0.0	    0.0	    0.0	  100.0	   75.3	    0.0	    0.0	    0.0	    0.0	    3.0	  1	  -50.0	 1250.0	   75.3	    0.0	    0.0	1	   63.2	 21	 1366.2	   16.6	
   84	   8.40	  -40.3	 1326.4	  -97.3	    0.0	    0.0	    0.0	    0.0	    0.0	    0.0	    0.0	    0.0	  100.0	   75.0	    0.0	    0.0	    0.0	    0.0	    3.1	  1	  -50.0	 1250.0	   75.0	    0.0	    0.0	1	   63.2	 21	 1365.7	   16.6	
   85	   8.50	  -40.3	 1326.4	  -97.3	    0.0	    0.0	    0.0	    0.0	    0.0	    0.0	    0.0	    0.0	  100.0	   74.7	    0.0	    0.0	    0.0	    0.0	    3.1	  1	  -50.0	 1250.0	   74.7	    0.0	    0.0	1	   63.2	 21	 1365.2	   16.5	
   86	   8.60	  -40.3	 1326.4	  -97.3	    0.0	    0.0	    0.0	    0.0	    0.0	    0.0	    0.0	    0.0	  100.0	   74.4	    0.0	    0.0	    0.0	    0.0	    3.2	  1	  -50.0	 1250.0	   74.4	    0.0	    0.0	1	   63.2	 21	 1364.8	   16.5	
   87	   8.70	  -40.3	 1326.4	  -97.3	    0.0	    0.0	    0.0	    0.0	    0.0	    0.0	    0.0	    0.0	  100.0	   74.1	    0.0	    0.0	    0.0	    0.0	    3.2	  1	  -50.0	 1250.0	   74.1	    0.0	    0.0	1	   63.2	 21	 1364.3	   16.4	
   88	   8.80	  -40.3	 1326.4	  -97.3	    0.0	    0.0	    0.0	    0.0	    0.0	    0.0	    0.0	    0.0	  100.0	   73.8	    0.0	    0.0	    0.0	    0.0	    3.2	  1	  -50.0	 1250.0	   73.8	    0.0	    0.0	1	   63.2	 21	 1363.8	   16.4	
   89	   8.90	  -40.3	 1326.4	  -97.3	    0.0	    0.0	    0.0	    0.0	    0.0	    0.0	    0.0	    0.0	  100.0	   73.5	    0.0	    0.0	    0.0	    0.0	    3.3	  1	  -50.0	 1250.0	   73.5	    0.0	    0.0	1	   63.2	 21	 1363.3	   16.3	
   90	   9.00	  -40.3	 1326.4	  -97.3	    0.0	    0.0	    0.0	    0.0	    0.0	    0.0	    0.0	    0.0	  100.0	   73.2	    0.0	    0.0	    0.0	    0.0	    3.3	  1	  -50.0	 1250.0	   73.2	    0.0	    0.0	1	   63.2	 21	 1362.9	   16.3	
   91	   9.10	  -40.3	 1326.4	  -97.3	    0.0	    0.0	    0.0	    0.0	    0.0	    0.0	    0.0	    0.0	  100.0	   72.9	    0.0	    0.0	    0.0	    0.0	    3.3	  1	  -50.0	 1250.0	   72.9	    0.0	    0.0	1	   63.2	 21	 1362.4	   16.2	
   92	   9.20	  -40.3	 1326.4	  -97.3	    0.0	    0.0	    0.0	    0.0	    0.0	    0.0	    0.0	    0.0	  100.0	   72.6	    0.0	    0.0	    0.0	    0.0	    3.4	  1	  -50.0	 1250.0	   72.6	    0.0	    0.0	1	   63.2	 21	 1361.9	   16.2	
   93	   9.30	  -40.3	 1326.4	  -97.3	    0.0	    0.0	    0.0	    0.0	    0.0	    0.0	    0.0	    0.0	  100.0	   72.3	    0.0	    0.0	    0.0	    0.0	    3.4	  1	  -50.0	 1250.0	   72.3	    0.0	    0.0	1	   63.2	 21	 1361.4	   16.1	
   94	   9.40	  -40.3	 1326.4	  -97.3	    0.0	    0.0	    0.0	    0.0	    0.0	    0.0	    0.0	    0.0	  100.0	   72.0	    0.0	    0.0	    0.0	    0.0	    3.4	  1	  -50.0	 1250.0	   72.0	    0.0	    0.0	1	   63.2	 21	 1361.0	   16.1	
   95	   9.50	  -40.3	 1326.4	  -97.3	    0.0	    0.0	    0.0	    0.0	    0.0	    0.0	    0.0	    0.0	  100.0	   71.7	    0.0	    0.0	    0.0	    0.0	    3.5	  1	  -50.0	 1250.0	   71.7	    0.0	    0.0	1	   63.2	 21	 1360.5	   16.1	
   96	   9.60	  -40.3	 1326.4	  -97.3	    0.0	    0.0	    0.0	    0.0	    0.0	    0.0	    0.0	    0.0	  100.0	   71.4	    0.0	    0.0	    0.0	    0.0	    3.5	  1	  -50.0	 1250.0	   71.4	    0.0	    0.0	1	   63.2	 21	 1360.0	   16.0	
   97	   9.70	  -40.3	 1326.4	  -97.3	    0.0	    0.0	    0.0	    0.0	    0.0	    0.0	    0.0	    0.0	  100.0	   71.1	    0.0	    0.0	    0.0	    0.0	    3.6	  1	  -50.0	 1250.0	   71.1	    0.0	    0.0	1	   63.2	 21	 1359.6	   16.0	
   98	   9.80	  -40.3	 1326.4	  -97.3	    0.0	    0.0	    0.0	    0.0	    0.0	    0.0	    0.0	    0.0	  100.0	   70.8	    0.0	    0.0	    0.0	    0.0	    3.6	  1	  -50.0	 1250.0	   70.8	    0.0	    0.0	1	   63.2	 21	 1359.1	   15.9	
   99	   9.90	  -40.3	 1326.4	  -97.3	    0.0	    0.0	    0.0	    0.0	    0.0	    0.0	    0.0	    0.0	  100.0	   70.5	    0.0	    0.0	    0.0	    0.0	    3.6	  1	  -50.0	 1250.0	   70.5	    0.0	    0.0	1	   63.2	 21	 1358.6	   15.9	
  100	  10.00	  -40.3	 1326.4	  -97.3	    0.0	    0.0	    0.0	    0.0	    0.0	    0.0	    0.0	    0.0	  100.0	   70.2	    0.0	    0.0	    0.0	    0.0	    3.7	  1	  -50.0	 1250.0	   70.2	    0.0	    0.0	1	   63.2	 21	 1358.1	   15.8	
  101	  10.10	  -40.3	 1326.4	  -97.3	    0.0	    0.0	    0.0	    0.0	    0.0	    0.0	    0.0	    0.0	  100.0	   69.9	    0.0	    0.0	    0.0	    0.0	    3.7	  1	  -50.0	 1250.0	   69.9	    0.0	    0.0	1	   63.2	 21	 1357.7	   15.8	
  102	  10.20	  -40.3	 1326.4	  -97.3	    0.0	    0.0	    0.0	    0.0	    0.0	    0.0	    0.0	    0.0	  100.0	   69.6	    0.0	    0.0	    0.0	    0.0	    3.7	  1	  -50.0	 1250.0	   69.6	    0.0	    0.0	1	   63.2	 21	 1357.2	   15.7	
  103	  10.30	  -40.3	 1326.4	  -97.3	    0.0	    0.0	    0.0	    0.0	    0.0	    0.0	    0.0	    0.0	  100.0	   69.3	    0.0	    0.0	    0.0	    0.0	    3.8	  1	  -50.0	 1250.0	   69.3	    0.0	    0.0	1	   63.2	 21	 1356.7	   15.7	
  104	  10.40	  -40.3	 1326.4	  -97.3	    0.0	    0.0	    0.0	    0.0	    0.0	    0.0	    0.0	    0.0	  100.0	   69.0	    0.0	    0.0	    0.0	    0.0	    3.8	  1	  -50.0	 1250.0	   69.0	    0.0	    0.0	1	   63.2	 21	 1356.2	   15.6	
  105	  10.50	  -40.3	 1326.4	  -97.3	    0.0	    0.0	    0.0	    0.0	    0.0	    0.0	    0.0	    0.0	  100.0	   68.7	    0.0	    0.0	    0.0	    0.0	    3.9	  1	  -50.0	 1250.0	   68.7	    0.0	    0.0	1	   63.2	 21	 1355.8	   15.6	
  106	  10.60	  -40.3	 1326.4	  -97.3	    0.0	    0.0	    0.0	    0.0	    0.0	    0.0	    0.0	    0.0	  100.0	   68.4	    0.0	    0.0	    0.0	    0.0	    3.9	  1	  -50.0	 1250.0	   68.4	    0.0	    0.0	1	   63.2	 21	 1355.3	   15.5	
  107	  10.70	  -40.3	 1326.4	  -97.3	    0.0	    0.0	    0.0	    0.0	    0.0	    0.0	    0.0	    0.0	  100.0	   68.1	    0.0	    0.0	    0.0	    0.0	    3.9	  1	  -50.0	 1250.0	   68.1	    0.0	    0.0	1	   63.2	 21	 1354.8	   15.5	
  108	  10.80	  -40.3	 1326.4	  -97.3	    0.0	    0.0	    0.0	    0.0	    0.0	    0.0	    0.0	    0.0	  100.0	   67.8	    0.0	    0.0	    0.0	    0.0	    4.0	  1	  -50.0	 1250.0	   67.8	    0.0	    0.0	1	   63.2	 21	 1354.4	   15.4	
  109	  10.90	  -40.3	 1326.4	  -97.3	    0.0	    0.0	    0.0	    0.0	    0.0	    0.0	    0.0	    0.0	  100.0	   67.5	    0.0	    0.0	    0.0	    0.0	    4.0	  1	  -50.0	 1250.0	   67.5	    0.0	    0.0	1	   63.2	 21	 1353.9	   15.4	
  110	  11.00	  -40.3	 1326.4	  -97.3	    0.0	    0.0	    0.0	    0.0	    0.0	    0.0	    0.0	    0.0	  100.0	   67.2	    0.0	    0.0	    0.0	    0.0	    4.0	  1	  -50.0	 1250.0	   67.2	    0.0	    0.0	1	   63.2	 21	 1353.4	   15.3	
  111	  11.10	  -40.3	 1326.4	  -97.3	    0.0	    0.0	    0.0	    0.0	    0.0	    0.0	    0.0	    0.0	  100.0	   66.9	    0.0	    0.0	    0.0	    0.0	    4.1	  1	  -50.0	 1250.0	   66.9	    0.0	    0.0	1	   63.2	 21	 1352.9	   15.3	
  112	  11.20	  -40.3	 1326.4	  -97.3	    0.0	    0.0	    0.0	    0.0	    0.0	    0.0	    0.0	    0.0	  100.0	   66.6	    0.0	    0.0	    0.0	    0.0	    4.1	  1	  -50.0	 1250.0	   66.6	    0.0	    0.0	1	   63.2	 21	 1352.5	   15.2	
  113	  11.30	  -40.3	 1326.4	  -97.3	    0.0	    0.0	    0.0	    0.0	    0.0	    0.0	    0.0	    0.0	  100.0	   66.3	    0.0	    0.0	    0.0	    0.0	    4.1	  1	  -50.0	 1250.0	   66.3	    0.0	    0.0	1	   63.2	 21	 1352.0	   15.2	
  114	  11.40	  -40.3	 1326.4	  -97.3	    0.0	    0.0	    0.0	    0.0	    0.0	    0.0	    0.0	    0.0	  100.0	   66.0	    0.0	    0.0	    0.0	    0.0	    4.2	  1	  -50.0	 1250.0	   66.0	    0.0	    0.0	1	   63.2	 21	 1351.5	   15.2	
  115	  11.50	  -40.3	 1326.4	  -97.3	    0.0	    0.0	    0.0	    0.0	    0.0	    0.0	    0.0	    0.0	  100.0	   65.6	    0.0	    0.0	    0.0	    0.0	    4.2	  1	  -50.0	 1250.0	   65.6	    0.0	    0.0	1	   63.2	 21	 1351.1	   15.1	
  116	  11.60	  -40.3	 1326.4	  -97.3	    0.0	    0.0	    0.0	    0.0	    0.0	    0.0	    0.0	    0.0	  100.0	   65.3	    0.0	    0.0	    0.0	    0.0	    4.3	  1	  -50.0	 1250.0	   65.3	    0.0	    0.0	1	   63.2	 21	 1350.6	   15.1	
  117	  11.70	  -40.3	 1326.4	  -97.3	    0.0	    0.0	    0.0	    0.0	    0.0	    0.0	    0.0	    0.0	  100.0	   65.0	    0.0	    0.0	    0.0	    0.0	    4.3	  1	  -50.0	 1250.0	   65.0	    0.0	    0.0	1	   63.2	 21	 1350.1	   15.0	
  118	  11.80	  -40.3	 1326.4	  -97.3	    0.0	    0.0	    0.0	    0.0	    0.0	    0.0	    0.0	    0.0	  100.0	   64.7	    0.0	    0.0	    0.0	    0.0	    4.3	  1	  -50.0	 1250.0	   64.7	    0.0	    0.0	1	   63.2	 21	 1349.6	   15.0	
  119	  11.90	  -40.3	 1326.4	  -97.3	    0.0	    0.0	    0.0	    0.0	    0.0	    0.0	    0.0	    0.0	  100.0	   64.4	    0.0	    0.0	    0.0	    0.0	    4.4	  1	  -50.0	 1250.0	   64.4	    0.0	    0.0	1	   63.2	 21	 1349.2	   14.9	
  120	  12.00	  -40.3	 1326.4	  -97.3	    0.0	    0.0	    0.0	    0.0	    0.0	    0.0	    0.0	    0.0	  100.0	   64.1	    0.0	    0.0	    0.0	    0.0	    4.4	  1	  -50.0	 1250.0	   64.1	    0.0	    0.0	1	   63.2	 21	 1348.7	   14.9	
  121	  12.10	  -40.3	 1326.4	  -97.3	    0.0	    0.0	    0.0	    0.0	    0.0	    0.0	    0.0	    0.0	  100.0	   63.8	    0.0	    0.0	    0.0	    0.0	    4.4	  1	  -50.0	 1250.0	   63.8	    0.0	    0.0	1	   63.2	 21	 1348.2	   14.8	
  122	  12.20	  -40.3	 1326.4	  -97.3	    0.0	    0.0	    0.0	    0.0	    0.0	    0.0	    0.0	    0.0	  100.0	   63.5	    0.0	    0.0	    0.0	    0.0	    4.5	  1	  -50.0	 1250.0	   63.5	    0.0	    0.0	1	   63.2	 21	 1347.7	   14.8	
  123	  12.30	  -40.3	 1326.4	  -97.3	    0.0	    0.0	    0.0	    0.0	    0.0	    0.0	    0.0	    0.0	  100.0	   63.2	    0.0	    0.0	    0.0	    0.0	    4.5	  1	  -50.0	 1250.0	   63.2	    0.0	    0.0	1	   63.2	 21	 1347.3	   14.7	
  124	  12.40	  -40.3	 1326.4	  -97.3	    0.0	    0.0	    0.0	    0.0	    0.0	    0.0	    0.0	    0.0	  100.0	   62.9	    0.0	    0.0	    0.0	    0.0	    4.6	  1	  -50.0	 1250.0	   62.9	    0.0	    0.0	1	   63.2	 21	 1346.8	   14.7	
  125	  12.50	  -40.3	 1326.4	  -97.3	    0.0	    0.0	    0.0	    0.0	    0.0	    0.0	    0.0	    0.0	  100.0	   62.6	    0.0	    0.0	    0.0	    0.0	    4.6	  1	  -50.0	 1250.0	   62.6	    0.0	    0.0	1	   63.2	 21	 1346.3	   14.6	
  126	  12.60	  -40.3	 1326.4	  -97.3	    0.0	    0.0	    0.0	    0.0	    0.0	    0.0	    0.0	    0.0	  100.0	   62.3	    0.0	    0.0	    0.0	    0.0	    4.6	  1	  -50.0	 1250.0	   62.3	    0.0	    0.0	1	   63.2	 21	 1345.9	   14.6	
  127	  12.70	  -40.3	 1326.4	  -97.3	    0.0	    0.0	    0.0	    0.0	    0.0	    0.0	    0.0	    0.0	  100.0	   62.0	    0.0	    0.0	    0.0	    0.0	    4.7	  1	  -50.0	 1250.0	   62.0	    0.0	    0.0	1	   63.2	 21	 1345.4	   14.5	
  128	  12.80	  -40.3	 1326.4	  -97.3	    0.0	    0.0	    0.0	    0.0	    0.0	    0.0	    0.0	    0.0	  100.0	   61.7	    0.0	    0.0	    0.0	    0.0	    4.7	  1	  -50.0	 1250.0	   61.7	    0.0	    0.0	1	   63.2	 21	 1344.9	   14.5	
  129	  12.90	  -40.3	 1326.4	  -97.3	    0.0	    0.0	    0.0	    0.0	    0.0	    0.0	    0.0	    0.0	  100.0	   61.4	    0.0	    0.0	    0.0	    0.0	    4.7	  1	  -50.0	 1250.0	   61.4	    0.0	    0.0	1	   63.2	 21	 1344.4	   14.4	
  130	  13.00	  -40.3	 1326.4	  -97.3	    0.0	    0.0	    0.0	    0.0	    0.0	    0.0	    0.0	    0.0	  100.0	   61.1	    0.0	    0.0	    0.0	    0.0	    4.8	  1	  -50.0	 1250.0	   61.1	    0.0	    0.0	1	   63.2	 21	 1344.0	   14.4	
  131	  13.10	  -40.3	 1326.4	  -97.3	    0.0	    0.0	    0.0	    0.0	    0.0	    0.0	    0.0	    0.0	  100.0	   60.8	    0.0	    0.0	    0.0	    0.0	    4.8	  1	  -50.0	 1250.0	   60.8	    0.0	    0.0	1	   63.2	 21	 1343.5	   14.3	
  132	  13.20	  -40.3	 1326.4	  -97.3	    0.0	    0.0	    0.0	    0.0	    0.0	    0.0	    0.0	    0.0	  100.0	   60.5	    0.0	    0.0	    0.0	    0.0	    4.8	  1	  -50.0	 1250.0	   60.5	    0.0	    0.0	1	   63.2	 21	 1343.0	   14.3	
  133	  13.30	  -40.3	 1326.4	  -97.3	    0.0	    0.0	    0.0	    0.0	    0.0	    0.0	    0.0	    0.0	  100.0	   60.2	    0.0	    0.0	    0.0	    0.0	    4.9	  1	  -50.0	 1250.0	   60.2	    0.0	    0.0	1	   63.2	 21	 1342.5	   14.3	
  134	  13.40	  -40.3	 1326.4	  -97.3	    0.0	    0.0	    0.0	    0.0	    0.0	    0.0	    0.0	    0.0	  100.0	   59.9	    0.0	    0.0	    0.0	    0.0	    4.9	  1	  -50.0	 1250.0	   59.9	    0.0	    0.0	1	   63.2	 21	 1342.1	   14.2	
  135	  13.50	  -40.3	 1326.4	  -97.3	    0.0	    0.0	    0.0	    0.0	    0.0	    0.0	    0.0	    0.0	  100.0	   59.6	    0.0	    0.0	    0.0	    0.0	    5.0	  1	  -50.0	 1250.0	   59.6	    0.0	    0.0	1	   63.2	 21	 1341.6	   14.2	
  136	  13.60	  -40.3	 1326.4	  -97.3	    0.0	    0.0	    0.0	    0.0	    0.0	    0.0	    0.0	    0.0	  100.0	   59.3	    0.0	    0.0	    0.0	    0.0	    5.0	  1	  -50.0	 1250.0	   59.3	    0.0	    0.0	1	   63.2	 21	 1341.1	   14.1	
  137	  13.70	  -40.3	 1326.4	  -97.3	    0.0	    0.0	    0.0	    0.0	    0.0	    0.0	    0.0	    0.0	  100.0	   59.0	    0.0	    0.0	    0.0	    0.0	    5.0	  1	  -50.0	 1250.0	   59.0	    0.0	    0.0	1	   63.2	 21	 1340.7	   14.1	
  138	  13.80	  -40.3	 1326.4	  -97.3	    0.0	    0.0	    0.0	    0.0	    0.0	    0.0	    0.0	    0.0	  100.0	   58.7	    0.0	    0.0	    0.0	    0.0	    5.1	  1	  -50.0	 1250.0	   58.7	    0.0	    0.0	1	   63.2	 21	 1340.2	   14.0	
  139	  13.90	  -40.3	 1326.4	  -97.3	    0.0	    0.0	    0.0	    0.0	    0.0	    0.0	    0.0	    0.0	  100.0	   58.4	    0.0	    0.0	    0.0	    0.0	    5.1	  1	  -50.0	 1250.0	   58.4	    0.0	    0.0	1	   63.2	 21	 1339.7	   14.0	
  140	  14.00	  -40.3	 1326.4	  -97.3	    0.0	    0.0	    0.0	    0.0	    0.0	    0.0	    0.0	    0.0	  100.0	   58.1	    0.0	    0.0	    0.0	    0.0	    5.1	  1	  -50.0	 1250.0	   58.1	    0.0	    0.0	1	   63.2	 21	 1339.2	   13.9	
  141	  14.10	  -40.3	 1326.4	  -97.3	    0.0	    0.0	    0.0	    0.0	    0.0	    0.0	    0.0	    0.0	  100.0	   57.8	    0.0	    0.0	    0.0	    0.0	    5.2	  1	  -50.0	 1250.0	   57.8	    0.0	    0.0	1	   63.2	 21	 1338.8	   13.9	
  142	  14.20	  -40.3	 1326.4	  -97.3	    0.0	    0.0	    0.0	    0.0	    0.0	    0.0	    0.0	    0.0	  100.0	   57.5	    0.0	    0.0	    0.0	    0.0	    5.2	  1	  -50.0	 1250.0	   57.5	    0.0	    0.0	1	   63.2	 21	 1338.3	   13.8	
  143	  14.30	  -40.3	 1326.4	  -97.3	    0.0	    0.0	    0.0	    0.0	    0.0	    0.0	    0.0	    0.0	  100.0	   57.2	    0.0	    0.0	    0.0	    0.0	    5.3	  1	  -50.0	 1250.0	   57.2	    0.0	    0.0	1	   63.2	 21	 1337.8	   13.8	
  144	  14.40	  -40.3	 1326.4	  -97.3	    0.0	    0.0	    0.0	    0.0	    0.0	    0.0	    0.0	    0.0	  100.0	   56.9	    0.0	    0.0	    0.0	    0.0	    5.3	  1	  -50.0	 1250.0	   56.9	    0.0	    0.0	1	   63.2	 21	 1337.3	   13.7	
  145	  14.50	  -40.3	 1326.4	  -97.3	    0.0	    0.0	    0.0	    0.0	    0.0	    0.0	    0.0	    0.0	  100.0	   56.6	    0.0	    0.0	    0.0	    0.0	    5.3	  1	  -50.0	 1250.0	   56.6	    0.0	    0.0	1	   63.2	 21	 1336.9	   13.7	
  146	  14.60	  -40.3	 1326.4	  -97.3	    0.0	    0.0	    0.0	    0.0	    0.0	    0.0	    0.0	    0.0	  100.0	   56.3	    0.0	    0.0	    0.0	    0.0	    5.4	  1	  -50.0	 1250.0	   56.3	    0.0	    0.0	1	   63.2	 21	 1336.4	   13.6	
  147	  14.70	  -40.3	 1326.4	  -97.3	    0.0	    0.0	    0.0	    0.0	    0.0	    0.0	    0.0	    0.0	  100.0	   56.0	    0.0	    0.0	    0.0	    0.0	    5.4	  1	  -50.0	 1250.0	   56.0	    0.0	    0.0	1	   63.2	 21	 1335.9	   13.6	
  148	  14.80	  -40.3	 1326.4	  -97.3	    0.0	    0.0	    0.0	    0.0	    0.0	    0.0	    0.0	    0.0	  100.0	   55.7	    0.0	    0.0	    0.0	    0.0	    5.4	  1	  -50.0	 1250.0	   55.7	    0.0	    0.0	1	   63.2	 21	 1335.5	   13.5	
  149	  14.90	  -40.3	 1326.4	  -97.3	    0.0	    0.0	    0.0	    0.0	    0.0	    0.0	    0.0	    0.0	  100.0	   55.4	    0.0	    0.0	    0.0	    0.0	    5.5	  1	  -50.0	 1250.0	   55.4	    0.0	    0.0	1	   63.2	 21	 1335.0	   13.5	
  150	  15.00	  -40.3	 1326.4	  -97.3	    0.0	    0.0	    0.0	    0.0	    0.0	    0.0	    0.0	    0.0	  100.0	   55.1	    0.0	    0.0	    0.0	    0.0	    5.5	  1	  -50.0	 1250.0	   55.1	    0.0	    0.0	1	   63.2	 21	 1334.5	   13.5	
  151	  15.10	  -40.3	 1326.4	  -97.3	    0.0	    0.0	    0.0	    0.0	    0.0	    0.0	    0.0	    0.0	  100.0	   54.8	    0.0	    0.0	    0.0	    0.0	    5.5	  1	  -50.0	 1250.0	   54.8	    0.0	    0.0	1	   63.2	 21	 1334.0	   13.4	
  152	  15.20	  -40.3	 1326.4	  -97.3	    0.0	    0.0	    0.0	    0.0	    0.0	    0.0	    0.0	    0.0	  100.0	   54.5	    0.0	    0.0	    0.0	    0.0	    5.6	  1	  -50.0	 1250.0	   54.5	    0.0	    0.0	1	   63.2	 21	 1333.6	   13.4	
  153	  15.30	  -40.3	 1326.4	  -97.3	    0.0	    0.0	    0.0	    0.0	    0.0	    0.0	    0.0	    0.0	  100.0	   54.2	    0.0	    0.0	    0.0	    0.0	    5.6	  1	  -50.0	 1250.0	   54.2	    0.0	    0.0	1	   63.2	 21	 1333.1	   13.3	
  154	  15.40	  -40.3	 1326.4	  -97.3	    0.0	    0.0	    0.0	    0.0	    0.0	    0.0	    0.0	    0.0	  100.0	   53.9	    0.0	    0.0	    0.0	    0.0	    5.7	  1	  -50.0	 1250.0	   53.9	    0.0	    0.0	1	   63.2	 21	 1332.6	   13.3	
  155	  15.50	  -40.3	 1326.4	  -97.3	    0.0	    0.0	    0.0	    0.0	    0.0	    0.0	    0.0	    0.0	  100.0	   53.6	    0.0	    0.0	    0.0	    0.0	    5.7	  1	  -50.0	 1250.0	   53.6	    0.0	    0.0	1	   63.2	 21	 1332.2	   13.2	
  156	  15.60	  -40.3	 1326.4	  -97.3	    0.0	    0.0	    0.0	    0.0	    0.0	    0.0	    0.0	    0.0	  100.0	   53.2	    0.0	    0.0	    0.0	    0.0	    5.7	  1	  -50.0	 1250.0	   53.2	    0.0	    0.0	1	   63.2	 21	 1331.7	   13.2	
  157	  15.70	  -40.3	 1326.4	  -97.3	    0.0	    0.0	    0.0	    0.0	    0.0	    0.0	    0.0	    0.0	  100.0	   52.9	    0.0	    0.0	    0.0	    0.0	    5.8	  1	  -50.0	 1250.0	   52.9	    0.0	    0.0	1	   63.2	 21	 1331.2	   13.1	
  158	  15.80	  -40.3	 1326.4	  -97.3	    0.0	    0.0	    0.0	    0.0	    0.0	    0.0	    0.0	    0.0	  100.0	   52.6	    0.0	    0.0	    0.0	    0.0	    5.8	  1	  -50.0	 1250.0	   52.6	    0.0	    0.0	1	   63.2	 21	 1330.7	   13.1	
  159	  15.90	  -40.3	 1326.4	  -97.3	    0.0	    0.0	    0.0	    0.0	    0.0	    0.0	    0.0	    0.0	  100.0	   52.3	    0.0	    0.0	    0.0	    0.0	    5.8	  1	  -50.0	 1250.0	   52.3	    0.0	    0.0	1	   63.2	 21	 1330.3	   13.0	
  160	  16.00	  -40.3	 1326.4	  -97.3	    0.0	    0.0	    0.0	    0.0	    0.0	    0.0	    0.0	    0.0	  100.0	   52.0	    0.0	    0.0	    0.0	    0.0	    5.9	  1	  -50.0	 1250.0	   52.0	    0.0	    0.0	1	   63.2	 21	 1329.8	   13.0	
  161	  16.10	  -40.3	 1326.4	  -97.3	    0.0	    0.0	    0.0	    0.0	    0.0	    0.0	    0.0	    0.0	  100.0	   51.7	    0.0	    0.0	    0.0	    0.0	    5.9	  1	  -50.0	 1250.0	   51.7	    0.0	    0.0	1	   63.2	 21	 1329.3	   12.9	
  162	  16.20	  -40.3	 1326.4	  -97.3	    0.0	    0.0	    0.0	    0.0	    0.0	    0.0	    0.0	    0.0	  100.0	   51.4	    0.0	    0.0	    0.0	    0.0	    6.0	  1	  -50.0	 1250.0	   51.4	    0.0	    0.0	1	   63.2	 21	 1328.8	   12.9	
  163	  16.30	  -40.3	 1326.4	  -97.3	    0.0	    0.0	    0.0	    0.0	    0.0	    0.0	    0.0	    0.0	  100.0	   51.1	    0.0	    0.0	    0.0	    0.0	    6.0	  1	  -50.0	 1250.0	   51.1	    0.0	    0.0	1	   63.2	 21	 1328.4	   12.8	
  164	  16.40	  -40.3	 1326.4	  -97.3	    0.0	    0.0	    0.0	    0.0	    0.0	    0.0	    0.0	    0.0	  100.0	   50.8	    0.0	    0.0	    0.0	    0.0	    6.0	  1	  -50.0	 1250.0	   50.8	    0.0	    0.0	1	   63.2	 21	 1327.9	   12.8	
  165	  16.50	  -40.3	 1326.4	  -97.3	    0.0	    0.0	    0.0	    0.0	    0.0	    0.0	    0.0	    0.0	  100.0	   50.5	    0.0	    0.0	    0.0	    0.0	    6.1	  1	  -50.0	 1250.0	   50.5	    0.0	    0.0	1	   63.2	 21	 1327.4	   12.7	
  166	  16.60	  -40.3	 1326.4	  -97.3	    0.0	    0.0	    0.0	    0.0	    0.0	    0.0	    0.0	    0.0	  100.0	   50.2	    0.0	    0.0	    0.0	    0.0	    6.1	  1	  -50.0	 1250.0	   50.2	    0.0	    0.0	1	   63.2	 21	 1327.0	   12.7	
  167	  16.70	  -40.3	 1326.4	  -97.3	    0.0	    0.0	    0.0	    0.0	    0.0	    0.0	    0.0	    0.0	  100.0	   49.9	    0.0	    0.0	    0.0	    0.0	    6.1	  1	  -50.0	 1250.0	   49.9	    0.0	    0.0	1	   63.2	 21	 1326.5	   12.6	
  168	  16.80	  -40.3	 1326.4	  -97.3	    0.0	    0.0	    0.0	    0.0	    0.0	    0.0	    0.0	    0.0	  100.0	   49.6	    0.0	    0.0	    0.0	    0.0	    6.2	  1	  -50.0	 1250.0	   49.6	    0.0	    0.0	1	   63.2	 21	 1326.0	   12.6	
  169	  16.90	  -40.3	 1326.4	  -97.3	    0.0	    0.0	    0.0	    0.0	    0.0	    0.0	    0.0	    0.0	  100.0	   49.3	    0.0	    0.0	    0.0	    0.0	    6.2	  1	  -50.0	 1250.0	   49.3	    0.0	    0.0	1	   63.2	 21	 1325.5	   12.6	
  170	  17.00	  -40.3	 1326.4	  -97.3	    0.0	    0.0	    0.0	    0.0	    0.0	    0.0	    0.0	    0.0	  100.0	   49.0	    0.0	    0.0	    0.0	    0.0	    6.2	  1	  -50.0	 1250.0	   49.0	    0.0	    0.0	1	   63.2	 21	 1325.1	   12.5	
  171	  17.10	  -40.3	 1326.4	  -97.3	    0.0	    0.0	    0.0	    0.0	    0.0	    0.0	    0.0	    0.0	  100.0	   48.7	    0.0	    0.0	    0.0	    0.0	    6.3	  1	  -50.0	 1250.0	   48.7	    0.0	    0.0	1	   63.2	 21	 1324.6	   12.5	
  172	  17.20	  -40.3	 1326.4	  -97.3	    0.0	    0.0	    0.0	    0.0	    0.0	    0.0	    0.0	    0.0	  100.0	   48.4	    0.0	    0.0	    0.0	    0.0	    6.3	  1	  -50.0	 1250.0	   48.4	    0.0	    0.0	1	   63.2	 21	 1324.1	   12.4	
  173	  17.30	  -40.3	 1326.4	  -97.3	    0.0	    0.0	    0.0	    0.0	    0.0	    0.0	    0.0	    0.0	  100.0	   48.1	    0.0	    0.0	    0.0	    0.0	    6.4	  1	  -50.0	 1250.0	   48.1	    0.0	    0.0	1	   63.2	 21	 1323.6	   12.4	
  174	  17.40	  -40.3	 1326.4	  -97.3	    0.0	    0.0	    0.0	    0.0	    0.0	    0.0	    0.0	    0.0	  100.0	   47.8	    0.0	    0.0	    0.0	    0.0	    6.4	  1	  -50.0	 1250.0	   47.8	    0.0	    0.0	1	   63.2	 21	 1323.2	   12.3	
  175	  17.50	  -40.3	 1326.4	  -97.3	    0.0	    0.0	    0.0	    0.0	    0.0	    0.0	    0.0	    0.0	  100.0	   47.5	    0.0	    0.0	    0.0	    0.0	    6.4	  1	  -50.0	 1250.0	   47.5	    0.0	    0.0	1	   63.2	 21	 1322.7	   12.3	
  176	  17.60	  -40.3	 1326.4	  -97.3	    0.0	    0.0	    0.0	    0.0	    0.0	    0.0	    0.0	    0.0	  100.0	   47.2	    0.0	    0.0	    0.0	    0.0	    6.5	  1	  -50.0	 1250.0	   47.2	    0.0	    0.0	1	   63.2	 21	 1322.2	   12.2	
  177	  17.70	  -40.3	 1326.4	  -97.3	    0.0	    0.0	    0.0	    0.0	    0.0	    0.0	    0.0	    0.0	  100.0	   46.9	    0.0	    0.0	    0.0	    0.0	    6.5	  1	  -50.0	 1250.0	   46.9	    0.0	    0.0	1	   63.2	 21	 1321.8	   12.2	
  178	  17.80	  -40.3	 1326.4	  -97.3	    0.0	    0.0	    0.0	    0.0	    0.0	    0.0	    0.0	    0.0	  100.0	   46.6	    0.0	    0.0	    0.0	    0.0	    6.5	  1	  -50.0	 1250.0	   46.6	    0.0	    0.0	1	   63.2	 21	 1321.3	   12.1	
  179	  17.90	  -40.3	 1326.4	  -97.3	    0.0	    0.0	    0.0	    0.0	    0.0	    0.0	    0.0	    0.0	  100.0	   46.3	    0.0	    0.0	    0.0	    0.0	    6.6	  1	  -50.0	 1250.0	   46.3	    0.0	    0.0	1	   63.2	 21	 1320.8	   12.1	
  180	  18.00	  -40.3	 1326.4	  -97.3	    0.0	    0.0	    0.0	    0.0	    0.0	    0.0	    0.0	    0.0	  100.0	   46.0	    0.0	    0.0	    0.0	    0.0	    6.6	  1	  -50.0	 1250.0	   46.0	    0.0	    0.0	1	   63.2	 21	 1320.3	   12.0	
  181	  18.10	  -40.3	 1326.4	  -97.3	    0.0	    0.0	    0.0	    0.0	    0.0	    0.0	    0.0	    0.0	  100.0	   45.7	    0.0	    0.0	    0.0	    0.0	    6.7	  1	  -50.0	 1250.0	   45.7	    0.0	    0.0	1	   63.2	 21	 1319.9	   12.0	
  182	  18.20	  -40.3	 1326.4	  -97.3	    0.0	    0.0	    0.0	    0.0	    0.0	    0.0	    0.0	    0.0	  100.0	   45.4	    0.0	    0.0	    0.0	    0.0	    6.7	  1	  -50.0	 1250.0	   45.4	    0.0	    0.0	1	   63.2	 21	 1319.4	   11.9	
  183	  18.30	  -40.3	 1326.4	  -97.3	    0.0	    0.0	    0.0	    0.0	    0.0	    0.0	    0.0	    0.0	  100.0	   45.1	    0.0	    0.0	    0.0	    0.0	    6.7	  1	  -50.0	 1250.0	   45.1	    0.0	    0.0	1	   63.2	 21	 1318.9	   11.9	
  184	  18.40	  -40.3	 1326.4	  -97.3	    0.0	    0.0	    0.0	    0.0	    0.0	    0.0	    0.0	    0.0	  100.0	   44.8	    0.0	    0.0	    0.0	    0.0	    6.8	  1	  -50.0	 1250.0	   44.8	    0.0	    0.0	1	   63.2	 21	 1318.5	   11.8	
  185	  18.50	  -40.3	 1326.4	  -97.3	    0.0	    0.0	    0.0	    0.0	    0.0	    0.0	    0.0	    0.0	  100.0	   44.5	    0.0	    0.0	    0.0	    0.0	    6.8	  1	  -50.0	 1250.0	   44.5	    0.0	    0.0	1	   63.2	 21	 1318.0	   11.8	
  186	  18.60	  -40.3	 1326.4	  -97.3	    0.0	    0.0	    0.0	    0.0	    0.0	    0.0	    0.0	    0.0	  100.0	   44.2	    0.0	    0.0	    0.0	    0.0	    6.8	  1	  -50.0	 1250.0	   44.2	    0.0	    0.0	1	   63.2	 21	 1317.5	   11.8	
  187	  18.70	  -40.3	 1326.4	  -97.3	    0.0	    0.0	    0.0	    0.0	    0.0	    0.0	    0.0	    0.0	  100.0	   43.9	    0.0	    0.0	    0.0	    0.0	    6.9	  1	  -50.0	 1250.0	   43.9	    0.0	    0.0	1	   63.2	 21	 1317.0	   11.7	
  188	  18.80	  -40.3	 1326.4	  -97.3	    0.0	    0.0	    0.0	    0.0	    0.0	    0.0	    0.0	    0.0	  100.0	   43.6	    0.0	    0.0	    0.0	    0.0	    6.9	  1	  -50.0	 1250.0	   43.6	    0.0	    0.0	1	   63.2	 21	 1316.6	   11.7	
  189	  18.90	  -40.3	 1326.4	  -97.3	    0.0	    0.0	    0.0	    0.0	    0.0	    0.0	    0.0	    0.0	  100.0	   43.3	    0.0	    0.0	    0.0	    0.0	    6.9	  1	  -50.0	 1250.0	   43.3	    0.0	    0.0	1	   63.2	 21	 1316.1	   11.6	
  190	  19.00	  -40.3	 1326.4	  -97.3	    0.0	    0.0	    0.0	    0.0	    0.0	    0.0	    0.0	    0.0	  100.0	   43.0	    0.0	    0.0	    0.0	    0.0	    7.0	  1	  -50.0	 1250.0	   43.0	    0.0	    0.0	1	   63.2	 21	 1315.6	   11.6	
  191	  19.10	  -40.3	 1326.4	  -97.3	    0.0	    0.0	    0.0	    0.0	    0.0	    0.0	    0.0	    0.0	  100.0	   42.7	    0.0	    0.0	    0.0	    0.0	    7.0	  1	  -50.0	 1250.0	   42.7	    0.0	    0.0	1	   63.2	 21	 1315.1	   11.5	
  192	  19.20	  -40.3	 1326.4	  -97.3	    0.0	    0.0	    0.0	    0.0	    0.0	    0.0	    0.0	    0.0	  100.0	   42.4	    0.0	    0.0	    0.0	    0.0	    7.1	  1	  -50.0	 1250.0	   42.4	    0.0	    0.0	1	   63.2	 21	 1314.7	   11.5	
  193	  19.30	  -40.3	 1326.4	  -97.3	    0.0	    0.0	    0.0	    0.0	    0.0	    0.0	    0.0	    0.0	  100.0	   42.1	    0.0	    0.0	    0.0	    0.0	    7.1	  1	  -50.0	 1250.0	   42.1	    0.0	    0.0	1	   63.2	 21	 1314.2	   11.4	
  194	  19.40	  -40.3	 1326.4	  -97.3	    0.0	    0.0	    0.0	    0.0	    0.0	    0.0	    0.0	    0.0	  100.0	   41.8	    0.0	    0.0	    0.0	    0.0	    7.1	  1	  -50.0	 1250.0	   41.8	    0.0	    0.0	1	   63.2	 21	 1313.7	   11.4	
  195	  19.50	  -40.3	 1326.4	  -97.3	    0.0	    0.0	    0.0	    0.0	    0.0	    0.0	    0.0	    0.0	  100.0	   41.5	    0.0	    0.0	    0.0	    0.0	    7.2	  1	  -50.0	 1250.0	   41.5	    0.0	    0.0	1	   63.2	 21	 1313.3	   11.3	
  196	  19.60	  -40.3	 1326.4	  -97.3	    0.0	    0.0	    0.0	    0.0	    0.0	    0.0	    0.0	    0.0	  100.0	   41.2	    0.0	    0.0	    0.0	    0.0	    7.2	  1	  -50.0	 1250.0	   41.2	    0.0	    0.0	1	   63.2	 21	 1312.8	   11.3	
  197	  19.70	  -40.3	 1326.4	  -97.3	    0.0	    0.0	    0.0	    0.0	    0.0	    0.0	    0.0	    0.0	  100.0	   40.8	    0.0	    0.0	    0.0	    0.0	    7.2	  1	  -50.0	 1250.0	   40.8	    0.0	    0.0	1	   63.2	 21	 1312.3	   11.2	
  198	  19.80	  -40.3	 1326.4	  -97.3	    0.0	    0.0	    0.0	    0.0	    0.0	    0.0	    0.0	    0.0	  100.0	   40.5	    0.0	    0.0	    0.0	    0.0	    7.3	  1	  -50.0	 1250.0	   40.5	    0.0	    0.0	1	   63.2	 21	 1311.8	   11.2	
  199	  19.90	  -40.3	 1326.4	  -97.3	    0.0	    0.0	    0.0	    0.0	    0.0	    0.0	    0.0	    0.0	  100.0	   40.2	    0.0	    0.0	    0.0	    0.0	    7.3	  1	  -50.0	 1250.0	   40.2	    0.0	    0.0	1	   63.2	 21	 1311.4	   11.1	
  200	  20.00	  -40.3	 1326.4	  -97.3	    0.0	    0.0	    0.0	    0.0	    0.0	    0.0	    0.0	    0.0	  100.0	   39.9	    0.0	    0.0	    0.0	    0.0	    7.4	  1	  -50.0	 1250.0	   39.9	    0.0	    0.0	1	   63.2	 21	 1310.9	   11.1	
  201	  20.10	  -40.3	 1326.4	  -97.3	    0.0	    0.0	    0.0	    0.0	    0.0	    0.0	    0.0	    0.0	  100.0	   39.6	    0.0	    0.0	    0.0	    0.0	    7.4	  1	  -50.0	 1250.0	   39.6	    0.0	    0.0	1	   63.2	 21	 1310.4	   11.0	
  202	  20.20	  -40.3	 1326.4	  -97.3	    0.0	    0.0	    0.0	    0.0	    0.0	    0.0	    0.0	    0.0	  100.0	   39.3	    0.0	    0.0	    0.0	    0.0	    7.4	  1	  -50.0	 1250.0	   39.3	    0.0	    0.0	1	   63.2	 21	 1309.9	   11.0	
  203	  20.30	  -40.3	 1326.4	  -97.3	    0.0	    0.0	    0.0	    0.0	    0.0	    0.0	    0.0	    0.0	  100.0	   39.0	    0.0	    0.0	    0.0	    0.0	    7.5	  1	  -50.0	 1250.0	   39.0	    0.0	    0.0	1	   63.2	 21	 1309.5	   10.9	
  204	  20.40	  -40.3	 1326.4	  -97.3	    0.0	    0.0	    0.0	    0.0	    0.0	    0.0	    0.0	    0.0	  100.0	   38.7	    0.0	    0.0	    0.0	    0.0	    7.5	  1	  -50.0	 1250.0	   38.7	    0.0	    0.0	1	   63.2	 21	 1309.0	   10.9	
  205	  20.50	  -40.3	 1326.4	  -97.3	    0.0	    0.0	    0.0	    0.0	    0.0	    0.0	    0.0	    0.0	  100.0	   38.4	    0.0	    0.0	    0.0	    0.0	    7.5	  1	  -50.0	 1250.0	   38.4	    0.0	    0.0	1	   63.2	 21	 1308.5	   10.9	
  206	  20.60	  -40.3	 1326.4	  -97.3	    0.0	    0.0	    0.0	    0.0	    0.0	    0.0	    0.0	    0.0	  100.0	   38.1	    0.0	    0.0	    0.0	    0.0	    7.6	  1	  -50.0	 1250.0	   38.1	    0.0	    0.0	1	   63.2	 21	 1308.1	   10.8	
  207	  20.70	  -40.3	 1326.4	  -97.3	    0.0	    0.0	    0.0	    0.0	    0.0	    0.0	    0.0	    0.0	  100.0	   37.8	    0.0	    0.0	    0.0	    0.0	    7.6	  1	  -50.0	 1250.0	   37.8	    0.0	    0.0	1	   63.2	 21	 1307.6	   10.8	
  208	  20.80	  -40.3	 1326.4	  -97.3	    0.0	    0.0	    0.0	    0.0	    0.0	    0.0	    0.0	    0.0	  100.0	   37.5	    0.0	    0.0	    0.0	    0.0	    7.6	  1	  -50.0	 1250.0	   37.5	    0.0	    0.0	1	   63.2	 21	 1307.1	   10.7	
  209	  20.90	  -40.3	 1326.4	  -97.3	    0.0	    0.0	    0.0	    0.0	    0.0	    0.0	    0.0	    0.0	  100.0	   37.2	    0.0	    0.0	    0.0	    0.0	    7.7	  1	  -50.0	 1250.0	   37.2	    0.0	    0.0	1	   63.2	 21	 1306.6	   10.7	
  210	  21.00	  -40.3	 1326.4	  -97.3	    0.0	    0.0	    0.0	    0.0	    0.0	    0.0	    0.0	    0.0	  100.0	   36.9	    0.0	    0.0	    0.0	    0.0	    7.7	  1	  -50.0	 1250.0	   36.9	    0.0	    0.0	1	   63.2	 21	 1306.2	   10.6	
  211	  21.10	  -40.3	 1326.4	  -97.3	    0.0	    0.0	    0.0	    0.0	    0.0	    0.0	    0.0	    0.0	  100.0	   36.6	    0.0	    0.0	    0.0	    0.0	    7.8	  1	  -50.0	 1250.0	   36.6	    0.0	    0.0	1	   63.2	 21	 1305.7	   10.6	
  212	  21.20	  -40.3	 1326.4	  -97.3	    0.0	    0.0	    0.0	    0.0	    0.0	    0.0	    0.0	    0.0	  100.0	   36.3	    0.0	    0.0	    0.0	    0.0	    7.8	  1	  -50.0	 1250.0	   36.3	    0.0	    0.0	1	   63.2	 21	 1305.2	   10.5	
  213	  21.30	  -40.3	 1326.4	  -97.3	    0.0	    0.0	    0.0	    0.0	    0.0	    0.0	    0.0	    0.0	  100.0	   36.0	    0.0	    0.0	    0.0	    0.0	    7.8	  1	  -50.0	 1250.0	   36.0	    0.0	    0.0	1	   63.2	 21	 1304.8	   10.5	
  214	  21.40	  -40.3	 1326.4	  -97.3	    0.0	    0.0	    0.0	    0.0	    0.0	    0.0	    0.0	    0.0	  100.0	   35.7	    0.0	    0.0	    0.0	    0.0	    7.9	  1	  -50.0	 1250.0	   35.7	    0.0	    0.0	1	   63.2	 21	 1304.3	   10.4	
  215	  21.50	  -40.3	 1326.4	  -97.3	    0.0	    0.0	    0.0	    0.0	    0.0	    0.0	    0.0	    0.0	  100.0	   35.4	    0.0	    0.0	    0.0	    0.0	    7.9	  1	  -50.0	 1250.0	   35.4	    0.0	    0.0	1	   63.2	 21	 1303.8	   10.4	
  216	  21.60	  -40.3	 1326.4	  -97.3	    0.0	    0.0	    0.0	    0.0	    0.0	    0.0	    0.0	    0.0	  100.0	   35.1	    0.0	    0.0	    0.0	    0.0	    7.9	  1	  -50.0	 1250.0	   35.1	    0.0	    0.0	1	   63.2	 21	 1303.3	   10.3	
  217	  21.70	  -40.3	 1326.4	  -97.3	    0.0	    0.0	    0.0	    0.0	    0.0	    0.0	    0.0	    0.0	  100.0	   34.8	    0.0	    0.0	    0.0	    0.0	    8.0	  1	  -50.0	 1250.0	   34.8	    0.0	    0.0	1	   63.2	 21	 1302.9	   10.3	
  218	  21.80	  -40.3	 1326.4	  -97.3	    0.0	    0.0	    0.0	    0.0	    0.0	    0.0	    0.0	    0.0	  100.0	   34.5	    0.0	    0.0	    0.0	    0.0	    8.0	  1	  -50.0	 1250.0	   34.5	    0.0	    0.0	1	   63.2	 21	 1302.4	   10.2	
  219	  21.90	  -40.3	 1326.4	  -97.3	    0.0	    0.0	    0.0	    0.0	    0.0	    0.0	    0.0	    0.0	  100.0	   34.2	    0.0	    0.0	    0.0	    0.0	    8.1	  1	  -50.0	 1250.0	   34.2	    0.0	    0.0	1	   63.2	 21	 1301.9	   10.2	
  220	  22.00	  -40.3	 1326.4	  -97.3	    0.0	    0.0	    0.0	    0.0	    0.0	    0.0	    0.0	    0.0	  100.0	   33.9	    0.0	    0.0	    0.0	    0.0	    8.1	  1	  -50.0	 1250.0	   33.9	    0.0	    0.0	1	   63.2	 21	 1301.4	   10.1	
  221	  22.10	  -40.3	 1326.4	  -97.3	    0.0	    0.0	    0.0	    0.0	    0.0	    0.0	    0.0	    0.0	  100.0	   33.6	    0.0	    0.0	    0.0	    0.0	    8.1	  1	  -50.0	 1250.0	   33.6	    0.0	    0.0	1	   63.2	 21	 1301.0	   10.1	
  222	  22.20	  -40.3	 1326.4	  -97.3	    0.0	    0.0	    0.0	    0.0	    0.0	    0.0	    0.0	    0.0	  100.0	   33.3	    0.0	    0.0	    0.0	    0.0	    8.2	  1	  -50.0	 1250.0	   33.3	    0.0	    0.0	1	   63.2	 21	 1300.5	   10.1	
  223	  22.30	  -40.3	 1326.4	  -97.3	    0.0	    0.0	    0.0	    0.0	    0.0	    0.0	    0.0	    0.0	  100.0	   33.0	    0.0	    0.0	    0.0	    0.0	    8.2	  1	  -50.0	 1250.0	   33.0	    0.0	    0.0	1	   63.2	 21	 1300.0	   10.0	
  224	  22.40	  -40.3	 1326.4	  -97.3	    0.0	    0.0	    0.0	    0.0	    0.0	    0.0	    0.0	    0.0	  100.0	   32.7	    0.0	    0.0	    0.0	    0.0	    8.2	  1	  -50.0	 1250.0	   32.7	    0.0	    0.0	1	   63.2	 21	    0.0	   10.0	
  225	  22.50	  -40.3	 1326.4	  -97.3	    0.0	    0.0	    0.0	    0.0	    0.0	    0.0	    0.0	    0.0	  100.0	   32.4	    0.0	    0.0	    0.0	    0.0	    8.3	  1	  -50.0	 1250.0	   32.4	    0.0	    0.0	1	   63.2	 21	    0.0	    9.9	
  226	  22.60	  -40.3	 1326.4	  -97.3	    0.0	    0.0	    0.0	    0.0	    0.0	    0.0	    0.0	    0.0	  100.0	   32.1	    0.0	    0.0	    0.0	    0.0	    8.3	  1	  -50.0	 1250.0	   32.1	    0.0	    0.0	1	   63.2	 21	    0.0	    9.9	
  227	  22.70	  -40.3	 1326.4	  -97.3	    0.0	    0.0	    0.0	    0.0	    0.0	    0.0	    0.0	    0.0	  100.0	   31.8	    0.0	    0.0	    0.0	    0.0	    8.3	  1	  -50.0	 1250.0	   31.8	    0.0	    0.0	1	   63.2	 21	    0.0	    9.8	
  228	  22.80	  -40.3	 1326.4	  -97.3	    0.0	    0.0	    0.0	    0.0	    0.0	    0.0	    0.0	    0.0	  100.0	   31.5	    0.0	    0.0	    0.0	    0.0	    8.4	  1	  -50.0	 1250.0	   31.5	    0.0	    0.0	1	   63.2	 21	    0.0	    9.8	
  229	  22.90	  -40.3	 1326.4	  -97.3	    0.0	    0.0	    0.0	    0.0	    0.0	    0.0	    0.0	    0.0	  100.0	   31.2	    0.0	    0.0	    0.0	    0.0	    8.4	  1	  -50.0	 1250.0	   31.2	    0.0	    0.0	1	   63.2	 21	    0.0	    9.7	
  230	  23.00	  -40.3	 1326.4	  -97.3	    0.0	    0.0	    0.0	    0.0	    0.0	    0.0	    0.0	    0.0	  100.0	   30.9	    0.0	    0.0	    0.0	    0.0	    8.5	  1	  -50.0	 1250.0	   30.9	    0.0	    0.0	1	   63.2	 21	    0.0	    9.7	
  231	  23.10	  -40.3	 1326.4	  -97.3	    0.0	    0.0	    0.0	    0.0	    0.0	    0.0	    0.0	    0.0	  100.0	   30.6	    0.0	    0.0	    0.0	    0.0	    8.5	  1	  -50.0	 1250.0	   30.6	    0.0	    0.0	1	   63.2	 21	    0.0	    9.6	
  232	  23.20	  -40.3	 1326.4	  -97.3	    0.0	    0.0	    0.0	    0.0	    0.0	    0.0	    0.0	    0.0	  100.0	   30.3	    0.0	    0.0	    0.0	    0.0	    8.5	  1	  -50.0	 1250.0	   30.3	    0.0	    0.0	1	   63.2	 21	    0.0	    9.6	
  233	  23.30	  -40.3	 1326.4	  -97.3	    0.0	    0.0	    0.0	    0.0	    0.0	    0.0	    0.0	    0.0	  100.0	   30.0	    0.0	    0.0	    0.0	    0.0	    8.6	  1	  -50.0	 1250.0	   30.0	    0.0	    0.0	1	   63.2	 21	    0.0	    9.5	
  234	  23.40	  -40.3	 1326.4	  -97.3	    0.0	    0.0	    0.0	    0.0	    0.0	    0.0	    0.0	    0.0	  100.0	   29.7	    0.0	    0.0	    0.0	    0.0	    8.6	  1	  -50.0	 1250.0	   29.7	    0.0	    0.0	1	   63.2	 21	    0.0	    9.5	
  235	  23.50	  -40.3	 1326.4	  -97.3	    0.0	    0.0	    0.0	    0.0	    0.0	    0.0	    0.0	    0.0	  100.0	   29.4	    0.0	    0.0	    0.0	    0.0	    8.6	  1	  -50.0	 1250.0	   29.4	    0.0	    0.0	1	   63.2	 21	    0.0	    9.4	
  236	  23.60	  -40.3	 1326.4	  -97.3	    0.0	    0.0	    0.0	    0.0	    0.0	    0.0	    0.0	    0.0	  100.0	   29.1	    0.0	    0.0	    0.0	    0.0	    8.7	  1	  -50.0	 1250.0	   29.1	    0.0	    0.0	1	   63.2	 21	    0.0	    9.4	
  237	  23.70	  -40.3	 1326.4	  -97.3	    0.0	    0.0	    0.0	    0.0	    0.0	    0.0	    0.0	    0.0	  100.0	   28.8	    0.0	    0.0	    0.0	    0.0	    8.7	  1	  -50.0	 1250.0	   28.8	    0.0	    0.0	1	   63.2	 21	    0.0	    9.3	
  238	  23.80	  -40.3	 1326.4	  -97.3	    0.0	    0.0	    0.0	    0.0	    0.0	    0.0	    0.0	    0.0	  100.0	   28.4	    0.0	    0.0	    0.0	    0.0	    8.8	  1	  -50.0	 1250.0	   28.4	    0.0	    0.0	1	   63.2	 21	    0.0	    9.3	
  239	  23.90	  -40.3	 1326.4	  -97.3	    0.0	    0.0	    0.0	    0.0	    0.0	    0.0	    0.0	    0.0	  100.0	   28.1	    0.0	    0.0	    0.0	    0.0	    8.8	  1	  -50.0	 1250.0	   28.1	    0.0	    0.0	1	   63.2	 21	    0.0	    9.2	
  240	  24.00	  -40.3	 1326.4	  -97.3	    0.0	    0.0	    0.0	    0.0	    0.0	    0.0	    0.0	    0.0	  100.0	   27.8	    0.0	    0.0	    0.0	    0.0	    8.8	  1	  -50.0	 1250.0	   27.8	    0.0	    0.0	1	   63.2	 21	    0.0	    9.2	
  241	  24.10	  -40.3	 1326.4	  -97.3	    0.0	    0.0	    0.0	    0.0	    0.0	    0.0	    0.0	    0.0	  100.0	   27.5	    0.0	    0.0	    0.0	    0.0	    8.9	  1	  -50.0	 1250.0	   27.5	    0.0	    0.0	1	   63.2	 21	    0.0	    9.2	
  242	  24.20	  -40.3	 1326.4	  -97.3	    0.0	    0.0	    0.0	    0.0	    0.0	    0.0	    0.0	    0.0	  100.0	   27.2	    0.0	    0.0	    0.0	    0.0	    8.9	  1	  -50.0	 1250.0	   27.2	    0.0	    0.0	1	   63.2	 21	    0.0	    9.1	
