    1	   6.78	    0.0	 1500.0	    0.0	    0.0	 1500.0	    0.0	  200.0	    0.0	 1500.0	    0.0	  200.0	  100.0	   99.7	    0.0	    0.0	    0.0	    0.0	    0.1	  1	 -750.0	 1550.0	   99.7	    0.0	    0.0	1	  521.5	 21	    0.0	    7.7	
    2	   6.88	    0.0	 1500.0	    0.0	    0.0	 1500.0	    0.0	  200.0	    0.0	 1500.0	    0.0	  200.0	  100.0	   99.2	    0.0	    0.0	    0.0	    0.0	    0.1	  1	 -750.0	 1550.0	   99.2	    0.0	    0.0	1	  396.2	 21	 1305.5	   10.5	
    3	   6.98	    0.0	 1500.0	    0.0	    0.0	 1500.0	    0.0	  200.0	    0.0	 1500.0	    0.0	  200.0	  100.0	   98.7	    0.0	    0.0	    0.0	    0.0	    0.2	  1	 -750.0	 1550.0	   98.7	    0.0	    0.0	1	  395.8	 21	 1305.2	   10.5	
    4	   7.08	    0.0	 1500.0	    0.0	    0.0	 1500.0	    0.0	  200.0	    0.0	 1500.0	    0.0	  200.0	  100.0	   98.2	    0.0	    0.0	    0.0	    0.0	    0.3	  1	 -750.0	 1550.0	   98.2	    0.0	    0.0	1	  395.3	 21	 1304.9	   10.5	
    5	   7.18	    0.0	 1500.0	    0.0	    0.0	 1500.0	    0.0	  200.0	    0.0	 1500.0	    0.0	  200.0	  100.0	   97.7	    0.0	    0.0	    0.0	    0.0	    0.3	  1	 -750.0	 1550.0	   97.7	    0.0	    0.0	1	  394.9	 21	 1304.6	   10.5	
    6	   7.28	    0.0	 1500.0	    0.0	    0.0	 1500.0	    0.0	  200.0	    0.0	 1500.0	    0.0	  200.0	  100.0	   97.2	    0.0	    0.0	    0.0	    0.0	    0.4	  1	 -750.0	 1550.0	   97.2	    0.0	    0.0	1	  394.4	 21	 1304.3	   10.4	
    7	   7.38	    0.0	 1500.0	    0.0	    0.0	 1500.0	    0.0	  200.0	    0.0	 1500.0	    0.0	  200.0	  100.0	   96.7	    0.0	    0.0	    0.0	    0.0	    0.5	  1	 -750.0	 1550.0	   96.7	    0.0	    0.0	1	  394.0	 21	 1304.1	   10.4	
    8	   7.48	    0.0	 1500.0	    0.0	    0.0	 1500.0	    0.0	  200.0	    0.0	 1500.0	    0.0	  200.0	  100.0	   96.2	    0.0	    0.0	    0.0	    0.0	    0.5	  1	 -750.0	 1550.0	   96.2	    0.0	    0.0	1	  393.5	 21	 1303.8	   10.4	
    9	   7.58	    0.0	 1500.0	    0.0	    0.0	 1500.0	    0.0	  200.0	    0.0	 1500.0	    0.0	  200.0	  100.0	   95.7	    0.0	    0.0	    0.0	    0.0	    0.6	  1	 -750.0	 1550.0	   95.7	    0.0	    0.0	1	  393.1	 21	 1303.5	   10.3	
   10	   7.68	    0.0	 1500.0	    0.0	    0.0	 1500.0	    0.0	  200.0	    0.0	 1500.0	    0.0	  200.0	  100.0	   95.2	    0.0	    0.0	    0.0	    0.0	    0.7	  1	 -750.0	 1550.0	   95.2	    0.0	    0.0	1	  392.6	 21	 1303.2	   10.3	
   11	   7.78	    0.0	 1500.0	    0.0	    0.0	 1500.0	    0.0	  200.0	    0.0	 1500.0	    0.0	  200.0	  100.0	   94.7	    0.0	    0.0	    0.0	    0.0	    0.7	  1	 -750.0	 1550.0	   94.7	    0.0	    0.0	1	  392.2	 21	 1302.9	   10.3	
   12	   7.88	    0.0	 1500.0	    0.0	    0.0	 1500.0	    0.0	  200.0	    0.0	 1500.0	    0.0	  200.0	  100.0	   94.2	    0.0	    0.0	    0.0	    0.0	    0.8	  1	 -750.0	 1550.0	   94.2	    0.0	    0.0	1	  391.7	 21	 1302.6	   10.3	
   13	   7.98	    0.0	 1500.0	    0.0	    0.0	 1500.0	    0.0	  200.0	    0.0	 1500.0	    0.0	  200.0	  100.0	   93.7	    0.0	    0.0	    0.0	    0.0	    0.9	  1	 -750.0	 1550.0	   93.7	    0.0	    0.0	1	  391.2	 21	 1302.4	   10.2	
   14	   8.08	    0.0	 1500.0	    0.0	    0.0	 1500.0	    0.0	  200.0	    0.0	 1500.0	    0.0	  200.0	  100.0	   93.2	    0.0	    0.0	    0.0	    0.0	    0.9	  1	 -750.0	 1550.0	   93.2	    0.0	    0.0	1	  390.8	 21	 1302.1	   10.2	
   15	   8.18	    0.0	 1500.0	    0.0	    0.0	 1500.0	    0.0	  200.0	    0.0	 1500.0	    0.0	  200.0	  100.0	   92.7	    0.0	    0.0	    0.0	    0.0	    1.0	  1	 -750.0	 1550.0	   92.7	    0.0	    0.0	1	  390.3	 21	 1301.8	   10.2	
   16	   8.28	    0.0	 1500.0	    0.0	    0.0	 1500.0	    0.0	  200.0	    0.0	 1500.0	    0.0	  200.0	  100.0	   92.2	    0.0	    0.0	    0.0	    0.0	    1.1	  1	 -750.0	 1550.0	   92.2	    0.0	    0.0	1	  389.9	 21	 1301.5	   10.2	
   17	   8.38	    0.0	 1500.0	    0.0	    0.0	 1500.0	    0.0	  200.0	    0.0	 1500.0	    0.0	  200.0	  100.0	   91.7	    0.0	    0.0	    0.0	    0.0	    1.2	  1	 -750.0	 1550.0	   91.7	    0.0	    0.0	1	  389.4	 21	 1301.2	   10.1	
   18	   8.48	    0.0	 1500.0	    0.0	    0.0	 1500.0	    0.0	  200.0	    0.0	 1500.0	    0.0	  200.0	  100.0	   91.2	    0.0	    0.0	    0.0	    0.0	    1.2	  1	 -750.0	 1550.0	   91.2	    0.0	    0.0	1	  389.0	 21	 1301.0	   10.1	
   19	   8.58	    0.0	 1500.0	    0.0	    0.0	 1500.0	    0.0	  200.0	    0.0	 1500.0	    0.0	  200.0	  100.0	   90.7	    0.0	    0.0	    0.0	    0.0	    1.3	  1	 -750.0	 1550.0	   90.7	    0.0	    0.0	1	  388.5	 21	 1300.7	   10.1	
   20	   8.68	    0.0	 1500.0	    0.0	    0.0	 1500.0	    0.0	  200.0	    0.0	 1500.0	    0.0	  200.0	  100.0	   90.2	    0.0	    0.0	    0.0	    0.0	    1.4	  1	 -750.0	 1550.0	   90.2	    0.0	    0.0	1	  388.0	 21	 1300.4	   10.0	
   21	   8.78	    0.0	 1500.0	    0.0	    0.0	 1500.0	    0.0	  200.0	    0.0	 1500.0	    0.0	  200.0	  100.0	   89.7	    0.0	    0.0	    0.0	    0.0	    1.4	  1	 -750.0	 1550.0	   89.7	    0.0	    0.0	1	  387.6	 21	 1300.1	   10.0	
   22	   8.88	    0.0	 1500.0	    0.0	    0.0	 1500.0	    0.0	  200.0	    0.0	 1500.0	    0.0	  200.0	  100.0	   89.2	    0.0	    0.0	    0.0	    0.0	    1.5	  1	 -750.0	 1550.0	   89.2	    0.0	    0.0	1	  387.1	 21	    0.0	   10.0	
   23	   8.98	    0.0	 1500.0	    0.0	    0.0	 1500.0	    0.0	  200.0	    0.0	 1500.0	    0.0	  200.0	  100.0	   88.7	    0.0	    0.0	    0.0	    0.0	    1.6	  1	 -750.0	 1550.0	   88.7	    0.0	    0.0	1	  386.7	 21	    0.0	   10.0	
   24	   9.08	    0.0	 1500.0	    0.0	    0.0	 1500.0	    0.0	  200.0	    0.0	 1500.0	    0.0	  200.0	  100.0	   88.2	    0.0	    0.0	    0.0	    0.0	    1.6	  1	 -750.0	 1550.0	   88.2	    0.0	    0.0	1	  386.2	 21	    0.0	    9.9	
   25	   9.18	    0.0	 1500.0	    0.0	    0.0	 1500.0	    0.0	  200.0	    0.0	 1500.0	    0.0	  200.0	  100.0	   87.7	    0.0	    0.0	    0.0	    0.0	    1.7	  1	 -750.0	 1550.0	   87.7	    0.0	    0.0	1	  385.7	 21	    0.0	    9.9	
   26	   9.28	    0.0	 1500.0	    0.0	    0.0	 1500.0	    0.0	  200.0	    0.0	 1500.0	    0.0	  200.0	  100.0	   87.2	    0.0	    0.0	    0.0	    0.0	    1.8	  1	 -750.0	 1550.0	   87.2	    0.0	    0.0	1	  385.3	 21	    0.0	    9.9	
   27	   9.38	    0.0	 1500.0	    0.0	    0.0	 1500.0	    0.0	  200.0	    0.0	 1500.0	    0.0	  200.0	  100.0	   86.7	    0.0	    0.0	    0.0	    0.0	    1.8	  1	 -750.0	 1550.0	   86.7	    0.0	    0.0	1	  384.8	 21	    0.0	    9.8	
   28	   9.48	    0.0	 1500.0	    0.0	    0.0	 1500.0	    0.0	  200.0	    0.0	 1500.0	    0.0	  200.0	  100.0	   86.2	    0.0	    0.0	    0.0	    0.0	    1.9	  1	 -750.0	 1550.0	   86.2	    0.0	    0.0	1	  384.4	 21	    0.0	    9.8	
   29	   9.58	    0.0	 1500.0	    0.0	    0.0	 1500.0	    0.0	  200.0	    0.0	 1500.0	    0.0	  200.0	  100.0	   85.7	    0.0	    0.0	    0.0	    0.0	    2.0	  1	 -750.0	 1550.0	   85.7	    0.0	    0.0	1	  383.9	 21	    0.0	    9.8	
   30	   9.68	    0.0	 1500.0	    0.0	    0.0	 1500.0	    0.0	  200.0	    0.0	 1500.0	    0.0	  200.0	  100.0	   85.2	    0.0	    0.0	    0.0	    0.0	    2.0	  1	 -750.0	 1550.0	   85.2	    0.0	    0.0	1	  383.4	 21	    0.0	    9.8	
   31	   9.78	    0.0	 1500.0	    0.0	    0.0	 1500.0	    0.0	  200.0	    0.0	 1500.0	    0.0	  200.0	  100.0	   84.7	    0.0	    0.0	    0.0	    0.0	    2.1	  1	 -750.0	 1550.0	   84.7	    0.0	    0.0	1	  383.0	 21	    0.0	    9.7	
   32	   9.88	    0.0	 1500.0	    0.0	    0.0	 1500.0	    0.0	  200.0	    0.0	 1500.0	    0.0	  200.0	  100.0	   84.2	    0.0	    0.0	    0.0	    0.0	    2.2	  1	 -750.0	 1550.0	   84.2	    0.0	    0.0	1	  382.5	 21	    0.0	    9.7	
   33	   9.98	    0.0	 1500.0	    0.0	    0.0	 1500.0	    0.0	  200.0	    0.0	 1500.0	    0.0	  200.0	  100.0	   83.7	    0.0	    0.0	    0.0	    0.0	    2.2	  1	 -750.0	 1550.0	   83.7	    0.0	    0.0	1	  382.0	 21	    0.0	    9.7	
   34	  10.08	    0.0	 1500.0	    0.0	    0.0	 1500.0	    0.0	  200.0	    0.0	 1500.0	    0.0	  200.0	  100.0	   83.2	    0.0	    0.0	    0.0	    0.0	    2.3	  1	 -750.0	 1550.0	   83.2	    0.0	    0.0	1	  381.6	 21	    0.0	    9.6	
   35	  10.18	    0.0	 1500.0	    0.0	    0.0	 1500.0	    0.0	  200.0	    0.0	 1500.0	    0.0	  200.0	  100.0	   82.7	    0.0	    0.0	    0.0	    0.0	    2.4	  1	 -750.0	 1550.0	   82.7	    0.0	    0.0	1	  381.1	 21	    0.0	    9.6	
   36	  10.28	    0.0	 1500.0	    0.0	    0.0	 1500.0	    0.0	  200.0	    0.0	 1500.0	    0.0	  200.0	  100.0	   82.2	    0.0	    0.0	    0.0	    0.0	    2.4	  1	 -750.0	 1550.0	   82.2	    0.0	    0.0	1	  380.6	 21	    0.0	    9.6	
   37	  10.38	    0.0	 1500.0	    0.0	    0.0	 1500.0	    0.0	  200.0	    0.0	 1500.0	    0.0	  200.0	  100.0	   81.7	    0.0	    0.0	    0.0	    0.0	    2.5	  1	 -750.0	 1550.0	   81.7	    0.0	    0.0	1	  380.2	 21	    0.0	    9.6	
   38	  10.48	    0.0	 1500.0	    0.0	    0.0	 1500.0	    0.0	  200.0	    0.0	 1500.0	    0.0	  200.0	  100.0	   81.2	    0.0	    0.0	    0.0	    0.0	    2.6	  1	 -750.0	 1550.0	   81.2	    0.0	    0.0	1	  379.7	 21	    0.0	    9.5	
   39	  10.58	    0.0	 1500.0	    0.0	    0.0	 1500.0	    0.0	  200.0	    0.0	 1500.0	    0.0	  200.0	  100.0	   80.7	    0.0	    0.0	    0.0	    0.0	    2.6	  1	 -750.0	 1550.0	   80.7	    0.0	    0.0	1	  379.2	 21	    0.0	    9.5	
   40	  10.68	    0.0	 1500.0	    0.0	    0.0	 1500.0	    0.0	  200.0	    0.0	 1500.0	    0.0	  200.0	  100.0	   80.2	    0.0	    0.0	    0.0	    0.0	    2.7	  1	 -750.0	 1550.0	   80.2	    0.0	    0.0	1	  378.8	 21	    0.0	    9.5	
   41	  10.78	    0.0	 1500.0	    0.0	    0.0	 1500.0	    0.0	  200.0	    0.0	 1500.0	    0.0	  200.0	  100.0	   79.7	    0.0	    0.0	    0.0	    0.0	    2.8	  1	 -750.0	 1550.0	   79.7	    0.0	    0.0	1	  378.3	 21	    0.0	    9.4	
   42	  10.88	    0.0	 1500.0	    0.0	    0.0	 1500.0	    0.0	  200.0	    0.0	 1500.0	    0.0	  200.0	  100.0	   79.2	    0.0	    0.0	    0.0	    0.0	    2.8	  1	 -750.0	 1550.0	   79.2	    0.0	    0.0	1	  377.8	 21	    0.0	    9.4	
   43	  10.98	    0.0	 1500.0	    0.0	    0.0	 1500.0	    0.0	  200.0	    0.0	 1500.0	    0.0	  200.0	  100.0	   78.7	    0.0	    0.0	    0.0	    0.0	    2.9	  1	 -750.0	 1550.0	   78.7	    0.0	    0.0	1	  377.4	 21	    0.0	    9.4	
   44	  11.08	    0.0	 1500.0	    0.0	    0.0	 1500.0	    0.0	  200.0	    0.0	 1500.0	    0.0	  200.0	  100.0	   78.2	    0.0	    0.0	    0.0	    0.0	    3.0	  1	 -750.0	 1550.0	   78.2	    0.0	    0.0	1	  376.9	 21	    0.0	    9.4	
   45	  11.18	    0.0	 1500.0	    0.0	    0.0	 1500.0	    0.0	  200.0	    0.0	 1500.0	    0.0	  200.0	  100.0	   77.7	    0.0	    0.0	    0.0	    0.0	    3.1	  1	 -750.0	 1550.0	   77.7	    0.0	    0.0	1	  376.4	 21	    0.0	    9.3	
   46	  11.28	    0.0	 1500.0	    0.0	    0.0	 1500.0	    0.0	  200.0	    0.0	 1500.0	    0.0	  200.0	  100.0	   77.2	    0.0	    0.0	    0.0	    0.0	    3.1	  1	 -750.0	 1550.0	   77.2	    0.0	    0.0	1	  375.9	 21	    0.0	    9.3	
   47	  11.38	    0.0	 1500.0	    0.0	    0.0	 1500.0	    0.0	  200.0	    0.0	 1500.0	    0.0	  200.0	  100.0	   76.7	    0.0	    0.0	    0.0	    0.0	    3.2	  1	 -750.0	 1550.0	   76.7	    0.0	    0.0	1	  375.5	 21	    0.0	    9.3	
   48	  11.48	    0.0	 1500.0	    0.0	    0.0	 1500.0	    0.0	  200.0	    0.0	 1500.0	    0.0	  200.0	  100.0	   76.2	    0.0	    0.0	    0.0	    0.0	    3.3	  1	 -750.0	 1550.0	   76.2	    0.0	    0.0	1	  375.0	 21	    0.0	    9.2	
   49	  11.58	    0.0	 1500.0	    0.0	    0.0	 1500.0	    0.0	  200.0	    0.0	 1500.0	    0.0	  200.0	  100.0	   75.7	    0.0	    0.0	    0.0	    0.0	    3.3	  1	 -750.0	 1550.0	   75.7	    0.0	    0.0	1	  374.5	 21	    0.0	    9.2	
   50	  11.68	    0.0	 1500.0	    0.0	    0.0	 1500.0	    0.0	  200.0	    0.0	 1500.0	    0.0	  200.0	  100.0	   75.2	    0.0	    0.0	    0.0	    0.0	    3.4	  1	 -750.0	 1550.0	   75.2	    0.0	    0.0	1	  374.1	 21	    0.0	    9.2	
   51	  11.78	    0.0	 1500.0	    0.0	    0.0	 1500.0	    0.0	  200.0	    0.0	 1500.0	    0.0	  200.0	  100.0	   74.7	    0.0	    0.0	    0.0	    0.0	    3.5	  1	 -750.0	 1550.0	   74.7	    0.0	    0.0	1	  373.6	 21	    0.0	    9.2	
   52	  11.88	    0.0	 1500.0	    0.0	    0.0	 1500.0	    0.0	  200.0	    0.0	 1500.0	    0.0	  200.0	  100.0	   74.2	    0.0	    0.0	    0.0	    0.0	    3.5	  1	 -750.0	 1550.0	   74.2	    0.0	    0.0	1	  373.1	 21	    0.0	    9.1	
   53	  11.98	    0.0	 1500.0	    0.0	    0.0	 1500.0	    0.0	  200.0	    0.0	 1500.0	    0.0	  200.0	  100.0	   73.7	    0.0	    0.0	    0.0	    0.0	    3.6	  1	 -750.0	 1550.0	   73.7	    0.0	    0.0	1	  372.6	 21	    0.0	    9.1	
   54	  12.08	    0.0	 1500.0	    0.0	    0.0	 1500.0	    0.0	  200.0	    0.0	 1500.0	    0.0	  200.0	  100.0	   73.2	    0.0	    0.0	    0.0	    0.0	    3.7	  1	 -750.0	 1550.0	   73.2	    0.0	    0.0	1	  372.2	 21	    0.0	    9.1	
   55	  12.18	    0.0	 1500.0	    0.0	    0.0	 1500.0	    0.0	  200.0	    0.0	 1500.0	    0.0	  200.0	  100.0	   72.7	    0.0	    0.0	    0.0	    0.0	    3.7	  1	 -750.0	 1550.0	   72.7	    0.0	    0.0	1	  371.7	 21	    0.0	    9.1	
   56	  12.28	    0.0	 1500.0	    0.0	    0.0	 1500.0	    0.0	  200.0	    0.0	 1500.0	    0.0	  200.0	  100.0	   72.2	    0.0	    0.0	    0.0	    0.0	    3.8	  1	 -750.0	 1550.0	   72.2	    0.0	    0.0	1	  371.2	 21	    0.0	    9.0	
   57	  12.38	    0.0	 1500.0	    0.0	    0.0	 1500.0	    0.0	  200.0	    0.0	 1500.0	    0.0	  200.0	  100.0	   71.7	    0.0	    0.0	    0.0	    0.0	    3.9	  1	 -750.0	 1550.0	   71.7	    0.0	    0.0	1	  370.7	 21	    0.0	    9.0	
   58	  12.48	    0.0	 1500.0	    0.0	    0.0	 1500.0	    0.0	  200.0	    0.0	 1500.0	    0.0	  200.0	  100.0	   71.2	    0.0	    0.0	    0.0	    0.0	    3.9	  1	 -750.0	 1550.0	   71.2	    0.0	    0.0	1	  370.3	 21	    0.0	    9.0	
   59	  12.58	    0.0	 1500.0	    0.0	    0.0	 1500.0	    0.0	  200.0	    0.0	 1500.0	    0.0	  200.0	  100.0	   70.7	    0.0	    0.0	    0.0	    0.0	    4.0	  1	 -750.0	 1550.0	   70.7	    0.0	    0.0	1	  369.8	 21	    0.0	    8.9	
   60	  12.68	    0.0	 1500.0	    0.0	    0.0	 1500.0	    0.0	  200.0	    0.0	 1500.0	    0.0	  200.0	  100.0	   70.2	    0.0	    0.0	    0.0	    0.0	    4.1	  1	 -750.0	 1550.0	   70.2	    0.0	    0.0	1	  369.3	 21	    0.0	    8.9	
   61	  12.78	    0.0	 1500.0	    0.0	    0.0	 1500.0	    0.0	  200.0	    0.0	 1500.0	    0.0	  200.0	  100.0	   69.7	    0.0	    0.0	    0.0	    0.0	    4.1	  1	 -750.0	 1550.0	   69.7	    0.0	    0.0	1	  368.8	 21	    0.0	    8.9	
   62	  12.88	    0.0	 1500.0	    0.0	    0.0	 1500.0	    0.0	  200.0	    0.0	 1500.0	    0.0	  200.0	  100.0	   69.2	    0.0	    0.0	    0.0	    0.0	    4.2	  1	 -750.0	 1550.0	   69.2	    0.0	    0.0	1	  368.4	 21	    0.0	    8.9	
   63	  12.98	    0.0	 1500.0	    0.0	    0.0	 1500.0	    0.0	  200.0	    0.0	 1500.0	    0.0	  200.0	  100.0	   68.7	    0.0	    0.0	    0.0	    0.0	    4.3	  1	 -750.0	 1550.0	   68.7	    0.0	    0.0	1	  367.9	 21	    0.0	    8.8	
   64	  13.08	    0.0	 1500.0	    0.0	    0.0	 1500.0	    0.0	  200.0	    0.0	 1500.0	    0.0	  200.0	  100.0	   68.2	    0.0	    0.0	    0.0	    0.0	    4.3	  1	 -750.0	 1550.0	   68.2	    0.0	    0.0	1	  367.4	 21	    0.0	    8.8	
   65	  13.18	    0.0	 1500.0	    0.0	    0.0	 1500.0	    0.0	  200.0	    0.0	 1500.0	    0.0	  200.0	  100.0	   67.7	    0.0	    0.0	    0.0	    0.0	    4.4	  1	 -750.0	 1550.0	   67.7	    0.0	    0.0	1	  366.9	 21	    0.0	    8.8	
   66	  13.28	    0.0	 1500.0	    0.0	    0.0	 1500.0	    0.0	  200.0	    0.0	 1500.0	    0.0	  200.0	  100.0	   67.2	    0.0	    0.0	    0.0	    0.0	    4.5	  1	 -750.0	 1550.0	   67.2	    0.0	    0.0	1	  366.5	 21	    0.0	    8.7	
   67	  13.38	    0.0	 1500.0	    0.0	    0.0	 1500.0	    0.0	  200.0	    0.0	 1500.0	    0.0	  200.0	  100.0	   66.7	    0.0	    0.0	    0.0	    0.0	    4.5	  1	 -750.0	 1550.0	   66.7	    0.0	    0.0	1	  366.0	 21	    0.0	    8.7	
   68	  13.48	    0.0	 1500.0	    0.0	    0.0	 1500.0	    0.0	  200.0	    0.0	 1500.0	    0.0	  200.0	  100.0	   66.2	    0.0	    0.0	    0.0	    0.0	    4.6	  1	 -750.0	 1550.0	   66.2	    0.0	    0.0	1	  365.5	 21	    0.0	    8.7	
   69	  13.58	    0.0	 1500.0	    0.0	    0.0	 1500.0	    0.0	  200.0	    0.0	 1500.0	    0.0	  200.0	  100.0	   65.7	    0.0	    0.0	    0.0	    0.0	    4.7	  1	 -750.0	 1550.0	   65.7	    0.0	    0.0	1	  365.0	 21	    0.0	    8.7	
   70	  13.68	    0.0	 1500.0	    0.0	    0.0	 1500.0	    0.0	  200.0	    0.0	 1500.0	    0.0	  200.0	  100.0	   65.2	    0.0	    0.0	    0.0	    0.0	    4.7	  1	 -750.0	 1550.0	   65.2	    0.0	    0.0	1	  364.5	 21	    0.0	    8.6	
   71	  13.78	    0.0	 1500.0	    0.0	    0.0	 1500.0	    0.0	  200.0	    0.0	 1500.0	    0.0	  200.0	  100.0	   64.7	    0.0	    0.0	    0.0	    0.0	    4.8	  1	 -750.0	 1550.0	   64.7	    0.0	    0.0	1	  364.1	 21	    0.0	    8.6	
   72	  13.88	    0.0	 1500.0	    0.0	    0.0	 1500.0	    0.0	  200.0	    0.0	 1500.0	    0.0	  200.0	  100.0	   64.2	    0.0	    0.0	    0.0	    0.0	    4.9	  1	 -750.0	 1550.0	   64.2	    0.0	    0.0	1	  363.6	 21	    0.0	    8.6	
   73	  13.98	    0.0	 1500.0	    0.0	    0.0	 1500.0	    0.0	  200.0	    0.0	 1500.0	    0.0	  200.0	  100.0	   63.7	    0.0	    0.0	    0.0	    0.0	    5.0	  1	 -750.0	 1550.0	   63.7	    0.0	    0.0	1	  363.1	 21	    0.0	    8.5	
   74	  14.08	    0.0	 1500.0	    0.0	    0.0	 1500.0	    0.0	  200.0	    0.0	 1500.0	    0.0	  200.0	  100.0	   63.2	    0.0	    0.0	    0.0	    0.0	    5.0	  1	 -750.0	 1550.0	   63.2	    0.0	    0.0	1	  362.6	 21	    0.0	    8.5	
   75	  14.18	    0.0	 1500.0	    0.0	    0.0	 1500.0	    0.0	  200.0	    0.0	 1500.0	    0.0	  200.0	  100.0	   62.7	    0.0	    0.0	    0.0	    0.0	    5.1	  1	 -750.0	 1550.0	   62.7	    0.0	    0.0	1	  362.1	 21	    0.0	    8.5	
   76	  14.28	    0.0	 1500.0	    0.0	    0.0	 1500.0	    0.0	  200.0	    0.0	 1500.0	    0.0	  200.0	  100.0	   62.2	    0.0	    0.0	    0.0	    0.0	    5.2	  1	 -750.0	 1550.0	   62.2	    0.0	    0.0	1	  361.7	 21	    0.0	    8.5	
   77	  14.38	    0.0	 1500.0	    0.0	    0.0	 1500.0	    0.0	  200.0	    0.0	 1500.0	    0.0	  200.0	  100.0	   61.7	    0.0	    0.0	    0.0	    0.0	    5.2	  1	 -750.0	 1550.0	   61.7	    0.0	    0.0	1	  361.2	 21	    0.0	    8.4	
   78	  14.48	    0.0	 1500.0	    0.0	    0.0	 1500.0	    0.0	  200.0	    0.0	 1500.0	    0.0	  200.0	  100.0	   61.2	    0.0	    0.0	    0.0	    0.0	    5.3	  1	 -750.0	 1550.0	   61.2	    0.0	    0.0	1	  360.7	 21	    0.0	    8.4	
   79	  14.58	    0.0	 1500.0	    0.0	    0.0	 1500.0	    0.0	  200.0	    0.0	 1500.0	    0.0	  200.0	  100.0	   60.7	    0.0	    0.0	    0.0	    0.0	    5.4	  1	 -750.0	 1550.0	   60.7	    0.0	    0.0	1	  360.2	 21	    0.0	    8.4	
   80	  14.68	    0.0	 1500.0	    0.0	    0.0	 1500.0	    0.0	  200.0	    0.0	 1500.0	    0.0	  200.0	  100.0	   60.2	    0.0	    0.0	    0.0	    0.0	    5.4	  1	 -750.0	 1550.0	   60.2	    0.0	    0.0	1	  359.7	 21	    0.0	    8.3	
   81	  14.78	    0.0	 1500.0	    0.0	    0.0	 1500.0	    0.0	  200.0	    0.0	 1500.0	    0.0	  200.0	  100.0	   59.7	    0.0	    0.0	    0.0	    0.0	    5.5	  1	 -750.0	 1550.0	   59.7	    0.0	    0.0	1	  359.3	 21	    0.0	    8.3	
   82	  14.88	    0.0	 1500.0	    0.0	    0.0	 1500.0	    0.0	  200.0	    0.0	 1500.0	    0.0	  200.0	  100.0	   59.2	    0.0	    0.0	    0.0	    0.0	    5.6	  1	 -750.0	 1550.0	   59.2	    0.0	    0.0	1	  358.8	 21	    0.0	    8.3	
   83	  14.98	    0.0	 1500.0	    0.0	    0.0	 1500.0	    0.0	  200.0	    0.0	 1500.0	    0.0	  200.0	  100.0	   58.7	    0.0	    0.0	    0.0	    0.0	    5.6	  1	 -750.0	 1550.0	   58.7	    0.0	    0.0	1	  358.3	 21	    0.0	    8.3	
   84	  15.08	    0.0	 1500.0	    0.0	    0.0	 1500.0	    0.0	  200.0	    0.0	 1500.0	    0.0	  200.0	  100.0	   58.2	    0.0	    0.0	    0.0	    0.0	    5.7	  1	 -750.0	 1550.0	   58.2	    0.0	    0.0	1	  357.8	 21	    0.0	    8.2	
   85	  15.18	    0.0	 1500.0	    0.0	    0.0	 1500.0	    0.0	  200.0	    0.0	 1500.0	    0.0	  200.0	  100.0	   57.7	    0.0	    0.0	    0.0	    0.0	    5.8	  1	 -750.0	 1550.0	   57.7	    0.0	    0.0	1	  357.3	 21	    0.0	    8.2	
   86	  15.28	    0.0	 1500.0	    0.0	    0.0	 1500.0	    0.0	  200.0	    0.0	 1500.0	    0.0	  200.0	  100.0	   57.2	    0.0	    0.0	    0.0	    0.0	    5.8	  1	 -750.0	 1550.0	   57.2	    0.0	    0.0	1	  356.8	 21	    0.0	    8.2	
   87	  15.38	    0.0	 1500.0	    0.0	    0.0	 1500.0	    0.0	  200.0	    0.0	 1500.0	    0.0	  200.0	  100.0	   56.7	    0.0	    0.0	    0.0	    0.0	    5.9	  1	 -750.0	 1550.0	   56.7	    0.0	    0.0	1	  356.3	 21	    0.0	    8.1	
   88	  15.48	    0.0	 1500.0	    0.0	    0.0	 1500.0	    0.0	  200.0	    0.0	 1500.0	    0.0	  200.0	  100.0	   56.2	    0.0	    0.0	    0.0	    0.0	    6.0	  1	 -750.0	 1550.0	   56.2	    0.0	    0.0	1	  355.9	 21	    0.0	    8.1	
   89	  15.58	    0.0	 1500.0	    0.0	    0.0	 1500.0	    0.0	  200.0	    0.0	 1500.0	    0.0	  200.0	  100.0	   55.7	    0.0	    0.0	    0.0	    0.0	    6.0	  1	 -750.0	 1550.0	   55.7	    0.0	    0.0	1	  355.4	 21	    0.0	    8.1	
   90	  15.68	    0.0	 1500.0	    0.0	    0.0	 1500.0	    0.0	  200.0	    0.0	 1500.0	    0.0	  200.0	  100.0	   55.2	    0.0	    0.0	    0.0	    0.0	    6.1	  1	 -750.0	 1550.0	   55.2	    0.0	    0.0	1	  354.9	 21	    0.0	    8.1	
   91	  15.78	    0.0	 1500.0	    0.0	    0.0	 1500.0	    0.0	  200.0	    0.0	 1500.0	    0.0	  200.0	  100.0	   54.7	    0.0	    0.0	    0.0	    0.0	    6.2	  1	 -750.0	 1550.0	   54.7	    0.0	    0.0	1	  354.4	 21	    0.0	    8.0	
   92	  15.88	    0.0	 1500.0	    0.0	    0.0	 1500.0	    0.0	  200.0	    0.0	 1500.0	    0.0	  200.0	  100.0	   54.2	    0.0	    0.0	    0.0	    0.0	    6.2	  1	 -750.0	 1550.0	   54.2	    0.0	    0.0	1	  353.9	 21	    0.0	    8.0	
   93	  15.98	    0.0	 1500.0	    0.0	    0.0	 1500.0	    0.0	  200.0	    0.0	 1500.0	    0.0	  200.0	  100.0	   53.7	    0.0	    0.0	    0.0	    0.0	    6.3	  1	 -750.0	 1550.0	   53.7	    0.0	    0.0	1	  353.4	 21	    0.0	    8.0	
   94	  16.08	    0.0	 1500.0	    0.0	    0.0	 1500.0	    0.0	  200.0	    0.0	 1500.0	    0.0	  200.0	  100.0	   53.2	    0.0	    0.0	    0.0	    0.0	    6.4	  1	 -750.0	 1550.0	   53.2	    0.0	    0.0	1	  352.9	 21	    0.0	    8.0	
   95	  16.18	    0.0	 1500.0	    0.0	    0.0	 1500.0	    0.0	  200.0	    0.0	 1500.0	    0.0	  200.0	  100.0	   52.7	    0.0	    0.0	    0.0	    0.0	    6.4	  1	 -750.0	 1550.0	   52.7	    0.0	    0.0	1	  352.5	 21	    0.0	    7.9	
   96	  16.28	    0.0	 1500.0	    0.0	    0.0	 1500.0	    0.0	  200.0	    0.0	 1500.0	    0.0	  200.0	  100.0	   52.2	    0.0	    0.0	    0.0	    0.0	    6.5	  1	 -750.0	 1550.0	   52.2	    0.0	    0.0	1	  352.0	 21	    0.0	    7.9	
   97	  16.38	    0.0	 1500.0	    0.0	    0.0	 1500.0	    0.0	  200.0	    0.0	 1500.0	    0.0	  200.0	  100.0	   51.7	    0.0	    0.0	    0.0	    0.0	    6.6	  1	 -750.0	 1550.0	   51.7	    0.0	    0.0	1	  351.5	 21	    0.0	    7.9	
   98	  16.48	    0.0	 1500.0	    0.0	    0.0	 1500.0	    0.0	  200.0	    0.0	 1500.0	    0.0	  200.0	  100.0	   51.2	    0.0	    0.0	    0.0	    0.0	    6.6	  1	 -750.0	 1550.0	   51.2	    0.0	    0.0	1	  351.0	 21	    0.0	    7.8	
   99	  16.58	    0.0	 1500.0	    0.0	    0.0	 1500.0	    0.0	  200.0	    0.0	 1500.0	    0.0	  200.0	  100.0	   50.7	    0.0	    0.0	    0.0	    0.0	    6.7	  1	 -750.0	 1550.0	   50.7	    0.0	    0.0	1	  350.5	 21	    0.0	    7.8	
  100	  16.68	    0.0	 1500.0	    0.0	    0.0	 1500.0	    0.0	  200.0	    0.0	 1500.0	    0.0	  200.0	  100.0	   50.2	    0.0	    0.0	    0.0	    0.0	    6.8	  1	 -750.0	 1550.0	   50.2	    0.0	    0.0	1	  350.0	 21	    0.0	    7.8	
  101	  16.78	    0.0	 1500.0	    0.0	    0.0	 1500.0	    0.0	  200.0	    0.0	 1500.0	    0.0	  200.0	  100.0	   49.7	    0.0	    0.0	    0.0	    0.0	    6.9	  1	 -750.0	 1550.0	   49.7	    0.0	    0.0	1	  349.5	 21	    0.0	    7.8	
  102	  16.88	    0.0	 1500.0	    0.0	    0.0	 1500.0	    0.0	  200.0	    0.0	 1500.0	    0.0	  200.0	  100.0	   49.2	    0.0	    0.0	    0.0	    0.0	    6.9	  1	 -750.0	 1550.0	   49.2	    0.0	    0.0	1	  349.0	 21	    0.0	    7.7	
  103	  16.98	    0.0	 1500.0	    0.0	    0.0	 1500.0	    0.0	  200.0	    0.0	 1500.0	    0.0	  200.0	  100.0	   48.7	    0.0	    0.0	    0.0	    0.0	    7.0	  1	 -750.0	 1550.0	   48.7	    0.0	    0.0	1	  348.5	 21	    0.0	    7.7	
  104	  17.08	    0.0	 1500.0	    0.0	    0.0	 1500.0	    0.0	  200.0	    0.0	 1500.0	    0.0	  200.0	  100.0	   48.2	    0.0	    0.0	    0.0	    0.0	    7.1	  1	 -750.0	 1550.0	   48.2	    0.0	    0.0	1	  348.1	 21	    0.0	    7.7	
  105	  17.18	    0.0	 1500.0	    0.0	    0.0	 1500.0	    0.0	  200.0	    0.0	 1500.0	    0.0	  200.0	  100.0	   47.7	    0.0	    0.0	    0.0	    0.0	    7.1	  1	 -750.0	 1550.0	   47.7	    0.0	    0.0	1	  347.6	 21	    0.0	    7.6	
  106	  17.28	    0.0	 1500.0	    0.0	    0.0	 1500.0	    0.0	  200.0	    0.0	 1500.0	    0.0	  200.0	  100.0	   47.2	    0.0	    0.0	    0.0	    0.0	    7.2	  1	 -750.0	 1550.0	   47.2	    0.0	    0.0	1	  347.1	 21	    0.0	    7.6	
  107	  17.38	    0.0	 1500.0	    0.0	    0.0	 1500.0	    0.0	  200.0	    0.0	 1500.0	    0.0	  200.0	  100.0	   46.7	    0.0	    0.0	    0.0	    0.0	    7.3	  1	 -750.0	 1550.0	   46.7	    0.0	    0.0	1	  346.6	 21	    0.0	    7.6	
  108	  17.48	    0.0	 1500.0	    0.0	    0.0	 1500.0	    0.0	  200.0	    0.0	 1500.0	    0.0	  200.0	  100.0	   46.2	    0.0	    0.0	    0.0	    0.0	    7.3	  1	 -750.0	 1550.0	   46.2	    0.0	    0.0	1	  346.1	 21	    0.0	    7.6	
  109	  17.58	    0.0	 1500.0	    0.0	    0.0	 1500.0	    0.0	  200.0	    0.0	 1500.0	    0.0	  200.0	  100.0	   45.7	    0.0	    0.0	    0.0	    0.0	    7.4	  1	 -750.0	 1550.0	   45.7	    0.0	    0.0	1	  345.6	 21	    0.0	    7.5	
  110	  17.68	    0.0	 1500.0	    0.0	    0.0	 1500.0	    0.0	  200.0	    0.0	 1500.0	    0.0	  200.0	  100.0	   45.2	    0.0	    0.0	    0.0	    0.0	    7.5	  1	 -750.0	 1550.0	   45.2	    0.0	    0.0	1	  345.1	 21	    0.0	    7.5	
  111	  17.78	    0.0	 1500.0	    0.0	    0.0	 1500.0	    0.0	  200.0	    0.0	 1500.0	    0.0	  200.0	  100.0	   44.7	    0.0	    0.0	    0.0	    0.0	    7.5	  1	 -750.0	 1550.0	   44.7	    0.0	    0.0	1	  344.6	 21	    0.0	    7.5	
  112	  17.88	    0.0	 1500.0	    0.0	    0.0	 1500.0	    0.0	  200.0	    0.0	 1500.0	    0.0	  200.0	  100.0	   44.2	    0.0	    0.0	    0.0	    0.0	    7.6	  1	 -750.0	 1550.0	   44.2	    0.0	    0.0	1	  344.1	 21	    0.0	    7.4	
  113	  17.98	    0.0	 1500.0	    0.0	    0.0	 1500.0	    0.0	  200.0	    0.0	 1500.0	    0.0	  200.0	  100.0	   43.7	    0.0	    0.0	    0.0	    0.0	    7.7	  1	 -750.0	 1550.0	   43.7	    0.0	    0.0	1	  343.6	 21	    0.0	    7.4	
  114	  18.08	    0.0	 1500.0	    0.0	    0.0	 1500.0	    0.0	  200.0	    0.0	 1500.0	    0.0	  200.0	  100.0	   43.2	    0.0	    0.0	    0.0	    0.0	    7.7	  1	 -750.0	 1550.0	   43.2	    0.0	    0.0	1	  343.1	 21	    0.0	    7.4	
  115	  18.18	    0.0	 1500.0	    0.0	    0.0	 1500.0	    0.0	  200.0	    0.0	 1500.0	    0.0	  200.0	  100.0	   42.7	    0.0	    0.0	    0.0	    0.0	    7.8	  1	 -750.0	 1550.0	   42.7	    0.0	    0.0	1	  342.7	 21	    0.0	    7.4	
  116	  18.28	    0.0	 1500.0	    0.0	    0.0	 1500.0	    0.0	  200.0	    0.0	 1500.0	    0.0	  200.0	  100.0	   42.2	    0.0	    0.0	    0.0	    0.0	    7.9	  1	 -750.0	 1550.0	   42.2	    0.0	    0.0	1	  342.2	 21	    0.0	    7.3	
  117	  18.38	    0.0	 1500.0	    0.0	    0.0	 1500.0	    0.0	  200.0	    0.0	 1500.0	    0.0	  200.0	  100.0	   41.7	    0.0	    0.0	    0.0	    0.0	    7.9	  1	 -750.0	 1550.0	   41.7	    0.0	    0.0	1	  341.7	 21	    0.0	    7.3	
