    1	   0.10	    0.0	 1500.0	    0.0	    0.0	    0.0	    0.0	    0.0	    0.0	    0.0	    0.0	    0.0	  100.0	  100.0	    0.0	    0.0	    0.0	    0.0	    0.1	  1	 -750.0	  750.0	  100.0	    0.0	    0.0	1	  516.9	 21	 1371.8	  -28.2	
    2	   0.20	  -18.9	 1491.1	 -154.9	    0.0	    0.0	    0.0	    0.0	    0.0	    0.0	    0.0	    0.0	  100.0	   99.7	    0.0	    0.0	    0.0	    0.0	    0.1	  1	  -50.0	 1250.0	   99.7	    0.0	    0.0	1	  200.5	 21	 1390.1	   19.0	
    3	   0.30	  -24.3	 1459.0	  -96.7	    0.0	    0.0	    0.0	    0.0	    0.0	    0.0	    0.0	    0.0	  100.0	   99.5	    0.0	    0.0	    0.0	    0.0	    0.2	  1	  -50.0	 1250.0	   99.5	    0.0	    0.0	1	  173.3	 21	 1389.7	   19.0	
    4	   0.40	  -29.5	 1417.0	  -97.2	    0.0	    0.0	    0.0	    0.0	    0.0	    0.0	    0.0	    0.0	  100.0	   99.2	    0.0	    0.0	    0.0	    0.0	    0.3	  1	  -50.0	 1250.0	   99.2	    0.0	    0.0	1	  129.4	 21	 1389.3	   18.9	
    5	   0.50	  -33.3	 1384.2	  -96.4	    0.0	    0.0	    0.0	    0.0	    0.0	    0.0	    0.0	    0.0	  100.0	   98.9	    0.0	    0.0	    0.0	    0.0	    0.3	  1	  -50.0	 1250.0	   98.9	    0.0	    0.0	1	  101.8	 21	    0.0	    0.0	
    6	   0.60	  -36.2	 1360.4	  -96.9	    0.0	    0.0	    0.0	    0.0	    0.0	    0.0	    0.0	    0.0	  100.0	   98.6	    0.0	    0.0	    0.0	    0.0	    0.4	  1	  -50.0	 1250.0	   98.6	    0.0	    0.0	1	   69.4	 21	    0.0	    0.0	
    7	   0.70	  -36.4	 1358.1	  -97.1	    0.0	    0.0	    0.0	    0.0	    0.0	    0.0	    0.0	    0.0	  100.0	   98.3	    0.0	    0.0	    0.0	    0.0	    0.5	  1	  -50.0	 1250.0	   98.3	    0.0	    0.0	1	   68.8	 21	    0.0	    0.0	
    8	   0.80	  -36.4	 1358.1	  -97.2	    0.0	    0.0	    0.0	    0.0	    0.0	    0.0	    0.0	    0.0	  100.0	   98.0	    0.0	    0.0	    0.0	    0.0	    0.5	  1	  -50.0	 1250.0	   98.0	    0.0	    0.0	1	   68.8	 21	    0.0	    0.0	
    9	   0.90	  -36.4	 1358.1	  -97.2	    0.0	    0.0	    0.0	    0.0	    0.0	    0.0	    0.0	    0.0	  100.0	   97.7	    0.0	    0.0	    0.0	    0.0	    0.6	  1	  -50.0	 1250.0	   97.7	    0.0	    0.0	1	   68.8	 21	    0.0	    0.0	
   10	   1.00	  -36.4	 1358.1	  -97.2	    0.0	    0.0	    0.0	    0.0	    0.0	    0.0	    0.0	    0.0	  100.0	   97.4	    0.0	    0.0	    0.0	    0.0	    0.7	  1	  -50.0	 1250.0	   97.4	    0.0	    0.0	1	   68.8	 21	    0.0	    0.0	
   11	   1.10	  -36.4	 1358.1	  -97.2	    0.0	    0.0	    0.0	    0.0	    0.0	    0.0	    0.0	    0.0	  100.0	   97.1	    0.0	    0.0	    0.0	    0.0	    0.7	  1	  -50.0	 1250.0	   97.1	    0.0	    0.0	1	   68.8	 21	    0.0	    0.0	
   12	   1.20	  -36.4	 1358.1	  -97.2	    0.0	    0.0	    0.0	    0.0	    0.0	    0.0	    0.0	    0.0	  100.0	   96.9	    0.0	    0.0	    0.0	    0.0	    0.8	  1	  -50.0	 1250.0	   96.9	    0.0	    0.0	1	   68.8	 21	 1399.8	   20.0	
   13	   1.30	  -36.4	 1358.1	  -97.2	    0.0	    0.0	    0.0	    0.0	    0.0	    0.0	    0.0	    0.0	  100.0	   96.6	    0.0	    0.0	    0.0	    0.0	    0.9	  1	  -50.0	 1250.0	   96.6	    0.0	    0.0	1	   68.8	 21	 1399.4	   19.9	
   14	   1.40	  -36.4	 1358.1	  -97.2	    0.0	    0.0	    0.0	    0.0	    0.0	    0.0	    0.0	    0.0	  100.0	   96.3	    0.0	    0.0	    0.0	    0.0	    0.9	  1	  -50.0	 1250.0	   96.3	    0.0	    0.0	1	   68.8	 21	 1398.9	   19.9	
   15	   1.50	  -36.4	 1358.1	  -97.2	    0.0	    0.0	    0.0	    0.0	    0.0	    0.0	    0.0	    0.0	  100.0	   96.0	    0.0	    0.0	    0.0	    0.0	    1.0	  1	  -50.0	 1250.0	   96.0	    0.0	    0.0	1	   68.8	 21	 1398.5	   19.8	
   16	   1.60	  -36.4	 1358.1	  -97.2	    0.0	    0.0	    0.0	    0.0	    0.0	    0.0	    0.0	    0.0	  100.0	   95.7	    0.0	    0.0	    0.0	    0.0	    1.1	  1	  -50.0	 1250.0	   95.7	    0.0	    0.0	1	   68.8	 21	 1398.0	   19.8	
   17	   1.70	  -36.4	 1358.1	  -97.2	    0.0	    0.0	    0.0	    0.0	    0.0	    0.0	    0.0	    0.0	  100.0	   95.4	    0.0	    0.0	    0.0	    0.0	    1.1	  1	  -50.0	 1250.0	   95.4	    0.0	    0.0	1	   68.8	 21	 1397.5	   19.8	
   18	   1.80	  -36.4	 1358.1	  -97.2	    0.0	    0.0	    0.0	    0.0	    0.0	    0.0	    0.0	    0.0	  100.0	   95.1	    0.0	    0.0	    0.0	    0.0	    1.2	  1	  -50.0	 1250.0	   95.1	    0.0	    0.0	1	   68.8	 21	 1397.1	   19.7	
   19	   1.90	  -36.4	 1358.1	  -97.2	    0.0	    0.0	    0.0	    0.0	    0.0	    0.0	    0.0	    0.0	  100.0	   94.8	    0.0	    0.0	    0.0	    0.0	    1.3	  1	  -50.0	 1250.0	   94.8	    0.0	    0.0	1	   68.8	 21	 1396.6	   19.7	
   20	   2.00	  -36.4	 1358.1	  -97.2	    0.0	    0.0	    0.0	    0.0	    0.0	    0.0	    0.0	    0.0	  100.0	   94.5	    0.0	    0.0	    0.0	    0.0	    1.3	  1	  -50.0	 1250.0	   94.5	    0.0	    0.0	1	   68.8	 21	 1396.2	   19.6	
   21	   2.10	  -36.4	 1358.1	  -97.2	    0.0	    0.0	    0.0	    0.0	    0.0	    0.0	    0.0	    0.0	  100.0	   94.2	    0.0	    0.0	    0.0	    0.0	    1.4	  1	  -50.0	 1250.0	   94.2	    0.0	    0.0	1	   68.8	 21	 1395.7	   19.6	
   22	   2.20	  -36.4	 1358.1	  -97.2	    0.0	    0.0	    0.0	    0.0	    0.0	    0.0	    0.0	    0.0	  100.0	   93.9	    0.0	    0.0	    0.0	    0.0	    1.5	  1	  -50.0	 1250.0	   93.9	    0.0	    0.0	1	   68.8	 21	 1395.2	   19.5	
   23	   2.30	  -36.4	 1358.1	  -97.2	    0.0	    0.0	    0.0	    0.0	    0.0	    0.0	    0.0	    0.0	  100.0	   93.6	    0.0	    0.0	    0.0	    0.0	    1.6	  1	  -50.0	 1250.0	   93.6	    0.0	    0.0	1	   68.8	 21	 1394.8	   19.5	
   24	   2.40	  -36.4	 1358.1	  -97.2	    0.0	    0.0	    0.0	    0.0	    0.0	    0.0	    0.0	    0.0	  100.0	   93.3	    0.0	    0.0	    0.0	    0.0	    1.6	  1	  -50.0	 1250.0	   93.3	    0.0	    0.0	1	   68.8	 21	 1394.3	   19.4	
   25	   2.50	  -36.4	 1358.1	  -97.2	    0.0	    0.0	    0.0	    0.0	    0.0	    0.0	    0.0	    0.0	  100.0	   93.0	    0.0	    0.0	    0.0	    0.0	    1.7	  1	  -50.0	 1250.0	   93.0	    0.0	    0.0	1	   68.8	 21	 1393.9	   19.4	
   26	   2.60	  -36.4	 1358.1	  -97.2	    0.0	    0.0	    0.0	    0.0	    0.0	    0.0	    0.0	    0.0	  100.0	   92.7	    0.0	    0.0	    0.0	    0.0	    1.8	  1	  -50.0	 1250.0	   92.7	    0.0	    0.0	1	   68.8	 21	 1393.4	   19.3	
   27	   2.70	  -36.4	 1358.1	  -97.2	    0.0	    0.0	    0.0	    0.0	    0.0	    0.0	    0.0	    0.0	  100.0	   92.4	    0.0	    0.0	    0.0	    0.0	    1.8	  1	  -50.0	 1250.0	   92.4	    0.0	    0.0	1	   68.8	 21	 1393.0	   19.3	
   28	   2.80	  -36.4	 1358.1	  -97.2	    0.0	    0.0	    0.0	    0.0	    0.0	    0.0	    0.0	    0.0	  100.0	   92.2	    0.0	    0.0	    0.0	    0.0	    1.9	  1	  -50.0	 1250.0	   92.2	    0.0	    0.0	1	   68.8	 21	 1392.5	   19.2	
   29	   2.90	  -36.4	 1358.1	  -97.2	    0.0	    0.0	    0.0	    0.0	    0.0	    0.0	    0.0	    0.0	  100.0	   91.9	    0.0	    0.0	    0.0	    0.0	    2.0	  1	  -50.0	 1250.0	   91.9	    0.0	    0.0	1	   68.8	 21	 1392.0	   19.2	
   30	   3.00	  -36.4	 1358.1	  -97.2	    0.0	    0.0	    0.0	    0.0	    0.0	    0.0	    0.0	    0.0	  100.0	   91.6	    0.0	    0.0	    0.0	    0.0	    2.0	  1	  -50.0	 1250.0	   91.6	    0.0	    0.0	1	   68.8	 21	 1391.6	   19.2	
   31	   3.10	  -36.4	 1358.1	  -97.2	    0.0	    0.0	    0.0	    0.0	    0.0	    0.0	    0.0	    0.0	  100.0	   91.3	    0.0	    0.0	    0.0	    0.0	    2.1	  1	  -50.0	 1250.0	   91.3	    0.0	    0.0	1	   68.8	 21	 1391.1	   19.1	
   32	   3.20	  -36.4	 1358.1	  -97.2	    0.0	 1500.0	    0.0	  200.0	    0.0	 1500.0	    0.0	  200.0	  100.0	   91.1	    0.0	    0.0	    0.0	    0.0	    2.2	  1	  -50.0	 2250.0	   91.1	    0.0	    0.0	1	  300.0	 21	 1207.2	 -192.8	
   33	   3.30	  -52.5	 1295.0	 -104.3	    0.0	 1500.0	    0.0	  200.0	    0.0	 1500.0	    0.0	  200.0	  100.0	   90.6	    0.0	    0.0	    0.0	    0.0	    2.2	  1	  -50.0	  750.0	   90.6	    0.0	    0.0	1	  300.0	 21	    0.0	    0.0	
   34	   3.40	  -69.5	 1223.2	 -103.2	    0.0	 1500.0	    0.0	  200.0	    0.0	 1500.0	    0.0	  200.0	  100.0	   90.1	    0.0	    0.0	    0.0	    0.0	    2.3	  1	  -50.0	  750.0	   90.1	    0.0	    0.0	1	  299.9	 21	    0.0	    0.0	
   35	   3.50	  -84.3	 1155.2	 -102.2	    0.0	 1500.0	    0.0	  200.0	    0.0	 1500.0	    0.0	  200.0	  100.0	   89.6	    0.0	    0.0	    0.0	    0.0	    2.3	  1	  -50.0	  750.0	   89.6	    0.0	    0.0	1	  299.8	 21	    0.0	    0.0	
   36	   3.60	  -97.9	 1084.5	 -100.7	    0.0	 1500.0	    0.0	  200.0	    0.0	 1500.0	    0.0	  200.0	  100.0	   89.1	    0.0	    0.0	    0.0	    0.0	    2.4	  1	  -50.0	  750.0	   89.1	    0.0	    0.0	1	  299.5	 21	    0.0	    0.0	
   37	   3.70	 -108.6	 1013.6	  -98.2	    0.0	 1500.0	    0.0	  200.0	    0.0	 1500.0	    0.0	  200.0	  100.0	   88.6	    0.0	    0.0	    0.0	    0.0	    2.4	  1	  -50.0	  750.0	   88.6	    0.0	    0.0	1	  241.8	 21	    0.0	    0.0	
   38	   3.80	 -113.0	  957.2	  -94.0	    0.0	 1500.0	    0.0	  200.0	    0.0	 1500.0	    0.0	  200.0	  100.0	   88.2	    0.0	    0.0	    0.0	    0.0	    2.5	  1	  -50.0	  750.0	   88.2	    0.0	    0.0	1	  189.6	 21	    0.0	    0.0	
   39	   3.90	 -114.4	  910.1	  -91.3	    0.0	 1500.0	    0.0	  200.0	    0.0	 1500.0	    0.0	  200.0	  100.0	   87.7	    0.0	    0.0	    0.0	    0.0	    2.5	  1	  -50.0	  750.0	   87.7	    0.0	    0.0	1	  146.6	 21	    0.0	    0.0	
   40	   4.00	 -113.1	  875.1	  -87.3	    0.0	 1500.0	    0.0	  200.0	    0.0	 1500.0	    0.0	  200.0	  100.0	   87.3	    0.0	    0.0	    0.0	    0.0	    2.6	  1	  -50.0	  750.0	   87.3	    0.0	    0.0	1	  115.6	 21	    0.0	    0.0	
   41	   4.10	 -109.4	  847.2	  -81.9	    0.0	 1500.0	    0.0	  200.0	    0.0	 1500.0	    0.0	  200.0	  100.0	   86.8	    0.0	    0.0	    0.0	    0.0	    2.7	  1	  -50.0	  750.0	   86.8	    0.0	    0.0	1	   91.9	 21	    0.0	    0.0	
   42	   4.20	 -103.9	  825.1	  -75.3	    0.0	 1500.0	    0.0	  200.0	    0.0	 1500.0	    0.0	  200.0	  100.0	   86.4	    0.0	    0.0	    0.0	    0.0	    2.7	  1	  -50.0	  750.0	   86.4	    0.0	    0.0	1	   74.8	 21	    0.0	    0.0	
   43	   4.30	 -103.4	  823.3	   81.3	    0.0	 1500.0	    0.0	  200.0	    0.0	 1500.0	    0.0	  200.0	  100.0	   85.9	    0.0	    0.0	    0.0	    0.0	    2.8	  1	  -50.0	  750.0	   85.9	    0.0	    0.0	1	   73.3	 21	    0.0	    0.0	
   44	   4.40	 -103.4	  823.3	   81.3	    0.0	 1500.0	    0.0	  200.0	    0.0	 1500.0	    0.0	  200.0	  100.0	   85.5	    0.0	    0.0	    0.0	    0.0	    2.9	  1	  -50.0	  750.0	   85.5	    0.0	    0.0	1	   73.2	 21	    0.0	    0.0	
   45	   4.50	 -103.4	  823.3	   81.3	    0.0	 1500.0	    0.0	  200.0	    0.0	 1500.0	    0.0	  200.0	  100.0	   85.1	    0.0	    0.0	    0.0	    0.0	    2.9	  1	  -50.0	  750.0	   85.1	    0.0	    0.0	1	   73.0	 21	    0.0	    0.0	
   46	   4.60	 -103.4	  823.3	   81.3	    0.0	 1500.0	    0.0	  200.0	    0.0	 1500.0	    0.0	  200.0	  100.0	   84.6	    0.0	    0.0	    0.0	    0.0	    3.0	  1	  -50.0	  750.0	   84.6	    0.0	    0.0	1	   72.8	 21	    0.0	    0.0	
   47	   4.70	 -103.4	  823.3	   81.3	    0.0	 1500.0	    0.0	  200.0	    0.0	 1500.0	    0.0	  200.0	  100.0	   84.2	    0.0	    0.0	    0.0	    0.0	    3.1	  1	  -50.0	  750.0	   84.2	    0.0	    0.0	1	   72.6	 21	    0.0	    0.0	
   48	   4.80	 -103.4	  823.3	   81.3	    0.0	 1500.0	    0.0	  200.0	    0.0	 1500.0	    0.0	  200.0	  100.0	   83.7	    0.0	    0.0	    0.0	    0.0	    3.1	  1	  -50.0	  750.0	   83.7	    0.0	    0.0	1	   72.4	 21	    0.0	    0.0	
   49	   4.90	 -103.4	  823.3	   81.3	    0.0	 1500.0	    0.0	  200.0	    0.0	 1500.0	    0.0	  200.0	  100.0	   83.3	    0.0	    0.0	    0.0	    0.0	    3.2	  1	  -50.0	  750.0	   83.3	    0.0	    0.0	1	   72.2	 21	    0.0	    0.0	
   50	   5.00	 -103.4	  823.3	   81.3	    0.0	 1500.0	    0.0	  200.0	    0.0	 1500.0	    0.0	  200.0	  100.0	   82.8	    0.0	    0.0	    0.0	    0.0	    3.3	  1	  -50.0	  750.0	   82.8	    0.0	    0.0	1	   72.1	 21	    0.0	    0.0	
   51	   5.10	 -103.4	  823.3	   81.3	    0.0	 1500.0	    0.0	  200.0	    0.0	 1500.0	    0.0	  200.0	  100.0	   82.4	    0.0	    0.0	    0.0	    0.0	    3.3	  1	  -50.0	  750.0	   82.4	    0.0	    0.0	1	   71.9	 21	    0.0	    0.0	
   52	   5.20	 -103.4	  823.3	   81.3	    0.0	 1500.0	    0.0	  200.0	    0.0	 1500.0	    0.0	  200.0	  100.0	   81.9	    0.0	    0.0	    0.0	    0.0	    3.4	  1	  -50.0	  750.0	   81.9	    0.0	    0.0	1	   71.7	 21	    0.0	    0.0	
   53	   5.30	 -103.4	  823.3	   81.3	    0.0	 1500.0	    0.0	  200.0	    0.0	 1500.0	    0.0	  200.0	  100.0	   81.5	    0.0	    0.0	    0.0	    0.0	    3.5	  1	  -50.0	  750.0	   81.5	    0.0	    0.0	1	   71.6	 21	    0.0	    0.0	
   54	   5.40	 -103.4	  823.3	   81.3	    0.0	 1500.0	    0.0	  200.0	    0.0	 1500.0	    0.0	  200.0	  100.0	   81.1	    0.0	    0.0	    0.0	    0.0	    3.5	  1	  -50.0	  750.0	   81.1	    0.0	    0.0	1	   71.4	 21	    0.0	    0.0	
   55	   5.50	 -103.4	  823.3	   81.3	    0.0	 1500.0	    0.0	  200.0	    0.0	 1500.0	    0.0	  200.0	  100.0	   80.6	    0.0	    0.0	    0.0	    0.0	    3.6	  1	  -50.0	  750.0	   80.6	    0.0	    0.0	1	   74.4	 21	    0.0	    0.0	
   56	   5.60	 -103.4	  823.3	   81.3	    0.0	 1500.0	    0.0	  200.0	    0.0	 1500.0	    0.0	  200.0	  100.0	   80.2	    0.0	    0.0	    0.0	    0.0	    3.7	  1	  -50.0	  750.0	   80.2	    0.0	    0.0	1	   74.2	 21	    0.0	    0.0	
   57	   5.70	 -103.4	  823.3	   81.3	    0.0	 1500.0	    0.0	  200.0	    0.0	 1500.0	    0.0	  200.0	  100.0	   79.7	    0.0	    0.0	    0.0	    0.0	    3.7	  1	  -50.0	  750.0	   79.7	    0.0	    0.0	1	   74.0	 21	    0.0	    0.0	
   58	   5.80	 -103.4	  823.3	   81.3	    0.0	 1500.0	    0.0	  200.0	    0.0	 1500.0	    0.0	  200.0	  100.0	   79.3	    0.0	    0.0	    0.0	    0.0	    3.8	  1	  -50.0	  750.0	   79.3	    0.0	    0.0	1	   73.8	 21	    0.0	    0.0	
   59	   5.90	 -103.4	  823.3	   81.3	    0.0	 1500.0	    0.0	  200.0	    0.0	 1500.0	    0.0	  200.0	  100.0	   78.8	    0.0	    0.0	    0.0	    0.0	    3.9	  1	  -50.0	  750.0	   78.8	    0.0	    0.0	1	   73.6	 21	    0.0	    0.0	
   60	   6.00	 -103.4	  823.3	   81.3	    0.0	 1500.0	    0.0	  200.0	    0.0	 1500.0	    0.0	  200.0	  100.0	   78.4	    0.0	    0.0	    0.0	    0.0	    3.9	  1	  -50.0	  750.0	   78.4	    0.0	    0.0	1	   73.4	 21	    0.0	    0.0	
   61	   6.10	 -103.4	  823.3	   81.3	    0.0	 1500.0	    0.0	  200.0	    0.0	 1500.0	    0.0	  200.0	  100.0	   78.0	    0.0	    0.0	    0.0	    0.0	    4.0	  1	  -50.0	  750.0	   78.0	    0.0	    0.0	1	   73.2	 21	    0.0	    0.0	
   62	   6.20	 -103.4	  823.3	   81.3	    0.0	 1500.0	    0.0	  200.0	    0.0	 1500.0	    0.0	  200.0	  100.0	   77.5	    0.0	    0.0	    0.0	    0.0	    4.1	  1	  -50.0	  750.0	   77.5	    0.0	    0.0	1	   73.0	 21	    0.0	    0.0	
   63	   6.30	 -103.4	  823.3	   81.3	    0.0	 1500.0	    0.0	  200.0	    0.0	 1500.0	    0.0	  200.0	  100.0	   77.1	    0.0	    0.0	    0.0	    0.0	    4.1	  1	  -50.0	  750.0	   77.1	    0.0	    0.0	1	   72.9	 21	    0.0	    0.0	
   64	   6.40	 -103.4	  823.3	   81.3	    0.0	 1500.0	    0.0	  200.0	    0.0	 1500.0	    0.0	  200.0	  100.0	   76.6	    0.0	    0.0	    0.0	    0.0	    4.2	  1	  -50.0	  750.0	   76.6	    0.0	    0.0	1	   72.7	 21	    0.0	    0.0	
   65	   6.50	 -103.4	  823.3	   81.3	    0.0	 1500.0	    0.0	  200.0	    0.0	 1500.0	    0.0	  200.0	  100.0	   76.2	    0.0	    0.0	    0.0	    0.0	    4.3	  1	  -50.0	  750.0	   76.2	    0.0	    0.0	1	   72.5	 21	    0.0	    0.0	
   66	   6.60	 -103.4	  823.3	   81.3	    0.0	 1500.0	    0.0	  200.0	    0.0	 1500.0	    0.0	  200.0	  100.0	   75.7	    0.0	    0.0	    0.0	    0.0	    4.3	  1	  -50.0	  750.0	   75.7	    0.0	    0.0	1	   72.3	 21	    0.0	    0.0	
   67	   6.70	 -103.4	  823.3	   81.3	    0.0	 1500.0	    0.0	  200.0	    0.0	 1500.0	    0.0	  200.0	  100.0	   75.3	    0.0	    0.0	    0.0	    0.0	    4.4	  1	  -50.0	  750.0	   75.3	    0.0	    0.0	1	   72.1	 21	    0.0	    0.0	
   68	   6.80	 -103.4	  823.3	   81.3	    0.0	 1500.0	    0.0	  200.0	    0.0	 1500.0	    0.0	  200.0	  100.0	   74.9	    0.0	    0.0	    0.0	    0.0	    4.5	  1	  -50.0	  750.0	   74.9	    0.0	    0.0	1	   71.9	 21	    0.0	    0.0	
   69	   6.90	 -103.4	  823.3	   81.3	    0.0	 1500.0	    0.0	  200.0	    0.0	 1500.0	    0.0	  200.0	  100.0	   74.4	    0.0	    0.0	    0.0	    0.0	    4.5	  1	  -50.0	  750.0	   74.4	    0.0	    0.0	1	   71.8	 21	    0.0	    0.0	
   70	   7.00	 -103.4	  823.3	   81.3	    0.0	 1500.0	    0.0	  200.0	    0.0	 1500.0	    0.0	  200.0	  100.0	   74.0	    0.0	    0.0	    0.0	    0.0	    4.6	  1	  -50.0	  750.0	   74.0	    0.0	    0.0	1	   71.6	 21	    0.0	    0.0	
   71	   7.10	 -103.4	  823.3	   81.3	    0.0	 1500.0	    0.0	  200.0	    0.0	 1500.0	    0.0	  200.0	  100.0	   73.5	    0.0	    0.0	    0.0	    0.0	    4.7	  1	  -50.0	  750.0	   73.5	    0.0	    0.0	1	   71.4	 21	    0.0	    0.0	
   72	   7.20	 -103.4	  823.3	   81.3	    0.0	 1500.0	    0.0	  200.0	    0.0	 1500.0	    0.0	  200.0	  100.0	   73.1	    0.0	    0.0	    0.0	    0.0	    4.8	  1	  -50.0	  750.0	   73.1	    0.0	    0.0	1	   71.3	 21	    0.0	    0.0	
   73	   7.30	 -103.4	  823.3	   81.3	    0.0	 1500.0	    0.0	  200.0	    0.0	 1500.0	    0.0	  200.0	  100.0	   72.6	    0.0	    0.0	    0.0	    0.0	    4.8	  1	  -50.0	  750.0	   72.6	    0.0	    0.0	1	   71.1	 21	    0.0	    0.0	
   74	   7.40	 -103.4	  823.3	   81.3	    0.0	 1500.0	    0.0	  200.0	    0.0	 1500.0	    0.0	  200.0	  100.0	   72.2	    0.0	    0.0	    0.0	    0.0	    4.9	  1	  -50.0	  750.0	   72.2	    0.0	    0.0	1	   74.1	 21	    0.0	    0.0	
   75	   7.50	 -103.4	  823.3	   81.3	    0.0	 1500.0	    0.0	  200.0	    0.0	 1500.0	    0.0	  200.0	  100.0	   71.8	    0.0	    0.0	    0.0	    0.0	    5.0	  1	  -50.0	  750.0	   71.8	    0.0	    0.0	1	   73.9	 21	    0.0	    0.0	
   76	   7.60	 -103.4	  823.3	   81.3	    0.0	 1500.0	    0.0	  200.0	    0.0	 1500.0	    0.0	  200.0	  100.0	   71.3	    0.0	    0.0	    0.0	    0.0	    5.0	  1	  -50.0	  750.0	   71.3	    0.0	    0.0	1	   73.7	 21	    0.0	    0.0	
   77	   7.70	 -103.4	  823.3	   81.3	    0.0	 1500.0	    0.0	  200.0	    0.0	 1500.0	    0.0	  200.0	  100.0	   70.9	    0.0	    0.0	    0.0	    0.0	    5.1	  1	  -50.0	  750.0	   70.9	    0.0	    0.0	1	   73.5	 21	    0.0	    0.0	
   78	   7.80	 -103.4	  823.3	   81.3	    0.0	 1500.0	    0.0	  200.0	    0.0	 1500.0	    0.0	  200.0	  100.0	   70.4	    0.0	    0.0	    0.0	    0.0	    5.2	  1	  -50.0	  750.0	   70.4	    0.0	    0.0	1	   73.3	 21	    0.0	    0.0	
   79	   7.90	 -103.4	  823.3	   81.3	    0.0	 1500.0	    0.0	  200.0	    0.0	 1500.0	    0.0	  200.0	  100.0	   70.0	    0.0	    0.0	    0.0	    0.0	    5.2	  1	  -50.0	  750.0	   70.0	    0.0	    0.0	1	   73.1	 21	    0.0	    0.0	
   80	   8.00	 -103.4	  823.3	   81.3	    0.0	 1500.0	    0.0	  200.0	    0.0	 1500.0	    0.0	  200.0	  100.0	   69.5	    0.0	    0.0	    0.0	    0.0	    5.3	  1	  -50.0	  750.0	   69.5	    0.0	    0.0	1	   72.9	 21	    0.0	    0.0	
   81	   8.10	 -103.4	  823.3	   81.3	    0.0	 1500.0	    0.0	  200.0	    0.0	 1500.0	    0.0	  200.0	  100.0	   69.1	    0.0	    0.0	    0.0	    0.0	    5.4	  1	  -50.0	  750.0	   69.1	    0.0	    0.0	1	   72.7	 21	    0.0	    0.0	
   82	   8.20	 -103.4	  823.3	   81.3	    0.0	 1500.0	    0.0	  200.0	    0.0	 1500.0	    0.0	  200.0	  100.0	   68.7	    0.0	    0.0	    0.0	    0.0	    5.4	  1	  -50.0	  750.0	   68.7	    0.0	    0.0	1	   72.5	 21	    0.0	    0.0	
   83	   8.30	 -103.4	  823.3	   81.3	    0.0	 1500.0	    0.0	  200.0	    0.0	 1500.0	    0.0	  200.0	  100.0	   68.2	    0.0	    0.0	    0.0	    0.0	    5.5	  1	  -50.0	  750.0	   68.2	    0.0	    0.0	1	   72.3	 21	    0.0	    0.0	
   84	   8.40	 -103.4	  823.3	   81.3	    0.0	 1500.0	    0.0	  200.0	    0.0	 1500.0	    0.0	  200.0	  100.0	   67.8	    0.0	    0.0	    0.0	    0.0	    5.6	  1	  -50.0	  750.0	   67.8	    0.0	    0.0	1	   72.1	 21	    0.0	    0.0	
   85	   8.50	 -103.4	  823.3	   81.3	    0.0	 1500.0	    0.0	  200.0	    0.0	 1500.0	    0.0	  200.0	  100.0	   67.3	    0.0	    0.0	    0.0	    0.0	    5.6	  1	  -50.0	  750.0	   67.3	    0.0	    0.0	1	   72.0	 21	    0.0	    0.0	
   86	   8.60	 -103.4	  823.3	   81.3	    0.0	 1500.0	    0.0	  200.0	    0.0	 1500.0	    0.0	  200.0	  100.0	   66.9	    0.0	    0.0	    0.0	    0.0	    5.7	  1	  -50.0	  750.0	   66.9	    0.0	    0.0	1	   71.8	 21	    0.0	    0.0	
   87	   8.70	 -103.4	  823.3	   81.3	    0.0	 1500.0	    0.0	  200.0	    0.0	 1500.0	    0.0	  200.0	  100.0	   66.4	    0.0	    0.0	    0.0	    0.0	    5.8	  1	  -50.0	  750.0	   66.4	    0.0	    0.0	1	   71.6	 21	    0.0	    0.0	
   88	   8.80	 -103.4	  823.3	   81.3	    0.0	 1500.0	    0.0	  200.0	    0.0	 1500.0	    0.0	  200.0	  100.0	   66.0	    0.0	    0.0	    0.0	    0.0	    5.8	  1	  -50.0	  750.0	   66.0	    0.0	    0.0	1	   71.4	 21	    0.0	    0.0	
   89	   8.90	 -103.4	  823.3	   81.3	    0.0	 1500.0	    0.0	  200.0	    0.0	 1500.0	    0.0	  200.0	  100.0	   65.6	    0.0	    0.0	    0.0	    0.0	    5.9	  1	  -50.0	  750.0	   65.6	    0.0	    0.0	1	   71.3	 21	    0.0	    0.0	
   90	   9.00	 -103.4	  823.3	   81.3	    0.0	 1500.0	    0.0	  200.0	    0.0	 1500.0	    0.0	  200.0	  100.0	   65.1	    0.0	    0.0	    0.0	    0.0	    6.0	  1	  -50.0	  750.0	   65.1	    0.0	    0.0	1	   71.1	 21	    0.0	    0.0	
   91	   9.10	 -103.4	  823.3	   81.3	    0.0	 1500.0	    0.0	  200.0	    0.0	 1500.0	    0.0	  200.0	  100.0	   64.7	    0.0	    0.0	    0.0	    0.0	    6.0	  1	  -50.0	  750.0	   64.7	    0.0	    0.0	1	   70.9	 21	    0.0	    0.0	
   92	   9.20	 -103.4	  823.3	   81.3	    0.0	 1500.0	    0.0	  200.0	    0.0	 1500.0	    0.0	  200.0	  100.0	   64.2	    0.0	    0.0	    0.0	    0.0	    6.1	  1	  -50.0	  750.0	   64.2	    0.0	    0.0	1	   73.8	 21	    0.0	    0.0	
   93	   9.30	 -103.4	  823.3	   81.3	    0.0	 1500.0	    0.0	  200.0	    0.0	 1500.0	    0.0	  200.0	  100.0	   63.8	    0.0	    0.0	    0.0	    0.0	    6.2	  1	  -50.0	  750.0	   63.8	    0.0	    0.0	1	   73.6	 21	    0.0	    0.0	
   94	   9.40	 -103.4	  823.3	   81.3	    0.0	 1500.0	    0.0	  200.0	    0.0	 1500.0	    0.0	  200.0	  100.0	   63.3	    0.0	    0.0	    0.0	    0.0	    6.2	  1	  -50.0	  750.0	   63.3	    0.0	    0.0	1	   73.4	 21	    0.0	    0.0	
   95	   9.50	 -103.4	  823.3	   81.3	    0.0	 1500.0	    0.0	  200.0	    0.0	 1500.0	    0.0	  200.0	  100.0	   62.9	    0.0	    0.0	    0.0	    0.0	    6.3	  1	  -50.0	  750.0	   62.9	    0.0	    0.0	1	   73.2	 21	    0.0	    0.0	
   96	   9.60	 -103.4	  823.3	   81.3	    0.0	 1500.0	    0.0	  200.0	    0.0	 1500.0	    0.0	  200.0	  100.0	   62.5	    0.0	    0.0	    0.0	    0.0	    6.4	  1	  -50.0	  750.0	   62.5	    0.0	    0.0	1	   73.0	 21	    0.0	    0.0	
   97	   9.70	 -103.4	  823.3	   81.3	    0.0	 1500.0	    0.0	  200.0	    0.0	 1500.0	    0.0	  200.0	  100.0	   62.0	    0.0	    0.0	    0.0	    0.0	    6.4	  1	  -50.0	  750.0	   62.0	    0.0	    0.0	1	   72.8	 21	    0.0	    0.0	
   98	   9.80	 -103.4	  823.3	   81.3	    0.0	 1500.0	    0.0	  200.0	    0.0	 1500.0	    0.0	  200.0	  100.0	   61.6	    0.0	    0.0	    0.0	    0.0	    6.5	  1	  -50.0	  750.0	   61.6	    0.0	    0.0	1	   72.7	 21	    0.0	    0.0	
   99	   9.90	 -103.4	  823.3	   81.3	    0.0	 1500.0	    0.0	  200.0	    0.0	 1500.0	    0.0	  200.0	  100.0	   61.1	    0.0	    0.0	    0.0	    0.0	    6.6	  1	  -50.0	  750.0	   61.1	    0.0	    0.0	1	   72.5	 21	    0.0	    0.0	
  100	  10.00	 -103.4	  823.3	   81.3	    0.0	 1500.0	    0.0	  200.0	    0.0	 1500.0	    0.0	  200.0	  100.0	   60.7	    0.0	    0.0	    0.0	    0.0	    6.6	  1	  -50.0	  750.0	   60.7	    0.0	    0.0	1	   72.3	 21	    0.0	    0.0	
  101	  10.10	 -103.4	  823.3	   81.3	    0.0	 1500.0	    0.0	  200.0	    0.0	 1500.0	    0.0	  200.0	  100.0	   60.2	    0.0	    0.0	    0.0	    0.0	    6.7	  1	  -50.0	  750.0	   60.2	    0.0	    0.0	1	   72.1	 21	    0.0	    0.0	
  102	  10.20	 -103.4	  823.3	   81.3	    0.0	 1500.0	    0.0	  200.0	    0.0	 1500.0	    0.0	  200.0	  100.0	   59.8	    0.0	    0.0	    0.0	    0.0	    6.8	  1	  -50.0	  750.0	   59.8	    0.0	    0.0	1	   71.9	 21	    0.0	    0.0	
  103	  10.30	 -103.4	  823.3	   81.3	    0.0	 1500.0	    0.0	  200.0	    0.0	 1500.0	    0.0	  200.0	  100.0	   59.4	    0.0	    0.0	    0.0	    0.0	    6.9	  1	  -50.0	  750.0	   59.4	    0.0	    0.0	1	   71.7	 21	    0.0	    0.0	
  104	  10.40	 -103.4	  823.3	   81.3	    0.0	 1500.0	    0.0	  200.0	    0.0	 1500.0	    0.0	  200.0	  100.0	   58.9	    0.0	    0.0	    0.0	    0.0	    6.9	  1	  -50.0	  750.0	   58.9	    0.0	    0.0	1	   71.6	 21	    0.0	    0.0	
  105	  10.50	 -103.4	  823.3	   81.3	    0.0	 1500.0	    0.0	  200.0	    0.0	 1500.0	    0.0	  200.0	  100.0	   58.5	    0.0	    0.0	    0.0	    0.0	    7.0	  1	  -50.0	  750.0	   58.5	    0.0	    0.0	1	   71.4	 21	    0.0	    0.0	
  106	  10.60	 -103.4	  823.3	   81.3	    0.0	 1500.0	    0.0	  200.0	    0.0	 1500.0	    0.0	  200.0	  100.0	   58.0	    0.0	    0.0	    0.0	    0.0	    7.1	  1	  -50.0	  750.0	   58.0	    0.0	    0.0	1	   71.2	 21	    0.0	    0.0	
  107	  10.70	 -103.4	  823.3	   81.3	    0.0	 1500.0	    0.0	  200.0	    0.0	 1500.0	    0.0	  200.0	  100.0	   57.6	    0.0	    0.0	    0.0	    0.0	    7.1	  1	  -50.0	  750.0	   57.6	    0.0	    0.0	1	   71.0	 21	    0.0	    0.0	
  108	  10.80	 -103.4	  823.3	   81.3	    0.0	 1500.0	    0.0	  200.0	    0.0	 1500.0	    0.0	  200.0	  100.0	   57.1	    0.0	    0.0	    0.0	    0.0	    7.2	  1	  -50.0	  750.0	   57.1	    0.0	    0.0	1	   70.9	 21	    0.0	    0.0	
  109	  10.90	 -103.4	  823.3	   81.3	    0.0	 1500.0	    0.0	  200.0	    0.0	 1500.0	    0.0	  200.0	  100.0	   56.7	    0.0	    0.0	    0.0	    0.0	    7.3	  1	  -50.0	  750.0	   56.7	    0.0	    0.0	1	   70.7	 21	    0.0	    0.0	
  110	  11.00	 -103.4	  823.3	   81.3	    0.0	 1500.0	    0.0	  200.0	    0.0	 1500.0	    0.0	  200.0	  100.0	   56.2	    0.0	    0.0	    0.0	    0.0	    7.3	  1	  -50.0	  750.0	   56.2	    0.0	    0.0	1	   70.6	 21	    0.0	    0.0	
  111	  11.10	 -103.4	  823.3	   81.3	    0.0	 1500.0	    0.0	  200.0	    0.0	 1500.0	    0.0	  200.0	  100.0	   55.8	    0.0	    0.0	    0.0	    0.0	    7.4	  1	  -50.0	  750.0	   55.8	    0.0	    0.0	1	   73.4	 21	    0.0	    0.0	
  112	  11.20	 -103.4	  823.3	   81.3	    0.0	 1500.0	    0.0	  200.0	    0.0	 1500.0	    0.0	  200.0	  100.0	   55.4	    0.0	    0.0	    0.0	    0.0	    7.5	  1	  -50.0	  750.0	   55.4	    0.0	    0.0	1	   73.2	 21	    0.0	    0.0	
  113	  11.30	 -103.4	  823.3	   81.3	    0.0	 1500.0	    0.0	  200.0	    0.0	 1500.0	    0.0	  200.0	  100.0	   54.9	    0.0	    0.0	    0.0	    0.0	    7.5	  1	  -50.0	  750.0	   54.9	    0.0	    0.0	1	   73.0	 21	    0.0	    0.0	
  114	  11.40	 -103.4	  823.3	   81.3	    0.0	 1500.0	    0.0	  200.0	    0.0	 1500.0	    0.0	  200.0	  100.0	   54.5	    0.0	    0.0	    0.0	    0.0	    7.6	  1	  -50.0	  750.0	   54.5	    0.0	    0.0	1	   72.8	 21	    0.0	    0.0	
  115	  11.50	 -103.4	  823.3	   81.3	    0.0	 1500.0	    0.0	  200.0	    0.0	 1500.0	    0.0	  200.0	  100.0	   54.0	    0.0	    0.0	    0.0	    0.0	    7.7	  1	  -50.0	  750.0	   54.0	    0.0	    0.0	1	   72.6	 21	    0.0	    0.0	
  116	  11.60	 -103.4	  823.3	   81.3	    0.0	 1500.0	    0.0	  200.0	    0.0	 1500.0	    0.0	  200.0	  100.0	   53.6	    0.0	    0.0	    0.0	    0.0	    7.7	  1	  -50.0	  750.0	   53.6	    0.0	    0.0	1	   72.4	 21	    0.0	    0.0	
  117	  11.70	 -103.4	  823.3	   81.3	    0.0	 1500.0	    0.0	  200.0	    0.0	 1500.0	    0.0	  200.0	  100.0	   53.1	    0.0	    0.0	    0.0	    0.0	    7.8	  1	  -50.0	  750.0	   53.1	    0.0	    0.0	1	   72.2	 21	    0.0	    0.0	
  118	  11.80	 -103.4	  823.3	   81.3	    0.0	 1500.0	    0.0	  200.0	    0.0	 1500.0	    0.0	  200.0	  100.0	   52.7	    0.0	    0.0	    0.0	    0.0	    7.9	  1	  -50.0	  750.0	   52.7	    0.0	    0.0	1	   72.0	 21	    0.0	    0.0	
  119	  11.90	 -103.4	  823.3	   81.3	    0.0	 1500.0	    0.0	  200.0	    0.0	 1500.0	    0.0	  200.0	  100.0	   52.3	    0.0	    0.0	    0.0	    0.0	    7.9	  1	  -50.0	  750.0	   52.3	    0.0	    0.0	1	   71.8	 21	    0.0	    0.0	
  120	  12.00	 -103.4	  823.3	   81.3	    0.0	 1500.0	    0.0	  200.0	    0.0	 1500.0	    0.0	  200.0	  100.0	   51.8	    0.0	    0.0	    0.0	    0.0	    8.0	  1	  -50.0	  750.0	   51.8	    0.0	    0.0	1	   71.7	 21	    0.0	    0.0	
  121	  12.10	 -103.4	  823.3	   81.3	    0.0	 1500.0	    0.0	  200.0	    0.0	 1500.0	    0.0	  200.0	  100.0	   51.4	    0.0	    0.0	    0.0	    0.0	    8.1	  1	  -50.0	  750.0	   51.4	    0.0	    0.0	1	   71.5	 21	    0.0	    0.0	
  122	  12.20	 -103.4	  823.3	   81.3	    0.0	 1500.0	    0.0	  200.0	    0.0	 1500.0	    0.0	  200.0	  100.0	   50.9	    0.0	    0.0	    0.0	    0.0	    8.1	  1	  -50.0	  750.0	   50.9	    0.0	    0.0	1	   71.3	 21	    0.0	    0.0	
  123	  12.30	 -103.4	  823.3	   81.3	    0.0	 1500.0	    0.0	  200.0	    0.0	 1500.0	    0.0	  200.0	  100.0	   50.5	    0.0	    0.0	    0.0	    0.0	    8.2	  1	  -50.0	  750.0	   50.5	    0.0	    0.0	1	   71.1	 21	    0.0	    0.0	
  124	  12.40	 -103.4	  823.3	   81.3	    0.0	 1500.0	    0.0	  200.0	    0.0	 1500.0	    0.0	  200.0	  100.0	   50.0	    0.0	    0.0	    0.0	    0.0	    8.3	  1	  -50.0	  750.0	   50.0	    0.0	    0.0	1	   71.0	 21	    0.0	    0.0	
  125	  12.50	 -103.4	  823.3	   81.3	    0.0	 1500.0	    0.0	  200.0	    0.0	 1500.0	    0.0	  200.0	  100.0	   49.6	    0.0	    0.0	    0.0	    0.0	    8.3	  1	  -50.0	  750.0	   49.6	    0.0	    0.0	1	   70.8	 21	    0.0	    0.0	
  126	  12.60	 -103.4	  823.3	   81.3	    0.0	 1500.0	    0.0	  200.0	    0.0	 1500.0	    0.0	  200.0	  100.0	   49.2	    0.0	    0.0	    0.0	    0.0	    8.4	  1	  -50.0	  750.0	   49.2	    0.0	    0.0	1	   70.6	 21	    0.0	    0.0	
  127	  12.70	 -103.4	  823.3	   81.3	    0.0	 1500.0	    0.0	  200.0	    0.0	 1500.0	    0.0	  200.0	  100.0	   48.7	    0.0	    0.0	    0.0	    0.0	    8.5	  1	  -50.0	  750.0	   48.7	    0.0	    0.0	1	   70.5	 21	    0.0	    0.0	
  128	  12.80	 -103.4	  823.3	   81.3	    0.0	 1500.0	    0.0	  200.0	    0.0	 1500.0	    0.0	  200.0	  100.0	   48.3	    0.0	    0.0	    0.0	    0.0	    8.5	  1	  -50.0	  750.0	   48.3	    0.0	    0.0	1	   70.3	 21	    0.0	    0.0	
  129	  12.90	 -103.4	  823.3	   81.3	    0.0	 1500.0	    0.0	  200.0	    0.0	 1500.0	    0.0	  200.0	  100.0	   47.8	    0.0	    0.0	    0.0	    0.0	    8.6	  1	  -50.0	  750.0	   47.8	    0.0	    0.0	1	   73.1	 21	    0.0	    0.0	
  130	  13.00	 -103.4	  823.3	   81.3	    0.0	 1500.0	    0.0	  200.0	    0.0	 1500.0	    0.0	  200.0	  100.0	   47.4	    0.0	    0.0	    0.0	    0.0	    8.7	  1	  -50.0	  750.0	   47.4	    0.0	    0.0	1	   72.9	 21	    0.0	    0.0	
  131	  13.10	 -103.4	  823.3	   81.3	    0.0	 1500.0	    0.0	  200.0	    0.0	 1500.0	    0.0	  200.0	  100.0	   46.9	    0.0	    0.0	    0.0	    0.0	    8.7	  1	  -50.0	  750.0	   46.9	    0.0	    0.0	1	   72.7	 21	    0.0	    0.0	
  132	  13.20	 -103.4	  823.3	   81.3	    0.0	 1500.0	    0.0	  200.0	    0.0	 1500.0	    0.0	  200.0	  100.0	   46.5	    0.0	    0.0	    0.0	    0.0	    8.8	  1	  -50.0	  750.0	   46.5	    0.0	    0.0	1	   72.5	 21	    0.0	    0.0	
  133	  13.30	 -103.4	  823.3	   81.3	    0.0	 1500.0	    0.0	  200.0	    0.0	 1500.0	    0.0	  200.0	  100.0	   46.1	    0.0	    0.0	    0.0	    0.0	    8.9	  1	  -50.0	  750.0	   46.1	    0.0	    0.0	1	   72.3	 21	    0.0	    0.0	
  134	  13.40	 -103.4	  823.3	   81.3	    0.0	 1500.0	    0.0	  200.0	    0.0	 1500.0	    0.0	  200.0	  100.0	   45.6	    0.0	    0.0	    0.0	    0.0	    9.0	  1	  -50.0	  750.0	   45.6	    0.0	    0.0	1	   72.1	 21	    0.0	    0.0	
  135	  13.50	 -103.4	  823.3	   81.3	    0.0	 1500.0	    0.0	  200.0	    0.0	 1500.0	    0.0	  200.0	  100.0	   45.2	    0.0	    0.0	    0.0	    0.0	    9.0	  1	  -50.0	  750.0	   45.2	    0.0	    0.0	1	   71.9	 21	    0.0	    0.0	
  136	  13.60	 -103.4	  823.3	   81.3	    0.0	 1500.0	    0.0	  200.0	    0.0	 1500.0	    0.0	  200.0	  100.0	   44.7	    0.0	    0.0	    0.0	    0.0	    9.1	  1	  -50.0	  750.0	   44.7	    0.0	    0.0	1	   71.7	 21	    0.0	    0.0	
  137	  13.70	 -103.4	  823.3	   81.3	    0.0	 1500.0	    0.0	  200.0	    0.0	 1500.0	    0.0	  200.0	  100.0	   44.3	    0.0	    0.0	    0.0	    0.0	    9.2	  1	  -50.0	  750.0	   44.3	    0.0	    0.0	1	   71.5	 21	    0.0	    0.0	
  138	  13.80	 -103.4	  823.3	   81.3	    0.0	 1500.0	    0.0	  200.0	    0.0	 1500.0	    0.0	  200.0	  100.0	   43.8	    0.0	    0.0	    0.0	    0.0	    9.2	  1	  -50.0	  750.0	   43.8	    0.0	    0.0	1	   71.4	 21	    0.0	    0.0	
  139	  13.90	 -103.4	  823.3	   81.3	    0.0	 1500.0	    0.0	  200.0	    0.0	 1500.0	    0.0	  200.0	  100.0	   43.4	    0.0	    0.0	    0.0	    0.0	    9.3	  1	  -50.0	  750.0	   43.4	    0.0	    0.0	1	   71.2	 21	    0.0	    0.0	
  140	  14.00	 -103.4	  823.3	   81.3	    0.0	 1500.0	    0.0	  200.0	    0.0	 1500.0	    0.0	  200.0	  100.0	   43.0	    0.0	    0.0	    0.0	    0.0	    9.4	  1	  -50.0	  750.0	   43.0	    0.0	    0.0	1	   71.0	 21	    0.0	    0.0	
  141	  14.10	 -103.4	  823.3	   81.3	    0.0	 1500.0	    0.0	  200.0	    0.0	 1500.0	    0.0	  200.0	  100.0	   42.5	    0.0	    0.0	    0.0	    0.0	    9.4	  1	  -50.0	  750.0	   42.5	    0.0	    0.0	1	   70.9	 21	    0.0	    0.0	
  142	  14.20	 -103.4	  823.3	   81.3	    0.0	 1500.0	    0.0	  200.0	    0.0	 1500.0	    0.0	  200.0	  100.0	   42.1	    0.0	    0.0	    0.0	    0.0	    9.5	  1	  -50.0	  750.0	   42.1	    0.0	    0.0	1	   70.7	 21	 1398.9	   19.9	
  143	  14.30	 -103.4	  823.3	   81.3	    0.0	 1500.0	    0.0	  200.0	    0.0	 1500.0	    0.0	  200.0	  100.0	   41.6	    0.0	    0.0	    0.0	    0.0	    9.6	  1	  -50.0	  750.0	   41.6	    0.0	    0.0	1	   70.5	 21	 1397.3	   19.7	
  144	  14.40	 -103.4	  823.3	   81.3	    0.0	 1500.0	    0.0	  200.0	    0.0	 1500.0	    0.0	  200.0	  100.0	   41.2	    0.0	    0.0	    0.0	    0.0	    9.6	  1	  -50.0	  750.0	   41.2	    0.0	    0.0	1	   70.4	 21	 1395.7	   19.6	
  145	  14.50	 -103.4	  823.3	   81.3	    0.0	 1500.0	    0.0	  200.0	    0.0	 1500.0	    0.0	  200.0	  100.0	   40.7	    0.0	    0.0	    0.0	    0.0	    9.7	  1	  -50.0	  750.0	   40.7	    0.0	    0.0	1	   70.2	 21	 1394.1	   19.4	
  146	  14.60	 -103.4	  823.3	   81.3	    0.0	 1500.0	    0.0	  200.0	    0.0	 1500.0	    0.0	  200.0	  100.0	   40.3	    0.0	    0.0	    0.0	    0.0	    9.8	  1	  -50.0	  750.0	   40.3	    0.0	    0.0	1	   70.1	 21	 1392.5	   19.3	
  147	  14.70	 -103.4	  823.3	   81.3	    0.0	 1500.0	    0.0	  200.0	    0.0	 1500.0	    0.0	  200.0	  100.0	   39.9	    0.0	    0.0	    0.0	    0.0	    9.8	  1	  -50.0	  750.0	   39.9	    0.0	    0.0	1	   72.7	 21	 1390.9	   19.1	
  148	  14.80	 -103.4	  823.3	   81.3	    0.0	 1500.0	    0.0	  200.0	    0.0	 1500.0	    0.0	  200.0	  100.0	   39.4	    0.0	    0.0	    0.0	    0.0	    9.9	  1	  -50.0	  750.0	   39.4	    0.0	    0.0	1	   72.5	 21	 1389.3	   18.9	
  149	  14.90	 -103.4	  823.3	   81.3	    0.0	 1500.0	    0.0	  200.0	    0.0	 1500.0	    0.0	  200.0	  100.0	   39.0	    0.0	    0.0	    0.0	    0.0	   10.0	  1	  -50.0	  750.0	   39.0	    0.0	    0.0	1	   72.3	 21	 1387.7	   18.8	
  150	  15.00	 -103.4	  823.3	   81.3	    0.0	 1500.0	    0.0	  200.0	    0.0	 1500.0	    0.0	  200.0	  100.0	   38.5	    0.0	    0.0	    0.0	    0.0	   10.0	  1	  -50.0	  750.0	   38.5	    0.0	    0.0	1	   72.1	 21	 1386.1	   18.6	
  151	  15.10	 -103.4	  823.3	   81.3	    0.0	 1500.0	    0.0	  200.0	    0.0	 1500.0	    0.0	  200.0	  100.0	   38.1	    0.0	    0.0	    0.0	    0.0	   10.1	  1	  -50.0	  750.0	   38.1	    0.0	    0.0	1	   71.9	 21	 1384.5	   18.4	
  152	  15.20	 -103.4	  823.3	   81.3	    0.0	 1500.0	    0.0	  200.0	    0.0	 1500.0	    0.0	  200.0	  100.0	   37.6	    0.0	    0.0	    0.0	    0.0	   10.2	  1	  -50.0	  750.0	   37.6	    0.0	    0.0	1	   71.8	 21	 1382.9	   18.3	
  153	  15.30	 -103.4	  823.3	   81.3	    0.0	 1500.0	    0.0	  200.0	    0.0	 1500.0	    0.0	  200.0	  100.0	   37.2	    0.0	    0.0	    0.0	    0.0	   10.2	  1	  -50.0	  750.0	   37.2	    0.0	    0.0	1	   71.6	 21	 1381.3	   18.1	
  154	  15.40	 -103.4	  823.3	   81.3	    0.0	 1500.0	    0.0	  200.0	    0.0	 1500.0	    0.0	  200.0	  100.0	   36.8	    0.0	    0.0	    0.0	    0.0	   10.3	  1	  -50.0	  750.0	   36.8	    0.0	    0.0	1	   71.4	 21	 1379.7	   18.0	
  155	  15.50	 -103.4	  823.3	   81.3	    0.0	 1500.0	    0.0	  200.0	    0.0	 1500.0	    0.0	  200.0	  100.0	   36.3	    0.0	    0.0	    0.0	    0.0	   10.4	  1	  -50.0	  750.0	   36.3	    0.0	    0.0	1	   71.2	 21	 1378.1	   17.8	
  156	  15.60	 -103.4	  823.3	   81.3	    0.0	 1500.0	    0.0	  200.0	    0.0	 1500.0	    0.0	  200.0	  100.0	   35.9	    0.0	    0.0	    0.0	    0.0	   10.4	  1	  -50.0	  750.0	   35.9	    0.0	    0.0	1	   71.0	 21	 1376.5	   17.6	
  157	  15.70	 -103.4	  823.3	   81.3	    0.0	 1500.0	    0.0	  200.0	    0.0	 1500.0	    0.0	  200.0	  100.0	   35.4	    0.0	    0.0	    0.0	    0.0	   10.5	  1	  -50.0	  750.0	   35.4	    0.0	    0.0	1	   70.9	 21	 1374.9	   17.5	
  158	  15.80	 -103.4	  823.3	   81.3	    0.0	 1500.0	    0.0	  200.0	    0.0	 1500.0	    0.0	  200.0	  100.0	   35.0	    0.0	    0.0	    0.0	    0.0	   10.6	  1	  -50.0	  750.0	   35.0	    0.0	    0.0	1	   70.7	 21	 1373.2	   17.3	
  159	  15.90	 -103.4	  823.3	   81.3	    0.0	 1500.0	    0.0	  200.0	    0.0	 1500.0	    0.0	  200.0	  100.0	   34.5	    0.0	    0.0	    0.0	    0.0	   10.6	  1	  -50.0	  750.0	   34.5	    0.0	    0.0	1	   70.6	 21	 1371.6	   17.2	
  160	  16.00	 -103.4	  823.3	   81.3	    0.0	 1500.0	    0.0	  200.0	    0.0	 1500.0	    0.0	  200.0	  100.0	   34.1	    0.0	    0.0	    0.0	    0.0	   10.7	  1	  -50.0	  750.0	   34.1	    0.0	    0.0	1	   70.4	 21	 1370.0	   17.0	
  161	  16.10	 -103.4	  823.3	   81.3	    0.0	 1500.0	    0.0	  200.0	    0.0	 1500.0	    0.0	  200.0	  100.0	   33.7	    0.0	    0.0	    0.0	    0.0	   10.8	  1	  -50.0	  750.0	   33.7	    0.0	    0.0	1	   70.2	 21	 1368.4	   16.8	
  162	  16.20	 -103.4	  823.3	   81.3	    0.0	 1500.0	    0.0	  200.0	    0.0	 1500.0	    0.0	  200.0	  100.0	   33.2	    0.0	    0.0	    0.0	    0.0	   10.8	  1	  -50.0	  750.0	   33.2	    0.0	    0.0	1	   70.1	 21	 1366.8	   16.7	
  163	  16.30	 -103.4	  823.3	   81.3	    0.0	 1500.0	    0.0	  200.0	    0.0	 1500.0	    0.0	  200.0	  100.0	   32.8	    0.0	    0.0	    0.0	    0.0	   10.9	  1	  -50.0	  750.0	   32.8	    0.0	    0.0	1	   69.9	 21	 1365.2	   16.5	
  164	  16.40	 -103.4	  823.3	   81.3	    0.0	 1500.0	    0.0	  200.0	    0.0	 1500.0	    0.0	  200.0	  100.0	   32.3	    0.0	    0.0	    0.0	    0.0	   11.0	  1	  -50.0	  750.0	   32.3	    0.0	    0.0	1	   72.5	 21	 1363.6	   16.4	
  165	  16.50	 -103.4	  823.3	   81.3	    0.0	 1500.0	    0.0	  200.0	    0.0	 1500.0	    0.0	  200.0	  100.0	   31.9	    0.0	    0.0	    0.0	    0.0	   11.1	  1	  -50.0	  750.0	   31.9	    0.0	    0.0	1	   72.3	 21	 1362.0	   16.2	
  166	  16.60	 -103.4	  823.3	   81.3	    0.0	 1500.0	    0.0	  200.0	    0.0	 1500.0	    0.0	  200.0	  100.0	   31.4	    0.0	    0.0	    0.0	    0.0	   11.1	  1	  -50.0	  750.0	   31.4	    0.0	    0.0	1	   72.2	 21	 1360.4	   16.0	
  167	  16.70	 -103.4	  823.3	   81.3	    0.0	 1500.0	    0.0	  200.0	    0.0	 1500.0	    0.0	  200.0	  100.0	   31.0	    0.0	    0.0	    0.0	    0.0	   11.2	  1	  -50.0	  750.0	   31.0	    0.0	    0.0	1	   72.0	 21	 1358.8	   15.9	
  168	  16.80	 -103.4	  823.3	   81.3	    0.0	 1500.0	    0.0	  200.0	    0.0	 1500.0	    0.0	  200.0	  100.0	   30.5	    0.0	    0.0	    0.0	    0.0	   11.3	  1	  -50.0	  750.0	   30.5	    0.0	    0.0	1	   71.8	 21	 1357.2	   15.7	
  169	  16.90	 -103.4	  823.3	   81.3	    0.0	 1500.0	    0.0	  200.0	    0.0	 1500.0	    0.0	  200.0	  100.0	   30.1	    0.0	    0.0	    0.0	    0.0	   11.3	  1	  -50.0	  750.0	   30.1	    0.0	    0.0	1	   71.6	 21	 1355.6	   15.6	
  170	  17.00	 -103.4	  823.3	   81.3	    0.0	 1500.0	    0.0	  200.0	    0.0	 1500.0	    0.0	  200.0	  100.0	   29.7	    0.0	    0.0	    0.0	    0.0	   11.4	  1	  -50.0	  750.0	   29.7	    0.0	    0.0	1	   71.4	 21	 1354.0	   15.4	
  171	  17.10	 -103.4	  823.3	   81.3	    0.0	 1500.0	    0.0	  200.0	    0.0	 1500.0	    0.0	  200.0	  100.0	   29.2	    0.0	    0.0	    0.0	    0.0	   11.5	  1	  -50.0	  750.0	   29.2	    0.0	    0.0	1	   71.2	 21	 1352.4	   15.2	
  172	  17.20	 -103.4	  823.3	   81.3	    0.0	 1500.0	    0.0	  200.0	    0.0	 1500.0	    0.0	  200.0	  100.0	   28.8	    0.0	    0.0	    0.0	    0.0	   11.5	  1	  -50.0	  750.0	   28.8	    0.0	    0.0	1	   71.1	 21	 1350.8	   15.1	
  173	  17.30	 -103.4	  823.3	   81.3	    0.0	 1500.0	    0.0	  200.0	    0.0	 1500.0	    0.0	  200.0	  100.0	   28.3	    0.0	    0.0	    0.0	    0.0	   11.6	  1	  -50.0	  750.0	   28.3	    0.0	    0.0	1	   70.9	 21	 1349.2	   14.9	
  174	  17.40	 -103.4	  823.3	   81.3	    0.0	 1500.0	    0.0	  200.0	    0.0	 1500.0	    0.0	  200.0	  100.0	   27.9	    0.0	    0.0	    0.0	    0.0	   11.7	  1	  -50.0	  750.0	   27.9	    0.0	    0.0	1	   70.7	 21	 1347.6	   14.8	
  175	  17.50	 -103.4	  823.3	   81.3	    0.0	 1500.0	    0.0	  200.0	    0.0	 1500.0	    0.0	  200.0	  100.0	   27.4	    0.0	    0.0	    0.0	    0.0	   11.7	  1	  -50.0	  750.0	   27.4	    0.0	    0.0	1	   70.6	 21	 1346.0	   14.6	
  176	  17.60	 -103.4	  823.3	   81.3	    0.0	 1500.0	    0.0	  200.0	    0.0	 1500.0	    0.0	  200.0	  100.0	   27.0	    0.0	    0.0	    0.0	    0.0	   11.8	  1	  -50.0	  750.0	   27.0	    0.0	    0.0	1	   70.4	 21	 1344.4	   14.4	
  177	  17.70	 -103.4	  823.3	   81.3	    0.0	 1500.0	    0.0	  200.0	    0.0	 1500.0	    0.0	  200.0	  100.0	   26.6	    0.0	    0.0	    0.0	    0.0	   11.9	  1	  -50.0	  750.0	   26.6	    0.0	    0.0	1	   70.2	 21	 1342.8	   14.3	
  178	  17.80	 -103.4	  823.3	   81.3	    0.0	 1500.0	    0.0	  200.0	    0.0	 1500.0	    0.0	  200.0	  100.0	   26.1	    0.0	    0.0	    0.0	    0.0	   11.9	  1	  -50.0	  750.0	   26.1	    0.0	    0.0	1	   70.1	 21	 1341.2	   14.1	
  179	  17.90	 -103.4	  823.3	   81.3	    0.0	 1500.0	    0.0	  200.0	    0.0	 1500.0	    0.0	  200.0	  100.0	   25.7	    0.0	    0.0	    0.0	    0.0	   12.0	  1	  -50.0	  750.0	   25.7	    0.0	    0.0	1	   69.9	 21	 1339.6	   14.0	
  180	  18.00	 -103.4	  823.3	   81.3	    0.0	 1500.0	    0.0	  200.0	    0.0	 1500.0	    0.0	  200.0	  100.0	   25.2	    0.0	    0.0	    0.0	    0.0	   12.1	  1	  -50.0	  750.0	   25.2	    0.0	    0.0	1	   69.8	 21	 1338.0	   13.8	
  181	  18.10	 -103.4	  823.3	   81.3	    0.0	 1500.0	    0.0	  200.0	    0.0	 1500.0	    0.0	  200.0	  100.0	   24.8	    0.0	    0.0	    0.0	    0.0	   12.1	  1	  -50.0	  750.0	   24.8	    0.0	    0.0	1	   69.7	 21	 1336.4	   13.6	
  182	  18.20	 -103.4	  823.3	   81.3	    0.0	 1500.0	    0.0	  200.0	    0.0	 1500.0	    0.0	  200.0	  100.0	   24.3	    0.0	    0.0	    0.0	    0.0	   12.2	  1	  -50.0	  750.0	   24.3	    0.0	    0.0	1	   72.2	 21	 1334.7	   13.5	
  183	  18.30	 -103.4	  823.3	   81.3	    0.0	 1500.0	    0.0	  200.0	    0.0	 1500.0	    0.0	  200.0	  100.0	   23.9	    0.0	    0.0	    0.0	    0.0	   12.3	  1	  -50.0	  750.0	   23.9	    0.0	    0.0	1	   72.0	 21	 1333.1	   13.3	
  184	  18.40	 -103.4	  823.3	   81.3	    0.0	 1500.0	    0.0	  200.0	    0.0	 1500.0	    0.0	  200.0	  100.0	   23.5	    0.0	    0.0	    0.0	    0.0	   12.3	  1	  -50.0	  750.0	   23.5	    0.0	    0.0	1	   71.8	 21	 1331.5	   13.2	
  185	  18.50	 -103.4	  823.3	   81.3	    0.0	 1500.0	    0.0	  200.0	    0.0	 1500.0	    0.0	  200.0	  100.0	   23.0	    0.0	    0.0	    0.0	    0.0	   12.4	  1	  -50.0	  750.0	   23.0	    0.0	    0.0	1	   71.6	 21	 1329.9	   13.0	
  186	  18.60	 -103.4	  823.3	   81.3	    0.0	 1500.0	    0.0	  200.0	    0.0	 1500.0	    0.0	  200.0	  100.0	   22.6	    0.0	    0.0	    0.0	    0.0	   12.5	  1	  -50.0	  750.0	   22.6	    0.0	    0.0	1	   71.4	 21	 1328.3	   12.8	
  187	  18.70	 -103.4	  823.3	   81.3	    0.0	 1500.0	    0.0	  200.0	    0.0	 1500.0	    0.0	  200.0	  100.0	   22.1	    0.0	    0.0	    0.0	    0.0	   12.5	  1	  -50.0	  750.0	   22.1	    0.0	    0.0	1	   71.2	 21	 1326.7	   12.7	
  188	  18.80	 -103.4	  823.3	   81.3	    0.0	 1500.0	    0.0	  200.0	    0.0	 1500.0	    0.0	  200.0	  100.0	   21.7	    0.0	    0.0	    0.0	    0.0	   12.6	  1	  -50.0	  750.0	   21.7	    0.0	    0.0	1	   71.1	 21	 1325.1	   12.5	
  189	  18.90	 -103.4	  823.3	   81.3	    0.0	 1500.0	    0.0	  200.0	    0.0	 1500.0	    0.0	  200.0	  100.0	   21.2	    0.0	    0.0	    0.0	    0.0	   12.7	  1	  -50.0	  750.0	   21.2	    0.0	    0.0	1	   70.9	 21	 1323.5	   12.4	
  190	  19.00	 -103.4	  823.3	   81.3	    0.0	 1500.0	    0.0	  200.0	    0.0	 1500.0	    0.0	  200.0	  100.0	   20.8	    0.0	    0.0	    0.0	    0.0	   12.7	  1	  -50.0	  750.0	   20.8	    0.0	    0.0	1	   70.7	 21	 1321.9	   12.2	
  191	  19.10	 -103.4	  823.3	   81.3	    0.0	 1500.0	    0.0	  200.0	    0.0	 1500.0	    0.0	  200.0	  100.0	   20.4	    0.0	    0.0	    0.0	    0.0	   12.8	  1	  -50.0	  750.0	   20.4	    0.0	    0.0	1	   70.6	 21	 1320.3	   12.0	
  192	  19.20	 -103.4	  823.3	   81.3	    0.0	 1500.0	    0.0	  200.0	    0.0	 1500.0	    0.0	  200.0	  100.0	   19.9	    0.0	    0.0	    0.0	    0.0	   12.9	  1	  -50.0	  750.0	   19.9	    0.0	    0.0	1	   70.4	 21	 1318.7	   11.9	
  193	  19.30	 -103.4	  823.3	   81.3	    0.0	 1500.0	    0.0	  200.0	    0.0	 1500.0	    0.0	  200.0	  100.0	   19.5	    0.0	    0.0	    0.0	    0.0	   12.9	  1	  -50.0	  750.0	   19.5	    0.0	    0.0	1	   70.2	 21	 1317.1	   11.7	
  194	  19.40	 -103.4	  823.3	   81.3	    0.0	 1500.0	    0.0	  200.0	    0.0	 1500.0	    0.0	  200.0	  100.0	   19.0	    0.0	    0.0	    0.0	    0.0	   13.0	  1	  -50.0	  750.0	   19.0	    0.0	    0.0	1	   70.1	 21	 1315.5	   11.6	
  195	  19.50	 -103.4	  823.3	   81.3	    0.0	 1500.0	    0.0	  200.0	    0.0	 1500.0	    0.0	  200.0	  100.0	   18.6	    0.0	    0.0	    0.0	    0.0	   13.1	  1	  -50.0	  750.0	   18.6	    0.0	    0.0	1	   69.9	 21	 1313.9	   11.4	
  196	  19.60	 -103.4	  823.3	   81.3	    0.0	 1500.0	    0.0	  200.0	    0.0	 1500.0	    0.0	  200.0	  100.0	   18.1	    0.0	    0.0	    0.0	    0.0	   13.2	  1	  -50.0	  750.0	   18.1	    0.0	    0.0	1	   69.8	 21	 1312.3	   11.2	
  197	  19.70	 -103.4	  823.3	   81.3	    0.0	 1500.0	    0.0	  200.0	    0.0	 1500.0	    0.0	  200.0	  100.0	   17.7	    0.0	    0.0	    0.0	    0.0	   13.2	  1	  -50.0	  750.0	   17.7	    0.0	    0.0	1	   69.6	 21	 1310.7	   11.1	
  198	  19.80	 -103.4	  823.3	   81.3	    0.0	 1500.0	    0.0	  200.0	    0.0	 1500.0	    0.0	  200.0	  100.0	   17.3	    0.0	    0.0	    0.0	    0.0	   13.3	  1	  -50.0	  750.0	   17.3	    0.0	    0.0	1	   69.5	 21	 1309.1	   10.9	
  199	  19.90	 -103.4	  823.3	   81.3	    0.0	 1500.0	    0.0	  200.0	    0.0	 1500.0	    0.0	  200.0	  100.0	   16.8	    0.0	    0.0	    0.0	    0.0	   13.4	  1	  -50.0	  750.0	   16.8	    0.0	    0.0	1	   72.0	 21	 1307.5	   10.8	
  200	  20.00	 -103.4	  823.3	   81.3	    0.0	 1500.0	    0.0	  200.0	    0.0	 1500.0	    0.0	  200.0	  100.0	   16.4	    0.0	    0.0	    0.0	    0.0	   13.4	  1	  -50.0	  750.0	   16.4	    0.0	    0.0	1	   71.8	 21	 1305.9	   10.6	
  201	  20.10	 -103.4	  823.3	   81.3	    0.0	 1500.0	    0.0	  200.0	    0.0	 1500.0	    0.0	  200.0	  100.0	   15.9	    0.0	    0.0	    0.0	    0.0	   13.5	  1	  -50.0	  750.0	   15.9	    0.0	    0.0	1	   71.6	 21	 1304.3	   10.4	
  202	  20.20	 -103.4	  823.3	   81.3	    0.0	 1500.0	    0.0	  200.0	    0.0	 1500.0	    0.0	  200.0	  100.0	   15.5	    0.0	    0.0	    0.0	    0.0	   13.6	  1	  -50.0	  750.0	   15.5	    0.0	    0.0	1	   71.4	 21	 1302.7	   10.3	
  203	  20.30	 -103.4	  823.3	   81.3	    0.0	 1500.0	    0.0	  200.0	    0.0	 1500.0	    0.0	  200.0	  100.0	   15.0	    0.0	    0.0	    0.0	    0.0	   13.6	  1	  -50.0	  750.0	   15.0	    0.0	    0.0	1	   71.2	 21	 1301.1	   10.1	
  204	  20.40	 -103.4	  823.3	   81.3	    0.0	 1500.0	    0.0	  200.0	    0.0	 1500.0	    0.0	  200.0	  100.0	   14.6	    0.0	    0.0	    0.0	    0.0	   13.7	  1	  -50.0	  750.0	   14.6	    0.0	    0.0	1	   71.0	 21	    0.0	   10.0	
  205	  20.50	 -103.4	  823.3	   81.3	    0.0	 1500.0	    0.0	  200.0	    0.0	 1500.0	    0.0	  200.0	  100.0	   14.2	    0.0	    0.0	    0.0	    0.0	   13.8	  1	  -50.0	  750.0	   14.2	    0.0	    0.0	1	   70.9	 21	    0.0	    9.8	
  206	  20.60	 -103.4	  823.3	   81.3	    0.0	 1500.0	    0.0	  200.0	    0.0	 1500.0	    0.0	  200.0	  100.0	   13.7	    0.0	    0.0	    0.0	    0.0	   13.8	  1	  -50.0	  750.0	   13.7	    0.0	    0.0	1	   70.7	 21	    0.0	    9.6	
  207	  20.70	 -103.4	  823.3	   81.3	    0.0	 1500.0	    0.0	  200.0	    0.0	 1500.0	    0.0	  200.0	  100.0	   13.3	    0.0	    0.0	    0.0	    0.0	   13.9	  1	  -50.0	  750.0	   13.3	    0.0	    0.0	1	   70.5	 21	    0.0	    9.5	
  208	  20.80	 -103.4	  823.3	   81.3	    0.0	 1500.0	    0.0	  200.0	    0.0	 1500.0	    0.0	  200.0	  100.0	   12.8	    0.0	    0.0	    0.0	    0.0	   14.0	  1	  -50.0	  750.0	   12.8	    0.0	    0.0	1	   70.4	 21	    0.0	    9.3	
  209	  20.90	 -103.4	  823.3	   81.3	    0.0	 1500.0	    0.0	  200.0	    0.0	 1500.0	    0.0	  200.0	  100.0	   12.4	    0.0	    0.0	    0.0	    0.0	   14.0	  1	  -50.0	  750.0	   12.4	    0.0	    0.0	1	   70.2	 21	    0.0	    9.2	
  210	  21.00	 -103.4	  823.3	   81.3	    0.0	 1500.0	    0.0	  200.0	    0.0	 1500.0	    0.0	  200.0	  100.0	   11.9	    0.0	    0.0	    0.0	    0.0	   14.1	  1	  -50.0	  750.0	   11.9	    0.0	    0.0	1	   70.1	 21	    0.0	    9.0	
  211	  21.10	 -103.4	  823.3	   81.3	    0.0	 1500.0	    0.0	  200.0	    0.0	 1500.0	    0.0	  200.0	  100.0	   11.5	    0.0	    0.0	    0.0	    0.0	   14.2	  1	  -50.0	  750.0	   11.5	    0.0	    0.0	1	   69.9	 21	    0.0	    8.8	
  212	  21.20	 -103.4	  823.3	   81.3	    0.0	 1500.0	    0.0	  200.0	    0.0	 1500.0	    0.0	  200.0	  100.0	   11.1	    0.0	    0.0	    0.0	    0.0	   14.2	  1	  -50.0	  750.0	   11.1	    0.0	    0.0	1	   69.8	 21	    0.0	    8.7	
  213	  21.30	 -103.4	  823.3	   81.3	    0.0	 1500.0	    0.0	  200.0	    0.0	 1500.0	    0.0	  200.0	  100.0	   10.6	    0.0	    0.0	    0.0	    0.0	   14.3	  1	  -50.0	  750.0	   10.6	    0.0	    0.0	1	   69.6	 21	    0.0	    8.5	
  214	  21.40	 -103.4	  823.3	   81.3	    0.0	 1500.0	    0.0	  200.0	    0.0	 1500.0	    0.0	  200.0	  100.0	   10.2	    0.0	    0.0	    0.0	    0.0	   14.4	  1	  -50.0	  750.0	   10.2	    0.0	    0.0	1	   69.5	 21	    0.0	    8.4	
  215	  21.50	 -103.4	  823.3	   81.3	    0.0	 1500.0	    0.0	  200.0	    0.0	 1500.0	    0.0	  200.0	  100.0	    9.7	    0.0	    0.0	    0.0	    0.0	   14.4	  1	  -50.0	  750.0	    9.7	    0.0	    0.0	1	   69.4	 21	    0.0	    8.2	
  216	  21.60	 -103.4	  823.3	   81.3	    0.0	 1500.0	    0.0	  200.0	    0.0	 1500.0	    0.0	  200.0	  100.0	    9.3	    0.0	    0.0	    0.0	    0.0	   14.5	  1	  -50.0	  750.0	    9.3	    0.0	    0.0	1	   71.7	 21	    0.0	    8.0	
  217	  21.70	 -103.4	  823.3	   81.3	    0.0	 1500.0	    0.0	  200.0	    0.0	 1500.0	    0.0	  200.0	  100.0	    8.8	    0.0	    0.0	    0.0	    0.0	   14.6	  1	  -50.0	  750.0	    8.8	    0.0	    0.0	1	   71.6	 21	    0.0	    7.9	
  218	  21.80	 -103.4	  823.3	   81.3	    0.0	 1500.0	    0.0	  200.0	    0.0	 1500.0	    0.0	  200.0	  100.0	    8.4	    0.0	    0.0	    0.0	    0.0	   14.6	  1	  -50.0	  750.0	    8.4	    0.0	    0.0	1	   71.4	 21	    0.0	    7.7	
  219	  21.90	 -103.4	  823.3	   81.3	    0.0	 1500.0	    0.0	  200.0	    0.0	 1500.0	    0.0	  200.0	  100.0	    7.9	    0.0	    0.0	    0.0	    0.0	   14.7	  1	  -50.0	  750.0	    7.9	    0.0	    0.0	1	   71.2	 21	    0.0	    7.6	
  220	  22.00	 -103.4	  823.3	   81.3	    0.0	 1500.0	    0.0	  200.0	    0.0	 1500.0	    0.0	  200.0	  100.0	    7.5	    0.0	    0.0	    0.0	    0.0	   14.8	  1	  -50.0	  750.0	    7.5	    0.0	    0.0	1	   71.0	 21	    0.0	    7.4	
  221	  22.10	 -103.4	  823.3	   81.3	    0.0	 1500.0	    0.0	  200.0	    0.0	 1500.0	    0.0	  200.0	  100.0	    7.1	    0.0	    0.0	    0.0	    0.0	   14.8	  1	  -50.0	  750.0	    7.1	    0.0	    0.0	1	   70.9	 21	    0.0	    7.2	
  222	  22.20	 -103.4	  823.3	   81.3	    0.0	 1500.0	    0.0	  200.0	    0.0	 1500.0	    0.0	  200.0	  100.0	    6.6	    0.0	    0.0	    0.0	    0.0	   14.9	  1	  -50.0	  750.0	    6.6	    0.0	    0.0	1	   70.7	 21	    0.0	    7.1	
  223	  22.30	 -103.4	  823.3	   81.3	    0.0	 1500.0	    0.0	  200.0	    0.0	 1500.0	    0.0	  200.0	  100.0	    6.2	    0.0	    0.0	    0.0	    0.0	   15.0	  1	  -50.0	  750.0	    6.2	    0.0	    0.0	1	   70.5	 21	    0.0	    6.9	
  224	  22.40	 -103.4	  823.3	   81.3	    0.0	 1500.0	    0.0	  200.0	    0.0	 1500.0	    0.0	  200.0	  100.0	    5.7	    0.0	    0.0	    0.0	    0.0	   15.0	  1	  -50.0	  750.0	    5.7	    0.0	    0.0	1	   70.4	 21	    0.0	    6.8	
  225	  22.50	 -103.4	  823.3	   81.3	    0.0	 1500.0	    0.0	  200.0	    0.0	 1500.0	    0.0	  200.0	  100.0	    5.3	    0.0	    0.0	    0.0	    0.0	   15.1	  1	  -50.0	  750.0	    5.3	    0.0	    0.0	1	   70.2	 21	    0.0	    6.6	
  226	  22.60	 -103.4	  823.3	   81.3	    0.0	 1500.0	    0.0	  200.0	    0.0	 1500.0	    0.0	  200.0	  100.0	    4.8	    0.0	    0.0	    0.0	    0.0	   15.2	  1	  -50.0	  750.0	    4.8	    0.0	    0.0	1	   70.0	 21	    0.0	    6.5	
  227	  22.70	 -103.4	  823.3	   81.3	    0.0	 1500.0	    0.0	  200.0	    0.0	 1500.0	    0.0	  200.0	  100.0	    4.4	    0.0	    0.0	    0.0	    0.0	   15.3	  1	  -50.0	  750.0	    4.4	    0.0	    0.0	1	   69.9	 21	    0.0	    6.3	
  228	  22.80	 -103.4	  823.3	   81.3	    0.0	 1500.0	    0.0	  200.0	    0.0	 1500.0	    0.0	  200.0	  100.0	    4.0	    0.0	    0.0	    0.0	    0.0	   15.3	  1	  -50.0	  750.0	    4.0	    0.0	    0.0	1	   69.8	 21	    0.0	    6.1	
  229	  22.90	 -103.4	  823.3	   81.3	    0.0	 1500.0	    0.0	  200.0	    0.0	 1500.0	    0.0	  200.0	  100.0	    3.5	    0.0	    0.0	    0.0	    0.0	   15.4	  1	  -50.0	  750.0	    3.5	    0.0	    0.0	1	   69.6	 21	    0.0	    6.0	
  230	  23.00	 -103.4	  823.3	   81.3	    0.0	 1500.0	    0.0	  200.0	    0.0	 1500.0	    0.0	  200.0	  100.0	    3.1	    0.0	    0.0	    0.0	    0.0	   15.5	  1	  -50.0	  750.0	    3.1	    0.0	    0.0	1	   69.5	 21	    0.0	    5.8	
  231	  23.10	 -103.4	  823.3	   81.3	    0.0	 1500.0	    0.0	  200.0	    0.0	 1500.0	    0.0	  200.0	  100.0	    2.6	    0.0	    0.0	    0.0	    0.0	   15.5	  1	  -50.0	  750.0	    2.6	    0.0	    0.0	1	   69.3	 21	    0.0	    5.7	
  232	  23.20	 -103.4	  823.3	   81.3	    0.0	 1500.0	    0.0	  200.0	    0.0	 1500.0	    0.0	  200.0	  100.0	    2.2	    0.0	    0.0	    0.0	    0.0	   15.6	  1	  -50.0	  750.0	    2.2	    0.0	    0.0	1	   69.2	 21	    0.0	    5.5	
  233	  23.30	 -103.4	  823.3	   81.3	    0.0	 1500.0	    0.0	  200.0	    0.0	 1500.0	    0.0	  200.0	  100.0	    1.7	    0.0	    0.0	    0.0	    0.0	   15.7	  1	 -150.0	  750.0	    1.7	    0.0	    0.0	1	   76.3	 21	    0.0	    5.4	
  234	  23.40	 -103.4	  823.3	   81.3	    0.0	 1500.0	    0.0	  200.0	    0.0	 1500.0	    0.0	  200.0	  100.0	    1.3	    0.0	    0.0	    0.0	    0.0	   15.7	  1	 -150.0	  750.0	    1.3	    0.0	    0.0	1	   76.3	 21	    0.0	    5.3	
  235	  23.50	 -103.4	  823.3	   81.3	    0.0	 1500.0	    0.0	  200.0	    0.0	 1500.0	    0.0	  200.0	  100.0	    0.9	    0.0	    0.0	    0.0	    0.0	   15.8	  1	 -150.0	  750.0	    0.9	    0.0	    0.0	1	   76.3	 21	    0.0	    5.1	
  236	  23.60	 -103.4	  823.3	   81.3	    0.0	 1500.0	    0.0	  200.0	    0.0	 1500.0	    0.0	  200.0	  100.0	    0.4	    0.0	    0.0	    0.0	    0.0	   15.9	  1	 -150.0	  750.0	    0.4	    0.0	    0.0	1	   76.3	 21	    0.0	    5.0	
  237	  23.70	 -103.4	  823.3	   81.3	    0.0	 1500.0	    0.0	  200.0	    0.0	 1500.0	    0.0	  200.0	  100.0	    0.0	    0.0	    0.0	    0.0	    0.0	   15.9	  1	 -150.0	  750.0	    0.0	    0.0	    0.0	1	   76.3	 21	    0.0	    5.0	
  238	  23.80	 -103.4	  823.3	   81.3	    0.0	 1500.0	    0.0	  200.0	    0.0	 1500.0	    0.0	  200.0	  100.0	    0.0	    0.0	    0.0	    0.0	    0.0	   16.0	  1	 -150.0	  750.0	    0.0	    0.0	    0.0	1	   76.3	 21	    0.0	    5.0	
  239	  23.90	 -103.4	  823.3	   81.3	    0.0	 1500.0	    0.0	  200.0	    0.0	 1500.0	    0.0	  200.0	  100.0	    0.0	    0.0	    0.0	    0.0	    0.0	   16.1	  1	 -150.0	  750.0	    0.0	    0.0	    0.0	1	   76.3	 21	    0.0	    5.0	
  240	  24.00	 -103.4	  823.3	   81.3	    0.0	 1500.0	    0.0	  200.0	    0.0	 1500.0	    0.0	  200.0	  100.0	    0.0	    0.0	    0.0	    0.0	    0.0	   16.1	  1	 -150.0	  750.0	    0.0	    0.0	    0.0	1	   76.3	 21	    0.0	    5.0	
  241	  24.10	 -103.4	  823.3	   81.3	    0.0	 1500.0	    0.0	  200.0	    0.0	 1500.0	    0.0	  200.0	  100.0	    0.0	    0.0	    0.0	    0.0	    0.0	   16.2	  1	 -150.0	  750.0	    0.0	    0.0	    0.0	1	   76.3	 21	    0.0	    5.0	
  242	  24.20	 -103.4	  823.3	   81.3	    0.0	 1500.0	    0.0	  200.0	    0.0	 1500.0	    0.0	  200.0	  100.0	    0.0	    0.0	    0.0	    0.0	    0.0	   16.3	  1	 -150.0	  750.0	    0.0	    0.0	    0.0	1	   76.3	 21	    0.0	    5.0	
  243	  24.30	 -103.4	  823.3	   81.3	    0.0	 1500.0	    0.0	  200.0	    0.0	 1500.0	    0.0	  200.0	  100.0	    0.0	    0.0	    0.0	    0.0	    0.0	   16.3	  1	 -150.0	  750.0	    0.0	    0.0	    0.0	1	   76.3	 21	    0.0	    5.0	
  244	  24.40	 -103.4	  823.3	   81.3	    0.0	 1500.0	    0.0	  200.0	    0.0	 1500.0	    0.0	  200.0	  100.0	    0.0	    0.0	    0.0	    0.0	    0.0	   16.4	  1	 -150.0	  750.0	    0.0	    0.0	    0.0	1	   76.3	 21	    0.0	    5.0	
  245	  24.50	 -103.4	  823.3	   81.3	    0.0	 1500.0	    0.0	  200.0	    0.0	 1500.0	    0.0	  200.0	  100.0	    0.0	    0.0	    0.0	    0.0	    0.0	   16.5	  1	 -150.0	  750.0	    0.0	    0.0	    0.0	1	   76.3	 21	    0.0	    5.0	
  246	  24.60	 -103.4	  823.3	   81.3	    0.0	 1500.0	    0.0	  200.0	    0.0	 1500.0	    0.0	  200.0	  100.0	    0.0	    0.0	    0.0	    0.0	    0.0	   16.5	  1	 -150.0	  750.0	    0.0	    0.0	    0.0	1	   76.3	 21	    0.0	    5.0	
  247	  24.70	 -103.4	  823.3	   81.3	    0.0	 1500.0	    0.0	  200.0	    0.0	 1500.0	    0.0	  200.0	  100.0	    0.0	    0.0	    0.0	    0.0	    0.0	   16.6	  1	 -150.0	  750.0	    0.0	    0.0	    0.0	1	   76.3	 21	    0.0	    5.0	
  248	  24.80	 -103.4	  823.3	   81.3	    0.0	 1500.0	    0.0	  200.0	    0.0	 1500.0	    0.0	  200.0	  100.0	    0.0	    0.0	    0.0	    0.0	    0.0	   16.7	  1	 -150.0	  750.0	    0.0	    0.0	    0.0	1	   76.3	 21	    0.0	    5.0	
  249	  24.90	 -103.4	  823.3	   81.3	    0.0	 1500.0	    0.0	  200.0	    0.0	 1500.0	    0.0	  200.0	  100.0	    0.0	    0.0	    0.0	    0.0	    0.0	   16.7	  1	 -150.0	  750.0	    0.0	    0.0	    0.0	1	   76.3	 21	    0.0	    5.0	
  250	  25.00	 -103.4	  823.3	   81.3	    0.0	 1500.0	    0.0	  200.0	    0.0	 1500.0	    0.0	  200.0	  100.0	    0.0	    0.0	    0.0	    0.0	    0.0	   16.8	  1	 -150.0	  750.0	    0.0	    0.0	    0.0	1	   76.3	 21	    0.0	    5.0	
  251	  25.10	 -103.4	  823.3	   81.3	    0.0	 1500.0	    0.0	  200.0	    0.0	 1500.0	    0.0	  200.0	  100.0	    0.0	    0.0	    0.0	    0.0	    0.0	   16.9	  1	 -150.0	  750.0	    0.0	    0.0	    0.0	1	   76.3	 21	    0.0	    5.0	
  252	  25.20	 -103.4	  823.3	   81.3	    0.0	 1500.0	    0.0	  200.0	    0.0	 1500.0	    0.0	  200.0	  100.0	    0.0	    0.0	    0.0	    0.0	    0.0	   16.9	  1	 -150.0	  750.0	    0.0	    0.0	    0.0	1	   76.3	 21	    0.0	    5.0	
  253	  25.30	 -103.4	  823.3	   81.3	    0.0	 1500.0	    0.0	  200.0	    0.0	 1500.0	    0.0	  200.0	  100.0	    0.0	    0.0	    0.0	    0.0	    0.0	   17.0	  1	 -150.0	  750.0	    0.0	    0.0	    0.0	1	   76.3	 21	    0.0	    5.0	
  254	  25.40	 -103.4	  823.3	   81.3	    0.0	 1500.0	    0.0	  200.0	    0.0	 1500.0	    0.0	  200.0	  100.0	    0.0	    0.0	    0.0	    0.0	    0.0	   17.1	  1	 -150.0	  750.0	    0.0	    0.0	    0.0	1	   76.3	 21	    0.0	    5.0	
  255	  25.50	 -103.4	  823.3	   81.3	    0.0	 1500.0	    0.0	  200.0	    0.0	 1500.0	    0.0	  200.0	  100.0	    0.0	    0.0	    0.0	    0.0	    0.0	   17.1	  1	 -150.0	  750.0	    0.0	    0.0	    0.0	1	   76.3	 21	    0.0	    5.0	
  256	  25.60	 -103.4	  823.3	   81.3	    0.0	 1500.0	    0.0	  200.0	    0.0	 1500.0	    0.0	  200.0	  100.0	    0.0	    0.0	    0.0	    0.0	    0.0	   17.2	  1	 -150.0	  750.0	    0.0	    0.0	    0.0	1	   76.3	 21	    0.0	    5.0	
  257	  25.70	 -103.4	  823.3	   81.3	    0.0	 1500.0	    0.0	  200.0	    0.0	 1500.0	    0.0	  200.0	  100.0	    0.0	    0.0	    0.0	    0.0	    0.0	   17.3	  1	 -150.0	  750.0	    0.0	    0.0	    0.0	1	   76.3	 21	    0.0	    5.0	
  258	  25.80	 -103.4	  823.3	   81.3	    0.0	 1500.0	    0.0	  200.0	    0.0	 1500.0	    0.0	  200.0	  100.0	    0.0	    0.0	    0.0	    0.0	    0.0	   17.4	  1	 -150.0	  750.0	    0.0	    0.0	    0.0	1	   76.3	 21	    0.0	    5.0	
  259	  25.90	 -103.4	  823.3	   81.3	    0.0	 1500.0	    0.0	  200.0	    0.0	 1500.0	    0.0	  200.0	  100.0	    0.0	    0.0	    0.0	    0.0	    0.0	   17.4	  1	 -150.0	  750.0	    0.0	    0.0	    0.0	1	   76.3	 21	    0.0	    5.0	
  260	  26.00	 -103.4	  823.3	   81.3	    0.0	 1500.0	    0.0	  200.0	    0.0	 1500.0	    0.0	  200.0	  100.0	    0.0	    0.0	    0.0	    0.0	    0.0	   17.5	  1	 -150.0	  750.0	    0.0	    0.0	    0.0	1	   76.3	 21	    0.0	    5.0	
  261	  26.10	 -103.4	  823.3	   81.3	    0.0	 1500.0	    0.0	  200.0	    0.0	 1500.0	    0.0	  200.0	  100.0	    0.0	    0.0	    0.0	    0.0	    0.0	   17.6	  1	 -150.0	  750.0	    0.0	    0.0	    0.0	1	   76.3	 21	    0.0	    5.0	
  262	  26.20	 -103.4	  823.3	   81.3	    0.0	 1500.0	    0.0	  200.0	    0.0	 1500.0	    0.0	  200.0	  100.0	    0.0	    0.0	    0.0	    0.0	    0.0	   17.6	  1	 -150.0	  750.0	    0.0	    0.0	    0.0	1	   76.3	 21	    0.0	    5.0	
  263	  26.30	 -103.4	  823.3	   81.3	    0.0	 1500.0	    0.0	  200.0	    0.0	 1500.0	    0.0	  200.0	  100.0	    0.0	    0.0	    0.0	    0.0	    0.0	   17.7	  1	 -150.0	  750.0	    0.0	    0.0	    0.0	1	   76.3	 21	    0.0	    5.0	
  264	  26.40	 -103.4	  823.3	   81.3	    0.0	 1500.0	    0.0	  200.0	    0.0	 1500.0	    0.0	  200.0	  100.0	    0.0	    0.0	    0.0	    0.0	    0.0	   17.8	  1	 -150.0	  750.0	    0.0	    0.0	    0.0	1	   76.3	 21	    0.0	    5.0	
  265	  26.50	 -103.4	  823.3	   81.3	    0.0	 1500.0	    0.0	  200.0	    0.0	 1500.0	    0.0	  200.0	  100.0	    0.0	    0.0	    0.0	    0.0	    0.0	   17.8	  1	 -150.0	  750.0	    0.0	    0.0	    0.0	1	   76.3	 21	    0.0	    5.0	
  266	  26.60	 -103.4	  823.3	   81.3	    0.0	 1500.0	    0.0	  200.0	    0.0	 1500.0	    0.0	  200.0	  100.0	    0.0	    0.0	    0.0	    0.0	    0.0	   17.9	  1	 -150.0	  750.0	    0.0	    0.0	    0.0	1	   76.3	 21	    0.0	    5.0	
  267	  26.70	 -103.4	  823.3	   81.3	    0.0	 1500.0	    0.0	  200.0	    0.0	 1500.0	    0.0	  200.0	  100.0	    0.0	    0.0	    0.0	    0.0	    0.0	   18.0	  1	 -150.0	  750.0	    0.0	    0.0	    0.0	1	   76.3	 21	    0.0	    5.0	
  268	  26.80	 -103.4	  823.3	   81.3	    0.0	 1500.0	    0.0	  200.0	    0.0	 1500.0	    0.0	  200.0	  100.0	    0.0	    0.0	    0.0	    0.0	    0.0	   18.0	  1	 -150.0	  750.0	    0.0	    0.0	    0.0	1	   76.3	 21	    0.0	    5.0	
  269	  26.90	 -103.4	  823.3	   81.3	    0.0	 1500.0	    0.0	  200.0	    0.0	 1500.0	    0.0	  200.0	  100.0	    0.0	    0.0	    0.0	    0.0	    0.0	   18.1	  1	 -150.0	  750.0	    0.0	    0.0	    0.0	1	   76.3	 21	    0.0	    5.0	
  270	  27.00	 -103.4	  823.3	   81.3	    0.0	 1500.0	    0.0	  200.0	    0.0	 1500.0	    0.0	  200.0	  100.0	    0.0	    0.0	    0.0	    0.0	    0.0	   18.2	  1	 -150.0	  750.0	    0.0	    0.0	    0.0	1	   76.3	 21	    0.0	    5.0	
  271	  27.10	 -103.4	  823.3	   81.3	    0.0	 1500.0	    0.0	  200.0	    0.0	 1500.0	    0.0	  200.0	  100.0	    0.0	    0.0	    0.0	    0.0	    0.0	   18.2	  1	 -150.0	  750.0	    0.0	    0.0	    0.0	1	   76.3	 21	    0.0	    5.0	
  272	  27.20	 -103.4	  823.3	   81.3	    0.0	 1500.0	    0.0	  200.0	    0.0	 1500.0	    0.0	  200.0	  100.0	    0.0	    0.0	    0.0	    0.0	    0.0	   18.3	  1	 -150.0	  750.0	    0.0	    0.0	    0.0	1	   76.3	 21	    0.0	    5.0	
  273	  27.30	 -103.4	  823.3	   81.3	    0.0	 1500.0	    0.0	  200.0	    0.0	 1500.0	    0.0	  200.0	  100.0	    0.0	    0.0	    0.0	    0.0	    0.0	   18.4	  1	 -150.0	  750.0	    0.0	    0.0	    0.0	1	   76.3	 21	    0.0	    5.0	
  274	  27.40	 -103.4	  823.3	   81.3	    0.0	 1500.0	    0.0	  200.0	    0.0	 1500.0	    0.0	  200.0	  100.0	    0.0	    0.0	    0.0	    0.0	    0.0	   18.4	  1	 -150.0	  750.0	    0.0	    0.0	    0.0	1	   76.3	 21	    0.0	    5.0	
  275	  27.50	 -103.4	  823.3	   81.3	    0.0	 1500.0	    0.0	  200.0	    0.0	 1500.0	    0.0	  200.0	  100.0	    0.0	    0.0	    0.0	    0.0	    0.0	   18.5	  1	 -150.0	  750.0	    0.0	    0.0	    0.0	1	   76.3	 21	    0.0	    5.0	
  276	  27.60	 -103.4	  823.3	   81.3	    0.0	 1500.0	    0.0	  200.0	    0.0	 1500.0	    0.0	  200.0	  100.0	    0.0	    0.0	    0.0	    0.0	    0.0	   18.6	  1	 -150.0	  750.0	    0.0	    0.0	    0.0	1	   76.3	 21	    0.0	    5.0	
  277	  27.70	 -103.4	  823.3	   81.3	    0.0	 1500.0	    0.0	  200.0	    0.0	 1500.0	    0.0	  200.0	  100.0	    0.0	    0.0	    0.0	    0.0	    0.0	   18.6	  1	 -150.0	  750.0	    0.0	    0.0	    0.0	1	   76.3	 21	    0.0	    5.0	
  278	  27.80	 -103.4	  823.3	   81.3	    0.0	 1500.0	    0.0	  200.0	    0.0	 1500.0	    0.0	  200.0	  100.0	    0.0	    0.0	    0.0	    0.0	    0.0	   18.7	  1	 -150.0	  750.0	    0.0	    0.0	    0.0	1	   76.3	 21	    0.0	    5.0	
  279	  27.90	 -103.4	  823.3	   81.3	    0.0	 1500.0	    0.0	  200.0	    0.0	 1500.0	    0.0	  200.0	  100.0	    0.0	    0.0	    0.0	    0.0	    0.0	   18.8	  1	 -150.0	  750.0	    0.0	    0.0	    0.0	1	   76.3	 21	    0.0	    5.0	
  280	  28.00	 -103.4	  823.3	   81.3	    0.0	 1500.0	    0.0	  200.0	    0.0	 1500.0	    0.0	  200.0	  100.0	    0.0	    0.0	    0.0	    0.0	    0.0	   18.8	  1	 -150.0	  750.0	    0.0	    0.0	    0.0	1	   76.3	 21	    0.0	    5.0	
  281	  28.10	 -103.4	  823.3	   81.3	    0.0	 1500.0	    0.0	  200.0	    0.0	 1500.0	    0.0	  200.0	  100.0	    0.0	    0.0	    0.0	    0.0	    0.0	   18.9	  1	 -150.0	  750.0	    0.0	    0.0	    0.0	1	   76.3	 21	    0.0	    5.0	
  282	  28.20	 -103.4	  823.3	   81.3	    0.0	 1500.0	    0.0	  200.0	    0.0	 1500.0	    0.0	  200.0	  100.0	    0.0	    0.0	    0.0	    0.0	    0.0	   19.0	  1	 -150.0	  750.0	    0.0	    0.0	    0.0	1	   76.3	 21	    0.0	    5.0	
  283	  28.30	 -103.4	  823.3	   81.3	    0.0	 1500.0	    0.0	  200.0	    0.0	 1500.0	    0.0	  200.0	  100.0	    0.0	    0.0	    0.0	    0.0	    0.0	   19.0	  1	 -150.0	  750.0	    0.0	    0.0	    0.0	1	   76.3	 21	    0.0	    5.0	
  284	  28.40	 -103.4	  823.3	   81.3	    0.0	 1500.0	    0.0	  200.0	    0.0	 1500.0	    0.0	  200.0	  100.0	    0.0	    0.0	    0.0	    0.0	    0.0	   19.1	  1	 -150.0	  750.0	    0.0	    0.0	    0.0	1	   76.3	 21	    0.0	    5.0	
  285	  28.50	 -103.4	  823.3	   81.3	    0.0	 1500.0	    0.0	  200.0	    0.0	 1500.0	    0.0	  200.0	  100.0	    0.0	    0.0	    0.0	    0.0	    0.0	   19.2	  1	 -150.0	  750.0	    0.0	    0.0	    0.0	1	   76.3	 21	    0.0	    5.0	
  286	  28.60	 -103.4	  823.3	   81.3	    0.0	 1500.0	    0.0	  200.0	    0.0	 1500.0	    0.0	  200.0	  100.0	    0.0	    0.0	    0.0	    0.0	    0.0	   19.2	  1	 -150.0	  750.0	    0.0	    0.0	    0.0	1	   76.3	 21	    0.0	    5.0	
  287	  28.70	 -103.4	  823.3	   81.3	    0.0	 1500.0	    0.0	  200.0	    0.0	 1500.0	    0.0	  200.0	  100.0	    0.0	    0.0	    0.0	    0.0	    0.0	   19.3	  1	 -150.0	  750.0	    0.0	    0.0	    0.0	1	   76.3	 21	    0.0	    5.0	
  288	  28.80	 -103.4	  823.3	   81.3	    0.0	 1500.0	    0.0	  200.0	    0.0	 1500.0	    0.0	  200.0	  100.0	    0.0	    0.0	    0.0	    0.0	    0.0	   19.4	  1	 -150.0	  750.0	    0.0	    0.0	    0.0	1	   76.3	 21	    0.0	    5.0	
  289	  28.90	 -103.4	  823.3	   81.3	    0.0	 1500.0	    0.0	  200.0	    0.0	 1500.0	    0.0	  200.0	  100.0	    0.0	    0.0	    0.0	    0.0	    0.0	   19.5	  1	 -150.0	  750.0	    0.0	    0.0	    0.0	1	   76.3	 21	    0.0	    5.0	
  290	  29.00	 -103.4	  823.3	   81.3	    0.0	 1500.0	    0.0	  200.0	    0.0	 1500.0	    0.0	  200.0	  100.0	    0.0	    0.0	    0.0	    0.0	    0.0	   19.5	  1	 -150.0	  750.0	    0.0	    0.0	    0.0	1	   76.3	 21	    0.0	    5.0	
  291	  29.10	 -103.4	  823.3	   81.3	    0.0	 1500.0	    0.0	  200.0	    0.0	 1500.0	    0.0	  200.0	  100.0	    0.0	    0.0	    0.0	    0.0	    0.0	   19.6	  1	 -150.0	  750.0	    0.0	    0.0	    0.0	1	   76.3	 21	    0.0	    5.0	
  292	  29.20	 -103.4	  823.3	   81.3	    0.0	 1500.0	    0.0	  200.0	    0.0	 1500.0	    0.0	  200.0	  100.0	    0.0	    0.0	    0.0	    0.0	    0.0	   19.7	  1	 -150.0	  750.0	    0.0	    0.0	    0.0	1	   76.3	 21	    0.0	    5.0	
  293	  29.30	 -103.4	  823.3	   81.3	    0.0	 1500.0	    0.0	  200.0	    0.0	 1500.0	    0.0	  200.0	  100.0	    0.0	    0.0	    0.0	    0.0	    0.0	   19.7	  1	 -150.0	  750.0	    0.0	    0.0	    0.0	1	   76.3	 21	    0.0	    5.0	
  294	  29.40	 -103.4	  823.3	   81.3	    0.0	 1500.0	    0.0	  200.0	    0.0	 1500.0	    0.0	  200.0	  100.0	    0.0	    0.0	    0.0	    0.0	    0.0	   19.8	  1	 -150.0	  750.0	    0.0	    0.0	    0.0	1	   76.3	 21	    0.0	    5.0	
  295	  29.50	 -103.4	  823.3	   81.3	    0.0	 1500.0	    0.0	  200.0	    0.0	 1500.0	    0.0	  200.0	  100.0	    0.0	    0.0	    0.0	    0.0	    0.0	   19.9	  1	 -150.0	  750.0	    0.0	    0.0	    0.0	1	   76.3	 21	    0.0	    5.0	
  296	  29.60	 -103.4	  823.3	   81.3	    0.0	 1500.0	    0.0	  200.0	    0.0	 1500.0	    0.0	  200.0	  100.0	    0.0	    0.0	    0.0	    0.0	    0.0	   19.9	  1	 -150.0	  750.0	    0.0	    0.0	    0.0	1	   76.3	 21	    0.0	    5.0	
  297	  29.70	 -103.4	  823.3	   81.3	    0.0	 1500.0	    0.0	  200.0	    0.0	 1500.0	    0.0	  200.0	  100.0	    0.0	    0.0	    0.0	    0.0	    0.0	   20.0	  1	 -150.0	  750.0	    0.0	    0.0	    0.0	1	   76.3	 21	    0.0	    5.0	
  298	  29.80	 -103.4	  823.3	   81.3	    0.0	 1500.0	    0.0	  200.0	    0.0	 1500.0	    0.0	  200.0	  100.0	    0.0	    0.0	    0.0	    0.0	    0.0	   20.1	  1	 -150.0	  750.0	    0.0	    0.0	    0.0	1	   76.3	 21	    0.0	    5.0	
  299	  29.90	 -103.4	  823.3	   81.3	    0.0	 1500.0	    0.0	  200.0	    0.0	 1500.0	    0.0	  200.0	  100.0	    0.0	    0.0	    0.0	    0.0	    0.0	   20.1	  1	 -150.0	  750.0	    0.0	    0.0	    0.0	1	   76.3	 21	    0.0	    5.0	
  300	  30.00	 -103.4	  823.3	   81.3	    0.0	 1500.0	    0.0	  200.0	    0.0	 1500.0	    0.0	  200.0	  100.0	    0.0	    0.0	    0.0	    0.0	    0.0	   20.2	  1	 -150.0	  750.0	    0.0	    0.0	    0.0	1	   76.3	 21	    0.0	    5.0	
  301	  30.10	 -103.4	  823.3	   81.3	    0.0	 1500.0	    0.0	  200.0	    0.0	 1500.0	    0.0	  200.0	  100.0	    0.0	    0.0	    0.0	    0.0	    0.0	   20.3	  1	 -150.0	  750.0	    0.0	    0.0	    0.0	1	   76.3	 21	    0.0	    5.0	
  302	  30.20	 -103.4	  823.3	   81.3	    0.0	 1500.0	    0.0	  200.0	    0.0	 1500.0	    0.0	  200.0	  100.0	    0.0	    0.0	    0.0	    0.0	    0.0	   20.3	  1	 -150.0	  750.0	    0.0	    0.0	    0.0	1	   76.3	 21	    0.0	    5.0	
  303	  30.30	 -103.4	  823.3	   81.3	    0.0	 1500.0	    0.0	  200.0	    0.0	 1500.0	    0.0	  200.0	  100.0	    0.0	    0.0	    0.0	    0.0	    0.0	   20.4	  1	 -150.0	  750.0	    0.0	    0.0	    0.0	1	   76.3	 21	    0.0	    5.0	
  304	  30.40	 -103.4	  823.3	   81.3	    0.0	 1500.0	    0.0	  200.0	    0.0	 1500.0	    0.0	  200.0	  100.0	    0.0	    0.0	    0.0	    0.0	    0.0	   20.5	  1	 -150.0	  750.0	    0.0	    0.0	    0.0	1	   76.3	 21	    0.0	    5.0	
  305	  30.50	 -103.4	  823.3	   81.3	    0.0	 1500.0	    0.0	  200.0	    0.0	 1500.0	    0.0	  200.0	  100.0	    0.0	    0.0	    0.0	    0.0	    0.0	   20.5	  1	 -150.0	  750.0	    0.0	    0.0	    0.0	1	   76.3	 21	    0.0	    5.0	
  306	  30.60	 -103.4	  823.3	   81.3	    0.0	 1500.0	    0.0	  200.0	    0.0	 1500.0	    0.0	  200.0	  100.0	    0.0	    0.0	    0.0	    0.0	    0.0	   20.6	  1	 -150.0	  750.0	    0.0	    0.0	    0.0	1	   76.3	 21	    0.0	    5.0	
  307	  30.70	 -103.4	  823.3	   81.3	    0.0	 1500.0	    0.0	  200.0	    0.0	 1500.0	    0.0	  200.0	  100.0	    0.0	    0.0	    0.0	    0.0	    0.0	   20.7	  1	 -150.0	  750.0	    0.0	    0.0	    0.0	1	   76.3	 21	    0.0	    5.0	
  308	  30.80	 -103.4	  823.3	   81.3	    0.0	 1500.0	    0.0	  200.0	    0.0	 1500.0	    0.0	  200.0	  100.0	    0.0	    0.0	    0.0	    0.0	    0.0	   20.7	  1	 -150.0	  750.0	    0.0	    0.0	    0.0	1	   76.3	 21	    0.0	    5.0	
  309	  30.90	 -103.4	  823.3	   81.3	    0.0	 1500.0	    0.0	  200.0	    0.0	 1500.0	    0.0	  200.0	  100.0	    0.0	    0.0	    0.0	    0.0	    0.0	   20.8	  1	 -150.0	  750.0	    0.0	    0.0	    0.0	1	   76.3	 21	    0.0	    5.0	
  310	  31.00	 -103.4	  823.3	   81.3	    0.0	 1500.0	    0.0	  200.0	    0.0	 1500.0	    0.0	  200.0	  100.0	    0.0	    0.0	    0.0	    0.0	    0.0	   20.9	  1	 -150.0	  750.0	    0.0	    0.0	    0.0	1	   76.3	 21	    0.0	    5.0	
  311	  31.10	 -103.4	  823.3	   81.3	    0.0	 1500.0	    0.0	  200.0	    0.0	 1500.0	    0.0	  200.0	  100.0	    0.0	    0.0	    0.0	    0.0	    0.0	   20.9	  1	 -150.0	  750.0	    0.0	    0.0	    0.0	1	   76.3	 21	    0.0	    5.0	
  312	  31.20	 -103.4	  823.3	   81.3	    0.0	 1500.0	    0.0	  200.0	    0.0	 1500.0	    0.0	  200.0	  100.0	    0.0	    0.0	    0.0	    0.0	    0.0	   21.0	  1	 -150.0	  750.0	    0.0	    0.0	    0.0	1	   76.3	 21	    0.0	    5.0	
  313	  31.30	 -103.4	  823.3	   81.3	    0.0	 1500.0	    0.0	  200.0	    0.0	 1500.0	    0.0	  200.0	  100.0	    0.0	    0.0	    0.0	    0.0	    0.0	   21.1	  1	 -150.0	  750.0	    0.0	    0.0	    0.0	1	   76.3	 21	    0.0	    5.0	
  314	  31.40	 -103.4	  823.3	   81.3	    0.0	 1500.0	    0.0	  200.0	    0.0	 1500.0	    0.0	  200.0	  100.0	    0.0	    0.0	    0.0	    0.0	    0.0	   21.1	  1	 -150.0	  750.0	    0.0	    0.0	    0.0	1	   76.3	 21	    0.0	    5.0	
  315	  31.50	 -103.4	  823.3	   81.3	    0.0	 1500.0	    0.0	  200.0	    0.0	 1500.0	    0.0	  200.0	  100.0	    0.0	    0.0	    0.0	    0.0	    0.0	   21.2	  1	 -150.0	  750.0	    0.0	    0.0	    0.0	1	   76.3	 21	    0.0	    5.0	
  316	  31.60	 -103.4	  823.3	   81.3	    0.0	 1500.0	    0.0	  200.0	    0.0	 1500.0	    0.0	  200.0	  100.0	    0.0	    0.0	    0.0	    0.0	    0.0	   21.3	  1	 -150.0	  750.0	    0.0	    0.0	    0.0	1	   76.3	 21	    0.0	    5.0	
  317	  31.70	 -103.4	  823.3	   81.3	    0.0	 1500.0	    0.0	  200.0	    0.0	 1500.0	    0.0	  200.0	  100.0	    0.0	    0.0	    0.0	    0.0	    0.0	   21.4	  1	 -150.0	  750.0	    0.0	    0.0	    0.0	1	   76.3	 21	    0.0	    5.0	
  318	  31.80	 -103.4	  823.3	   81.3	    0.0	 1500.0	    0.0	  200.0	    0.0	 1500.0	    0.0	  200.0	  100.0	    0.0	    0.0	    0.0	    0.0	    0.0	   21.4	  1	 -150.0	  750.0	    0.0	    0.0	    0.0	1	   76.3	 21	    0.0	    5.0	
  319	  31.90	 -103.4	  823.3	   81.3	    0.0	 1500.0	    0.0	  200.0	    0.0	 1500.0	    0.0	  200.0	  100.0	    0.0	    0.0	    0.0	    0.0	    0.0	   21.5	  1	 -150.0	  750.0	    0.0	    0.0	    0.0	1	   76.3	 21	    0.0	    5.0	
  320	  32.00	 -103.4	  823.3	   81.3	    0.0	 1500.0	    0.0	  200.0	    0.0	 1500.0	    0.0	  200.0	  100.0	    0.0	    0.0	    0.0	    0.0	    0.0	   21.6	  1	 -150.0	  750.0	    0.0	    0.0	    0.0	1	   76.3	 21	    0.0	    5.0	
