    1	   0.20	    0.0	    0.0	    0.0	    0.0	    0.0	    0.0	    0.0	    0.0	    0.0	    0.0	    0.0	  100.0	   99.9	    0.0	    0.0	    0.0	    0.0	    0.1	  1	-1000.0	  500.0	   99.9	    0.0	    0.0	1	  838.9	 21	    0.0	    5.0	
    2	   0.40	    0.0	    0.0	    0.0	    0.0	    0.0	    0.0	    0.0	    0.0	    0.0	    0.0	    0.0	  100.0	   99.4	    0.0	    0.0	    0.0	    0.0	    0.1	  1	  -50.0	 1250.0	   99.4	    0.0	    0.0	1	  974.6	 21	    0.0	    5.0	
    3	   0.60	    0.0	    0.0	    0.0	    0.0	    0.0	    0.0	    0.0	    0.0	    0.0	    0.0	    0.0	  100.0	   98.9	    0.0	    0.0	    0.0	    0.0	    0.2	  1	  -50.0	 1250.0	   98.9	    0.0	    0.0	1	  974.0	 21	    0.0	    5.0	
    4	   0.80	    0.0	    0.0	    0.0	    0.0	    0.0	    0.0	    0.0	    0.0	    0.0	    0.0	    0.0	  100.0	   98.4	    0.0	    0.0	    0.0	    0.0	    0.3	  1	  -50.0	 1250.0	   98.4	    0.0	    0.0	1	  973.3	 21	    0.0	    5.0	
    5	   1.00	    0.0	    0.0	    0.0	    0.0	    0.0	    0.0	    0.0	    0.0	    0.0	    0.0	    0.0	  100.0	   97.9	    0.0	    0.0	    0.0	    0.0	    0.3	  1	  -50.0	 1250.0	   97.9	    0.0	    0.0	1	  972.7	 21	    0.0	    5.0	
    6	   1.20	    0.0	    0.0	    0.0	    0.0	    0.0	    0.0	    0.0	    0.0	    0.0	    0.0	    0.0	  100.0	   97.4	    0.0	    0.0	    0.0	    0.0	    0.4	  1	  -50.0	 1250.0	   97.4	    0.0	    0.0	1	  972.0	 21	    0.0	    5.0	
    7	   1.40	    0.0	    0.0	    0.0	    0.0	    0.0	    0.0	    0.0	    0.0	    0.0	    0.0	    0.0	  100.0	   96.9	    0.0	    0.0	    0.0	    0.0	    0.4	  1	  -50.0	 1250.0	   96.9	    0.0	    0.0	1	  971.4	 21	    0.0	    5.0	
    8	   1.60	    0.0	    0.0	    0.0	    0.0	    0.0	    0.0	    0.0	    0.0	    0.0	    0.0	    0.0	  100.0	   96.4	    0.0	    0.0	    0.0	    0.0	    0.5	  1	  -50.0	 1250.0	   96.4	    0.0	    0.0	1	  970.7	 21	    0.0	    5.0	
    9	   1.80	    0.0	    0.0	    0.0	    0.0	    0.0	    0.0	    0.0	    0.0	    0.0	    0.0	    0.0	  100.0	   95.9	    0.0	    0.0	    0.0	    0.0	    0.6	  1	  -50.0	 1250.0	   95.9	    0.0	    0.0	1	  970.0	 21	    0.0	    5.0	
   10	   2.00	    0.0	    0.0	    0.0	    0.0	    0.0	    0.0	    0.0	    0.0	    0.0	    0.0	    0.0	  100.0	   95.4	    0.0	    0.0	    0.0	    0.0	    0.6	  1	  -50.0	 1250.0	   95.4	    0.0	    0.0	1	  969.4	 21	    0.0	    5.0	
   11	   2.20	    0.0	    0.0	    0.0	    0.0	    0.0	    0.0	    0.0	    0.0	    0.0	    0.0	    0.0	  100.0	   94.9	    0.0	    0.0	    0.0	    0.0	    0.7	  1	  -50.0	 1250.0	   94.9	    0.0	    0.0	1	  968.7	 21	    0.0	    5.0	
   12	   2.40	    0.0	    0.0	    0.0	    0.0	    0.0	    0.0	    0.0	    0.0	    0.0	    0.0	    0.0	  100.0	   94.4	    0.0	    0.0	    0.0	    0.0	    0.8	  1	  -50.0	 1250.0	   94.4	    0.0	    0.0	1	  968.0	 21	    0.0	    5.0	
   13	   2.60	    0.0	    0.0	    0.0	    0.0	    0.0	    0.0	    0.0	    0.0	    0.0	    0.0	    0.0	  100.0	   93.9	    0.0	    0.0	    0.0	    0.0	    0.8	  1	  -50.0	 1250.0	   93.9	    0.0	    0.0	1	  967.3	 21	    0.0	    5.0	
   14	   2.80	    0.0	    0.0	    0.0	    0.0	    0.0	    0.0	    0.0	    0.0	    0.0	    0.0	    0.0	  100.0	   93.4	    0.0	    0.0	    0.0	    0.0	    0.9	  1	  -50.0	 1250.0	   93.4	    0.0	    0.0	1	  966.6	 21	    0.0	    5.0	
   15	   3.00	    0.0	    0.0	    0.0	    0.0	    0.0	    0.0	    0.0	    0.0	    0.0	    0.0	    0.0	  100.0	   92.9	    0.0	    0.0	    0.0	    0.0	    1.0	  1	  -50.0	 1250.0	   92.9	    0.0	    0.0	1	  965.9	 21	    0.0	    5.0	
   16	   3.20	    0.0	    0.0	    0.0	    0.0	    0.0	    0.0	    0.0	    0.0	    0.0	    0.0	    0.0	  100.0	   92.4	    0.0	    0.0	    0.0	    0.0	    1.0	  1	  -50.0	 1250.0	   92.4	    0.0	    0.0	1	  965.2	 21	    0.0	    5.0	
   17	   3.40	    0.0	    0.0	    0.0	    0.0	    0.0	    0.0	    0.0	    0.0	    0.0	    0.0	    0.0	  100.0	   91.9	    0.0	    0.0	    0.0	    0.0	    1.1	  1	  -50.0	 1250.0	   91.9	    0.0	    0.0	1	  964.5	 21	    0.0	    5.0	
   18	   3.60	    0.0	 1500.0	    0.0	    0.0	    0.0	    0.0	    0.0	    0.0	    0.0	    0.0	    0.0	  100.0	   91.7	    0.0	    0.0	    0.0	    0.0	    0.8	  1	  -50.0	 1250.0	   91.7	    0.0	    0.0	1	  227.0	 21	 1393.4	   19.3	
   19	   3.80	    0.0	 1500.0	    0.0	    0.0	    0.0	    0.0	    0.0	    0.0	    0.0	    0.0	    0.0	  100.0	   91.4	    0.0	    0.0	    0.0	    0.0	    0.8	  1	  -50.0	 1250.0	   91.4	    0.0	    0.0	1	  227.0	 21	 1393.0	   19.3	
   20	   4.00	    0.0	 1500.0	    0.0	    0.0	    0.0	    0.0	    0.0	    0.0	    0.0	    0.0	    0.0	  100.0	   91.2	    0.0	    0.0	    0.0	    0.0	    0.8	  1	  -50.0	 1250.0	   91.2	    0.0	    0.0	1	  227.0	 21	 1392.6	   19.3	
   21	   4.20	    0.0	 1500.0	    0.0	    0.0	    0.0	    0.0	    0.0	    0.0	    0.0	    0.0	    0.0	  100.0	   90.9	    0.0	    0.0	    0.0	    0.0	    0.8	  1	  -50.0	 1250.0	   90.9	    0.0	    0.0	1	  227.0	 21	 1392.2	   19.2	
   22	   4.40	    0.0	 1500.0	    0.0	    0.0	    0.0	    0.0	    0.0	    0.0	    0.0	    0.0	    0.0	  100.0	   90.7	    0.0	    0.0	    0.0	    0.0	    0.8	  1	  -50.0	 1250.0	   90.7	    0.0	    0.0	1	  227.0	 21	 1391.8	   19.2	
   23	   4.60	    0.0	 1500.0	    0.0	    0.0	    0.0	    0.0	    0.0	    0.0	    0.0	    0.0	    0.0	  100.0	   90.4	    0.0	    0.0	    0.0	    0.0	    0.8	  1	  -50.0	 1250.0	   90.4	    0.0	    0.0	1	  227.0	 21	 1391.3	   19.1	
   24	   4.80	    0.0	 1500.0	    0.0	    0.0	    0.0	    0.0	    0.0	    0.0	    0.0	    0.0	    0.0	  100.0	   90.1	    0.0	    0.0	    0.0	    0.0	    0.9	  1	  -50.0	 1250.0	   90.1	    0.0	    0.0	1	  227.0	 21	 1390.9	   19.1	
   25	   5.00	    0.0	 1500.0	    0.0	    0.0	    0.0	    0.0	    0.0	    0.0	    0.0	    0.0	    0.0	  100.0	   89.9	    0.0	    0.0	    0.0	    0.0	    0.9	  1	  -50.0	 1250.0	   89.9	    0.0	    0.0	1	  227.0	 21	 1390.5	   19.1	
   26	   5.20	    0.0	 1500.0	    0.0	    0.0	    0.0	    0.0	    0.0	    0.0	    0.0	    0.0	    0.0	  100.0	   89.6	    0.0	    0.0	    0.0	    0.0	    0.9	  1	  -50.0	 1250.0	   89.6	    0.0	    0.0	1	  227.0	 21	 1390.1	   19.0	
   27	   5.40	    0.0	 1500.0	    0.0	    0.0	    0.0	    0.0	    0.0	    0.0	    0.0	    0.0	    0.0	  100.0	   89.4	    0.0	    0.0	    0.0	    0.0	    1.0	  1	  -50.0	 1250.0	   89.4	    0.0	    0.0	1	  227.0	 21	 1389.7	   19.0	
   28	   5.60	    0.0	 1500.0	    0.0	    0.0	    0.0	    0.0	    0.0	    0.0	    0.0	    0.0	    0.0	  100.0	   89.1	    0.0	    0.0	    0.0	    0.0	    1.0	  1	  -50.0	 1250.0	   89.1	    0.0	    0.0	1	  227.0	 21	 1389.3	   18.9	
   29	   5.80	    0.0	 1500.0	    0.0	    0.0	    0.0	    0.0	    0.0	    0.0	    0.0	    0.0	    0.0	  100.0	   88.9	    0.0	    0.0	    0.0	    0.0	    1.1	  1	  -50.0	 1250.0	   88.9	    0.0	    0.0	1	  227.0	 21	 1388.9	   18.9	
   30	   6.00	    0.0	 1500.0	    0.0	    0.0	    0.0	    0.0	    0.0	    0.0	    0.0	    0.0	    0.0	  100.0	   88.6	    0.0	    0.0	    0.0	    0.0	    1.1	  1	  -50.0	 1250.0	   88.6	    0.0	    0.0	1	  227.0	 21	 1388.5	   18.9	
   31	   6.20	    0.0	 1500.0	    0.0	    0.0	    0.0	    0.0	    0.0	    0.0	    0.0	    0.0	    0.0	  100.0	   88.4	    0.0	    0.0	    0.0	    0.0	    1.1	  1	  -50.0	 1250.0	   88.4	    0.0	    0.0	1	  227.0	 21	 1388.1	   18.8	
   32	   6.40	    0.0	 1500.0	    0.0	    0.0	    0.0	    0.0	    0.0	    0.0	    0.0	    0.0	    0.0	  100.0	   88.1	    0.0	    0.0	    0.0	    0.0	    1.2	  1	  -50.0	 1250.0	   88.1	    0.0	    0.0	1	  227.0	 21	 1387.7	   18.8	
   33	   6.60	    0.0	 1500.0	    0.0	    0.0	    0.0	    0.0	    0.0	    0.0	    0.0	    0.0	    0.0	  100.0	   87.9	    0.0	    0.0	    0.0	    0.0	    1.2	  1	  -50.0	 1250.0	   87.9	    0.0	    0.0	1	  227.0	 21	 1387.3	   18.7	
   34	   6.80	    0.0	 1500.0	    0.0	    0.0	    0.0	    0.0	    0.0	    0.0	    0.0	    0.0	    0.0	  100.0	   87.6	    0.0	    0.0	    0.0	    0.0	    1.2	  1	  -50.0	 1250.0	   87.6	    0.0	    0.0	1	  227.0	 21	 1386.9	   18.7	
   35	   7.00	    0.0	 1500.0	    0.0	    0.0	    0.0	    0.0	    0.0	    0.0	    0.0	    0.0	    0.0	  100.0	   87.3	    0.0	    0.0	    0.0	    0.0	    1.3	  1	  -50.0	 1250.0	   87.3	    0.0	    0.0	1	  227.0	 21	 1386.5	   18.7	
   36	   7.20	    0.0	 1500.0	    0.0	    0.0	    0.0	    0.0	    0.0	    0.0	    0.0	    0.0	    0.0	  100.0	   87.1	    0.0	    0.0	    0.0	    0.0	    1.3	  1	  -50.0	 1250.0	   87.1	    0.0	    0.0	1	  227.0	 21	 1386.1	   18.6	
   37	   7.40	    0.0	 1500.0	    0.0	    0.0	    0.0	    0.0	    0.0	    0.0	    0.0	    0.0	    0.0	  100.0	   86.8	    0.0	    0.0	    0.0	    0.0	    1.4	  1	  -50.0	 1250.0	   86.8	    0.0	    0.0	1	  227.0	 21	 1385.7	   18.6	
   38	   7.60	    0.0	 1500.0	    0.0	    0.0	    0.0	    0.0	    0.0	    0.0	    0.0	    0.0	    0.0	  100.0	   86.6	    0.0	    0.0	    0.0	    0.0	    1.4	  1	  -50.0	 1250.0	   86.6	    0.0	    0.0	1	  227.0	 21	 1385.3	   18.5	
   39	   7.80	    0.0	 1500.0	    0.0	    0.0	    0.0	    0.0	    0.0	    0.0	    0.0	    0.0	    0.0	  100.0	   86.3	    0.0	    0.0	    0.0	    0.0	    1.4	  1	  -50.0	 1250.0	   86.3	    0.0	    0.0	1	  227.0	 21	 1384.9	   18.5	
   40	   8.00	    0.0	 1500.0	    0.0	    0.0	    0.0	    0.0	    0.0	    0.0	    0.0	    0.0	    0.0	  100.0	   86.1	    0.0	    0.0	    0.0	    0.0	    1.5	  1	  -50.0	 1250.0	   86.1	    0.0	    0.0	1	  227.0	 21	 1384.5	   18.5	
   41	   8.20	    0.0	 1500.0	    0.0	    0.0	    0.0	    0.0	    0.0	    0.0	    0.0	    0.0	    0.0	  100.0	   85.8	    0.0	    0.0	    0.0	    0.0	    1.5	  1	  -50.0	 1250.0	   85.8	    0.0	    0.0	1	  227.0	 21	 1384.1	   18.4	
   42	   8.40	    0.0	 1500.0	    0.0	    0.0	    0.0	    0.0	    0.0	    0.0	    0.0	    0.0	    0.0	  100.0	   85.6	    0.0	    0.0	    0.0	    0.0	    1.5	  1	  -50.0	 1250.0	   85.6	    0.0	    0.0	1	  227.0	 21	 1383.7	   18.4	
   43	   8.60	    0.0	 1500.0	    0.0	    0.0	    0.0	    0.0	    0.0	    0.0	    0.0	    0.0	    0.0	  100.0	   85.3	    0.0	    0.0	    0.0	    0.0	    1.6	  1	  -50.0	 1250.0	   85.3	    0.0	    0.0	1	  227.0	 21	 1383.3	   18.3	
   44	   8.80	    0.0	 1500.0	    0.0	    0.0	    0.0	    0.0	    0.0	    0.0	    0.0	    0.0	    0.0	  100.0	   85.0	    0.0	    0.0	    0.0	    0.0	    1.6	  1	  -50.0	 1250.0	   85.0	    0.0	    0.0	1	  227.0	 21	 1382.9	   18.3	
   45	   9.00	    0.0	 1500.0	    0.0	    0.0	    0.0	    0.0	    0.0	    0.0	    0.0	    0.0	    0.0	  100.0	   84.8	    0.0	    0.0	    0.0	    0.0	    1.7	  1	  -50.0	 1250.0	   84.8	    0.0	    0.0	1	  227.0	 21	 1382.5	   18.2	
   46	   9.20	    0.0	 1500.0	    0.0	    0.0	    0.0	    0.0	    0.0	    0.0	    0.0	    0.0	    0.0	  100.0	   84.5	    0.0	    0.0	    0.0	    0.0	    1.7	  1	  -50.0	 1250.0	   84.5	    0.0	    0.0	1	  227.0	 21	 1382.1	   18.2	
   47	   9.40	    0.0	 1500.0	    0.0	    0.0	    0.0	    0.0	    0.0	    0.0	    0.0	    0.0	    0.0	  100.0	   84.3	    0.0	    0.0	    0.0	    0.0	    1.7	  1	  -50.0	 1250.0	   84.3	    0.0	    0.0	1	  227.0	 21	 1381.7	   18.2	
   48	   9.60	    0.0	 1500.0	    0.0	    0.0	    0.0	    0.0	    0.0	    0.0	    0.0	    0.0	    0.0	  100.0	   84.0	    0.0	    0.0	    0.0	    0.0	    1.8	  1	  -50.0	 1250.0	   84.0	    0.0	    0.0	1	  227.0	 21	 1381.3	   18.1	
   49	   9.80	    0.0	 1500.0	    0.0	    0.0	    0.0	    0.0	    0.0	    0.0	    0.0	    0.0	    0.0	  100.0	   83.8	    0.0	    0.0	    0.0	    0.0	    1.8	  1	  -50.0	 1250.0	   83.8	    0.0	    0.0	1	  227.0	 21	 1380.9	   18.1	
   50	  10.00	    0.0	 1500.0	    0.0	    0.0	    0.0	    0.0	    0.0	    0.0	    0.0	    0.0	    0.0	  100.0	   83.5	    0.0	    0.0	    0.0	    0.0	    1.8	  1	  -50.0	 1250.0	   83.5	    0.0	    0.0	1	  227.0	 21	 1380.5	   18.0	
   51	  10.20	    0.0	 1500.0	    0.0	    0.0	    0.0	    0.0	    0.0	    0.0	    0.0	    0.0	    0.0	  100.0	   83.3	    0.0	    0.0	    0.0	    0.0	    1.9	  1	  -50.0	 1250.0	   83.3	    0.0	    0.0	1	  227.0	 21	 1380.1	   18.0	
   52	  10.40	    0.0	 1500.0	    0.0	    0.0	    0.0	    0.0	    0.0	    0.0	    0.0	    0.0	    0.0	  100.0	   83.0	    0.0	    0.0	    0.0	    0.0	    1.9	  1	  -50.0	 1250.0	   83.0	    0.0	    0.0	1	  227.0	 21	 1379.7	   18.0	
   53	  10.60	    0.0	 1500.0	    0.0	    0.0	    0.0	    0.0	    0.0	    0.0	    0.0	    0.0	    0.0	  100.0	   82.8	    0.0	    0.0	    0.0	    0.0	    2.0	  1	  -50.0	 1250.0	   82.8	    0.0	    0.0	1	  227.0	 21	 1379.3	   17.9	
   54	  10.80	    0.0	 1500.0	    0.0	    0.0	    0.0	    0.0	    0.0	    0.0	    0.0	    0.0	    0.0	  100.0	   82.5	    0.0	    0.0	    0.0	    0.0	    2.0	  1	  -50.0	 1250.0	   82.5	    0.0	    0.0	1	  227.0	 21	 1378.9	   17.9	
   55	  11.00	    0.0	 1500.0	    0.0	    0.0	    0.0	    0.0	    0.0	    0.0	    0.0	    0.0	    0.0	  100.0	   82.2	    0.0	    0.0	    0.0	    0.0	    2.0	  1	  -50.0	 1250.0	   82.2	    0.0	    0.0	1	  227.0	 21	 1378.5	   17.8	
   56	  11.20	    0.0	 1500.0	    0.0	    0.0	    0.0	    0.0	    0.0	    0.0	    0.0	    0.0	    0.0	  100.0	   82.0	    0.0	    0.0	    0.0	    0.0	    2.1	  1	  -50.0	 1250.0	   82.0	    0.0	    0.0	1	  227.0	 21	 1378.1	   17.8	
   57	  11.40	    0.0	 1500.0	    0.0	    0.0	    0.0	    0.0	    0.0	    0.0	    0.0	    0.0	    0.0	  100.0	   81.7	    0.0	    0.0	    0.0	    0.0	    2.1	  1	  -50.0	 1250.0	   81.7	    0.0	    0.0	1	  227.0	 21	 1377.7	   17.8	
   58	  11.60	    0.0	 1500.0	    0.0	    0.0	    0.0	    0.0	    0.0	    0.0	    0.0	    0.0	    0.0	  100.0	   81.5	    0.0	    0.0	    0.0	    0.0	    2.2	  1	  -50.0	 1250.0	   81.5	    0.0	    0.0	1	  227.0	 21	 1377.2	   17.7	
   59	  11.80	    0.0	 1500.0	    0.0	    0.0	    0.0	    0.0	    0.0	    0.0	    0.0	    0.0	    0.0	  100.0	   81.2	    0.0	    0.0	    0.0	    0.0	    2.2	  1	  -50.0	 1250.0	   81.2	    0.0	    0.0	1	  227.0	 21	 1376.8	   17.7	
   60	  12.00	    0.0	 1500.0	    0.0	    0.0	    0.0	    0.0	    0.0	    0.0	    0.0	    0.0	    0.0	  100.0	   81.0	    0.0	    0.0	    0.0	    0.0	    2.2	  1	  -50.0	 1250.0	   81.0	    0.0	    0.0	1	  227.0	 21	 1376.4	   17.6	
   61	  12.20	    0.0	 1500.0	    0.0	    0.0	    0.0	    0.0	    0.0	    0.0	    0.0	    0.0	    0.0	  100.0	   80.7	    0.0	    0.0	    0.0	    0.0	    2.3	  1	  -50.0	 1250.0	   80.7	    0.0	    0.0	1	  227.0	 21	 1376.0	   17.6	
   62	  12.40	    0.0	 1500.0	    0.0	    0.0	    0.0	    0.0	    0.0	    0.0	    0.0	    0.0	    0.0	  100.0	   80.5	    0.0	    0.0	    0.0	    0.0	    2.3	  1	  -50.0	 1250.0	   80.5	    0.0	    0.0	1	  227.0	 21	 1375.6	   17.6	
   63	  12.60	    0.0	 1500.0	    0.0	    0.0	    0.0	    0.0	    0.0	    0.0	    0.0	    0.0	    0.0	  100.0	   80.2	    0.0	    0.0	    0.0	    0.0	    2.3	  1	  -50.0	 1250.0	   80.2	    0.0	    0.0	1	  227.0	 21	 1375.2	   17.5	
   64	  12.80	    0.0	 1500.0	    0.0	    0.0	    0.0	    0.0	    0.0	    0.0	    0.0	    0.0	    0.0	  100.0	   80.0	    0.0	    0.0	    0.0	    0.0	    2.4	  1	  -50.0	 1250.0	   80.0	    0.0	    0.0	1	  227.0	 21	 1374.8	   17.5	
   65	  13.00	    0.0	 1500.0	    0.0	    0.0	    0.0	    0.0	    0.0	    0.0	    0.0	    0.0	    0.0	  100.0	   79.7	    0.0	    0.0	    0.0	    0.0	    2.4	  1	  -50.0	 1250.0	   79.7	    0.0	    0.0	1	  227.0	 21	 1374.4	   17.4	
   66	  13.20	    0.0	 1500.0	    0.0	    0.0	    0.0	    0.0	    0.0	    0.0	    0.0	    0.0	    0.0	  100.0	   79.4	    0.0	    0.0	    0.0	    0.0	    2.5	  1	  -50.0	 1250.0	   79.4	    0.0	    0.0	1	  227.0	 21	 1374.0	   17.4	
   67	  13.40	    0.0	 1500.0	    0.0	    0.0	    0.0	    0.0	    0.0	    0.0	    0.0	    0.0	    0.0	  100.0	   79.2	    0.0	    0.0	    0.0	    0.0	    2.5	  1	  -50.0	 1250.0	   79.2	    0.0	    0.0	1	  227.0	 21	 1373.6	   17.4	
   68	  13.60	    0.0	 1500.0	    0.0	    0.0	    0.0	    0.0	    0.0	    0.0	    0.0	    0.0	    0.0	  100.0	   78.9	    0.0	    0.0	    0.0	    0.0	    2.5	  1	  -50.0	 1250.0	   78.9	    0.0	    0.0	1	  227.0	 21	 1373.2	   17.3	
   69	  13.80	    0.0	 1500.0	    0.0	    0.0	    0.0	    0.0	    0.0	    0.0	    0.0	    0.0	    0.0	  100.0	   78.7	    0.0	    0.0	    0.0	    0.0	    2.6	  1	  -50.0	 1250.0	   78.7	    0.0	    0.0	1	  227.0	 21	 1372.8	   17.3	
   70	  14.00	    0.0	 1500.0	    0.0	    0.0	    0.0	    0.0	    0.0	    0.0	    0.0	    0.0	    0.0	  100.0	   78.4	    0.0	    0.0	    0.0	    0.0	    2.6	  1	  -50.0	 1250.0	   78.4	    0.0	    0.0	1	  227.0	 21	 1372.4	   17.2	
   71	  14.20	    0.0	 1500.0	    0.0	    0.0	    0.0	    0.0	    0.0	    0.0	    0.0	    0.0	    0.0	  100.0	   78.2	    0.0	    0.0	    0.0	    0.0	    2.6	  1	  -50.0	 1250.0	   78.2	    0.0	    0.0	1	  227.0	 21	 1372.0	   17.2	
   72	  14.40	    0.0	 1500.0	    0.0	    0.0	    0.0	    0.0	    0.0	    0.0	    0.0	    0.0	    0.0	  100.0	   77.9	    0.0	    0.0	    0.0	    0.0	    2.7	  1	  -50.0	 1250.0	   77.9	    0.0	    0.0	1	  227.0	 21	 1371.6	   17.2	
   73	  14.60	    0.0	 1500.0	    0.0	    0.0	    0.0	    0.0	    0.0	    0.0	    0.0	    0.0	    0.0	  100.0	   77.7	    0.0	    0.0	    0.0	    0.0	    2.7	  1	  -50.0	 1250.0	   77.7	    0.0	    0.0	1	  227.0	 21	 1371.2	   17.1	
   74	  14.80	    0.0	 1500.0	    0.0	    0.0	    0.0	    0.0	    0.0	    0.0	    0.0	    0.0	    0.0	  100.0	   77.4	    0.0	    0.0	    0.0	    0.0	    2.8	  1	  -50.0	 1250.0	   77.4	    0.0	    0.0	1	  227.0	 21	 1370.8	   17.1	
   75	  15.00	    0.0	 1500.0	    0.0	    0.0	    0.0	    0.0	    0.0	    0.0	    0.0	    0.0	    0.0	  100.0	   77.1	    0.0	    0.0	    0.0	    0.0	    2.8	  1	  -50.0	 1250.0	   77.1	    0.0	    0.0	1	  227.0	 21	 1370.4	   17.0	
   76	  15.20	    0.0	 1500.0	    0.0	    0.0	    0.0	    0.0	    0.0	    0.0	    0.0	    0.0	    0.0	  100.0	   76.9	    0.0	    0.0	    0.0	    0.0	    2.8	  1	  -50.0	 1250.0	   76.9	    0.0	    0.0	1	  227.0	 21	 1370.0	   17.0	
   77	  15.40	    0.0	 1500.0	    0.0	    0.0	    0.0	    0.0	    0.0	    0.0	    0.0	    0.0	    0.0	  100.0	   76.6	    0.0	    0.0	    0.0	    0.0	    2.9	  1	  -50.0	 1250.0	   76.6	    0.0	    0.0	1	  227.0	 21	 1369.6	   17.0	
   78	  15.60	    0.0	 1500.0	    0.0	    0.0	    0.0	    0.0	    0.0	    0.0	    0.0	    0.0	    0.0	  100.0	   76.4	    0.0	    0.0	    0.0	    0.0	    2.9	  1	  -50.0	 1250.0	   76.4	    0.0	    0.0	1	  227.0	 21	 1369.2	   16.9	
   79	  15.80	    0.0	 1500.0	    0.0	    0.0	    0.0	    0.0	    0.0	    0.0	    0.0	    0.0	    0.0	  100.0	   76.1	    0.0	    0.0	    0.0	    0.0	    3.0	  1	  -50.0	 1250.0	   76.1	    0.0	    0.0	1	  227.0	 21	 1368.8	   16.9	
   80	  16.00	    0.0	 1500.0	    0.0	    0.0	    0.0	    0.0	    0.0	    0.0	    0.0	    0.0	    0.0	  100.0	   75.9	    0.0	    0.0	    0.0	    0.0	    3.0	  1	  -50.0	 1250.0	   75.9	    0.0	    0.0	1	  227.0	 21	 1368.4	   16.8	
   81	  16.20	    0.0	 1500.0	    0.0	    0.0	    0.0	    0.0	    0.0	    0.0	    0.0	    0.0	    0.0	  100.0	   75.6	    0.0	    0.0	    0.0	    0.0	    3.0	  1	  -50.0	 1250.0	   75.6	    0.0	    0.0	1	  227.0	 21	 1368.0	   16.8	
   82	  16.40	    0.0	 1500.0	    0.0	    0.0	    0.0	    0.0	    0.0	    0.0	    0.0	    0.0	    0.0	  100.0	   75.4	    0.0	    0.0	    0.0	    0.0	    3.1	  1	  -50.0	 1250.0	   75.4	    0.0	    0.0	1	  227.0	 21	 1367.6	   16.8	
   83	  16.60	    0.0	 1500.0	    0.0	    0.0	    0.0	    0.0	    0.0	    0.0	    0.0	    0.0	    0.0	  100.0	   75.1	    0.0	    0.0	    0.0	    0.0	    3.1	  1	  -50.0	 1250.0	   75.1	    0.0	    0.0	1	  227.0	 21	 1367.2	   16.7	
   84	  16.80	    0.0	 1500.0	    0.0	    0.0	    0.0	    0.0	    0.0	    0.0	    0.0	    0.0	    0.0	  100.0	   74.9	    0.0	    0.0	    0.0	    0.0	    3.1	  1	  -50.0	 1250.0	   74.9	    0.0	    0.0	1	  227.0	 21	 1366.8	   16.7	
   85	  17.00	    0.0	 1500.0	    0.0	    0.0	    0.0	    0.0	    0.0	    0.0	    0.0	    0.0	    0.0	  100.0	   74.6	    0.0	    0.0	    0.0	    0.0	    3.2	  1	  -50.0	 1250.0	   74.6	    0.0	    0.0	1	  227.0	 21	 1366.4	   16.6	
   86	  17.20	   -0.1	 1499.6	    0.0	    0.0	    0.0	    0.0	    0.0	    0.0	    0.0	    0.0	    0.0	  100.0	   74.3	    0.0	    0.0	    0.0	    0.0	    3.2	  1	  -50.0	 1250.0	   74.3	    0.0	    0.0	1	  227.0	 21	 1366.0	   16.6	
   87	  17.40	   -0.1	 1499.6	    0.0	    0.0	    0.0	    0.0	    0.0	    0.0	    0.0	    0.0	    0.0	  100.0	   74.1	    0.0	    0.0	    0.0	    0.0	    3.3	  1	  -50.0	 1250.0	   74.1	    0.0	    0.0	1	  227.0	 21	 1365.6	   16.6	
   88	  17.60	   -0.1	 1499.6	    0.0	    0.0	    0.0	    0.0	    0.0	    0.0	    0.0	    0.0	    0.0	  100.0	   73.8	    0.0	    0.0	    0.0	    0.0	    3.3	  1	  -50.0	 1250.0	   73.8	    0.0	    0.0	1	  227.0	 21	 1365.2	   16.5	
   89	  17.80	   -0.1	 1499.6	    0.0	    0.0	    0.0	    0.0	    0.0	    0.0	    0.0	    0.0	    0.0	  100.0	   73.6	    0.0	    0.0	    0.0	    0.0	    3.3	  1	  -50.0	 1250.0	   73.6	    0.0	    0.0	1	  227.0	 21	 1364.8	   16.5	
   90	  18.00	   -0.1	 1499.6	    0.0	    0.0	    0.0	    0.0	    0.0	    0.0	    0.0	    0.0	    0.0	  100.0	   73.3	    0.0	    0.0	    0.0	    0.0	    3.4	  1	  -50.0	 1250.0	   73.3	    0.0	    0.0	1	  227.0	 21	 1364.4	   16.4	
   91	  18.20	   -0.1	 1499.6	    0.0	    0.0	    0.0	    0.0	    0.0	    0.0	    0.0	    0.0	    0.0	  100.0	   73.1	    0.0	    0.0	    0.0	    0.0	    3.4	  1	  -50.0	 1250.0	   73.1	    0.0	    0.0	1	  227.0	 21	 1364.0	   16.4	
   92	  18.40	   -0.1	 1499.6	    0.0	    0.0	    0.0	    0.0	    0.0	    0.0	    0.0	    0.0	    0.0	  100.0	   72.8	    0.0	    0.0	    0.0	    0.0	    3.4	  1	  -50.0	 1250.0	   72.8	    0.0	    0.0	1	  227.0	 21	 1363.6	   16.4	
   93	  18.60	   -0.1	 1499.6	    0.0	    0.0	    0.0	    0.0	    0.0	    0.0	    0.0	    0.0	    0.0	  100.0	   72.6	    0.0	    0.0	    0.0	    0.0	    3.5	  1	  -50.0	 1250.0	   72.6	    0.0	    0.0	1	  227.0	 21	 1363.2	   16.3	
   94	  18.80	   -0.1	 1499.6	    0.0	    0.0	    0.0	    0.0	    0.0	    0.0	    0.0	    0.0	    0.0	  100.0	   72.3	    0.0	    0.0	    0.0	    0.0	    3.5	  1	  -50.0	 1250.0	   72.3	    0.0	    0.0	1	  227.0	 21	 1362.7	   16.3	
   95	  19.00	   -0.1	 1499.6	    0.0	    0.0	    0.0	    0.0	    0.0	    0.0	    0.0	    0.0	    0.0	  100.0	   72.1	    0.0	    0.0	    0.0	    0.0	    3.6	  1	  -50.0	 1250.0	   72.1	    0.0	    0.0	1	  227.0	 21	 1362.3	   16.2	
   96	  19.20	   -0.1	 1499.6	    0.0	    0.0	    0.0	    0.0	    0.0	    0.0	    0.0	    0.0	    0.0	  100.0	   71.8	    0.0	    0.0	    0.0	    0.0	    3.6	  1	  -50.0	 1250.0	   71.8	    0.0	    0.0	1	  227.0	 21	 1361.9	   16.2	
   97	  19.40	   -0.1	 1499.6	    0.0	    0.0	    0.0	    0.0	    0.0	    0.0	    0.0	    0.0	    0.0	  100.0	   71.5	    0.0	    0.0	    0.0	    0.0	    3.6	  1	  -50.0	 1250.0	   71.5	    0.0	    0.0	1	  227.0	 21	 1361.5	   16.2	
   98	  19.60	   -0.1	 1499.6	    0.0	    0.0	    0.0	    0.0	    0.0	    0.0	    0.0	    0.0	    0.0	  100.0	   71.3	    0.0	    0.0	    0.0	    0.0	    3.7	  1	  -50.0	 1250.0	   71.3	    0.0	    0.0	1	  227.0	 21	 1361.1	   16.1	
   99	  19.80	   -0.1	 1499.6	    0.0	    0.0	    0.0	    0.0	    0.0	    0.0	    0.0	    0.0	    0.0	  100.0	   71.0	    0.0	    0.0	    0.0	    0.0	    3.7	  1	  -50.0	 1250.0	   71.0	    0.0	    0.0	1	  227.0	 21	 1360.7	   16.1	
  100	  20.00	    0.1	 1499.8	    0.0	    0.0	    0.0	    0.0	    0.0	    0.0	    0.0	    0.0	    0.0	  100.0	   70.8	    0.0	    0.0	    0.0	    0.0	    3.7	  1	   50.0	 1250.0	   70.8	    0.0	    0.0	1	  227.0	 21	 1360.3	   16.0	
  101	  20.20	    0.1	 1499.9	    0.0	    0.0	    0.0	    0.0	    0.0	    0.0	    0.0	    0.0	    0.0	  100.0	   70.5	    0.0	    0.0	    0.0	    0.0	    3.8	  1	   50.0	 1250.0	   70.5	    0.0	    0.0	1	  227.0	 21	 1359.9	   16.0	
  102	  20.40	    0.5	 1499.6	    0.0	    0.0	    0.0	    0.0	    0.0	    0.0	    0.0	    0.0	    0.0	  100.0	   70.3	    0.0	    0.0	    0.0	    0.0	    3.8	  1	   50.0	 1250.0	   70.3	    0.0	    0.0	1	  226.9	 21	 1359.5	   16.0	
  103	  20.60	    1.9	 1499.2	    0.0	    0.0	    0.0	    0.0	    0.0	    0.0	    0.0	    0.0	    0.0	  100.0	   70.0	    0.0	    0.0	    0.0	    0.0	    3.9	  1	   50.0	 1250.0	   70.0	    0.0	    0.0	1	  226.7	 21	 1359.1	   15.9	
  104	  20.80	    6.8	 1498.4	    0.0	    0.0	    0.0	    0.0	    0.0	    0.0	    0.0	    0.0	    0.0	  100.0	   69.8	    0.0	    0.0	    0.0	    0.0	    3.9	  1	   50.0	 1250.0	   69.8	    0.0	    0.0	1	  228.7	 21	 1358.7	   15.9	
  105	  21.00	   11.5	 1497.3	    0.0	    0.0	    0.0	    0.0	    0.0	    0.0	    0.0	    0.0	    0.0	  100.0	   69.5	    0.0	    0.0	    0.0	    0.0	    3.9	  1	   50.0	 1250.0	   69.5	    0.0	    0.0	1	  219.6	 21	 1358.3	   15.8	
  106	  21.20	   14.3	 1496.9	    0.0	    0.0	    0.0	    0.0	    0.0	    0.0	    0.0	    0.0	    0.0	  100.0	   69.2	    0.0	    0.0	    0.0	    0.0	    4.0	  1	   50.0	 1250.0	   69.2	    0.0	    0.0	1	  220.0	 21	 1357.9	   15.8	
  107	  21.40	   18.4	 1495.5	    0.0	    0.0	    0.0	    0.0	    0.0	    0.0	    0.0	    0.0	    0.0	  100.0	   69.0	    0.0	    0.0	    0.0	    0.0	    4.0	  1	   50.0	 1250.0	   69.0	    0.0	    0.0	1	  219.6	 21	 1357.5	   15.8	
  108	  21.60	   23.1	 1493.4	    0.0	    0.0	    0.0	    0.0	    0.0	    0.0	    0.0	    0.0	    0.0	  100.0	   68.7	    0.0	    0.0	    0.0	    0.0	    4.0	  1	   50.0	 1250.0	   68.7	    0.0	    0.0	1	  221.5	 21	 1357.1	   15.7	
  109	  21.80	   28.4	 1491.0	    0.0	    0.0	    0.0	    0.0	    0.0	    0.0	    0.0	    0.0	    0.0	  100.0	   68.5	    0.0	    0.0	    0.0	    0.0	    4.1	  1	   50.0	 1250.0	   68.5	    0.0	    0.0	1	  212.0	 21	 1356.7	   15.7	
  110	  22.00	   32.3	 1488.6	    0.0	    0.0	    0.0	    0.0	    0.0	    0.0	    0.0	    0.0	    0.0	  100.0	   68.2	    0.0	    0.0	    0.0	    0.0	    4.1	  1	   50.0	 1250.0	   68.2	    0.0	    0.0	1	  212.7	 21	 1356.3	   15.6	
  111	  22.20	   34.7	 1487.0	    0.0	    0.0	    0.0	    0.0	    0.0	    0.0	    0.0	    0.0	    0.0	  100.0	   68.0	    0.0	    0.0	    0.0	    0.0	    4.1	  1	   50.0	 1250.0	   68.0	    0.0	    0.0	1	  213.3	 21	 1355.9	   15.6	
  112	  22.40	   35.1	 1486.5	    0.0	    0.0	    0.0	    0.0	    0.0	    0.0	    0.0	    0.0	    0.0	  100.0	   67.7	    0.0	    0.0	    0.0	    0.0	    4.2	  1	   50.0	 1250.0	   67.7	    0.0	    0.0	1	  214.0	 21	 1355.5	   15.5	
  113	  22.60	   35.6	 1486.2	    0.0	    0.0	    0.0	    0.0	    0.0	    0.0	    0.0	    0.0	    0.0	  100.0	   67.4	    0.0	    0.0	    0.0	    0.0	    4.2	  1	   50.0	 1250.0	   67.4	    0.0	    0.0	1	  214.0	 21	 1355.1	   15.5	
  114	  22.80	   35.7	 1486.1	    0.0	    0.0	    0.0	    0.0	    0.0	    0.0	    0.0	    0.0	    0.0	  100.0	   67.2	    0.0	    0.0	    0.0	    0.0	    4.3	  1	   50.0	 1250.0	   67.2	    0.0	    0.0	1	  214.0	 21	 1354.6	   15.5	
  115	  23.00	   36.7	 1485.2	    0.0	    0.0	    0.0	    0.0	    0.0	    0.0	    0.0	    0.0	    0.0	  100.0	   66.9	    0.0	    0.0	    0.0	    0.0	    4.3	  1	   50.0	 1250.0	   66.9	    0.0	    0.0	1	  213.9	 21	 1354.2	   15.4	
  116	  23.20	   38.3	 1483.9	    0.0	    0.0	    0.0	    0.0	    0.0	    0.0	    0.0	    0.0	    0.0	  100.0	   66.7	    0.0	    0.0	    0.0	    0.0	    4.3	  1	   50.0	 1250.0	   66.7	    0.0	    0.0	1	  213.8	 21	 1353.8	   15.4	
  117	  23.40	   39.7	 1482.6	    0.0	    0.0	    0.0	    0.0	    0.0	    0.0	    0.0	    0.0	    0.0	  100.0	   66.4	    0.0	    0.0	    0.0	    0.0	    4.4	  1	   50.0	 1250.0	   66.4	    0.0	    0.0	1	  204.9	 21	 1353.4	   15.3	
  118	  23.60	   41.0	 1481.1	    0.0	    0.0	    0.0	    0.0	    0.0	    0.0	    0.0	    0.0	    0.0	  100.0	   66.1	    0.0	    0.0	    0.0	    0.0	    4.4	  1	   50.0	 1250.0	   66.1	    0.0	    0.0	1	  203.8	 21	 1353.0	   15.3	
  119	  23.80	   42.2	 1479.8	    0.0	    0.0	    0.0	    0.0	    0.0	    0.0	    0.0	    0.0	    0.0	  100.0	   65.9	    0.0	    0.0	    0.0	    0.0	    4.4	  1	   50.0	 1250.0	   65.9	    0.0	    0.0	1	  203.6	 21	 1352.6	   15.3	
  120	  24.00	   43.2	 1478.5	    0.0	    0.0	    0.0	    0.0	    0.0	    0.0	    0.0	    0.0	    0.0	  100.0	   65.6	    0.0	    0.0	    0.0	    0.0	    4.5	  1	   50.0	 1250.0	   65.6	    0.0	    0.0	1	  203.3	 21	 1352.2	   15.2	
  121	  24.20	   44.1	 1477.6	    0.0	    0.0	    0.0	    0.0	    0.0	    0.0	    0.0	    0.0	    0.0	  100.0	   65.4	    0.0	    0.0	    0.0	    0.0	    4.5	  1	   50.0	 1250.0	   65.4	    0.0	    0.0	1	  205.9	 21	 1351.8	   15.2	
  122	  24.40	   45.0	 1476.3	    0.0	    0.0	    0.0	    0.0	    0.0	    0.0	    0.0	    0.0	    0.0	  100.0	   65.1	    0.0	    0.0	    0.0	    0.0	    4.5	  1	   50.0	 1250.0	   65.1	    0.0	    0.0	1	  205.7	 21	 1351.4	   15.1	
  123	  24.60	   45.7	 1475.6	    0.0	    0.0	    0.0	    0.0	    0.0	    0.0	    0.0	    0.0	    0.0	  100.0	   64.8	    0.0	    0.0	    0.0	    0.0	    4.6	  1	   50.0	 1250.0	   64.8	    0.0	    0.0	1	  206.0	 21	 1350.9	   15.1	
  124	  24.80	   46.0	 1475.2	    0.0	    0.0	    0.0	    0.0	    0.0	    0.0	    0.0	    0.0	    0.0	  100.0	   64.6	    0.0	    0.0	    0.0	    0.0	    4.6	  1	   50.0	 1250.0	   64.6	    0.0	    0.0	1	  206.0	 21	 1350.5	   15.1	
  125	  25.00	   46.1	 1474.8	    0.0	    0.0	    0.0	    0.0	    0.0	    0.0	    0.0	    0.0	    0.0	  100.0	   64.3	    0.0	    0.0	    0.0	    0.0	    4.6	  1	   50.0	 1250.0	   64.3	    0.0	    0.0	1	  196.8	 21	 1350.1	   15.0	
  126	  25.20	   46.7	 1473.7	    0.0	    0.0	    0.0	    0.0	    0.0	    0.0	    0.0	    0.0	    0.0	  100.0	   64.1	    0.0	    0.0	    0.0	    0.0	    4.7	  1	   50.0	 1250.0	   64.1	    0.0	    0.0	1	  196.7	 21	 1349.7	   15.0	
  127	  25.40	   46.9	 1473.4	    0.0	    0.0	    0.0	    0.0	    0.0	    0.0	    0.0	    0.0	    0.0	  100.0	   63.8	    0.0	    0.0	    0.0	    0.0	    4.7	  1	   50.0	 1250.0	   63.8	    0.0	    0.0	1	  196.7	 21	 1349.3	   14.9	
  128	  25.60	   46.9	 1473.3	    0.0	    0.0	    0.0	    0.0	    0.0	    0.0	    0.0	    0.0	    0.0	  100.0	   63.5	    0.0	    0.0	    0.0	    0.0	    4.7	  1	   50.0	 1250.0	   63.5	    0.0	    0.0	1	  196.7	 21	 1348.9	   14.9	
  129	  25.80	   47.4	 1472.2	    0.0	    0.0	    0.0	    0.0	    0.0	    0.0	    0.0	    0.0	    0.0	  100.0	   63.3	    0.0	    0.0	    0.0	    0.0	    4.8	  1	   50.0	 1250.0	   63.3	    0.0	    0.0	1	  196.6	 21	 1348.5	   14.8	
  130	  26.00	   47.4	 1472.0	    0.0	    0.0	    0.0	    0.0	    0.0	    0.0	    0.0	    0.0	    0.0	  100.0	   63.0	    0.0	    0.0	    0.0	    0.0	    4.8	  1	   50.0	 1250.0	   63.0	    0.0	    0.0	1	  196.6	 21	 1348.0	   14.8	
  131	  26.20	   47.4	 1472.0	    0.0	    0.0	    0.0	    0.0	    0.0	    0.0	    0.0	    0.0	    0.0	  100.0	   62.7	    0.0	    0.0	    0.0	    0.0	    4.8	  1	   50.0	 1250.0	   62.7	    0.0	    0.0	1	  196.6	 21	 1347.6	   14.8	
  132	  26.40	   47.8	 1471.6	    0.0	    0.0	    0.0	    0.0	    0.0	    0.0	    0.0	    0.0	    0.0	  100.0	   62.5	    0.0	    0.0	    0.0	    0.0	    4.9	  1	   50.0	 1250.0	   62.5	    0.0	    0.0	1	  196.6	 21	 1347.2	   14.7	
  133	  26.60	   47.9	 1471.6	    0.0	    0.0	    0.0	    0.0	    0.0	    0.0	    0.0	    0.0	    0.0	  100.0	   62.2	    0.0	    0.0	    0.0	    0.0	    4.9	  1	   50.0	 1250.0	   62.2	    0.0	    0.0	1	  196.6	 21	 1346.8	   14.7	
  134	  26.80	   47.9	 1471.6	    0.0	    0.0	    0.0	    0.0	    0.0	    0.0	    0.0	    0.0	    0.0	  100.0	   62.0	    0.0	    0.0	    0.0	    0.0	    4.9	  1	   50.0	 1250.0	   62.0	    0.0	    0.0	1	  196.6	 21	 1346.4	   14.6	
  135	  27.00	   47.8	 1471.5	    0.0	    0.0	    0.0	    0.0	    0.0	    0.0	    0.0	    0.0	    0.0	  100.0	   61.7	    0.0	    0.0	    0.0	    0.0	    5.0	  1	   50.0	 1250.0	   61.7	    0.0	    0.0	1	  196.6	 21	 1346.0	   14.6	
  136	  27.20	   47.7	 1471.8	    0.0	    0.0	    0.0	    0.0	    0.0	    0.0	    0.0	    0.0	    0.0	  100.0	   61.4	    0.0	    0.0	    0.0	    0.0	    5.0	  1	   50.0	 1250.0	   61.4	    0.0	    0.0	1	  196.6	 21	 1345.6	   14.6	
  137	  27.40	   47.7	 1471.8	    0.0	    0.0	    0.0	    0.0	    0.0	    0.0	    0.0	    0.0	    0.0	  100.0	   61.2	    0.0	    0.0	    0.0	    0.0	    5.0	  1	   50.0	 1250.0	   61.2	    0.0	    0.0	1	  196.6	 21	 1345.1	   14.5	
  138	  27.60	   47.6	 1471.8	    0.0	    0.0	    0.0	    0.0	    0.0	    0.0	    0.0	    0.0	    0.0	  100.0	   60.9	    0.0	    0.0	    0.0	    0.0	    5.1	  1	   50.0	 1250.0	   60.9	    0.0	    0.0	1	  196.6	 21	 1344.7	   14.5	
  139	  27.80	   47.6	 1471.8	    0.0	    0.0	    0.0	    0.0	    0.0	    0.0	    0.0	    0.0	    0.0	  100.0	   60.6	    0.0	    0.0	    0.0	    0.0	    5.1	  1	   50.0	 1250.0	   60.6	    0.0	    0.0	1	  196.6	 21	 1344.3	   14.4	
  140	  28.00	   47.5	 1471.8	    0.0	    0.0	    0.0	    0.0	    0.0	    0.0	    0.0	    0.0	    0.0	  100.0	   60.4	    0.0	    0.0	    0.0	    0.0	    5.1	  1	   50.0	 1250.0	   60.4	    0.0	    0.0	1	  196.6	 21	 1343.9	   14.4	
  141	  28.20	   47.8	 1471.4	    0.0	    0.0	    0.0	    0.0	    0.0	    0.0	    0.0	    0.0	    0.0	  100.0	   60.1	    0.0	    0.0	    0.0	    0.0	    5.2	  1	   50.0	 1250.0	   60.1	    0.0	    0.0	1	  196.6	 21	 1343.5	   14.3	
  142	  28.40	   47.8	 1471.4	    0.0	    0.0	    0.0	    0.0	    0.0	    0.0	    0.0	    0.0	    0.0	  100.0	   59.9	    0.0	    0.0	    0.0	    0.0	    5.2	  1	   50.0	 1250.0	   59.9	    0.0	    0.0	1	  196.6	 21	 1343.1	   14.3	
  143	  28.60	   47.8	 1471.5	    0.0	    0.0	    0.0	    0.0	    0.0	    0.0	    0.0	    0.0	    0.0	  100.0	   59.6	    0.0	    0.0	    0.0	    0.0	    5.2	  1	   50.0	 1250.0	   59.6	    0.0	    0.0	1	  196.6	 21	 1342.7	   14.3	
  144	  28.80	   47.9	 1471.3	    0.0	    0.0	    0.0	    0.0	    0.0	    0.0	    0.0	    0.0	    0.0	  100.0	   59.3	    0.0	    0.0	    0.0	    0.0	    5.3	  1	   50.0	 1250.0	   59.3	    0.0	    0.0	1	  196.6	 21	 1342.2	   14.2	
  145	  29.00	   47.9	 1471.3	    0.0	    0.0	    0.0	    0.0	    0.0	    0.0	    0.0	    0.0	    0.0	  100.0	   59.1	    0.0	    0.0	    0.0	    0.0	    5.3	  1	   50.0	 1250.0	   59.1	    0.0	    0.0	1	  196.6	 21	 1341.8	   14.2	
  146	  29.20	   47.9	 1471.3	    0.0	  354.7	  711.2	    0.0	  200.0	    0.0	    0.0	    0.0	    0.0	  100.0	   58.6	    0.0	    0.0	    0.0	    0.0	    5.3	  1	  150.0	 1450.0	   58.6	    0.0	    0.0	1	   97.3	 21	 1208.4	 -191.6	
  147	  29.40	   47.9	 1471.3	    0.0	  347.1	  708.0	    0.0	  200.0	    0.0	    0.0	    0.0	    0.0	  100.0	   58.2	    0.0	    0.0	    0.0	    0.0	    5.4	  1	   50.0	 1450.0	   58.2	    0.0	    0.0	1	   17.8	 21	    0.0	    0.0	
  148	  29.60	   47.8	 1471.2	    0.0	  341.2	  705.6	    0.0	  200.0	    0.0	    0.0	    0.0	    0.0	  100.0	   57.8	    0.0	    0.0	    0.0	    0.0	    5.4	  1	   50.0	 1450.0	   57.8	    0.0	    0.0	1	   17.8	 21	    0.0	    0.0	
  149	  29.80	   47.8	 1471.3	    0.0	  341.2	  705.6	    0.0	  200.0	    0.0	    0.0	    0.0	    0.0	  100.0	   57.4	    0.0	    0.0	    0.0	    0.0	    5.4	  1	   50.0	 1450.0	   57.4	    0.0	    0.0	1	   17.8	 21	    0.0	    0.0	
  150	  30.00	   47.8	 1471.3	    0.0	  336.0	  703.7	    0.0	  200.0	    0.0	    0.0	    0.0	    0.0	  100.0	   56.9	    0.0	    0.0	    0.0	    0.0	    5.5	  1	   50.0	 1450.0	   56.9	    0.0	    0.0	1	   17.8	 21	    0.0	    0.0	
  151	  30.20	   47.8	 1471.3	    0.0	  336.0	  703.7	    0.0	  200.0	    0.0	    0.0	    0.0	    0.0	  100.0	   56.5	    0.0	    0.0	    0.0	    0.0	    5.5	  1	   50.0	 1450.0	   56.5	    0.0	    0.0	1	   17.8	 21	    0.0	    0.0	
  152	  30.40	   48.0	 1470.6	    0.0	  336.0	  703.7	    0.0	  200.0	    0.0	    0.0	    0.0	    0.0	  100.0	   56.1	    0.0	    0.0	    0.0	    0.0	    5.5	  1	   50.0	 1450.0	   56.1	    0.0	    0.0	1	   17.8	 21	    0.0	    0.0	
  153	  30.60	   48.3	 1469.9	    0.0	  336.0	  703.7	    0.0	  200.0	    0.0	    0.0	    0.0	    0.0	  100.0	   55.7	    0.0	    0.0	    0.0	    0.0	    5.6	  1	   50.0	 1450.0	   55.7	    0.0	    0.0	1	   17.9	 21	    0.0	    0.0	
  154	  30.80	   48.4	 1469.7	    0.0	  336.0	  703.7	    0.0	  200.0	    0.0	    0.0	    0.0	    0.0	  100.0	   55.3	    0.0	    0.0	    0.0	    0.0	    5.6	  1	   50.0	 1450.0	   55.3	    0.0	    0.0	1	   17.9	 21	    0.0	    0.0	
  155	  31.00	   48.5	 1469.3	    0.0	  336.0	  703.7	    0.0	  200.0	    0.0	    0.0	    0.0	    0.0	  100.0	   54.8	    0.0	    0.0	    0.0	    0.0	    5.6	  1	   50.0	 1450.0	   54.8	    0.0	    0.0	1	   17.9	 21	    0.0	    0.0	
  156	  31.20	   48.6	 1469.0	    0.0	  336.0	  703.7	    0.0	  200.0	    0.0	    0.0	    0.0	    0.0	  100.0	   54.4	    0.0	    0.0	    0.0	    0.0	    5.7	  1	   50.0	 1450.0	   54.4	    0.0	    0.0	1	   18.3	 21	    0.0	    0.0	
  157	  31.40	   48.9	 1468.3	    0.0	  336.0	  703.7	    0.0	  200.0	    0.0	    0.0	    0.0	    0.0	  100.0	   54.0	    0.0	    0.0	    0.0	    0.0	    5.7	  1	   50.0	 1450.0	   54.0	    0.0	    0.0	1	   18.3	 21	    0.0	    0.0	
  158	  31.60	   48.9	 1468.4	    0.0	  336.0	  703.7	    0.0	  200.0	    0.0	    0.0	    0.0	    0.0	  100.0	   53.6	    0.0	    0.0	    0.0	    0.0	    5.7	  1	   50.0	 1450.0	   53.6	    0.0	    0.0	1	   18.3	 21	    0.0	    0.0	
  159	  31.80	   49.0	 1468.2	    0.0	  336.0	  703.7	    0.0	  200.0	    0.0	    0.0	    0.0	    0.0	  100.0	   53.2	    0.0	    0.0	    0.0	    0.0	    5.8	  1	   50.0	 1450.0	   53.2	    0.0	    0.0	1	   18.3	 21	    0.0	    0.0	
  160	  32.00	   49.5	 1467.4	    0.0	  336.0	  703.7	    0.0	  200.0	    0.0	    0.0	    0.0	    0.0	  100.0	   52.7	    0.0	    0.0	    0.0	    0.0	    5.8	  1	   50.0	 1450.0	   52.7	    0.0	    0.0	1	   18.3	 21	    0.0	    0.0	
  161	  32.20	   49.7	 1467.2	    0.0	  336.0	  703.7	    0.0	  200.0	    0.0	    0.0	    0.0	    0.0	  100.0	   52.3	    0.0	    0.0	    0.0	    0.0	    5.8	  1	   50.0	 1450.0	   52.3	    0.0	    0.0	1	    9.2	 21	    0.0	    0.0	
  162	  32.40	   49.7	 1467.0	    0.0	  336.0	  703.7	    0.0	  200.0	    0.0	    0.0	    0.0	    0.0	  100.0	   51.9	    0.0	    0.0	    0.0	    0.0	    5.9	  1	   50.0	 1450.0	   51.9	    0.0	    0.0	1	    9.2	 21	    0.0	    0.0	
  163	  32.60	   49.7	 1467.2	    0.0	  336.0	  703.7	    0.0	  200.0	    0.0	    0.0	    0.0	    0.0	  100.0	   51.5	    0.0	    0.0	    0.0	    0.0	    5.9	  1	   50.0	 1450.0	   51.5	    0.0	    0.0	1	    9.2	 21	    0.0	    0.0	
  164	  32.80	   49.8	 1467.1	    0.0	  336.0	  703.7	    0.0	  200.0	    0.0	    0.0	    0.0	    0.0	  100.0	   51.1	    0.0	    0.0	    0.0	    0.0	    5.9	  1	   50.0	 1450.0	   51.1	    0.0	    0.0	1	    9.2	 21	    0.0	    0.0	
  165	  33.00	   50.0	 1466.9	    0.0	  336.0	  703.7	    0.0	  200.0	    0.0	    0.0	    0.0	    0.0	  100.0	   50.6	    0.0	    0.0	    0.0	    0.0	    6.0	  1	   50.0	 1450.0	   50.6	    0.0	    0.0	1	    9.2	 21	    0.0	    0.0	
  166	  33.20	   50.3	 1466.6	    0.0	  336.0	  703.7	    0.0	  200.0	    0.0	    0.0	    0.0	    0.0	  100.0	   50.2	    0.0	    0.0	    0.0	    0.0	    6.0	  1	   50.0	 1450.0	   50.2	    0.0	    0.0	1	    9.2	 21	    0.0	    0.0	
  167	  33.40	   50.3	 1466.6	    0.0	  336.0	  703.7	    0.0	  200.0	    0.0	    0.0	    0.0	    0.0	  100.0	   49.8	    0.0	    0.0	    0.0	    0.0	    6.0	  1	   50.0	 1450.0	   49.8	    0.0	    0.0	1	    9.2	 21	    0.0	    0.0	
  168	  33.60	   50.3	 1466.7	    0.0	  336.0	  703.7	    0.0	  200.0	    0.0	    0.0	    0.0	    0.0	  100.0	   49.4	    0.0	    0.0	    0.0	    0.0	    6.1	  1	   50.0	 1450.0	   49.4	    0.0	    0.0	1	    9.2	 21	    0.0	    0.0	
  169	  33.80	   50.3	 1466.7	    0.0	  336.0	  703.7	    0.0	  200.0	    0.0	    0.0	    0.0	    0.0	  100.0	   49.0	    0.0	    0.0	    0.0	    0.0	    6.1	  1	   50.0	 1450.0	   49.0	    0.0	    0.0	1	    9.2	 21	    0.0	    0.0	
  170	  34.00	   51.0	 1465.8	    0.0	  665.6	  922.5	    0.0	  200.0	    0.0	    0.0	    0.0	    0.0	  100.0	   48.6	    0.0	    0.0	    0.0	    0.0	    6.1	  1	  250.0	 1550.0	   48.6	    0.0	    0.0	1	  202.4	 21	 1209.0	 -191.0	
  171	  34.20	   51.5	 1465.4	    0.0	  690.0	  950.8	    0.0	  200.0	    0.0	    0.0	    0.0	    0.0	  100.0	   48.2	    0.0	    0.0	    0.0	    0.0	    6.2	  1	   50.0	 1450.0	   48.2	    0.0	    0.0	1	    9.2	 21	    0.0	    0.0	
  172	  34.40	   51.7	 1465.5	    0.0	  718.0	  987.9	    0.0	  200.0	    0.0	    0.0	    0.0	    0.0	  100.0	   47.7	    0.0	    0.0	    0.0	    0.0	    6.2	  1	   50.0	 1450.0	   47.7	    0.0	    0.0	1	    9.2	 21	    0.0	    0.0	
  173	  34.60	   52.0	 1465.4	    0.0	  758.8	 1049.1	    0.0	  200.0	    0.0	    0.0	    0.0	    0.0	  100.0	   47.3	    0.0	    0.0	    0.0	    0.0	    6.2	  1	   50.0	 1450.0	   47.3	    0.0	    0.0	1	    9.2	 21	 1374.8	  -25.2	
  174	  34.80	   52.1	 1465.4	    0.0	  778.5	 1085.0	    0.0	  200.0	  695.4	 1018.4	    0.0	  200.0	  100.0	   46.9	    0.0	    0.0	    0.0	    0.2	    6.3	  1	 -250.0	 1850.0	   46.9	    0.0	    0.2	1	  409.8	 21	    0.0	    0.0	
  175	  35.00	   53.0	 1465.0	    0.0	  792.0	 1113.0	    0.0	  200.0	  711.5	 1043.3	    0.0	  200.0	  100.0	   46.5	    0.0	    0.0	    0.0	    0.2	    6.3	  1	 -250.0	 1850.0	   46.5	    0.0	    0.2	1	  406.5	 21	    0.0	    0.0	
  176	  35.20	   53.7	 1464.5	    0.0	  815.4	 1160.4	    0.0	  200.0	  739.6	 1085.7	    0.0	  200.0	  100.0	   46.1	    0.0	    0.0	    0.0	    0.3	    6.3	  1	 -250.0	 1850.0	   46.1	    0.0	    0.3	1	  399.7	 21	 1387.8	  -12.2	
  177	  35.40	   54.5	 1464.3	    0.0	  838.5	 1222.8	    0.0	  200.0	  768.9	 1142.1	    0.0	  200.0	  100.0	   45.6	    0.0	    0.0	    0.0	    0.3	    6.4	  1	 -350.0	 1750.0	   45.6	    0.0	    0.3	1	  411.0	 21	 1380.2	  -19.8	
  178	  35.60	   54.9	 1464.3	    0.0	  858.3	 1299.4	    0.0	  200.0	  670.0	 1024.2	    0.0	  200.0	  100.0	   45.2	    0.0	    0.0	    0.0	    0.9	    6.4	  1	  -50.0	 2050.0	   45.2	    0.0	    0.9	1	  354.9	 21	 1375.3	  -24.7	
  179	  35.80	   55.1	 1464.3	    0.0	  866.7	 1346.9	    0.0	  200.0	  694.8	 1061.1	    0.0	  200.0	  100.0	   44.8	    0.0	    0.0	    0.0	    0.9	    6.5	  1	   50.0	 2150.0	   44.8	    0.0	    0.9	1	  296.3	 21	    0.0	    0.0	
  180	  36.00	   56.2	 1464.5	    0.0	  866.7	 1346.9	    0.0	  200.0	  694.8	 1061.1	    0.0	  200.0	  100.0	   44.4	    0.0	    0.0	    0.0	    0.9	    6.5	  1	   50.0	 2150.0	   44.4	    0.0	    0.9	1	  296.3	 21	    0.0	    0.0	
  181	  36.20	   57.8	 1463.7	    0.0	  866.7	 1346.9	    0.0	  200.0	  694.8	 1061.1	    0.0	  200.0	  100.0	   44.0	    0.0	    0.0	    0.0	    1.0	    6.5	  1	   50.0	 2150.0	   44.0	    0.0	    1.0	1	  296.3	 21	    0.0	    0.0	
  182	  36.40	   57.7	 1463.8	    0.0	  866.7	 1346.9	    0.0	  200.0	  694.8	 1061.1	    0.0	  200.0	  100.0	   43.5	    0.0	    0.0	    0.0	    1.0	    6.6	  1	   50.0	 2150.0	   43.5	    0.0	    1.0	1	  296.3	 21	    0.0	    0.0	
  183	  36.60	   60.4	 1465.0	    0.0	  866.7	 1346.9	    0.0	  200.0	  694.8	 1061.1	    0.0	  200.0	  100.0	   43.1	    0.0	    0.0	    0.0	    1.0	    6.6	  1	   50.0	 2150.0	   43.1	    0.0	    1.0	1	  296.4	 21	    0.0	    0.0	
  184	  36.80	   60.7	 1465.3	    0.0	  866.7	 1346.9	    0.0	  200.0	  694.8	 1061.1	    0.0	  200.0	  100.0	   42.7	    0.0	    0.0	    0.0	    1.0	    6.6	  1	   50.0	 2150.0	   42.7	    0.0	    1.0	1	  296.4	 21	    0.0	    0.0	
  185	  37.00	   63.0	 1466.1	    0.0	  866.7	 1346.9	    0.0	  200.0	  694.8	 1061.1	    0.0	  200.0	  100.0	   42.3	    0.0	    0.0	    0.0	    1.0	    6.7	  1	   50.0	 2150.0	   42.3	    0.0	    1.0	1	  296.4	 21	    0.0	    0.0	
  186	  37.20	   64.5	 1466.8	    0.0	  866.7	 1346.9	    0.0	  200.0	  694.8	 1061.1	    0.0	  200.0	  100.0	   41.9	    0.0	    0.0	    0.0	    1.1	    6.7	  1	   50.0	 2150.0	   41.9	    0.0	    1.1	1	  296.4	 21	 1399.0	   19.9	
  187	  37.40	   64.2	 1466.9	    0.0	  866.7	 1346.9	    0.0	  200.0	  694.8	 1061.1	    0.0	  200.0	  100.0	   41.4	    0.0	    0.0	    0.0	    1.1	    6.7	  1	   50.0	 2150.0	   41.4	    0.0	    1.1	1	  296.4	 21	 1397.5	   19.8	
  188	  37.60	   65.4	 1468.2	    0.0	  866.7	 1346.9	    0.0	  200.0	  694.8	 1061.1	    0.0	  200.0	  100.0	   41.0	    0.0	    0.0	    0.0	    1.1	    6.8	  1	   50.0	 2150.0	   41.0	    0.0	    1.1	1	  296.4	 21	 1396.1	   19.6	
  189	  37.80	   65.4	 1468.8	    0.0	  866.7	 1346.9	    0.0	  200.0	  694.8	 1061.1	    0.0	  200.0	  100.0	   40.6	    0.0	    0.0	    0.0	    1.1	    6.8	  1	   50.0	 2150.0	   40.6	    0.0	    1.1	1	  296.4	 21	 1394.7	   19.5	
  190	  38.00	   65.6	 1470.0	    0.0	  866.7	 1346.9	    0.0	  200.0	  694.8	 1061.1	    0.0	  200.0	  100.0	   40.2	    0.0	    0.0	    0.0	    1.2	    6.8	  1	   50.0	 2150.0	   40.2	    0.0	    1.2	1	  296.4	 21	 1393.2	   19.3	
  191	  38.20	   66.3	 1471.1	    0.0	  866.7	 1346.9	    0.0	  200.0	  694.8	 1061.1	    0.0	  200.0	  100.0	   39.8	    0.0	    0.0	    0.0	    1.2	    6.9	  1	   50.0	 2150.0	   39.8	    0.0	    1.2	1	  296.4	 21	 1391.8	   19.2	
  192	  38.40	   67.1	 1471.6	    0.0	  866.7	 1346.9	    0.0	  200.0	  694.8	 1061.1	    0.0	  200.0	  100.0	   39.3	    0.0	    0.0	    0.0	    1.2	    6.9	  1	   50.0	 2150.0	   39.3	    0.0	    1.2	1	  296.5	 21	 1390.4	   19.0	
  193	  38.60	   67.4	 1472.2	    0.0	  866.7	 1346.9	    0.0	  200.0	  694.8	 1061.1	    0.0	  200.0	  100.0	   38.9	    0.0	    0.0	    0.0	    1.2	    7.0	  1	   50.0	 2150.0	   38.9	    0.0	    1.2	1	  296.5	 21	 1388.9	   18.9	
  194	  38.80	   67.0	 1472.4	    0.0	  866.7	 1346.9	    0.0	  200.0	  694.8	 1061.1	    0.0	  200.0	  100.0	   38.5	    0.0	    0.0	    0.0	    1.2	    7.0	  1	   50.0	 2150.0	   38.5	    0.0	    1.2	1	  296.4	 21	 1387.5	   18.8	
  195	  39.00	   66.2	 1472.6	    0.0	  866.7	 1346.9	    0.0	  200.0	  694.8	 1061.1	    0.0	  200.0	  100.0	   38.1	    0.0	    0.0	    0.0	    1.3	    7.0	  1	   50.0	 2150.0	   38.1	    0.0	    1.3	1	  296.4	 21	 1386.1	   18.6	
  196	  39.20	   66.5	 1472.8	    0.0	  866.7	 1346.9	    0.0	  200.0	  694.8	 1061.1	    0.0	  200.0	  100.0	   37.7	    0.0	    0.0	    0.0	    1.3	    7.1	  1	   50.0	 2150.0	   37.7	    0.0	    1.3	1	  296.4	 21	 1384.7	   18.5	
  197	  39.40	   66.3	 1472.8	    0.0	  866.7	 1346.9	    0.0	  200.0	  694.8	 1061.1	    0.0	  200.0	  100.0	   37.2	    0.0	    0.0	    0.0	    1.3	    7.1	  1	   50.0	 2150.0	   37.2	    0.0	    1.3	1	  296.4	 21	 1383.3	   18.3	
  198	  39.60	   66.0	 1473.5	    0.0	  866.7	 1346.9	    0.0	  200.0	  694.8	 1061.1	    0.0	  200.0	  100.0	   36.8	    0.0	    0.0	    0.0	    1.3	    7.1	  1	   50.0	 2150.0	   36.8	    0.0	    1.3	1	  296.4	 21	 1381.9	   18.2	
  199	  39.80	   66.1	 1474.1	    0.0	  866.7	 1346.9	    0.0	  200.0	  694.8	 1061.1	    0.0	  200.0	  100.0	   36.4	    0.0	    0.0	    0.0	    1.4	    7.2	  1	   50.0	 2150.0	   36.4	    0.0	    1.4	1	  296.4	 21	 1380.5	   18.0	
  200	  40.00	   65.6	 1474.6	    0.0	  866.7	 1346.9	    0.0	  200.0	  694.8	 1061.1	    0.0	  200.0	  100.0	   36.0	    0.0	    0.0	    0.0	    1.4	    7.2	  1	   50.0	 2150.0	   36.0	    0.0	    1.4	1	  296.4	 21	 1379.1	   17.9	
  201	  40.20	   65.3	 1475.1	    0.0	  866.7	 1346.9	    0.0	  200.0	  694.8	 1061.1	    0.0	  200.0	  100.0	   35.5	    0.0	    0.0	    0.0	    1.4	    7.2	  1	   50.0	 2150.0	   35.5	    0.0	    1.4	1	  296.4	 21	 1377.7	   17.8	
  202	  40.40	   65.1	 1475.2	    0.0	  866.7	 1346.9	    0.0	  200.0	  694.8	 1061.1	    0.0	  200.0	  100.0	   35.1	    0.0	    0.0	    0.0	    1.4	    7.3	  1	   50.0	 2150.0	   35.1	    0.0	    1.4	1	  296.4	 21	 1376.3	   17.6	
  203	  40.60	   64.8	 1475.4	    0.0	  866.7	 1346.9	    0.0	  200.0	  694.8	 1061.1	    0.0	  200.0	  100.0	   34.7	    0.0	    0.0	    0.0	    1.4	    7.3	  1	   50.0	 2150.0	   34.7	    0.0	    1.4	1	  296.4	 21	 1374.9	   17.5	
  204	  40.80	   64.5	 1475.2	    0.0	  866.7	 1346.9	    0.0	  200.0	  694.8	 1061.1	    0.0	  200.0	  100.0	   34.3	    0.0	    0.0	    0.0	    1.5	    7.4	  1	   50.0	 2150.0	   34.3	    0.0	    1.5	1	  296.4	 21	 1373.5	   17.4	
  205	  41.00	   64.7	 1475.5	    0.0	  866.7	 1346.9	    0.0	  200.0	  694.8	 1061.1	    0.0	  200.0	  100.0	   33.9	    0.0	    0.0	    0.0	    1.5	    7.4	  1	   50.0	 2150.0	   33.9	    0.0	    1.5	1	  296.4	 21	 1372.1	   17.2	
  206	  41.20	   64.7	 1475.5	    0.0	  866.7	 1346.9	    0.0	  200.0	  694.8	 1061.1	    0.0	  200.0	  100.0	   33.4	    0.0	    0.0	    0.0	    1.5	    7.4	  1	   50.0	 2150.0	   33.4	    0.0	    1.5	1	  296.4	 21	 1370.8	   17.1	
  207	  41.40	   65.1	 1475.5	    0.0	  866.7	 1346.9	    0.0	  200.0	  694.8	 1061.1	    0.0	  200.0	  100.0	   33.0	    0.0	    0.0	    0.0	    1.5	    7.5	  1	   50.0	 2150.0	   33.0	    0.0	    1.5	1	  296.4	 21	 1369.4	   16.9	
  208	  41.60	   64.6	 1475.9	    0.0	  866.7	 1346.9	    0.0	  200.0	  694.8	 1061.1	    0.0	  200.0	  100.0	   32.6	    0.0	    0.0	    0.0	    1.5	    7.5	  1	   50.0	 2150.0	   32.6	    0.0	    1.5	1	  296.4	 21	 1368.1	   16.8	
  209	  41.80	   64.6	 1475.9	    0.0	  866.7	 1346.9	    0.0	  200.0	  694.8	 1061.1	    0.0	  200.0	  100.0	   32.2	    0.0	    0.0	    0.0	    1.6	    7.5	  1	   50.0	 2150.0	   32.2	    0.0	    1.6	1	  296.4	 21	 1366.7	   16.7	
  210	  42.00	   64.8	 1476.1	    0.0	  866.7	 1346.9	    0.0	  200.0	  694.8	 1061.1	    0.0	  200.0	  100.0	   31.8	    0.0	    0.0	    0.0	    1.6	    7.6	  1	   50.0	 2150.0	   31.8	    0.0	    1.6	1	  296.4	 21	 1365.4	   16.5	
  211	  42.20	   64.6	 1476.7	    0.0	  866.7	 1346.9	    0.0	  200.0	  694.8	 1061.1	    0.0	  200.0	  100.0	   31.3	    0.0	    0.0	    0.0	    1.6	    7.6	  1	   50.0	 2150.0	   31.3	    0.0	    1.6	1	  296.4	 21	 1364.0	   16.4	
  212	  42.40	   65.1	 1476.7	    0.0	  866.7	 1346.9	    0.0	  200.0	  694.8	 1061.1	    0.0	  200.0	  100.0	   30.9	    0.0	    0.0	    0.0	    1.6	    7.6	  1	   50.0	 2150.0	   30.9	    0.0	    1.6	1	  296.4	 21	 1362.7	   16.3	
  213	  42.60	   65.1	 1476.7	    0.0	  866.7	 1346.9	    0.0	  200.0	  694.8	 1061.1	    0.0	  200.0	  100.0	   30.5	    0.0	    0.0	    0.0	    1.7	    7.7	  1	   50.0	 2150.0	   30.5	    0.0	    1.7	1	  296.4	 21	 1361.3	   16.1	
  214	  42.80	   64.9	 1476.5	    0.0	  866.7	 1346.9	    0.0	  200.0	  694.8	 1061.1	    0.0	  200.0	  100.0	   30.1	    0.0	    0.0	    0.0	    1.7	    7.7	  1	   50.0	 2150.0	   30.1	    0.0	    1.7	1	  296.4	 21	 1360.0	   16.0	
  215	  43.00	   64.4	 1476.4	    0.0	  866.7	 1346.9	    0.0	  200.0	  694.8	 1061.1	    0.0	  200.0	  100.0	   29.7	    0.0	    0.0	    0.0	    1.7	    7.8	  1	   50.0	 2150.0	   29.7	    0.0	    1.7	1	  296.4	 21	 1358.7	   15.9	
  216	  43.20	   64.3	 1476.3	    0.0	  866.7	 1346.9	    0.0	  200.0	  694.8	 1061.1	    0.0	  200.0	  100.0	   29.2	    0.0	    0.0	    0.0	    1.7	    7.8	  1	   50.0	 2150.0	   29.2	    0.0	    1.7	1	  296.4	 21	 1357.4	   15.7	
  217	  43.40	   64.2	 1476.3	    0.0	  866.7	 1346.9	    0.0	  200.0	  694.8	 1061.1	    0.0	  200.0	  100.0	   28.8	    0.0	    0.0	    0.0	    1.7	    7.8	  1	   50.0	 2150.0	   28.8	    0.0	    1.7	1	  296.4	 21	 1356.1	   15.6	
  218	  43.60	   64.0	 1476.4	    0.0	  866.7	 1346.9	    0.0	  200.0	  694.8	 1061.1	    0.0	  200.0	  100.0	   28.4	    0.0	    0.0	    0.0	    1.8	    7.9	  1	 -350.0	 1750.0	   28.4	    0.0	    1.8	1	  373.5	 21	 1354.8	   15.5	
  219	  43.80	   64.0	 1476.7	    0.0	  866.7	 1346.9	    0.0	  200.0	  694.8	 1061.1	    0.0	  200.0	  100.0	   28.0	    0.0	    0.0	    0.0	    1.8	    7.9	  1	 -350.0	 1750.0	   28.0	    0.0	    1.8	1	  372.6	 21	 1353.5	   15.4	
  220	  44.00	   64.0	 1476.7	    0.0	  866.7	 1346.9	    0.0	  200.0	  694.8	 1061.1	    0.0	  200.0	  100.0	   27.6	    0.0	    0.0	    0.0	    1.8	    7.9	  1	 -350.0	 1750.0	   27.6	    0.0	    1.8	1	  371.6	 21	 1352.2	   15.2	
  221	  44.20	   64.1	 1477.0	    0.0	  866.7	 1346.9	    0.0	  200.0	  694.8	 1061.1	    0.0	  200.0	  100.0	   27.1	    0.0	    0.0	    0.0	    1.8	    8.0	  1	 -350.0	 1750.0	   27.1	    0.0	    1.8	1	  370.7	 21	 1351.0	   15.1	
  222	  44.40	   63.8	 1477.0	    0.0	  866.7	 1346.9	    0.0	  200.0	  694.8	 1061.1	    0.0	  200.0	  100.0	   26.7	    0.0	    0.0	    0.0	    1.8	    8.0	  1	 -350.0	 1750.0	   26.7	    0.0	    1.8	1	  369.7	 21	 1349.7	   15.0	
  223	  44.60	   63.8	 1477.7	    0.0	  866.7	 1346.9	    0.0	  200.0	  694.8	 1061.1	    0.0	  200.0	  100.0	   26.3	    0.0	    0.0	    0.0	    1.9	    8.0	  1	 -350.0	 1750.0	   26.3	    0.0	    1.9	1	  368.8	 21	 1348.5	   14.8	
  224	  44.80	   63.8	 1478.2	    0.0	  866.7	 1346.9	    0.0	  200.0	  694.8	 1061.1	    0.0	  200.0	  100.0	   25.9	    0.0	    0.0	    0.0	    1.9	    8.1	  1	 -350.0	 1750.0	   25.9	    0.0	    1.9	1	  367.8	 21	 1347.2	   14.7	
  225	  45.00	   63.8	 1478.8	    0.0	  866.7	 1346.9	    0.0	  200.0	  694.8	 1061.1	    0.0	  200.0	  100.0	   25.5	    0.0	    0.0	    0.0	    1.9	    8.1	  1	 -350.0	 1750.0	   25.5	    0.0	    1.9	1	  366.9	 21	 1346.0	   14.6	
  226	  45.20	   63.5	 1479.3	    0.0	  866.7	 1346.9	    0.0	  200.0	  694.8	 1061.1	    0.0	  200.0	  100.0	   25.0	    0.0	    0.0	    0.0	    1.9	    8.2	  1	 -350.0	 1750.0	   25.0	    0.0	    1.9	1	  365.9	 21	 1344.8	   14.5	
  227	  45.40	   63.6	 1479.7	    0.0	  866.7	 1346.9	    0.0	  200.0	  694.8	 1061.1	    0.0	  200.0	  100.0	   24.6	    0.0	    0.0	    0.0	    2.0	    8.2	  1	 -350.0	 1750.0	   24.6	    0.0	    2.0	1	  365.0	 21	 1343.6	   14.4	
  228	  45.60	   62.9	 1479.8	    0.0	  866.7	 1346.9	    0.0	  200.0	  694.8	 1061.1	    0.0	  200.0	  100.0	   24.2	    0.0	    0.0	    0.0	    2.0	    8.2	  1	 -350.0	 1750.0	   24.2	    0.0	    2.0	1	  364.0	 21	 1342.4	   14.2	
  229	  45.80	   63.2	 1480.1	    0.0	  866.7	 1346.9	    0.0	  200.0	  694.8	 1061.1	    0.0	  200.0	  100.0	   23.8	    0.0	    0.0	    0.0	    2.0	    8.3	  1	 -350.0	 1750.0	   23.8	    0.0	    2.0	1	  363.0	 21	 1341.2	   14.1	
  230	  46.00	   62.4	 1482.6	    0.0	  866.7	 1346.9	    0.0	  200.0	  694.8	 1061.1	    0.0	  200.0	  100.0	   23.3	    0.0	    0.0	    0.0	    2.0	    8.3	  1	 -350.0	 1750.0	   23.3	    0.0	    2.0	1	  362.1	 21	 1340.0	   14.0	
  231	  46.20	   61.3	 1483.1	    0.0	  866.7	 1346.9	    0.0	  200.0	  694.8	 1061.1	    0.0	  200.0	  100.0	   22.9	    0.0	    0.0	    0.0	    2.0	    8.3	  1	 -350.0	 1750.0	   22.9	    0.0	    2.0	1	  361.1	 21	 1338.8	   13.9	
  232	  46.40	   61.0	 1483.3	    0.0	  866.7	 1346.9	    0.0	  200.0	  694.8	 1061.1	    0.0	  200.0	  100.0	   22.5	    0.0	    0.0	    0.0	    2.1	    8.4	  1	 -350.0	 1750.0	   22.5	    0.0	    2.1	1	  360.1	 21	 1337.7	   13.8	
  233	  46.60	   60.1	 1484.9	    0.0	  866.7	 1346.9	    0.0	  200.0	  694.8	 1061.1	    0.0	  200.0	  100.0	   22.1	    0.0	    0.0	    0.0	    2.1	    8.4	  1	 -350.0	 1750.0	   22.1	    0.0	    2.1	1	  359.2	 21	 1336.6	   13.7	
  234	  46.80	   59.0	 1486.6	    0.0	  866.7	 1346.9	    0.0	  200.0	  694.8	 1061.1	    0.0	  200.0	  100.0	   21.7	    0.0	    0.0	    0.0	    2.1	    8.5	  1	 -350.0	 1750.0	   21.7	    0.0	    2.1	1	  358.2	 21	 1335.4	   13.5	
  235	  47.00	   59.0	 1486.6	    0.0	  866.7	 1346.9	    0.0	  200.0	  694.8	 1061.1	    0.0	  200.0	  100.0	   21.3	    0.0	    0.0	    0.0	    2.1	    8.5	  1	 -350.0	 1750.0	   21.3	    0.0	    2.1	1	  357.2	 21	 1334.3	   13.4	
  236	  47.20	   58.6	 1487.1	    0.0	  866.7	 1346.9	    0.0	  200.0	  694.8	 1061.1	    0.0	  200.0	  100.0	   20.8	    0.0	    0.0	    0.0	    2.1	    8.5	  1	 -350.0	 1750.0	   20.8	    0.0	    2.1	1	  356.3	 21	 1333.3	   13.3	
  237	  47.40	   58.3	 1487.3	    0.0	  866.7	 1346.9	    0.0	  200.0	  694.8	 1061.1	    0.0	  200.0	  100.0	   20.4	    0.0	    0.0	    0.0	    2.2	    8.6	  1	 -350.0	 1750.0	   20.4	    0.0	    2.2	1	  355.3	 21	 1332.2	   13.2	
  238	  47.60	   57.9	 1487.8	    0.0	  866.7	 1346.9	    0.0	  200.0	  694.8	 1061.1	    0.0	  200.0	  100.0	   20.0	    0.0	    0.0	    0.0	    2.2	    8.6	  1	 -350.0	 1750.0	   20.0	    0.0	    2.2	1	  354.3	 21	 1331.1	   13.1	
  239	  47.80	   57.6	 1488.0	    0.0	  866.7	 1346.9	    0.0	  200.0	  694.8	 1061.1	    0.0	  200.0	  100.0	   19.6	    0.0	    0.0	    0.0	    2.2	    8.6	  1	 -350.0	 1750.0	   19.6	    0.0	    2.2	1	  353.3	 21	 1330.1	   13.0	
  240	  48.00	   57.4	 1488.2	    0.0	  866.7	 1346.9	    0.0	  200.0	  694.8	 1061.1	    0.0	  200.0	  100.0	   19.2	    0.0	    0.0	    0.0	    2.2	    8.7	  1	 -350.0	 1750.0	   19.2	    0.0	    2.2	1	  352.4	 21	 1329.1	   12.9	
  241	  48.20	   57.4	 1488.5	    0.0	  866.7	 1346.9	    0.0	  200.0	  694.8	 1061.1	    0.0	  200.0	  100.0	   18.7	    0.0	    0.0	    0.0	    2.2	    8.7	  1	 -350.0	 1750.0	   18.7	    0.0	    2.2	1	  351.4	 21	 1328.1	   12.8	
  242	  48.40	   56.9	 1489.3	    0.0	  866.7	 1346.9	    0.0	  200.0	  694.8	 1061.1	    0.0	  200.0	  100.0	   18.3	    0.0	    0.0	    0.0	    2.3	    8.7	  1	 -350.0	 1750.0	   18.3	    0.0	    2.3	1	  350.4	 21	 1327.1	   12.7	
  243	  48.60	   52.3	 1494.2	    0.0	  866.7	 1346.9	    0.0	  200.0	  694.8	 1061.1	    0.0	  200.0	  100.0	   17.9	    0.0	    0.0	    0.0	    2.3	    8.8	  1	 -350.0	 1750.0	   17.9	    0.0	    2.3	1	  349.4	 21	 1326.2	   12.6	
  244	  48.80	   50.7	 1495.4	    0.0	  866.7	 1346.9	    0.0	  200.0	  694.8	 1061.1	    0.0	  200.0	  100.0	   17.5	    0.0	    0.0	    0.0	    2.3	    8.8	  1	 -350.0	 1750.0	   17.5	    0.0	    2.3	1	  348.5	 21	 1325.3	   12.5	
  245	  49.00	   50.7	 1495.4	    0.0	  866.7	 1346.9	    0.0	  200.0	  694.8	 1061.1	    0.0	  200.0	  100.0	   17.1	    0.0	    0.0	    0.0	    2.3	    8.9	  1	 -350.0	 1750.0	   17.1	    0.0	    2.3	1	  347.5	 21	 1324.4	   12.4	
  246	  49.20	   51.3	 1495.4	    0.0	  866.7	 1346.9	    0.0	  200.0	  694.8	 1061.1	    0.0	  200.0	  100.0	   16.6	    0.0	    0.0	    0.0	    2.3	    8.9	  1	 -350.0	 1750.0	   16.6	    0.0	    2.3	1	  346.5	 21	 1323.5	   12.4	
  247	  49.40	   51.1	 1496.0	    0.0	  866.7	 1346.9	    0.0	  200.0	  694.8	 1061.1	    0.0	  200.0	  100.0	   16.2	    0.0	    0.0	    0.0	    2.4	    8.9	  1	 -350.0	 1750.0	   16.2	    0.0	    2.4	1	  345.5	 21	 1322.7	   12.3	
  248	  49.60	   50.8	 1496.0	    0.0	  866.7	 1346.9	    0.0	  200.0	  694.8	 1061.1	    0.0	  200.0	  100.0	   15.8	    0.0	    0.0	    0.0	    2.4	    9.0	  1	 -350.0	 1750.0	   15.8	    0.0	    2.4	1	  344.5	 21	 1321.9	   12.2	
  249	  49.80	   50.5	 1496.1	    0.0	  866.7	 1346.9	    0.0	  200.0	  694.8	 1061.1	    0.0	  200.0	  100.0	   15.4	    0.0	    0.0	    0.0	    2.4	    9.0	  1	 -350.0	 1750.0	   15.4	    0.0	    2.4	1	  343.6	 21	 1321.1	   12.1	
  250	  50.00	   50.4	 1496.4	    0.0	  866.7	 1346.9	    0.0	  200.0	  694.8	 1061.1	    0.0	  200.0	  100.0	   15.0	    0.0	    0.0	    0.0	    2.4	    9.0	  1	 -350.0	 1750.0	   15.0	    0.0	    2.4	1	  342.6	 21	 1320.4	   12.0	
  251	  50.20	   50.3	 1496.8	    0.0	  866.7	 1346.9	    0.0	  200.0	  694.8	 1061.1	    0.0	  200.0	  100.0	   14.6	    0.0	    0.0	    0.0	    2.4	    9.1	  1	 -350.0	 1750.0	   14.6	    0.0	    2.4	1	  341.6	 21	 1319.7	   12.0	
  252	  50.40	   50.3	 1496.8	    0.0	  866.7	 1346.9	    0.0	  200.0	  694.8	 1061.1	    0.0	  200.0	  100.0	   14.1	    0.0	    0.0	    0.0	    2.5	    9.1	  1	 -350.0	 1750.0	   14.1	    0.0	    2.5	1	  340.6	 21	 1319.0	   11.9	
  253	  50.60	   49.9	 1496.8	    0.0	  866.7	 1346.9	    0.0	  200.0	  694.8	 1061.1	    0.0	  200.0	  100.0	   13.7	    0.0	    0.0	    0.0	    2.5	    9.1	  1	 -350.0	 1750.0	   13.7	    0.0	    2.5	1	  339.6	 21	 1318.4	   11.8	
  254	  50.80	   49.9	 1496.8	    0.0	  866.7	 1346.9	    0.0	  200.0	  694.8	 1061.1	    0.0	  200.0	  100.0	   13.3	    0.0	    0.0	    0.0	    2.5	    9.2	  1	 -350.0	 1750.0	   13.3	    0.0	    2.5	1	  338.6	 21	 1317.8	   11.8	
  255	  51.00	   47.4	 1498.6	    0.0	  866.7	 1346.9	    0.0	  200.0	  694.8	 1061.1	    0.0	  200.0	  100.0	   12.9	    0.0	    0.0	    0.0	    2.5	    9.2	  1	 -350.0	 1750.0	   12.9	    0.0	    2.5	1	  337.7	 21	 1317.3	   11.7	
  256	  51.20	   43.1	 1502.4	    0.0	  866.7	 1346.9	    0.0	  200.0	  694.8	 1061.1	    0.0	  200.0	  100.0	   12.5	    0.0	    0.0	    0.0	    2.5	    9.3	  1	 -350.0	 1750.0	   12.5	    0.0	    2.5	1	  340.0	 21	 1316.5	   11.7	
  257	  51.40	   43.1	 1502.4	    0.0	  866.7	 1346.9	    0.0	  200.0	  694.8	 1061.1	    0.0	  200.0	  100.0	   12.1	    0.0	    0.0	    0.0	    2.6	    9.3	  1	 -350.0	 1750.0	   12.1	    0.0	    2.6	1	  339.0	 21	 1316.1	   11.6	
  258	  51.60	   39.7	 1505.3	    0.0	  866.7	 1346.9	    0.0	  200.0	  694.8	 1061.1	    0.0	  200.0	  100.0	   11.6	    0.0	    0.0	    0.0	    2.6	    9.3	  1	 -350.0	 1750.0	   11.6	    0.0	    2.6	1	  337.9	 21	 1315.8	   11.6	
  259	  51.80	   37.1	 1507.4	    0.0	  866.7	 1346.9	    0.0	  200.0	  694.8	 1061.1	    0.0	  200.0	  100.0	   11.2	    0.0	    0.0	    0.0	    2.6	    9.4	  1	 -350.0	 1750.0	   11.2	    0.0	    2.6	1	  336.8	 21	 1315.5	   11.5	
  260	  52.00	   37.1	 1507.4	    0.0	  866.7	 1346.9	    0.0	  200.0	  694.8	 1061.1	    0.0	  200.0	  100.0	   10.8	    0.0	    0.0	    0.0	    2.6	    9.4	  1	 -350.0	 1750.0	   10.8	    0.0	    2.6	1	  335.8	 21	 1315.3	   11.5	
  261	  52.20	   37.1	 1507.4	    0.0	  866.7	 1346.9	    0.0	  200.0	  694.8	 1061.1	    0.0	  200.0	  100.0	   10.4	    0.0	    0.0	    0.0	    2.6	    9.4	  1	 -350.0	 1750.0	   10.4	    0.0	    2.6	1	  334.7	 21	 1315.2	   11.5	
  262	  52.40	   30.2	 1512.8	    0.0	  866.7	 1346.9	    0.0	  200.0	  694.8	 1061.1	    0.0	  200.0	  100.0	   10.0	    0.0	    0.0	    0.0	    2.7	    9.5	  1	 -350.0	 1750.0	   10.0	    0.0	    2.7	1	  333.7	 21	 1315.1	   11.5	
  263	  52.60	   26.6	 1515.6	    0.0	  866.7	 1346.9	    0.0	  200.0	  694.8	 1061.1	    0.0	  200.0	  100.0	    9.6	    0.0	    0.0	    0.0	    2.7	    9.5	  1	 -350.0	 1750.0	    9.6	    0.0	    2.7	1	  332.6	 21	 1315.1	   11.5	
  264	  52.80	   22.9	 1518.4	    0.0	  866.7	 1346.9	    0.0	  200.0	  694.8	 1061.1	    0.0	  200.0	  100.0	    9.2	    0.0	    0.0	    0.0	    2.7	    9.5	  1	 -350.0	 1750.0	    9.2	    0.0	    2.7	1	  331.5	 21	 1315.3	   11.5	
  265	  53.00	   20.9	 1519.8	    0.0	  866.7	 1346.9	    0.0	  200.0	  694.8	 1061.1	    0.0	  200.0	  100.0	    8.7	    0.0	    0.0	    0.0	    2.7	    9.6	  1	 -350.0	 1750.0	    8.7	    0.0	    2.7	1	  330.5	 21	 1315.5	   11.6	
  266	  53.20	   18.5	 1521.6	    0.0	  866.7	 1346.9	    0.0	  200.0	  694.8	 1061.1	    0.0	  200.0	  100.0	    8.3	    0.0	    0.0	    0.0	    2.7	    9.6	  1	 -350.0	 1750.0	    8.3	    0.0	    2.7	1	  329.4	 21	 1315.9	   11.6	
  267	  53.40	   13.7	 1525.1	    0.0	  866.7	 1346.9	    0.0	  200.0	  694.8	 1061.1	    0.0	  200.0	  100.0	    7.9	    0.0	    0.0	    0.0	    2.7	    9.6	  1	 -350.0	 1750.0	    7.9	    0.0	    2.7	1	  328.4	 21	 1316.3	   11.6	
  268	  53.60	    8.2	 1529.2	    0.0	  866.7	 1346.9	    0.0	  200.0	  694.8	 1061.1	    0.0	  200.0	  100.0	    7.5	    0.0	    0.0	    0.0	    2.8	    9.7	  1	 -350.0	 1750.0	    7.5	    0.0	    2.8	1	  327.3	 21	 1317.0	   11.7	
  269	  53.80	    8.2	 1529.2	    0.0	  866.7	 1346.9	    0.0	  200.0	  694.8	 1061.1	    0.0	  200.0	  100.0	    7.1	    0.0	    0.0	    0.0	    2.8	    9.7	  1	 -350.0	 1750.0	    7.1	    0.0	    2.8	1	  326.3	 21	 1317.7	   11.8	
  270	  54.00	    5.1	 1531.6	    0.0	  866.7	 1346.9	    0.0	  200.0	  694.8	 1061.1	    0.0	  200.0	  100.0	    6.7	    0.0	    0.0	    0.0	    2.8	    9.7	  1	 -350.0	 1750.0	    6.7	    0.0	    2.8	1	  325.2	 21	 1318.7	   11.9	
  271	  54.20	    5.1	 1531.6	    0.0	  866.7	 1346.9	    0.0	  200.0	  694.8	 1061.1	    0.0	  200.0	  100.0	    6.3	    0.0	    0.0	    0.0	    2.8	    9.8	  1	 -350.0	 1750.0	    6.3	    0.0	    2.8	1	  324.2	 21	 1319.8	   12.0	
  272	  54.40	    5.1	 1531.6	    0.0	  866.7	 1346.9	    0.0	  200.0	  694.8	 1061.1	    0.0	  200.0	  100.0	    5.9	    0.0	    0.0	    0.0	    2.8	    9.8	  1	 -350.0	 1750.0	    5.9	    0.0	    2.8	1	  323.1	 21	 1321.1	   12.1	
  273	  54.60	    5.1	 1531.6	    0.0	  866.7	 1346.9	    0.0	  200.0	  694.8	 1061.1	    0.0	  200.0	  100.0	    5.5	    0.0	    0.0	    0.0	    2.9	    9.8	  1	 -350.0	 1750.0	    5.5	    0.0	    2.9	1	  322.1	 21	 1322.7	   12.3	
  274	  54.80	    5.1	 1531.6	    0.0	  866.7	 1346.9	    0.0	  200.0	  694.8	 1061.1	    0.0	  200.0	  100.0	    5.1	    0.0	    0.0	    0.0	    2.9	    9.9	  1	 -350.0	 1750.0	    5.1	    0.0	    2.9	1	  321.0	 21	 1324.5	   12.5	
  275	  55.00	    5.1	 1531.6	    0.0	  866.7	 1346.9	    0.0	  200.0	  694.8	 1061.1	    0.0	  200.0	  100.0	    4.7	    0.0	    0.0	    0.0	    2.9	    9.9	  1	 -350.0	 1750.0	    4.7	    0.0	    2.9	1	  320.0	 21	 1326.7	   12.7	
  276	  55.20	    3.2	 1532.8	    0.0	  866.7	 1346.9	    0.0	  200.0	  694.8	 1061.1	    0.0	  200.0	  100.0	    4.3	    0.0	    0.0	    0.0	    2.9	    9.9	  1	 -350.0	 1750.0	    4.3	    0.0	    2.9	1	  318.9	 21	 1329.2	   12.9	
  277	  55.40	    3.2	 1532.8	    0.0	  866.7	 1346.9	    0.0	  200.0	  694.8	 1061.1	    0.0	  200.0	  100.0	    3.9	    0.0	    0.0	    0.0	    2.9	   10.0	  1	 -350.0	 1750.0	    3.9	    0.0	    2.9	1	  317.9	 21	 1332.1	   13.2	
  278	  55.60	    3.2	 1532.8	    0.0	  866.7	 1346.9	    0.0	  200.0	  694.8	 1061.1	    0.0	  200.0	  100.0	    3.4	    0.0	    0.0	    0.0	    2.9	   10.0	  1	 -350.0	 1750.0	    3.4	    0.0	    2.9	1	  316.8	 21	 1335.5	   13.5	
  279	  55.80	    3.2	 1532.8	    0.0	  866.7	 1346.9	    0.0	  200.0	  694.8	 1061.1	    0.0	  200.0	  100.0	    3.0	    0.0	    0.0	    0.0	    3.0	   10.1	  1	 -350.0	 1750.0	    3.0	    0.0	    3.0	1	  315.8	 21	 1339.4	   13.9	
  280	  56.00	    3.2	 1532.8	    0.0	  866.7	 1346.9	    0.0	  200.0	  694.8	 1061.1	    0.0	  200.0	  100.0	    2.6	    0.0	    0.0	    0.0	    3.0	   10.1	  1	 -350.0	 1750.0	    2.6	    0.0	    3.0	1	  314.7	 21	 1343.9	   14.4	
  281	  56.20	    3.0	 1532.8	    0.0	  866.7	 1346.9	    0.0	  200.0	  694.8	 1061.1	    0.0	  200.0	  100.0	    2.2	    0.0	    0.0	    0.0	    3.0	   10.1	  1	 -350.0	 1750.0	    2.2	    0.0	    3.0	1	  313.7	 21	 1349.2	   14.9	
  282	  56.40	    3.0	 1532.8	    0.0	  866.7	 1346.9	    0.0	  200.0	  694.8	 1061.1	    0.0	  200.0	  100.0	    1.8	    0.0	    0.0	    0.0	    3.0	   10.2	  1	 -350.0	 1750.0	    1.8	    0.0	    3.0	1	  312.6	 21	 1355.5	   15.5	
  283	  56.60	    3.0	 1532.8	    0.0	  866.7	 1346.9	    0.0	  200.0	  694.8	 1061.1	    0.0	  200.0	  100.0	    1.4	    0.0	    0.0	    0.0	    3.0	   10.2	  1	 -350.0	 1750.0	    1.4	    0.0	    3.0	1	  311.6	 21	 1362.8	   16.3	
  284	  56.80	    3.0	 1532.8	    0.0	  866.7	 1346.9	    0.0	  200.0	  694.8	 1061.1	    0.0	  200.0	  100.0	    1.0	    0.0	    0.0	    0.0	    3.1	   10.2	  1	 -350.0	 1750.0	    1.0	    0.0	    3.1	1	  310.5	 21	 1371.5	   17.1	
  285	  57.00	    3.1	 1532.8	    0.0	  866.7	 1346.9	    0.0	  200.0	  694.8	 1061.1	    0.0	  200.0	  100.0	    0.6	    0.0	    0.0	    0.0	    3.1	   10.3	  1	 -350.0	 1750.0	    0.6	    0.0	    3.1	1	  309.4	 21	 1381.9	   18.2	
  286	  57.20	    2.6	 1533.2	    0.0	  866.7	 1346.9	    0.0	  200.0	  694.8	 1061.1	    0.0	  200.0	  100.0	    0.2	    0.0	    0.0	    0.0	    3.1	   10.3	  1	 -350.0	 1750.0	    0.2	    0.0	    3.1	1	  308.4	 21	 1394.4	   19.4	
  287	  57.40	    2.6	 1533.2	    0.0	  866.7	 1346.9	    0.0	  200.0	  694.8	 1061.1	    0.0	  200.0	  100.0	    0.0	    0.0	    0.0	    0.0	    3.1	   10.3	  1	 -350.0	 1750.0	    0.0	    0.0	    3.1	1	  307.9	 21	    0.0	    0.0	
  288	  57.60	    2.6	 1533.2	    0.0	  866.7	 1346.9	    0.0	  200.0	  694.8	 1061.1	    0.0	  200.0	  100.0	    0.0	    0.0	    0.0	    0.0	    3.1	   10.4	  1	 -350.0	 1750.0	    0.0	    0.0	    3.1	1	  308.0	 21	    0.0	    0.0	
  289	  57.80	    3.1	 1533.2	    0.0	  866.7	 1346.9	    0.0	  200.0	  694.8	 1061.1	    0.0	  200.0	  100.0	    0.0	    0.0	    0.0	    0.0	    3.1	   10.4	  1	 -350.0	 1750.0	    0.0	    0.0	    3.1	1	  308.0	 21	    0.0	    0.0	
  290	  58.00	    3.1	 1533.2	    0.0	  866.7	 1346.9	    0.0	  200.0	  694.8	 1061.1	    0.0	  200.0	  100.0	    0.0	    0.0	    0.0	    0.0	    3.2	   10.4	  1	 -350.0	 1750.0	    0.0	    0.0	    3.2	1	  308.1	 21	    0.0	    0.0	
  291	  58.20	    3.1	 1533.2	    0.0	  866.7	 1346.9	    0.0	  200.0	  694.8	 1061.1	    0.0	  200.0	  100.0	    0.0	    0.0	    0.0	    0.0	    3.2	   10.5	  1	 -350.0	 1750.0	    0.0	    0.0	    3.2	1	  308.1	 21	    0.0	    0.0	
  292	  58.40	    3.2	 1533.3	    0.0	  866.7	 1346.9	    0.0	  200.0	  694.8	 1061.1	    0.0	  200.0	  100.0	    0.0	    0.0	    0.0	    0.0	    3.2	   10.5	  1	 -350.0	 1750.0	    0.0	    0.0	    3.2	1	  308.1	 21	    0.0	    0.0	
  293	  58.60	    3.3	 1533.2	    0.0	  866.7	 1346.9	    0.0	  200.0	  694.8	 1061.1	    0.0	  200.0	  100.0	    0.0	    0.0	    0.0	    0.0	    3.2	   10.5	  1	 -350.0	 1750.0	    0.0	    0.0	    3.2	1	  308.2	 21	    0.0	    0.0	
  294	  58.80	    3.3	 1533.2	    0.0	  866.7	 1346.9	    0.0	  200.0	  694.8	 1061.1	    0.0	  200.0	  100.0	    0.0	    0.0	    0.0	    0.0	    3.2	   10.6	  1	 -350.0	 1750.0	    0.0	    0.0	    3.2	1	  308.2	 21	    0.0	    0.0	
  295	  59.00	    2.8	 1533.6	    0.0	  866.7	 1346.9	    0.0	  200.0	  694.8	 1061.1	    0.0	  200.0	  100.0	    0.0	    0.0	    0.0	    0.0	    3.3	   10.6	  1	 -350.0	 1750.0	    0.0	    0.0	    3.3	1	  308.3	 21	    0.0	    0.0	
  296	  59.20	    2.8	 1533.6	    0.0	  866.7	 1346.9	    0.0	  200.0	  694.8	 1061.1	    0.0	  200.0	  100.0	    0.0	    0.0	    0.0	    0.0	    3.3	   10.6	  1	 -350.0	 1750.0	    0.0	    0.0	    3.3	1	  308.3	 21	    0.0	    0.0	
  297	  59.40	    2.8	 1533.6	    0.0	  866.7	 1346.9	    0.0	  200.0	  694.8	 1061.1	    0.0	  200.0	  100.0	    0.0	    0.0	    0.0	    0.0	    3.3	   10.7	  1	 -350.0	 1750.0	    0.0	    0.0	    3.3	1	  308.4	 21	    0.0	    0.0	
  298	  59.60	    2.7	 1533.7	    0.0	  866.7	 1346.9	    0.0	  200.0	  694.8	 1061.1	    0.0	  200.0	  100.0	    0.0	    0.0	    0.0	    0.0	    3.3	   10.7	  1	 -350.0	 1750.0	    0.0	    0.0	    3.3	1	  308.4	 21	    0.0	    0.0	
  299	  59.80	    2.7	 1533.7	    0.0	  866.7	 1346.9	    0.0	  200.0	  694.8	 1061.1	    0.0	  200.0	  100.0	    0.0	    0.0	    0.0	    0.0	    3.3	   10.7	  1	 -350.0	 1750.0	    0.0	    0.0	    3.3	1	  308.5	 21	    0.0	    0.0	
  300	  60.00	    2.7	 1533.7	    0.0	  866.7	 1346.9	    0.0	  200.0	  694.8	 1061.1	    0.0	  200.0	  100.0	    0.0	    0.0	    0.0	    0.0	    3.3	   10.8	  1	 -350.0	 1750.0	    0.0	    0.0	    3.3	1	  308.5	 21	    0.0	    0.0	
  301	  60.20	    2.7	 1533.7	    0.0	  866.7	 1346.9	    0.0	  200.0	  694.8	 1061.1	    0.0	  200.0	  100.0	    0.0	    0.0	    0.0	    0.0	    3.4	   10.8	  1	 -350.0	 1750.0	    0.0	    0.0	    3.4	1	  308.6	 21	    0.0	    0.0	
  302	  60.40	    2.7	 1533.7	    0.0	  866.7	 1346.9	    0.0	  200.0	  694.8	 1061.1	    0.0	  200.0	  100.0	    0.0	    0.0	    0.0	    0.0	    3.4	   10.9	  1	 -350.0	 1750.0	    0.0	    0.0	    3.4	1	  308.6	 21	    0.0	    0.0	
  303	  60.60	    2.7	 1533.7	    0.0	  866.7	 1346.9	    0.0	  200.0	  694.8	 1061.1	    0.0	  200.0	  100.0	    0.0	    0.0	    0.0	    0.0	    3.4	   10.9	  1	 -350.0	 1750.0	    0.0	    0.0	    3.4	1	  308.7	 21	    0.0	    0.0	
  304	  60.80	    2.7	 1533.7	    0.0	  866.7	 1346.9	    0.0	  200.0	  694.8	 1061.1	    0.0	  200.0	  100.0	    0.0	    0.0	    0.0	    0.0	    3.4	   10.9	  1	 -350.0	 1750.0	    0.0	    0.0	    3.4	1	  308.7	 21	    0.0	    0.0	
  305	  61.00	    2.7	 1533.7	    0.0	  866.7	 1346.9	    0.0	  200.0	  694.8	 1061.1	    0.0	  200.0	  100.0	    0.0	    0.0	    0.0	    0.0	    3.4	   11.0	  1	 -350.0	 1750.0	    0.0	    0.0	    3.4	1	  308.7	 21	    0.0	    0.0	
  306	  61.20	    2.0	 1533.9	    0.0	  866.7	 1346.9	    0.0	  200.0	  694.8	 1061.1	    0.0	  200.0	  100.0	    0.0	    0.0	    0.0	    0.0	    3.5	   11.0	  1	 -350.0	 1750.0	    0.0	    0.0	    3.5	1	  308.8	 21	    0.0	    0.0	
  307	  61.40	    2.0	 1533.9	    0.0	  866.7	 1346.9	    0.0	  200.0	  694.8	 1061.1	    0.0	  200.0	  100.0	    0.0	    0.0	    0.0	    0.0	    3.5	   11.0	  1	 -350.0	 1750.0	    0.0	    0.0	    3.5	1	  308.8	 21	    0.0	    0.0	
  308	  61.60	    2.0	 1533.9	    0.0	  866.7	 1346.9	    0.0	  200.0	  694.8	 1061.1	    0.0	  200.0	  100.0	    0.0	    0.0	    0.0	    0.0	    3.5	   11.1	  1	 -350.0	 1750.0	    0.0	    0.0	    3.5	1	  308.9	 21	    0.0	    0.0	
  309	  61.80	    2.0	 1533.9	    0.0	  866.7	 1346.9	    0.0	  200.0	  694.8	 1061.1	    0.0	  200.0	  100.0	    0.0	    0.0	    0.0	    0.0	    3.5	   11.1	  1	 -350.0	 1750.0	    0.0	    0.0	    3.5	1	  308.9	 21	    0.0	    0.0	
  310	  62.00	    2.0	 1533.9	    0.0	  866.7	 1346.9	    0.0	  200.0	  694.8	 1061.1	    0.0	  200.0	  100.0	    0.0	    0.0	    0.0	    0.0	    3.5	   11.1	  1	 -350.0	 1750.0	    0.0	    0.0	    3.5	1	  309.0	 21	    0.0	    0.0	
  311	  62.20	    2.0	 1533.9	    0.0	  866.7	 1346.9	    0.0	  200.0	  694.8	 1061.1	    0.0	  200.0	  100.0	    0.0	    0.0	    0.0	    0.0	    3.5	   11.2	  1	 -350.0	 1750.0	    0.0	    0.0	    3.5	1	  309.0	 21	    0.0	    0.0	
  312	  62.40	    2.0	 1533.9	    0.0	  866.7	 1346.9	    0.0	  200.0	  694.8	 1061.1	    0.0	  200.0	  100.0	    0.0	    0.0	    0.0	    0.0	    3.6	   11.2	  1	 -350.0	 1750.0	    0.0	    0.0	    3.6	1	  309.1	 21	    0.0	    0.0	
  313	  62.60	    2.0	 1533.9	    0.0	  866.7	 1346.9	    0.0	  200.0	  694.8	 1061.1	    0.0	  200.0	  100.0	    0.0	    0.0	    0.0	    0.0	    3.6	   11.2	  1	 -350.0	 1750.0	    0.0	    0.0	    3.6	1	  309.1	 21	    0.0	    0.0	
  314	  62.80	    2.0	 1533.9	    0.0	  866.7	 1346.9	    0.0	  200.0	  694.8	 1061.1	    0.0	  200.0	  100.0	    0.0	    0.0	    0.0	    0.0	    3.6	   11.3	  1	 -350.0	 1750.0	    0.0	    0.0	    3.6	1	  309.2	 21	    0.0	    0.0	
  315	  63.00	    2.0	 1533.9	    0.0	  866.7	 1346.9	    0.0	  200.0	  694.8	 1061.1	    0.0	  200.0	  100.0	    0.0	    0.0	    0.0	    0.0	    3.6	   11.3	  1	 -350.0	 1750.0	    0.0	    0.0	    3.6	1	  309.2	 21	    0.0	    0.0	
  316	  63.20	    1.5	 1533.9	    0.0	  866.7	 1346.9	    0.0	  200.0	  694.8	 1061.1	    0.0	  200.0	  100.0	    0.0	    0.0	    0.0	    0.0	    3.6	   11.4	  1	 -350.0	 1750.0	    0.0	    0.0	    3.6	1	  309.3	 21	    0.0	    0.0	
  317	  63.40	    1.5	 1533.9	    0.0	  866.7	 1346.9	    0.0	  200.0	  694.8	 1061.1	    0.0	  200.0	  100.0	    0.0	    0.0	    0.0	    0.0	    3.7	   11.4	  1	 -350.0	 1750.0	    0.0	    0.0	    3.7	1	  309.3	 21	    0.0	    0.0	
  318	  63.60	    1.5	 1533.9	    0.0	  866.7	 1346.9	    0.0	  200.0	  694.8	 1061.1	    0.0	  200.0	  100.0	    0.0	    0.0	    0.0	    0.0	    3.7	   11.4	  1	 -350.0	 1750.0	    0.0	    0.0	    3.7	1	  309.3	 21	    0.0	    0.0	
  319	  63.80	    1.5	 1533.9	    0.0	  866.7	 1346.9	    0.0	  200.0	  694.8	 1061.1	    0.0	  200.0	  100.0	    0.0	    0.0	    0.0	    0.0	    3.7	   11.5	  1	 -350.0	 1750.0	    0.0	    0.0	    3.7	1	  309.4	 21	    0.0	    0.0	
  320	  64.00	    1.5	 1533.9	    0.0	  866.7	 1346.9	    0.0	  200.0	  694.8	 1061.1	    0.0	  200.0	  100.0	    0.0	    0.0	    0.0	    0.0	    3.7	   11.5	  1	 -350.0	 1750.0	    0.0	    0.0	    3.7	1	  309.4	 21	    0.0	    0.0	
  321	  64.20	    1.5	 1533.9	    0.0	  866.7	 1346.9	    0.0	  200.0	  694.8	 1061.1	    0.0	  200.0	  100.0	    0.0	    0.0	    0.0	    0.0	    3.7	   11.5	  1	 -350.0	 1750.0	    0.0	    0.0	    3.7	1	  309.5	 21	    0.0	    0.0	
  322	  64.40	    1.5	 1533.9	    0.0	  866.7	 1346.9	    0.0	  200.0	  694.8	 1061.1	    0.0	  200.0	  100.0	    0.0	    0.0	    0.0	    0.0	    3.7	   11.6	  1	 -350.0	 1750.0	    0.0	    0.0	    3.7	1	  309.5	 21	    0.0	    0.0	
  323	  64.60	    1.5	 1533.9	    0.0	  866.7	 1346.9	    0.0	  200.0	  694.8	 1061.1	    0.0	  200.0	  100.0	    0.0	    0.0	    0.0	    0.0	    3.8	   11.6	  1	 -350.0	 1750.0	    0.0	    0.0	    3.8	1	  309.6	 21	    0.0	    0.0	
  324	  64.80	    1.5	 1533.9	    0.0	  866.7	 1346.9	    0.0	  200.0	  694.8	 1061.1	    0.0	  200.0	  100.0	    0.0	    0.0	    0.0	    0.0	    3.8	   11.6	  1	 -350.0	 1750.0	    0.0	    0.0	    3.8	1	  309.6	 21	    0.0	    0.0	
  325	  65.00	    1.5	 1533.9	    0.0	  866.7	 1346.9	    0.0	  200.0	  694.8	 1061.1	    0.0	  200.0	  100.0	    0.0	    0.0	    0.0	    0.0	    3.8	   11.7	  1	 -350.0	 1750.0	    0.0	    0.0	    3.8	1	  309.7	 21	    0.0	    0.0	
  326	  65.20	    1.5	 1533.9	    0.0	  866.7	 1346.9	    0.0	  200.0	  694.8	 1061.1	    0.0	  200.0	  100.0	    0.0	    0.0	    0.0	    0.0	    3.8	   11.7	  1	 -350.0	 1750.0	    0.0	    0.0	    3.8	1	  309.7	 21	    0.0	    0.0	
  327	  65.40	    1.5	 1533.9	    0.0	  866.7	 1346.9	    0.0	  200.0	  694.8	 1061.1	    0.0	  200.0	  100.0	    0.0	    0.0	    0.0	    0.0	    3.8	   11.7	  1	 -350.0	 1750.0	    0.0	    0.0	    3.8	1	  309.8	 21	    0.0	    0.0	
  328	  65.60	    1.5	 1533.9	    0.0	  866.7	 1346.9	    0.0	  200.0	  694.8	 1061.1	    0.0	  200.0	  100.0	    0.0	    0.0	    0.0	    0.0	    3.9	   11.8	  1	 -350.0	 1750.0	    0.0	    0.0	    3.9	1	  309.8	 21	    0.0	    0.0	
  329	  65.80	    1.9	 1534.0	    0.0	  866.7	 1346.9	    0.0	  200.0	  694.8	 1061.1	    0.0	  200.0	  100.0	    0.0	    0.0	    0.0	    0.0	    3.9	   11.8	  1	 -350.0	 1750.0	    0.0	    0.0	    3.9	1	  309.9	 21	    0.0	    0.0	
  330	  66.00	    1.9	 1534.0	    0.0	  866.7	 1346.9	    0.0	  200.0	  694.8	 1061.1	    0.0	  200.0	  100.0	    0.0	    0.0	    0.0	    0.0	    3.9	   11.9	  1	 -350.0	 1750.0	    0.0	    0.0	    3.9	1	  309.9	 21	    0.0	    0.0	
  331	  66.20	    1.9	 1534.0	    0.0	  866.7	 1346.9	    0.0	  200.0	  694.8	 1061.1	    0.0	  200.0	  100.0	    0.0	    0.0	    0.0	    0.0	    3.9	   11.9	  1	 -350.0	 1750.0	    0.0	    0.0	    3.9	1	  309.9	 21	    0.0	    0.0	
  332	  66.40	    1.9	 1534.2	    0.0	  866.7	 1346.9	    0.0	  200.0	  694.8	 1061.1	    0.0	  200.0	  100.0	    0.0	    0.0	    0.0	    0.0	    3.9	   11.9	  1	 -350.0	 1750.0	    0.0	    0.0	    3.9	1	  310.0	 21	    0.0	    0.0	
  333	  66.60	    1.9	 1534.2	    0.0	  866.7	 1346.9	    0.0	  200.0	  694.8	 1061.1	    0.0	  200.0	  100.0	    0.0	    0.0	    0.0	    0.0	    3.9	   12.0	  1	 -350.0	 1750.0	    0.0	    0.0	    3.9	1	  310.0	 21	    0.0	    0.0	
  334	  66.80	    1.9	 1534.2	    0.0	  866.7	 1346.9	    0.0	  200.0	  694.8	 1061.1	    0.0	  200.0	  100.0	    0.0	    0.0	    0.0	    0.0	    4.0	   12.0	  1	 -350.0	 1750.0	    0.0	    0.0	    4.0	1	  310.1	 21	    0.0	    0.0	
  335	  67.00	    1.9	 1534.2	    0.0	  866.7	 1346.9	    0.0	  200.0	  694.8	 1061.1	    0.0	  200.0	  100.0	    0.0	    0.0	    0.0	    0.0	    4.0	   12.0	  1	 -350.0	 1750.0	    0.0	    0.0	    4.0	1	  310.1	 21	    0.0	    0.0	
  336	  67.20	    1.9	 1534.2	    0.0	  866.7	 1346.9	    0.0	  200.0	  694.8	 1061.1	    0.0	  200.0	  100.0	    0.0	    0.0	    0.0	    0.0	    4.0	   12.1	  1	 -350.0	 1750.0	    0.0	    0.0	    4.0	1	  310.2	 21	    0.0	    0.0	
  337	  67.40	    1.9	 1534.2	    0.0	  866.7	 1346.9	    0.0	  200.0	  694.8	 1061.1	    0.0	  200.0	  100.0	    0.0	    0.0	    0.0	    0.0	    4.0	   12.1	  1	 -350.0	 1750.0	    0.0	    0.0	    4.0	1	  310.2	 21	    0.0	    0.0	
  338	  67.60	    1.9	 1534.2	    0.0	  866.7	 1346.9	    0.0	  200.0	  694.8	 1061.1	    0.0	  200.0	  100.0	    0.0	    0.0	    0.0	    0.0	    4.0	   12.1	  1	 -350.0	 1750.0	    0.0	    0.0	    4.0	1	  310.3	 21	    0.0	    0.0	
  339	  67.80	    1.9	 1534.2	    0.0	  866.7	 1346.9	    0.0	  200.0	  694.8	 1061.1	    0.0	  200.0	  100.0	    0.0	    0.0	    0.0	    0.0	    4.0	   12.2	  1	 -350.0	 1750.0	    0.0	    0.0	    4.0	1	  310.3	 21	    0.0	    0.0	
  340	  68.00	    1.9	 1534.2	    0.0	  866.7	 1346.9	    0.0	  200.0	  694.8	 1061.1	    0.0	  200.0	  100.0	    0.0	    0.0	    0.0	    0.0	    4.1	   12.2	  1	 -350.0	 1750.0	    0.0	    0.0	    4.1	1	  310.4	 21	    0.0	    0.0	
  341	  68.20	    1.9	 1534.2	    0.0	  866.7	 1346.9	    0.0	  200.0	  694.8	 1061.1	    0.0	  200.0	  100.0	    0.0	    0.0	    0.0	    0.0	    4.1	   12.3	  1	 -350.0	 1750.0	    0.0	    0.0	    4.1	1	  310.4	 21	    0.0	    0.0	
  342	  68.40	    1.9	 1534.2	    0.0	  866.7	 1346.9	    0.0	  200.0	  694.8	 1061.1	    0.0	  200.0	  100.0	    0.0	    0.0	    0.0	    0.0	    4.1	   12.3	  1	 -350.0	 1750.0	    0.0	    0.0	    4.1	1	  310.5	 21	    0.0	    0.0	
  343	  68.60	    1.9	 1534.2	    0.0	  866.7	 1346.9	    0.0	  200.0	  694.8	 1061.1	    0.0	  200.0	  100.0	    0.0	    0.0	    0.0	    0.0	    4.1	   12.3	  1	 -350.0	 1750.0	    0.0	    0.0	    4.1	1	  310.5	 21	    0.0	    0.0	
  344	  68.80	    1.9	 1534.2	    0.0	  866.7	 1346.9	    0.0	  200.0	  694.8	 1061.1	    0.0	  200.0	  100.0	    0.0	    0.0	    0.0	    0.0	    4.1	   12.4	  1	 -350.0	 1750.0	    0.0	    0.0	    4.1	1	  310.5	 21	    0.0	    0.0	
  345	  69.00	    1.9	 1534.2	    0.0	  866.7	 1346.9	    0.0	  200.0	  694.8	 1061.1	    0.0	  200.0	  100.0	    0.0	    0.0	    0.0	    0.0	    4.2	   12.4	  1	 -350.0	 1750.0	    0.0	    0.0	    4.2	1	  310.6	 21	    0.0	    0.0	
  346	  69.20	    1.9	 1534.2	    0.0	  866.7	 1346.9	    0.0	  200.0	  694.8	 1061.1	    0.0	  200.0	  100.0	    0.0	    0.0	    0.0	    0.0	    4.2	   12.4	  1	 -350.0	 1750.0	    0.0	    0.0	    4.2	1	  310.6	 21	    0.0	    0.0	
  347	  69.40	    1.9	 1534.2	    0.0	  866.7	 1346.9	    0.0	  200.0	  694.8	 1061.1	    0.0	  200.0	  100.0	    0.0	    0.0	    0.0	    0.0	    4.2	   12.5	  1	 -350.0	 1750.0	    0.0	    0.0	    4.2	1	  310.7	 21	    0.0	    0.0	
  348	  69.60	    1.9	 1534.2	    0.0	  866.7	 1346.9	    0.0	  200.0	  694.8	 1061.1	    0.0	  200.0	  100.0	    0.0	    0.0	    0.0	    0.0	    4.2	   12.5	  1	 -350.0	 1750.0	    0.0	    0.0	    4.2	1	  310.7	 21	    0.0	    0.0	
  349	  69.80	    1.9	 1534.2	    0.0	  866.7	 1346.9	    0.0	  200.0	  694.8	 1061.1	    0.0	  200.0	  100.0	    0.0	    0.0	    0.0	    0.0	    4.2	   12.5	  1	 -350.0	 1750.0	    0.0	    0.0	    4.2	1	  310.8	 21	    0.0	    0.0	
  350	  70.00	    1.9	 1534.2	    0.0	  866.7	 1346.9	    0.0	  200.0	  694.8	 1061.1	    0.0	  200.0	  100.0	    0.0	    0.0	    0.0	    0.0	    4.2	   12.6	  1	 -350.0	 1750.0	    0.0	    0.0	    4.2	1	  310.8	 21	    0.0	    0.0	
  351	  70.20	    1.9	 1534.2	    0.0	  866.7	 1346.9	    0.0	  200.0	  694.8	 1061.1	    0.0	  200.0	  100.0	    0.0	    0.0	    0.0	    0.0	    4.3	   12.6	  1	 -350.0	 1750.0	    0.0	    0.0	    4.3	1	  310.9	 21	    0.0	    0.0	
  352	  70.40	    1.9	 1534.2	    0.0	  866.7	 1346.9	    0.0	  200.0	  694.8	 1061.1	    0.0	  200.0	  100.0	    0.0	    0.0	    0.0	    0.0	    4.3	   12.7	  1	 -350.0	 1750.0	    0.0	    0.0	    4.3	1	  310.9	 21	    0.0	    0.0	
  353	  70.60	    1.9	 1534.2	    0.0	  866.7	 1346.9	    0.0	  200.0	  694.8	 1061.1	    0.0	  200.0	  100.0	    0.0	    0.0	    0.0	    0.0	    4.3	   12.7	  1	 -350.0	 1750.0	    0.0	    0.0	    4.3	1	  311.0	 21	    0.0	    0.0	
  354	  70.80	    1.1	 1534.7	    0.0	  866.7	 1346.9	    0.0	  200.0	  694.8	 1061.1	    0.0	  200.0	  100.0	    0.0	    0.0	    0.0	    0.0	    4.3	   12.7	  1	 -350.0	 1750.0	    0.0	    0.0	    4.3	1	  311.0	 21	    0.0	    0.0	
  355	  71.00	    1.1	 1534.7	    0.0	  866.7	 1346.9	    0.0	  200.0	  694.8	 1061.1	    0.0	  200.0	  100.0	    0.0	    0.0	    0.0	    0.0	    4.3	   12.8	  1	 -350.0	 1750.0	    0.0	    0.0	    4.3	1	  311.1	 21	    0.0	    0.0	
  356	  71.20	    1.1	 1534.7	    0.0	  866.7	 1346.9	    0.0	  200.0	  694.8	 1061.1	    0.0	  200.0	  100.0	    0.0	    0.0	    0.0	    0.0	    4.4	   12.8	  1	 -350.0	 1750.0	    0.0	    0.0	    4.4	1	  311.1	 21	    0.0	    0.0	
  357	  71.40	    1.1	 1534.7	    0.0	  866.7	 1346.9	    0.0	  200.0	  694.8	 1061.1	    0.0	  200.0	  100.0	    0.0	    0.0	    0.0	    0.0	    4.4	   12.8	  1	 -350.0	 1750.0	    0.0	    0.0	    4.4	1	  311.1	 21	    0.0	    0.0	
  358	  71.60	    1.1	 1534.7	    0.0	  866.7	 1346.9	    0.0	  200.0	  694.8	 1061.1	    0.0	  200.0	  100.0	    0.0	    0.0	    0.0	    0.0	    4.4	   12.9	  1	 -350.0	 1750.0	    0.0	    0.0	    4.4	1	  311.2	 21	    0.0	    0.0	
  359	  71.80	    1.1	 1534.7	    0.0	  866.7	 1346.9	    0.0	  200.0	  694.8	 1061.1	    0.0	  200.0	  100.0	    0.0	    0.0	    0.0	    0.0	    4.4	   12.9	  1	 -350.0	 1750.0	    0.0	    0.0	    4.4	1	  311.2	 21	    0.0	    0.0	
  360	  72.00	    1.1	 1534.7	    0.0	  866.7	 1346.9	    0.0	  200.0	  694.8	 1061.1	    0.0	  200.0	  100.0	    0.0	    0.0	    0.0	    0.0	    4.4	   12.9	  1	 -350.0	 1750.0	    0.0	    0.0	    4.4	1	  311.3	 21	    0.0	    0.0	
  361	  72.20	    1.1	 1534.7	    0.0	  866.7	 1346.9	    0.0	  200.0	  694.8	 1061.1	    0.0	  200.0	  100.0	    0.0	    0.0	    0.0	    0.0	    4.4	   13.0	  1	 -350.0	 1750.0	    0.0	    0.0	    4.4	1	  311.3	 21	    0.0	    0.0	
  362	  72.40	    1.1	 1534.7	    0.0	  866.7	 1346.9	    0.0	  200.0	  694.8	 1061.1	    0.0	  200.0	  100.0	    0.0	    0.0	    0.0	    0.0	    4.5	   13.0	  1	 -350.0	 1750.0	    0.0	    0.0	    4.5	1	  311.4	 21	    0.0	    0.0	
  363	  72.60	    1.0	 1534.8	    0.0	  866.7	 1346.9	    0.0	  200.0	  694.8	 1061.1	    0.0	  200.0	  100.0	    0.0	    0.0	    0.0	    0.0	    4.5	   13.1	  1	 -350.0	 1750.0	    0.0	    0.0	    4.5	1	  311.4	 21	    0.0	    0.0	
  364	  72.80	    1.0	 1534.8	    0.0	  866.7	 1346.9	    0.0	  200.0	  694.8	 1061.1	    0.0	  200.0	  100.0	    0.0	    0.0	    0.0	    0.0	    4.5	   13.1	  1	 -350.0	 1750.0	    0.0	    0.0	    4.5	1	  311.5	 21	    0.0	    0.0	
  365	  73.00	    1.0	 1534.8	    0.0	  866.7	 1346.9	    0.0	  200.0	  694.8	 1061.1	    0.0	  200.0	  100.0	    0.0	    0.0	    0.0	    0.0	    4.5	   13.1	  1	 -350.0	 1750.0	    0.0	    0.0	    4.5	1	  311.5	 21	    0.0	    0.0	
  366	  73.20	    1.0	 1534.8	    0.0	  866.7	 1346.9	    0.0	  200.0	  694.8	 1061.1	    0.0	  200.0	  100.0	    0.0	    0.0	    0.0	    0.0	    4.5	   13.2	  1	 -350.0	 1750.0	    0.0	    0.0	    4.5	1	  311.6	 21	    0.0	    0.0	
  367	  73.40	    0.9	 1534.8	    0.0	  866.7	 1346.9	    0.0	  200.0	  694.8	 1061.1	    0.0	  200.0	  100.0	    0.0	    0.0	    0.0	    0.0	    4.6	   13.2	  1	 -350.0	 1750.0	    0.0	    0.0	    4.6	1	  311.6	 21	    0.0	    0.0	
  368	  73.60	    0.9	 1534.8	    0.0	  866.7	 1346.9	    0.0	  200.0	  694.8	 1061.1	    0.0	  200.0	  100.0	    0.0	    0.0	    0.0	    0.0	    4.6	   13.2	  1	 -350.0	 1750.0	    0.0	    0.0	    4.6	1	  311.7	 21	    0.0	    0.0	
  369	  73.80	    0.9	 1534.8	    0.0	  866.7	 1346.9	    0.0	  200.0	  694.8	 1061.1	    0.0	  200.0	  100.0	    0.0	    0.0	    0.0	    0.0	    4.6	   13.3	  1	 -350.0	 1750.0	    0.0	    0.0	    4.6	1	  311.7	 21	    0.0	    0.0	
  370	  74.00	    0.9	 1534.8	    0.0	  866.7	 1346.9	    0.0	  200.0	  694.8	 1061.1	    0.0	  200.0	  100.0	    0.0	    0.0	    0.0	    0.0	    4.6	   13.3	  1	 -350.0	 1750.0	    0.0	    0.0	    4.6	1	  311.7	 21	    0.0	    0.0	
  371	  74.20	    0.9	 1534.8	    0.0	  866.7	 1346.9	    0.0	  200.0	  694.8	 1061.1	    0.0	  200.0	  100.0	    0.0	    0.0	    0.0	    0.0	    4.6	   13.3	  1	 -350.0	 1750.0	    0.0	    0.0	    4.6	1	  311.8	 21	    0.0	    0.0	
  372	  74.40	    0.9	 1534.8	    0.0	  866.7	 1346.9	    0.0	  200.0	  694.8	 1061.1	    0.0	  200.0	  100.0	    0.0	    0.0	    0.0	    0.0	    4.6	   13.4	  1	 -350.0	 1750.0	    0.0	    0.0	    4.6	1	  311.8	 21	    0.0	    0.0	
  373	  74.60	    0.9	 1534.8	    0.0	  866.7	 1346.9	    0.0	  200.0	  694.8	 1061.1	    0.0	  200.0	  100.0	    0.0	    0.0	    0.0	    0.0	    4.7	   13.4	  1	 -350.0	 1750.0	    0.0	    0.0	    4.7	1	  311.9	 21	    0.0	    0.0	
  374	  74.80	    0.9	 1534.8	    0.0	  866.7	 1346.9	    0.0	  200.0	  694.8	 1061.1	    0.0	  200.0	  100.0	    0.0	    0.0	    0.0	    0.0	    4.7	   13.5	  1	 -350.0	 1750.0	    0.0	    0.0	    4.7	1	  311.9	 21	    0.0	    0.0	
  375	  75.00	    0.9	 1534.8	    0.0	  866.7	 1346.9	    0.0	  200.0	  694.8	 1061.1	    0.0	  200.0	  100.0	    0.0	    0.0	    0.0	    0.0	    4.7	   13.5	  1	 -350.0	 1750.0	    0.0	    0.0	    4.7	1	  312.0	 21	    0.0	    0.0	
  376	  75.20	    0.9	 1534.8	    0.0	  866.7	 1346.9	    0.0	  200.0	  694.8	 1061.1	    0.0	  200.0	  100.0	    0.0	    0.0	    0.0	    0.0	    4.7	   13.5	  1	 -350.0	 1750.0	    0.0	    0.0	    4.7	1	  312.0	 21	    0.0	    0.0	
  377	  75.40	    0.9	 1534.8	    0.0	  866.7	 1346.9	    0.0	  200.0	  694.8	 1061.1	    0.0	  200.0	  100.0	    0.0	    0.0	    0.0	    0.0	    4.7	   13.6	  1	 -350.0	 1750.0	    0.0	    0.0	    4.7	1	  312.1	 21	    0.0	    0.0	
  378	  75.60	    0.9	 1534.8	    0.0	  866.7	 1346.9	    0.0	  200.0	  694.8	 1061.1	    0.0	  200.0	  100.0	    0.0	    0.0	    0.0	    0.0	    4.8	   13.6	  1	 -350.0	 1750.0	    0.0	    0.0	    4.8	1	  312.1	 21	    0.0	    0.0	
  379	  75.80	    0.9	 1534.8	    0.0	  866.7	 1346.9	    0.0	  200.0	  694.8	 1061.1	    0.0	  200.0	  100.0	    0.0	    0.0	    0.0	    0.0	    4.8	   13.6	  1	 -350.0	 1750.0	    0.0	    0.0	    4.8	1	  312.2	 21	    0.0	    0.0	
  380	  76.00	    0.9	 1534.8	    0.0	  866.7	 1346.9	    0.0	  200.0	  694.8	 1061.1	    0.0	  200.0	  100.0	    0.0	    0.0	    0.0	    0.0	    4.8	   13.7	  1	 -350.0	 1750.0	    0.0	    0.0	    4.8	1	  312.2	 21	    0.0	    0.0	
  381	  76.20	    0.9	 1534.8	    0.0	  866.7	 1346.9	    0.0	  200.0	  694.8	 1061.1	    0.0	  200.0	  100.0	    0.0	    0.0	    0.0	    0.0	    4.8	   13.7	  1	 -350.0	 1750.0	    0.0	    0.0	    4.8	1	  312.2	 21	    0.0	    0.0	
  382	  76.40	    0.9	 1534.8	    0.0	  866.7	 1346.9	    0.0	  200.0	  694.8	 1061.1	    0.0	  200.0	  100.0	    0.0	    0.0	    0.0	    0.0	    4.8	   13.7	  1	 -350.0	 1750.0	    0.0	    0.0	    4.8	1	  312.3	 21	    0.0	    0.0	
  383	  76.60	    0.9	 1534.8	    0.0	  866.7	 1346.9	    0.0	  200.0	  694.8	 1061.1	    0.0	  200.0	  100.0	    0.0	    0.0	    0.0	    0.0	    4.8	   13.8	  1	 -350.0	 1750.0	    0.0	    0.0	    4.8	1	  312.3	 21	    0.0	    0.0	
