    1	  14.12	    0.0	 1500.0	    0.0	    0.0	 1500.0	    0.0	  200.0	    0.0	 1500.0	    0.0	  200.0	  100.0	   99.7	    0.0	    0.0	    0.0	    0.0	    0.1	  1	 -750.0	 1550.0	   99.7	    0.0	    0.0	1	  521.5	 21	    0.0	    7.7	
    2	  14.22	    0.0	 1500.0	    0.0	    0.0	 1500.0	    0.0	  200.0	    0.0	 1500.0	    0.0	  200.0	  100.0	   99.2	    0.0	    0.0	    0.0	    0.0	    0.1	  1	 -750.0	 1550.0	   99.2	    0.0	    0.0	1	  396.2	 21	 1305.5	   10.5	
    3	  14.32	    0.0	 1500.0	    0.0	    0.0	 1500.0	    0.0	  200.0	    0.0	 1500.0	    0.0	  200.0	  100.0	   98.7	    0.0	    0.0	    0.0	    0.0	    0.2	  1	 -750.0	 1550.0	   98.7	    0.0	    0.0	1	  395.8	 21	 1305.2	   10.5	
    4	  14.42	    0.0	 1500.0	    0.0	    0.0	 1500.0	    0.0	  200.0	    0.0	 1500.0	    0.0	  200.0	  100.0	   98.2	    0.0	    0.0	    0.0	    0.0	    0.3	  1	 -750.0	 1550.0	   98.2	    0.0	    0.0	1	  395.3	 21	 1304.9	   10.5	
    5	  14.52	    0.0	 1500.0	    0.0	    0.0	 1500.0	    0.0	  200.0	    0.0	 1500.0	    0.0	  200.0	  100.0	   97.7	    0.0	    0.0	    0.0	    0.0	    0.3	  1	 -750.0	 1550.0	   97.7	    0.0	    0.0	1	  394.9	 21	 1304.6	   10.5	
    6	  14.62	    0.0	 1500.0	    0.0	    0.0	 1500.0	    0.0	  200.0	    0.0	 1500.0	    0.0	  200.0	  100.0	   97.2	    0.0	    0.0	    0.0	    0.0	    0.4	  1	 -750.0	 1550.0	   97.2	    0.0	    0.0	1	  394.4	 21	 1304.3	   10.4	
    7	  14.72	    0.0	 1500.0	    0.0	    0.0	 1500.0	    0.0	  200.0	    0.0	 1500.0	    0.0	  200.0	  100.0	   96.7	    0.0	    0.0	    0.0	    0.0	    0.5	  1	 -750.0	 1550.0	   96.7	    0.0	    0.0	1	  394.0	 21	 1304.1	   10.4	
    8	  14.82	    0.0	 1500.0	    0.0	    0.0	 1500.0	    0.0	  200.0	    0.0	 1500.0	    0.0	  200.0	  100.0	   96.2	    0.0	    0.0	    0.0	    0.0	    0.5	  1	 -750.0	 1550.0	   96.2	    0.0	    0.0	1	  393.5	 21	 1303.8	   10.4	
    9	  14.92	    0.0	 1500.0	    0.0	    0.0	 1500.0	    0.0	  200.0	    0.0	 1500.0	    0.0	  200.0	  100.0	   95.7	    0.0	    0.0	    0.0	    0.0	    0.6	  1	 -750.0	 1550.0	   95.7	    0.0	    0.0	1	  393.1	 21	 1303.5	   10.3	
   10	  15.02	    0.0	 1500.0	    0.0	    0.0	 1500.0	    0.0	  200.0	    0.0	 1500.0	    0.0	  200.0	  100.0	   95.2	    0.0	    0.0	    0.0	    0.0	    0.7	  1	 -750.0	 1550.0	   95.2	    0.0	    0.0	1	  392.6	 21	 1303.2	   10.3	
   11	  15.12	    0.0	 1500.0	    0.0	    0.0	 1500.0	    0.0	  200.0	    0.0	 1500.0	    0.0	  200.0	  100.0	   94.7	    0.0	    0.0	    0.0	    0.0	    0.7	  1	 -750.0	 1550.0	   94.7	    0.0	    0.0	1	  392.2	 21	 1302.9	   10.3	
   12	  15.22	    0.0	 1500.0	    0.0	    0.0	 1500.0	    0.0	  200.0	    0.0	 1500.0	    0.0	  200.0	  100.0	   94.2	    0.0	    0.0	    0.0	    0.0	    0.8	  1	 -750.0	 1550.0	   94.2	    0.0	    0.0	1	  391.7	 21	 1302.6	   10.3	
   13	  15.32	    0.0	 1500.0	    0.0	    0.0	 1500.0	    0.0	  200.0	    0.0	 1500.0	    0.0	  200.0	  100.0	   93.7	    0.0	    0.0	    0.0	    0.0	    0.9	  1	 -750.0	 1550.0	   93.7	    0.0	    0.0	1	  391.2	 21	 1302.4	   10.2	
   14	  15.42	    0.0	 1500.0	    0.0	    0.0	 1500.0	    0.0	  200.0	    0.0	 1500.0	    0.0	  200.0	  100.0	   93.2	    0.0	    0.0	    0.0	    0.0	    0.9	  1	 -750.0	 1550.0	   93.2	    0.0	    0.0	1	  390.8	 21	 1302.1	   10.2	
   15	  15.52	    0.0	 1500.0	    0.0	    0.0	 1500.0	    0.0	  200.0	    0.0	 1500.0	    0.0	  200.0	  100.0	   92.7	    0.0	    0.0	    0.0	    0.0	    1.0	  1	 -750.0	 1550.0	   92.7	    0.0	    0.0	1	  390.3	 21	 1301.8	   10.2	
   16	  15.62	    0.0	 1500.0	    0.0	    0.0	 1500.0	    0.0	  200.0	    0.0	 1500.0	    0.0	  200.0	  100.0	   92.2	    0.0	    0.0	    0.0	    0.0	    1.1	  1	 -750.0	 1550.0	   92.2	    0.0	    0.0	1	  389.9	 21	 1301.5	   10.2	
   17	  15.72	    0.0	 1500.0	    0.0	    0.0	 1500.0	    0.0	  200.0	    0.0	 1500.0	    0.0	  200.0	  100.0	   91.7	    0.0	    0.0	    0.0	    0.0	    1.2	  1	 -750.0	 1550.0	   91.7	    0.0	    0.0	1	  389.4	 21	 1301.2	   10.1	
   18	  15.82	    0.0	 1500.0	    0.0	    0.0	 1500.0	    0.0	  200.0	    0.0	 1500.0	    0.0	  200.0	  100.0	   91.2	    0.0	    0.0	    0.0	    0.0	    1.2	  1	 -750.0	 1550.0	   91.2	    0.0	    0.0	1	  389.0	 21	 1301.0	   10.1	
   19	  15.92	    0.0	 1500.0	    0.0	    0.0	 1500.0	    0.0	  200.0	    0.0	 1500.0	    0.0	  200.0	  100.0	   90.7	    0.0	    0.0	    0.0	    0.0	    1.3	  1	 -750.0	 1550.0	   90.7	    0.0	    0.0	1	  388.5	 21	 1300.7	   10.1	
   20	  16.02	    0.0	 1500.0	    0.0	    0.0	 1500.0	    0.0	  200.0	    0.0	 1500.0	    0.0	  200.0	  100.0	   90.2	    0.0	    0.0	    0.0	    0.0	    1.4	  1	 -750.0	 1550.0	   90.2	    0.0	    0.0	1	  388.0	 21	 1300.4	   10.0	
   21	  16.12	    0.0	 1500.0	    0.0	    0.0	 1500.0	    0.0	  200.0	    0.0	 1500.0	    0.0	  200.0	  100.0	   89.7	    0.0	    0.0	    0.0	    0.0	    1.4	  1	 -750.0	 1550.0	   89.7	    0.0	    0.0	1	  387.6	 21	 1300.1	   10.0	
   22	  16.22	    0.0	 1500.0	    0.0	    0.0	 1500.0	    0.0	  200.0	    0.0	 1500.0	    0.0	  200.0	  100.0	   89.2	    0.0	    0.0	    0.0	    0.0	    1.5	  1	 -750.0	 1550.0	   89.2	    0.0	    0.0	1	  387.1	 21	    0.0	   10.0	
   23	  16.32	    0.0	 1500.0	    0.0	    0.0	 1500.0	    0.0	  200.0	    0.0	 1500.0	    0.0	  200.0	  100.0	   88.7	    0.0	    0.0	    0.0	    0.0	    1.6	  1	 -750.0	 1550.0	   88.7	    0.0	    0.0	1	  386.7	 21	    0.0	   10.0	
   24	  16.42	    0.0	 1500.0	    0.0	    0.0	 1500.0	    0.0	  200.0	    0.0	 1500.0	    0.0	  200.0	  100.0	   88.2	    0.0	    0.0	    0.0	    0.0	    1.6	  1	 -750.0	 1550.0	   88.2	    0.0	    0.0	1	  386.2	 21	    0.0	    9.9	
   25	  16.52	    0.0	 1500.0	    0.0	    0.0	 1500.0	    0.0	  200.0	    0.0	 1500.0	    0.0	  200.0	  100.0	   87.7	    0.0	    0.0	    0.0	    0.0	    1.7	  1	 -750.0	 1550.0	   87.7	    0.0	    0.0	1	  385.7	 21	    0.0	    9.9	
   26	  16.62	    0.0	 1500.0	    0.0	    0.0	 1500.0	    0.0	  200.0	    0.0	 1500.0	    0.0	  200.0	  100.0	   87.2	    0.0	    0.0	    0.0	    0.0	    1.8	  1	 -750.0	 1550.0	   87.2	    0.0	    0.0	1	  385.3	 21	    0.0	    9.9	
   27	  16.72	    0.0	 1500.0	    0.0	    0.0	 1500.0	    0.0	  200.0	    0.0	 1500.0	    0.0	  200.0	  100.0	   86.7	    0.0	    0.0	    0.0	    0.0	    1.8	  1	 -750.0	 1550.0	   86.7	    0.0	    0.0	1	  384.8	 21	    0.0	    9.8	
   28	  16.82	    0.0	 1500.0	    0.0	    0.0	 1500.0	    0.0	  200.0	    0.0	 1500.0	    0.0	  200.0	  100.0	   86.2	    0.0	    0.0	    0.0	    0.0	    1.9	  1	 -750.0	 1550.0	   86.2	    0.0	    0.0	1	  384.4	 21	    0.0	    9.8	
   29	  16.92	    0.0	 1500.0	    0.0	    0.0	 1500.0	    0.0	  200.0	    0.0	 1500.0	    0.0	  200.0	  100.0	   85.7	    0.0	    0.0	    0.0	    0.0	    2.0	  1	 -750.0	 1550.0	   85.7	    0.0	    0.0	1	  383.9	 21	    0.0	    9.8	
   30	  17.02	    0.0	 1500.0	    0.0	    0.0	 1500.0	    0.0	  200.0	    0.0	 1500.0	    0.0	  200.0	  100.0	   85.2	    0.0	    0.0	    0.0	    0.0	    2.0	  1	 -750.0	 1550.0	   85.2	    0.0	    0.0	1	  383.4	 21	    0.0	    9.8	
   31	  17.12	    0.0	 1500.0	    0.0	    0.0	 1500.0	    0.0	  200.0	    0.0	 1500.0	    0.0	  200.0	  100.0	   84.7	    0.0	    0.0	    0.0	    0.0	    2.1	  1	 -750.0	 1550.0	   84.7	    0.0	    0.0	1	  383.0	 21	    0.0	    9.7	
   32	  17.22	    0.0	 1500.0	    0.0	    0.0	 1500.0	    0.0	  200.0	    0.0	 1500.0	    0.0	  200.0	  100.0	   84.2	    0.0	    0.0	    0.0	    0.0	    2.2	  1	 -750.0	 1550.0	   84.2	    0.0	    0.0	1	  382.5	 21	    0.0	    9.7	
   33	  17.32	    0.0	 1500.0	    0.0	    0.0	 1500.0	    0.0	  200.0	    0.0	 1500.0	    0.0	  200.0	  100.0	   83.7	    0.0	    0.0	    0.0	    0.0	    2.2	  1	 -750.0	 1550.0	   83.7	    0.0	    0.0	1	  382.0	 21	    0.0	    9.7	
   34	  17.42	    0.0	 1500.0	    0.0	    0.0	 1500.0	    0.0	  200.0	    0.0	 1500.0	    0.0	  200.0	  100.0	   83.2	    0.0	    0.0	    0.0	    0.0	    2.3	  1	 -750.0	 1550.0	   83.2	    0.0	    0.0	1	  381.6	 21	    0.0	    9.6	
   35	  17.52	    0.0	 1500.0	    0.0	    0.0	 1500.0	    0.0	  200.0	    0.0	 1500.0	    0.0	  200.0	  100.0	   82.7	    0.0	    0.0	    0.0	    0.0	    2.4	  1	 -750.0	 1550.0	   82.7	    0.0	    0.0	1	  381.1	 21	    0.0	    9.6	
   36	  17.62	    0.0	 1500.0	    0.0	    0.0	 1500.0	    0.0	  200.0	    0.0	 1500.0	    0.0	  200.0	  100.0	   82.2	    0.0	    0.0	    0.0	    0.0	    2.4	  1	 -750.0	 1550.0	   82.2	    0.0	    0.0	1	  380.6	 21	    0.0	    9.6	
   37	  17.72	    0.0	 1500.0	    0.0	    0.0	 1500.0	    0.0	  200.0	    0.0	 1500.0	    0.0	  200.0	  100.0	   81.7	    0.0	    0.0	    0.0	    0.0	    2.5	  1	 -750.0	 1550.0	   81.7	    0.0	    0.0	1	  380.2	 21	    0.0	    9.6	
   38	  17.82	    0.0	 1500.0	    0.0	    0.0	 1500.0	    0.0	  200.0	    0.0	 1500.0	    0.0	  200.0	  100.0	   81.2	    0.0	    0.0	    0.0	    0.0	    2.6	  1	 -750.0	 1550.0	   81.2	    0.0	    0.0	1	  379.7	 21	    0.0	    9.5	
   39	  17.92	    0.0	 1500.0	    0.0	    0.0	 1500.0	    0.0	  200.0	    0.0	 1500.0	    0.0	  200.0	  100.0	   80.7	    0.0	    0.0	    0.0	    0.0	    2.6	  1	 -750.0	 1550.0	   80.7	    0.0	    0.0	1	  379.2	 21	    0.0	    9.5	
   40	  18.02	    0.0	 1500.0	    0.0	    0.0	 1500.0	    0.0	  200.0	    0.0	 1500.0	    0.0	  200.0	  100.0	   80.2	    0.0	    0.0	    0.0	    0.0	    2.7	  1	 -750.0	 1550.0	   80.2	    0.0	    0.0	1	  378.8	 21	    0.0	    9.5	
   41	  18.12	    0.0	 1500.0	    0.0	    0.0	 1500.0	    0.0	  200.0	    0.0	 1500.0	    0.0	  200.0	  100.0	   79.7	    0.0	    0.0	    0.0	    0.0	    2.8	  1	 -750.0	 1550.0	   79.7	    0.0	    0.0	1	  378.3	 21	    0.0	    9.4	
   42	  18.22	    0.0	 1500.0	    0.0	    0.0	 1500.0	    0.0	  200.0	    0.0	 1500.0	    0.0	  200.0	  100.0	   79.2	    0.0	    0.0	    0.0	    0.0	    2.8	  1	 -750.0	 1550.0	   79.2	    0.0	    0.0	1	  377.8	 21	    0.0	    9.4	
   43	  18.32	    0.0	 1500.0	    0.0	    0.0	 1500.0	    0.0	  200.0	    0.0	 1500.0	    0.0	  200.0	  100.0	   78.7	    0.0	    0.0	    0.0	    0.0	    2.9	  1	 -750.0	 1550.0	   78.7	    0.0	    0.0	1	  377.4	 21	    0.0	    9.4	
   44	  18.42	    0.0	 1500.0	    0.0	    0.0	 1500.0	    0.0	  200.0	    0.0	 1500.0	    0.0	  200.0	  100.0	   78.2	    0.0	    0.0	    0.0	    0.0	    3.0	  1	 -750.0	 1550.0	   78.2	    0.0	    0.0	1	  376.9	 21	    0.0	    9.4	
   45	  18.52	    0.0	 1500.0	    0.0	    0.0	 1500.0	    0.0	  200.0	    0.0	 1500.0	    0.0	  200.0	  100.0	   77.7	    0.0	    0.0	    0.0	    0.0	    3.1	  1	 -750.0	 1550.0	   77.7	    0.0	    0.0	1	  376.4	 21	    0.0	    9.3	
   46	  18.62	    0.0	 1500.0	    0.0	    0.0	 1500.0	    0.0	  200.0	    0.0	 1500.0	    0.0	  200.0	  100.0	   77.2	    0.0	    0.0	    0.0	    0.0	    3.1	  1	 -750.0	 1550.0	   77.2	    0.0	    0.0	1	  375.9	 21	    0.0	    9.3	
   47	  18.72	    0.0	 1500.0	    0.0	    0.0	 1500.0	    0.0	  200.0	    0.0	 1500.0	    0.0	  200.0	  100.0	   76.7	    0.0	    0.0	    0.0	    0.0	    3.2	  1	 -750.0	 1550.0	   76.7	    0.0	    0.0	1	  375.5	 21	    0.0	    9.3	
   48	  18.82	    0.0	 1500.0	    0.0	    0.0	 1500.0	    0.0	  200.0	    0.0	 1500.0	    0.0	  200.0	  100.0	   76.2	    0.0	    0.0	    0.0	    0.0	    3.3	  1	 -750.0	 1550.0	   76.2	    0.0	    0.0	1	  375.0	 21	    0.0	    9.2	
   49	  18.92	    0.0	 1500.0	    0.0	    0.0	 1500.0	    0.0	  200.0	    0.0	 1500.0	    0.0	  200.0	  100.0	   75.7	    0.0	    0.0	    0.0	    0.0	    3.3	  1	 -750.0	 1550.0	   75.7	    0.0	    0.0	1	  374.5	 21	    0.0	    9.2	
   50	  19.02	    0.0	 1500.0	    0.0	    0.0	 1500.0	    0.0	  200.0	    0.0	 1500.0	    0.0	  200.0	  100.0	   75.2	    0.0	    0.0	    0.0	    0.0	    3.4	  1	 -750.0	 1550.0	   75.2	    0.0	    0.0	1	  374.1	 21	    0.0	    9.2	
   51	  19.12	    0.0	 1500.0	    0.0	    0.0	 1500.0	    0.0	  200.0	    0.0	 1500.0	    0.0	  200.0	  100.0	   74.7	    0.0	    0.0	    0.0	    0.0	    3.5	  1	 -750.0	 1550.0	   74.7	    0.0	    0.0	1	  373.6	 21	    0.0	    9.2	
   52	  19.22	    0.0	 1500.0	    0.0	    0.0	 1500.0	    0.0	  200.0	    0.0	 1500.0	    0.0	  200.0	  100.0	   74.2	    0.0	    0.0	    0.0	    0.0	    3.5	  1	 -750.0	 1550.0	   74.2	    0.0	    0.0	1	  373.1	 21	    0.0	    9.1	
   53	  19.32	    0.0	 1500.0	    0.0	    0.0	 1500.0	    0.0	  200.0	    0.0	 1500.0	    0.0	  200.0	  100.0	   73.7	    0.0	    0.0	    0.0	    0.0	    3.6	  1	 -750.0	 1550.0	   73.7	    0.0	    0.0	1	  372.6	 21	    0.0	    9.1	
   54	  19.42	    0.0	 1500.0	    0.0	    0.0	 1500.0	    0.0	  200.0	    0.0	 1500.0	    0.0	  200.0	  100.0	   73.2	    0.0	    0.0	    0.0	    0.0	    3.7	  1	 -750.0	 1550.0	   73.2	    0.0	    0.0	1	  372.2	 21	    0.0	    9.1	
   55	  19.52	    0.0	 1500.0	    0.0	    0.0	 1500.0	    0.0	  200.0	    0.0	 1500.0	    0.0	  200.0	  100.0	   72.7	    0.0	    0.0	    0.0	    0.0	    3.7	  1	 -750.0	 1550.0	   72.7	    0.0	    0.0	1	  371.7	 21	    0.0	    9.1	
   56	  19.62	    0.0	 1500.0	    0.0	    0.0	 1500.0	    0.0	  200.0	    0.0	 1500.0	    0.0	  200.0	  100.0	   72.2	    0.0	    0.0	    0.0	    0.0	    3.8	  1	 -750.0	 1550.0	   72.2	    0.0	    0.0	1	  371.2	 21	    0.0	    9.0	
   57	  19.72	    0.0	 1500.0	    0.0	    0.0	 1500.0	    0.0	  200.0	    0.0	 1500.0	    0.0	  200.0	  100.0	   71.7	    0.0	    0.0	    0.0	    0.0	    3.9	  1	 -750.0	 1550.0	   71.7	    0.0	    0.0	1	  370.7	 21	    0.0	    9.0	
   58	  19.82	    0.0	 1500.0	    0.0	    0.0	 1500.0	    0.0	  200.0	    0.0	 1500.0	    0.0	  200.0	  100.0	   71.2	    0.0	    0.0	    0.0	    0.0	    3.9	  1	 -750.0	 1550.0	   71.2	    0.0	    0.0	1	  370.3	 21	    0.0	    9.0	
   59	  19.92	    0.0	 1500.0	    0.0	    0.0	 1500.0	    0.0	  200.0	    0.0	 1500.0	    0.0	  200.0	  100.0	   70.7	    0.0	    0.0	    0.0	    0.0	    4.0	  1	 -750.0	 1550.0	   70.7	    0.0	    0.0	1	  369.8	 21	    0.0	    8.9	
   60	  20.02	    0.0	 1500.0	    0.0	    0.0	 1500.0	    0.0	  200.0	    0.0	 1500.0	    0.0	  200.0	  100.0	   70.2	    0.0	    0.0	    0.0	    0.0	    4.1	  1	 -750.0	 1550.0	   70.2	    0.0	    0.0	1	  369.3	 21	    0.0	    8.9	
   61	  20.12	    0.0	 1500.0	    0.0	    0.0	 1500.0	    0.0	  200.0	    0.0	 1500.0	    0.0	  200.0	  100.0	   69.7	    0.0	    0.0	    0.0	    0.0	    4.1	  1	 -750.0	 1550.0	   69.7	    0.0	    0.0	1	  368.8	 21	    0.0	    8.9	
   62	  20.22	    0.0	 1500.0	    0.0	    0.0	 1500.0	    0.0	  200.0	    0.0	 1500.0	    0.0	  200.0	  100.0	   69.2	    0.0	    0.0	    0.0	    0.0	    4.2	  1	 -750.0	 1550.0	   69.2	    0.0	    0.0	1	  368.4	 21	    0.0	    8.9	
   63	  20.32	    0.0	 1500.0	    0.0	    0.0	 1500.0	    0.0	  200.0	    0.0	 1500.0	    0.0	  200.0	  100.0	   68.7	    0.0	    0.0	    0.0	    0.0	    4.3	  1	 -750.0	 1550.0	   68.7	    0.0	    0.0	1	  367.9	 21	    0.0	    8.8	
   64	  20.42	    0.0	 1500.0	    0.0	    0.0	 1500.0	    0.0	  200.0	    0.0	 1500.0	    0.0	  200.0	  100.0	   68.2	    0.0	    0.0	    0.0	    0.0	    4.3	  1	 -750.0	 1550.0	   68.2	    0.0	    0.0	1	  367.4	 21	    0.0	    8.8	
   65	  20.52	    0.0	 1500.0	    0.0	    0.0	 1500.0	    0.0	  200.0	    0.0	 1500.0	    0.0	  200.0	  100.0	   67.7	    0.0	    0.0	    0.0	    0.0	    4.4	  1	 -750.0	 1550.0	   67.7	    0.0	    0.0	1	  366.9	 21	    0.0	    8.8	
   66	  20.62	    0.0	 1500.0	    0.0	    0.0	 1500.0	    0.0	  200.0	    0.0	 1500.0	    0.0	  200.0	  100.0	   67.2	    0.0	    0.0	    0.0	    0.0	    4.5	  1	 -750.0	 1550.0	   67.2	    0.0	    0.0	1	  366.5	 21	    0.0	    8.7	
   67	  20.72	    0.0	 1500.0	    0.0	    0.0	 1500.0	    0.0	  200.0	    0.0	 1500.0	    0.0	  200.0	  100.0	   66.7	    0.0	    0.0	    0.0	    0.0	    4.5	  1	 -750.0	 1550.0	   66.7	    0.0	    0.0	1	  366.0	 21	    0.0	    8.7	
   68	  20.82	    0.0	 1500.0	    0.0	    0.0	 1500.0	    0.0	  200.0	    0.0	 1500.0	    0.0	  200.0	  100.0	   66.2	    0.0	    0.0	    0.0	    0.0	    4.6	  1	 -750.0	 1550.0	   66.2	    0.0	    0.0	1	  365.5	 21	    0.0	    8.7	
   69	  20.92	    0.0	 1500.0	    0.0	    0.0	 1500.0	    0.0	  200.0	    0.0	 1500.0	    0.0	  200.0	  100.0	   65.7	    0.0	    0.0	    0.0	    0.0	    4.7	  1	 -750.0	 1550.0	   65.7	    0.0	    0.0	1	  365.0	 21	    0.0	    8.7	
   70	  21.02	    0.0	 1500.0	    0.0	    0.0	 1500.0	    0.0	  200.0	    0.0	 1500.0	    0.0	  200.0	  100.0	   65.2	    0.0	    0.0	    0.0	    0.0	    4.7	  1	 -750.0	 1550.0	   65.2	    0.0	    0.0	1	  364.5	 21	    0.0	    8.6	
   71	  21.12	    0.0	 1500.0	    0.0	    0.0	 1500.0	    0.0	  200.0	    0.0	 1500.0	    0.0	  200.0	  100.0	   64.7	    0.0	    0.0	    0.0	    0.0	    4.8	  1	 -750.0	 1550.0	   64.7	    0.0	    0.0	1	  364.1	 21	    0.0	    8.6	
   72	  21.22	    0.0	 1500.0	    0.0	    0.0	 1500.0	    0.0	  200.0	    0.0	 1500.0	    0.0	  200.0	  100.0	   64.2	    0.0	    0.0	    0.0	    0.0	    4.9	  1	 -750.0	 1550.0	   64.2	    0.0	    0.0	1	  363.6	 21	    0.0	    8.6	
   73	  21.32	    0.0	 1500.0	    0.0	    0.0	 1500.0	    0.0	  200.0	    0.0	 1500.0	    0.0	  200.0	  100.0	   63.7	    0.0	    0.0	    0.0	    0.0	    5.0	  1	 -750.0	 1550.0	   63.7	    0.0	    0.0	1	  363.1	 21	    0.0	    8.5	
   74	  21.42	    0.0	 1500.0	    0.0	    0.0	 1500.0	    0.0	  200.0	    0.0	 1500.0	    0.0	  200.0	  100.0	   63.2	    0.0	    0.0	    0.0	    0.0	    5.0	  1	 -750.0	 1550.0	   63.2	    0.0	    0.0	1	  362.6	 21	    0.0	    8.5	
   75	  21.52	    0.0	 1500.0	    0.0	    0.0	 1500.0	    0.0	  200.0	    0.0	 1500.0	    0.0	  200.0	  100.0	   62.7	    0.0	    0.0	    0.0	    0.0	    5.1	  1	 -750.0	 1550.0	   62.7	    0.0	    0.0	1	  362.1	 21	    0.0	    8.5	
   76	  21.62	    0.0	 1500.0	    0.0	    0.0	 1500.0	    0.0	  200.0	    0.0	 1500.0	    0.0	  200.0	  100.0	   62.2	    0.0	    0.0	    0.0	    0.0	    5.2	  1	 -750.0	 1550.0	   62.2	    0.0	    0.0	1	  361.7	 21	    0.0	    8.5	
   77	  21.72	    0.0	 1500.0	    0.0	    0.0	 1500.0	    0.0	  200.0	    0.0	 1500.0	    0.0	  200.0	  100.0	   61.7	    0.0	    0.0	    0.0	    0.0	    5.2	  1	 -750.0	 1550.0	   61.7	    0.0	    0.0	1	  361.2	 21	    0.0	    8.4	
   78	  21.82	    0.0	 1500.0	    0.0	    0.0	 1500.0	    0.0	  200.0	    0.0	 1500.0	    0.0	  200.0	  100.0	   61.2	    0.0	    0.0	    0.0	    0.0	    5.3	  1	 -750.0	 1550.0	   61.2	    0.0	    0.0	1	  360.7	 21	    0.0	    8.4	
   79	  21.92	    0.0	 1500.0	    0.0	    0.0	 1500.0	    0.0	  200.0	    0.0	 1500.0	    0.0	  200.0	  100.0	   60.7	    0.0	    0.0	    0.0	    0.0	    5.4	  1	 -750.0	 1550.0	   60.7	    0.0	    0.0	1	  360.2	 21	    0.0	    8.4	
   80	  22.02	    0.0	 1500.0	    0.0	    0.0	 1500.0	    0.0	  200.0	    0.0	 1500.0	    0.0	  200.0	  100.0	   60.2	    0.0	    0.0	    0.0	    0.0	    5.4	  1	 -750.0	 1550.0	   60.2	    0.0	    0.0	1	  359.7	 21	    0.0	    8.3	
   81	  22.12	    0.0	 1500.0	    0.0	    0.0	 1500.0	    0.0	  200.0	    0.0	 1500.0	    0.0	  200.0	  100.0	   59.7	    0.0	    0.0	    0.0	    0.0	    5.5	  1	 -750.0	 1550.0	   59.7	    0.0	    0.0	1	  359.3	 21	    0.0	    8.3	
   82	  22.22	    0.0	 1500.0	    0.0	    0.0	 1500.0	    0.0	  200.0	    0.0	 1500.0	    0.0	  200.0	  100.0	   59.2	    0.0	    0.0	    0.0	    0.0	    5.6	  1	 -750.0	 1550.0	   59.2	    0.0	    0.0	1	  358.8	 21	    0.0	    8.3	
   83	  22.32	    0.0	 1500.0	    0.0	    0.0	 1500.0	    0.0	  200.0	    0.0	 1500.0	    0.0	  200.0	  100.0	   58.7	    0.0	    0.0	    0.0	    0.0	    5.6	  1	 -750.0	 1550.0	   58.7	    0.0	    0.0	1	  358.3	 21	    0.0	    8.3	
   84	  22.42	    0.0	 1500.0	    0.0	    0.0	 1500.0	    0.0	  200.0	    0.0	 1500.0	    0.0	  200.0	  100.0	   58.2	    0.0	    0.0	    0.0	    0.0	    5.7	  1	 -750.0	 1550.0	   58.2	    0.0	    0.0	1	  357.8	 21	    0.0	    8.2	
   85	  22.52	    0.0	 1500.0	    0.0	    0.0	 1500.0	    0.0	  200.0	    0.0	 1500.0	    0.0	  200.0	  100.0	   57.7	    0.0	    0.0	    0.0	    0.0	    5.8	  1	 -750.0	 1550.0	   57.7	    0.0	    0.0	1	  357.3	 21	    0.0	    8.2	
   86	  22.62	    0.0	 1500.0	    0.0	    0.0	 1500.0	    0.0	  200.0	    0.0	 1500.0	    0.0	  200.0	  100.0	   57.2	    0.0	    0.0	    0.0	    0.0	    5.8	  1	 -750.0	 1550.0	   57.2	    0.0	    0.0	1	  356.8	 21	    0.0	    8.2	
   87	  22.72	    0.0	 1500.0	    0.0	    0.0	 1500.0	    0.0	  200.0	    0.0	 1500.0	    0.0	  200.0	  100.0	   56.7	    0.0	    0.0	    0.0	    0.0	    5.9	  1	 -750.0	 1550.0	   56.7	    0.0	    0.0	1	  356.3	 21	    0.0	    8.1	
   88	  22.82	    0.0	 1500.0	    0.0	    0.0	 1500.0	    0.0	  200.0	    0.0	 1500.0	    0.0	  200.0	  100.0	   56.2	    0.0	    0.0	    0.0	    0.0	    6.0	  1	 -750.0	 1550.0	   56.2	    0.0	    0.0	1	  355.9	 21	    0.0	    8.1	
   89	  22.92	    0.0	 1500.0	    0.0	    0.0	 1500.0	    0.0	  200.0	    0.0	 1500.0	    0.0	  200.0	  100.0	   55.7	    0.0	    0.0	    0.0	    0.0	    6.0	  1	 -750.0	 1550.0	   55.7	    0.0	    0.0	1	  355.4	 21	    0.0	    8.1	
   90	  23.02	    0.0	 1500.0	    0.0	    0.0	 1500.0	    0.0	  200.0	    0.0	 1500.0	    0.0	  200.0	  100.0	   55.2	    0.0	    0.0	    0.0	    0.0	    6.1	  1	 -750.0	 1550.0	   55.2	    0.0	    0.0	1	  354.9	 21	    0.0	    8.1	
   91	  23.12	    0.0	 1500.0	    0.0	    0.0	 1500.0	    0.0	  200.0	    0.0	 1500.0	    0.0	  200.0	  100.0	   54.7	    0.0	    0.0	    0.0	    0.0	    6.2	  1	 -750.0	 1550.0	   54.7	    0.0	    0.0	1	  354.4	 21	    0.0	    8.0	
   92	  23.22	    0.0	 1500.0	    0.0	    0.0	 1500.0	    0.0	  200.0	    0.0	 1500.0	    0.0	  200.0	  100.0	   54.2	    0.0	    0.0	    0.0	    0.0	    6.2	  1	 -750.0	 1550.0	   54.2	    0.0	    0.0	1	  353.9	 21	    0.0	    8.0	
   93	  23.32	    0.0	 1500.0	    0.0	    0.0	 1500.0	    0.0	  200.0	    0.0	 1500.0	    0.0	  200.0	  100.0	   53.7	    0.0	    0.0	    0.0	    0.0	    6.3	  1	 -750.0	 1550.0	   53.7	    0.0	    0.0	1	  353.4	 21	    0.0	    8.0	
   94	  23.42	    0.0	 1500.0	    0.0	    0.0	 1500.0	    0.0	  200.0	    0.0	 1500.0	    0.0	  200.0	  100.0	   53.2	    0.0	    0.0	    0.0	    0.0	    6.4	  1	 -750.0	 1550.0	   53.2	    0.0	    0.0	1	  352.9	 21	    0.0	    8.0	
   95	  23.52	    0.0	 1500.0	    0.0	    0.0	 1500.0	    0.0	  200.0	    0.0	 1500.0	    0.0	  200.0	  100.0	   52.7	    0.0	    0.0	    0.0	    0.0	    6.4	  1	 -750.0	 1550.0	   52.7	    0.0	    0.0	1	  352.5	 21	    0.0	    7.9	
   96	  23.62	    0.0	 1500.0	    0.0	    0.0	 1500.0	    0.0	  200.0	    0.0	 1500.0	    0.0	  200.0	  100.0	   52.2	    0.0	    0.0	    0.0	    0.0	    6.5	  1	 -750.0	 1550.0	   52.2	    0.0	    0.0	1	  352.0	 21	    0.0	    7.9	
   97	  23.72	    0.0	 1500.0	    0.0	    0.0	 1500.0	    0.0	  200.0	    0.0	 1500.0	    0.0	  200.0	  100.0	   51.7	    0.0	    0.0	    0.0	    0.0	    6.6	  1	 -750.0	 1550.0	   51.7	    0.0	    0.0	1	  351.5	 21	    0.0	    7.9	
   98	  23.82	    0.0	 1500.0	    0.0	    0.0	 1500.0	    0.0	  200.0	    0.0	 1500.0	    0.0	  200.0	  100.0	   51.2	    0.0	    0.0	    0.0	    0.0	    6.6	  1	 -750.0	 1550.0	   51.2	    0.0	    0.0	1	  351.0	 21	    0.0	    7.8	
   99	  23.92	    0.0	 1500.0	    0.0	    0.0	 1500.0	    0.0	  200.0	    0.0	 1500.0	    0.0	  200.0	  100.0	   50.7	    0.0	    0.0	    0.0	    0.0	    6.7	  1	 -750.0	 1550.0	   50.7	    0.0	    0.0	1	  350.5	 21	    0.0	    7.8	
  100	  24.02	    0.0	 1500.0	    0.0	    0.0	 1500.0	    0.0	  200.0	    0.0	 1500.0	    0.0	  200.0	  100.0	   50.2	    0.0	    0.0	    0.0	    0.0	    6.8	  1	 -750.0	 1550.0	   50.2	    0.0	    0.0	1	  350.0	 21	    0.0	    7.8	
  101	  24.12	    0.0	 1500.0	    0.0	    0.0	 1500.0	    0.0	  200.0	    0.0	 1500.0	    0.0	  200.0	  100.0	   49.7	    0.0	    0.0	    0.0	    0.0	    6.9	  1	 -750.0	 1550.0	   49.7	    0.0	    0.0	1	  349.5	 21	    0.0	    7.8	
  102	  24.22	    0.0	 1500.0	    0.0	    0.0	 1500.0	    0.0	  200.0	    0.0	 1500.0	    0.0	  200.0	  100.0	   49.2	    0.0	    0.0	    0.0	    0.0	    6.9	  1	 -750.0	 1550.0	   49.2	    0.0	    0.0	1	  349.0	 21	    0.0	    7.7	
  103	  24.32	    0.0	 1500.0	    0.0	    0.0	 1500.0	    0.0	  200.0	    0.0	 1500.0	    0.0	  200.0	  100.0	   48.7	    0.0	    0.0	    0.0	    0.0	    7.0	  1	 -750.0	 1550.0	   48.7	    0.0	    0.0	1	  348.5	 21	    0.0	    7.7	
  104	  24.42	    0.0	 1500.0	    0.0	    0.0	 1500.0	    0.0	  200.0	    0.0	 1500.0	    0.0	  200.0	  100.0	   48.2	    0.0	    0.0	    0.0	    0.0	    7.1	  1	 -750.0	 1550.0	   48.2	    0.0	    0.0	1	  348.1	 21	    0.0	    7.7	
  105	  24.52	    0.0	 1500.0	    0.0	    0.0	 1500.0	    0.0	  200.0	    0.0	 1500.0	    0.0	  200.0	  100.0	   47.7	    0.0	    0.0	    0.0	    0.0	    7.1	  1	 -750.0	 1550.0	   47.7	    0.0	    0.0	1	  347.6	 21	    0.0	    7.6	
  106	  24.62	    0.0	 1500.0	    0.0	    0.0	 1500.0	    0.0	  200.0	    0.0	 1500.0	    0.0	  200.0	  100.0	   47.2	    0.0	    0.0	    0.0	    0.0	    7.2	  1	 -750.0	 1550.0	   47.2	    0.0	    0.0	1	  347.1	 21	    0.0	    7.6	
  107	  24.72	    0.0	 1500.0	    0.0	    0.0	 1500.0	    0.0	  200.0	    0.0	 1500.0	    0.0	  200.0	  100.0	   46.7	    0.0	    0.0	    0.0	    0.0	    7.3	  1	 -750.0	 1550.0	   46.7	    0.0	    0.0	1	  346.6	 21	    0.0	    7.6	
  108	  24.82	    0.0	 1500.0	    0.0	    0.0	 1500.0	    0.0	  200.0	    0.0	 1500.0	    0.0	  200.0	  100.0	   46.2	    0.0	    0.0	    0.0	    0.0	    7.3	  1	 -750.0	 1550.0	   46.2	    0.0	    0.0	1	  346.1	 21	    0.0	    7.6	
  109	  24.92	    0.0	 1500.0	    0.0	    0.0	 1500.0	    0.0	  200.0	    0.0	 1500.0	    0.0	  200.0	  100.0	   45.7	    0.0	    0.0	    0.0	    0.0	    7.4	  1	 -750.0	 1550.0	   45.7	    0.0	    0.0	1	  345.6	 21	    0.0	    7.5	
  110	  25.02	    0.0	 1500.0	    0.0	    0.0	 1500.0	    0.0	  200.0	    0.0	 1500.0	    0.0	  200.0	  100.0	   45.2	    0.0	    0.0	    0.0	    0.0	    7.5	  1	 -750.0	 1550.0	   45.2	    0.0	    0.0	1	  345.1	 21	    0.0	    7.5	
  111	  25.12	    0.0	 1500.0	    0.0	    0.0	 1500.0	    0.0	  200.0	    0.0	 1500.0	    0.0	  200.0	  100.0	   44.7	    0.0	    0.0	    0.0	    0.0	    7.5	  1	 -750.0	 1550.0	   44.7	    0.0	    0.0	1	  344.6	 21	    0.0	    7.5	
  112	  25.22	    0.0	 1500.0	    0.0	    0.0	 1500.0	    0.0	  200.0	    0.0	 1500.0	    0.0	  200.0	  100.0	   44.2	    0.0	    0.0	    0.0	    0.0	    7.6	  1	 -750.0	 1550.0	   44.2	    0.0	    0.0	1	  344.1	 21	    0.0	    7.4	
  113	  25.32	    0.0	 1500.0	    0.0	    0.0	 1500.0	    0.0	  200.0	    0.0	 1500.0	    0.0	  200.0	  100.0	   43.7	    0.0	    0.0	    0.0	    0.0	    7.7	  1	 -750.0	 1550.0	   43.7	    0.0	    0.0	1	  343.6	 21	    0.0	    7.4	
  114	  25.42	    0.0	 1500.0	    0.0	    0.0	 1500.0	    0.0	  200.0	    0.0	 1500.0	    0.0	  200.0	  100.0	   43.2	    0.0	    0.0	    0.0	    0.0	    7.7	  1	 -750.0	 1550.0	   43.2	    0.0	    0.0	1	  343.1	 21	    0.0	    7.4	
  115	  25.52	    0.0	 1500.0	    0.0	    0.0	 1500.0	    0.0	  200.0	    0.0	 1500.0	    0.0	  200.0	  100.0	   42.7	    0.0	    0.0	    0.0	    0.0	    7.8	  1	 -750.0	 1550.0	   42.7	    0.0	    0.0	1	  342.7	 21	    0.0	    7.4	
  116	  25.62	    0.0	 1500.0	    0.0	    0.0	 1500.0	    0.0	  200.0	    0.0	 1500.0	    0.0	  200.0	  100.0	   42.2	    0.0	    0.0	    0.0	    0.0	    7.9	  1	 -750.0	 1550.0	   42.2	    0.0	    0.0	1	  342.2	 21	    0.0	    7.3	
  117	  25.72	    0.0	 1500.0	    0.0	    0.0	 1500.0	    0.0	  200.0	    0.0	 1500.0	    0.0	  200.0	  100.0	   41.7	    0.0	    0.0	    0.0	    0.0	    7.9	  1	 -750.0	 1550.0	   41.7	    0.0	    0.0	1	  341.7	 21	    0.0	    7.3	
  118	  25.82	    0.0	 1500.0	    0.0	    0.0	 1500.0	    0.0	  200.0	    0.0	 1500.0	    0.0	  200.0	  100.0	   41.2	    0.0	    0.0	    0.0	    0.0	    8.0	  1	 -750.0	 1550.0	   41.2	    0.0	    0.0	1	  341.2	 21	    0.0	    7.3	
  119	  25.92	    0.0	 1500.0	    0.0	    0.0	 1500.0	    0.0	  200.0	    0.0	 1500.0	    0.0	  200.0	  100.0	   40.7	    0.0	    0.0	    0.0	    0.0	    8.1	  1	 -750.0	 1550.0	   40.7	    0.0	    0.0	1	  340.7	 21	    0.0	    7.2	
  120	  26.02	    0.0	 1500.0	    0.0	    0.0	 1500.0	    0.0	  200.0	    0.0	 1500.0	    0.0	  200.0	  100.0	   40.2	    0.0	    0.0	    0.0	    0.0	    8.1	  1	 -750.0	 1550.0	   40.2	    0.0	    0.0	1	  340.2	 21	    0.0	    7.2	
  121	  26.12	    0.0	 1500.0	    0.0	    0.0	 1500.0	    0.0	  200.0	    0.0	 1500.0	    0.0	  200.0	  100.0	   39.7	    0.0	    0.0	    0.0	    0.0	    8.2	  1	 -750.0	 1550.0	   39.7	    0.0	    0.0	1	  339.7	 21	    0.0	    7.2	
  122	  26.22	    0.0	 1500.0	    0.0	    0.0	 1500.0	    0.0	  200.0	    0.0	 1500.0	    0.0	  200.0	  100.0	   39.2	    0.0	    0.0	    0.0	    0.0	    8.3	  1	 -750.0	 1550.0	   39.2	    0.0	    0.0	1	  339.2	 21	    0.0	    7.2	
  123	  26.32	    0.0	 1500.0	    0.0	    0.0	 1500.0	    0.0	  200.0	    0.0	 1500.0	    0.0	  200.0	  100.0	   38.7	    0.0	    0.0	    0.0	    0.0	    8.3	  1	 -750.0	 1550.0	   38.7	    0.0	    0.0	1	  338.7	 21	    0.0	    7.1	
  124	  26.42	    0.0	 1500.0	    0.0	    0.0	 1500.0	    0.0	  200.0	    0.0	 1500.0	    0.0	  200.0	  100.0	   38.2	    0.0	    0.0	    0.0	    0.0	    8.4	  1	 -750.0	 1550.0	   38.2	    0.0	    0.0	1	  338.2	 21	    0.0	    7.1	
  125	  26.52	    0.0	 1500.0	    0.0	    0.0	 1500.0	    0.0	  200.0	    0.0	 1500.0	    0.0	  200.0	  100.0	   37.7	    0.0	    0.0	    0.0	    0.0	    8.5	  1	 -750.0	 1550.0	   37.7	    0.0	    0.0	1	  337.7	 21	    0.0	    7.1	
  126	  26.62	    0.0	 1500.0	    0.0	    0.0	 1500.0	    0.0	  200.0	    0.0	 1500.0	    0.0	  200.0	  100.0	   37.2	    0.0	    0.0	    0.0	    0.0	    8.5	  1	 -750.0	 1550.0	   37.2	    0.0	    0.0	1	  337.2	 21	    0.0	    7.0	
  127	  26.72	    0.0	 1500.0	    0.0	    0.0	 1500.0	    0.0	  200.0	    0.0	 1500.0	    0.0	  200.0	  100.0	   36.7	    0.0	    0.0	    0.0	    0.0	    8.6	  1	 -750.0	 1550.0	   36.7	    0.0	    0.0	1	  336.7	 21	    0.0	    7.0	
  128	  26.82	    0.0	 1500.0	    0.0	    0.0	 1500.0	    0.0	  200.0	    0.0	 1500.0	    0.0	  200.0	  100.0	   36.2	    0.0	    0.0	    0.0	    0.0	    8.7	  1	 -750.0	 1550.0	   36.2	    0.0	    0.0	1	  336.2	 21	    0.0	    7.0	
  129	  26.92	    0.0	 1500.0	    0.0	    0.0	 1500.0	    0.0	  200.0	    0.0	 1500.0	    0.0	  200.0	  100.0	   35.7	    0.0	    0.0	    0.0	    0.0	    8.8	  1	 -750.0	 1550.0	   35.7	    0.0	    0.0	1	  335.7	 21	    0.0	    7.0	
  130	  27.02	    0.0	 1500.0	    0.0	    0.0	 1500.0	    0.0	  200.0	    0.0	 1500.0	    0.0	  200.0	  100.0	   35.2	    0.0	    0.0	    0.0	    0.0	    8.8	  1	 -750.0	 1550.0	   35.2	    0.0	    0.0	1	  335.2	 21	    0.0	    6.9	
  131	  27.12	    0.0	 1500.0	    0.0	    0.0	 1500.0	    0.0	  200.0	    0.0	 1500.0	    0.0	  200.0	  100.0	   34.7	    0.0	    0.0	    0.0	    0.0	    8.9	  1	 -750.0	 1550.0	   34.7	    0.0	    0.0	1	  334.7	 21	    0.0	    6.9	
  132	  27.22	    0.0	 1500.0	    0.0	    0.0	 1500.0	    0.0	  200.0	    0.0	 1500.0	    0.0	  200.0	  100.0	   34.2	    0.0	    0.0	    0.0	    0.0	    9.0	  1	 -750.0	 1550.0	   34.2	    0.0	    0.0	1	  334.2	 21	    0.0	    6.9	
  133	  27.32	    0.0	 1500.0	    0.0	  508.3	 1258.2	    0.0	  200.0	    0.0	 1500.0	    0.0	  200.0	  100.0	   38.3	    0.0	    0.0	    0.0	    0.1	    9.0	  1	  750.0	  850.0	   38.3	    0.0	    0.1	1	  358.5	 21	 1347.7	  -52.3	
  134	  27.42	    0.0	 1500.0	    0.0	  508.3	 1258.2	    0.0	  200.0	    0.0	 1500.0	    0.0	  200.0	  100.0	   37.9	    0.0	    0.0	    0.0	    0.2	    9.1	  1	  750.0	 1450.0	   37.9	    0.0	    0.2	1	  299.9	 21	 1316.1	   11.6	
  135	  27.52	    0.0	 1500.0	    0.0	  508.3	 1258.2	    0.0	  200.0	    0.0	 1500.0	    0.0	  200.0	  100.0	   37.4	    0.0	    0.0	    0.0	    0.3	    9.2	  1	  750.0	 1450.0	   37.4	    0.0	    0.3	1	  299.9	 21	 1315.6	   11.6	
  136	  27.62	    0.0	 1500.0	    0.0	  508.3	 1258.2	    0.0	  200.0	    0.0	 1500.0	    0.0	  200.0	  100.0	   36.9	    0.0	    0.0	    0.0	    0.3	    9.2	  1	  750.0	 1450.0	   36.9	    0.0	    0.3	1	  299.9	 21	 1315.1	   11.5	
  137	  27.72	    0.0	 1500.0	    0.0	  508.3	 1258.2	    0.0	  200.0	    0.0	 1500.0	    0.0	  200.0	  100.0	   36.5	    0.0	    0.0	    0.0	    0.4	    9.3	  1	  750.0	 1450.0	   36.5	    0.0	    0.4	1	  299.9	 21	 1314.6	   11.5	
  138	  27.82	    0.0	 1500.0	    0.0	  508.3	 1258.2	    0.0	  200.0	    0.0	 1500.0	    0.0	  200.0	  100.0	   36.0	    0.0	    0.0	    0.0	    0.5	    9.4	  1	  750.0	 1450.0	   36.0	    0.0	    0.5	1	  299.9	 21	 1314.1	   11.4	
  139	  27.92	    0.0	 1500.0	    0.0	  584.9	 1327.0	    0.0	  200.0	    0.0	 1500.0	    0.0	  200.0	  100.0	   37.3	    0.0	    0.0	    0.0	    0.6	    9.4	  1	  750.0	 1750.0	   37.3	    0.0	    0.6	1	  318.2	 21	 1388.1	  -11.9	
  140	  28.02	    0.0	 1500.0	    0.0	  584.9	 1327.0	    0.0	  200.0	    0.0	 1500.0	    0.0	  200.0	  100.0	   36.9	    0.0	    0.0	    0.0	    0.7	    9.5	  1	  750.0	  750.0	   36.9	    0.0	    0.7	1	  301.8	 21	 1315.3	   11.5	
  141	  28.12	    0.0	 1500.0	    0.0	  584.9	 1327.0	    0.0	  200.0	    0.0	 1500.0	    0.0	  200.0	  100.0	   36.4	    0.0	    0.0	    0.0	    0.8	    9.6	  1	  750.0	  750.0	   36.4	    0.0	    0.8	1	  301.6	 21	 1314.9	   11.5	
  142	  28.22	    0.0	 1500.0	    0.0	  584.9	 1327.0	    0.0	  200.0	    0.0	 1500.0	    0.0	  200.0	  100.0	   35.9	    0.0	    0.0	    0.0	    0.9	    9.6	  1	  750.0	  750.0	   35.9	    0.0	    0.9	1	  301.4	 21	 1314.5	   11.5	
  143	  28.32	    0.0	 1500.0	    0.0	  584.9	 1327.0	    0.0	  200.0	    0.0	 1500.0	    0.0	  200.0	  100.0	   35.5	    0.0	    0.0	    0.0	    1.0	    9.7	  1	  750.0	  750.0	   35.5	    0.0	    1.0	1	  301.3	 21	 1314.1	   11.4	
  144	  28.42	    0.0	 1500.0	    0.0	  604.0	 1339.6	    0.0	  200.0	    0.0	 1500.0	    0.0	  200.0	  100.0	   35.0	    0.0	    0.0	    0.0	    1.1	    9.8	  1	  750.0	  750.0	   35.0	    0.0	    1.1	1	  300.5	 21	 1313.5	   11.4	
  145	  28.52	    0.0	 1500.0	    0.0	  604.0	 1339.6	    0.0	  200.0	    0.0	 1500.0	    0.0	  200.0	  100.0	   34.6	    0.0	    0.0	    0.0	    1.2	    9.8	  1	  750.0	  750.0	   34.6	    0.0	    1.2	1	  300.3	 21	 1313.2	   11.3	
  146	  28.62	    0.0	 1500.0	    0.0	  604.0	 1339.6	    0.0	  200.0	    0.0	 1500.0	    0.0	  200.0	  100.0	   34.1	    0.0	    0.0	    0.0	    1.3	    9.9	  1	  750.0	  750.0	   34.1	    0.0	    1.3	1	  300.1	 21	 1312.9	   11.3	
  147	  28.72	    0.0	 1500.0	    0.0	  604.0	 1339.6	    0.0	  200.0	    0.0	 1500.0	    0.0	  200.0	  100.0	   33.7	    0.0	    0.0	    0.0	    1.4	   10.0	  1	  750.0	  750.0	   33.7	    0.0	    1.4	1	  299.9	 21	 1312.6	   11.3	
  148	  28.82	    0.0	 1500.0	    0.0	  604.0	 1339.6	    0.0	  200.0	    0.0	 1500.0	    0.0	  200.0	  100.0	   33.2	    0.0	    0.0	    0.0	    1.5	   10.0	  1	  750.0	  750.0	   33.2	    0.0	    1.5	1	  299.7	 21	 1312.3	   11.2	
  149	  28.92	    0.0	 1500.0	    0.0	  604.0	 1339.6	    0.0	  200.0	    0.0	 1500.0	    0.0	  200.0	  100.0	   32.8	    0.0	    0.0	    0.0	    1.6	   10.1	  1	  750.0	  750.0	   32.8	    0.0	    1.6	1	  299.6	 21	 1312.1	   11.2	
  150	  29.02	    0.0	 1500.0	    0.0	  604.7	 1332.1	    0.0	  200.0	    0.0	 1500.0	    0.0	  200.0	  100.0	   32.3	    0.0	    0.0	    0.0	    1.7	   10.2	  1	  750.0	  750.0	   32.3	    0.0	    1.7	1	  300.4	 21	 1311.8	   11.2	
  151	  29.12	    0.0	 1500.0	    0.0	  604.7	 1332.1	    0.0	  200.0	    0.0	 1500.0	    0.0	  200.0	  100.0	   31.9	    0.0	    0.0	    0.0	    1.8	   10.2	  1	  750.0	  750.0	   31.9	    0.0	    1.8	1	  300.6	 21	 1311.5	   11.2	
  152	  29.22	    0.0	 1500.0	    0.0	  604.7	 1332.1	    0.0	  200.0	    0.0	 1500.0	    0.0	  200.0	  100.0	   31.4	    0.0	    0.0	    0.0	    1.9	   10.3	  1	  750.0	  750.0	   31.4	    0.0	    1.9	1	  300.8	 21	 1311.3	   11.1	
  153	  29.32	    0.0	 1500.0	    0.0	  604.7	 1332.1	    0.0	  200.0	    0.0	 1500.0	    0.0	  200.0	  100.0	   31.0	    0.0	    0.0	    0.0	    2.1	   10.4	  1	  750.0	  750.0	   31.0	    0.0	    2.1	1	  301.0	 21	 1311.1	   11.1	
  154	  29.42	    0.0	 1500.0	    0.0	  604.7	 1332.1	    0.0	  200.0	    0.0	 1500.0	    0.0	  200.0	  100.0	   30.5	    0.0	    0.0	    0.0	    2.2	   10.4	  1	  750.0	  750.0	   30.5	    0.0	    2.2	1	  301.2	 21	 1310.9	   11.1	
  155	  29.52	    0.0	 1500.0	    0.0	  590.3	 1321.0	    0.0	  200.0	    0.0	 1500.0	    0.0	  200.0	  100.0	   30.1	    0.0	    0.0	    0.0	    2.3	   10.5	  1	  750.0	  750.0	   30.1	    0.0	    2.3	1	  301.2	 21	 1310.9	   11.1	
  156	  29.62	    0.0	 1500.0	    0.0	  590.3	 1321.0	    0.0	  200.0	    0.0	 1500.0	    0.0	  200.0	  100.0	   29.6	    0.0	    0.0	    0.0	    2.4	   10.6	  1	  750.0	  750.0	   29.6	    0.0	    2.4	1	  301.3	 21	 1310.8	   11.1	
  157	  29.72	    0.0	 1500.0	    0.0	  590.3	 1321.0	    0.0	  200.0	    0.0	 1500.0	    0.0	  200.0	  100.0	   29.2	    0.0	    0.0	    0.0	    2.5	   10.6	  1	  750.0	  750.0	   29.2	    0.0	    2.5	1	  301.5	 21	 1310.6	   11.1	
  158	  29.82	    0.0	 1500.0	    0.0	  590.3	 1321.0	    0.0	  200.0	    0.0	 1500.0	    0.0	  200.0	  100.0	   28.7	    0.0	    0.0	    0.0	    2.6	   10.7	  1	  750.0	  750.0	   28.7	    0.0	    2.6	1	  301.7	 21	 1310.5	   11.0	
  159	  29.92	    0.0	 1500.0	    0.0	  590.3	 1321.0	    0.0	  200.0	    0.0	 1500.0	    0.0	  200.0	  100.0	   28.2	    0.0	    0.0	    0.0	    2.7	   10.8	  1	  750.0	  750.0	   28.2	    0.0	    2.7	1	  301.9	 21	 1310.4	   11.0	
  160	  30.02	    0.0	 1500.0	    0.0	  579.2	 1310.5	    0.0	  200.0	    0.0	 1500.0	    0.0	  200.0	  100.0	   27.8	    0.0	    0.0	    0.0	    2.8	   10.9	  1	  750.0	 1650.0	   27.8	    0.0	    2.8	1	  313.9	 21	 1310.4	   11.0	
  161	  30.12	    0.0	 1500.0	    0.0	  579.2	 1310.5	    0.0	  200.0	    0.0	 1500.0	    0.0	  200.0	  100.0	   27.3	    0.0	    0.0	    0.0	    2.9	   10.9	  1	  750.0	 1650.0	   27.3	    0.0	    2.9	1	  313.9	 21	 1310.3	   11.0	
  162	  30.22	    0.0	 1500.0	    0.0	  579.2	 1310.5	    0.0	  200.0	    0.0	 1500.0	    0.0	  200.0	  100.0	   26.9	    0.0	    0.0	    0.0	    3.0	   11.0	  1	  750.0	 1650.0	   26.9	    0.0	    3.0	1	  314.0	 21	 1310.2	   11.0	
  163	  30.32	    0.0	 1500.0	    0.0	  579.2	 1310.5	    0.0	  200.0	    0.0	 1500.0	    0.0	  200.0	  100.0	   26.4	    0.0	    0.0	    0.0	    3.1	   11.1	  1	  750.0	 1650.0	   26.4	    0.0	    3.1	1	  314.0	 21	 1310.2	   11.0	
  164	  30.42	    0.0	 1500.0	    0.0	  579.2	 1310.5	    0.0	  200.0	    0.0	 1500.0	    0.0	  200.0	  100.0	   26.0	    0.0	    0.0	    0.0	    3.2	   11.1	  1	  750.0	 1650.0	   26.0	    0.0	    3.2	1	  314.1	 21	 1310.2	   11.0	
  165	  30.52	    0.0	 1500.0	    0.0	  574.0	 1290.6	    0.0	  200.0	    0.0	 1500.0	    0.0	  200.0	  100.0	   25.5	    0.0	    0.0	    0.0	    3.3	   11.2	  1	  750.0	 1650.0	   25.5	    0.0	    3.3	1	  312.9	 21	 1310.2	   11.0	
  166	  30.62	    0.0	 1500.0	    0.0	  574.0	 1290.6	    0.0	  200.0	    0.0	 1500.0	    0.0	  200.0	  100.0	   25.1	    0.0	    0.0	    0.0	    3.4	   11.3	  1	  750.0	 1650.0	   25.1	    0.0	    3.4	1	  313.0	 21	 1310.2	   11.0	
  167	  30.72	    0.0	 1500.0	    0.0	  574.0	 1290.6	    0.0	  200.0	    0.0	 1500.0	    0.0	  200.0	  100.0	   24.6	    0.0	    0.0	    0.0	    3.5	   11.3	  1	  750.0	 1650.0	   24.6	    0.0	    3.5	1	  313.0	 21	 1310.3	   11.0	
  168	  30.82	    0.0	 1500.0	    0.0	  574.0	 1290.6	    0.0	  200.0	    0.0	 1500.0	    0.0	  200.0	  100.0	   24.2	    0.0	    0.0	    0.0	    3.6	   11.4	  1	  750.0	 1650.0	   24.2	    0.0	    3.6	1	  313.1	 21	 1310.4	   11.0	
  169	  30.92	    0.0	 1500.0	    0.0	  574.0	 1290.6	    0.0	  200.0	    0.0	 1500.0	    0.0	  200.0	  100.0	   23.7	    0.0	    0.0	    0.0	    3.7	   11.5	  1	  750.0	 1650.0	   23.7	    0.0	    3.7	1	  313.1	 21	 1310.5	   11.0	
  170	  31.02	    0.0	 1500.0	    0.0	  555.6	 1279.7	    0.0	  200.0	    0.0	 1500.0	    0.0	  200.0	  100.0	   23.2	    0.0	    0.0	    0.0	    3.8	   11.5	  1	  750.0	 1650.0	   23.2	    0.0	    3.8	1	  311.3	 21	 1310.7	   11.1	
  171	  31.12	    0.0	 1500.0	    0.0	  555.6	 1279.7	    0.0	  200.0	    0.0	 1500.0	    0.0	  200.0	  100.0	   22.8	    0.0	    0.0	    0.0	    3.8	   11.6	  1	  750.0	 1650.0	   22.8	    0.0	    3.8	1	  311.4	 21	 1310.9	   11.1	
  172	  31.22	    0.0	 1500.0	    0.0	  555.6	 1279.7	    0.0	  200.0	    0.0	 1500.0	    0.0	  200.0	  100.0	   22.3	    0.0	    0.0	    0.0	    3.9	   11.7	  1	  750.0	 1650.0	   22.3	    0.0	    3.9	1	  311.5	 21	 1311.1	   11.1	
  173	  31.32	    0.0	 1500.0	    0.0	  555.6	 1279.7	    0.0	  200.0	    0.0	 1500.0	    0.0	  200.0	  100.0	   21.9	    0.0	    0.0	    0.0	    4.0	   11.7	  1	  750.0	 1650.0	   21.9	    0.0	    4.0	1	  311.5	 21	 1311.3	   11.1	
  174	  31.42	    0.0	 1500.0	    0.0	  555.6	 1279.7	    0.0	  200.0	    0.0	 1500.0	    0.0	  200.0	  100.0	   21.4	    0.0	    0.0	    0.0	    4.1	   11.8	  1	  750.0	 1650.0	   21.4	    0.0	    4.1	1	  311.6	 21	 1311.5	   11.2	
  175	  31.52	    0.0	 1500.0	    0.0	  554.7	 1276.9	    0.0	  200.0	    0.0	 1500.0	    0.0	  200.0	  100.0	   21.0	    0.0	    0.0	    0.0	    4.2	   11.9	  1	  750.0	  750.0	   21.0	    0.0	    4.2	1	  305.5	 21	 1311.8	   11.2	
  176	  31.62	    0.0	 1500.0	    0.0	  554.7	 1276.9	    0.0	  200.0	    0.0	 1500.0	    0.0	  200.0	  100.0	   20.5	    0.0	    0.0	    0.0	    4.3	   11.9	  1	  750.0	  750.0	   20.5	    0.0	    4.3	1	  305.7	 21	 1312.1	   11.2	
  177	  31.72	    0.0	 1500.0	    0.0	  554.7	 1276.9	    0.0	  200.0	    0.0	 1500.0	    0.0	  200.0	  100.0	   20.1	    0.0	    0.0	    0.0	    4.4	   12.0	  1	  750.0	  750.0	   20.1	    0.0	    4.4	1	  305.8	 21	 1312.5	   11.2	
  178	  31.82	    0.0	 1500.0	    0.0	  554.7	 1276.9	    0.0	  200.0	    0.0	 1500.0	    0.0	  200.0	  100.0	   19.6	    0.0	    0.0	    0.0	    4.5	   12.1	  1	  750.0	  750.0	   19.6	    0.0	    4.5	1	  306.0	 21	 1312.9	   11.3	
  179	  31.92	    0.0	 1500.0	    0.0	  554.7	 1276.9	    0.0	  200.0	    0.0	 1500.0	    0.0	  200.0	  100.0	   19.1	    0.0	    0.0	    0.0	    4.6	   12.1	  1	  750.0	  750.0	   19.1	    0.0	    4.6	1	  306.2	 21	 1313.3	   11.3	
  180	  32.02	    0.0	 1500.0	    0.0	  554.7	 1276.9	    0.0	  200.0	    0.0	 1500.0	    0.0	  200.0	  100.0	   18.7	    0.0	    0.0	    0.0	    4.7	   12.2	  1	  750.0	  750.0	   18.7	    0.0	    4.7	1	  306.3	 21	 1313.8	   11.4	
  181	  32.12	    0.0	 1500.0	    0.0	  551.3	 1276.4	    0.0	  200.0	    0.0	 1500.0	    0.0	  200.0	  100.0	   18.2	    0.0	    0.0	    0.0	    4.8	   12.3	  1	  750.0	 1550.0	   18.2	    0.0	    4.8	1	  315.8	 21	 1314.3	   11.4	
  182	  32.22	    0.0	 1500.0	    0.0	  551.3	 1276.4	    0.0	  200.0	    0.0	 1500.0	    0.0	  200.0	  100.0	   17.8	    0.0	    0.0	    0.0	    4.9	   12.3	  1	  750.0	 1550.0	   17.8	    0.0	    4.9	1	  315.9	 21	 1314.9	   11.5	
  183	  32.32	    0.0	 1500.0	    0.0	  551.3	 1276.4	    0.0	  200.0	    0.0	 1500.0	    0.0	  200.0	  100.0	   17.3	    0.0	    0.0	    0.0	    5.0	   12.4	  1	  750.0	 1550.0	   17.3	    0.0	    5.0	1	  315.9	 21	 1315.5	   11.5	
  184	  32.42	    0.0	 1500.0	    0.0	  551.3	 1276.4	    0.0	  200.0	    0.0	 1500.0	    0.0	  200.0	  100.0	   16.9	    0.0	    0.0	    0.0	    5.1	   12.5	  1	  750.0	 1550.0	   16.9	    0.0	    5.1	1	  315.9	 21	 1316.1	   11.6	
  185	  32.52	    0.0	 1500.0	    0.0	  551.3	 1276.4	    0.0	  200.0	    0.0	 1500.0	    0.0	  200.0	  100.0	   16.4	    0.0	    0.0	    0.0	    5.2	   12.5	  1	  750.0	 1550.0	   16.4	    0.0	    5.2	1	  316.0	 21	 1316.9	   11.7	
  186	  32.62	    0.0	 1500.0	    0.0	  545.7	 1276.9	    0.0	  200.0	    0.0	 1500.0	    0.0	  200.0	  100.0	   15.9	    0.0	    0.0	    0.0	    5.3	   12.6	  1	  750.0	 1550.0	   15.9	    0.0	    5.3	1	  315.6	 21	 1317.6	   11.8	
  187	  32.72	    0.0	 1500.0	    0.0	  546.6	 1276.5	    0.0	  200.0	    0.0	 1500.0	    0.0	  200.0	  100.0	   15.5	    0.0	    0.0	    0.0	    5.4	   12.7	  1	  750.0	 1550.0	   15.5	    0.0	    5.4	1	  315.7	 21	 1318.5	   11.8	
  188	  32.82	    0.0	 1500.0	    0.0	  546.6	 1276.5	    0.0	  200.0	    0.0	 1500.0	    0.0	  200.0	  100.0	   15.0	    0.0	    0.0	    0.0	    5.5	   12.8	  1	  750.0	 1550.0	   15.0	    0.0	    5.5	1	  315.7	 21	 1319.4	   11.9	
  189	  32.92	    0.0	 1500.0	    0.0	  546.6	 1276.5	    0.0	  200.0	    0.0	 1500.0	    0.0	  200.0	  100.0	   14.6	    0.0	    0.0	    0.0	    5.6	   12.8	  1	  750.0	 1550.0	   14.6	    0.0	    5.6	1	  315.7	 21	 1320.3	   12.0	
  190	  33.02	    0.0	 1500.0	    0.0	  546.6	 1276.5	    0.0	  200.0	    0.0	 1500.0	    0.0	  200.0	  100.0	   14.1	    0.0	    0.0	    0.0	    5.7	   12.9	  1	  750.0	 1550.0	   14.1	    0.0	    5.7	1	  315.7	 21	 1321.3	   12.1	
  191	  33.12	    0.0	 1500.0	    0.0	  546.6	 1276.5	    0.0	  200.0	    0.0	 1500.0	    0.0	  200.0	  100.0	   13.7	    0.0	    0.0	    0.0	    5.7	   13.0	  1	  750.0	 1550.0	   13.7	    0.0	    5.7	1	  315.8	 21	 1322.4	   12.2	
  192	  33.22	    0.0	 1500.0	    0.0	  546.6	 1276.5	    0.0	  200.0	    0.0	 1500.0	    0.0	  200.0	  100.0	   13.2	    0.0	    0.0	    0.0	    5.8	   13.0	  1	  750.0	 1550.0	   13.2	    0.0	    5.8	1	  315.8	 21	 1323.6	   12.4	
  193	  33.32	    0.0	 1500.0	    0.0	  543.3	 1277.0	    0.0	  200.0	    0.0	 1500.0	    0.0	  200.0	  100.0	   12.7	    0.0	    0.0	    0.0	    5.9	   13.1	  1	  750.0	 1550.0	   12.7	    0.0	    5.9	1	  315.6	 21	 1324.8	   12.5	
  194	  33.42	    0.0	 1500.0	    0.0	  543.3	 1277.0	    0.0	  200.0	    0.0	 1500.0	    0.0	  200.0	  100.0	   12.3	    0.0	    0.0	    0.0	    6.0	   13.2	  1	  750.0	 1550.0	   12.3	    0.0	    6.0	1	  315.6	 21	 1326.2	   12.6	
  195	  33.52	    0.0	 1500.0	    0.0	  543.3	 1277.0	    0.0	  200.0	    0.0	 1500.0	    0.0	  200.0	  100.0	   11.8	    0.0	    0.0	    0.0	    6.1	   13.2	  1	  750.0	 1550.0	   11.8	    0.0	    6.1	1	  315.7	 21	 1327.6	   12.8	
  196	  33.62	    0.0	 1500.0	    0.0	  543.3	 1277.0	    0.0	  200.0	    0.0	 1500.0	    0.0	  200.0	  100.0	   11.4	    0.0	    0.0	    0.0	    6.2	   13.3	  1	  750.0	 1550.0	   11.4	    0.0	    6.2	1	  315.7	 21	 1329.1	   12.9	
  197	  33.72	    0.0	 1500.0	    0.0	  544.2	 1276.6	    0.0	  200.0	    0.0	 1500.0	    0.0	  200.0	  100.0	   10.9	    0.0	    0.0	    0.0	    6.3	   13.4	  1	  750.0	 1550.0	   10.9	    0.0	    6.3	1	  315.8	 21	 1330.7	   13.1	
  198	  33.82	    0.0	 1500.0	    0.0	  544.2	 1276.6	    0.0	  200.0	    0.0	 1500.0	    0.0	  200.0	  100.0	   10.4	    0.0	    0.0	    0.0	    6.4	   13.4	  1	  750.0	 1550.0	   10.4	    0.0	    6.4	1	  315.8	 21	 1332.4	   13.2	
  199	  33.92	    0.0	 1500.0	    0.0	  544.2	 1276.6	    0.0	  200.0	    0.0	 1500.0	    0.0	  200.0	  100.0	   10.0	    0.0	    0.0	    0.0	    6.5	   13.5	  1	  750.0	 1550.0	   10.0	    0.0	    6.5	1	  315.8	 21	 1334.3	   13.4	
  200	  34.02	    0.0	 1500.0	    0.0	  544.2	 1276.6	    0.0	  200.0	    0.0	 1500.0	    0.0	  200.0	  100.0	    9.5	    0.0	    0.0	    0.0	    6.6	   13.6	  1	  750.0	 1550.0	    9.5	    0.0	    6.6	1	  315.9	 21	 1336.2	   13.6	
  201	  34.12	    0.0	 1500.0	    0.0	  544.2	 1276.6	    0.0	  200.0	    0.0	 1500.0	    0.0	  200.0	  100.0	    9.1	    0.0	    0.0	    0.0	    6.7	   13.6	  1	  750.0	 1550.0	    9.1	    0.0	    6.7	1	  315.9	 21	 1338.3	   13.8	
  202	  34.22	    0.0	 1500.0	    0.0	  544.2	 1276.6	    0.0	  200.0	    0.0	 1500.0	    0.0	  200.0	  100.0	    8.6	    0.0	    0.0	    0.0	    6.8	   13.7	  1	  750.0	 1550.0	    8.6	    0.0	    6.8	1	  315.9	 21	 1340.6	   14.1	
  203	  34.32	    0.0	 1500.0	    0.0	  542.1	 1274.5	    0.0	  200.0	    0.0	 1500.0	    0.0	  200.0	  100.0	    8.2	    0.0	    0.0	    0.0	    6.9	   13.8	  1	  750.0	 1550.0	    8.2	    0.0	    6.9	1	  315.8	 21	 1342.9	   14.3	
  204	  34.42	    0.0	 1500.0	    0.0	  542.1	 1274.5	    0.0	  200.0	    0.0	 1500.0	    0.0	  200.0	  100.0	    7.7	    0.0	    0.0	    0.0	    6.9	   13.8	  1	  750.0	 1550.0	    7.7	    0.0	    6.9	1	  315.8	 21	 1345.5	   14.5	
  205	  34.52	    0.0	 1500.0	    0.0	  542.1	 1274.5	    0.0	  200.0	    0.0	 1500.0	    0.0	  200.0	  100.0	    7.2	    0.0	    0.0	    0.0	    7.0	   13.9	  1	  750.0	 1550.0	    7.2	    0.0	    7.0	1	  315.9	 21	 1348.2	   14.8	
  206	  34.62	    0.0	 1500.0	    0.0	  542.1	 1274.5	    0.0	  200.0	    0.0	 1500.0	    0.0	  200.0	  100.0	    6.8	    0.0	    0.0	    0.0	    7.1	   14.0	  1	  750.0	 1550.0	    6.8	    0.0	    7.1	1	  315.9	 21	 1351.1	   15.1	
  207	  34.72	    0.0	 1500.0	    0.0	  532.4	 1271.0	    0.0	  200.0	    0.0	 1500.0	    0.0	  200.0	  100.0	    6.3	    0.0	    0.0	    0.0	    7.2	   14.0	  1	  750.0	 1550.0	    6.3	    0.0	    7.2	1	  315.3	 21	 1354.1	   15.4	
  208	  34.82	    0.0	 1500.0	    0.0	  532.4	 1271.0	    0.0	  200.0	    0.0	 1500.0	    0.0	  200.0	  100.0	    5.9	    0.0	    0.0	    0.0	    7.3	   14.1	  1	  750.0	 1550.0	    5.9	    0.0	    7.3	1	  315.3	 21	 1357.4	   15.7	
  209	  34.92	    0.0	 1500.0	    0.0	  532.4	 1271.0	    0.0	  200.0	    0.0	 1500.0	    0.0	  200.0	  100.0	    5.4	    0.0	    0.0	    0.0	    7.4	   14.2	  1	  750.0	 1550.0	    5.4	    0.0	    7.4	1	  315.4	 21	 1360.9	   16.1	
  210	  35.02	    0.0	 1500.0	    0.0	  532.4	 1271.0	    0.0	  200.0	    0.0	 1500.0	    0.0	  200.0	  100.0	    5.0	    0.0	    0.0	    0.0	    7.5	   14.2	  1	  750.0	 1550.0	    5.0	    0.0	    7.5	1	  315.4	 21	 1364.7	   16.5	
  211	  35.12	    0.0	 1500.0	    0.0	  532.4	 1271.0	    0.0	  200.0	    0.0	 1500.0	    0.0	  200.0	  100.0	    4.5	    0.0	    0.0	    0.0	    7.6	   14.3	  1	  750.0	 1550.0	    4.5	    0.0	    7.6	1	  315.4	 21	 1368.7	   16.9	
  212	  35.22	    0.0	 1500.0	    0.0	  541.0	 1264.7	    0.0	  200.0	    0.0	 1500.0	    0.0	  200.0	  100.0	    4.0	    0.0	    0.0	    0.0	    7.7	   14.4	  1	  750.0	 1550.0	    4.0	    0.0	    7.7	1	  315.9	 21	 1373.0	   17.3	
  213	  35.32	    0.0	 1500.0	    0.0	  541.0	 1264.7	    0.0	  200.0	    0.0	 1500.0	    0.0	  200.0	  100.0	    3.6	    0.0	    0.0	    0.0	    7.8	   14.4	  1	  750.0	 1550.0	    3.6	    0.0	    7.8	1	  315.9	 21	 1377.7	   17.8	
