    1	   4.05	    0.0	 1500.0	    0.0	    0.0	    0.0	    0.0	    0.0	    0.0	    0.0	    0.0	    0.0	  100.0	  100.0	    0.0	    0.0	    0.0	    0.0	    0.0	  1	-1000.0	  500.0	  100.0	    0.0	    0.0	1	  526.8	 21	 1371.8	  -28.2	
    2	   4.15	    0.0	 1500.0	    0.0	    0.0	    0.0	    0.0	    0.0	    0.0	    0.0	    0.0	    0.0	  100.0	   99.7	    0.0	    0.0	    0.0	    0.0	    0.1	  1	  -50.0	 1250.0	   99.7	    0.0	    0.0	1	  227.0	 21	 1391.9	   19.2	
    3	   4.25	    0.0	 1500.0	    0.0	    0.0	    0.0	    0.0	    0.0	    0.0	    0.0	    0.0	    0.0	  100.0	   99.5	    0.0	    0.0	    0.0	    0.0	    0.1	  1	  -50.0	 1250.0	   99.5	    0.0	    0.0	1	  227.0	 21	 1391.5	   19.2	
    4	   4.35	    0.0	 1500.0	    0.0	    0.0	    0.0	    0.0	    0.0	    0.0	    0.0	    0.0	    0.0	  100.0	   99.2	    0.0	    0.0	    0.0	    0.0	    0.2	  1	  -50.0	 1250.0	   99.2	    0.0	    0.0	1	  227.0	 21	 1391.2	   19.1	
    5	   4.45	    0.0	 1500.0	    0.0	    0.0	    0.0	    0.0	    0.0	    0.0	    0.0	    0.0	    0.0	  100.0	   99.0	    0.0	    0.0	    0.0	    0.0	    0.2	  1	  -50.0	 1250.0	   99.0	    0.0	    0.0	1	  227.0	 21	 1390.8	   19.1	
    6	   4.55	    0.0	 1500.0	    0.0	    0.0	    0.0	    0.0	    0.0	    0.0	    0.0	    0.0	    0.0	  100.0	   98.7	    0.0	    0.0	    0.0	    0.0	    0.2	  1	  -50.0	 1250.0	   98.7	    0.0	    0.0	1	  227.0	 21	 1390.4	   19.0	
    7	   4.65	    0.0	 1500.0	    0.0	    0.0	    0.0	    0.0	    0.0	    0.0	    0.0	    0.0	    0.0	  100.0	   98.5	    0.0	    0.0	    0.0	    0.0	    0.3	  1	  -50.0	 1250.0	   98.5	    0.0	    0.0	1	  227.0	 21	 1390.1	   19.0	
    8	   4.75	    0.0	 1500.0	    0.0	    0.0	    0.0	    0.0	    0.0	    0.0	    0.0	    0.0	    0.0	  100.0	   98.2	    0.0	    0.0	    0.0	    0.0	    0.3	  1	  -50.0	 1250.0	   98.2	    0.0	    0.0	1	  227.0	 21	 1389.7	   19.0	
    9	   4.85	    0.0	 1500.0	    0.0	    0.0	    0.0	    0.0	    0.0	    0.0	    0.0	    0.0	    0.0	  100.0	   98.0	    0.0	    0.0	    0.0	    0.0	    0.3	  1	  -50.0	 1250.0	   98.0	    0.0	    0.0	1	  227.0	 21	 1389.3	   18.9	
   10	   4.95	    0.0	 1500.0	    0.0	    0.0	    0.0	    0.0	    0.0	    0.0	    0.0	    0.0	    0.0	  100.0	   97.7	    0.0	    0.0	    0.0	    0.0	    0.4	  1	  -50.0	 1250.0	   97.7	    0.0	    0.0	1	  227.0	 21	 1389.0	   18.9	
   11	   5.05	    0.0	 1500.0	    0.0	    0.0	    0.0	    0.0	    0.0	    0.0	    0.0	    0.0	    0.0	  100.0	   97.5	    0.0	    0.0	    0.0	    0.0	    0.4	  1	  -50.0	 1250.0	   97.5	    0.0	    0.0	1	  227.0	 21	 1388.6	   18.9	
   12	   5.15	    0.0	 1500.0	    0.0	    0.0	    0.0	    0.0	    0.0	    0.0	    0.0	    0.0	    0.0	  100.0	   97.2	    0.0	    0.0	    0.0	    0.0	    0.5	  1	  -50.0	 1250.0	   97.2	    0.0	    0.0	1	  227.0	 21	 1388.2	   18.8	
   13	   5.25	    0.0	 1500.0	    0.0	    0.0	    0.0	    0.0	    0.0	    0.0	    0.0	    0.0	    0.0	  100.0	   96.9	    0.0	    0.0	    0.0	    0.0	    0.5	  1	  -50.0	 1250.0	   96.9	    0.0	    0.0	1	  227.0	 21	 1387.9	   18.8	
   14	   5.35	    0.0	 1500.0	    0.0	    0.0	    0.0	    0.0	    0.0	    0.0	    0.0	    0.0	    0.0	  100.0	   96.7	    0.0	    0.0	    0.0	    0.0	    0.5	  1	  -50.0	 1250.0	   96.7	    0.0	    0.0	1	  227.0	 21	 1387.5	   18.7	
   15	   5.45	    0.0	 1500.0	    0.0	    0.0	    0.0	    0.0	    0.0	    0.0	    0.0	    0.0	    0.0	  100.0	   96.4	    0.0	    0.0	    0.0	    0.0	    0.6	  1	  -50.0	 1250.0	   96.4	    0.0	    0.0	1	  227.0	 21	 1387.1	   18.7	
   16	   5.55	    0.0	 1500.0	    0.0	    0.0	    0.0	    0.0	    0.0	    0.0	    0.0	    0.0	    0.0	  100.0	   96.2	    0.0	    0.0	    0.0	    0.0	    0.6	  1	  -50.0	 1250.0	   96.2	    0.0	    0.0	1	  227.0	 21	 1386.8	   18.7	
   17	   5.65	    0.0	 1500.0	    0.0	    0.0	    0.0	    0.0	    0.0	    0.0	    0.0	    0.0	    0.0	  100.0	   95.9	    0.0	    0.0	    0.0	    0.0	    0.6	  1	  -50.0	 1250.0	   95.9	    0.0	    0.0	1	  227.0	 21	 1386.4	   18.6	
   18	   5.75	    0.0	 1500.0	    0.0	    0.0	    0.0	    0.0	    0.0	    0.0	    0.0	    0.0	    0.0	  100.0	   95.7	    0.0	    0.0	    0.0	    0.0	    0.7	  1	  -50.0	 1250.0	   95.7	    0.0	    0.0	1	  227.0	 21	 1386.0	   18.6	
   19	   5.85	    0.0	 1500.0	    0.0	    0.0	    0.0	    0.0	    0.0	    0.0	    0.0	    0.0	    0.0	  100.0	   95.4	    0.0	    0.0	    0.0	    0.0	    0.7	  1	  -50.0	 1250.0	   95.4	    0.0	    0.0	1	  227.0	 21	 1385.7	   18.6	
   20	   5.95	    0.0	 1500.0	    0.0	    0.0	    0.0	    0.0	    0.0	    0.0	    0.0	    0.0	    0.0	  100.0	   95.2	    0.0	    0.0	    0.0	    0.0	    0.8	  1	  -50.0	 1250.0	   95.2	    0.0	    0.0	1	  227.0	 21	 1385.3	   18.5	
   21	   6.05	    0.0	 1500.0	    0.0	    0.0	    0.0	    0.0	    0.0	    0.0	    0.0	    0.0	    0.0	  100.0	   94.9	    0.0	    0.0	    0.0	    0.0	    0.8	  1	  -50.0	 1250.0	   94.9	    0.0	    0.0	1	  227.0	 21	 1384.9	   18.5	
   22	   6.15	    0.0	 1500.0	    0.0	    0.0	    0.0	    0.0	    0.0	    0.0	    0.0	    0.0	    0.0	  100.0	   94.6	    0.0	    0.0	    0.0	    0.0	    0.8	  1	  -50.0	 1250.0	   94.6	    0.0	    0.0	1	  227.0	 21	 1384.6	   18.5	
   23	   6.25	    0.0	 1500.0	    0.0	    0.0	    0.0	    0.0	    0.0	    0.0	    0.0	    0.0	    0.0	  100.0	   94.4	    0.0	    0.0	    0.0	    0.0	    0.9	  1	  -50.0	 1250.0	   94.4	    0.0	    0.0	1	  227.0	 21	 1384.2	   18.4	
   24	   6.35	    0.0	 1500.0	    0.0	    0.0	    0.0	    0.0	    0.0	    0.0	    0.0	    0.0	    0.0	  100.0	   94.1	    0.0	    0.0	    0.0	    0.0	    0.9	  1	  -50.0	 1250.0	   94.1	    0.0	    0.0	1	  227.0	 21	 1383.8	   18.4	
   25	   6.45	    0.0	 1500.0	    0.0	    0.0	    0.0	    0.0	    0.0	    0.0	    0.0	    0.0	    0.0	  100.0	   93.9	    0.0	    0.0	    0.0	    0.0	    0.9	  1	  -50.0	 1250.0	   93.9	    0.0	    0.0	1	  227.0	 21	 1383.5	   18.3	
   26	   6.55	    0.0	 1500.0	    0.0	    0.0	    0.0	    0.0	    0.0	    0.0	    0.0	    0.0	    0.0	  100.0	   93.6	    0.0	    0.0	    0.0	    0.0	    1.0	  1	  -50.0	 1250.0	   93.6	    0.0	    0.0	1	  227.0	 21	 1383.1	   18.3	
   27	   6.65	    0.0	 1500.0	    0.0	    0.0	    0.0	    0.0	    0.0	    0.0	    0.0	    0.0	    0.0	  100.0	   93.4	    0.0	    0.0	    0.0	    0.0	    1.0	  1	  -50.0	 1250.0	   93.4	    0.0	    0.0	1	  227.0	 21	 1382.7	   18.3	
   28	   6.75	    0.0	 1500.0	    0.0	    0.0	    0.0	    0.0	    0.0	    0.0	    0.0	    0.0	    0.0	  100.0	   93.1	    0.0	    0.0	    0.0	    0.0	    1.1	  1	  -50.0	 1250.0	   93.1	    0.0	    0.0	1	  227.0	 21	 1382.4	   18.2	
   29	   6.85	    0.0	 1500.0	    0.0	    0.0	    0.0	    0.0	    0.0	    0.0	    0.0	    0.0	    0.0	  100.0	   92.9	    0.0	    0.0	    0.0	    0.0	    1.1	  1	  -50.0	 1250.0	   92.9	    0.0	    0.0	1	  227.0	 21	 1382.0	   18.2	
   30	   6.95	    0.0	 1500.0	    0.0	    0.0	    0.0	    0.0	    0.0	    0.0	    0.0	    0.0	    0.0	  100.0	   92.6	    0.0	    0.0	    0.0	    0.0	    1.1	  1	  -50.0	 1250.0	   92.6	    0.0	    0.0	1	  227.0	 21	 1381.6	   18.2	
   31	   7.05	    0.0	 1500.0	    0.0	    0.0	    0.0	    0.0	    0.0	    0.0	    0.0	    0.0	    0.0	  100.0	   92.4	    0.0	    0.0	    0.0	    0.0	    1.2	  1	  -50.0	 1250.0	   92.4	    0.0	    0.0	1	  227.0	 21	 1381.3	   18.1	
   32	   7.15	    0.0	 1500.0	    0.0	    0.0	    0.0	    0.0	    0.0	    0.0	    0.0	    0.0	    0.0	  100.0	   92.1	    0.0	    0.0	    0.0	    0.0	    1.2	  1	  -50.0	 1250.0	   92.1	    0.0	    0.0	1	  227.0	 21	 1380.9	   18.1	
   33	   7.25	    0.0	 1500.0	    0.0	    0.0	    0.0	    0.0	    0.0	    0.0	    0.0	    0.0	    0.0	  100.0	   91.8	    0.0	    0.0	    0.0	    0.0	    1.3	  1	  -50.0	 1250.0	   91.8	    0.0	    0.0	1	  227.0	 21	 1380.5	   18.1	
   34	   7.35	    0.0	 1500.0	    0.0	    0.0	    0.0	    0.0	    0.0	    0.0	    0.0	    0.0	    0.0	  100.0	   91.6	    0.0	    0.0	    0.0	    0.0	    1.3	  1	  -50.0	 1250.0	   91.6	    0.0	    0.0	1	  227.0	 21	 1380.2	   18.0	
   35	   7.45	    0.0	 1500.0	    0.0	    0.0	    0.0	    0.0	    0.0	    0.0	    0.0	    0.0	    0.0	  100.0	   91.3	    0.0	    0.0	    0.0	    0.0	    1.3	  1	  -50.0	 1250.0	   91.3	    0.0	    0.0	1	  227.0	 21	 1379.8	   18.0	
   36	   7.55	    0.0	 1500.0	    0.0	    0.0	    0.0	    0.0	    0.0	    0.0	    0.0	    0.0	    0.0	  100.0	   91.1	    0.0	    0.0	    0.0	    0.0	    1.4	  1	  -50.0	 1250.0	   91.1	    0.0	    0.0	1	  227.0	 21	 1379.4	   17.9	
   37	   7.65	    0.0	 1500.0	    0.0	    0.0	    0.0	    0.0	    0.0	    0.0	    0.0	    0.0	    0.0	  100.0	   90.8	    0.0	    0.0	    0.0	    0.0	    1.4	  1	  -50.0	 1250.0	   90.8	    0.0	    0.0	1	  227.0	 21	 1379.1	   17.9	
   38	   7.75	    0.0	 1500.0	    0.0	    0.0	    0.0	    0.0	    0.0	    0.0	    0.0	    0.0	    0.0	  100.0	   90.6	    0.0	    0.0	    0.0	    0.0	    1.4	  1	  -50.0	 1250.0	   90.6	    0.0	    0.0	1	  227.0	 21	 1378.7	   17.9	
   39	   7.85	    0.0	 1500.0	    0.0	    0.0	    0.0	    0.0	    0.0	    0.0	    0.0	    0.0	    0.0	  100.0	   90.3	    0.0	    0.0	    0.0	    0.0	    1.5	  1	  -50.0	 1250.0	   90.3	    0.0	    0.0	1	  227.0	 21	 1378.3	   17.8	
   40	   7.95	    0.0	 1500.0	    0.0	    0.0	    0.0	    0.0	    0.0	    0.0	    0.0	    0.0	    0.0	  100.0	   90.1	    0.0	    0.0	    0.0	    0.0	    1.5	  1	  -50.0	 1250.0	   90.1	    0.0	    0.0	1	  227.0	 21	 1378.0	   17.8	
   41	   8.05	    0.0	 1500.0	    0.0	    0.0	    0.0	    0.0	    0.0	    0.0	    0.0	    0.0	    0.0	  100.0	   89.8	    0.0	    0.0	    0.0	    0.0	    1.6	  1	  -50.0	 1250.0	   89.8	    0.0	    0.0	1	  227.0	 21	 1377.6	   17.8	
   42	   8.15	    0.0	 1500.0	    0.0	    0.0	    0.0	    0.0	    0.0	    0.0	    0.0	    0.0	    0.0	  100.0	   89.6	    0.0	    0.0	    0.0	    0.0	    1.6	  1	  -50.0	 1250.0	   89.6	    0.0	    0.0	1	  227.0	 21	 1377.2	   17.7	
   43	   8.25	    0.0	 1500.0	    0.0	    0.0	    0.0	    0.0	    0.0	    0.0	    0.0	    0.0	    0.0	  100.0	   89.3	    0.0	    0.0	    0.0	    0.0	    1.6	  1	  -50.0	 1250.0	   89.3	    0.0	    0.0	1	  227.0	 21	 1376.9	   17.7	
   44	   8.35	    0.0	 1500.0	    0.0	    0.0	    0.0	    0.0	    0.0	    0.0	    0.0	    0.0	    0.0	  100.0	   89.0	    0.0	    0.0	    0.0	    0.0	    1.7	  1	  -50.0	 1250.0	   89.0	    0.0	    0.0	1	  227.0	 21	 1376.5	   17.7	
   45	   8.45	    0.0	 1500.0	    0.0	    0.0	    0.0	    0.0	    0.0	    0.0	    0.0	    0.0	    0.0	  100.0	   88.8	    0.0	    0.0	    0.0	    0.0	    1.7	  1	  -50.0	 1250.0	   88.8	    0.0	    0.0	1	  227.0	 21	 1376.1	   17.6	
   46	   8.55	    0.0	 1500.0	    0.0	    0.0	    0.0	    0.0	    0.0	    0.0	    0.0	    0.0	    0.0	  100.0	   88.5	    0.0	    0.0	    0.0	    0.0	    1.7	  1	  -50.0	 1250.0	   88.5	    0.0	    0.0	1	  227.0	 21	 1375.8	   17.6	
   47	   8.65	    0.0	 1500.0	    0.0	    0.0	    0.0	    0.0	    0.0	    0.0	    0.0	    0.0	    0.0	  100.0	   88.3	    0.0	    0.0	    0.0	    0.0	    1.8	  1	  -50.0	 1250.0	   88.3	    0.0	    0.0	1	  227.0	 21	 1375.4	   17.5	
   48	   8.75	    0.0	 1500.0	    0.0	    0.0	    0.0	    0.0	    0.0	    0.0	    0.0	    0.0	    0.0	  100.0	   88.0	    0.0	    0.0	    0.0	    0.0	    1.8	  1	  -50.0	 1250.0	   88.0	    0.0	    0.0	1	  227.0	 21	 1375.0	   17.5	
   49	   8.85	    0.0	 1500.0	    0.0	    0.0	    0.0	    0.0	    0.0	    0.0	    0.0	    0.0	    0.0	  100.0	   87.8	    0.0	    0.0	    0.0	    0.0	    1.9	  1	  -50.0	 1250.0	   87.8	    0.0	    0.0	1	  227.0	 21	 1374.7	   17.5	
   50	   8.95	    0.0	 1500.0	    0.0	    0.0	    0.0	    0.0	    0.0	    0.0	    0.0	    0.0	    0.0	  100.0	   87.5	    0.0	    0.0	    0.0	    0.0	    1.9	  1	  -50.0	 1250.0	   87.5	    0.0	    0.0	1	  227.0	 21	 1374.3	   17.4	
   51	   9.05	    0.0	 1500.0	    0.0	    0.0	    0.0	    0.0	    0.0	    0.0	    0.0	    0.0	    0.0	  100.0	   87.3	    0.0	    0.0	    0.0	    0.0	    1.9	  1	  -50.0	 1250.0	   87.3	    0.0	    0.0	1	  227.0	 21	 1373.9	   17.4	
   52	   9.15	    0.0	 1500.0	    0.0	    0.0	    0.0	    0.0	    0.0	    0.0	    0.0	    0.0	    0.0	  100.0	   87.0	    0.0	    0.0	    0.0	    0.0	    2.0	  1	  -50.0	 1250.0	   87.0	    0.0	    0.0	1	  227.0	 21	 1373.6	   17.4	
   53	   9.25	    0.0	 1500.0	    0.0	    0.0	    0.0	    0.0	    0.0	    0.0	    0.0	    0.0	    0.0	  100.0	   86.7	    0.0	    0.0	    0.0	    0.0	    2.0	  1	  -50.0	 1250.0	   86.7	    0.0	    0.0	1	  227.0	 21	 1373.2	   17.3	
   54	   9.35	    0.0	 1500.0	    0.0	    0.0	    0.0	    0.0	    0.0	    0.0	    0.0	    0.0	    0.0	  100.0	   86.5	    0.0	    0.0	    0.0	    0.0	    2.1	  1	  -50.0	 1250.0	   86.5	    0.0	    0.0	1	  227.0	 21	 1372.9	   17.3	
   55	   9.45	    0.0	 1500.0	    0.0	    0.0	    0.0	    0.0	    0.0	    0.0	    0.0	    0.0	    0.0	  100.0	   86.2	    0.0	    0.0	    0.0	    0.0	    2.1	  1	  -50.0	 1250.0	   86.2	    0.0	    0.0	1	  227.0	 21	 1372.5	   17.2	
   56	   9.55	    0.0	 1500.0	    0.0	    0.0	    0.0	    0.0	    0.0	    0.0	    0.0	    0.0	    0.0	  100.0	   86.0	    0.0	    0.0	    0.0	    0.0	    2.1	  1	  -50.0	 1250.0	   86.0	    0.0	    0.0	1	  227.0	 21	 1372.1	   17.2	
   57	   9.65	    0.0	 1500.0	    0.0	    0.0	    0.0	    0.0	    0.0	    0.0	    0.0	    0.0	    0.0	  100.0	   85.7	    0.0	    0.0	    0.0	    0.0	    2.2	  1	  -50.0	 1250.0	   85.7	    0.0	    0.0	1	  227.0	 21	 1371.8	   17.2	
   58	   9.75	    0.0	 1500.0	    0.0	    0.0	    0.0	    0.0	    0.0	    0.0	    0.0	    0.0	    0.0	  100.0	   85.5	    0.0	    0.0	    0.0	    0.0	    2.2	  1	  -50.0	 1250.0	   85.5	    0.0	    0.0	1	  227.0	 21	 1371.4	   17.1	
   59	   9.85	    0.0	 1500.0	    0.0	    0.0	    0.0	    0.0	    0.0	    0.0	    0.0	    0.0	    0.0	  100.0	   85.2	    0.0	    0.0	    0.0	    0.0	    2.2	  1	  -50.0	 1250.0	   85.2	    0.0	    0.0	1	  227.0	 21	 1371.0	   17.1	
   60	   9.95	    0.0	 1500.0	    0.0	    0.0	    0.0	    0.0	    0.0	    0.0	    0.0	    0.0	    0.0	  100.0	   85.0	    0.0	    0.0	    0.0	    0.0	    2.3	  1	  -50.0	 1250.0	   85.0	    0.0	    0.0	1	  227.0	 21	 1370.7	   17.1	
   61	  10.05	    0.0	 1500.0	    0.0	    0.0	    0.0	    0.0	    0.0	    0.0	    0.0	    0.0	    0.0	  100.0	   84.7	    0.0	    0.0	    0.0	    0.0	    2.3	  1	  -50.0	 1250.0	   84.7	    0.0	    0.0	1	  227.0	 21	 1370.3	   17.0	
   62	  10.15	    0.0	 1500.0	    0.0	    0.0	    0.0	    0.0	    0.0	    0.0	    0.0	    0.0	    0.0	  100.0	   84.5	    0.0	    0.0	    0.0	    0.0	    2.4	  1	  -50.0	 1250.0	   84.5	    0.0	    0.0	1	  227.0	 21	 1369.9	   17.0	
   63	  10.25	    0.0	 1500.0	    0.0	    0.0	    0.0	    0.0	    0.0	    0.0	    0.0	    0.0	    0.0	  100.0	   84.2	    0.0	    0.0	    0.0	    0.0	    2.4	  1	  -50.0	 1250.0	   84.2	    0.0	    0.0	1	  227.0	 21	 1369.6	   17.0	
   64	  10.35	    0.0	 1500.0	    0.0	    0.0	    0.0	    0.0	    0.0	    0.0	    0.0	    0.0	    0.0	  100.0	   83.9	    0.0	    0.0	    0.0	    0.0	    2.4	  1	  -50.0	 1250.0	   83.9	    0.0	    0.0	1	  227.0	 21	 1369.2	   16.9	
   65	  10.45	    0.0	 1500.0	    0.0	    0.0	    0.0	    0.0	    0.0	    0.0	    0.0	    0.0	    0.0	  100.0	   83.7	    0.0	    0.0	    0.0	    0.0	    2.5	  1	  -50.0	 1250.0	   83.7	    0.0	    0.0	1	  227.0	 21	 1368.8	   16.9	
   66	  10.55	    0.0	 1500.0	    0.0	    0.0	    0.0	    0.0	    0.0	    0.0	    0.0	    0.0	    0.0	  100.0	   83.4	    0.0	    0.0	    0.0	    0.0	    2.5	  1	  -50.0	 1250.0	   83.4	    0.0	    0.0	1	  227.0	 21	 1368.5	   16.8	
   67	  10.65	    0.0	 1500.0	    0.0	    0.0	    0.0	    0.0	    0.0	    0.0	    0.0	    0.0	    0.0	  100.0	   83.2	    0.0	    0.0	    0.0	    0.0	    2.5	  1	  -50.0	 1250.0	   83.2	    0.0	    0.0	1	  227.0	 21	 1368.1	   16.8	
   68	  10.75	    0.0	 1500.0	    0.0	    0.0	    0.0	    0.0	    0.0	    0.0	    0.0	    0.0	    0.0	  100.0	   82.9	    0.0	    0.0	    0.0	    0.0	    2.6	  1	  -50.0	 1250.0	   82.9	    0.0	    0.0	1	  227.0	 21	 1367.7	   16.8	
   69	  10.85	    0.0	 1500.0	    0.0	    0.0	    0.0	    0.0	    0.0	    0.0	    0.0	    0.0	    0.0	  100.0	   82.7	    0.0	    0.0	    0.0	    0.0	    2.6	  1	  -50.0	 1250.0	   82.7	    0.0	    0.0	1	  227.0	 21	 1367.4	   16.7	
   70	  10.95	    0.0	 1500.0	    0.0	    0.0	    0.0	    0.0	    0.0	    0.0	    0.0	    0.0	    0.0	  100.0	   82.4	    0.0	    0.0	    0.0	    0.0	    2.7	  1	  -50.0	 1250.0	   82.4	    0.0	    0.0	1	  227.0	 21	 1367.0	   16.7	
   71	  11.05	    0.0	 1500.0	    0.0	    0.0	    0.0	    0.0	    0.0	    0.0	    0.0	    0.0	    0.0	  100.0	   82.2	    0.0	    0.0	    0.0	    0.0	    2.7	  1	  -50.0	 1250.0	   82.2	    0.0	    0.0	1	  227.0	 21	 1366.6	   16.7	
   72	  11.15	    0.0	 1500.0	    0.0	    0.0	    0.0	    0.0	    0.0	    0.0	    0.0	    0.0	    0.0	  100.0	   81.9	    0.0	    0.0	    0.0	    0.0	    2.7	  1	  -50.0	 1250.0	   81.9	    0.0	    0.0	1	  227.0	 21	 1366.3	   16.6	
   73	  11.25	    0.0	 1500.0	    0.0	    0.0	    0.0	    0.0	    0.0	    0.0	    0.0	    0.0	    0.0	  100.0	   81.7	    0.0	    0.0	    0.0	    0.0	    2.8	  1	  -50.0	 1250.0	   81.7	    0.0	    0.0	1	  227.0	 21	 1365.9	   16.6	
   74	  11.35	    0.0	 1500.0	    0.0	    0.0	    0.0	    0.0	    0.0	    0.0	    0.0	    0.0	    0.0	  100.0	   81.4	    0.0	    0.0	    0.0	    0.0	    2.8	  1	  -50.0	 1250.0	   81.4	    0.0	    0.0	1	  227.0	 21	 1365.5	   16.6	
   75	  11.45	    0.0	 1500.0	    0.0	    0.0	    0.0	    0.0	    0.0	    0.0	    0.0	    0.0	    0.0	  100.0	   81.1	    0.0	    0.0	    0.0	    0.0	    2.9	  1	  -50.0	 1250.0	   81.1	    0.0	    0.0	1	  227.0	 21	 1365.2	   16.5	
   76	  11.55	    0.0	 1500.0	    0.0	    0.0	    0.0	    0.0	    0.0	    0.0	    0.0	    0.0	    0.0	  100.0	   80.9	    0.0	    0.0	    0.0	    0.0	    2.9	  1	  -50.0	 1250.0	   80.9	    0.0	    0.0	1	  227.0	 21	 1364.8	   16.5	
   77	  11.65	    0.0	 1500.0	    0.0	    0.0	    0.0	    0.0	    0.0	    0.0	    0.0	    0.0	    0.0	  100.0	   80.6	    0.0	    0.0	    0.0	    0.0	    2.9	  1	  -50.0	 1250.0	   80.6	    0.0	    0.0	1	  227.0	 21	 1364.4	   16.4	
   78	  11.75	    0.0	 1500.0	    0.0	    0.0	    0.0	    0.0	    0.0	    0.0	    0.0	    0.0	    0.0	  100.0	   80.4	    0.0	    0.0	    0.0	    0.0	    3.0	  1	  -50.0	 1250.0	   80.4	    0.0	    0.0	1	  227.0	 21	 1364.1	   16.4	
   79	  11.85	    0.0	 1500.0	    0.0	    0.0	    0.0	    0.0	    0.0	    0.0	    0.0	    0.0	    0.0	  100.0	   80.1	    0.0	    0.0	    0.0	    0.0	    3.0	  1	  -50.0	 1250.0	   80.1	    0.0	    0.0	1	  227.0	 21	 1363.7	   16.4	
   80	  11.95	    0.0	 1500.0	    0.0	    0.0	    0.0	    0.0	    0.0	    0.0	    0.0	    0.0	    0.0	  100.0	   79.9	    0.0	    0.0	    0.0	    0.0	    3.0	  1	  -50.0	 1250.0	   79.9	    0.0	    0.0	1	  227.0	 21	 1363.3	   16.3	
   81	  12.05	    0.0	 1500.0	    0.0	    0.0	    0.0	    0.0	    0.0	    0.0	    0.0	    0.0	    0.0	  100.0	   79.6	    0.0	    0.0	    0.0	    0.0	    3.1	  1	  -50.0	 1250.0	   79.6	    0.0	    0.0	1	  227.0	 21	 1363.0	   16.3	
   82	  12.15	    0.0	 1500.0	    0.0	    0.0	    0.0	    0.0	    0.0	    0.0	    0.0	    0.0	    0.0	  100.0	   79.4	    0.0	    0.0	    0.0	    0.0	    3.1	  1	  -50.0	 1250.0	   79.4	    0.0	    0.0	1	  227.0	 21	 1362.6	   16.3	
   83	  12.25	    0.0	 1500.0	    0.0	    0.0	    0.0	    0.0	    0.0	    0.0	    0.0	    0.0	    0.0	  100.0	   79.1	    0.0	    0.0	    0.0	    0.0	    3.2	  1	  -50.0	 1250.0	   79.1	    0.0	    0.0	1	  227.0	 21	 1362.2	   16.2	
   84	  12.35	    0.0	 1500.0	    0.0	    0.0	    0.0	    0.0	    0.0	    0.0	    0.0	    0.0	    0.0	  100.0	   78.8	    0.0	    0.0	    0.0	    0.0	    3.2	  1	  -50.0	 1250.0	   78.8	    0.0	    0.0	1	  227.0	 21	 1361.9	   16.2	
   85	  12.45	    0.0	 1500.0	    0.0	    0.0	    0.0	    0.0	    0.0	    0.0	    0.0	    0.0	    0.0	  100.0	   78.6	    0.0	    0.0	    0.0	    0.0	    3.2	  1	  -50.0	 1250.0	   78.6	    0.0	    0.0	1	  227.0	 21	 1361.5	   16.2	
   86	  12.55	    0.0	 1500.0	    0.0	    0.0	    0.0	    0.0	    0.0	    0.0	    0.0	    0.0	    0.0	  100.0	   78.3	    0.0	    0.0	    0.0	    0.0	    3.3	  1	  -50.0	 1250.0	   78.3	    0.0	    0.0	1	  227.0	 21	 1361.1	   16.1	
   87	  12.65	    0.0	 1500.0	    0.0	    0.0	    0.0	    0.0	    0.0	    0.0	    0.0	    0.0	    0.0	  100.0	   78.1	    0.0	    0.0	    0.0	    0.0	    3.3	  1	  -50.0	 1250.0	   78.1	    0.0	    0.0	1	  227.0	 21	 1360.8	   16.1	
   88	  12.75	    0.0	 1500.0	    0.0	    0.0	    0.0	    0.0	    0.0	    0.0	    0.0	    0.0	    0.0	  100.0	   77.8	    0.0	    0.0	    0.0	    0.0	    3.3	  1	  -50.0	 1250.0	   77.8	    0.0	    0.0	1	  227.0	 21	 1360.4	   16.0	
   89	  12.85	    0.0	 1500.0	    0.0	    0.0	    0.0	    0.0	    0.0	    0.0	    0.0	    0.0	    0.0	  100.0	   77.6	    0.0	    0.0	    0.0	    0.0	    3.4	  1	  -50.0	 1250.0	   77.6	    0.0	    0.0	1	  227.0	 21	 1360.0	   16.0	
   90	  12.95	    0.0	 1500.0	    0.0	    0.0	    0.0	    0.0	    0.0	    0.0	    0.0	    0.0	    0.0	  100.0	   77.3	    0.0	    0.0	    0.0	    0.0	    3.4	  1	  -50.0	 1250.0	   77.3	    0.0	    0.0	1	  227.0	 21	 1359.7	   16.0	
   91	  13.05	    0.0	 1500.0	    0.0	    0.0	    0.0	    0.0	    0.0	    0.0	    0.0	    0.0	    0.0	  100.0	   77.1	    0.0	    0.0	    0.0	    0.0	    3.5	  1	  -50.0	 1250.0	   77.1	    0.0	    0.0	1	  227.0	 21	 1359.3	   15.9	
   92	  13.15	    0.0	 1500.0	    0.0	  556.2	 1238.0	    0.0	  200.0	    0.0	    0.0	    0.0	    0.0	  100.0	   76.8	    0.0	    0.0	    0.0	    0.0	    3.5	  1	  750.0	 2150.0	   76.8	    0.0	    0.0	1	  470.8	 21	 1207.6	 -192.4	
   93	  13.25	    0.0	 1500.0	    0.0	  556.2	 1238.0	    0.0	  200.0	    0.0	    0.0	    0.0	    0.0	  100.0	   76.4	    0.0	    0.0	    0.0	    0.0	    3.5	  1	 -150.0	 1550.0	   76.4	    0.0	    0.0	1	  144.1	 21	    0.0	    0.0	
   94	  13.35	    0.0	 1500.0	    0.0	  556.2	 1238.0	    0.0	  200.0	    0.0	    0.0	    0.0	    0.0	  100.0	   75.9	    0.0	    0.0	    0.0	    0.0	    3.6	  1	 -150.0	 1550.0	   75.9	    0.0	    0.0	1	  144.1	 21	    0.0	    0.0	
   95	  13.45	    0.0	 1500.0	    0.0	  556.2	 1238.0	    0.0	  200.0	    0.0	    0.0	    0.0	    0.0	  100.0	   75.4	    0.0	    0.0	    0.0	    0.0	    3.6	  1	 -150.0	 1550.0	   75.4	    0.0	    0.0	1	  144.1	 21	    0.0	    0.0	
   96	  13.55	    0.0	 1500.0	    0.0	  554.2	 1245.8	    0.0	  200.0	    0.0	    0.0	    0.0	    0.0	  100.0	   75.0	    0.0	    0.0	    0.0	    0.0	    3.6	  1	 -150.0	 1550.0	   75.0	    0.0	    0.0	1	  144.1	 21	    0.0	    0.0	
   97	  13.65	    0.0	 1500.0	    0.0	  554.2	 1245.8	    0.0	  200.0	    0.0	    0.0	    0.0	    0.0	  100.0	   74.5	    0.0	    0.0	    0.0	    0.0	    3.7	  1	 -150.0	 1550.0	   74.5	    0.0	    0.0	1	  144.1	 21	    0.0	    0.0	
   98	  13.75	    0.0	 1500.0	    0.0	  554.2	 1245.8	    0.0	  200.0	    0.0	    0.0	    0.0	    0.0	  100.0	   74.1	    0.0	    0.0	    0.0	    0.0	    3.7	  1	 -150.0	 1550.0	   74.1	    0.0	    0.0	1	  144.1	 21	    0.0	    0.0	
   99	  13.85	    0.0	 1500.0	    0.0	  556.2	 1238.0	    0.0	  200.0	    0.0	    0.0	    0.0	    0.0	  100.0	   73.6	    0.0	    0.0	    0.0	    0.0	    3.8	  1	 -150.0	 1550.0	   73.6	    0.0	    0.0	1	  144.1	 21	    0.0	    0.0	
  100	  13.95	    0.0	 1500.0	    0.0	  554.2	 1245.8	    0.0	  200.0	    0.0	    0.0	    0.0	    0.0	  100.0	   73.2	    0.0	    0.0	    0.0	    0.0	    3.8	  1	 -150.0	 1550.0	   73.2	    0.0	    0.0	1	  144.1	 21	    0.0	    0.0	
  101	  14.05	    0.0	 1500.0	    0.0	  552.8	 1249.9	    0.0	  200.0	    0.0	    0.0	    0.0	    0.0	  100.0	   72.7	    0.0	    0.0	    0.0	    0.0	    3.8	  1	 -150.0	 1550.0	   72.7	    0.0	    0.0	1	  144.1	 21	    0.0	    0.0	
  102	  14.15	    0.0	 1500.0	    0.0	  552.8	 1249.9	    0.0	  200.0	    0.0	    0.0	    0.0	    0.0	  100.0	   72.3	    0.0	    0.0	    0.0	    0.0	    3.9	  1	 -150.0	 1550.0	   72.3	    0.0	    0.0	1	  144.1	 21	    0.0	    0.0	
  103	  14.25	    0.0	 1500.0	    0.0	  552.8	 1249.9	    0.0	  200.0	    0.0	    0.0	    0.0	    0.0	  100.0	   71.8	    0.0	    0.0	    0.0	    0.0	    3.9	  1	 -150.0	 1550.0	   71.8	    0.0	    0.0	1	  144.1	 21	    0.0	    0.0	
  104	  14.35	    0.0	 1500.0	    0.0	  552.8	 1249.9	    0.0	  200.0	    0.0	    0.0	    0.0	    0.0	  100.0	   71.4	    0.0	    0.0	    0.0	    0.0	    4.0	  1	 -150.0	 1550.0	   71.4	    0.0	    0.0	1	  144.1	 21	    0.0	    0.0	
  105	  14.45	    0.0	 1500.0	    0.0	  552.8	 1249.9	    0.0	  200.0	    0.0	    0.0	    0.0	    0.0	  100.0	   70.9	    0.0	    0.0	    0.0	    0.0	    4.0	  1	 -150.0	 1550.0	   70.9	    0.0	    0.0	1	  144.1	 21	    0.0	    0.0	
  106	  14.55	    0.0	 1500.0	    0.0	  552.4	 1248.8	    0.0	  200.0	    0.0	    0.0	    0.0	    0.0	  100.0	   70.4	    0.0	    0.0	    0.0	    0.0	    4.0	  1	 -150.0	 1550.0	   70.4	    0.0	    0.0	1	  144.1	 21	    0.0	    0.0	
  107	  14.65	    0.0	 1500.0	    0.0	  552.4	 1248.8	    0.0	  200.0	    0.0	    0.0	    0.0	    0.0	  100.0	   70.0	    0.0	    0.0	    0.0	    0.0	    4.1	  1	 -150.0	 1550.0	   70.0	    0.0	    0.0	1	  144.1	 21	    0.0	    0.0	
  108	  14.75	    0.0	 1500.0	    0.0	  552.4	 1248.8	    0.0	  200.0	    0.0	    0.0	    0.0	    0.0	  100.0	   69.5	    0.0	    0.0	    0.0	    0.0	    4.1	  1	 -150.0	 1550.0	   69.5	    0.0	    0.0	1	  144.1	 21	    0.0	    0.0	
  109	  14.85	    0.0	 1500.0	    0.0	  552.4	 1248.8	    0.0	  200.0	    0.0	    0.0	    0.0	    0.0	  100.0	   69.1	    0.0	    0.0	    0.0	    0.0	    4.1	  1	 -150.0	 1550.0	   69.1	    0.0	    0.0	1	  144.1	 21	    0.0	    0.0	
  110	  14.95	    0.0	 1500.0	    0.0	  552.4	 1248.8	    0.0	  200.0	    0.0	    0.0	    0.0	    0.0	  100.0	   68.6	    0.0	    0.0	    0.0	    0.0	    4.2	  1	 -150.0	 1550.0	   68.6	    0.0	    0.0	1	  144.1	 21	    0.0	    0.0	
  111	  15.05	    0.0	 1500.0	    0.0	  561.3	 1253.6	    0.0	  200.0	    0.0	    0.0	    0.0	    0.0	  100.0	   68.2	    0.0	    0.0	    0.0	    0.0	    4.2	  1	 -150.0	 1550.0	   68.2	    0.0	    0.0	1	  144.1	 21	    0.0	    0.0	
  112	  15.15	    0.0	 1500.0	    0.0	  561.3	 1253.6	    0.0	  200.0	    0.0	    0.0	    0.0	    0.0	  100.0	   67.7	    0.0	    0.0	    0.0	    0.0	    4.3	  1	 -150.0	 1550.0	   67.7	    0.0	    0.0	1	  144.1	 21	    0.0	    0.0	
  113	  15.25	    0.0	 1500.0	    0.0	  561.3	 1253.6	    0.0	  200.0	    0.0	    0.0	    0.0	    0.0	  100.0	   67.3	    0.0	    0.0	    0.0	    0.0	    4.3	  1	 -150.0	 1550.0	   67.3	    0.0	    0.0	1	  144.1	 21	    0.0	    0.0	
  114	  15.35	    0.0	 1500.0	    0.0	  561.3	 1253.6	    0.0	  200.0	    0.0	    0.0	    0.0	    0.0	  100.0	   66.8	    0.0	    0.0	    0.0	    0.0	    4.3	  1	 -150.0	 1550.0	   66.8	    0.0	    0.0	1	  144.1	 21	    0.0	    0.0	
  115	  15.45	    0.0	 1500.0	    0.0	  561.3	 1253.6	    0.0	  200.0	    0.0	    0.0	    0.0	    0.0	  100.0	   66.3	    0.0	    0.0	    0.0	    0.0	    4.4	  1	 -150.0	 1550.0	   66.3	    0.0	    0.0	1	  144.1	 21	    0.0	    0.0	
  116	  15.55	    0.0	 1500.0	    0.0	  584.0	 1292.7	    0.0	  200.0	    0.0	    0.0	    0.0	    0.0	  100.0	   65.9	    0.0	    0.0	    0.0	    0.0	    4.4	  1	 -150.0	 1450.0	   65.9	    0.0	    0.0	1	  142.6	 21	    0.0	    0.0	
  117	  15.65	    0.0	 1500.0	    0.0	  561.3	 1253.6	    0.0	  200.0	    0.0	    0.0	    0.0	    0.0	  100.0	   65.4	    0.0	    0.0	    0.0	    0.0	    4.4	  1	 -150.0	 1550.0	   65.4	    0.0	    0.0	1	  144.1	 21	    0.0	    0.0	
  118	  15.75	    0.0	 1500.0	    0.0	  584.0	 1292.7	    0.0	  200.0	    0.0	    0.0	    0.0	    0.0	  100.0	   65.0	    0.0	    0.0	    0.0	    0.0	    4.5	  1	 -150.0	 1450.0	   65.0	    0.0	    0.0	1	  142.6	 21	    0.0	    0.0	
  119	  15.85	    0.0	 1500.0	    0.0	  584.0	 1292.7	    0.0	  200.0	    0.0	    0.0	    0.0	    0.0	  100.0	   64.5	    0.0	    0.0	    0.0	    0.0	    4.5	  1	 -150.0	 1450.0	   64.5	    0.0	    0.0	1	  142.6	 21	    0.0	    0.0	
  120	  15.95	    0.0	 1500.0	    0.0	  585.8	 1279.3	    0.0	  200.0	    0.0	    0.0	    0.0	    0.0	  100.0	   64.1	    0.0	    0.0	    0.0	    0.0	    4.6	  1	 -150.0	 1450.0	   64.1	    0.0	    0.0	1	  142.5	 21	    0.0	    0.0	
  121	  16.05	    0.0	 1500.0	    0.0	  585.8	 1279.3	    0.0	  200.0	    0.0	    0.0	    0.0	    0.0	  100.0	   63.6	    0.0	    0.0	    0.0	    0.0	    4.6	  1	 -150.0	 1450.0	   63.6	    0.0	    0.0	1	  142.5	 21	    0.0	    0.0	
  122	  16.15	    0.0	 1500.0	    0.0	  584.0	 1292.7	    0.0	  200.0	    0.0	    0.0	    0.0	    0.0	  100.0	   63.2	    0.0	    0.0	    0.0	    0.0	    4.6	  1	 -150.0	 1450.0	   63.2	    0.0	    0.0	1	  142.6	 21	    0.0	    0.0	
  123	  16.25	    0.0	 1500.0	    0.0	  585.8	 1279.3	    0.0	  200.0	    0.0	    0.0	    0.0	    0.0	  100.0	   62.7	    0.0	    0.0	    0.0	    0.0	    4.7	  1	 -150.0	 1450.0	   62.7	    0.0	    0.0	1	  142.5	 21	    0.0	    0.0	
  124	  16.35	    0.0	 1500.0	    0.0	  585.8	 1279.3	    0.0	  200.0	    0.0	    0.0	    0.0	    0.0	  100.0	   62.3	    0.0	    0.0	    0.0	    0.0	    4.7	  1	 -150.0	 1450.0	   62.3	    0.0	    0.0	1	  142.5	 21	    0.0	    0.0	
  125	  16.45	    0.0	 1500.0	    0.0	  585.8	 1279.3	    0.0	  200.0	    0.0	    0.0	    0.0	    0.0	  100.0	   61.8	    0.0	    0.0	    0.0	    0.0	    4.8	  1	 -150.0	 1450.0	   61.8	    0.0	    0.0	1	  142.5	 21	    0.0	    0.0	
  126	  16.55	    0.0	 1500.0	    0.0	  573.3	 1262.2	    0.0	  200.0	    0.0	    0.0	    0.0	    0.0	  100.0	   61.4	    0.0	    0.0	    0.0	    0.0	    4.8	  1	 -150.0	 1550.0	   61.4	    0.0	    0.0	1	  144.1	 21	    0.0	    0.0	
  127	  16.65	    0.0	 1500.0	    0.0	  571.5	 1262.8	    0.0	  200.0	    0.0	    0.0	    0.0	    0.0	  100.0	   60.9	    0.0	    0.0	    0.0	    0.0	    4.8	  1	 -150.0	 1550.0	   60.9	    0.0	    0.0	1	  144.1	 21	    0.0	    0.0	
  128	  16.75	    0.0	 1500.0	    0.0	  571.5	 1262.8	    0.0	  200.0	    0.0	    0.0	    0.0	    0.0	  100.0	   60.5	    0.0	    0.0	    0.0	    0.0	    4.9	  1	 -150.0	 1550.0	   60.5	    0.0	    0.0	1	  144.1	 21	    0.0	    0.0	
  129	  16.85	    0.0	 1500.0	    0.0	  571.5	 1262.8	    0.0	  200.0	    0.0	    0.0	    0.0	    0.0	  100.0	   60.0	    0.0	    0.0	    0.0	    0.0	    4.9	  1	 -150.0	 1550.0	   60.0	    0.0	    0.0	1	  144.1	 21	    0.0	    0.0	
  130	  16.95	    0.0	 1500.0	    0.0	  571.5	 1262.8	    0.0	  200.0	    0.0	    0.0	    0.0	    0.0	  100.0	   59.6	    0.0	    0.0	    0.0	    0.0	    4.9	  1	 -150.0	 1550.0	   59.6	    0.0	    0.0	1	  144.1	 21	    0.0	    0.0	
  131	  17.05	    0.0	 1500.0	    0.0	  571.5	 1262.8	    0.0	  200.0	    0.0	    0.0	    0.0	    0.0	  100.0	   59.1	    0.0	    0.0	    0.0	    0.0	    5.0	  1	 -150.0	 1550.0	   59.1	    0.0	    0.0	1	  144.1	 21	    0.0	    0.0	
  132	  17.15	    0.0	 1500.0	    0.0	  571.5	 1262.8	    0.0	  200.0	    0.0	    0.0	    0.0	    0.0	  100.0	   58.6	    0.0	    0.0	    0.0	    0.0	    5.0	  1	 -150.0	 1550.0	   58.6	    0.0	    0.0	1	  144.1	 21	    0.0	    0.0	
  133	  17.25	    0.0	 1500.0	    0.0	  571.2	 1261.8	    0.0	  200.0	    0.0	    0.0	    0.0	    0.0	  100.0	   58.2	    0.0	    0.0	    0.0	    0.0	    5.1	  1	 -150.0	 1550.0	   58.2	    0.0	    0.0	1	  144.1	 21	    0.0	    0.0	
  134	  17.35	    0.0	 1500.0	    0.0	  571.2	 1261.8	    0.0	  200.0	    0.0	    0.0	    0.0	    0.0	  100.0	   57.7	    0.0	    0.0	    0.0	    0.0	    5.1	  1	 -150.0	 1550.0	   57.7	    0.0	    0.0	1	  144.1	 21	    0.0	    0.0	
  135	  17.45	    0.0	 1500.0	    0.0	  571.2	 1261.8	    0.0	  200.0	    0.0	    0.0	    0.0	    0.0	  100.0	   57.3	    0.0	    0.0	    0.0	    0.0	    5.1	  1	 -150.0	 1550.0	   57.3	    0.0	    0.0	1	  144.1	 21	    0.0	    0.0	
  136	  17.55	    0.0	 1500.0	    0.0	  571.2	 1261.8	    0.0	  200.0	    0.0	    0.0	    0.0	    0.0	  100.0	   56.8	    0.0	    0.0	    0.0	    0.0	    5.2	  1	 -150.0	 1550.0	   56.8	    0.0	    0.0	1	  144.1	 21	    0.0	    0.0	
  137	  17.65	    0.0	 1500.0	    0.0	  570.4	 1259.7	    0.0	  200.0	    0.0	    0.0	    0.0	    0.0	  100.0	   56.4	    0.0	    0.0	    0.0	    0.0	    5.2	  1	 -150.0	 1550.0	   56.4	    0.0	    0.0	1	  144.1	 21	    0.0	    0.0	
  138	  17.75	    0.0	 1500.0	    0.0	  571.2	 1261.8	    0.0	  200.0	    0.0	    0.0	    0.0	    0.0	  100.0	   55.9	    0.0	    0.0	    0.0	    0.0	    5.2	  1	 -150.0	 1550.0	   55.9	    0.0	    0.0	1	  144.1	 21	    0.0	    0.0	
  139	  17.85	    0.0	 1500.0	    0.0	  570.4	 1259.7	    0.0	  200.0	    0.0	    0.0	    0.0	    0.0	  100.0	   55.5	    0.0	    0.0	    0.0	    0.0	    5.3	  1	 -150.0	 1550.0	   55.5	    0.0	    0.0	1	  144.1	 21	    0.0	    0.0	
  140	  17.95	    0.0	 1500.0	    0.0	  570.4	 1259.7	    0.0	  200.0	    0.0	    0.0	    0.0	    0.0	  100.0	   55.0	    0.0	    0.0	    0.0	    0.0	    5.3	  1	 -150.0	 1550.0	   55.0	    0.0	    0.0	1	  144.1	 21	    0.0	    0.0	
  141	  18.05	    0.0	 1500.0	    0.0	  570.4	 1259.7	    0.0	  200.0	    0.0	    0.0	    0.0	    0.0	  100.0	   54.6	    0.0	    0.0	    0.0	    0.0	    5.4	  1	 -150.0	 1550.0	   54.6	    0.0	    0.0	1	  144.1	 21	    0.0	    0.0	
  142	  18.15	    0.0	 1500.0	    0.0	  570.4	 1259.7	    0.0	  200.0	    0.0	    0.0	    0.0	    0.0	  100.0	   54.1	    0.0	    0.0	    0.0	    0.0	    5.4	  1	 -150.0	 1550.0	   54.1	    0.0	    0.0	1	  144.1	 21	    0.0	    0.0	
  143	  18.25	    0.0	 1500.0	    0.0	  570.4	 1259.7	    0.0	  200.0	    0.0	    0.0	    0.0	    0.0	  100.0	   53.7	    0.0	    0.0	    0.0	    0.0	    5.4	  1	 -150.0	 1550.0	   53.7	    0.0	    0.0	1	  144.1	 21	    0.0	    0.0	
  144	  18.35	    0.0	 1500.0	    0.0	  570.4	 1259.7	    0.0	  200.0	    0.0	    0.0	    0.0	    0.0	  100.0	   53.2	    0.0	    0.0	    0.0	    0.0	    5.5	  1	 -150.0	 1550.0	   53.2	    0.0	    0.0	1	  144.1	 21	    0.0	    0.0	
  145	  18.45	    0.0	 1500.0	    0.0	  634.7	 1300.6	    0.0	  200.0	    0.0	    0.0	    0.0	    0.0	  100.0	   52.8	    0.0	    0.0	    0.0	    0.0	    5.5	  1	  -50.0	 1650.0	   52.8	    0.0	    0.0	1	  144.2	 21	 1367.9	  -32.1	
  146	  18.55	    0.0	 1500.0	    0.0	  634.7	 1300.6	    0.0	  200.0	    0.0	    0.0	    0.0	    0.0	  100.0	   52.3	    0.0	    0.0	    0.0	    0.0	    5.5	  1	  -50.0	 1650.0	   52.3	    0.0	    0.0	1	  144.2	 21	    0.0	    0.0	
  147	  18.65	    0.0	 1500.0	    0.0	  570.4	 1259.7	    0.0	  200.0	    0.0	    0.0	    0.0	    0.0	  100.0	   51.9	    0.0	    0.0	    0.0	    0.0	    5.6	  1	 -150.0	 1550.0	   51.9	    0.0	    0.0	1	  144.1	 21	    0.0	    0.0	
  148	  18.75	    0.0	 1500.0	    0.0	  634.7	 1300.6	    0.0	  200.0	    0.0	    0.0	    0.0	    0.0	  100.0	   51.4	    0.0	    0.0	    0.0	    0.0	    5.6	  1	  -50.0	 1650.0	   51.4	    0.0	    0.0	1	  144.2	 21	 1368.9	  -31.1	
  149	  18.85	    0.0	 1500.0	    0.0	  762.2	 1320.6	    0.0	  200.0	    0.0	    0.0	    0.0	    0.0	  100.0	   51.0	    0.0	    0.0	    0.0	    0.0	    5.7	  1	  -50.0	 1450.0	   51.0	    0.0	    0.0	1	   60.6	 21	 1333.8	  -66.2	
  150	  18.95	    0.0	 1500.0	    0.0	  634.7	 1300.6	    0.0	  200.0	    0.0	    0.0	    0.0	    0.0	  100.0	   50.6	    0.0	    0.0	    0.0	    0.0	    5.7	  1	  -50.0	 1650.0	   50.6	    0.0	    0.0	1	  144.2	 21	    0.0	    0.0	
  151	  19.05	    0.0	 1500.0	    0.0	  762.2	 1320.6	    0.0	  200.0	    0.0	    0.0	    0.0	    0.0	  100.0	   50.2	    0.0	    0.0	    0.0	    0.0	    5.7	  1	  -50.0	 1450.0	   50.2	    0.0	    0.0	1	   60.6	 21	 1335.0	  -65.0	
  152	  19.15	    0.0	 1500.0	    0.0	  762.2	 1320.6	    0.0	  200.0	    0.0	    0.0	    0.0	    0.0	  100.0	   49.7	    0.0	    0.0	    0.0	    0.0	    5.8	  1	  -50.0	 1450.0	   49.7	    0.0	    0.0	1	   60.6	 21	    0.0	    0.0	
  153	  19.25	    0.0	 1500.0	    0.0	  762.2	 1320.6	    0.0	  200.0	    0.0	    0.0	    0.0	    0.0	  100.0	   49.3	    0.0	    0.0	    0.0	    0.0	    5.8	  1	  -50.0	 1450.0	   49.3	    0.0	    0.0	1	   60.6	 21	    0.0	    0.0	
  154	  19.35	    0.0	 1500.0	    0.0	  926.1	 1309.0	    0.0	  200.0	    0.0	    0.0	    0.0	    0.0	  100.0	   49.0	    0.0	    0.0	    0.0	    0.0	    5.9	  1	  150.0	 1450.0	   49.0	    0.0	    0.0	1	  143.3	 21	 1323.2	  -76.8	
  155	  19.45	    0.0	 1500.0	    0.0	  762.2	 1320.6	    0.0	  200.0	    0.0	    0.0	    0.0	    0.0	  100.0	   48.5	    0.0	    0.0	    0.0	    0.0	    5.9	  1	  -50.0	 1450.0	   48.5	    0.0	    0.0	1	   60.6	 21	    0.0	    0.0	
  156	  19.55	    0.0	 1500.0	    0.0	  926.1	 1309.0	    0.0	  200.0	    0.0	    0.0	    0.0	    0.0	  100.0	   48.1	    0.0	    0.0	    0.0	    0.0	    5.9	  1	  150.0	 1450.0	   48.1	    0.0	    0.0	1	  143.3	 21	 1324.6	  -75.4	
  157	  19.65	    0.0	 1500.0	    0.0	  926.1	 1309.0	    0.0	  200.0	    0.0	    0.0	    0.0	    0.0	  100.0	   47.7	    0.0	    0.0	    0.0	    0.0	    6.0	  1	  150.0	 1450.0	   47.7	    0.0	    0.0	1	  143.3	 21	    0.0	    0.0	
  158	  19.75	    0.0	 1500.0	    0.0	  926.1	 1309.0	    0.0	  200.0	    0.0	    0.0	    0.0	    0.0	  100.0	   47.4	    0.0	    0.0	    0.0	    0.0	    6.0	  1	  150.0	 1450.0	   47.4	    0.0	    0.0	1	  143.3	 21	    0.0	    0.0	
  159	  19.85	    0.0	 1500.0	    0.0	 1022.1	 1278.0	    0.0	  200.0	    0.0	    0.0	    0.0	    0.0	  100.0	   47.0	    0.0	    0.0	    0.0	    0.0	    6.0	  1	  250.0	 1450.0	   47.0	    0.0	    0.0	1	  235.6	 21	 1377.1	  -22.9	
  160	  19.95	    0.0	 1500.0	    0.0	  926.1	 1309.0	    0.0	  200.0	    0.0	    0.0	    0.0	    0.0	  100.0	   46.6	    0.0	    0.0	    0.0	    0.0	    6.1	  1	  150.0	 1450.0	   46.6	    0.0	    0.0	1	  143.3	 21	    0.0	    0.0	
  161	  20.05	    0.0	 1500.0	    0.0	 1027.7	 1277.0	    0.0	  200.0	    0.0	    0.0	    0.0	    0.0	  100.0	   46.2	    0.0	    0.0	    0.0	    0.0	    6.1	  1	  250.0	 1450.0	   46.2	    0.0	    0.0	1	  235.6	 21	 1374.7	  -25.3	
  162	  20.15	    0.0	 1500.0	    0.0	 1027.7	 1277.0	    0.0	  200.0	    0.0	    0.0	    0.0	    0.0	  100.0	   45.9	    0.0	    0.0	    0.0	    0.0	    6.2	  1	  250.0	 1450.0	   45.9	    0.0	    0.0	1	  235.6	 21	 1392.9	   19.3	
  163	  20.25	    0.0	 1500.0	    0.0	 1027.7	 1277.0	    0.0	  200.0	    0.0	    0.0	    0.0	    0.0	  100.0	   45.5	    0.0	    0.0	    0.0	    0.0	    6.2	  1	  250.0	 1450.0	   45.5	    0.0	    0.0	1	  235.6	 21	 1391.7	   19.2	
  164	  20.35	    0.0	 1500.0	    0.0	 1027.7	 1277.0	    0.0	  200.0	    0.0	    0.0	    0.0	    0.0	  100.0	   45.1	    0.0	    0.0	    0.0	    0.0	    6.2	  1	  250.0	 1450.0	   45.1	    0.0	    0.0	1	  235.6	 21	 1390.6	   19.1	
  165	  20.45	    0.0	 1500.0	    0.0	 1027.7	 1277.0	    0.0	  200.0	    0.0	    0.0	    0.0	    0.0	  100.0	   44.8	    0.0	    0.0	    0.0	    0.0	    6.3	  1	  250.0	 1450.0	   44.8	    0.0	    0.0	1	  235.6	 21	 1389.4	   18.9	
  166	  20.55	    0.0	 1500.0	    0.0	 1062.9	 1258.5	    0.0	  200.0	    0.0	    0.0	    0.0	    0.0	  100.0	   44.4	    0.0	    0.0	    0.0	    0.0	    6.3	  1	  250.0	 1450.0	   44.4	    0.0	    0.0	1	  235.7	 21	 1385.2	   18.5	
  167	  20.65	    0.0	 1500.0	    0.0	 1062.9	 1258.5	    0.0	  200.0	    0.0	    0.0	    0.0	    0.0	  100.0	   44.0	    0.0	    0.0	    0.0	    0.0	    6.3	  1	  250.0	 1450.0	   44.0	    0.0	    0.0	1	  235.7	 21	 1384.1	   18.4	
  168	  20.75	    0.0	 1500.0	    0.0	 1059.2	 1259.2	    0.0	  200.0	    0.0	    0.0	    0.0	    0.0	  100.0	   43.7	    0.0	    0.0	    0.0	    0.0	    6.4	  1	  250.0	 1450.0	   43.7	    0.0	    0.0	1	  235.7	 21	 1383.2	   18.3	
  169	  20.85	    0.0	 1500.0	    0.0	 1062.9	 1258.5	    0.0	  200.0	    0.0	    0.0	    0.0	    0.0	  100.0	   43.3	    0.0	    0.0	    0.0	    0.0	    6.4	  1	  250.0	 1450.0	   43.3	    0.0	    0.0	1	  235.7	 21	 1381.8	   18.2	
  170	  20.95	    0.0	 1500.0	    0.0	 1064.8	 1258.2	    0.0	  200.0	    0.0	    0.0	    0.0	    0.0	  100.0	   42.9	    0.0	    0.0	    0.0	    0.0	    6.5	  1	  250.0	 1450.0	   42.9	    0.0	    0.0	1	  235.7	 21	 1380.5	   18.1	
  171	  21.05	    0.0	 1500.0	    0.0	 1064.8	 1258.2	    0.0	  200.0	    0.0	    0.0	    0.0	    0.0	  100.0	   42.6	    0.0	    0.0	    0.0	    0.0	    6.5	  1	  250.0	 1450.0	   42.6	    0.0	    0.0	1	  235.7	 21	 1379.4	   17.9	
  172	  21.15	    0.0	 1500.0	    0.0	 1066.6	 1257.8	    0.0	  200.0	    0.0	    0.0	    0.0	    0.0	  100.0	   42.2	    0.0	    0.0	    0.0	    0.0	    6.5	  1	  250.0	 1450.0	   42.2	    0.0	    0.0	1	  235.7	 21	 1378.1	   17.8	
  173	  21.25	    0.0	 1500.0	    0.0	 1066.6	 1257.8	    0.0	  200.0	    0.0	    0.0	    0.0	    0.0	  100.0	   41.9	    0.0	    0.0	    0.0	    0.0	    6.6	  1	  250.0	 1450.0	   41.9	    0.0	    0.0	1	  235.7	 21	 1377.0	   17.7	
  174	  21.35	    0.0	 1500.0	    0.0	 1066.6	 1257.8	    0.0	  200.0	    0.0	    0.0	    0.0	    0.0	  100.0	   41.5	    0.0	    0.0	    0.0	    0.0	    6.6	  1	  250.0	 1450.0	   41.5	    0.0	    0.0	1	  235.7	 21	 1375.9	   17.6	
  175	  21.45	    0.0	 1500.0	    0.0	 1066.6	 1257.8	    0.0	  200.0	    0.0	    0.0	    0.0	    0.0	  100.0	   41.1	    0.0	    0.0	    0.0	    0.0	    6.6	  1	  250.0	 1450.0	   41.1	    0.0	    0.0	1	  235.7	 21	 1374.8	   17.5	
  176	  21.55	    0.0	 1500.0	    0.0	 1066.6	 1257.8	    0.0	  200.0	    0.0	    0.0	    0.0	    0.0	  100.0	   40.8	    0.0	    0.0	    0.0	    0.0	    6.7	  1	  250.0	 1450.0	   40.8	    0.0	    0.0	1	  235.7	 21	 1373.7	   17.4	
  177	  21.65	    0.0	 1500.0	    0.0	 1063.1	 1262.6	    0.0	  200.0	    0.0	    0.0	    0.0	    0.0	  100.0	   40.4	    0.0	    0.0	    0.0	    0.0	    6.7	  1	  250.0	 1450.0	   40.4	    0.0	    0.0	1	  235.7	 21	 1372.9	   17.3	
  178	  21.75	    0.0	 1500.0	    0.0	 1063.1	 1262.6	    0.0	  200.0	    0.0	    0.0	    0.0	    0.0	  100.0	   40.1	    0.0	    0.0	    0.0	    0.0	    6.8	  1	  250.0	 1450.0	   40.1	    0.0	    0.0	1	  235.7	 21	 1371.7	   17.2	
  179	  21.85	    0.0	 1500.0	    0.0	 1063.1	 1262.6	    0.0	  200.0	    0.0	    0.0	    0.0	    0.0	  100.0	   39.7	    0.0	    0.0	    0.0	    0.0	    6.8	  1	  250.0	 1450.0	   39.7	    0.0	    0.0	1	  235.7	 21	 1370.6	   17.1	
  180	  21.95	    0.0	 1500.0	    0.0	 1063.1	 1262.6	    0.0	  200.0	    0.0	    0.0	    0.0	    0.0	  100.0	   39.3	    0.0	    0.0	    0.0	    0.0	    6.8	  1	  250.0	 1450.0	   39.3	    0.0	    0.0	1	  235.7	 21	 1369.5	   16.9	
  181	  22.05	    0.0	 1500.0	    0.0	 1062.1	 1295.5	    0.0	  200.0	    0.0	    0.0	    0.0	    0.0	  100.0	   39.0	    0.0	    0.0	    0.0	    0.0	    6.9	  1	  250.0	 1450.0	   39.0	    0.0	    0.0	1	  235.7	 21	 1368.8	   16.9	
  182	  22.15	    0.0	 1500.0	    0.0	 1062.1	 1295.5	    0.0	  200.0	    0.0	    0.0	    0.0	    0.0	  100.0	   38.6	    0.0	    0.0	    0.0	    0.0	    6.9	  1	  250.0	 1450.0	   38.6	    0.0	    0.0	1	  235.7	 21	 1367.7	   16.8	
  183	  22.25	    0.0	 1500.0	    0.0	 1062.1	 1295.5	    0.0	  200.0	    0.0	    0.0	    0.0	    0.0	  100.0	   38.2	    0.0	    0.0	    0.0	    0.0	    7.0	  1	  250.0	 1450.0	   38.2	    0.0	    0.0	1	  235.7	 21	 1366.5	   16.7	
  184	  22.35	    0.0	 1500.0	    0.0	 1062.1	 1295.5	    0.0	  200.0	    0.0	    0.0	    0.0	    0.0	  100.0	   37.9	    0.0	    0.0	    0.0	    0.0	    7.0	  1	  250.0	 1450.0	   37.9	    0.0	    0.0	1	  235.7	 21	 1365.4	   16.5	
  185	  22.45	    0.0	 1500.0	    0.0	 1062.1	 1295.5	    0.0	  200.0	    0.0	    0.0	    0.0	    0.0	  100.0	   37.5	    0.0	    0.0	    0.0	    0.0	    7.0	  1	  250.0	 1450.0	   37.5	    0.0	    0.0	1	  235.7	 21	 1364.3	   16.4	
  186	  22.55	    0.0	 1500.0	    0.0	 1062.1	 1295.5	    0.0	  200.0	    0.0	    0.0	    0.0	    0.0	  100.0	   37.1	    0.0	    0.0	    0.0	    0.0	    7.1	  1	  250.0	 1450.0	   37.1	    0.0	    0.0	1	  235.7	 21	 1363.1	   16.3	
  187	  22.65	    0.0	 1500.0	    0.0	 1062.1	 1295.5	    0.0	  200.0	    0.0	    0.0	    0.0	    0.0	  100.0	   36.8	    0.0	    0.0	    0.0	    0.0	    7.1	  1	  250.0	 1450.0	   36.8	    0.0	    0.0	1	  235.7	 21	 1362.0	   16.2	
  188	  22.75	    0.0	 1500.0	    0.0	 1062.1	 1295.5	    0.0	  200.0	    0.0	    0.0	    0.0	    0.0	  100.0	   36.4	    0.0	    0.0	    0.0	    0.0	    7.1	  1	  250.0	 1450.0	   36.4	    0.0	    0.0	1	  235.7	 21	 1360.8	   16.1	
  189	  22.85	    0.0	 1500.0	    0.0	 1062.1	 1295.5	    0.0	  200.0	    0.0	    0.0	    0.0	    0.0	  100.0	   36.1	    0.0	    0.0	    0.0	    0.0	    7.2	  1	  250.0	 1450.0	   36.1	    0.0	    0.0	1	  235.7	 21	 1359.7	   16.0	
  190	  22.95	    0.0	 1500.0	    0.0	 1062.1	 1295.5	    0.0	  200.0	    0.0	    0.0	    0.0	    0.0	  100.0	   35.7	    0.0	    0.0	    0.0	    0.0	    7.2	  1	  250.0	 1450.0	   35.7	    0.0	    0.0	1	  235.7	 21	 1358.6	   15.9	
  191	  23.05	    0.0	 1500.0	    0.0	  991.8	 1487.0	    0.0	  200.0	    0.0	    0.0	    0.0	    0.0	  100.0	   35.3	    0.0	    0.0	    0.0	    0.0	    7.3	  1	  150.0	 1550.0	   35.3	    0.0	    0.0	1	  144.2	 21	 1380.1	  -19.9	
  192	  23.15	    0.0	 1500.0	    0.0	  991.8	 1487.0	    0.0	  200.0	    0.0	    0.0	    0.0	    0.0	  100.0	   34.9	    0.0	    0.0	    0.0	    0.0	    7.3	  1	  150.0	 1450.0	   34.9	    0.0	    0.0	1	  143.3	 21	 1361.1	   16.1	
  193	  23.25	    0.0	 1500.0	    0.0	  991.8	 1487.0	    0.0	  200.0	    0.0	    0.0	    0.0	    0.0	  100.0	   34.5	    0.0	    0.0	    0.0	    0.0	    7.3	  1	  150.0	 1450.0	   34.5	    0.0	    0.0	1	  143.3	 21	 1359.9	   16.0	
  194	  23.35	    0.0	 1500.0	    0.0	  991.8	 1487.0	    0.0	  200.0	    0.0	    0.0	    0.0	    0.0	  100.0	   34.1	    0.0	    0.0	    0.0	    0.0	    7.4	  1	  150.0	 1450.0	   34.1	    0.0	    0.0	1	  143.3	 21	 1358.6	   15.9	
  195	  23.45	    0.0	 1500.0	    0.0	  991.8	 1487.0	    0.0	  200.0	    0.0	    0.0	    0.0	    0.0	  100.0	   33.8	    0.0	    0.0	    0.0	    0.0	    7.4	  1	  150.0	 1450.0	   33.8	    0.0	    0.0	1	  143.3	 21	 1357.3	   15.7	
  196	  23.55	    0.0	 1500.0	    0.0	  991.8	 1487.0	    0.0	  200.0	    0.0	    0.0	    0.0	    0.0	  100.0	   33.4	    0.0	    0.0	    0.0	    0.0	    7.4	  1	  150.0	 1450.0	   33.4	    0.0	    0.0	1	  143.3	 21	 1356.1	   15.6	
  197	  23.65	    0.0	 1500.0	    0.0	 1020.7	 1463.2	    0.0	  200.0	    0.0	    0.0	    0.0	    0.0	  100.0	   33.0	    0.0	    0.0	    0.0	    0.0	    7.5	  1	  150.0	 1450.0	   33.0	    0.0	    0.0	1	  143.3	 21	 1353.2	   15.3	
  198	  23.75	    0.0	 1500.0	    0.0	 1022.6	 1463.2	    0.0	  200.0	    0.0	    0.0	    0.0	    0.0	  100.0	   32.6	    0.0	    0.0	    0.0	    0.0	    7.5	  1	  150.0	 1450.0	   32.6	    0.0	    0.0	1	  143.3	 21	 1351.9	   15.2	
  199	  23.85	    0.0	 1500.0	    0.0	 1020.7	 1463.2	    0.0	  200.0	    0.0	    0.0	    0.0	    0.0	  100.0	   32.2	    0.0	    0.0	    0.0	    0.0	    7.6	  1	  150.0	 1450.0	   32.2	    0.0	    0.0	1	  143.3	 21	 1350.8	   15.1	
  200	  23.95	    0.0	 1500.0	    0.0	 1022.6	 1463.2	    0.0	  200.0	    0.0	    0.0	    0.0	    0.0	  100.0	   31.9	    0.0	    0.0	    0.0	    0.0	    7.6	  1	  150.0	 1450.0	   31.9	    0.0	    0.0	1	  143.3	 21	 1349.5	   14.9	
  201	  24.05	    0.0	 1500.0	    0.0	 1022.6	 1463.2	    0.0	  200.0	    0.0	    0.0	    0.0	    0.0	  100.0	   31.5	    0.0	    0.0	    0.0	    0.0	    7.6	  1	  150.0	 1450.0	   31.5	    0.0	    0.0	1	  143.3	 21	 1348.3	   14.8	
  202	  24.15	    0.0	 1500.0	    0.0	 1022.6	 1463.2	    0.0	  200.0	    0.0	    0.0	    0.0	    0.0	  100.0	   31.1	    0.0	    0.0	    0.0	    0.0	    7.7	  1	  150.0	 1450.0	   31.1	    0.0	    0.0	1	  143.3	 21	 1347.1	   14.7	
  203	  24.25	    0.0	 1500.0	    0.0	 1022.6	 1440.3	    0.0	  200.0	    0.0	    0.0	    0.0	    0.0	  100.0	   30.7	    0.0	    0.0	    0.0	    0.0	    7.7	  1	  150.0	 1450.0	   30.7	    0.0	    0.0	1	  143.3	 21	 1345.9	   14.6	
  204	  24.35	    0.0	 1500.0	    0.0	 1022.6	 1440.3	    0.0	  200.0	    0.0	    0.0	    0.0	    0.0	  100.0	   30.4	    0.0	    0.0	    0.0	    0.0	    7.8	  1	  150.0	 1450.0	   30.4	    0.0	    0.0	1	  143.3	 21	 1344.6	   14.5	
  205	  24.45	    0.0	 1500.0	    0.0	 1022.6	 1440.3	    0.0	  200.0	    0.0	    0.0	    0.0	    0.0	  100.0	   30.0	    0.0	    0.0	    0.0	    0.0	    7.8	  1	  150.0	 1450.0	   30.0	    0.0	    0.0	1	  143.3	 21	 1343.4	   14.3	
  206	  24.55	    0.0	 1500.0	    0.0	 1022.6	 1440.3	    0.0	  200.0	    0.0	    0.0	    0.0	    0.0	  100.0	   29.6	    0.0	    0.0	    0.0	    0.0	    7.8	  1	  150.0	 1450.0	   29.6	    0.0	    0.0	1	  143.3	 21	 1342.2	   14.2	
  207	  24.65	    0.0	 1500.0	    0.0	 1022.6	 1440.3	    0.0	  200.0	    0.0	    0.0	    0.0	    0.0	  100.0	   29.2	    0.0	    0.0	    0.0	    0.0	    7.9	  1	   50.0	 1450.0	   29.2	    0.0	    0.0	1	   65.7	 21	 1341.0	   14.1	
  208	  24.75	    0.0	 1500.0	    0.0	 1022.6	 1440.3	    0.0	  200.0	    0.0	    0.0	    0.0	    0.0	  100.0	   28.8	    0.0	    0.0	    0.0	    0.0	    7.9	  1	   50.0	 1450.0	   28.8	    0.0	    0.0	1	   65.7	 21	 1339.8	   14.0	
  209	  24.85	    0.0	 1500.0	    0.0	 1022.6	 1440.3	    0.0	  200.0	    0.0	    0.0	    0.0	    0.0	  100.0	   28.5	    0.0	    0.0	    0.0	    0.0	    7.9	  1	   50.0	 1450.0	   28.5	    0.0	    0.0	1	   65.7	 21	 1338.6	   13.9	
  210	  24.95	    0.0	 1500.0	    0.0	 1022.6	 1440.3	    0.0	  200.0	    0.0	    0.0	    0.0	    0.0	  100.0	   28.1	    0.0	    0.0	    0.0	    0.0	    8.0	  1	   50.0	 1450.0	   28.1	    0.0	    0.0	1	   65.7	 21	 1337.4	   13.7	
  211	  25.05	    0.0	 1500.0	    0.0	 1034.6	 1275.8	    0.0	  200.0	    0.0	    0.0	    0.0	    0.0	  100.0	   27.7	    0.0	    0.0	    0.0	    0.0	    8.0	  1	   50.0	 1450.0	   27.7	    0.0	    0.0	1	   65.7	 21	 1332.3	   13.2	
  212	  25.15	    0.0	 1500.0	    0.0	 1022.6	 1440.3	    0.0	  200.0	    0.0	    0.0	    0.0	    0.0	  100.0	   27.4	    0.0	    0.0	    0.0	    0.0	    8.1	  1	   50.0	 1550.0	   27.4	    0.0	    0.0	1	   63.9	 21	 1369.0	  -31.0	
  213	  25.25	    0.0	 1500.0	    0.0	 1030.9	 1276.4	    0.0	  200.0	    0.0	    0.0	    0.0	    0.0	  100.0	   27.0	    0.0	    0.0	    0.0	    0.0	    8.1	  1	   50.0	 1450.0	   27.0	    0.0	    0.0	1	   65.7	 21	 1330.4	   13.0	
  214	  25.35	    0.0	 1500.0	    0.0	 1030.9	 1276.4	    0.0	  200.0	    0.0	    0.0	    0.0	    0.0	  100.0	   26.6	    0.0	    0.0	    0.0	    0.0	    8.1	  1	   50.0	 1450.0	   26.6	    0.0	    0.0	1	   65.7	 21	 1331.6	   13.2	
  215	  25.45	    0.0	 1500.0	    0.0	 1030.9	 1276.4	    0.0	  200.0	    0.0	    0.0	    0.0	    0.0	  100.0	   26.3	    0.0	    0.0	    0.0	    0.0	    8.2	  1	   50.0	 1450.0	   26.3	    0.0	    0.0	1	   65.7	 21	 1330.4	   13.0	
  216	  25.55	    0.0	 1500.0	    0.0	 1030.9	 1276.4	    0.0	  200.0	    0.0	    0.0	    0.0	    0.0	  100.0	   25.9	    0.0	    0.0	    0.0	    0.0	    8.2	  1	   50.0	 1450.0	   25.9	    0.0	    0.0	1	   65.7	 21	 1329.2	   12.9	
  217	  25.65	    0.0	 1500.0	    0.0	 1030.9	 1276.4	    0.0	  200.0	    0.0	    0.0	    0.0	    0.0	  100.0	   25.5	    0.0	    0.0	    0.0	    0.0	    8.2	  1	   50.0	 1450.0	   25.5	    0.0	    0.0	1	   65.7	 21	 1328.0	   12.8	
  218	  25.75	    0.0	 1500.0	    0.0	 1002.9	 1331.2	    0.0	  200.0	    0.0	    0.0	    0.0	    0.0	  100.0	   25.1	    0.0	    0.0	    0.0	    0.0	    8.3	  1	   50.0	 1450.0	   25.1	    0.0	    0.0	1	   65.7	 21	    0.0	    7.3	
  219	  25.85	    0.0	 1500.0	    0.0	 1002.9	 1331.2	    0.0	  200.0	    0.0	    0.0	    0.0	    0.0	  100.0	   24.8	    0.0	    0.0	    0.0	    0.0	    8.3	  1	   50.0	 1450.0	   24.8	    0.0	    0.0	1	   65.7	 21	 1327.2	   12.7	
  220	  25.95	    0.0	 1500.0	    0.0	 1002.9	 1331.2	    0.0	  200.0	    0.0	    0.0	    0.0	    0.0	  100.0	   24.4	    0.0	    0.0	    0.0	    0.0	    8.4	  1	   50.0	 1450.0	   24.4	    0.0	    0.0	1	   65.7	 21	 1325.9	   12.6	
  221	  26.05	    0.0	 1500.0	    0.0	 1014.5	 1341.3	    0.0	  200.0	    0.0	    0.0	    0.0	    0.0	  100.0	   24.0	    0.0	    0.0	    0.0	    0.0	    8.4	  1	   50.0	 1450.0	   24.0	    0.0	    0.0	1	   65.7	 21	 1324.3	   12.4	
  222	  26.15	    0.0	 1500.0	    0.0	 1014.5	 1341.3	    0.0	  200.0	    0.0	    0.0	    0.0	    0.0	  100.0	   23.6	    0.0	    0.0	    0.0	    0.0	    8.4	  1	   50.0	 1450.0	   23.6	    0.0	    0.0	1	   65.7	 21	 1323.1	   12.3	
  223	  26.25	    0.0	 1500.0	    0.0	 1014.5	 1341.3	    0.0	  200.0	    0.0	    0.0	    0.0	    0.0	  100.0	   23.2	    0.0	    0.0	    0.0	    0.0	    8.5	  1	   50.0	 1450.0	   23.2	    0.0	    0.0	1	   65.7	 21	 1321.9	   12.2	
  224	  26.35	    0.0	 1500.0	    0.0	 1014.5	 1341.3	    0.0	  200.0	    0.0	    0.0	    0.0	    0.0	  100.0	   22.9	    0.0	    0.0	    0.0	    0.0	    8.5	  1	   50.0	 1450.0	   22.9	    0.0	    0.0	1	   65.7	 21	 1320.7	   12.1	
  225	  26.45	    0.0	 1500.0	    0.0	 1014.5	 1341.3	    0.0	  200.0	    0.0	    0.0	    0.0	    0.0	  100.0	   22.5	    0.0	    0.0	    0.0	    0.0	    8.5	  1	   50.0	 1450.0	   22.5	    0.0	    0.0	1	   65.7	 21	 1319.4	   11.9	
  226	  26.55	    0.0	 1500.0	    0.0	 1014.5	 1341.3	    0.0	  200.0	    0.0	    0.0	    0.0	    0.0	  100.0	   22.1	    0.0	    0.0	    0.0	    0.0	    8.6	  1	   50.0	 1450.0	   22.1	    0.0	    0.0	1	   65.7	 21	 1318.2	   11.8	
  227	  26.65	    0.0	 1500.0	    0.0	 1103.7	 1327.1	    0.0	  200.0	    0.0	    0.0	    0.0	    0.0	  100.0	   21.8	    0.0	    0.0	    0.0	    0.0	    8.6	  1	   50.0	 1450.0	   21.8	    0.0	    0.0	1	   65.7	 21	 1389.0	  -11.0	
  228	  26.75	    0.0	 1500.0	    0.0	 1103.7	 1327.1	    0.0	  200.0	    0.0	    0.0	    0.0	    0.0	  100.0	   21.4	    0.0	    0.0	    0.0	    0.0	    8.7	  1	   50.0	 1450.0	   21.4	    0.0	    0.0	1	   65.7	 21	 1312.6	   11.3	
  229	  26.85	    0.0	 1500.0	    0.0	 1103.7	 1327.1	    0.0	  200.0	    0.0	    0.0	    0.0	    0.0	  100.0	   21.1	    0.0	    0.0	    0.0	    0.0	    8.7	  1	   50.0	 1450.0	   21.1	    0.0	    0.0	1	   65.7	 21	 1311.5	   11.2	
  230	  26.95	    0.0	 1500.0	    0.0	 1103.7	 1327.1	    0.0	  200.0	    0.0	    0.0	    0.0	    0.0	  100.0	   20.7	    0.0	    0.0	    0.0	    0.0	    8.7	  1	   50.0	 1450.0	   20.7	    0.0	    0.0	1	   65.7	 21	 1310.4	   11.0	
  231	  27.05	    0.0	 1500.0	    0.0	 1232.6	 1276.7	    0.0	  200.0	    0.0	    0.0	    0.0	    0.0	  100.0	   20.4	    0.0	    0.0	    0.0	    0.0	    8.8	  1	   50.0	 1450.0	   20.4	    0.0	    0.0	1	   65.7	 21	 1388.7	  -11.3	
  232	  27.15	    0.0	 1500.0	    0.0	 1232.6	 1276.7	    0.0	  200.0	    0.0	    0.0	    0.0	    0.0	  100.0	   20.1	    0.0	    0.0	    0.0	    0.0	    8.8	  1	   50.0	 1450.0	   20.1	    0.0	    0.0	1	   65.7	 21	 1303.4	   10.3	
  233	  27.25	    0.0	 1500.0	    0.0	 1232.6	 1276.7	    0.0	  200.0	    0.0	    0.0	    0.0	    0.0	  100.0	   19.8	    0.0	    0.0	    0.0	    0.0	    8.9	  1	   50.0	 1450.0	   19.8	    0.0	    0.0	1	   65.7	 21	 1302.5	   10.3	
  234	  27.35	    0.0	 1500.0	    0.0	 1232.6	 1276.7	    0.0	  200.0	    0.0	    0.0	    0.0	    0.0	  100.0	   19.5	    0.0	    0.0	    0.0	    0.0	    8.9	  1	   50.0	 1450.0	   19.5	    0.0	    0.0	1	   65.7	 21	 1301.6	   10.2	
  235	  27.45	    0.0	 1500.0	    0.0	 1232.6	 1276.7	    0.0	  200.0	    0.0	    0.0	    0.0	    0.0	  100.0	   19.1	    0.0	    0.0	    0.0	    0.0	    8.9	  1	   50.0	 1450.0	   19.1	    0.0	    0.0	1	   65.7	 21	 1300.8	   10.1	
  236	  27.55	    0.0	 1500.0	    0.0	 1310.5	 1245.2	    0.0	  200.0	    0.0	    0.0	    0.0	    0.0	  100.0	   18.9	    0.0	    0.0	    0.0	    0.0	    9.0	  1	   50.0	 1450.0	   18.9	    0.0	    0.0	1	   65.7	 21	    0.0	   -1.5	
  237	  27.65	    0.0	 1500.0	    0.0	 1103.7	 1327.1	    0.0	  200.0	    0.0	    0.0	    0.0	    0.0	  100.0	   18.5	    0.0	    0.0	    0.0	    0.0	    9.0	  1	   50.0	 1450.0	   18.5	    0.0	    0.0	1	   65.7	 21	 1310.1	   11.0	
  238	  27.75	    0.0	 1500.0	    0.0	 1317.0	 1244.2	    0.0	  200.0	    0.0	    0.0	    0.0	    0.0	  100.0	   18.2	    0.0	    0.0	    0.0	    0.0	    9.0	  1	   50.0	 1450.0	   18.2	    0.0	    0.0	1	   65.7	 21	 1379.3	  -20.7	
  239	  27.85	    0.0	 1500.0	    0.0	 1317.0	 1244.2	    0.0	  200.0	    0.0	    0.0	    0.0	    0.0	  100.0	   17.9	    0.0	    0.0	    0.0	    0.0	    9.1	  1	   50.0	 1450.0	   17.9	    0.0	    0.0	1	   65.7	 21	    0.0	    9.4	
  240	  27.95	    0.0	 1500.0	    0.0	 1317.0	 1244.2	    0.0	  200.0	    0.0	    0.0	    0.0	    0.0	  100.0	   17.6	    0.0	    0.0	    0.0	    0.0	    9.1	  1	   50.0	 1450.0	   17.6	    0.0	    0.0	1	   65.7	 21	    0.0	    9.3	
  241	  28.05	    0.0	 1500.0	    0.0	 1317.0	 1244.2	    0.0	  200.0	    0.0	    0.0	    0.0	    0.0	  100.0	   17.3	    0.0	    0.0	    0.0	    0.0	    9.2	  1	   50.0	 1450.0	   17.3	    0.0	    0.0	1	   65.7	 21	    0.0	    9.3	
  242	  28.15	    0.0	 1500.0	    0.0	 1319.7	 1238.7	    0.0	  200.0	    0.0	    0.0	    0.0	    0.0	  100.0	   17.0	    0.0	    0.0	    0.0	    0.0	    9.2	  1	   50.0	 1450.0	   17.0	    0.0	    0.0	1	   65.7	 21	    0.0	    9.2	
  243	  28.25	    0.0	 1500.0	    0.0	 1319.7	 1238.7	    0.0	  200.0	    0.0	    0.0	    0.0	    0.0	  100.0	   16.7	    0.0	    0.0	    0.0	    0.0	    9.2	  1	   50.0	 1450.0	   16.7	    0.0	    0.0	1	   65.7	 21	    0.0	    9.1	
  244	  28.35	    0.0	 1500.0	    0.0	 1319.7	 1238.7	    0.0	  200.0	    0.0	    0.0	    0.0	    0.0	  100.0	   16.4	    0.0	    0.0	    0.0	    0.0	    9.3	  1	   50.0	 1450.0	   16.4	    0.0	    0.0	1	   65.7	 21	    0.0	    9.0	
  245	  28.45	    0.0	 1500.0	    0.0	 1319.7	 1238.7	    0.0	  200.0	    0.0	    0.0	    0.0	    0.0	  100.0	   16.1	    0.0	    0.0	    0.0	    0.0	    9.3	  1	   50.0	 1450.0	   16.1	    0.0	    0.0	1	   65.7	 21	    0.0	    8.9	
  246	  28.55	    0.0	 1500.0	    0.0	 1319.7	 1238.7	    0.0	  200.0	    0.0	    0.0	    0.0	    0.0	  100.0	   15.8	    0.0	    0.0	    0.0	    0.0	    9.3	  1	   50.0	 1450.0	   15.8	    0.0	    0.0	1	   65.7	 21	    0.0	    8.9	
  247	  28.65	    0.0	 1500.0	    0.0	 1309.1	 1232.8	    0.0	  200.0	    0.0	    0.0	    0.0	    0.0	  100.0	   15.5	    0.0	    0.0	    0.0	    0.0	    9.4	  1	   50.0	 1450.0	   15.5	    0.0	    0.0	1	   65.7	 21	    0.0	    8.8	
  248	  28.75	    0.0	 1500.0	    0.0	 1309.1	 1232.8	    0.0	  200.0	    0.0	    0.0	    0.0	    0.0	  100.0	   15.2	    0.0	    0.0	    0.0	    0.0	    9.4	  1	   50.0	 1450.0	   15.2	    0.0	    0.0	1	   65.7	 21	    0.0	    8.7	
  249	  28.85	    0.0	 1500.0	    0.0	 1309.1	 1232.8	    0.0	  200.0	    0.0	    0.0	    0.0	    0.0	  100.0	   14.9	    0.0	    0.0	    0.0	    0.0	    9.5	  1	   50.0	 1450.0	   14.9	    0.0	    0.0	1	   65.7	 21	    0.0	    8.7	
  250	  28.95	    0.0	 1500.0	    0.0	 1309.1	 1232.8	    0.0	  200.0	    0.0	    0.0	    0.0	    0.0	  100.0	   14.6	    0.0	    0.0	    0.0	    0.0	    9.5	  1	   50.0	 1450.0	   14.6	    0.0	    0.0	1	   65.7	 21	    0.0	    8.6	
  251	  29.05	    0.0	 1500.0	    0.0	 1296.5	 1229.9	    0.0	  200.0	    0.0	    0.0	    0.0	    0.0	  100.0	   14.3	    0.0	    0.0	    0.0	    0.0	    9.5	  1	   50.0	 1450.0	   14.3	    0.0	    0.0	1	   65.7	 21	    0.0	    8.5	
  252	  29.15	    0.0	 1500.0	    0.0	 1296.5	 1229.9	    0.0	  200.0	    0.0	    0.0	    0.0	    0.0	  100.0	   14.0	    0.0	    0.0	    0.0	    0.0	    9.6	  1	   50.0	 1450.0	   14.0	    0.0	    0.0	1	   65.7	 21	    0.0	    8.5	
  253	  29.25	    0.0	 1500.0	    0.0	 1296.5	 1229.9	    0.0	  200.0	    0.0	    0.0	    0.0	    0.0	  100.0	   13.7	    0.0	    0.0	    0.0	    0.0	    9.6	  1	   50.0	 1450.0	   13.7	    0.0	    0.0	1	   65.7	 21	    0.0	    8.4	
  254	  29.35	    0.0	 1500.0	    0.0	 1309.1	 1232.8	    0.0	  200.0	    0.0	    0.0	    0.0	    0.0	  100.0	   13.4	    0.0	    0.0	    0.0	    0.0	    9.7	  1	   50.0	 1450.0	   13.4	    0.0	    0.0	1	   65.7	 21	    0.0	    8.3	
  255	  29.45	    0.0	 1500.0	    0.0	 1285.4	 1231.9	    0.0	  200.0	    0.0	    0.0	    0.0	    0.0	  100.0	   13.1	    0.0	    0.0	    0.0	    0.0	    9.7	  1	   50.0	 1450.0	   13.1	    0.0	    0.0	1	   65.7	 21	    0.0	    8.3	
  256	  29.55	    0.0	 1500.0	    0.0	 1285.4	 1231.9	    0.0	  200.0	    0.0	    0.0	    0.0	    0.0	  100.0	   12.8	    0.0	    0.0	    0.0	    0.0	    9.7	  1	   50.0	 1450.0	   12.8	    0.0	    0.0	1	   65.7	 21	    0.0	    8.2	
  257	  29.65	    0.0	 1500.0	    0.0	 1285.4	 1231.9	    0.0	  200.0	    0.0	    0.0	    0.0	    0.0	  100.0	   12.5	    0.0	    0.0	    0.0	    0.0	    9.8	  1	   50.0	 1450.0	   12.5	    0.0	    0.0	1	   65.7	 21	    0.0	    8.1	
  258	  29.75	    0.0	 1500.0	    0.0	 1285.4	 1231.9	    0.0	  200.0	    0.0	    0.0	    0.0	    0.0	  100.0	   12.2	    0.0	    0.0	    0.0	    0.0	    9.8	  1	   50.0	 1450.0	   12.2	    0.0	    0.0	1	   65.7	 21	    0.0	    8.0	
  259	  29.85	    0.0	 1500.0	    0.0	 1285.4	 1231.9	    0.0	  200.0	    0.0	    0.0	    0.0	    0.0	  100.0	   11.9	    0.0	    0.0	    0.0	    0.0	    9.8	  1	   50.0	 1450.0	   11.9	    0.0	    0.0	1	   65.7	 21	    0.0	    7.9	
  260	  29.95	    0.0	 1500.0	    0.0	 1133.2	 1256.3	    0.0	  200.0	    0.0	    0.0	    0.0	    0.0	  100.0	   11.5	    0.0	    0.0	    0.0	    0.0	    9.9	  1	   50.0	 1450.0	   11.5	    0.0	    0.0	1	   65.7	 21	    0.0	    8.5	
  261	  30.05	    0.0	 1500.0	    0.0	 1133.2	 1256.3	    0.0	  200.0	    0.0	    0.0	    0.0	    0.0	  100.0	   11.2	    0.0	    0.0	    0.0	    0.0	    9.9	  1	   50.0	 1450.0	   11.2	    0.0	    0.0	1	   65.7	 21	    0.0	    8.1	
  262	  30.15	    0.0	 1500.0	    0.0	 1133.2	 1256.3	    0.0	  200.0	    0.0	    0.0	    0.0	    0.0	  100.0	   10.8	    0.0	    0.0	    0.0	    0.0	   10.0	  1	   50.0	 1450.0	   10.8	    0.0	    0.0	1	   65.7	 21	    0.0	    8.0	
  263	  30.25	    0.0	 1500.0	    0.0	 1133.2	 1256.3	    0.0	  200.0	    0.0	    0.0	    0.0	    0.0	  100.0	   10.5	    0.0	    0.0	    0.0	    0.0	   10.0	  1	   50.0	 1450.0	   10.5	    0.0	    0.0	1	   65.7	 21	    0.0	    7.9	
  264	  30.35	    0.0	 1500.0	    0.0	 1133.2	 1256.3	    0.0	  200.0	    0.0	    0.0	    0.0	    0.0	  100.0	   10.1	    0.0	    0.0	    0.0	    0.0	   10.0	  1	   50.0	 1450.0	   10.1	    0.0	    0.0	1	   65.7	 21	    0.0	    7.8	
  265	  30.45	    0.0	 1500.0	    0.0	 1133.2	 1256.3	    0.0	  200.0	    0.0	    0.0	    0.0	    0.0	  100.0	    9.8	    0.0	    0.0	    0.0	    0.0	   10.1	  1	   50.0	 1450.0	    9.8	    0.0	    0.0	1	   65.7	 21	    0.0	    7.6	
  266	  30.55	    0.0	 1500.0	    0.0	 1133.2	 1256.3	    0.0	  200.0	    0.0	    0.0	    0.0	    0.0	  100.0	    9.5	    0.0	    0.0	    0.0	    0.0	   10.1	  1	   50.0	 1450.0	    9.5	    0.0	    0.0	1	   65.7	 21	    0.0	    7.5	
  267	  30.65	    0.0	 1500.0	    0.0	  974.3	 1288.2	    0.0	  200.0	    0.0	    0.0	    0.0	    0.0	  100.0	    9.0	    0.0	    0.0	    0.0	    0.0	   10.1	  1	   50.0	 1450.0	    9.0	    0.0	    0.0	1	   65.7	 21	    0.0	    7.9	
  268	  30.75	    0.0	 1500.0	    0.0	  974.3	 1288.2	    0.0	  200.0	    0.0	    0.0	    0.0	    0.0	  100.0	    8.7	    0.0	    0.0	    0.0	    0.0	   10.2	  1	   50.0	 1450.0	    8.7	    0.0	    0.0	1	   65.7	 21	    0.0	    7.5	
  269	  30.85	    0.0	 1500.0	    0.0	  974.3	 1288.2	    0.0	  200.0	    0.0	    0.0	    0.0	    0.0	  100.0	    8.3	    0.0	    0.0	    0.0	    0.0	   10.2	  1	   50.0	 1450.0	    8.3	    0.0	    0.0	1	   65.7	 21	    0.0	    7.4	
  270	  30.95	    0.0	 1500.0	    0.0	  974.3	 1288.2	    0.0	  200.0	    0.0	    0.0	    0.0	    0.0	  100.0	    7.9	    0.0	    0.0	    0.0	    0.0	   10.3	  1	   50.0	 1450.0	    7.9	    0.0	    0.0	1	   65.7	 21	    0.0	    7.3	
  271	  31.05	    0.0	 1500.0	    0.0	  974.3	 1288.2	    0.0	  200.0	    0.0	    0.0	    0.0	    0.0	  100.0	    7.5	    0.0	    0.0	    0.0	    0.0	   10.3	  1	   50.0	 1450.0	    7.5	    0.0	    0.0	1	   65.7	 21	    0.0	    7.2	
  272	  31.15	    0.0	 1500.0	    0.0	  927.5	 1292.8	    0.0	  200.0	    0.0	    0.0	    0.0	    0.0	  100.0	    7.1	    0.0	    0.0	    0.0	    0.0	   10.3	  1	   50.0	 1450.0	    7.1	    0.0	    0.0	1	   65.7	 21	    0.0	    7.1	
  273	  31.25	    0.0	 1500.0	    0.0	  927.5	 1292.8	    0.0	  200.0	    0.0	    0.0	    0.0	    0.0	  100.0	    6.7	    0.0	    0.0	    0.0	    0.0	   10.4	  1	   50.0	 1450.0	    6.7	    0.0	    0.0	1	   65.7	 21	    0.0	    7.0	
  274	  31.35	    0.0	 1500.0	    0.0	  974.3	 1288.2	    0.0	  200.0	    0.0	    0.0	    0.0	    0.0	  100.0	    6.3	    0.0	    0.0	    0.0	    0.0	   10.4	  1	   50.0	 1450.0	    6.3	    0.0	    0.0	1	   65.7	 21	    0.0	    6.8	
  275	  31.45	    0.0	 1500.0	    0.0	  927.5	 1292.8	    0.0	  200.0	    0.0	    0.0	    0.0	    0.0	  100.0	    5.9	    0.0	    0.0	    0.0	    0.0	   10.4	  1	   50.0	 1450.0	    5.9	    0.0	    0.0	1	   65.7	 21	    0.0	    6.7	
  276	  31.55	    0.0	 1500.0	    0.0	  691.8	 1339.8	    0.0	  200.0	    0.0	    0.0	    0.0	    0.0	  100.0	    5.5	    0.0	    0.0	    0.0	    0.0	   10.5	  1	  -50.0	 1550.0	    5.5	    0.0	    0.0	1	   69.0	 21	    0.0	    6.8	
  277	  31.65	    0.0	 1500.0	    0.0	  691.8	 1339.8	    0.0	  200.0	    0.0	    0.0	    0.0	    0.0	  100.0	    5.0	    0.0	    0.0	    0.0	    0.0	   10.5	  1	  -50.0	 1550.0	    5.0	    0.0	    0.0	1	   69.0	 21	    0.0	    6.6	
  278	  31.75	    0.0	 1500.0	    0.0	  691.8	 1339.8	    0.0	  200.0	    0.0	    0.0	    0.0	    0.0	  100.0	    4.6	    0.0	    0.0	    0.0	    0.0	   10.6	  1	  -50.0	 1550.0	    4.6	    0.0	    0.0	1	   69.0	 21	    0.0	    6.4	
  279	  31.85	    0.0	 1500.0	    0.0	  691.8	 1339.8	    0.0	  200.0	    0.0	    0.0	    0.0	    0.0	  100.0	    4.2	    0.0	    0.0	    0.0	    0.0	   10.6	  1	  -50.0	 1550.0	    4.2	    0.0	    0.0	1	   69.0	 21	    0.0	    6.2	
  280	  31.95	    0.0	 1500.0	    0.0	  691.8	 1339.8	    0.0	  200.0	    0.0	    0.0	    0.0	    0.0	  100.0	    3.7	    0.0	    0.0	    0.0	    0.0	   10.6	  1	  -50.0	 1550.0	    3.7	    0.0	    0.0	1	   69.0	 21	    0.0	    6.1	
  281	  32.05	    0.0	 1500.0	    0.0	  691.8	 1339.8	    0.0	  200.0	    0.0	    0.0	    0.0	    0.0	  100.0	    3.3	    0.0	    0.0	    0.0	    0.0	   10.7	  1	  -50.0	 1550.0	    3.3	    0.0	    0.0	1	   69.0	 21	    0.0	    5.9	
  282	  32.15	    0.0	 1500.0	    0.0	  735.3	 1326.8	    0.0	  200.0	    0.0	    0.0	    0.0	    0.0	  100.0	    2.8	    0.0	    0.0	    0.0	    0.0	   10.7	  1	  -50.0	 1450.0	    2.8	    0.0	    0.0	1	   60.6	 21	    0.0	    5.8	
  283	  32.25	    0.0	 1500.0	    0.0	  735.3	 1326.8	    0.0	  200.0	    0.0	    0.0	    0.0	    0.0	  100.0	    2.4	    0.0	    0.0	    0.0	    0.0	   10.8	  1	  -50.0	 1450.0	    2.4	    0.0	    0.0	1	   60.6	 21	    0.0	    5.6	
  284	  32.35	    0.0	 1500.0	    0.0	  735.3	 1326.8	    0.0	  200.0	    0.0	    0.0	    0.0	    0.0	  100.0	    2.0	    0.0	    0.0	    0.0	    0.0	   10.8	  1	  -50.0	 1450.0	    2.0	    0.0	    0.0	1	   60.6	 21	    0.0	    5.5	
  285	  32.45	    0.0	 1500.0	    0.0	  735.3	 1326.8	    0.0	  200.0	    0.0	    0.0	    0.0	    0.0	  100.0	    1.5	    0.0	    0.0	    0.0	    0.0	   10.8	  1	  -50.0	 1450.0	    1.5	    0.0	    0.0	1	   60.6	 21	    0.0	    5.3	
  286	  32.55	    0.0	 1500.0	    0.0	  680.7	 1311.7	    0.0	  200.0	    0.0	    0.0	    0.0	    0.0	  100.0	    1.1	    0.0	    0.0	    0.0	    0.0	   10.9	  1	  -50.0	 1550.0	    1.1	    0.0	    0.0	1	   69.0	 21	    0.0	    5.2	
  287	  32.65	    0.0	 1500.0	    0.0	  680.7	 1311.7	    0.0	  200.0	    0.0	    0.0	    0.0	    0.0	  100.0	    0.7	    0.0	    0.0	    0.0	    0.0	   10.9	  1	  -50.0	 1550.0	    0.7	    0.0	    0.0	1	   69.0	 21	    0.0	    5.1	
  288	  32.75	    0.0	 1500.0	    0.0	  735.3	 1326.8	    0.0	  200.0	    0.0	    0.0	    0.0	    0.0	  100.0	    0.2	    0.0	    0.0	    0.0	    0.0	   10.9	  1	  -50.0	 1450.0	    0.2	    0.0	    0.0	1	   60.6	 21	    0.0	    5.0	
  289	  32.85	    0.0	 1500.0	    0.0	  680.7	 1311.7	    0.0	  200.0	    0.0	    0.0	    0.0	    0.0	  100.0	    0.0	    0.0	    0.0	    0.0	    0.0	   11.0	  1	  -50.0	 1550.0	    0.0	    0.0	    0.0	1	   69.0	 21	    0.0	    5.0	
  290	  32.95	    0.0	 1500.0	    0.0	  680.7	 1311.7	    0.0	  200.0	    0.0	    0.0	    0.0	    0.0	  100.0	    0.0	    0.0	    0.0	    0.0	    0.0	   11.0	  1	  -50.0	 1550.0	    0.0	    0.0	    0.0	1	   69.0	 21	    0.0	    5.0	
  291	  33.05	    0.0	 1500.0	    0.0	  611.0	 1346.5	    0.0	  200.0	    0.0	    0.0	    0.0	    0.0	  100.0	    0.0	    0.0	    0.0	    0.0	    0.0	   11.1	  1	 -150.0	 1550.0	    0.0	    0.0	    0.0	1	  144.1	 21	    0.0	    5.0	
  292	  33.15	    0.0	 1500.0	    0.0	  611.0	 1346.5	    0.0	  200.0	    0.0	    0.0	    0.0	    0.0	  100.0	    0.0	    0.0	    0.0	    0.0	    0.0	   11.1	  1	 -150.0	 1550.0	    0.0	    0.0	    0.0	1	  144.1	 21	    0.0	    5.0	
  293	  33.25	    0.0	 1500.0	    0.0	  611.0	 1346.5	    0.0	  200.0	    0.0	    0.0	    0.0	    0.0	  100.0	    0.0	    0.0	    0.0	    0.0	    0.0	   11.1	  1	 -150.0	 1550.0	    0.0	    0.0	    0.0	1	  144.1	 21	    0.0	    5.0	
  294	  33.35	    0.0	 1500.0	    0.0	  611.0	 1346.5	    0.0	  200.0	    0.0	    0.0	    0.0	    0.0	  100.0	    0.0	    0.0	    0.0	    0.0	    0.0	   11.2	  1	 -150.0	 1550.0	    0.0	    0.0	    0.0	1	  144.1	 21	    0.0	    5.0	
  295	  33.45	    0.0	 1500.0	    0.0	  611.0	 1346.5	    0.0	  200.0	    0.0	    0.0	    0.0	    0.0	  100.0	    0.0	    0.0	    0.0	    0.0	    0.0	   11.2	  1	 -150.0	 1550.0	    0.0	    0.0	    0.0	1	  144.1	 21	    0.0	    5.0	
  296	  33.55	    0.0	 1500.0	    0.0	  669.5	 1370.0	    0.0	  200.0	    0.0	    0.0	    0.0	    0.0	  100.0	    0.0	    0.0	    0.0	    0.0	    0.0	   11.2	  1	 -150.0	 1550.0	    0.0	    0.0	    0.0	1	  144.1	 21	    0.0	    5.0	
  297	  33.65	    0.0	 1500.0	    0.0	  669.5	 1370.0	    0.0	  200.0	    0.0	    0.0	    0.0	    0.0	  100.0	    0.0	    0.0	    0.0	    0.0	    0.0	   11.3	  1	 -150.0	 1550.0	    0.0	    0.0	    0.0	1	  144.1	 21	    0.0	    5.0	
  298	  33.75	    0.0	 1500.0	    0.0	  669.5	 1370.0	    0.0	  200.0	    0.0	    0.0	    0.0	    0.0	  100.0	    0.0	    0.0	    0.0	    0.0	    0.0	   11.3	  1	 -150.0	 1550.0	    0.0	    0.0	    0.0	1	  144.1	 21	    0.0	    5.0	
  299	  33.85	    0.0	 1500.0	    0.0	  669.5	 1370.0	    0.0	  200.0	    0.0	    0.0	    0.0	    0.0	  100.0	    0.0	    0.0	    0.0	    0.0	    0.0	   11.4	  1	 -150.0	 1550.0	    0.0	    0.0	    0.0	1	  144.1	 21	    0.0	    5.0	
  300	  33.95	    0.0	 1500.0	    0.0	  669.5	 1370.0	    0.0	  200.0	    0.0	    0.0	    0.0	    0.0	  100.0	    0.0	    0.0	    0.0	    0.0	    0.0	   11.4	  1	 -150.0	 1550.0	    0.0	    0.0	    0.0	1	  144.1	 21	    0.0	    5.0	
  301	  34.05	    0.0	 1500.0	    0.0	  688.1	 1381.8	    0.0	  200.0	    0.0	    0.0	    0.0	    0.0	  100.0	    0.0	    0.0	    0.0	    0.0	    0.0	   11.4	  1	  -50.0	 1550.0	    0.0	    0.0	    0.0	1	   69.0	 21	    0.0	    5.0	
  302	  34.15	    0.0	 1500.0	    0.0	  688.1	 1381.8	    0.0	  200.0	    0.0	    0.0	    0.0	    0.0	  100.0	    0.0	    0.0	    0.0	    0.0	    0.0	   11.5	  1	  -50.0	 1550.0	    0.0	    0.0	    0.0	1	   69.0	 21	    0.0	    5.0	
  303	  34.25	    0.0	 1500.0	    0.0	  688.1	 1381.8	    0.0	  200.0	    0.0	    0.0	    0.0	    0.0	  100.0	    0.0	    0.0	    0.0	    0.0	    0.0	   11.5	  1	  -50.0	 1550.0	    0.0	    0.0	    0.0	1	   69.0	 21	    0.0	    5.0	
  304	  34.35	    0.0	 1500.0	    0.0	  688.1	 1381.8	    0.0	  200.0	    0.0	    0.0	    0.0	    0.0	  100.0	    0.0	    0.0	    0.0	    0.0	    0.0	   11.6	  1	  -50.0	 1550.0	    0.0	    0.0	    0.0	1	   69.0	 21	    0.0	    5.0	
  305	  34.45	    0.0	 1500.0	    0.0	  688.1	 1381.8	    0.0	  200.0	    0.0	    0.0	    0.0	    0.0	  100.0	    0.0	    0.0	    0.0	    0.0	    0.0	   11.6	  1	  -50.0	 1550.0	    0.0	    0.0	    0.0	1	   69.0	 21	    0.0	    5.0	
  306	  34.55	    0.0	 1500.0	    0.0	  641.9	 1377.2	    0.0	  200.0	    0.0	    0.0	    0.0	    0.0	  100.0	    0.0	    0.0	    0.0	    0.0	    0.0	   11.6	  1	 -150.0	 1550.0	    0.0	    0.0	    0.0	1	  144.1	 21	    0.0	    5.0	
  307	  34.65	    0.0	 1500.0	    0.0	  641.9	 1377.2	    0.0	  200.0	    0.0	    0.0	    0.0	    0.0	  100.0	    0.0	    0.0	    0.0	    0.0	    0.0	   11.7	  1	 -150.0	 1550.0	    0.0	    0.0	    0.0	1	  144.1	 21	    0.0	    5.0	
  308	  34.75	    0.0	 1500.0	    0.0	  641.9	 1377.2	    0.0	  200.0	    0.0	    0.0	    0.0	    0.0	  100.0	    0.0	    0.0	    0.0	    0.0	    0.0	   11.7	  1	 -150.0	 1550.0	    0.0	    0.0	    0.0	1	  144.1	 21	    0.0	    5.0	
  309	  34.85	    0.0	 1500.0	    0.0	  572.4	 1262.5	    0.0	  200.0	    0.0	    0.0	    0.0	    0.0	  100.0	    0.0	    0.0	    0.0	    0.0	    0.0	   11.7	  1	 -150.0	 1550.0	    0.0	    0.0	    0.0	1	  144.1	 21	    0.0	    5.0	
  310	  34.95	    0.0	 1500.0	    0.0	  608.8	 1356.1	    0.0	  200.0	    0.0	    0.0	    0.0	    0.0	  100.0	    0.0	    0.0	    0.0	    0.0	    0.0	   11.8	  1	 -150.0	 1550.0	    0.0	    0.0	    0.0	1	  144.1	 21	    0.0	    5.0	
  311	  35.05	    0.0	 1500.0	    0.0	  608.8	 1356.1	    0.0	  200.0	    0.0	    0.0	    0.0	    0.0	  100.0	    0.0	    0.0	    0.0	    0.0	    0.0	   11.8	  1	 -150.0	 1550.0	    0.0	    0.0	    0.0	1	  144.1	 21	    0.0	    5.0	
  312	  35.15	    0.0	 1500.0	    0.0	  641.9	 1377.2	    0.0	  200.0	    0.0	    0.0	    0.0	    0.0	  100.0	    0.0	    0.0	    0.0	    0.0	    0.0	   11.9	  1	 -150.0	 1550.0	    0.0	    0.0	    0.0	1	  144.1	 21	    0.0	    5.0	
  313	  35.25	    0.0	 1500.0	    0.0	  608.8	 1356.1	    0.0	  200.0	    0.0	    0.0	    0.0	    0.0	  100.0	    0.0	    0.0	    0.0	    0.0	    0.0	   11.9	  1	 -150.0	 1550.0	    0.0	    0.0	    0.0	1	  144.1	 21	    0.0	    5.0	
  314	  35.35	    0.0	 1500.0	    0.0	  608.8	 1356.1	    0.0	  200.0	    0.0	    0.0	    0.0	    0.0	  100.0	    0.0	    0.0	    0.0	    0.0	    0.0	   11.9	  1	 -150.0	 1550.0	    0.0	    0.0	    0.0	1	  144.1	 21	    0.0	    5.0	
  315	  35.45	    0.0	 1500.0	    0.0	  581.8	 1344.0	    0.0	  200.0	    0.0	    0.0	    0.0	    0.0	  100.0	    0.0	    0.0	    0.0	    0.0	    0.0	   12.0	  1	 -150.0	 1550.0	    0.0	    0.0	    0.0	1	  144.2	 21	    0.0	    5.0	
  316	  35.55	    0.0	 1500.0	    0.0	  581.8	 1344.0	    0.0	  200.0	    0.0	    0.0	    0.0	    0.0	  100.0	    0.0	    0.0	    0.0	    0.0	    0.0	   12.0	  1	 -150.0	 1550.0	    0.0	    0.0	    0.0	1	  144.2	 21	    0.0	    5.0	
  317	  35.65	    0.0	 1500.0	    0.0	  581.8	 1344.0	    0.0	  200.0	    0.0	    0.0	    0.0	    0.0	  100.0	    0.0	    0.0	    0.0	    0.0	    0.0	   12.0	  1	 -150.0	 1550.0	    0.0	    0.0	    0.0	1	  144.2	 21	    0.0	    5.0	
  318	  35.75	    0.0	 1500.0	    0.0	  581.8	 1344.0	    0.0	  200.0	    0.0	    0.0	    0.0	    0.0	  100.0	    0.0	    0.0	    0.0	    0.0	    0.0	   12.1	  1	 -150.0	 1550.0	    0.0	    0.0	    0.0	1	  144.2	 21	    0.0	    5.0	
  319	  35.85	    0.0	 1500.0	    0.0	  581.8	 1344.0	    0.0	  200.0	    0.0	    0.0	    0.0	    0.0	  100.0	    0.0	    0.0	    0.0	    0.0	    0.0	   12.1	  1	 -150.0	 1550.0	    0.0	    0.0	    0.0	1	  144.2	 21	    0.0	    5.0	
  320	  35.95	    0.0	 1500.0	    0.0	  616.0	 1343.2	    0.0	  200.0	    0.0	    0.0	    0.0	    0.0	  100.0	    0.0	    0.0	    0.0	    0.0	    0.0	   12.2	  1	 -150.0	 1550.0	    0.0	    0.0	    0.0	1	  144.1	 21	    0.0	    5.0	
  321	  36.05	    0.0	 1500.0	    0.0	  616.0	 1343.2	    0.0	  200.0	    0.0	    0.0	    0.0	    0.0	  100.0	    0.0	    0.0	    0.0	    0.0	    0.0	   12.2	  1	 -150.0	 1550.0	    0.0	    0.0	    0.0	1	  144.1	 21	    0.0	    5.0	
  322	  36.15	    0.0	 1500.0	    0.0	  616.0	 1343.2	    0.0	  200.0	    0.0	    0.0	    0.0	    0.0	  100.0	    0.0	    0.0	    0.0	    0.0	    0.0	   12.2	  1	 -150.0	 1550.0	    0.0	    0.0	    0.0	1	  144.1	 21	    0.0	    5.0	
  323	  36.25	    0.0	 1500.0	    0.0	  616.0	 1343.2	    0.0	  200.0	    0.0	    0.0	    0.0	    0.0	  100.0	    0.0	    0.0	    0.0	    0.0	    0.0	   12.3	  1	 -150.0	 1550.0	    0.0	    0.0	    0.0	1	  144.1	 21	    0.0	    5.0	
  324	  36.35	    0.0	 1500.0	    0.0	  616.0	 1343.2	    0.0	  200.0	    0.0	    0.0	    0.0	    0.0	  100.0	    0.0	    0.0	    0.0	    0.0	    0.0	   12.3	  1	 -150.0	 1550.0	    0.0	    0.0	    0.0	1	  144.1	 21	    0.0	    5.0	
  325	  36.45	    0.0	 1500.0	    0.0	  638.1	 1348.8	    0.0	  200.0	    0.0	    0.0	    0.0	    0.0	  100.0	    0.0	    0.0	    0.0	    0.0	    0.0	   12.3	  1	 -150.0	 1550.0	    0.0	    0.0	    0.0	1	  144.1	 21	    0.0	    5.0	
  326	  36.55	    0.0	 1500.0	    0.0	  638.1	 1348.8	    0.0	  200.0	    0.0	    0.0	    0.0	    0.0	  100.0	    0.0	    0.0	    0.0	    0.0	    0.0	   12.4	  1	 -150.0	 1550.0	    0.0	    0.0	    0.0	1	  144.1	 21	    0.0	    5.0	
  327	  36.65	    0.0	 1500.0	    0.0	  638.1	 1348.8	    0.0	  200.0	    0.0	    0.0	    0.0	    0.0	  100.0	    0.0	    0.0	    0.0	    0.0	    0.0	   12.4	  1	 -150.0	 1550.0	    0.0	    0.0	    0.0	1	  144.1	 21	    0.0	    5.0	
