    1	   5.32	    0.0	 1500.0	    0.0	    0.0	 1500.0	    0.0	  200.0	    0.0	 1500.0	    0.0	  200.0	  100.0	   99.7	    0.0	    0.0	    0.0	    0.0	    0.1	  1	 -750.0	 1550.0	   99.7	    0.0	    0.0	1	  521.5	 21	    0.0	    7.7	
    2	   5.42	    0.0	 1500.0	    0.0	    0.0	 1500.0	    0.0	  200.0	    0.0	 1500.0	    0.0	  200.0	  100.0	   99.2	    0.0	    0.0	    0.0	    0.0	    0.1	  1	 -750.0	 1550.0	   99.2	    0.0	    0.0	1	  396.2	 21	 1305.5	   10.5	
    3	   5.52	    0.0	 1500.0	    0.0	    0.0	 1500.0	    0.0	  200.0	    0.0	 1500.0	    0.0	  200.0	  100.0	   98.7	    0.0	    0.0	    0.0	    0.0	    0.2	  1	 -750.0	 1550.0	   98.7	    0.0	    0.0	1	  395.8	 21	 1305.2	   10.5	
    4	   5.62	    0.0	 1500.0	    0.0	    0.0	 1500.0	    0.0	  200.0	    0.0	 1500.0	    0.0	  200.0	  100.0	   98.2	    0.0	    0.0	    0.0	    0.0	    0.3	  1	 -750.0	 1550.0	   98.2	    0.0	    0.0	1	  395.3	 21	 1304.9	   10.5	
    5	   5.72	    0.0	 1500.0	    0.0	    0.0	 1500.0	    0.0	  200.0	    0.0	 1500.0	    0.0	  200.0	  100.0	   97.7	    0.0	    0.0	    0.0	    0.0	    0.3	  1	 -750.0	 1550.0	   97.7	    0.0	    0.0	1	  394.9	 21	 1304.6	   10.5	
    6	   5.82	    0.0	 1500.0	    0.0	    0.0	 1500.0	    0.0	  200.0	    0.0	 1500.0	    0.0	  200.0	  100.0	   97.2	    0.0	    0.0	    0.0	    0.0	    0.4	  1	 -750.0	 1550.0	   97.2	    0.0	    0.0	1	  394.4	 21	 1304.3	   10.4	
    7	   5.92	    0.0	 1500.0	    0.0	    0.0	 1500.0	    0.0	  200.0	    0.0	 1500.0	    0.0	  200.0	  100.0	   96.7	    0.0	    0.0	    0.0	    0.0	    0.5	  1	 -750.0	 1550.0	   96.7	    0.0	    0.0	1	  394.0	 21	 1304.1	   10.4	
    8	   6.02	    0.0	 1500.0	    0.0	    0.0	 1500.0	    0.0	  200.0	    0.0	 1500.0	    0.0	  200.0	  100.0	   96.2	    0.0	    0.0	    0.0	    0.0	    0.5	  1	 -750.0	 1550.0	   96.2	    0.0	    0.0	1	  393.5	 21	 1303.8	   10.4	
    9	   6.12	    0.0	 1500.0	    0.0	    0.0	 1500.0	    0.0	  200.0	    0.0	 1500.0	    0.0	  200.0	  100.0	   95.7	    0.0	    0.0	    0.0	    0.0	    0.6	  1	 -750.0	 1550.0	   95.7	    0.0	    0.0	1	  393.1	 21	 1303.5	   10.3	
   10	   6.22	    0.0	 1500.0	    0.0	    0.0	 1500.0	    0.0	  200.0	    0.0	 1500.0	    0.0	  200.0	  100.0	   95.2	    0.0	    0.0	    0.0	    0.0	    0.7	  1	 -750.0	 1550.0	   95.2	    0.0	    0.0	1	  392.6	 21	 1303.2	   10.3	
   11	   6.32	    0.0	 1500.0	    0.0	    0.0	 1500.0	    0.0	  200.0	    0.0	 1500.0	    0.0	  200.0	  100.0	   94.7	    0.0	    0.0	    0.0	    0.0	    0.7	  1	 -750.0	 1550.0	   94.7	    0.0	    0.0	1	  392.2	 21	 1302.9	   10.3	
   12	   6.42	    0.0	 1500.0	    0.0	    0.0	 1500.0	    0.0	  200.0	    0.0	 1500.0	    0.0	  200.0	  100.0	   94.2	    0.0	    0.0	    0.0	    0.0	    0.8	  1	 -750.0	 1550.0	   94.2	    0.0	    0.0	1	  391.7	 21	 1302.6	   10.3	
   13	   6.52	    0.0	 1500.0	    0.0	    0.0	 1500.0	    0.0	  200.0	    0.0	 1500.0	    0.0	  200.0	  100.0	   93.7	    0.0	    0.0	    0.0	    0.0	    0.9	  1	 -750.0	 1550.0	   93.7	    0.0	    0.0	1	  391.2	 21	 1302.4	   10.2	
   14	   6.62	    0.0	 1500.0	    0.0	    0.0	 1500.0	    0.0	  200.0	    0.0	 1500.0	    0.0	  200.0	  100.0	   93.2	    0.0	    0.0	    0.0	    0.0	    0.9	  1	 -750.0	 1550.0	   93.2	    0.0	    0.0	1	  390.8	 21	 1302.1	   10.2	
   15	   6.72	    0.0	 1500.0	    0.0	    0.0	 1500.0	    0.0	  200.0	    0.0	 1500.0	    0.0	  200.0	  100.0	   92.7	    0.0	    0.0	    0.0	    0.0	    1.0	  1	 -750.0	 1550.0	   92.7	    0.0	    0.0	1	  390.3	 21	 1301.8	   10.2	
   16	   6.82	    0.0	 1500.0	    0.0	    0.0	 1500.0	    0.0	  200.0	    0.0	 1500.0	    0.0	  200.0	  100.0	   92.2	    0.0	    0.0	    0.0	    0.0	    1.1	  1	 -750.0	 1550.0	   92.2	    0.0	    0.0	1	  389.9	 21	 1301.5	   10.2	
   17	   6.92	    0.0	 1500.0	    0.0	    0.0	 1500.0	    0.0	  200.0	    0.0	 1500.0	    0.0	  200.0	  100.0	   91.7	    0.0	    0.0	    0.0	    0.0	    1.2	  1	 -750.0	 1550.0	   91.7	    0.0	    0.0	1	  389.4	 21	 1301.2	   10.1	
   18	   7.02	    0.0	 1500.0	    0.0	    0.0	 1500.0	    0.0	  200.0	    0.0	 1500.0	    0.0	  200.0	  100.0	   91.2	    0.0	    0.0	    0.0	    0.0	    1.2	  1	 -750.0	 1550.0	   91.2	    0.0	    0.0	1	  389.0	 21	 1301.0	   10.1	
   19	   7.12	    0.0	 1500.0	    0.0	    0.0	 1500.0	    0.0	  200.0	    0.0	 1500.0	    0.0	  200.0	  100.0	   90.7	    0.0	    0.0	    0.0	    0.0	    1.3	  1	 -750.0	 1550.0	   90.7	    0.0	    0.0	1	  388.5	 21	 1300.7	   10.1	
   20	   7.22	    0.0	 1500.0	    0.0	    0.0	 1500.0	    0.0	  200.0	    0.0	 1500.0	    0.0	  200.0	  100.0	   90.2	    0.0	    0.0	    0.0	    0.0	    1.4	  1	 -750.0	 1550.0	   90.2	    0.0	    0.0	1	  388.0	 21	 1300.4	   10.0	
   21	   7.32	    0.0	 1500.0	    0.0	    0.0	 1500.0	    0.0	  200.0	    0.0	 1500.0	    0.0	  200.0	  100.0	   89.7	    0.0	    0.0	    0.0	    0.0	    1.4	  1	 -750.0	 1550.0	   89.7	    0.0	    0.0	1	  387.6	 21	 1300.1	   10.0	
   22	   7.42	    0.0	 1500.0	    0.0	    0.0	 1500.0	    0.0	  200.0	    0.0	 1500.0	    0.0	  200.0	  100.0	   89.2	    0.0	    0.0	    0.0	    0.0	    1.5	  1	 -750.0	 1550.0	   89.2	    0.0	    0.0	1	  387.1	 21	    0.0	   10.0	
   23	   7.52	    0.0	 1500.0	    0.0	    0.0	 1500.0	    0.0	  200.0	    0.0	 1500.0	    0.0	  200.0	  100.0	   88.7	    0.0	    0.0	    0.0	    0.0	    1.6	  1	 -750.0	 1550.0	   88.7	    0.0	    0.0	1	  386.7	 21	    0.0	   10.0	
   24	   7.62	    0.0	 1500.0	    0.0	    0.0	 1500.0	    0.0	  200.0	    0.0	 1500.0	    0.0	  200.0	  100.0	   88.2	    0.0	    0.0	    0.0	    0.0	    1.6	  1	 -750.0	 1550.0	   88.2	    0.0	    0.0	1	  386.2	 21	    0.0	    9.9	
   25	   7.72	    0.0	 1500.0	    0.0	    0.0	 1500.0	    0.0	  200.0	    0.0	 1500.0	    0.0	  200.0	  100.0	   87.7	    0.0	    0.0	    0.0	    0.0	    1.7	  1	 -750.0	 1550.0	   87.7	    0.0	    0.0	1	  385.7	 21	    0.0	    9.9	
   26	   7.82	    0.0	 1500.0	    0.0	    0.0	 1500.0	    0.0	  200.0	    0.0	 1500.0	    0.0	  200.0	  100.0	   87.2	    0.0	    0.0	    0.0	    0.0	    1.8	  1	 -750.0	 1550.0	   87.2	    0.0	    0.0	1	  385.3	 21	    0.0	    9.9	
   27	   7.92	    0.0	 1500.0	    0.0	    0.0	 1500.0	    0.0	  200.0	    0.0	 1500.0	    0.0	  200.0	  100.0	   86.7	    0.0	    0.0	    0.0	    0.0	    1.8	  1	 -750.0	 1550.0	   86.7	    0.0	    0.0	1	  384.8	 21	    0.0	    9.8	
   28	   8.02	    0.0	 1500.0	    0.0	    0.0	 1500.0	    0.0	  200.0	    0.0	 1500.0	    0.0	  200.0	  100.0	   86.2	    0.0	    0.0	    0.0	    0.0	    1.9	  1	 -750.0	 1550.0	   86.2	    0.0	    0.0	1	  384.4	 21	    0.0	    9.8	
   29	   8.12	    0.0	 1500.0	    0.0	    0.0	 1500.0	    0.0	  200.0	    0.0	 1500.0	    0.0	  200.0	  100.0	   85.7	    0.0	    0.0	    0.0	    0.0	    2.0	  1	 -750.0	 1550.0	   85.7	    0.0	    0.0	1	  383.9	 21	    0.0	    9.8	
   30	   8.22	    0.0	 1500.0	    0.0	    0.0	 1500.0	    0.0	  200.0	    0.0	 1500.0	    0.0	  200.0	  100.0	   85.2	    0.0	    0.0	    0.0	    0.0	    2.0	  1	 -750.0	 1550.0	   85.2	    0.0	    0.0	1	  383.4	 21	    0.0	    9.8	
   31	   8.32	    0.0	 1500.0	    0.0	    0.0	 1500.0	    0.0	  200.0	    0.0	 1500.0	    0.0	  200.0	  100.0	   84.7	    0.0	    0.0	    0.0	    0.0	    2.1	  1	 -750.0	 1550.0	   84.7	    0.0	    0.0	1	  383.0	 21	    0.0	    9.7	
   32	   8.42	    0.0	 1500.0	    0.0	    0.0	 1500.0	    0.0	  200.0	    0.0	 1500.0	    0.0	  200.0	  100.0	   84.2	    0.0	    0.0	    0.0	    0.0	    2.2	  1	 -750.0	 1550.0	   84.2	    0.0	    0.0	1	  382.5	 21	    0.0	    9.7	
   33	   8.52	    0.0	 1500.0	    0.0	    0.0	 1500.0	    0.0	  200.0	    0.0	 1500.0	    0.0	  200.0	  100.0	   83.7	    0.0	    0.0	    0.0	    0.0	    2.2	  1	 -750.0	 1550.0	   83.7	    0.0	    0.0	1	  382.0	 21	    0.0	    9.7	
   34	   8.62	    0.0	 1500.0	    0.0	    0.0	 1500.0	    0.0	  200.0	    0.0	 1500.0	    0.0	  200.0	  100.0	   83.2	    0.0	    0.0	    0.0	    0.0	    2.3	  1	 -750.0	 1550.0	   83.2	    0.0	    0.0	1	  381.6	 21	    0.0	    9.6	
   35	   8.72	    0.0	 1500.0	    0.0	    0.0	 1500.0	    0.0	  200.0	    0.0	 1500.0	    0.0	  200.0	  100.0	   82.7	    0.0	    0.0	    0.0	    0.0	    2.4	  1	 -750.0	 1550.0	   82.7	    0.0	    0.0	1	  381.1	 21	    0.0	    9.6	
   36	   8.82	    0.0	 1500.0	    0.0	    0.0	 1500.0	    0.0	  200.0	    0.0	 1500.0	    0.0	  200.0	  100.0	   82.2	    0.0	    0.0	    0.0	    0.0	    2.4	  1	 -750.0	 1550.0	   82.2	    0.0	    0.0	1	  380.6	 21	    0.0	    9.6	
   37	   8.92	    0.0	 1500.0	    0.0	    0.0	 1500.0	    0.0	  200.0	    0.0	 1500.0	    0.0	  200.0	  100.0	   81.7	    0.0	    0.0	    0.0	    0.0	    2.5	  1	 -750.0	 1550.0	   81.7	    0.0	    0.0	1	  380.2	 21	    0.0	    9.6	
   38	   9.02	    0.0	 1500.0	    0.0	    0.0	 1500.0	    0.0	  200.0	    0.0	 1500.0	    0.0	  200.0	  100.0	   81.2	    0.0	    0.0	    0.0	    0.0	    2.6	  1	 -750.0	 1550.0	   81.2	    0.0	    0.0	1	  379.7	 21	    0.0	    9.5	
   39	   9.12	    0.0	 1500.0	    0.0	    0.0	 1500.0	    0.0	  200.0	    0.0	 1500.0	    0.0	  200.0	  100.0	   80.7	    0.0	    0.0	    0.0	    0.0	    2.6	  1	 -750.0	 1550.0	   80.7	    0.0	    0.0	1	  379.2	 21	    0.0	    9.5	
   40	   9.22	    0.0	 1500.0	    0.0	    0.0	 1500.0	    0.0	  200.0	    0.0	 1500.0	    0.0	  200.0	  100.0	   80.2	    0.0	    0.0	    0.0	    0.0	    2.7	  1	 -750.0	 1550.0	   80.2	    0.0	    0.0	1	  378.8	 21	    0.0	    9.5	
   41	   9.32	    0.0	 1500.0	    0.0	    0.0	 1500.0	    0.0	  200.0	    0.0	 1500.0	    0.0	  200.0	  100.0	   79.7	    0.0	    0.0	    0.0	    0.0	    2.8	  1	 -750.0	 1550.0	   79.7	    0.0	    0.0	1	  378.3	 21	    0.0	    9.4	
   42	   9.42	    0.0	 1500.0	    0.0	    0.0	 1500.0	    0.0	  200.0	    0.0	 1500.0	    0.0	  200.0	  100.0	   79.2	    0.0	    0.0	    0.0	    0.0	    2.8	  1	 -750.0	 1550.0	   79.2	    0.0	    0.0	1	  377.8	 21	    0.0	    9.4	
   43	   9.52	    0.0	 1500.0	    0.0	    0.0	 1500.0	    0.0	  200.0	    0.0	 1500.0	    0.0	  200.0	  100.0	   78.7	    0.0	    0.0	    0.0	    0.0	    2.9	  1	 -750.0	 1550.0	   78.7	    0.0	    0.0	1	  377.4	 21	    0.0	    9.4	
   44	   9.62	    0.0	 1500.0	    0.0	    0.0	 1500.0	    0.0	  200.0	    0.0	 1500.0	    0.0	  200.0	  100.0	   78.2	    0.0	    0.0	    0.0	    0.0	    3.0	  1	 -750.0	 1550.0	   78.2	    0.0	    0.0	1	  376.9	 21	    0.0	    9.4	
   45	   9.72	    0.0	 1500.0	    0.0	    0.0	 1500.0	    0.0	  200.0	    0.0	 1500.0	    0.0	  200.0	  100.0	   77.7	    0.0	    0.0	    0.0	    0.0	    3.1	  1	 -750.0	 1550.0	   77.7	    0.0	    0.0	1	  376.4	 21	    0.0	    9.3	
   46	   9.82	    0.0	 1500.0	    0.0	    0.0	 1500.0	    0.0	  200.0	    0.0	 1500.0	    0.0	  200.0	  100.0	   77.2	    0.0	    0.0	    0.0	    0.0	    3.1	  1	 -750.0	 1550.0	   77.2	    0.0	    0.0	1	  375.9	 21	    0.0	    9.3	
   47	   9.92	    0.0	 1500.0	    0.0	    0.0	 1500.0	    0.0	  200.0	    0.0	 1500.0	    0.0	  200.0	  100.0	   76.7	    0.0	    0.0	    0.0	    0.0	    3.2	  1	 -750.0	 1550.0	   76.7	    0.0	    0.0	1	  375.5	 21	    0.0	    9.3	
   48	  10.02	    0.0	 1500.0	    0.0	    0.0	 1500.0	    0.0	  200.0	    0.0	 1500.0	    0.0	  200.0	  100.0	   76.2	    0.0	    0.0	    0.0	    0.0	    3.3	  1	 -750.0	 1550.0	   76.2	    0.0	    0.0	1	  375.0	 21	    0.0	    9.2	
   49	  10.12	    0.0	 1500.0	    0.0	    0.0	 1500.0	    0.0	  200.0	    0.0	 1500.0	    0.0	  200.0	  100.0	   75.7	    0.0	    0.0	    0.0	    0.0	    3.3	  1	 -750.0	 1550.0	   75.7	    0.0	    0.0	1	  374.5	 21	    0.0	    9.2	
   50	  10.22	    0.0	 1500.0	    0.0	    0.0	 1500.0	    0.0	  200.0	    0.0	 1500.0	    0.0	  200.0	  100.0	   75.2	    0.0	    0.0	    0.0	    0.0	    3.4	  1	 -750.0	 1550.0	   75.2	    0.0	    0.0	1	  374.1	 21	    0.0	    9.2	
   51	  10.32	    0.0	 1500.0	    0.0	    0.0	 1500.0	    0.0	  200.0	    0.0	 1500.0	    0.0	  200.0	  100.0	   74.7	    0.0	    0.0	    0.0	    0.0	    3.5	  1	 -750.0	 1550.0	   74.7	    0.0	    0.0	1	  373.6	 21	    0.0	    9.2	
   52	  10.42	    0.0	 1500.0	    0.0	    0.0	 1500.0	    0.0	  200.0	    0.0	 1500.0	    0.0	  200.0	  100.0	   74.2	    0.0	    0.0	    0.0	    0.0	    3.5	  1	 -750.0	 1550.0	   74.2	    0.0	    0.0	1	  373.1	 21	    0.0	    9.1	
   53	  10.52	    0.0	 1500.0	    0.0	    0.0	 1500.0	    0.0	  200.0	    0.0	 1500.0	    0.0	  200.0	  100.0	   73.7	    0.0	    0.0	    0.0	    0.0	    3.6	  1	 -750.0	 1550.0	   73.7	    0.0	    0.0	1	  372.6	 21	    0.0	    9.1	
   54	  10.62	    0.0	 1500.0	    0.0	    0.0	 1500.0	    0.0	  200.0	    0.0	 1500.0	    0.0	  200.0	  100.0	   73.2	    0.0	    0.0	    0.0	    0.0	    3.7	  1	 -750.0	 1550.0	   73.2	    0.0	    0.0	1	  372.2	 21	    0.0	    9.1	
   55	  10.72	    0.0	 1500.0	    0.0	    0.0	 1500.0	    0.0	  200.0	    0.0	 1500.0	    0.0	  200.0	  100.0	   72.7	    0.0	    0.0	    0.0	    0.0	    3.7	  1	 -750.0	 1550.0	   72.7	    0.0	    0.0	1	  371.7	 21	    0.0	    9.1	
   56	  10.82	    0.0	 1500.0	    0.0	    0.0	 1500.0	    0.0	  200.0	    0.0	 1500.0	    0.0	  200.0	  100.0	   72.2	    0.0	    0.0	    0.0	    0.0	    3.8	  1	 -750.0	 1550.0	   72.2	    0.0	    0.0	1	  371.2	 21	    0.0	    9.0	
   57	  10.92	    0.0	 1500.0	    0.0	    0.0	 1500.0	    0.0	  200.0	    0.0	 1500.0	    0.0	  200.0	  100.0	   71.7	    0.0	    0.0	    0.0	    0.0	    3.9	  1	 -750.0	 1550.0	   71.7	    0.0	    0.0	1	  370.7	 21	    0.0	    9.0	
   58	  11.02	    0.0	 1500.0	    0.0	    0.0	 1500.0	    0.0	  200.0	    0.0	 1500.0	    0.0	  200.0	  100.0	   71.2	    0.0	    0.0	    0.0	    0.0	    3.9	  1	 -750.0	 1550.0	   71.2	    0.0	    0.0	1	  370.3	 21	    0.0	    9.0	
   59	  11.12	    0.0	 1500.0	    0.0	    0.0	 1500.0	    0.0	  200.0	    0.0	 1500.0	    0.0	  200.0	  100.0	   70.7	    0.0	    0.0	    0.0	    0.0	    4.0	  1	 -750.0	 1550.0	   70.7	    0.0	    0.0	1	  369.8	 21	    0.0	    8.9	
   60	  11.22	    0.0	 1500.0	    0.0	    0.0	 1500.0	    0.0	  200.0	    0.0	 1500.0	    0.0	  200.0	  100.0	   70.2	    0.0	    0.0	    0.0	    0.0	    4.1	  1	 -750.0	 1550.0	   70.2	    0.0	    0.0	1	  369.3	 21	    0.0	    8.9	
   61	  11.32	    0.0	 1500.0	    0.0	    0.0	 1500.0	    0.0	  200.0	    0.0	 1500.0	    0.0	  200.0	  100.0	   69.7	    0.0	    0.0	    0.0	    0.0	    4.1	  1	 -750.0	 1550.0	   69.7	    0.0	    0.0	1	  368.8	 21	    0.0	    8.9	
   62	  11.42	    0.0	 1500.0	    0.0	    0.0	 1500.0	    0.0	  200.0	    0.0	 1500.0	    0.0	  200.0	  100.0	   69.2	    0.0	    0.0	    0.0	    0.0	    4.2	  1	 -750.0	 1550.0	   69.2	    0.0	    0.0	1	  368.4	 21	    0.0	    8.9	
   63	  11.52	    0.0	 1500.0	    0.0	    0.0	 1500.0	    0.0	  200.0	    0.0	 1500.0	    0.0	  200.0	  100.0	   68.7	    0.0	    0.0	    0.0	    0.0	    4.3	  1	 -750.0	 1550.0	   68.7	    0.0	    0.0	1	  367.9	 21	    0.0	    8.8	
   64	  11.62	    0.0	 1500.0	    0.0	    0.0	 1500.0	    0.0	  200.0	    0.0	 1500.0	    0.0	  200.0	  100.0	   68.2	    0.0	    0.0	    0.0	    0.0	    4.3	  1	 -750.0	 1550.0	   68.2	    0.0	    0.0	1	  367.4	 21	    0.0	    8.8	
   65	  11.72	    0.0	 1500.0	    0.0	    0.0	 1500.0	    0.0	  200.0	    0.0	 1500.0	    0.0	  200.0	  100.0	   67.7	    0.0	    0.0	    0.0	    0.0	    4.4	  1	 -750.0	 1550.0	   67.7	    0.0	    0.0	1	  366.9	 21	    0.0	    8.8	
   66	  11.82	    0.0	 1500.0	    0.0	    0.0	 1500.0	    0.0	  200.0	    0.0	 1500.0	    0.0	  200.0	  100.0	   67.2	    0.0	    0.0	    0.0	    0.0	    4.5	  1	 -750.0	 1550.0	   67.2	    0.0	    0.0	1	  366.5	 21	    0.0	    8.7	
   67	  11.92	    0.0	 1500.0	    0.0	    0.0	 1500.0	    0.0	  200.0	    0.0	 1500.0	    0.0	  200.0	  100.0	   66.7	    0.0	    0.0	    0.0	    0.0	    4.5	  1	 -750.0	 1550.0	   66.7	    0.0	    0.0	1	  366.0	 21	    0.0	    8.7	
   68	  12.02	    0.0	 1500.0	    0.0	    0.0	 1500.0	    0.0	  200.0	    0.0	 1500.0	    0.0	  200.0	  100.0	   66.2	    0.0	    0.0	    0.0	    0.0	    4.6	  1	 -750.0	 1550.0	   66.2	    0.0	    0.0	1	  365.5	 21	    0.0	    8.7	
   69	  12.12	    0.0	 1500.0	    0.0	    0.0	 1500.0	    0.0	  200.0	    0.0	 1500.0	    0.0	  200.0	  100.0	   65.7	    0.0	    0.0	    0.0	    0.0	    4.7	  1	 -750.0	 1550.0	   65.7	    0.0	    0.0	1	  365.0	 21	    0.0	    8.7	
   70	  12.22	    0.0	 1500.0	    0.0	    0.0	 1500.0	    0.0	  200.0	    0.0	 1500.0	    0.0	  200.0	  100.0	   65.2	    0.0	    0.0	    0.0	    0.0	    4.7	  1	 -750.0	 1550.0	   65.2	    0.0	    0.0	1	  364.5	 21	    0.0	    8.6	
   71	  12.32	    0.0	 1500.0	    0.0	    0.0	 1500.0	    0.0	  200.0	    0.0	 1500.0	    0.0	  200.0	  100.0	   64.7	    0.0	    0.0	    0.0	    0.0	    4.8	  1	 -750.0	 1550.0	   64.7	    0.0	    0.0	1	  364.1	 21	    0.0	    8.6	
   72	  12.42	    0.0	 1500.0	    0.0	    0.0	 1500.0	    0.0	  200.0	    0.0	 1500.0	    0.0	  200.0	  100.0	   64.2	    0.0	    0.0	    0.0	    0.0	    4.9	  1	 -750.0	 1550.0	   64.2	    0.0	    0.0	1	  363.6	 21	    0.0	    8.6	
   73	  12.52	    0.0	 1500.0	    0.0	    0.0	 1500.0	    0.0	  200.0	    0.0	 1500.0	    0.0	  200.0	  100.0	   63.7	    0.0	    0.0	    0.0	    0.0	    5.0	  1	 -750.0	 1550.0	   63.7	    0.0	    0.0	1	  363.1	 21	    0.0	    8.5	
   74	  12.62	    0.0	 1500.0	    0.0	    0.0	 1500.0	    0.0	  200.0	    0.0	 1500.0	    0.0	  200.0	  100.0	   63.2	    0.0	    0.0	    0.0	    0.0	    5.0	  1	 -750.0	 1550.0	   63.2	    0.0	    0.0	1	  362.6	 21	    0.0	    8.5	
   75	  12.72	    0.0	 1500.0	    0.0	    0.0	 1500.0	    0.0	  200.0	    0.0	 1500.0	    0.0	  200.0	  100.0	   62.7	    0.0	    0.0	    0.0	    0.0	    5.1	  1	 -750.0	 1550.0	   62.7	    0.0	    0.0	1	  362.1	 21	    0.0	    8.5	
   76	  12.82	    0.0	 1500.0	    0.0	    0.0	 1500.0	    0.0	  200.0	    0.0	 1500.0	    0.0	  200.0	  100.0	   62.2	    0.0	    0.0	    0.0	    0.0	    5.2	  1	 -750.0	 1550.0	   62.2	    0.0	    0.0	1	  361.7	 21	    0.0	    8.5	
   77	  12.92	    0.0	 1500.0	    0.0	    0.0	 1500.0	    0.0	  200.0	    0.0	 1500.0	    0.0	  200.0	  100.0	   61.7	    0.0	    0.0	    0.0	    0.0	    5.2	  1	 -750.0	 1550.0	   61.7	    0.0	    0.0	1	  361.2	 21	    0.0	    8.4	
   78	  13.02	    0.0	 1500.0	    0.0	    0.0	 1500.0	    0.0	  200.0	    0.0	 1500.0	    0.0	  200.0	  100.0	   61.2	    0.0	    0.0	    0.0	    0.0	    5.3	  1	 -750.0	 1550.0	   61.2	    0.0	    0.0	1	  360.7	 21	    0.0	    8.4	
   79	  13.12	    0.0	 1500.0	    0.0	    0.0	 1500.0	    0.0	  200.0	    0.0	 1500.0	    0.0	  200.0	  100.0	   60.7	    0.0	    0.0	    0.0	    0.0	    5.4	  1	 -750.0	 1550.0	   60.7	    0.0	    0.0	1	  360.2	 21	    0.0	    8.4	
   80	  13.22	    0.0	 1500.0	    0.0	    0.0	 1500.0	    0.0	  200.0	    0.0	 1500.0	    0.0	  200.0	  100.0	   60.2	    0.0	    0.0	    0.0	    0.0	    5.4	  1	 -750.0	 1550.0	   60.2	    0.0	    0.0	1	  359.7	 21	    0.0	    8.3	
   81	  13.32	    0.0	 1500.0	    0.0	    0.0	 1500.0	    0.0	  200.0	    0.0	 1500.0	    0.0	  200.0	  100.0	   59.7	    0.0	    0.0	    0.0	    0.0	    5.5	  1	 -750.0	 1550.0	   59.7	    0.0	    0.0	1	  359.3	 21	    0.0	    8.3	
   82	  13.42	    0.0	 1500.0	    0.0	    0.0	 1500.0	    0.0	  200.0	    0.0	 1500.0	    0.0	  200.0	  100.0	   59.2	    0.0	    0.0	    0.0	    0.0	    5.6	  1	 -750.0	 1550.0	   59.2	    0.0	    0.0	1	  358.8	 21	    0.0	    8.3	
   83	  13.52	    0.0	 1500.0	    0.0	    0.0	 1500.0	    0.0	  200.0	    0.0	 1500.0	    0.0	  200.0	  100.0	   58.7	    0.0	    0.0	    0.0	    0.0	    5.6	  1	 -750.0	 1550.0	   58.7	    0.0	    0.0	1	  358.3	 21	    0.0	    8.3	
   84	  13.62	    0.0	 1500.0	    0.0	    0.0	 1500.0	    0.0	  200.0	    0.0	 1500.0	    0.0	  200.0	  100.0	   58.2	    0.0	    0.0	    0.0	    0.0	    5.7	  1	 -750.0	 1550.0	   58.2	    0.0	    0.0	1	  357.8	 21	    0.0	    8.2	
   85	  13.72	    0.0	 1500.0	    0.0	    0.0	 1500.0	    0.0	  200.0	    0.0	 1500.0	    0.0	  200.0	  100.0	   57.7	    0.0	    0.0	    0.0	    0.0	    5.8	  1	 -750.0	 1550.0	   57.7	    0.0	    0.0	1	  357.3	 21	    0.0	    8.2	
   86	  13.82	    0.0	 1500.0	    0.0	    0.0	 1500.0	    0.0	  200.0	    0.0	 1500.0	    0.0	  200.0	  100.0	   57.2	    0.0	    0.0	    0.0	    0.0	    5.8	  1	 -750.0	 1550.0	   57.2	    0.0	    0.0	1	  356.8	 21	    0.0	    8.2	
   87	  13.92	    0.0	 1500.0	    0.0	    0.0	 1500.0	    0.0	  200.0	    0.0	 1500.0	    0.0	  200.0	  100.0	   56.7	    0.0	    0.0	    0.0	    0.0	    5.9	  1	 -750.0	 1550.0	   56.7	    0.0	    0.0	1	  356.3	 21	    0.0	    8.1	
   88	  14.02	    0.0	 1500.0	    0.0	    0.0	 1500.0	    0.0	  200.0	    0.0	 1500.0	    0.0	  200.0	  100.0	   56.2	    0.0	    0.0	    0.0	    0.0	    6.0	  1	 -750.0	 1550.0	   56.2	    0.0	    0.0	1	  355.9	 21	    0.0	    8.1	
   89	  14.12	    0.0	 1500.0	    0.0	    0.0	 1500.0	    0.0	  200.0	    0.0	 1500.0	    0.0	  200.0	  100.0	   55.7	    0.0	    0.0	    0.0	    0.0	    6.0	  1	 -750.0	 1550.0	   55.7	    0.0	    0.0	1	  355.4	 21	    0.0	    8.1	
   90	  14.22	    0.0	 1500.0	    0.0	    0.0	 1500.0	    0.0	  200.0	    0.0	 1500.0	    0.0	  200.0	  100.0	   55.2	    0.0	    0.0	    0.0	    0.0	    6.1	  1	 -750.0	 1550.0	   55.2	    0.0	    0.0	1	  354.9	 21	    0.0	    8.1	
   91	  14.32	    0.0	 1500.0	    0.0	    0.0	 1500.0	    0.0	  200.0	    0.0	 1500.0	    0.0	  200.0	  100.0	   54.7	    0.0	    0.0	    0.0	    0.0	    6.2	  1	 -750.0	 1550.0	   54.7	    0.0	    0.0	1	  354.4	 21	    0.0	    8.0	
   92	  14.42	    0.0	 1500.0	    0.0	    0.0	 1500.0	    0.0	  200.0	    0.0	 1500.0	    0.0	  200.0	  100.0	   54.2	    0.0	    0.0	    0.0	    0.0	    6.2	  1	 -750.0	 1550.0	   54.2	    0.0	    0.0	1	  353.9	 21	    0.0	    8.0	
   93	  14.52	    0.0	 1500.0	    0.0	    0.0	 1500.0	    0.0	  200.0	    0.0	 1500.0	    0.0	  200.0	  100.0	   53.7	    0.0	    0.0	    0.0	    0.0	    6.3	  1	 -750.0	 1550.0	   53.7	    0.0	    0.0	1	  353.4	 21	    0.0	    8.0	
   94	  14.62	    0.0	 1500.0	    0.0	    0.0	 1500.0	    0.0	  200.0	    0.0	 1500.0	    0.0	  200.0	  100.0	   53.2	    0.0	    0.0	    0.0	    0.0	    6.4	  1	 -750.0	 1550.0	   53.2	    0.0	    0.0	1	  352.9	 21	    0.0	    8.0	
   95	  14.72	    0.0	 1500.0	    0.0	    0.0	 1500.0	    0.0	  200.0	    0.0	 1500.0	    0.0	  200.0	  100.0	   52.7	    0.0	    0.0	    0.0	    0.0	    6.4	  1	 -750.0	 1550.0	   52.7	    0.0	    0.0	1	  352.5	 21	    0.0	    7.9	
   96	  14.82	    0.0	 1500.0	    0.0	    0.0	 1500.0	    0.0	  200.0	    0.0	 1500.0	    0.0	  200.0	  100.0	   52.2	    0.0	    0.0	    0.0	    0.0	    6.5	  1	 -750.0	 1550.0	   52.2	    0.0	    0.0	1	  352.0	 21	    0.0	    7.9	
   97	  14.92	    0.0	 1500.0	    0.0	    0.0	 1500.0	    0.0	  200.0	    0.0	 1500.0	    0.0	  200.0	  100.0	   51.7	    0.0	    0.0	    0.0	    0.0	    6.6	  1	 -750.0	 1550.0	   51.7	    0.0	    0.0	1	  351.5	 21	    0.0	    7.9	
   98	  15.02	    0.0	 1500.0	    0.0	    0.0	 1500.0	    0.0	  200.0	    0.0	 1500.0	    0.0	  200.0	  100.0	   51.2	    0.0	    0.0	    0.0	    0.0	    6.6	  1	 -750.0	 1550.0	   51.2	    0.0	    0.0	1	  351.0	 21	    0.0	    7.8	
   99	  15.12	    0.0	 1500.0	    0.0	    0.0	 1500.0	    0.0	  200.0	    0.0	 1500.0	    0.0	  200.0	  100.0	   50.7	    0.0	    0.0	    0.0	    0.0	    6.7	  1	 -750.0	 1550.0	   50.7	    0.0	    0.0	1	  350.5	 21	    0.0	    7.8	
  100	  15.22	    0.0	 1500.0	    0.0	    0.0	 1500.0	    0.0	  200.0	    0.0	 1500.0	    0.0	  200.0	  100.0	   50.2	    0.0	    0.0	    0.0	    0.0	    6.8	  1	 -750.0	 1550.0	   50.2	    0.0	    0.0	1	  350.0	 21	    0.0	    7.8	
  101	  15.32	    0.0	 1500.0	    0.0	    0.0	 1500.0	    0.0	  200.0	    0.0	 1500.0	    0.0	  200.0	  100.0	   49.7	    0.0	    0.0	    0.0	    0.0	    6.9	  1	 -750.0	 1550.0	   49.7	    0.0	    0.0	1	  349.5	 21	    0.0	    7.8	
  102	  15.42	    0.0	 1500.0	    0.0	    0.0	 1500.0	    0.0	  200.0	    0.0	 1500.0	    0.0	  200.0	  100.0	   49.2	    0.0	    0.0	    0.0	    0.0	    6.9	  1	 -750.0	 1550.0	   49.2	    0.0	    0.0	1	  349.0	 21	    0.0	    7.7	
  103	  15.52	    0.0	 1500.0	    0.0	  727.2	 1203.0	    0.0	  200.0	  678.9	 1152.1	    0.0	  200.0	  100.0	   55.8	    0.0	    0.0	    0.0	    0.0	    7.0	  1	  750.0	  750.0	   55.8	    0.0	    0.0	1	  382.8	 21	 1253.8	 -146.2	
  104	  15.62	    0.0	 1500.0	    0.0	  727.2	 1203.0	    0.0	  200.0	  678.9	 1152.1	    0.0	  200.0	  100.0	   55.4	    0.0	    0.0	    0.0	    0.0	    7.1	  1	 -450.0	 1750.0	   55.4	    0.0	    0.0	1	  434.3	 21	 1350.2	   15.0	
  105	  15.72	    0.0	 1500.0	    0.0	  726.1	 1200.7	    0.0	  200.0	  678.9	 1152.1	    0.0	  200.0	  100.0	   55.0	    0.0	    0.0	    0.0	    0.0	    7.1	  1	 -450.0	 1750.0	   55.0	    0.0	    0.0	1	  433.5	 21	 1349.5	   14.9	
  106	  15.82	    0.0	 1500.0	    0.0	  726.9	 1200.3	    0.0	  200.0	  678.9	 1152.1	    0.0	  200.0	  100.0	   54.5	    0.0	    0.0	    0.0	    0.0	    7.2	  1	 -450.0	 1750.0	   54.5	    0.0	    0.0	1	  432.7	 21	 1348.7	   14.9	
  107	  15.92	    0.0	 1500.0	    0.0	  726.9	 1200.3	    0.0	  200.0	  678.9	 1152.1	    0.0	  200.0	  100.0	   54.1	    0.0	    0.0	    0.0	    0.0	    7.3	  1	 -450.0	 1750.0	   54.1	    0.0	    0.0	1	  431.8	 21	 1347.9	   14.8	
  108	  16.02	    0.0	 1500.0	    0.0	  726.9	 1200.3	    0.0	  200.0	  678.9	 1152.1	    0.0	  200.0	  100.0	   53.7	    0.0	    0.0	    0.0	    0.0	    7.3	  1	 -450.0	 1750.0	   53.7	    0.0	    0.0	1	  431.0	 21	 1347.1	   14.7	
  109	  16.12	    0.0	 1500.0	    0.0	  726.9	 1200.3	    0.0	  200.0	  678.9	 1152.1	    0.0	  200.0	  100.0	   53.3	    0.0	    0.0	    0.0	    0.1	    7.4	  1	 -450.0	 1750.0	   53.3	    0.0	    0.1	1	  430.1	 21	 1346.4	   14.6	
  110	  16.22	    0.0	 1500.0	    0.0	  726.9	 1200.3	    0.0	  200.0	  678.9	 1152.1	    0.0	  200.0	  100.0	   52.8	    0.0	    0.0	    0.0	    0.1	    7.5	  1	 -450.0	 1750.0	   52.8	    0.0	    0.1	1	  429.2	 21	 1345.6	   14.6	
  111	  16.32	    0.0	 1500.0	    0.0	  736.9	 1209.9	    0.0	  200.0	  678.9	 1152.1	    0.0	  200.0	  100.0	   52.4	    0.0	    0.0	    0.0	    0.1	    7.5	  1	 -450.0	 1750.0	   52.4	    0.0	    0.1	1	  428.6	 21	 1344.6	   14.5	
  112	  16.42	    0.0	 1500.0	    0.0	  736.9	 1209.9	    0.0	  200.0	  678.9	 1152.1	    0.0	  200.0	  100.0	   52.0	    0.0	    0.0	    0.0	    0.1	    7.6	  1	 -450.0	 1750.0	   52.0	    0.0	    0.1	1	  427.7	 21	 1343.9	   14.4	
  113	  16.52	    0.0	 1500.0	    0.0	  736.9	 1209.9	    0.0	  200.0	  678.9	 1152.1	    0.0	  200.0	  100.0	   51.6	    0.0	    0.0	    0.0	    0.1	    7.7	  1	 -450.0	 1750.0	   51.6	    0.0	    0.1	1	  426.8	 21	 1343.1	   14.3	
  114	  16.62	    0.0	 1500.0	    0.0	  736.9	 1209.9	    0.0	  200.0	  678.9	 1152.1	    0.0	  200.0	  100.0	   51.1	    0.0	    0.0	    0.0	    0.1	    7.7	  1	 -450.0	 1750.0	   51.1	    0.0	    0.1	1	  425.9	 21	 1342.3	   14.2	
  115	  16.72	    0.0	 1500.0	    0.0	  736.9	 1209.9	    0.0	  200.0	  678.9	 1152.1	    0.0	  200.0	  100.0	   50.7	    0.0	    0.0	    0.0	    0.1	    7.8	  1	 -450.0	 1750.0	   50.7	    0.0	    0.1	1	  425.0	 21	 1341.6	   14.2	
  116	  16.82	    0.0	 1500.0	    0.0	  729.5	 1216.2	    0.0	  200.0	  678.9	 1152.1	    0.0	  200.0	  100.0	   50.3	    0.0	    0.0	    0.0	    0.1	    7.9	  1	 -450.0	 1750.0	   50.3	    0.0	    0.1	1	  423.3	 21	 1341.1	   14.1	
  117	  16.92	    0.0	 1500.0	    0.0	  736.9	 1209.9	    0.0	  200.0	  678.9	 1152.1	    0.0	  200.0	  100.0	   49.9	    0.0	    0.0	    0.0	    0.1	    7.9	  1	 -450.0	 1750.0	   49.9	    0.0	    0.1	1	  423.2	 21	 1340.1	   14.0	
  118	  17.02	    0.0	 1500.0	    0.0	  729.5	 1216.2	    0.0	  200.0	  678.9	 1152.1	    0.0	  200.0	  100.0	   49.4	    0.0	    0.0	    0.0	    0.1	    8.0	  1	 -450.0	 1750.0	   49.4	    0.0	    0.1	1	  421.5	 21	 1339.6	   14.0	
  119	  17.12	    0.0	 1500.0	    0.0	  729.5	 1216.2	    0.0	  200.0	  678.9	 1152.1	    0.0	  200.0	  100.0	   49.0	    0.0	    0.0	    0.0	    0.1	    8.1	  1	 -450.0	 1750.0	   49.0	    0.0	    0.1	1	  420.6	 21	 1338.9	   13.9	
  120	  17.22	    0.0	 1500.0	    0.0	  729.5	 1216.2	    0.0	  200.0	  678.9	 1152.1	    0.0	  200.0	  100.0	   48.6	    0.0	    0.0	    0.0	    0.2	    8.1	  1	 -450.0	 1750.0	   48.6	    0.0	    0.2	1	  419.7	 21	 1338.1	   13.8	
  121	  17.32	    0.0	 1500.0	    0.0	  721.6	 1210.6	    0.0	  200.0	  678.9	 1152.1	    0.0	  200.0	  100.0	   48.1	    0.0	    0.0	    0.0	    0.2	    8.2	  1	 -450.0	 1750.0	   48.1	    0.0	    0.2	1	  418.5	 21	 1337.5	   13.8	
  122	  17.42	    0.0	 1500.0	    0.0	  729.5	 1216.2	    0.0	  200.0	  678.9	 1152.1	    0.0	  200.0	  100.0	   47.7	    0.0	    0.0	    0.0	    0.2	    8.3	  1	 -450.0	 1750.0	   47.7	    0.0	    0.2	1	  417.9	 21	 1336.6	   13.7	
  123	  17.52	    0.0	 1500.0	    0.0	  721.6	 1210.6	    0.0	  200.0	  678.9	 1152.1	    0.0	  200.0	  100.0	   47.3	    0.0	    0.0	    0.0	    0.2	    8.3	  1	 -450.0	 1750.0	   47.3	    0.0	    0.2	1	  416.7	 21	 1336.0	   13.6	
  124	  17.62	    0.0	 1500.0	    0.0	  721.6	 1210.6	    0.0	  200.0	  678.9	 1152.1	    0.0	  200.0	  100.0	   46.9	    0.0	    0.0	    0.0	    0.2	    8.4	  1	 -450.0	 1750.0	   46.9	    0.0	    0.2	1	  415.7	 21	 1335.2	   13.5	
  125	  17.72	    0.0	 1500.0	    0.0	  721.6	 1210.6	    0.0	  200.0	  678.9	 1152.1	    0.0	  200.0	  100.0	   46.4	    0.0	    0.0	    0.0	    0.2	    8.5	  1	 -450.0	 1750.0	   46.4	    0.0	    0.2	1	  414.8	 21	 1334.4	   13.4	
  126	  17.82	    0.0	 1500.0	    0.0	  721.6	 1210.6	    0.0	  200.0	  678.9	 1152.1	    0.0	  200.0	  100.0	   46.0	    0.0	    0.0	    0.0	    0.2	    8.5	  1	 -450.0	 1750.0	   46.0	    0.0	    0.2	1	  413.9	 21	 1333.7	   13.4	
  127	  17.92	    0.0	 1500.0	    0.0	  723.4	 1205.9	    0.0	  200.0	  678.9	 1152.1	    0.0	  200.0	  100.0	   45.6	    0.0	    0.0	    0.0	    0.2	    8.6	  1	 -450.0	 1750.0	   45.6	    0.0	    0.2	1	  413.3	 21	 1332.8	   13.3	
  128	  18.02	    0.0	 1500.0	    0.0	  723.4	 1205.9	    0.0	  200.0	  678.9	 1152.1	    0.0	  200.0	  100.0	   45.2	    0.0	    0.0	    0.0	    0.2	    8.7	  1	 -450.0	 1750.0	   45.2	    0.0	    0.2	1	  412.3	 21	 1332.0	   13.2	
  129	  18.12	    0.0	 1500.0	    0.0	  723.4	 1205.9	    0.0	  200.0	  678.9	 1152.1	    0.0	  200.0	  100.0	   44.7	    0.0	    0.0	    0.0	    0.2	    8.8	  1	 -450.0	 1750.0	   44.7	    0.0	    0.2	1	  411.4	 21	 1331.3	   13.1	
  130	  18.22	    0.0	 1500.0	    0.0	  723.4	 1205.9	    0.0	  200.0	  678.9	 1152.1	    0.0	  200.0	  100.0	   44.3	    0.0	    0.0	    0.0	    0.2	    8.8	  1	 -450.0	 1750.0	   44.3	    0.0	    0.2	1	  410.4	 21	 1330.5	   13.1	
  131	  18.32	    0.0	 1500.0	    0.0	  723.4	 1205.9	    0.0	  200.0	  678.9	 1152.1	    0.0	  200.0	  100.0	   43.9	    0.0	    0.0	    0.0	    0.2	    8.9	  1	 -450.0	 1750.0	   43.9	    0.0	    0.2	1	  409.5	 21	 1329.8	   13.0	
  132	  18.42	    0.0	 1500.0	    0.0	  718.1	 1199.0	    0.0	  200.0	  678.9	 1152.1	    0.0	  200.0	  100.0	   43.5	    0.0	    0.0	    0.0	    0.2	    9.0	  1	 -450.0	 1750.0	   43.5	    0.0	    0.2	1	  408.5	 21	 1329.1	   12.9	
  133	  18.52	    0.0	 1500.0	    0.0	  718.1	 1199.0	    0.0	  200.0	  678.9	 1152.1	    0.0	  200.0	  100.0	   43.0	    0.0	    0.0	    0.0	    0.2	    9.0	  1	 -450.0	 1750.0	   43.0	    0.0	    0.2	1	  407.5	 21	 1328.3	   12.8	
  134	  18.62	    0.0	 1500.0	    0.0	  718.1	 1199.0	    0.0	  200.0	  678.9	 1152.1	    0.0	  200.0	  100.0	   42.6	    0.0	    0.0	    0.0	    0.2	    9.1	  1	 -450.0	 1750.0	   42.6	    0.0	    0.2	1	  406.6	 21	 1327.6	   12.8	
  135	  18.72	    0.0	 1500.0	    0.0	  718.1	 1199.0	    0.0	  200.0	  678.9	 1152.1	    0.0	  200.0	  100.0	   42.2	    0.0	    0.0	    0.0	    0.2	    9.2	  1	 -450.0	 1750.0	   42.2	    0.0	    0.2	1	  405.6	 21	 1326.8	   12.7	
  136	  18.82	    0.0	 1500.0	    0.0	  717.5	 1196.5	    0.0	  200.0	  678.9	 1152.1	    0.0	  200.0	  100.0	   41.7	    0.0	    0.0	    0.0	    0.2	    9.2	  1	 -450.0	 1750.0	   41.7	    0.0	    0.2	1	  404.7	 21	 1326.0	   12.6	
  137	  18.92	    0.0	 1500.0	    0.0	  718.1	 1199.0	    0.0	  200.0	  678.9	 1152.1	    0.0	  200.0	  100.0	   41.3	    0.0	    0.0	    0.0	    0.3	    9.3	  1	 -450.0	 1750.0	   41.3	    0.0	    0.3	1	  403.7	 21	 1325.3	   12.5	
  138	  19.02	    0.0	 1500.0	    0.0	  717.5	 1196.5	    0.0	  200.0	  678.9	 1152.1	    0.0	  200.0	  100.0	   40.9	    0.0	    0.0	    0.0	    0.3	    9.4	  1	 -450.0	 1750.0	   40.9	    0.0	    0.3	1	  402.8	 21	 1324.5	   12.5	
  139	  19.12	    0.0	 1500.0	    0.0	  717.5	 1196.5	    0.0	  200.0	  678.9	 1152.1	    0.0	  200.0	  100.0	   40.5	    0.0	    0.0	    0.0	    0.3	    9.4	  1	 -450.0	 1750.0	   40.5	    0.0	    0.3	1	  401.8	 21	 1323.7	   12.4	
  140	  19.22	    0.0	 1500.0	    0.0	  717.5	 1196.5	    0.0	  200.0	  678.9	 1152.1	    0.0	  200.0	  100.0	   40.0	    0.0	    0.0	    0.0	    0.3	    9.5	  1	 -450.0	 1750.0	   40.0	    0.0	    0.3	1	  400.9	 21	 1323.0	   12.3	
  141	  19.32	    0.0	 1500.0	    0.0	  717.5	 1196.5	    0.0	  200.0	  678.9	 1152.1	    0.0	  200.0	  100.0	   39.6	    0.0	    0.0	    0.0	    0.3	    9.6	  1	 -450.0	 1750.0	   39.6	    0.0	    0.3	1	  399.9	 21	 1322.2	   12.2	
  142	  19.42	    0.0	 1500.0	    0.0	  717.5	 1196.5	    0.0	  200.0	  678.9	 1152.1	    0.0	  200.0	  100.0	   39.2	    0.0	    0.0	    0.0	    0.3	    9.6	  1	 -450.0	 1750.0	   39.2	    0.0	    0.3	1	  398.9	 21	 1321.5	   12.1	
  143	  19.52	    0.0	 1500.0	    0.0	  718.3	 1196.0	    0.0	  200.0	  678.9	 1152.1	    0.0	  200.0	  100.0	   38.8	    0.0	    0.0	    0.0	    0.3	    9.7	  1	 -450.0	 1750.0	   38.8	    0.0	    0.3	1	  398.0	 21	 1320.7	   12.1	
  144	  19.62	    0.0	 1500.0	    0.0	  717.5	 1196.5	    0.0	  200.0	  678.9	 1152.1	    0.0	  200.0	  100.0	   38.3	    0.0	    0.0	    0.0	    0.3	    9.8	  1	 -450.0	 1750.0	   38.3	    0.0	    0.3	1	  397.0	 21	 1320.0	   12.0	
  145	  19.72	    0.0	 1500.0	    0.0	  718.3	 1196.0	    0.0	  200.0	  678.9	 1152.1	    0.0	  200.0	  100.0	   37.9	    0.0	    0.0	    0.0	    0.3	    9.8	  1	 -450.0	 1750.0	   37.9	    0.0	    0.3	1	  396.0	 21	 1319.2	   11.9	
  146	  19.82	    0.0	 1500.0	    0.0	  718.3	 1196.0	    0.0	  200.0	  678.9	 1152.1	    0.0	  200.0	  100.0	   37.5	    0.0	    0.0	    0.0	    0.3	    9.9	  1	 -450.0	 1750.0	   37.5	    0.0	    0.3	1	  395.1	 21	 1318.5	   11.8	
  147	  19.92	    0.0	 1500.0	    0.0	  718.3	 1196.0	    0.0	  200.0	  678.9	 1152.1	    0.0	  200.0	  100.0	   37.1	    0.0	    0.0	    0.0	    0.3	   10.0	  1	 -450.0	 1750.0	   37.1	    0.0	    0.3	1	  394.1	 21	 1317.7	   11.8	
  148	  20.02	    0.0	 1500.0	    0.0	  719.6	 1194.4	    0.0	  200.0	  678.9	 1152.1	    0.0	  200.0	  100.0	   36.6	    0.0	    0.0	    0.0	    0.3	   10.0	  1	 -450.0	 1750.0	   36.6	    0.0	    0.3	1	  393.2	 21	 1316.9	   11.7	
  149	  20.12	    0.0	 1500.0	    0.0	  719.6	 1194.4	    0.0	  200.0	  678.9	 1152.1	    0.0	  200.0	  100.0	   36.2	    0.0	    0.0	    0.0	    0.3	   10.1	  1	 -450.0	 1750.0	   36.2	    0.0	    0.3	1	  392.2	 21	 1316.2	   11.6	
  150	  20.22	    0.0	 1500.0	    0.0	  719.6	 1194.4	    0.0	  200.0	  678.9	 1152.1	    0.0	  200.0	  100.0	   35.8	    0.0	    0.0	    0.0	    0.3	   10.2	  1	 -450.0	 1750.0	   35.8	    0.0	    0.3	1	  391.2	 21	 1315.4	   11.5	
  151	  20.32	    0.0	 1500.0	    0.0	  719.6	 1194.4	    0.0	  200.0	  678.9	 1152.1	    0.0	  200.0	  100.0	   35.3	    0.0	    0.0	    0.0	    0.3	   10.2	  1	 -450.0	 1750.0	   35.3	    0.0	    0.3	1	  390.2	 21	 1314.7	   11.5	
  152	  20.42	    0.0	 1500.0	    0.0	  719.6	 1194.4	    0.0	  200.0	  678.9	 1152.1	    0.0	  200.0	  100.0	   34.9	    0.0	    0.0	    0.0	    0.4	   10.3	  1	 -450.0	 1750.0	   34.9	    0.0	    0.4	1	  389.2	 21	 1314.0	   11.4	
  153	  20.52	    0.0	 1500.0	    0.0	  720.4	 1194.0	    0.0	  200.0	  678.9	 1152.1	    0.0	  200.0	  100.0	   34.5	    0.0	    0.0	    0.0	    0.4	   10.4	  1	 -450.0	 1750.0	   34.5	    0.0	    0.4	1	  388.3	 21	 1313.2	   11.3	
  154	  20.62	    0.0	 1500.0	    0.0	  719.6	 1194.4	    0.0	  200.0	  678.9	 1152.1	    0.0	  200.0	  100.0	   34.1	    0.0	    0.0	    0.0	    0.4	   10.4	  1	 -450.0	 1750.0	   34.1	    0.0	    0.4	1	  387.2	 21	 1312.5	   11.2	
  155	  20.72	    0.0	 1500.0	    0.0	  721.2	 1193.5	    0.0	  200.0	  678.9	 1152.1	    0.0	  200.0	  100.0	   33.6	    0.0	    0.0	    0.0	    0.4	   10.5	  1	 -450.0	 1750.0	   33.6	    0.0	    0.4	1	  386.4	 21	 1311.7	   11.2	
  156	  20.82	    0.0	 1500.0	    0.0	  721.2	 1193.5	    0.0	  200.0	  678.9	 1152.1	    0.0	  200.0	  100.0	   33.2	    0.0	    0.0	    0.0	    0.4	   10.6	  1	 -450.0	 1750.0	   33.2	    0.0	    0.4	1	  385.4	 21	 1311.0	   11.1	
  157	  20.92	    0.0	 1500.0	    0.0	  721.2	 1193.5	    0.0	  200.0	  678.9	 1152.1	    0.0	  200.0	  100.0	   32.8	    0.0	    0.0	    0.0	    0.4	   10.6	  1	 -450.0	 1750.0	   32.8	    0.0	    0.4	1	  384.3	 21	 1310.3	   11.0	
  158	  21.02	    0.0	 1500.0	    0.0	  720.4	 1194.0	    0.0	  200.0	  678.9	 1152.1	    0.0	  200.0	  100.0	   32.4	    0.0	    0.0	    0.0	    0.4	   10.7	  1	 -450.0	 1750.0	   32.4	    0.0	    0.4	1	  383.3	 21	 1309.6	   11.0	
  159	  21.12	    0.0	 1500.0	    0.0	  721.2	 1193.5	    0.0	  200.0	  678.9	 1152.1	    0.0	  200.0	  100.0	   31.9	    0.0	    0.0	    0.0	    0.4	   10.8	  1	 -450.0	 1750.0	   31.9	    0.0	    0.4	1	  382.3	 21	 1308.8	   10.9	
  160	  21.22	    0.0	 1500.0	    0.0	  721.2	 1193.5	    0.0	  200.0	  678.9	 1152.1	    0.0	  200.0	  100.0	   31.5	    0.0	    0.0	    0.0	    0.4	   10.9	  1	 -450.0	 1750.0	   31.5	    0.0	    0.4	1	  381.3	 21	 1308.1	   10.8	
  161	  21.32	    0.0	 1500.0	    0.0	  718.3	 1198.0	    0.0	  200.0	  678.9	 1152.1	    0.0	  200.0	  100.0	   31.1	    0.0	    0.0	    0.0	    0.4	   10.9	  1	 -450.0	 1750.0	   31.1	    0.0	    0.4	1	  380.0	 21	 1307.5	   10.7	
  162	  21.42	    0.0	 1500.0	    0.0	  721.2	 1193.5	    0.0	  200.0	  678.9	 1152.1	    0.0	  200.0	  100.0	   30.7	    0.0	    0.0	    0.0	    0.4	   11.0	  1	 -450.0	 1750.0	   30.7	    0.0	    0.4	1	  379.3	 21	 1306.7	   10.7	
  163	  21.52	    0.0	 1500.0	    0.0	  718.3	 1198.0	    0.0	  200.0	  678.9	 1152.1	    0.0	  200.0	  100.0	   30.2	    0.0	    0.0	    0.0	    0.4	   11.1	  1	 -450.0	 1750.0	   30.2	    0.0	    0.4	1	  378.0	 21	 1306.0	   10.6	
  164	  21.62	    0.0	 1500.0	    0.0	  718.3	 1198.0	    0.0	  200.0	  678.9	 1152.1	    0.0	  200.0	  100.0	   29.8	    0.0	    0.0	    0.0	    0.4	   11.1	  1	 -450.0	 1750.0	   29.8	    0.0	    0.4	1	  376.9	 21	 1305.3	   10.5	
  165	  21.72	    0.0	 1500.0	    0.0	  718.3	 1198.0	    0.0	  200.0	  678.9	 1152.1	    0.0	  200.0	  100.0	   29.4	    0.0	    0.0	    0.0	    0.4	   11.2	  1	 -450.0	 1750.0	   29.4	    0.0	    0.4	1	  375.9	 21	 1304.6	   10.5	
  166	  21.82	    0.0	 1500.0	    0.0	  718.3	 1198.0	    0.0	  200.0	  678.9	 1152.1	    0.0	  200.0	  100.0	   28.9	    0.0	    0.0	    0.0	    0.4	   11.3	  1	 -450.0	 1750.0	   28.9	    0.0	    0.4	1	  374.9	 21	 1303.9	   10.4	
  167	  21.92	    0.0	 1500.0	    0.0	  718.2	 1197.1	    0.0	  200.0	  678.9	 1152.1	    0.0	  200.0	  100.0	   28.5	    0.0	    0.0	    0.0	    0.5	   11.3	  1	 -450.0	 1750.0	   28.5	    0.0	    0.5	1	  373.9	 21	 1303.1	   10.3	
  168	  22.02	    0.0	 1500.0	    0.0	  718.2	 1197.1	    0.0	  200.0	  678.9	 1152.1	    0.0	  200.0	  100.0	   28.1	    0.0	    0.0	    0.0	    0.5	   11.4	  1	 -450.0	 1750.0	   28.1	    0.0	    0.5	1	  372.9	 21	 1302.4	   10.2	
  169	  22.12	    0.0	 1500.0	    0.0	  718.2	 1197.1	    0.0	  200.0	  678.9	 1152.1	    0.0	  200.0	  100.0	   27.7	    0.0	    0.0	    0.0	    0.5	   11.5	  1	 -450.0	 1750.0	   27.7	    0.0	    0.5	1	  371.8	 21	 1301.7	   10.2	
  170	  22.22	    0.0	 1500.0	    0.0	  718.2	 1197.1	    0.0	  200.0	  678.9	 1152.1	    0.0	  200.0	  100.0	   27.2	    0.0	    0.0	    0.0	    0.5	   11.5	  1	 -450.0	 1750.0	   27.2	    0.0	    0.5	1	  370.8	 21	 1301.0	   10.1	
  171	  22.32	    0.0	 1500.0	    0.0	  718.7	 1196.8	    0.0	  200.0	  678.9	 1152.1	    0.0	  200.0	  100.0	   26.8	    0.0	    0.0	    0.0	    0.5	   11.6	  1	 -450.0	 1750.0	   26.8	    0.0	    0.5	1	  369.8	 21	 1300.3	   10.0	
  172	  22.42	    0.0	 1500.0	    0.0	  718.7	 1196.8	    0.0	  200.0	  678.9	 1152.1	    0.0	  200.0	  100.0	   26.4	    0.0	    0.0	    0.0	    0.5	   11.7	  1	 -450.0	 1750.0	   26.4	    0.0	    0.5	1	  368.7	 21	    0.0	   10.0	
  173	  22.52	    0.0	 1500.0	    0.0	  718.7	 1196.8	    0.0	  200.0	  678.9	 1152.1	    0.0	  200.0	  100.0	   26.0	    0.0	    0.0	    0.0	    0.5	   11.7	  1	 -450.0	 1750.0	   26.0	    0.0	    0.5	1	  367.7	 21	    0.0	    9.9	
  174	  22.62	    0.0	 1500.0	    0.0	  718.7	 1196.8	    0.0	  200.0	  678.9	 1152.1	    0.0	  200.0	  100.0	   25.5	    0.0	    0.0	    0.0	    0.5	   11.8	  1	 -450.0	 1750.0	   25.5	    0.0	    0.5	1	  366.7	 21	    0.0	    9.8	
  175	  22.72	    0.0	 1500.0	    0.0	  718.7	 1196.8	    0.0	  200.0	  678.9	 1152.1	    0.0	  200.0	  100.0	   25.1	    0.0	    0.0	    0.0	    0.5	   11.9	  1	 -450.0	 1750.0	   25.1	    0.0	    0.5	1	  365.6	 21	    0.0	    9.8	
  176	  22.82	    0.0	 1500.0	    0.0	  719.1	 1189.8	    0.0	  200.0	  678.9	 1152.1	    0.0	  200.0	  100.0	   24.7	    0.0	    0.0	    0.0	    0.5	   11.9	  1	 -450.0	 1750.0	   24.7	    0.0	    0.5	1	  364.8	 21	    0.0	    9.7	
  177	  22.92	    0.0	 1500.0	    0.0	  719.1	 1189.8	    0.0	  200.0	  678.9	 1152.1	    0.0	  200.0	  100.0	   24.3	    0.0	    0.0	    0.0	    0.5	   12.0	  1	 -450.0	 1750.0	   24.3	    0.0	    0.5	1	  363.7	 21	    0.0	    9.6	
  178	  23.02	    0.0	 1500.0	    0.0	  720.5	 1189.0	    0.0	  200.0	  678.9	 1152.1	    0.0	  200.0	  100.0	   23.8	    0.0	    0.0	    0.0	    0.5	   12.1	  1	 -450.0	 1750.0	   23.8	    0.0	    0.5	1	  362.8	 21	    0.0	    9.5	
  179	  23.12	    0.0	 1500.0	    0.0	  720.5	 1189.0	    0.0	  200.0	  678.9	 1152.1	    0.0	  200.0	  100.0	   23.4	    0.0	    0.0	    0.0	    0.5	   12.1	  1	 -450.0	 1750.0	   23.4	    0.0	    0.5	1	  361.7	 21	    0.0	    9.5	
  180	  23.22	    0.0	 1500.0	    0.0	  720.5	 1189.0	    0.0	  200.0	  678.9	 1152.1	    0.0	  200.0	  100.0	   23.0	    0.0	    0.0	    0.0	    0.5	   12.2	  1	 -450.0	 1750.0	   23.0	    0.0	    0.5	1	  360.7	 21	    0.0	    9.4	
  181	  23.32	    0.0	 1500.0	    0.0	  720.5	 1189.0	    0.0	  200.0	  678.9	 1152.1	    0.0	  200.0	  100.0	   22.6	    0.0	    0.0	    0.0	    0.6	   12.3	  1	 -450.0	 1750.0	   22.6	    0.0	    0.6	1	  359.6	 21	    0.0	    9.3	
  182	  23.42	    0.0	 1500.0	    0.0	  720.5	 1189.0	    0.0	  200.0	  678.9	 1152.1	    0.0	  200.0	  100.0	   22.1	    0.0	    0.0	    0.0	    0.6	   12.3	  1	 -450.0	 1750.0	   22.1	    0.0	    0.6	1	  358.6	 21	    0.0	    9.3	
  183	  23.52	    0.0	 1500.0	    0.0	  692.6	 1175.9	    0.0	  200.0	  678.9	 1152.1	    0.0	  200.0	  100.0	   21.7	    0.0	    0.0	    0.0	    0.6	   12.4	  1	 -450.0	 1750.0	   21.7	    0.0	    0.6	1	  356.8	 21	    0.0	    9.2	
  184	  23.62	    0.0	 1500.0	    0.0	  717.9	 1195.3	    0.0	  200.0	  678.9	 1152.1	    0.0	  200.0	  100.0	   21.3	    0.0	    0.0	    0.0	    0.6	   12.5	  1	 -450.0	 1750.0	   21.3	    0.0	    0.6	1	  356.2	 21	    0.0	    9.2	
  185	  23.72	    0.0	 1500.0	    0.0	  717.9	 1195.3	    0.0	  200.0	  678.9	 1152.1	    0.0	  200.0	  100.0	   20.8	    0.0	    0.0	    0.0	    0.6	   12.5	  1	 -450.0	 1750.0	   20.8	    0.0	    0.6	1	  355.1	 21	    0.0	    9.1	
  186	  23.82	    0.0	 1500.0	    0.0	  717.9	 1195.3	    0.0	  200.0	  678.9	 1152.1	    0.0	  200.0	  100.0	   20.4	    0.0	    0.0	    0.0	    0.6	   12.6	  1	 -450.0	 1750.0	   20.4	    0.0	    0.6	1	  354.1	 21	    0.0	    9.0	
  187	  23.92	    0.0	 1500.0	    0.0	  717.9	 1195.3	    0.0	  200.0	  678.9	 1152.1	    0.0	  200.0	  100.0	   20.0	    0.0	    0.0	    0.0	    0.6	   12.7	  1	 -450.0	 1750.0	   20.0	    0.0	    0.6	1	  353.0	 21	    0.0	    9.0	
  188	  24.02	    0.0	 1500.0	    0.0	  717.9	 1195.3	    0.0	  200.0	  678.9	 1152.1	    0.0	  200.0	  100.0	   19.6	    0.0	    0.0	    0.0	    0.6	   12.8	  1	 -450.0	 1750.0	   19.6	    0.0	    0.6	1	  351.9	 21	    0.0	    8.9	
  189	  24.12	    0.0	 1500.0	    0.0	  717.5	 1208.8	    0.0	  200.0	  678.9	 1152.1	    0.0	  200.0	  100.0	   19.1	    0.0	    0.0	    0.0	    0.6	   12.8	  1	 -450.0	 1750.0	   19.1	    0.0	    0.6	1	  350.6	 21	    0.0	    8.8	
  190	  24.22	    0.0	 1500.0	    0.0	  717.5	 1208.8	    0.0	  200.0	  678.9	 1152.1	    0.0	  200.0	  100.0	   18.7	    0.0	    0.0	    0.0	    0.6	   12.9	  1	 -450.0	 1750.0	   18.7	    0.0	    0.6	1	  349.5	 21	    0.0	    8.8	
  191	  24.32	    0.0	 1500.0	    0.0	  717.5	 1208.8	    0.0	  200.0	  678.9	 1152.1	    0.0	  200.0	  100.0	   18.3	    0.0	    0.0	    0.0	    0.6	   13.0	  1	 -450.0	 1750.0	   18.3	    0.0	    0.6	1	  348.4	 21	    0.0	    8.7	
  192	  24.42	    0.0	 1500.0	    0.0	  717.5	 1208.8	    0.0	  200.0	  678.9	 1152.1	    0.0	  200.0	  100.0	   17.9	    0.0	    0.0	    0.0	    0.6	   13.0	  1	 -450.0	 1750.0	   17.9	    0.0	    0.6	1	  347.4	 21	    0.0	    8.7	
  193	  24.52	    0.0	 1500.0	    0.0	  717.8	 1203.0	    0.0	  200.0	  678.9	 1152.1	    0.0	  200.0	  100.0	   17.4	    0.0	    0.0	    0.0	    0.6	   13.1	  1	 -450.0	 1750.0	   17.4	    0.0	    0.6	1	  346.4	 21	    0.0	    8.6	
  194	  24.62	    0.0	 1500.0	    0.0	  717.8	 1203.0	    0.0	  200.0	  678.9	 1152.1	    0.0	  200.0	  100.0	   17.0	    0.0	    0.0	    0.0	    0.6	   13.2	  1	 -450.0	 1750.0	   17.0	    0.0	    0.6	1	  345.3	 21	    0.0	    8.5	
  195	  24.72	    0.0	 1500.0	    0.0	  717.8	 1203.0	    0.0	  200.0	  678.9	 1152.1	    0.0	  200.0	  100.0	   16.6	    0.0	    0.0	    0.0	    0.6	   13.2	  1	 -450.0	 1750.0	   16.6	    0.0	    0.6	1	  344.3	 21	    0.0	    8.5	
  196	  24.82	    0.0	 1500.0	    0.0	  717.8	 1203.0	    0.0	  200.0	  678.9	 1152.1	    0.0	  200.0	  100.0	   16.1	    0.0	    0.0	    0.0	    0.6	   13.3	  1	 -450.0	 1750.0	   16.1	    0.0	    0.6	1	  343.2	 21	    0.0	    8.4	
  197	  24.92	    0.0	 1500.0	    0.0	  717.8	 1203.0	    0.0	  200.0	  678.9	 1152.1	    0.0	  200.0	  100.0	   15.7	    0.0	    0.0	    0.0	    0.6	   13.4	  1	 -450.0	 1750.0	   15.7	    0.0	    0.6	1	  342.1	 21	    0.0	    8.4	
  198	  25.02	    0.0	 1500.0	    0.0	  717.8	 1203.0	    0.0	  200.0	  678.9	 1152.1	    0.0	  200.0	  100.0	   15.3	    0.0	    0.0	    0.0	    0.6	   13.4	  1	 -450.0	 1750.0	   15.3	    0.0	    0.6	1	  341.0	 21	    0.0	    8.3	
  199	  25.12	    0.0	 1500.0	    0.0	  733.9	 1210.3	    0.0	  200.0	  678.9	 1152.1	    0.0	  200.0	  100.0	   14.9	    0.0	    0.0	    0.0	    0.6	   13.5	  1	 -450.0	 1750.0	   14.9	    0.0	    0.6	1	  340.3	 21	    0.0	    8.2	
  200	  25.22	    0.0	 1500.0	    0.0	  733.9	 1210.3	    0.0	  200.0	  678.9	 1152.1	    0.0	  200.0	  100.0	   14.4	    0.0	    0.0	    0.0	    0.7	   13.6	  1	 -450.0	 1750.0	   14.4	    0.0	    0.7	1	  339.2	 21	    0.0	    8.2	
  201	  25.32	    0.0	 1500.0	    0.0	  733.9	 1210.3	    0.0	  200.0	  678.9	 1152.1	    0.0	  200.0	  100.0	   14.0	    0.0	    0.0	    0.0	    0.7	   13.6	  1	 -450.0	 1750.0	   14.0	    0.0	    0.7	1	  338.1	 21	    0.0	    8.2	
  202	  25.42	    0.0	 1500.0	    0.0	  733.9	 1210.3	    0.0	  200.0	  678.9	 1152.1	    0.0	  200.0	  100.0	   13.6	    0.0	    0.0	    0.0	    0.7	   13.7	  1	 -450.0	 1750.0	   13.6	    0.0	    0.7	1	  337.1	 21	    0.0	    8.1	
  203	  25.52	    0.0	 1500.0	    0.0	  824.3	 1230.0	    0.0	  200.0	  678.9	 1152.1	    0.0	  200.0	  100.0	   14.7	    0.0	    0.0	    0.0	    0.7	   13.8	  1	 -450.0	 1750.0	   14.7	    0.0	    0.7	1	  343.5	 21	    0.0	   -0.4	
  204	  25.62	    0.0	 1500.0	    0.0	  733.9	 1210.3	    0.0	  200.0	  678.9	 1152.1	    0.0	  200.0	  100.0	   14.3	    0.0	    0.0	    0.0	    0.7	   13.8	  1	 -450.0	 1750.0	   14.3	    0.0	    0.7	1	  337.1	 21	    0.0	    8.3	
  205	  25.72	    0.0	 1500.0	    0.0	  824.3	 1230.0	    0.0	  200.0	  678.9	 1152.1	    0.0	  200.0	  100.0	   15.4	    0.0	    0.0	    0.0	    0.8	   13.9	  1	 -450.0	 1750.0	   15.4	    0.0	    0.8	1	  345.5	 21	    0.0	   -0.7	
  206	  25.82	    0.0	 1500.0	    0.0	  824.3	 1230.0	    0.0	  200.0	  678.9	 1152.1	    0.0	  200.0	  100.0	   15.0	    0.0	    0.0	    0.0	    0.8	   14.0	  1	 -450.0	 1750.0	   15.0	    0.0	    0.8	1	  342.9	 21	    0.0	    8.3	
  207	  25.92	    0.0	 1500.0	    0.0	  824.3	 1230.0	    0.0	  200.0	  678.9	 1152.1	    0.0	  200.0	  100.0	   14.6	    0.0	    0.0	    0.0	    0.8	   14.0	  1	 -450.0	 1750.0	   14.6	    0.0	    0.8	1	  341.9	 21	    0.0	    8.3	
  208	  26.02	    0.0	 1500.0	    0.0	  824.3	 1230.0	    0.0	  200.0	  678.9	 1152.1	    0.0	  200.0	  100.0	   14.2	    0.0	    0.0	    0.0	    0.9	   14.1	  1	 -450.0	 1750.0	   14.2	    0.0	    0.9	1	  340.9	 21	    0.0	    8.3	
  209	  26.12	    0.0	 1500.0	    0.0	  824.3	 1230.0	    0.0	  200.0	  678.9	 1152.1	    0.0	  200.0	  100.0	   13.8	    0.0	    0.0	    0.0	    0.9	   14.2	  1	 -450.0	 1750.0	   13.8	    0.0	    0.9	1	  339.9	 21	    0.0	    8.3	
  210	  26.22	    0.0	 1500.0	    0.0	  925.7	 1235.0	    0.0	  200.0	  678.9	 1152.1	    0.0	  200.0	  100.0	   15.0	    0.0	    0.0	    0.0	    1.0	   14.2	  1	 -450.0	 1750.0	   15.0	    0.0	    1.0	1	  347.3	 21	    0.0	   -0.5	
  211	  26.32	    0.0	 1500.0	    0.0	  925.7	 1235.0	    0.0	  200.0	  678.9	 1152.1	    0.0	  200.0	  100.0	   14.6	    0.0	    0.0	    0.0	    1.1	   14.3	  1	 -450.0	 1750.0	   14.6	    0.0	    1.1	1	  344.6	 21	    0.0	    8.5	
  212	  26.42	    0.0	 1500.0	    0.0	  925.7	 1235.0	    0.0	  200.0	  678.9	 1152.1	    0.0	  200.0	  100.0	   14.2	    0.0	    0.0	    0.0	    1.2	   14.4	  1	 -450.0	 1750.0	   14.2	    0.0	    1.2	1	  343.7	 21	    0.0	    8.5	
  213	  26.52	    0.0	 1500.0	    0.0	  925.7	 1235.0	    0.0	  200.0	  678.9	 1152.1	    0.0	  200.0	  100.0	   13.8	    0.0	    0.0	    0.0	    1.2	   14.4	  1	 -450.0	 1750.0	   13.8	    0.0	    1.2	1	  342.8	 21	    0.0	    8.6	
  214	  26.62	    0.0	 1500.0	    0.0	  925.7	 1235.0	    0.0	  200.0	  678.9	 1152.1	    0.0	  200.0	  100.0	   13.4	    0.0	    0.0	    0.0	    1.3	   14.5	  1	 -450.0	 1750.0	   13.4	    0.0	    1.3	1	  341.9	 21	    0.0	    8.6	
  215	  26.72	    0.0	 1500.0	    0.0	  925.7	 1235.0	    0.0	  200.0	  678.9	 1152.1	    0.0	  200.0	  100.0	   13.0	    0.0	    0.0	    0.0	    1.4	   14.6	  1	 -450.0	 1750.0	   13.0	    0.0	    1.4	1	  341.0	 21	    0.0	    8.7	
  216	  26.82	    0.0	 1500.0	    0.0	  992.2	 1229.9	    0.0	  200.0	  678.9	 1152.1	    0.0	  200.0	  100.0	   13.6	    0.0	    0.0	    0.0	    1.5	   14.7	  1	 -450.0	 1750.0	   13.6	    0.0	    1.5	1	  345.3	 21	    0.0	    4.1	
  217	  26.92	    0.0	 1500.0	    0.0	  992.2	 1229.9	    0.0	  200.0	  678.9	 1152.1	    0.0	  200.0	  100.0	   13.3	    0.0	    0.0	    0.0	    1.6	   14.7	  1	 -450.0	 1750.0	   13.3	    0.0	    1.6	1	  343.4	 21	    0.0	    8.8	
  218	  27.02	    0.0	 1500.0	    0.0	  992.2	 1229.9	    0.0	  200.0	  678.9	 1152.1	    0.0	  200.0	  100.0	   12.9	    0.0	    0.0	    0.0	    1.7	   14.8	  1	 -450.0	 1750.0	   12.9	    0.0	    1.7	1	  342.6	 21	    0.0	    8.9	
  219	  27.12	    0.0	 1500.0	    0.0	  992.2	 1229.9	    0.0	  200.0	  678.9	 1152.1	    0.0	  200.0	  100.0	   12.5	    0.0	    0.0	    0.0	    1.8	   14.9	  1	 -450.0	 1750.0	   12.5	    0.0	    1.8	1	  341.7	 21	    0.0	    9.1	
  220	  27.22	    0.0	 1500.0	    0.0	  992.2	 1229.9	    0.0	  200.0	  678.9	 1152.1	    0.0	  200.0	  100.0	   12.1	    0.0	    0.0	    0.0	    1.9	   14.9	  1	 -450.0	 1750.0	   12.1	    0.0	    1.9	1	  340.9	 21	    0.0	    9.2	
  221	  27.32	    0.0	 1500.0	    0.0	  990.7	 1220.7	    0.0	  200.0	  678.9	 1152.1	    0.0	  200.0	  100.0	   11.7	    0.0	    0.0	    0.0	    2.0	   15.0	  1	 -450.0	 1750.0	   11.7	    0.0	    2.0	1	  340.2	 21	    0.0	    9.3	
  222	  27.42	    0.0	 1500.0	    0.0	  990.7	 1220.7	    0.0	  200.0	  678.9	 1152.1	    0.0	  200.0	  100.0	   11.4	    0.0	    0.0	    0.0	    2.1	   15.1	  1	 -450.0	 1750.0	   11.4	    0.0	    2.1	1	  339.4	 21	    0.0	    9.4	
  223	  27.52	    0.0	 1500.0	    0.0	  990.7	 1220.7	    0.0	  200.0	  678.9	 1152.1	    0.0	  200.0	  100.0	   11.0	    0.0	    0.0	    0.0	    2.2	   15.1	  1	 -450.0	 1750.0	   11.0	    0.0	    2.2	1	  338.6	 21	    0.0	    9.6	
  224	  27.62	    0.0	 1500.0	    0.0	  990.7	 1220.7	    0.0	  200.0	  678.9	 1152.1	    0.0	  200.0	  100.0	   10.6	    0.0	    0.0	    0.0	    2.4	   15.2	  1	 -450.0	 1750.0	   10.6	    0.0	    2.4	1	  337.8	 21	    0.0	    9.7	
  225	  27.72	    0.0	 1500.0	    0.0	  990.7	 1220.7	    0.0	  200.0	  678.9	 1152.1	    0.0	  200.0	  100.0	   10.2	    0.0	    0.0	    0.0	    2.5	   15.3	  1	 -450.0	 1750.0	   10.2	    0.0	    2.5	1	  337.0	 21	    0.0	    9.8	
  226	  27.82	    0.0	 1500.0	    0.0	  990.7	 1220.7	    0.0	  200.0	  678.9	 1152.1	    0.0	  200.0	  100.0	    9.9	    0.0	    0.0	    0.0	    2.6	   15.3	  1	 -450.0	 1750.0	    9.9	    0.0	    2.6	1	  336.2	 21	 1300.1	   10.0	
  227	  27.92	    0.0	 1500.0	    0.0	  941.6	 1321.9	    0.0	  200.0	  678.9	 1152.1	    0.0	  200.0	  100.0	   10.0	    0.0	    0.0	    0.0	    2.6	   15.4	  1	 -450.0	 1750.0	   10.0	    0.0	    2.6	1	  332.8	 21	    0.0	    8.6	
  228	  28.02	    0.0	 1500.0	    0.0	  941.6	 1321.9	    0.0	  200.0	  678.9	 1152.1	    0.0	  200.0	  100.0	    9.6	    0.0	    0.0	    0.0	    2.7	   15.5	  1	 -450.0	 1750.0	    9.6	    0.0	    2.7	1	  333.7	 21	 1302.6	   10.3	
  229	  28.12	    0.0	 1500.0	    0.0	  941.6	 1321.9	    0.0	  200.0	  678.9	 1152.1	    0.0	  200.0	  100.0	    9.2	    0.0	    0.0	    0.0	    2.8	   15.5	  1	 -450.0	 1750.0	    9.2	    0.0	    2.8	1	  332.8	 21	 1304.1	   10.4	
  230	  28.22	    0.0	 1500.0	    0.0	  692.4	 1182.8	    0.0	  200.0	  678.9	 1152.1	    0.0	  200.0	  100.0	    8.7	    0.0	    0.0	    0.0	    2.8	   15.6	  1	 -450.0	 1750.0	    8.7	    0.0	    2.8	1	  326.7	 21	 1306.5	   10.6	
  231	  28.32	    0.0	 1500.0	    0.0	  941.6	 1321.9	    0.0	  200.0	  678.9	 1152.1	    0.0	  200.0	  100.0	   14.2	    0.0	    0.0	    0.0	    2.9	   15.7	  1	 -450.0	 1750.0	   14.2	    0.0	    2.9	1	  348.6	 21	 1382.9	  -17.1	
  232	  28.42	    0.0	 1500.0	    0.0	  941.6	 1321.9	    0.0	  200.0	  678.9	 1152.1	    0.0	  200.0	  100.0	   13.8	    0.0	    0.0	    0.0	    3.0	   15.7	  1	 -450.0	 1750.0	   13.8	    0.0	    3.0	1	  345.8	 21	 1301.5	   10.2	
  233	  28.52	    0.0	 1500.0	    0.0	  941.6	 1321.9	    0.0	  200.0	  678.9	 1152.1	    0.0	  200.0	  100.0	   13.4	    0.0	    0.0	    0.0	    3.0	   15.8	  1	 -450.0	 1750.0	   13.4	    0.0	    3.0	1	  344.9	 21	 1302.3	   10.2	
  234	  28.62	    0.0	 1500.0	    0.0	  922.2	 1354.6	    0.0	  200.0	  678.9	 1152.1	    0.0	  200.0	  100.0	   13.0	    0.0	    0.0	    0.0	    3.1	   15.9	  1	 -450.0	 1750.0	   13.0	    0.0	    3.1	1	  343.0	 21	 1303.2	   10.3	
  235	  28.72	    0.0	 1500.0	    0.0	  941.6	 1321.9	    0.0	  200.0	  678.9	 1152.1	    0.0	  200.0	  100.0	   12.6	    0.0	    0.0	    0.0	    3.2	   15.9	  1	 -450.0	 1750.0	   12.6	    0.0	    3.2	1	  343.1	 21	 1303.9	   10.4	
  236	  28.82	    0.0	 1500.0	    0.0	  922.2	 1354.6	    0.0	  200.0	  678.9	 1152.1	    0.0	  200.0	  100.0	   12.2	    0.0	    0.0	    0.0	    3.2	   16.0	  1	 -450.0	 1750.0	   12.2	    0.0	    3.2	1	  341.2	 21	 1305.0	   10.5	
  237	  28.92	    0.0	 1500.0	    0.0	  922.2	 1354.6	    0.0	  200.0	  678.9	 1152.1	    0.0	  200.0	  100.0	   11.8	    0.0	    0.0	    0.0	    3.3	   16.1	  1	 -450.0	 1750.0	   11.8	    0.0	    3.3	1	  340.3	 21	 1305.9	   10.6	
  238	  29.02	    0.0	 1500.0	    0.0	  922.2	 1354.6	    0.0	  200.0	  678.9	 1152.1	    0.0	  200.0	  100.0	   11.4	    0.0	    0.0	    0.0	    3.4	   16.1	  1	 -450.0	 1750.0	   11.4	    0.0	    3.4	1	  339.4	 21	 1306.9	   10.7	
  239	  29.12	    0.0	 1500.0	    0.0	  922.2	 1354.6	    0.0	  200.0	  678.9	 1152.1	    0.0	  200.0	  100.0	   11.0	    0.0	    0.0	    0.0	    3.4	   16.2	  1	 -450.0	 1750.0	   11.0	    0.0	    3.4	1	  338.5	 21	 1308.0	   10.8	
  240	  29.22	    0.0	 1500.0	    0.0	  950.4	 1248.5	    0.0	  200.0	  678.9	 1152.1	    0.0	  200.0	  100.0	   10.6	    0.0	    0.0	    0.0	    3.5	   16.3	  1	 -450.0	 1750.0	   10.6	    0.0	    3.5	1	  341.4	 21	 1308.7	   10.9	
  241	  29.32	    0.0	 1500.0	    0.0	  704.6	 1178.4	    0.0	  200.0	  678.9	 1152.1	    0.0	  200.0	  100.0	   10.2	    0.0	    0.0	    0.0	    3.5	   16.3	  1	 -450.0	 1750.0	   10.2	    0.0	    3.5	1	  331.4	 21	 1311.8	   11.2	
  242	  29.42	    0.0	 1500.0	    0.0	  950.4	 1248.5	    0.0	  200.0	  678.9	 1152.1	    0.0	  200.0	  100.0	   14.5	    0.0	    0.0	    0.0	    3.6	   16.4	  1	 -450.0	 1750.0	   14.5	    0.0	    3.6	1	  353.9	 21	 1388.9	  -11.1	
  243	  29.52	    0.0	 1500.0	    0.0	  950.4	 1248.5	    0.0	  200.0	  678.9	 1152.1	    0.0	  200.0	  100.0	   14.1	    0.0	    0.0	    0.0	    3.7	   16.5	  1	 -450.0	 1750.0	   14.1	    0.0	    3.7	1	  350.2	 21	 1307.2	   10.7	
  244	  29.62	    0.0	 1500.0	    0.0	  950.4	 1248.5	    0.0	  200.0	  678.9	 1152.1	    0.0	  200.0	  100.0	   13.7	    0.0	    0.0	    0.0	    3.8	   16.6	  1	 -450.0	 1750.0	   13.7	    0.0	    3.8	1	  349.3	 21	 1308.1	   10.8	
  245	  29.72	    0.0	 1500.0	    0.0	  946.0	 1199.2	    0.0	  200.0	  678.9	 1152.1	    0.0	  200.0	  100.0	   13.3	    0.0	    0.0	    0.0	    3.9	   16.6	  1	 -450.0	 1750.0	   13.3	    0.0	    3.9	1	  349.3	 21	 1309.0	   10.9	
  246	  29.82	    0.0	 1500.0	    0.0	  946.0	 1199.2	    0.0	  200.0	  678.9	 1152.1	    0.0	  200.0	  100.0	   12.9	    0.0	    0.0	    0.0	    4.0	   16.7	  1	 -450.0	 1750.0	   12.9	    0.0	    4.0	1	  348.4	 21	 1310.0	   11.0	
  247	  29.92	    0.0	 1500.0	    0.0	  946.0	 1199.2	    0.0	  200.0	  678.9	 1152.1	    0.0	  200.0	  100.0	   12.5	    0.0	    0.0	    0.0	    4.1	   16.8	  1	 -450.0	 1750.0	   12.5	    0.0	    4.1	1	  347.6	 21	 1311.1	   11.1	
  248	  30.02	    0.0	 1500.0	    0.0	  946.0	 1199.2	    0.0	  200.0	  678.9	 1152.1	    0.0	  200.0	  100.0	   12.2	    0.0	    0.0	    0.0	    4.2	   16.8	  1	 -450.0	 1750.0	   12.2	    0.0	    4.2	1	  346.7	 21	 1312.3	   11.2	
  249	  30.12	    0.0	 1500.0	    0.0	  946.0	 1199.2	    0.0	  200.0	  678.9	 1152.1	    0.0	  200.0	  100.0	   11.8	    0.0	    0.0	    0.0	    4.2	   16.9	  1	 -450.0	 1750.0	   11.8	    0.0	    4.2	1	  345.8	 21	 1313.5	   11.4	
  250	  30.22	    0.0	 1500.0	    0.0	  933.3	 1181.2	    0.0	  200.0	  678.9	 1152.1	    0.0	  200.0	  100.0	   11.4	    0.0	    0.0	    0.0	    4.3	   17.0	  1	 -450.0	 1750.0	   11.4	    0.0	    4.3	1	  345.0	 21	 1314.9	   11.5	
  251	  30.32	    0.0	 1500.0	    0.0	  933.3	 1181.2	    0.0	  200.0	  678.9	 1152.1	    0.0	  200.0	  100.0	   11.0	    0.0	    0.0	    0.0	    4.4	   17.0	  1	 -450.0	 1750.0	   11.0	    0.0	    4.4	1	  344.2	 21	 1316.2	   11.6	
  252	  30.42	    0.0	 1500.0	    0.0	  933.3	 1181.2	    0.0	  200.0	  678.9	 1152.1	    0.0	  200.0	  100.0	   10.6	    0.0	    0.0	    0.0	    4.5	   17.1	  1	 -450.0	 1750.0	   10.6	    0.0	    4.5	1	  343.3	 21	 1317.7	   11.8	
  253	  30.52	    0.0	 1500.0	    0.0	  933.3	 1181.2	    0.0	  200.0	  678.9	 1152.1	    0.0	  200.0	  100.0	   10.2	    0.0	    0.0	    0.0	    4.6	   17.2	  1	 -450.0	 1750.0	   10.2	    0.0	    4.6	1	  342.4	 21	 1319.2	   11.9	
  254	  30.62	    0.0	 1500.0	    0.0	  933.3	 1181.2	    0.0	  200.0	  678.9	 1152.1	    0.0	  200.0	  100.0	    9.9	    0.0	    0.0	    0.0	    4.7	   17.2	  1	 -450.0	 1750.0	    9.9	    0.0	    4.7	1	  341.6	 21	 1320.8	   12.1	
  255	  30.72	    0.0	 1500.0	    0.0	  932.7	 1178.8	    0.0	  200.0	  678.9	 1152.1	    0.0	  200.0	  100.0	    9.5	    0.0	    0.0	    0.0	    4.8	   17.3	  1	 -450.0	 1750.0	    9.5	    0.0	    4.8	1	  340.7	 21	 1322.5	   12.3	
  256	  30.82	    0.0	 1500.0	    0.0	  932.7	 1178.8	    0.0	  200.0	  678.9	 1152.1	    0.0	  200.0	  100.0	    9.1	    0.0	    0.0	    0.0	    4.9	   17.4	  1	 -450.0	 1750.0	    9.1	    0.0	    4.9	1	  339.8	 21	 1324.4	   12.4	
  257	  30.92	    0.0	 1500.0	    0.0	  932.7	 1178.8	    0.0	  200.0	  678.9	 1152.1	    0.0	  200.0	  100.0	    8.7	    0.0	    0.0	    0.0	    5.0	   17.4	  1	 -450.0	 1750.0	    8.7	    0.0	    5.0	1	  339.0	 21	 1326.3	   12.6	
  258	  31.02	    0.0	 1500.0	    0.0	  932.7	 1178.8	    0.0	  200.0	  678.9	 1152.1	    0.0	  200.0	  100.0	    8.3	    0.0	    0.0	    0.0	    5.0	   17.5	  1	 -450.0	 1750.0	    8.3	    0.0	    5.0	1	  338.1	 21	 1328.3	   12.8	
  259	  31.12	    0.0	 1500.0	    0.0	  932.7	 1178.8	    0.0	  200.0	  678.9	 1152.1	    0.0	  200.0	  100.0	    7.9	    0.0	    0.0	    0.0	    5.1	   17.6	  1	 -450.0	 1750.0	    7.9	    0.0	    5.1	1	  337.2	 21	 1330.5	   13.0	
  260	  31.22	    0.0	 1500.0	    0.0	  930.5	 1176.9	    0.0	  200.0	  678.9	 1152.1	    0.0	  200.0	  100.0	    7.5	    0.0	    0.0	    0.0	    5.2	   17.6	  1	 -450.0	 1750.0	    7.5	    0.0	    5.2	1	  336.3	 21	 1332.8	   13.3	
  261	  31.32	    0.0	 1500.0	    0.0	  930.5	 1176.9	    0.0	  200.0	  678.9	 1152.1	    0.0	  200.0	  100.0	    7.2	    0.0	    0.0	    0.0	    5.3	   17.7	  1	 -450.0	 1750.0	    7.2	    0.0	    5.3	1	  335.4	 21	 1335.2	   13.5	
  262	  31.42	    0.0	 1500.0	    0.0	  930.5	 1176.9	    0.0	  200.0	  678.9	 1152.1	    0.0	  200.0	  100.0	    6.8	    0.0	    0.0	    0.0	    5.4	   17.8	  1	 -450.0	 1750.0	    6.8	    0.0	    5.4	1	  334.6	 21	 1337.8	   13.8	
  263	  31.52	    0.0	 1500.0	    0.0	  930.5	 1176.9	    0.0	  200.0	  678.9	 1152.1	    0.0	  200.0	  100.0	    6.4	    0.0	    0.0	    0.0	    5.5	   17.8	  1	 -450.0	 1750.0	    6.4	    0.0	    5.5	1	  333.7	 21	 1340.5	   14.1	
  264	  31.62	    0.0	 1500.0	    0.0	  930.5	 1176.9	    0.0	  200.0	  678.9	 1152.1	    0.0	  200.0	  100.0	    6.0	    0.0	    0.0	    0.0	    5.6	   17.9	  1	 -450.0	 1750.0	    6.0	    0.0	    5.6	1	  332.8	 21	 1343.4	   14.3	
  265	  31.72	    0.0	 1500.0	    0.0	  930.5	 1176.9	    0.0	  200.0	  678.9	 1152.1	    0.0	  200.0	  100.0	    5.6	    0.0	    0.0	    0.0	    5.7	   18.0	  1	 -450.0	 1750.0	    5.6	    0.0	    5.7	1	  331.9	 21	 1346.5	   14.7	
  266	  31.82	    0.0	 1500.0	    0.0	  930.5	 1176.9	    0.0	  200.0	  678.9	 1152.1	    0.0	  200.0	  100.0	    5.2	    0.0	    0.0	    0.0	    5.7	   18.0	  1	 -450.0	 1750.0	    5.2	    0.0	    5.7	1	  331.0	 21	 1349.8	   15.0	
  267	  31.92	    0.0	 1500.0	    0.0	  930.5	 1176.9	    0.0	  200.0	  678.9	 1152.1	    0.0	  200.0	  100.0	    4.8	    0.0	    0.0	    0.0	    5.8	   18.1	  1	 -450.0	 1750.0	    4.8	    0.0	    5.8	1	  330.2	 21	 1353.3	   15.3	
  268	  32.02	    0.0	 1500.0	    0.0	  930.5	 1173.0	    0.0	  200.0	  678.9	 1152.1	    0.0	  200.0	  100.0	    4.5	    0.0	    0.0	    0.0	    5.9	   18.2	  1	 -450.0	 1750.0	    4.5	    0.0	    5.9	1	  329.3	 21	 1357.0	   15.7	
  269	  32.12	    0.0	 1500.0	    0.0	  930.5	 1173.0	    0.0	  200.0	  678.9	 1152.1	    0.0	  200.0	  100.0	    4.1	    0.0	    0.0	    0.0	    6.0	   18.2	  1	 -450.0	 1750.0	    4.1	    0.0	    6.0	1	  328.4	 21	 1361.0	   16.1	
  270	  32.22	    0.0	 1500.0	    0.0	  930.5	 1173.0	    0.0	  200.0	  678.9	 1152.1	    0.0	  200.0	  100.0	    3.7	    0.0	    0.0	    0.0	    6.1	   18.3	  1	 -450.0	 1750.0	    3.7	    0.0	    6.1	1	  327.5	 21	 1365.2	   16.5	
  271	  32.32	    0.0	 1500.0	    0.0	  930.5	 1173.0	    0.0	  200.0	  678.9	 1152.1	    0.0	  200.0	  100.0	    3.3	    0.0	    0.0	    0.0	    6.2	   18.4	  1	 -450.0	 1750.0	    3.3	    0.0	    6.2	1	  326.7	 21	 1369.7	   17.0	
  272	  32.42	    0.0	 1500.0	    0.0	  930.5	 1173.0	    0.0	  200.0	  678.9	 1152.1	    0.0	  200.0	  100.0	    2.9	    0.0	    0.0	    0.0	    6.3	   18.5	  1	 -450.0	 1750.0	    2.9	    0.0	    6.3	1	  325.8	 21	 1374.6	   17.5	
  273	  32.52	    0.0	 1500.0	    0.0	  930.5	 1173.0	    0.0	  200.0	  678.9	 1152.1	    0.0	  200.0	  100.0	    2.5	    0.0	    0.0	    0.0	    6.4	   18.5	  1	 -450.0	 1750.0	    2.5	    0.0	    6.4	1	  324.9	 21	 1379.8	   18.0	
  274	  32.62	    0.0	 1500.0	    0.0	  930.5	 1173.0	    0.0	  200.0	  678.9	 1152.1	    0.0	  200.0	  100.0	    2.1	    0.0	    0.0	    0.0	    6.5	   18.6	  1	 -450.0	 1750.0	    2.1	    0.0	    6.5	1	  324.0	 21	 1385.3	   18.5	
  275	  32.72	    0.0	 1500.0	    0.0	  930.5	 1173.0	    0.0	  200.0	  678.9	 1152.1	    0.0	  200.0	  100.0	    1.8	    0.0	    0.0	    0.0	    6.5	   18.7	  1	 -450.0	 1750.0	    1.8	    0.0	    6.5	1	  323.1	 21	 1391.3	   19.1	
  276	  32.82	    0.0	 1500.0	    0.0	  931.4	 1176.6	    0.0	  200.0	  678.9	 1152.1	    0.0	  200.0	  100.0	    1.4	    0.0	    0.0	    0.0	    6.6	   18.7	  1	 -450.0	 1750.0	    1.4	    0.0	    6.6	1	  322.2	 21	 1397.7	   19.8	
  277	  32.92	    0.0	 1500.0	    0.0	  931.4	 1176.6	    0.0	  200.0	  678.9	 1152.1	    0.0	  200.0	  100.0	    1.0	    0.0	    0.0	    0.0	    6.7	   18.8	  1	 -450.0	 1750.0	    1.0	    0.0	    6.7	1	  321.3	 21	    0.0	    0.0	
  278	  33.02	    0.0	 1500.0	    0.0	  931.4	 1176.6	    0.0	  200.0	  678.9	 1152.1	    0.0	  200.0	  100.0	    0.6	    0.0	    0.0	    0.0	    6.8	   18.9	  1	 -450.0	 1750.0	    0.6	    0.0	    6.8	1	  320.4	 21	    0.0	    0.0	
  279	  33.12	    0.0	 1500.0	    0.0	  930.5	 1173.0	    0.0	  200.0	  678.9	 1152.1	    0.0	  200.0	  100.0	    0.2	    0.0	    0.0	    0.0	    6.9	   18.9	  1	 -450.0	 1750.0	    0.2	    0.0	    6.9	1	  319.6	 21	    0.0	    0.0	
  280	  33.22	    0.0	 1500.0	    0.0	  930.9	 1176.8	    0.0	  200.0	  678.9	 1152.1	    0.0	  200.0	  100.0	    0.0	    0.0	    0.0	    0.0	    7.0	   19.0	  1	 -450.0	 1750.0	    0.0	    0.0	    7.0	1	  319.2	 21	    0.0	    0.0	
  281	  33.32	    0.0	 1500.0	    0.0	  930.9	 1176.8	    0.0	  200.0	  678.9	 1152.1	    0.0	  200.0	  100.0	    0.0	    0.0	    0.0	    0.0	    7.1	   19.1	  1	 -450.0	 1750.0	    0.0	    0.0	    7.1	1	  319.4	 21	    0.0	    0.0	
  282	  33.42	    0.0	 1500.0	    0.0	  930.9	 1176.8	    0.0	  200.0	  678.9	 1152.1	    0.0	  200.0	  100.0	    0.0	    0.0	    0.0	    0.0	    7.2	   19.1	  1	 -450.0	 1750.0	    0.0	    0.0	    7.2	1	  319.6	 21	    0.0	    0.0	
  283	  33.52	    0.0	 1500.0	    0.0	  930.9	 1176.8	    0.0	  200.0	  678.9	 1152.1	    0.0	  200.0	  100.0	    0.0	    0.0	    0.0	    0.0	    7.2	   19.2	  1	 -450.0	 1750.0	    0.0	    0.0	    7.2	1	  319.9	 21	    0.0	    0.0	
  284	  33.62	    0.0	 1500.0	    0.0	  930.9	 1176.8	    0.0	  200.0	  678.9	 1152.1	    0.0	  200.0	  100.0	    0.0	    0.0	    0.0	    0.0	    7.3	   19.3	  1	 -450.0	 1750.0	    0.0	    0.0	    7.3	1	  320.1	 21	    0.0	    0.0	
  285	  33.72	    0.0	 1500.0	    0.0	  930.0	 1175.8	    0.0	  200.0	  678.9	 1152.1	    0.0	  200.0	  100.0	    0.0	    0.0	    0.0	    0.0	    7.4	   19.3	  1	 -450.0	 1750.0	    0.0	    0.0	    7.4	1	  320.4	 21	    0.0	    0.0	
  286	  33.82	    0.0	 1500.0	    0.0	  930.0	 1175.8	    0.0	  200.0	  678.9	 1152.1	    0.0	  200.0	  100.0	    0.0	    0.0	    0.0	    0.0	    7.5	   19.4	  1	 -450.0	 1750.0	    0.0	    0.0	    7.5	1	  320.6	 21	    0.0	    0.0	
  287	  33.92	    0.0	 1500.0	    0.0	  930.0	 1175.8	    0.0	  200.0	  678.9	 1152.1	    0.0	  200.0	  100.0	    0.0	    0.0	    0.0	    0.0	    7.6	   19.5	  1	 -450.0	 1750.0	    0.0	    0.0	    7.6	1	  320.8	 21	    0.0	    0.0	
  288	  34.02	    0.0	 1500.0	    0.0	  930.9	 1176.8	    0.0	  200.0	  678.9	 1152.1	    0.0	  200.0	  100.0	    0.0	    0.0	    0.0	    0.0	    7.7	   19.5	  1	 -450.0	 1750.0	    0.0	    0.0	    7.7	1	  321.1	 21	    0.0	    0.0	
  289	  34.12	    0.0	 1500.0	    0.0	  930.0	 1175.8	    0.0	  200.0	  678.9	 1152.1	    0.0	  200.0	  100.0	    0.0	    0.0	    0.0	    0.0	    7.8	   19.6	  1	 -450.0	 1750.0	    0.0	    0.0	    7.8	1	  321.3	 21	    0.0	    0.0	
  290	  34.22	    0.0	 1500.0	    0.0	  930.0	 1175.8	    0.0	  200.0	  678.9	 1152.1	    0.0	  200.0	  100.0	    0.0	    0.0	    0.0	    0.0	    7.9	   19.7	  1	 -450.0	 1750.0	    0.0	    0.0	    7.9	1	  321.6	 21	    0.0	    0.0	
  291	  34.32	    0.0	 1500.0	    0.0	  936.8	 1179.9	    0.0	  200.0	  678.9	 1152.1	    0.0	  200.0	  100.0	    0.0	    0.0	    0.0	    0.0	    7.9	   19.7	  1	 -450.0	 1750.0	    0.0	    0.0	    7.9	1	  321.8	 21	    0.0	    0.0	
  292	  34.42	    0.0	 1500.0	    0.0	  936.8	 1179.9	    0.0	  200.0	  678.9	 1152.1	    0.0	  200.0	  100.0	    0.0	    0.0	    0.0	    0.0	    8.0	   19.8	  1	 -450.0	 1750.0	    0.0	    0.0	    8.0	1	  322.1	 21	    0.0	    0.0	
  293	  34.52	    0.0	 1500.0	    0.0	  936.8	 1179.9	    0.0	  200.0	  678.9	 1152.1	    0.0	  200.0	  100.0	    0.0	    0.0	    0.0	    0.0	    8.1	   19.9	  1	 -450.0	 1750.0	    0.0	    0.0	    8.1	1	  322.3	 21	    0.0	    0.0	
  294	  34.62	    0.0	 1500.0	    0.0	  936.8	 1179.9	    0.0	  200.0	  678.9	 1152.1	    0.0	  200.0	  100.0	    0.0	    0.0	    0.0	    0.0	    8.2	   19.9	  1	 -450.0	 1750.0	    0.0	    0.0	    8.2	1	  322.5	 21	    0.0	    0.0	
  295	  34.72	    0.0	 1500.0	    0.0	  936.8	 1179.9	    0.0	  200.0	  678.9	 1152.1	    0.0	  200.0	  100.0	    0.0	    0.0	    0.0	    0.0	    8.3	   20.0	  1	 -450.0	 1750.0	    0.0	    0.0	    8.3	1	  322.8	 21	    0.0	    0.0	
  296	  34.82	    0.0	 1500.0	    0.0	  936.8	 1179.9	    0.0	  200.0	  678.9	 1152.1	    0.0	  200.0	  100.0	    0.0	    0.0	    0.0	    0.0	    8.4	   20.1	  1	 -450.0	 1750.0	    0.0	    0.0	    8.4	1	  323.0	 21	    0.0	    0.0	
  297	  34.92	    0.0	 1500.0	    0.0	  903.2	 1165.4	    0.0	  200.0	  678.9	 1152.1	    0.0	  200.0	  100.0	    0.0	    0.0	    0.0	    0.0	    8.5	   20.1	  1	 -450.0	 1750.0	    0.0	    0.0	    8.5	1	  323.2	 21	    0.0	    0.0	
  298	  35.02	    0.0	 1500.0	    0.0	  903.2	 1165.4	    0.0	  200.0	  678.9	 1152.1	    0.0	  200.0	  100.0	    0.0	    0.0	    0.0	    0.0	    8.6	   20.2	  1	 -450.0	 1750.0	    0.0	    0.0	    8.6	1	  323.4	 21	    0.0	    0.0	
  299	  35.12	    0.0	 1500.0	    0.0	  903.2	 1165.4	    0.0	  200.0	  678.9	 1152.1	    0.0	  200.0	  100.0	    0.0	    0.0	    0.0	    0.0	    8.6	   20.3	  1	 -450.0	 1750.0	    0.0	    0.0	    8.6	1	  323.7	 21	    0.0	    0.0	
  300	  35.22	    0.0	 1500.0	    0.0	  903.2	 1165.4	    0.0	  200.0	  678.9	 1152.1	    0.0	  200.0	  100.0	    0.0	    0.0	    0.0	    0.0	    8.7	   20.3	  1	 -450.0	 1750.0	    0.0	    0.0	    8.7	1	  323.9	 21	    0.0	    0.0	
  301	  35.32	    0.0	 1500.0	    0.0	  903.2	 1165.4	    0.0	  200.0	  678.9	 1152.1	    0.0	  200.0	  100.0	    0.0	    0.0	    0.0	    0.0	    8.8	   20.4	  1	 -450.0	 1750.0	    0.0	    0.0	    8.8	1	  324.1	 21	    0.0	    0.0	
  302	  35.42	    0.0	 1500.0	    0.0	  831.3	 1179.2	    0.0	  200.0	  678.9	 1152.1	    0.0	  200.0	  100.0	    0.0	    0.0	    0.0	    0.0	    8.8	   20.5	  1	 -450.0	 1750.0	    0.0	    0.0	    8.8	1	  323.5	 21	    0.0	    0.0	
  303	  35.52	    0.0	 1500.0	    0.0	  831.3	 1179.2	    0.0	  200.0	  678.9	 1152.1	    0.0	  200.0	  100.0	    0.0	    0.0	    0.0	    0.0	    8.9	   20.6	  1	 -450.0	 1750.0	    0.0	    0.0	    8.9	1	  323.7	 21	    0.0	    0.0	
  304	  35.62	    0.0	 1500.0	    0.0	  831.3	 1179.2	    0.0	  200.0	  678.9	 1152.1	    0.0	  200.0	  100.0	    0.0	    0.0	    0.0	    0.0	    8.9	   20.6	  1	 -450.0	 1750.0	    0.0	    0.0	    8.9	1	  323.8	 21	    0.0	    0.0	
  305	  35.72	    0.0	 1500.0	    0.0	  831.3	 1179.2	    0.0	  200.0	  678.9	 1152.1	    0.0	  200.0	  100.0	    0.0	    0.0	    0.0	    0.0	    9.0	   20.7	  1	 -450.0	 1750.0	    0.0	    0.0	    9.0	1	  323.9	 21	    0.0	    0.0	
  306	  35.82	    0.0	 1500.0	    0.0	  831.3	 1179.2	    0.0	  200.0	  678.9	 1152.1	    0.0	  200.0	  100.0	    0.0	    0.0	    0.0	    0.0	    9.0	   20.8	  1	 -450.0	 1750.0	    0.0	    0.0	    9.0	1	  324.1	 21	    0.0	    0.0	
  307	  35.92	    0.0	 1500.0	    0.0	  825.4	 1162.0	    0.0	  200.0	  678.9	 1152.1	    0.0	  200.0	  100.0	    0.0	    0.0	    0.0	    0.0	    9.1	   20.8	  1	 -450.0	 1750.0	    0.0	    0.0	    9.1	1	  324.3	 21	    0.0	    0.0	
  308	  36.02	    0.0	 1500.0	    0.0	  825.4	 1162.0	    0.0	  200.0	  678.9	 1152.1	    0.0	  200.0	  100.0	    0.0	    0.0	    0.0	    0.0	    9.1	   20.9	  1	 -450.0	 1750.0	    0.0	    0.0	    9.1	1	  324.5	 21	    0.0	    0.0	
  309	  36.12	    0.0	 1500.0	    0.0	  825.4	 1162.0	    0.0	  200.0	  678.9	 1152.1	    0.0	  200.0	  100.0	    0.0	    0.0	    0.0	    0.0	    9.2	   21.0	  1	 -450.0	 1750.0	    0.0	    0.0	    9.2	1	  324.6	 21	    0.0	    0.0	
  310	  36.22	    0.0	 1500.0	    0.0	  825.4	 1162.0	    0.0	  200.0	  678.9	 1152.1	    0.0	  200.0	  100.0	    0.0	    0.0	    0.0	    0.0	    9.2	   21.0	  1	 -450.0	 1750.0	    0.0	    0.0	    9.2	1	  324.7	 21	    0.0	    0.0	
  311	  36.32	    0.0	 1500.0	    0.0	  821.6	 1165.0	    0.0	  200.0	  678.9	 1152.1	    0.0	  200.0	  100.0	    0.0	    0.0	    0.0	    0.0	    9.3	   21.1	  1	 -450.0	 1750.0	    0.0	    0.0	    9.3	1	  324.8	 21	    0.0	    0.0	
  312	  36.42	    0.0	 1500.0	    0.0	  821.6	 1165.0	    0.0	  200.0	  678.9	 1152.1	    0.0	  200.0	  100.0	    0.0	    0.0	    0.0	    0.0	    9.3	   21.2	  1	 -450.0	 1750.0	    0.0	    0.0	    9.3	1	  324.9	 21	    0.0	    0.0	
  313	  36.52	    0.0	 1500.0	    0.0	  821.6	 1165.0	    0.0	  200.0	  678.9	 1152.1	    0.0	  200.0	  100.0	    0.0	    0.0	    0.0	    0.0	    9.4	   21.2	  1	 -450.0	 1750.0	    0.0	    0.0	    9.4	1	  325.0	 21	    0.0	    0.0	
  314	  36.62	    0.0	 1500.0	    0.0	  821.6	 1165.0	    0.0	  200.0	  678.9	 1152.1	    0.0	  200.0	  100.0	    0.0	    0.0	    0.0	    0.0	    9.4	   21.3	  1	 -450.0	 1750.0	    0.0	    0.0	    9.4	1	  325.2	 21	    0.0	    0.0	
  315	  36.72	    0.0	 1500.0	    0.0	  821.6	 1165.0	    0.0	  200.0	  678.9	 1152.1	    0.0	  200.0	  100.0	    0.0	    0.0	    0.0	    0.0	    9.5	   21.4	  1	 -450.0	 1750.0	    0.0	    0.0	    9.5	1	  325.3	 21	    0.0	    0.0	
  316	  36.82	    0.0	 1500.0	    0.0	  810.4	 1163.5	    0.0	  200.0	  678.9	 1152.1	    0.0	  200.0	  100.0	    0.0	    0.0	    0.0	    0.0	    9.5	   21.4	  1	 -450.0	 1750.0	    0.0	    0.0	    9.5	1	  325.3	 21	    0.0	    0.0	
