    1	   5.12	    0.0	 1500.0	    0.0	    0.0	    0.0	    0.0	    0.0	    0.0	    0.0	    0.0	    0.0	  100.0	  100.0	    0.0	    0.0	    0.0	    0.0	    0.0	  1	-1000.0	  500.0	  100.0	    0.0	    0.0	1	  526.8	 21	 1371.8	  -28.2	
    2	   5.22	    0.0	 1500.0	    0.0	    0.0	    0.0	    0.0	    0.0	    0.0	    0.0	    0.0	    0.0	  100.0	   99.7	    0.0	    0.0	    0.0	    0.0	    0.1	  1	  -50.0	 1250.0	   99.7	    0.0	    0.0	1	  227.0	 21	 1391.9	   19.2	
    3	   5.32	    0.0	 1500.0	    0.0	    0.0	    0.0	    0.0	    0.0	    0.0	    0.0	    0.0	    0.0	  100.0	   99.5	    0.0	    0.0	    0.0	    0.0	    0.1	  1	  -50.0	 1250.0	   99.5	    0.0	    0.0	1	  227.0	 21	 1391.5	   19.2	
    4	   5.42	    0.0	 1500.0	    0.0	    0.0	    0.0	    0.0	    0.0	    0.0	    0.0	    0.0	    0.0	  100.0	   99.2	    0.0	    0.0	    0.0	    0.0	    0.2	  1	  -50.0	 1250.0	   99.2	    0.0	    0.0	1	  227.0	 21	 1391.2	   19.1	
    5	   5.52	    0.0	 1500.0	    0.0	    0.0	    0.0	    0.0	    0.0	    0.0	    0.0	    0.0	    0.0	  100.0	   99.0	    0.0	    0.0	    0.0	    0.0	    0.2	  1	  -50.0	 1250.0	   99.0	    0.0	    0.0	1	  227.0	 21	 1390.8	   19.1	
    6	   5.62	    0.0	 1500.0	    0.0	    0.0	    0.0	    0.0	    0.0	    0.0	    0.0	    0.0	    0.0	  100.0	   98.7	    0.0	    0.0	    0.0	    0.0	    0.2	  1	  -50.0	 1250.0	   98.7	    0.0	    0.0	1	  227.0	 21	 1390.4	   19.0	
    7	   5.72	    0.0	 1500.0	    0.0	    0.0	    0.0	    0.0	    0.0	    0.0	    0.0	    0.0	    0.0	  100.0	   98.5	    0.0	    0.0	    0.0	    0.0	    0.3	  1	  -50.0	 1250.0	   98.5	    0.0	    0.0	1	  227.0	 21	 1390.1	   19.0	
    8	   5.82	    0.0	 1500.0	    0.0	    0.0	    0.0	    0.0	    0.0	    0.0	    0.0	    0.0	    0.0	  100.0	   98.2	    0.0	    0.0	    0.0	    0.0	    0.3	  1	  -50.0	 1250.0	   98.2	    0.0	    0.0	1	  227.0	 21	 1389.7	   19.0	
    9	   5.92	    0.0	 1500.0	    0.0	    0.0	    0.0	    0.0	    0.0	    0.0	    0.0	    0.0	    0.0	  100.0	   98.0	    0.0	    0.0	    0.0	    0.0	    0.3	  1	  -50.0	 1250.0	   98.0	    0.0	    0.0	1	  227.0	 21	 1389.3	   18.9	
   10	   6.02	    0.0	 1500.0	    0.0	    0.0	    0.0	    0.0	    0.0	    0.0	    0.0	    0.0	    0.0	  100.0	   97.7	    0.0	    0.0	    0.0	    0.0	    0.4	  1	  -50.0	 1250.0	   97.7	    0.0	    0.0	1	  227.0	 21	 1389.0	   18.9	
   11	   6.12	    0.0	 1500.0	    0.0	    0.0	    0.0	    0.0	    0.0	    0.0	    0.0	    0.0	    0.0	  100.0	   97.5	    0.0	    0.0	    0.0	    0.0	    0.4	  1	  -50.0	 1250.0	   97.5	    0.0	    0.0	1	  227.0	 21	 1388.6	   18.9	
   12	   6.22	    0.0	 1500.0	    0.0	    0.0	    0.0	    0.0	    0.0	    0.0	    0.0	    0.0	    0.0	  100.0	   97.2	    0.0	    0.0	    0.0	    0.0	    0.5	  1	  -50.0	 1250.0	   97.2	    0.0	    0.0	1	  227.0	 21	 1388.2	   18.8	
   13	   6.32	    0.0	 1500.0	    0.0	    0.0	    0.0	    0.0	    0.0	    0.0	    0.0	    0.0	    0.0	  100.0	   96.9	    0.0	    0.0	    0.0	    0.0	    0.5	  1	  -50.0	 1250.0	   96.9	    0.0	    0.0	1	  227.0	 21	 1387.9	   18.8	
   14	   6.42	    0.0	 1500.0	    0.0	    0.0	    0.0	    0.0	    0.0	    0.0	    0.0	    0.0	    0.0	  100.0	   96.7	    0.0	    0.0	    0.0	    0.0	    0.5	  1	  -50.0	 1250.0	   96.7	    0.0	    0.0	1	  227.0	 21	 1387.5	   18.7	
   15	   6.52	    0.0	 1500.0	    0.0	    0.0	    0.0	    0.0	    0.0	    0.0	    0.0	    0.0	    0.0	  100.0	   96.4	    0.0	    0.0	    0.0	    0.0	    0.6	  1	  -50.0	 1250.0	   96.4	    0.0	    0.0	1	  227.0	 21	 1387.1	   18.7	
   16	   6.62	    0.0	 1500.0	    0.0	    0.0	    0.0	    0.0	    0.0	    0.0	    0.0	    0.0	    0.0	  100.0	   96.2	    0.0	    0.0	    0.0	    0.0	    0.6	  1	  -50.0	 1250.0	   96.2	    0.0	    0.0	1	  227.0	 21	 1386.8	   18.7	
   17	   6.72	    0.0	 1500.0	    0.0	    0.0	    0.0	    0.0	    0.0	    0.0	    0.0	    0.0	    0.0	  100.0	   95.9	    0.0	    0.0	    0.0	    0.0	    0.6	  1	  -50.0	 1250.0	   95.9	    0.0	    0.0	1	  227.0	 21	 1386.4	   18.6	
   18	   6.82	    0.0	 1500.0	    0.0	    0.0	    0.0	    0.0	    0.0	    0.0	    0.0	    0.0	    0.0	  100.0	   95.7	    0.0	    0.0	    0.0	    0.0	    0.7	  1	  -50.0	 1250.0	   95.7	    0.0	    0.0	1	  227.0	 21	 1386.0	   18.6	
   19	   6.92	    0.0	 1500.0	    0.0	    0.0	    0.0	    0.0	    0.0	    0.0	    0.0	    0.0	    0.0	  100.0	   95.4	    0.0	    0.0	    0.0	    0.0	    0.7	  1	  -50.0	 1250.0	   95.4	    0.0	    0.0	1	  227.0	 21	 1385.7	   18.6	
   20	   7.02	    0.0	 1500.0	    0.0	    0.0	    0.0	    0.0	    0.0	    0.0	    0.0	    0.0	    0.0	  100.0	   95.2	    0.0	    0.0	    0.0	    0.0	    0.8	  1	  -50.0	 1250.0	   95.2	    0.0	    0.0	1	  227.0	 21	 1385.3	   18.5	
   21	   7.12	    0.0	 1500.0	    0.0	    0.0	    0.0	    0.0	    0.0	    0.0	    0.0	    0.0	    0.0	  100.0	   94.9	    0.0	    0.0	    0.0	    0.0	    0.8	  1	  -50.0	 1250.0	   94.9	    0.0	    0.0	1	  227.0	 21	 1384.9	   18.5	
   22	   7.22	    0.0	 1500.0	    0.0	    0.0	    0.0	    0.0	    0.0	    0.0	    0.0	    0.0	    0.0	  100.0	   94.6	    0.0	    0.0	    0.0	    0.0	    0.8	  1	  -50.0	 1250.0	   94.6	    0.0	    0.0	1	  227.0	 21	 1384.6	   18.5	
   23	   7.32	    0.0	 1500.0	    0.0	    0.0	    0.0	    0.0	    0.0	    0.0	    0.0	    0.0	    0.0	  100.0	   94.4	    0.0	    0.0	    0.0	    0.0	    0.9	  1	  -50.0	 1250.0	   94.4	    0.0	    0.0	1	  227.0	 21	 1384.2	   18.4	
   24	   7.42	    0.0	 1500.0	    0.0	    0.0	    0.0	    0.0	    0.0	    0.0	    0.0	    0.0	    0.0	  100.0	   94.1	    0.0	    0.0	    0.0	    0.0	    0.9	  1	  -50.0	 1250.0	   94.1	    0.0	    0.0	1	  227.0	 21	 1383.8	   18.4	
   25	   7.52	    0.0	 1500.0	    0.0	    0.0	    0.0	    0.0	    0.0	    0.0	    0.0	    0.0	    0.0	  100.0	   93.9	    0.0	    0.0	    0.0	    0.0	    0.9	  1	  -50.0	 1250.0	   93.9	    0.0	    0.0	1	  227.0	 21	 1383.5	   18.3	
   26	   7.62	    0.0	 1500.0	    0.0	    0.0	    0.0	    0.0	    0.0	    0.0	    0.0	    0.0	    0.0	  100.0	   93.6	    0.0	    0.0	    0.0	    0.0	    1.0	  1	  -50.0	 1250.0	   93.6	    0.0	    0.0	1	  227.0	 21	 1383.1	   18.3	
   27	   7.72	    0.0	 1500.0	    0.0	    0.0	    0.0	    0.0	    0.0	    0.0	    0.0	    0.0	    0.0	  100.0	   93.4	    0.0	    0.0	    0.0	    0.0	    1.0	  1	  -50.0	 1250.0	   93.4	    0.0	    0.0	1	  227.0	 21	 1382.7	   18.3	
   28	   7.82	    0.0	 1500.0	    0.0	    0.0	    0.0	    0.0	    0.0	    0.0	    0.0	    0.0	    0.0	  100.0	   93.1	    0.0	    0.0	    0.0	    0.0	    1.1	  1	  -50.0	 1250.0	   93.1	    0.0	    0.0	1	  227.0	 21	 1382.4	   18.2	
   29	   7.92	    0.0	 1500.0	    0.0	    0.0	    0.0	    0.0	    0.0	    0.0	    0.0	    0.0	    0.0	  100.0	   92.9	    0.0	    0.0	    0.0	    0.0	    1.1	  1	  -50.0	 1250.0	   92.9	    0.0	    0.0	1	  227.0	 21	 1382.0	   18.2	
   30	   8.02	    0.0	 1500.0	    0.0	    0.0	    0.0	    0.0	    0.0	    0.0	    0.0	    0.0	    0.0	  100.0	   92.6	    0.0	    0.0	    0.0	    0.0	    1.1	  1	  -50.0	 1250.0	   92.6	    0.0	    0.0	1	  227.0	 21	 1381.6	   18.2	
   31	   8.12	    0.0	 1500.0	    0.0	    0.0	    0.0	    0.0	    0.0	    0.0	    0.0	    0.0	    0.0	  100.0	   92.4	    0.0	    0.0	    0.0	    0.0	    1.2	  1	  -50.0	 1250.0	   92.4	    0.0	    0.0	1	  227.0	 21	 1381.3	   18.1	
   32	   8.22	    0.0	 1500.0	    0.0	    0.0	    0.0	    0.0	    0.0	    0.0	    0.0	    0.0	    0.0	  100.0	   92.1	    0.0	    0.0	    0.0	    0.0	    1.2	  1	  -50.0	 1250.0	   92.1	    0.0	    0.0	1	  227.0	 21	 1380.9	   18.1	
   33	   8.32	    0.0	 1500.0	    0.0	    0.0	    0.0	    0.0	    0.0	    0.0	    0.0	    0.0	    0.0	  100.0	   91.8	    0.0	    0.0	    0.0	    0.0	    1.3	  1	  -50.0	 1250.0	   91.8	    0.0	    0.0	1	  227.0	 21	 1380.5	   18.1	
   34	   8.42	    0.0	 1500.0	    0.0	    0.0	    0.0	    0.0	    0.0	    0.0	    0.0	    0.0	    0.0	  100.0	   91.6	    0.0	    0.0	    0.0	    0.0	    1.3	  1	  -50.0	 1250.0	   91.6	    0.0	    0.0	1	  227.0	 21	 1380.2	   18.0	
   35	   8.52	    0.0	 1500.0	    0.0	    0.0	    0.0	    0.0	    0.0	    0.0	    0.0	    0.0	    0.0	  100.0	   91.3	    0.0	    0.0	    0.0	    0.0	    1.3	  1	  -50.0	 1250.0	   91.3	    0.0	    0.0	1	  227.0	 21	 1379.8	   18.0	
   36	   8.62	    0.0	 1500.0	    0.0	    0.0	    0.0	    0.0	    0.0	    0.0	    0.0	    0.0	    0.0	  100.0	   91.1	    0.0	    0.0	    0.0	    0.0	    1.4	  1	  -50.0	 1250.0	   91.1	    0.0	    0.0	1	  227.0	 21	 1379.4	   17.9	
   37	   8.72	    0.0	 1500.0	    0.0	    0.0	    0.0	    0.0	    0.0	    0.0	    0.0	    0.0	    0.0	  100.0	   90.8	    0.0	    0.0	    0.0	    0.0	    1.4	  1	  -50.0	 1250.0	   90.8	    0.0	    0.0	1	  227.0	 21	 1379.1	   17.9	
   38	   8.82	    0.0	 1500.0	    0.0	    0.0	    0.0	    0.0	    0.0	    0.0	    0.0	    0.0	    0.0	  100.0	   90.6	    0.0	    0.0	    0.0	    0.0	    1.4	  1	  -50.0	 1250.0	   90.6	    0.0	    0.0	1	  227.0	 21	 1378.7	   17.9	
   39	   8.92	    0.0	 1500.0	    0.0	    0.0	    0.0	    0.0	    0.0	    0.0	    0.0	    0.0	    0.0	  100.0	   90.3	    0.0	    0.0	    0.0	    0.0	    1.5	  1	  -50.0	 1250.0	   90.3	    0.0	    0.0	1	  227.0	 21	 1378.3	   17.8	
   40	   9.02	    0.0	 1500.0	    0.0	    0.0	    0.0	    0.0	    0.0	    0.0	    0.0	    0.0	    0.0	  100.0	   90.1	    0.0	    0.0	    0.0	    0.0	    1.5	  1	  -50.0	 1250.0	   90.1	    0.0	    0.0	1	  227.0	 21	 1378.0	   17.8	
   41	   9.12	    0.0	 1500.0	    0.0	    0.0	    0.0	    0.0	    0.0	    0.0	    0.0	    0.0	    0.0	  100.0	   89.8	    0.0	    0.0	    0.0	    0.0	    1.6	  1	  -50.0	 1250.0	   89.8	    0.0	    0.0	1	  227.0	 21	 1377.6	   17.8	
   42	   9.22	    0.0	 1500.0	    0.0	    0.0	    0.0	    0.0	    0.0	    0.0	    0.0	    0.0	    0.0	  100.0	   89.6	    0.0	    0.0	    0.0	    0.0	    1.6	  1	  -50.0	 1250.0	   89.6	    0.0	    0.0	1	  227.0	 21	 1377.2	   17.7	
   43	   9.32	    0.0	 1500.0	    0.0	    0.0	    0.0	    0.0	    0.0	    0.0	    0.0	    0.0	    0.0	  100.0	   89.3	    0.0	    0.0	    0.0	    0.0	    1.6	  1	  -50.0	 1250.0	   89.3	    0.0	    0.0	1	  227.0	 21	 1376.9	   17.7	
   44	   9.42	    0.0	 1500.0	    0.0	    0.0	    0.0	    0.0	    0.0	    0.0	    0.0	    0.0	    0.0	  100.0	   89.0	    0.0	    0.0	    0.0	    0.0	    1.7	  1	  -50.0	 1250.0	   89.0	    0.0	    0.0	1	  227.0	 21	 1376.5	   17.7	
   45	   9.52	    0.0	 1500.0	    0.0	    0.0	    0.0	    0.0	    0.0	    0.0	    0.0	    0.0	    0.0	  100.0	   88.8	    0.0	    0.0	    0.0	    0.0	    1.7	  1	  -50.0	 1250.0	   88.8	    0.0	    0.0	1	  227.0	 21	 1376.1	   17.6	
   46	   9.62	    0.0	 1500.0	    0.0	    0.0	    0.0	    0.0	    0.0	    0.0	    0.0	    0.0	    0.0	  100.0	   88.5	    0.0	    0.0	    0.0	    0.0	    1.7	  1	  -50.0	 1250.0	   88.5	    0.0	    0.0	1	  227.0	 21	 1375.8	   17.6	
   47	   9.72	    0.0	 1500.0	    0.0	    0.0	    0.0	    0.0	    0.0	    0.0	    0.0	    0.0	    0.0	  100.0	   88.3	    0.0	    0.0	    0.0	    0.0	    1.8	  1	  -50.0	 1250.0	   88.3	    0.0	    0.0	1	  227.0	 21	 1375.4	   17.5	
   48	   9.82	    0.0	 1500.0	    0.0	    0.0	    0.0	    0.0	    0.0	    0.0	    0.0	    0.0	    0.0	  100.0	   88.0	    0.0	    0.0	    0.0	    0.0	    1.8	  1	  -50.0	 1250.0	   88.0	    0.0	    0.0	1	  227.0	 21	 1375.0	   17.5	
   49	   9.92	    0.0	 1500.0	    0.0	    0.0	    0.0	    0.0	    0.0	    0.0	    0.0	    0.0	    0.0	  100.0	   87.8	    0.0	    0.0	    0.0	    0.0	    1.9	  1	  -50.0	 1250.0	   87.8	    0.0	    0.0	1	  227.0	 21	 1374.7	   17.5	
   50	  10.02	    0.0	 1500.0	    0.0	    0.0	    0.0	    0.0	    0.0	    0.0	    0.0	    0.0	    0.0	  100.0	   87.5	    0.0	    0.0	    0.0	    0.0	    1.9	  1	  -50.0	 1250.0	   87.5	    0.0	    0.0	1	  227.0	 21	 1374.3	   17.4	
   51	  10.12	    0.0	 1500.0	    0.0	    0.0	    0.0	    0.0	    0.0	    0.0	    0.0	    0.0	    0.0	  100.0	   87.3	    0.0	    0.0	    0.0	    0.0	    1.9	  1	  -50.0	 1250.0	   87.3	    0.0	    0.0	1	  227.0	 21	 1373.9	   17.4	
   52	  10.22	    0.0	 1500.0	    0.0	    0.0	    0.0	    0.0	    0.0	    0.0	    0.0	    0.0	    0.0	  100.0	   87.0	    0.0	    0.0	    0.0	    0.0	    2.0	  1	  -50.0	 1250.0	   87.0	    0.0	    0.0	1	  227.0	 21	 1373.6	   17.4	
   53	  10.32	    0.0	 1500.0	    0.0	    0.0	    0.0	    0.0	    0.0	    0.0	    0.0	    0.0	    0.0	  100.0	   86.7	    0.0	    0.0	    0.0	    0.0	    2.0	  1	  -50.0	 1250.0	   86.7	    0.0	    0.0	1	  227.0	 21	 1373.2	   17.3	
   54	  10.42	    0.0	 1500.0	    0.0	    0.0	    0.0	    0.0	    0.0	    0.0	    0.0	    0.0	    0.0	  100.0	   86.5	    0.0	    0.0	    0.0	    0.0	    2.1	  1	  -50.0	 1250.0	   86.5	    0.0	    0.0	1	  227.0	 21	 1372.9	   17.3	
   55	  10.52	    0.0	 1500.0	    0.0	    0.0	    0.0	    0.0	    0.0	    0.0	    0.0	    0.0	    0.0	  100.0	   86.2	    0.0	    0.0	    0.0	    0.0	    2.1	  1	  -50.0	 1250.0	   86.2	    0.0	    0.0	1	  227.0	 21	 1372.5	   17.2	
   56	  10.62	    0.0	 1500.0	    0.0	    0.0	    0.0	    0.0	    0.0	    0.0	    0.0	    0.0	    0.0	  100.0	   86.0	    0.0	    0.0	    0.0	    0.0	    2.1	  1	  -50.0	 1250.0	   86.0	    0.0	    0.0	1	  227.0	 21	 1372.1	   17.2	
   57	  10.72	    0.0	 1500.0	    0.0	    0.0	    0.0	    0.0	    0.0	    0.0	    0.0	    0.0	    0.0	  100.0	   85.7	    0.0	    0.0	    0.0	    0.0	    2.2	  1	  -50.0	 1250.0	   85.7	    0.0	    0.0	1	  227.0	 21	 1371.8	   17.2	
   58	  10.82	    0.0	 1500.0	    0.0	    0.0	    0.0	    0.0	    0.0	    0.0	    0.0	    0.0	    0.0	  100.0	   85.5	    0.0	    0.0	    0.0	    0.0	    2.2	  1	  -50.0	 1250.0	   85.5	    0.0	    0.0	1	  227.0	 21	 1371.4	   17.1	
   59	  10.92	    0.0	 1500.0	    0.0	    0.0	    0.0	    0.0	    0.0	    0.0	    0.0	    0.0	    0.0	  100.0	   85.2	    0.0	    0.0	    0.0	    0.0	    2.2	  1	  -50.0	 1250.0	   85.2	    0.0	    0.0	1	  227.0	 21	 1371.0	   17.1	
   60	  11.02	    0.0	 1500.0	    0.0	    0.0	    0.0	    0.0	    0.0	    0.0	    0.0	    0.0	    0.0	  100.0	   85.0	    0.0	    0.0	    0.0	    0.0	    2.3	  1	  -50.0	 1250.0	   85.0	    0.0	    0.0	1	  227.0	 21	 1370.7	   17.1	
   61	  11.12	    0.0	 1500.0	    0.0	    0.0	    0.0	    0.0	    0.0	    0.0	    0.0	    0.0	    0.0	  100.0	   84.7	    0.0	    0.0	    0.0	    0.0	    2.3	  1	  -50.0	 1250.0	   84.7	    0.0	    0.0	1	  227.0	 21	 1370.3	   17.0	
   62	  11.22	    0.0	 1500.0	    0.0	    0.0	    0.0	    0.0	    0.0	    0.0	    0.0	    0.0	    0.0	  100.0	   84.5	    0.0	    0.0	    0.0	    0.0	    2.4	  1	  -50.0	 1250.0	   84.5	    0.0	    0.0	1	  227.0	 21	 1369.9	   17.0	
   63	  11.32	    0.0	 1500.0	    0.0	    0.0	    0.0	    0.0	    0.0	    0.0	    0.0	    0.0	    0.0	  100.0	   84.2	    0.0	    0.0	    0.0	    0.0	    2.4	  1	  -50.0	 1250.0	   84.2	    0.0	    0.0	1	  227.0	 21	 1369.6	   17.0	
   64	  11.42	    0.0	 1500.0	    0.0	    0.0	    0.0	    0.0	    0.0	    0.0	    0.0	    0.0	    0.0	  100.0	   83.9	    0.0	    0.0	    0.0	    0.0	    2.4	  1	  -50.0	 1250.0	   83.9	    0.0	    0.0	1	  227.0	 21	 1369.2	   16.9	
   65	  11.52	    0.0	 1500.0	    0.0	    0.0	    0.0	    0.0	    0.0	    0.0	    0.0	    0.0	    0.0	  100.0	   83.7	    0.0	    0.0	    0.0	    0.0	    2.5	  1	  -50.0	 1250.0	   83.7	    0.0	    0.0	1	  227.0	 21	 1368.8	   16.9	
   66	  11.62	    0.0	 1500.0	    0.0	    0.0	    0.0	    0.0	    0.0	    0.0	    0.0	    0.0	    0.0	  100.0	   83.4	    0.0	    0.0	    0.0	    0.0	    2.5	  1	  -50.0	 1250.0	   83.4	    0.0	    0.0	1	  227.0	 21	 1368.5	   16.8	
   67	  11.72	    0.0	 1500.0	    0.0	    0.0	    0.0	    0.0	    0.0	    0.0	    0.0	    0.0	    0.0	  100.0	   83.2	    0.0	    0.0	    0.0	    0.0	    2.5	  1	  -50.0	 1250.0	   83.2	    0.0	    0.0	1	  227.0	 21	 1368.1	   16.8	
   68	  11.82	    0.0	 1500.0	    0.0	    0.0	    0.0	    0.0	    0.0	    0.0	    0.0	    0.0	    0.0	  100.0	   82.9	    0.0	    0.0	    0.0	    0.0	    2.6	  1	  -50.0	 1250.0	   82.9	    0.0	    0.0	1	  227.0	 21	 1367.7	   16.8	
   69	  11.92	    0.0	 1500.0	    0.0	    0.0	    0.0	    0.0	    0.0	    0.0	    0.0	    0.0	    0.0	  100.0	   82.7	    0.0	    0.0	    0.0	    0.0	    2.6	  1	  -50.0	 1250.0	   82.7	    0.0	    0.0	1	  227.0	 21	 1367.4	   16.7	
   70	  12.02	    0.0	 1500.0	    0.0	    0.0	    0.0	    0.0	    0.0	    0.0	    0.0	    0.0	    0.0	  100.0	   82.4	    0.0	    0.0	    0.0	    0.0	    2.7	  1	  -50.0	 1250.0	   82.4	    0.0	    0.0	1	  227.0	 21	 1367.0	   16.7	
   71	  12.12	    0.0	 1500.0	    0.0	    0.0	    0.0	    0.0	    0.0	    0.0	    0.0	    0.0	    0.0	  100.0	   82.2	    0.0	    0.0	    0.0	    0.0	    2.7	  1	  -50.0	 1250.0	   82.2	    0.0	    0.0	1	  227.0	 21	 1366.6	   16.7	
   72	  12.22	    0.0	 1500.0	    0.0	    0.0	    0.0	    0.0	    0.0	    0.0	    0.0	    0.0	    0.0	  100.0	   81.9	    0.0	    0.0	    0.0	    0.0	    2.7	  1	  -50.0	 1250.0	   81.9	    0.0	    0.0	1	  227.0	 21	 1366.3	   16.6	
   73	  12.32	    0.0	 1500.0	    0.0	    0.0	    0.0	    0.0	    0.0	    0.0	    0.0	    0.0	    0.0	  100.0	   81.7	    0.0	    0.0	    0.0	    0.0	    2.8	  1	  -50.0	 1250.0	   81.7	    0.0	    0.0	1	  227.0	 21	 1365.9	   16.6	
   74	  12.42	    0.0	 1500.0	    0.0	    0.0	    0.0	    0.0	    0.0	    0.0	    0.0	    0.0	    0.0	  100.0	   81.4	    0.0	    0.0	    0.0	    0.0	    2.8	  1	  -50.0	 1250.0	   81.4	    0.0	    0.0	1	  227.0	 21	 1365.5	   16.6	
   75	  12.52	    0.0	 1500.0	    0.0	    0.0	    0.0	    0.0	    0.0	    0.0	    0.0	    0.0	    0.0	  100.0	   81.1	    0.0	    0.0	    0.0	    0.0	    2.9	  1	  -50.0	 1250.0	   81.1	    0.0	    0.0	1	  227.0	 21	 1365.2	   16.5	
   76	  12.62	    0.0	 1500.0	    0.0	    0.0	    0.0	    0.0	    0.0	    0.0	    0.0	    0.0	    0.0	  100.0	   80.9	    0.0	    0.0	    0.0	    0.0	    2.9	  1	  -50.0	 1250.0	   80.9	    0.0	    0.0	1	  227.0	 21	 1364.8	   16.5	
   77	  12.72	    0.0	 1500.0	    0.0	    0.0	    0.0	    0.0	    0.0	    0.0	    0.0	    0.0	    0.0	  100.0	   80.6	    0.0	    0.0	    0.0	    0.0	    2.9	  1	  -50.0	 1250.0	   80.6	    0.0	    0.0	1	  227.0	 21	 1364.4	   16.4	
   78	  12.82	    0.0	 1500.0	    0.0	    0.0	    0.0	    0.0	    0.0	    0.0	    0.0	    0.0	    0.0	  100.0	   80.4	    0.0	    0.0	    0.0	    0.0	    3.0	  1	  -50.0	 1250.0	   80.4	    0.0	    0.0	1	  227.0	 21	 1364.1	   16.4	
   79	  12.92	    0.0	 1500.0	    0.0	    0.0	    0.0	    0.0	    0.0	    0.0	    0.0	    0.0	    0.0	  100.0	   80.1	    0.0	    0.0	    0.0	    0.0	    3.0	  1	  -50.0	 1250.0	   80.1	    0.0	    0.0	1	  227.0	 21	 1363.7	   16.4	
   80	  13.02	    0.0	 1500.0	    0.0	    0.0	    0.0	    0.0	    0.0	    0.0	    0.0	    0.0	    0.0	  100.0	   79.9	    0.0	    0.0	    0.0	    0.0	    3.0	  1	  -50.0	 1250.0	   79.9	    0.0	    0.0	1	  227.0	 21	 1363.3	   16.3	
   81	  13.12	    0.0	 1500.0	    0.0	    0.0	    0.0	    0.0	    0.0	    0.0	    0.0	    0.0	    0.0	  100.0	   79.6	    0.0	    0.0	    0.0	    0.0	    3.1	  1	  -50.0	 1250.0	   79.6	    0.0	    0.0	1	  227.0	 21	 1363.0	   16.3	
   82	  13.22	    0.0	 1500.0	    0.0	    0.0	    0.0	    0.0	    0.0	    0.0	    0.0	    0.0	    0.0	  100.0	   79.4	    0.0	    0.0	    0.0	    0.0	    3.1	  1	  -50.0	 1250.0	   79.4	    0.0	    0.0	1	  227.0	 21	 1362.6	   16.3	
   83	  13.32	    0.0	 1500.0	    0.0	    0.0	    0.0	    0.0	    0.0	    0.0	    0.0	    0.0	    0.0	  100.0	   79.1	    0.0	    0.0	    0.0	    0.0	    3.2	  1	  -50.0	 1250.0	   79.1	    0.0	    0.0	1	  227.0	 21	 1362.2	   16.2	
   84	  13.42	    0.0	 1500.0	    0.0	    0.0	    0.0	    0.0	    0.0	    0.0	    0.0	    0.0	    0.0	  100.0	   78.8	    0.0	    0.0	    0.0	    0.0	    3.2	  1	  -50.0	 1250.0	   78.8	    0.0	    0.0	1	  227.0	 21	 1361.9	   16.2	
   85	  13.52	    0.0	 1500.0	    0.0	    0.0	    0.0	    0.0	    0.0	    0.0	    0.0	    0.0	    0.0	  100.0	   78.6	    0.0	    0.0	    0.0	    0.0	    3.2	  1	  -50.0	 1250.0	   78.6	    0.0	    0.0	1	  227.0	 21	 1361.5	   16.2	
   86	  13.62	    0.0	 1500.0	    0.0	    0.0	    0.0	    0.0	    0.0	    0.0	    0.0	    0.0	    0.0	  100.0	   78.3	    0.0	    0.0	    0.0	    0.0	    3.3	  1	  -50.0	 1250.0	   78.3	    0.0	    0.0	1	  227.0	 21	 1361.1	   16.1	
   87	  13.72	    0.0	 1500.0	    0.0	    0.0	    0.0	    0.0	    0.0	    0.0	    0.0	    0.0	    0.0	  100.0	   78.1	    0.0	    0.0	    0.0	    0.0	    3.3	  1	  -50.0	 1250.0	   78.1	    0.0	    0.0	1	  227.0	 21	 1360.8	   16.1	
   88	  13.82	    0.0	 1500.0	    0.0	  719.5	 1338.1	    0.0	  200.0	    0.0	    0.0	    0.0	    0.0	  100.0	   77.9	    0.0	    0.0	    0.0	    0.0	    3.3	  1	 1000.0	 2450.0	   77.9	    0.0	    0.0	1	  483.6	 21	 1207.5	 -192.5	
   89	  13.92	    0.0	 1500.0	    0.0	  719.5	 1338.1	    0.0	  200.0	    0.0	    0.0	    0.0	    0.0	  100.0	   77.5	    0.0	    0.0	    0.0	    0.0	    3.4	  1	  -50.0	 1450.0	   77.5	    0.0	    0.0	1	   60.6	 21	    0.0	    0.0	
   90	  14.02	    0.0	 1500.0	    0.0	  719.5	 1338.1	    0.0	  200.0	    0.0	    0.0	    0.0	    0.0	  100.0	   77.1	    0.0	    0.0	    0.0	    0.0	    3.4	  1	  -50.0	 1450.0	   77.1	    0.0	    0.0	1	   60.6	 21	    0.0	    0.0	
   91	  14.12	    0.0	 1500.0	    0.0	  719.5	 1338.1	    0.0	  200.0	    0.0	    0.0	    0.0	    0.0	  100.0	   76.6	    0.0	    0.0	    0.0	    0.0	    3.5	  1	  -50.0	 1450.0	   76.6	    0.0	    0.0	1	   60.6	 21	    0.0	    0.0	
   92	  14.22	    0.0	 1500.0	    0.0	  719.5	 1338.1	    0.0	  200.0	    0.0	    0.0	    0.0	    0.0	  100.0	   76.2	    0.0	    0.0	    0.0	    0.0	    3.5	  1	  -50.0	 1450.0	   76.2	    0.0	    0.0	1	   60.6	 21	    0.0	    0.0	
   93	  14.32	    0.0	 1500.0	    0.0	  719.5	 1338.1	    0.0	  200.0	    0.0	    0.0	    0.0	    0.0	  100.0	   75.8	    0.0	    0.0	    0.0	    0.0	    3.5	  1	  -50.0	 1450.0	   75.8	    0.0	    0.0	1	   60.6	 21	    0.0	    0.0	
   94	  14.42	    0.0	 1500.0	    0.0	  719.5	 1337.0	    0.0	  200.0	    0.0	    0.0	    0.0	    0.0	  100.0	   75.3	    0.0	    0.0	    0.0	    0.0	    3.6	  1	  -50.0	 1450.0	   75.3	    0.0	    0.0	1	   60.6	 21	    0.0	    0.0	
   95	  14.52	    0.0	 1500.0	    0.0	  719.5	 1338.1	    0.0	  200.0	    0.0	    0.0	    0.0	    0.0	  100.0	   74.9	    0.0	    0.0	    0.0	    0.0	    3.6	  1	  -50.0	 1450.0	   74.9	    0.0	    0.0	1	   60.6	 21	    0.0	    0.0	
   96	  14.62	    0.0	 1500.0	    0.0	  719.5	 1337.0	    0.0	  200.0	    0.0	    0.0	    0.0	    0.0	  100.0	   74.5	    0.0	    0.0	    0.0	    0.0	    3.6	  1	  -50.0	 1450.0	   74.5	    0.0	    0.0	1	   60.6	 21	    0.0	    0.0	
   97	  14.72	    0.0	 1500.0	    0.0	  718.5	 1337.0	    0.0	  200.0	    0.0	    0.0	    0.0	    0.0	  100.0	   74.0	    0.0	    0.0	    0.0	    0.0	    3.7	  1	  -50.0	 1450.0	   74.0	    0.0	    0.0	1	   60.6	 21	    0.0	    0.0	
   98	  14.82	    0.0	 1500.0	    0.0	  718.5	 1337.0	    0.0	  200.0	    0.0	    0.0	    0.0	    0.0	  100.0	   73.6	    0.0	    0.0	    0.0	    0.0	    3.7	  1	  -50.0	 1450.0	   73.6	    0.0	    0.0	1	   60.6	 21	    0.0	    0.0	
   99	  14.92	    0.0	 1500.0	    0.0	  718.5	 1337.0	    0.0	  200.0	    0.0	    0.0	    0.0	    0.0	  100.0	   73.2	    0.0	    0.0	    0.0	    0.0	    3.8	  1	  -50.0	 1450.0	   73.2	    0.0	    0.0	1	   60.6	 21	    0.0	    0.0	
  100	  15.02	    0.0	 1500.0	    0.0	  718.5	 1337.0	    0.0	  200.0	    0.0	    0.0	    0.0	    0.0	  100.0	   72.7	    0.0	    0.0	    0.0	    0.0	    3.8	  1	  -50.0	 1450.0	   72.7	    0.0	    0.0	1	   60.6	 21	    0.0	    0.0	
  101	  15.12	    0.0	 1500.0	    0.0	  719.4	 1335.9	    0.0	  200.0	    0.0	    0.0	    0.0	    0.0	  100.0	   72.3	    0.0	    0.0	    0.0	    0.0	    3.8	  1	  -50.0	 1450.0	   72.3	    0.0	    0.0	1	   60.6	 21	    0.0	    0.0	
  102	  15.22	    0.0	 1500.0	    0.0	  719.4	 1335.9	    0.0	  200.0	    0.0	    0.0	    0.0	    0.0	  100.0	   71.9	    0.0	    0.0	    0.0	    0.0	    3.9	  1	  -50.0	 1450.0	   71.9	    0.0	    0.0	1	   60.6	 21	    0.0	    0.0	
  103	  15.32	    0.0	 1500.0	    0.0	  719.4	 1335.9	    0.0	  200.0	    0.0	    0.0	    0.0	    0.0	  100.0	   71.4	    0.0	    0.0	    0.0	    0.0	    3.9	  1	  -50.0	 1450.0	   71.4	    0.0	    0.0	1	   60.6	 21	    0.0	    0.0	
  104	  15.42	    0.0	 1500.0	    0.0	  719.4	 1335.9	    0.0	  200.0	    0.0	    0.0	    0.0	    0.0	  100.0	   71.0	    0.0	    0.0	    0.0	    0.0	    4.0	  1	  -50.0	 1450.0	   71.0	    0.0	    0.0	1	   60.6	 21	    0.0	    0.0	
  105	  15.52	    0.0	 1500.0	    0.0	  719.4	 1335.9	    0.0	  200.0	    0.0	    0.0	    0.0	    0.0	  100.0	   70.6	    0.0	    0.0	    0.0	    0.0	    4.0	  1	  -50.0	 1450.0	   70.6	    0.0	    0.0	1	   60.6	 21	    0.0	    0.0	
  106	  15.62	    0.0	 1500.0	    0.0	  718.5	 1337.0	    0.0	  200.0	    0.0	    0.0	    0.0	    0.0	  100.0	   70.1	    0.0	    0.0	    0.0	    0.0	    4.0	  1	  -50.0	 1450.0	   70.1	    0.0	    0.0	1	   60.6	 21	    0.0	    0.0	
  107	  15.72	    0.0	 1500.0	    0.0	  719.4	 1335.9	    0.0	  200.0	    0.0	    0.0	    0.0	    0.0	  100.0	   69.7	    0.0	    0.0	    0.0	    0.0	    4.1	  1	  -50.0	 1450.0	   69.7	    0.0	    0.0	1	   60.6	 21	    0.0	    0.0	
  108	  15.82	    0.0	 1500.0	    0.0	  754.3	 1362.2	    0.0	  200.0	    0.0	    0.0	    0.0	    0.0	  100.0	   69.3	    0.0	    0.0	    0.0	    0.0	    4.1	  1	  -50.0	 1450.0	   69.3	    0.0	    0.0	1	   60.6	 21	    0.0	    0.0	
  109	  15.92	    0.0	 1500.0	    0.0	  754.3	 1362.2	    0.0	  200.0	    0.0	    0.0	    0.0	    0.0	  100.0	   68.8	    0.0	    0.0	    0.0	    0.0	    4.1	  1	  -50.0	 1450.0	   68.8	    0.0	    0.0	1	   60.6	 21	    0.0	    0.0	
  110	  16.02	    0.0	 1500.0	    0.0	  754.3	 1362.2	    0.0	  200.0	    0.0	    0.0	    0.0	    0.0	  100.0	   68.4	    0.0	    0.0	    0.0	    0.0	    4.2	  1	  -50.0	 1450.0	   68.4	    0.0	    0.0	1	   60.6	 21	    0.0	    0.0	
  111	  16.12	    0.0	 1500.0	    0.0	  754.3	 1362.2	    0.0	  200.0	    0.0	    0.0	    0.0	    0.0	  100.0	   68.0	    0.0	    0.0	    0.0	    0.0	    4.2	  1	  -50.0	 1450.0	   68.0	    0.0	    0.0	1	   60.6	 21	    0.0	    0.0	
  112	  16.22	    0.0	 1500.0	    0.0	  833.8	 1378.3	    0.0	  200.0	    0.0	    0.0	    0.0	    0.0	  100.0	   67.6	    0.0	    0.0	    0.0	    0.0	    4.3	  1	   50.0	 1450.0	   67.6	    0.0	    0.0	1	   65.7	 21	 1347.2	  -52.8	
  113	  16.32	    0.0	 1500.0	    0.0	  833.8	 1378.3	    0.0	  200.0	    0.0	    0.0	    0.0	    0.0	  100.0	   67.2	    0.0	    0.0	    0.0	    0.0	    4.3	  1	   50.0	 1450.0	   67.2	    0.0	    0.0	1	   65.7	 21	    0.0	    0.0	
  114	  16.42	    0.0	 1500.0	    0.0	  754.3	 1362.2	    0.0	  200.0	    0.0	    0.0	    0.0	    0.0	  100.0	   66.7	    0.0	    0.0	    0.0	    0.0	    4.3	  1	  -50.0	 1450.0	   66.7	    0.0	    0.0	1	   60.6	 21	    0.0	    0.0	
  115	  16.52	    0.0	 1500.0	    0.0	  833.8	 1378.3	    0.0	  200.0	    0.0	    0.0	    0.0	    0.0	  100.0	   66.3	    0.0	    0.0	    0.0	    0.0	    4.4	  1	   50.0	 1450.0	   66.3	    0.0	    0.0	1	   65.7	 21	 1348.3	  -51.7	
  116	  16.62	    0.0	 1500.0	    0.0	  833.8	 1378.3	    0.0	  200.0	    0.0	    0.0	    0.0	    0.0	  100.0	   65.9	    0.0	    0.0	    0.0	    0.0	    4.4	  1	   50.0	 1450.0	   65.9	    0.0	    0.0	1	   65.7	 21	    0.0	    0.0	
  117	  16.72	    0.0	 1500.0	    0.0	  950.6	 1395.2	    0.0	  200.0	    0.0	    0.0	    0.0	    0.0	  100.0	   65.5	    0.0	    0.0	    0.0	    0.0	    4.4	  1	  150.0	 1450.0	   65.5	    0.0	    0.0	1	  143.3	 21	 1308.9	  -91.1	
  118	  16.82	    0.0	 1500.0	    0.0	  950.6	 1395.2	    0.0	  200.0	    0.0	    0.0	    0.0	    0.0	  100.0	   65.1	    0.0	    0.0	    0.0	    0.0	    4.5	  1	  150.0	 1450.0	   65.1	    0.0	    0.0	1	  143.3	 21	    0.0	    0.0	
  119	  16.92	    0.0	 1500.0	    0.0	  950.6	 1395.2	    0.0	  200.0	    0.0	    0.0	    0.0	    0.0	  100.0	   64.7	    0.0	    0.0	    0.0	    0.0	    4.5	  1	  150.0	 1450.0	   64.7	    0.0	    0.0	1	  143.3	 21	    0.0	    0.0	
  120	  17.02	    0.0	 1500.0	    0.0	  950.6	 1395.2	    0.0	  200.0	    0.0	    0.0	    0.0	    0.0	  100.0	   64.4	    0.0	    0.0	    0.0	    0.0	    4.6	  1	  150.0	 1450.0	   64.4	    0.0	    0.0	1	  143.3	 21	    0.0	    0.0	
  121	  17.12	    0.0	 1500.0	    0.0	  950.6	 1395.2	    0.0	  200.0	    0.0	    0.0	    0.0	    0.0	  100.0	   64.0	    0.0	    0.0	    0.0	    0.0	    4.6	  1	  150.0	 1450.0	   64.0	    0.0	    0.0	1	  143.3	 21	    0.0	    0.0	
  122	  17.22	    0.0	 1500.0	    0.0	  950.6	 1395.2	    0.0	  200.0	    0.0	    0.0	    0.0	    0.0	  100.0	   63.6	    0.0	    0.0	    0.0	    0.0	    4.6	  1	  150.0	 1450.0	   63.6	    0.0	    0.0	1	  143.3	 21	    0.0	    0.0	
  123	  17.32	    0.0	 1500.0	    0.0	  833.8	 1378.3	    0.0	  200.0	    0.0	    0.0	    0.0	    0.0	  100.0	   63.1	    0.0	    0.0	    0.0	    0.0	    4.7	  1	   50.0	 1450.0	   63.1	    0.0	    0.0	1	   65.7	 21	    0.0	    0.0	
  124	  17.42	    0.0	 1500.0	    0.0	 1044.5	 1414.2	    0.0	  200.0	    0.0	    0.0	    0.0	    0.0	  100.0	   62.8	    0.0	    0.0	    0.0	    0.0	    4.7	  1	  250.0	 1450.0	   62.8	    0.0	    0.0	1	  235.6	 21	 1208.6	 -191.4	
  125	  17.52	    0.0	 1500.0	    0.0	 1044.5	 1414.2	    0.0	  200.0	    0.0	    0.0	    0.0	    0.0	  100.0	   62.4	    0.0	    0.0	    0.0	    0.0	    4.8	  1	  250.0	 1450.0	   62.4	    0.0	    0.0	1	  235.6	 21	    0.0	    0.0	
  126	  17.62	    0.0	 1500.0	    0.0	 1044.5	 1414.2	    0.0	  200.0	    0.0	    0.0	    0.0	    0.0	  100.0	   62.1	    0.0	    0.0	    0.0	    0.0	    4.8	  1	  250.0	 1450.0	   62.1	    0.0	    0.0	1	  235.6	 21	    0.0	    0.0	
  127	  17.72	    0.0	 1500.0	    0.0	 1044.5	 1414.2	    0.0	  200.0	    0.0	    0.0	    0.0	    0.0	  100.0	   61.7	    0.0	    0.0	    0.0	    0.0	    4.8	  1	  250.0	 1450.0	   61.7	    0.0	    0.0	1	  235.6	 21	    0.0	    0.0	
  128	  17.82	    0.0	 1500.0	    0.0	 1044.5	 1414.2	    0.0	  200.0	    0.0	    0.0	    0.0	    0.0	  100.0	   61.3	    0.0	    0.0	    0.0	    0.0	    4.9	  1	  250.0	 1450.0	   61.3	    0.0	    0.0	1	  235.6	 21	    0.0	    0.0	
  129	  17.92	    0.0	 1500.0	    0.0	 1107.7	 1413.0	    0.0	  200.0	    0.0	    0.0	    0.0	    0.0	  100.0	   61.0	    0.0	    0.0	    0.0	    0.0	    4.9	  1	  350.0	 1450.0	   61.0	    0.0	    0.0	1	  294.9	 21	 1368.1	  -31.9	
  130	  18.02	    0.0	 1500.0	    0.0	 1107.7	 1413.0	    0.0	  200.0	    0.0	    0.0	    0.0	    0.0	  100.0	   60.6	    0.0	    0.0	    0.0	    0.0	    4.9	  1	  350.0	 1450.0	   60.6	    0.0	    0.0	1	  294.9	 21	    0.0	    0.0	
  131	  18.12	    0.0	 1500.0	    0.0	 1114.3	 1413.4	    0.0	  200.0	    0.0	    0.0	    0.0	    0.0	  100.0	   60.3	    0.0	    0.0	    0.0	    0.0	    5.0	  1	  350.0	 1450.0	   60.3	    0.0	    0.0	1	  294.9	 21	    0.0	    0.0	
  132	  18.22	    0.0	 1500.0	    0.0	 1114.3	 1413.4	    0.0	  200.0	    0.0	    0.0	    0.0	    0.0	  100.0	   59.9	    0.0	    0.0	    0.0	    0.0	    5.0	  1	  350.0	 1450.0	   59.9	    0.0	    0.0	1	  294.9	 21	    0.0	    0.0	
  133	  18.32	    0.0	 1500.0	    0.0	 1114.3	 1413.4	    0.0	  200.0	    0.0	    0.0	    0.0	    0.0	  100.0	   59.6	    0.0	    0.0	    0.0	    0.0	    5.1	  1	  350.0	 1450.0	   59.6	    0.0	    0.0	1	  294.9	 21	    0.0	    0.0	
  134	  18.42	    0.0	 1500.0	    0.0	 1114.3	 1413.4	    0.0	  200.0	    0.0	    0.0	    0.0	    0.0	  100.0	   59.2	    0.0	    0.0	    0.0	    0.0	    5.1	  1	  350.0	 1450.0	   59.2	    0.0	    0.0	1	  294.9	 21	    0.0	    0.0	
  135	  18.52	    0.0	 1500.0	    0.0	 1160.2	 1416.3	    0.0	  200.0	    0.0	    0.0	    0.0	    0.0	  100.0	   58.9	    0.0	    0.0	    0.0	    0.0	    5.1	  1	  350.0	 1450.0	   58.9	    0.0	    0.0	1	  294.9	 21	    0.0	    0.0	
  136	  18.62	    0.0	 1500.0	    0.0	 1160.2	 1416.3	    0.0	  200.0	    0.0	    0.0	    0.0	    0.0	  100.0	   58.5	    0.0	    0.0	    0.0	    0.0	    5.2	  1	  350.0	 1450.0	   58.5	    0.0	    0.0	1	  294.9	 21	    0.0	    0.0	
  137	  18.72	    0.0	 1500.0	    0.0	 1160.2	 1416.3	    0.0	  200.0	    0.0	    0.0	    0.0	    0.0	  100.0	   58.2	    0.0	    0.0	    0.0	    0.0	    5.2	  1	  350.0	 1450.0	   58.2	    0.0	    0.0	1	  294.9	 21	    0.0	    0.0	
  138	  18.82	    0.0	 1500.0	    0.0	 1160.2	 1416.3	    0.0	  200.0	    0.0	    0.0	    0.0	    0.0	  100.0	   57.8	    0.0	    0.0	    0.0	    0.0	    5.2	  1	  350.0	 1450.0	   57.8	    0.0	    0.0	1	  294.9	 21	    0.0	    0.0	
  139	  18.92	    0.0	 1500.0	    0.0	 1160.2	 1416.3	    0.0	  200.0	    0.0	    0.0	    0.0	    0.0	  100.0	   57.5	    0.0	    0.0	    0.0	    0.0	    5.3	  1	  350.0	 1450.0	   57.5	    0.0	    0.0	1	  294.9	 21	    0.0	    0.0	
  140	  19.02	    0.0	 1500.0	    0.0	 1154.1	 1423.7	    0.0	  200.0	    0.0	    0.0	    0.0	    0.0	  100.0	   57.1	    0.0	    0.0	    0.0	    0.0	    5.3	  1	  350.0	 1450.0	   57.1	    0.0	    0.0	1	  294.9	 21	    0.0	    0.0	
  141	  19.12	    0.0	 1500.0	    0.0	 1154.1	 1423.7	    0.0	  200.0	    0.0	    0.0	    0.0	    0.0	  100.0	   56.8	    0.0	    0.0	    0.0	    0.0	    5.4	  1	  350.0	 1450.0	   56.8	    0.0	    0.0	1	  294.9	 21	    0.0	    0.0	
  142	  19.22	    0.0	 1500.0	    0.0	 1154.1	 1423.7	    0.0	  200.0	    0.0	    0.0	    0.0	    0.0	  100.0	   56.4	    0.0	    0.0	    0.0	    0.0	    5.4	  1	  350.0	 1450.0	   56.4	    0.0	    0.0	1	  294.9	 21	    0.0	    0.0	
  143	  19.32	    0.0	 1500.0	    0.0	 1154.1	 1423.7	    0.0	  200.0	    0.0	    0.0	    0.0	    0.0	  100.0	   56.1	    0.0	    0.0	    0.0	    0.0	    5.4	  1	  350.0	 1450.0	   56.1	    0.0	    0.0	1	  294.9	 21	    0.0	    0.0	
  144	  19.42	    0.0	 1500.0	    0.0	 1157.4	 1429.9	    0.0	  200.0	    0.0	    0.0	    0.0	    0.0	  100.0	   55.8	    0.0	    0.0	    0.0	    0.0	    5.5	  1	  350.0	 1450.0	   55.8	    0.0	    0.0	1	  294.9	 21	    0.0	    0.0	
  145	  19.52	    0.0	 1500.0	    0.0	 1157.4	 1429.9	    0.0	  200.0	    0.0	    0.0	    0.0	    0.0	  100.0	   55.4	    0.0	    0.0	    0.0	    0.0	    5.5	  1	  350.0	 1450.0	   55.4	    0.0	    0.0	1	  294.9	 21	    0.0	    0.0	
  146	  19.62	    0.0	 1500.0	    0.0	 1157.4	 1429.9	    0.0	  200.0	    0.0	    0.0	    0.0	    0.0	  100.0	   55.1	    0.0	    0.0	    0.0	    0.0	    5.5	  1	  350.0	 1450.0	   55.1	    0.0	    0.0	1	  294.9	 21	    0.0	    0.0	
  147	  19.72	    0.0	 1500.0	    0.0	 1157.4	 1429.9	    0.0	  200.0	    0.0	    0.0	    0.0	    0.0	  100.0	   54.7	    0.0	    0.0	    0.0	    0.0	    5.6	  1	  350.0	 1450.0	   54.7	    0.0	    0.0	1	  294.9	 21	    0.0	    0.0	
  148	  19.82	    0.0	 1500.0	    0.0	 1157.4	 1429.9	    0.0	  200.0	    0.0	    0.0	    0.0	    0.0	  100.0	   54.4	    0.0	    0.0	    0.0	    0.0	    5.6	  1	  350.0	 1450.0	   54.4	    0.0	    0.0	1	  294.9	 21	    0.0	    0.0	
  149	  19.92	    0.0	 1500.0	    0.0	 1157.4	 1429.9	    0.0	  200.0	    0.0	    0.0	    0.0	    0.0	  100.0	   54.0	    0.0	    0.0	    0.0	    0.0	    5.7	  1	  350.0	 1450.0	   54.0	    0.0	    0.0	1	  294.9	 21	    0.0	    0.0	
  150	  20.02	    0.0	 1500.0	    0.0	 1157.4	 1429.9	    0.0	  200.0	    0.0	    0.0	    0.0	    0.0	  100.0	   53.7	    0.0	    0.0	    0.0	    0.0	    5.7	  1	  350.0	 1450.0	   53.7	    0.0	    0.0	1	  294.9	 21	    0.0	    0.0	
  151	  20.12	    0.0	 1500.0	    0.0	 1157.4	 1429.9	    0.0	  200.0	    0.0	    0.0	    0.0	    0.0	  100.0	   53.3	    0.0	    0.0	    0.0	    0.0	    5.7	  1	  350.0	 1450.0	   53.3	    0.0	    0.0	1	  294.9	 21	    0.0	    0.0	
  152	  20.22	    0.0	 1500.0	    0.0	 1131.1	 1376.2	    0.0	  200.0	    0.0	    0.0	    0.0	    0.0	  100.0	   53.0	    0.0	    0.0	    0.0	    0.0	    5.8	  1	  350.0	 1450.0	   53.0	    0.0	    0.0	1	  294.9	 21	    0.0	    0.0	
  153	  20.32	    0.0	 1500.0	    0.0	 1131.1	 1376.2	    0.0	  200.0	    0.0	    0.0	    0.0	    0.0	  100.0	   52.6	    0.0	    0.0	    0.0	    0.0	    5.8	  1	  350.0	 1450.0	   52.6	    0.0	    0.0	1	  294.9	 21	    0.0	    0.0	
  154	  20.42	    0.0	 1500.0	    0.0	 1131.1	 1376.2	    0.0	  200.0	    0.0	    0.0	    0.0	    0.0	  100.0	   52.3	    0.0	    0.0	    0.0	    0.0	    5.9	  1	  350.0	 1450.0	   52.3	    0.0	    0.0	1	  294.9	 21	    0.0	    0.0	
  155	  20.52	    0.0	 1500.0	    0.0	 1131.1	 1376.2	    0.0	  200.0	    0.0	    0.0	    0.0	    0.0	  100.0	   51.9	    0.0	    0.0	    0.0	    0.0	    5.9	  1	  350.0	 1450.0	   51.9	    0.0	    0.0	1	  294.9	 21	    0.0	    0.0	
  156	  20.62	    0.0	 1500.0	    0.0	 1131.1	 1376.2	    0.0	  200.0	    0.0	    0.0	    0.0	    0.0	  100.0	   51.6	    0.0	    0.0	    0.0	    0.0	    5.9	  1	  350.0	 1450.0	   51.6	    0.0	    0.0	1	  294.9	 21	    0.0	    0.0	
  157	  20.72	    0.0	 1500.0	    0.0	 1131.1	 1376.2	    0.0	  200.0	    0.0	    0.0	    0.0	    0.0	  100.0	   51.2	    0.0	    0.0	    0.0	    0.0	    6.0	  1	  350.0	 1450.0	   51.2	    0.0	    0.0	1	  294.9	 21	    0.0	    0.0	
  158	  20.82	    0.0	 1500.0	    0.0	  876.3	 1310.2	    0.0	  200.0	    0.0	    0.0	    0.0	    0.0	  100.0	   50.8	    0.0	    0.0	    0.0	    0.0	    6.0	  1	   50.0	 1450.0	   50.8	    0.0	    0.0	1	   65.7	 21	    0.0	    0.0	
  159	  20.92	    0.0	 1500.0	    0.0	  876.3	 1310.2	    0.0	  200.0	    0.0	    0.0	    0.0	    0.0	  100.0	   50.4	    0.0	    0.0	    0.0	    0.0	    6.0	  1	  150.0	 1550.0	   50.4	    0.0	    0.0	1	  144.1	 21	    0.0	    0.0	
  160	  21.02	    0.0	 1500.0	    0.0	  876.3	 1310.2	    0.0	  200.0	    0.0	    0.0	    0.0	    0.0	  100.0	   50.0	    0.0	    0.0	    0.0	    0.0	    6.1	  1	  150.0	 1550.0	   50.0	    0.0	    0.0	1	  144.1	 21	    0.0	    0.0	
  161	  21.12	    0.0	 1500.0	    0.0	  876.3	 1310.2	    0.0	  200.0	    0.0	    0.0	    0.0	    0.0	  100.0	   49.6	    0.0	    0.0	    0.0	    0.0	    6.1	  1	  150.0	 1550.0	   49.6	    0.0	    0.0	1	  144.1	 21	    0.0	    0.0	
  162	  21.22	    0.0	 1500.0	    0.0	  763.9	 1283.8	    0.0	  200.0	    0.0	    0.0	    0.0	    0.0	  100.0	   49.1	    0.0	    0.0	    0.0	    0.0	    6.2	  1	   50.0	 1550.0	   49.1	    0.0	    0.0	1	   63.8	 21	    0.0	    0.0	
  163	  21.32	    0.0	 1500.0	    0.0	  763.9	 1283.8	    0.0	  200.0	    0.0	    0.0	    0.0	    0.0	  100.0	   48.7	    0.0	    0.0	    0.0	    0.0	    6.2	  1	   50.0	 1550.0	   48.7	    0.0	    0.0	1	   63.8	 21	    0.0	    0.0	
  164	  21.42	    0.0	 1500.0	    0.0	  876.3	 1310.2	    0.0	  200.0	    0.0	    0.0	    0.0	    0.0	  100.0	   48.3	    0.0	    0.0	    0.0	    0.0	    6.2	  1	  150.0	 1550.0	   48.3	    0.0	    0.0	1	  144.1	 21	 1339.4	  -60.6	
  165	  21.52	    0.0	 1500.0	    0.0	  763.9	 1283.8	    0.0	  200.0	    0.0	    0.0	    0.0	    0.0	  100.0	   47.9	    0.0	    0.0	    0.0	    0.0	    6.3	  1	   50.0	 1550.0	   47.9	    0.0	    0.0	1	   63.8	 21	    0.0	    0.0	
  166	  21.62	    0.0	 1500.0	    0.0	  763.9	 1283.8	    0.0	  200.0	    0.0	    0.0	    0.0	    0.0	  100.0	   47.5	    0.0	    0.0	    0.0	    0.0	    6.3	  1	   50.0	 1550.0	   47.5	    0.0	    0.0	1	   63.8	 21	    0.0	    0.0	
  167	  21.72	    0.0	 1500.0	    0.0	  763.9	 1283.8	    0.0	  200.0	    0.0	    0.0	    0.0	    0.0	  100.0	   47.0	    0.0	    0.0	    0.0	    0.0	    6.3	  1	   50.0	 1550.0	   47.0	    0.0	    0.0	1	   63.8	 21	    0.0	    0.0	
  168	  21.82	    0.0	 1500.0	    0.0	  726.8	 1274.0	    0.0	  200.0	    0.0	    0.0	    0.0	    0.0	  100.0	   46.6	    0.0	    0.0	    0.0	    0.0	    6.4	  1	  -50.0	 1450.0	   46.6	    0.0	    0.0	1	   60.6	 21	    0.0	    0.0	
  169	  21.92	    0.0	 1500.0	    0.0	  726.8	 1274.0	    0.0	  200.0	    0.0	    0.0	    0.0	    0.0	  100.0	   46.2	    0.0	    0.0	    0.0	    0.0	    6.4	  1	  -50.0	 1450.0	   46.2	    0.0	    0.0	1	   60.6	 21	    0.0	    0.0	
  170	  22.02	    0.0	 1500.0	    0.0	  726.8	 1274.0	    0.0	  200.0	    0.0	    0.0	    0.0	    0.0	  100.0	   45.7	    0.0	    0.0	    0.0	    0.0	    6.5	  1	  -50.0	 1450.0	   45.7	    0.0	    0.0	1	   60.6	 21	    0.0	    0.0	
  171	  22.12	    0.0	 1500.0	    0.0	  726.8	 1274.0	    0.0	  200.0	    0.0	    0.0	    0.0	    0.0	  100.0	   45.3	    0.0	    0.0	    0.0	    0.0	    6.5	  1	  -50.0	 1450.0	   45.3	    0.0	    0.0	1	   60.6	 21	    0.0	    0.0	
  172	  22.22	    0.0	 1500.0	    0.0	  715.8	 1339.3	    0.0	  200.0	    0.0	    0.0	    0.0	    0.0	  100.0	   44.9	    0.0	    0.0	    0.0	    0.0	    6.5	  1	  -50.0	 1450.0	   44.9	    0.0	    0.0	1	   60.6	 21	    0.0	    2.0	
  173	  22.32	    0.0	 1500.0	    0.0	  685.2	 1251.4	    0.0	  200.0	    0.0	    0.0	    0.0	    0.0	  100.0	   44.4	    0.0	    0.0	    0.0	    0.0	    6.6	  1	  -50.0	 1450.0	   44.4	    0.0	    0.0	1	   60.5	 21	    0.0	    0.0	
  174	  22.42	    0.0	 1500.0	    0.0	  685.2	 1251.4	    0.0	  200.0	    0.0	    0.0	    0.0	    0.0	  100.0	   44.0	    0.0	    0.0	    0.0	    0.0	    6.6	  1	  -50.0	 1450.0	   44.0	    0.0	    0.0	1	   60.5	 21	    0.0	    0.0	
  175	  22.52	    0.0	 1500.0	    0.0	  685.2	 1251.4	    0.0	  200.0	    0.0	    0.0	    0.0	    0.0	  100.0	   43.6	    0.0	    0.0	    0.0	    0.0	    6.6	  1	  -50.0	 1450.0	   43.6	    0.0	    0.0	1	   60.5	 21	    0.0	    0.0	
  176	  22.62	    0.0	 1500.0	    0.0	  685.2	 1251.4	    0.0	  200.0	    0.0	    0.0	    0.0	    0.0	  100.0	   43.1	    0.0	    0.0	    0.0	    0.0	    6.7	  1	  -50.0	 1450.0	   43.1	    0.0	    0.0	1	   60.5	 21	    0.0	    0.0	
  177	  22.72	    0.0	 1500.0	    0.0	  662.0	 1250.4	    0.0	  200.0	    0.0	    0.0	    0.0	    0.0	  100.0	   42.7	    0.0	    0.0	    0.0	    0.0	    6.7	  1	  -50.0	 1550.0	   42.7	    0.0	    0.0	1	   68.9	 21	    0.0	    0.0	
  178	  22.82	    0.0	 1500.0	    0.0	  662.0	 1250.4	    0.0	  200.0	    0.0	    0.0	    0.0	    0.0	  100.0	   42.3	    0.0	    0.0	    0.0	    0.0	    6.8	  1	  -50.0	 1550.0	   42.3	    0.0	    0.0	1	   68.9	 21	    0.0	    0.0	
  179	  22.92	    0.0	 1500.0	    0.0	  726.8	 1274.0	    0.0	  200.0	    0.0	    0.0	    0.0	    0.0	  100.0	   41.8	    0.0	    0.0	    0.0	    0.0	    6.8	  1	  -50.0	 1450.0	   41.8	    0.0	    0.0	1	   60.6	 21	 1379.4	  -20.6	
  180	  23.02	    0.0	 1500.0	    0.0	  662.0	 1250.4	    0.0	  200.0	    0.0	    0.0	    0.0	    0.0	  100.0	   41.4	    0.0	    0.0	    0.0	    0.0	    6.8	  1	  -50.0	 1550.0	   41.4	    0.0	    0.0	1	   68.9	 21	    0.0	    0.0	
  181	  23.12	    0.0	 1500.0	    0.0	  662.0	 1250.4	    0.0	  200.0	    0.0	    0.0	    0.0	    0.0	  100.0	   40.9	    0.0	    0.0	    0.0	    0.0	    6.9	  1	  -50.0	 1550.0	   40.9	    0.0	    0.0	1	   68.9	 21	 1399.4	   19.9	
  182	  23.22	    0.0	 1500.0	    0.0	  659.1	 1246.8	    0.0	  200.0	    0.0	    0.0	    0.0	    0.0	  100.0	   40.5	    0.0	    0.0	    0.0	    0.0	    6.9	  1	  -50.0	 1550.0	   40.5	    0.0	    0.0	1	   68.9	 21	 1397.9	   19.8	
  183	  23.32	    0.0	 1500.0	    0.0	  662.0	 1250.4	    0.0	  200.0	    0.0	    0.0	    0.0	    0.0	  100.0	   40.1	    0.0	    0.0	    0.0	    0.0	    7.0	  1	  -50.0	 1550.0	   40.1	    0.0	    0.0	1	   68.9	 21	 1396.1	   19.6	
  184	  23.42	    0.0	 1500.0	    0.0	  659.1	 1246.8	    0.0	  200.0	    0.0	    0.0	    0.0	    0.0	  100.0	   39.6	    0.0	    0.0	    0.0	    0.0	    7.0	  1	  -50.0	 1550.0	   39.6	    0.0	    0.0	1	   68.9	 21	 1394.6	   19.5	
  185	  23.52	    0.0	 1500.0	    0.0	  659.1	 1246.8	    0.0	  200.0	    0.0	    0.0	    0.0	    0.0	  100.0	   39.2	    0.0	    0.0	    0.0	    0.0	    7.0	  1	  -50.0	 1550.0	   39.2	    0.0	    0.0	1	   68.9	 21	 1392.9	   19.3	
  186	  23.62	    0.0	 1500.0	    0.0	  659.1	 1246.8	    0.0	  200.0	    0.0	    0.0	    0.0	    0.0	  100.0	   38.7	    0.0	    0.0	    0.0	    0.0	    7.1	  1	  -50.0	 1550.0	   38.7	    0.0	    0.0	1	   68.9	 21	 1391.3	   19.1	
  187	  23.72	    0.0	 1500.0	    0.0	  630.0	 1243.7	    0.0	  200.0	    0.0	    0.0	    0.0	    0.0	  100.0	   38.3	    0.0	    0.0	    0.0	    0.0	    7.1	  1	  -50.0	 1650.0	   38.3	    0.0	    0.0	1	  144.1	 21	 1390.9	   19.1	
  188	  23.82	    0.0	 1500.0	    0.0	  630.0	 1243.7	    0.0	  200.0	    0.0	    0.0	    0.0	    0.0	  100.0	   37.9	    0.0	    0.0	    0.0	    0.0	    7.1	  1	  -50.0	 1650.0	   37.9	    0.0	    0.0	1	  144.1	 21	 1389.2	   18.9	
  189	  23.92	    0.0	 1500.0	    0.0	  714.6	 1331.5	    0.0	  200.0	    0.0	    0.0	    0.0	    0.0	  100.0	   37.4	    0.0	    0.0	    0.0	    0.0	    7.2	  1	  -50.0	 1450.0	   37.4	    0.0	    0.0	1	   60.6	 21	 1351.8	  -48.2	
  190	  24.02	    0.0	 1500.0	    0.0	  630.0	 1243.7	    0.0	  200.0	    0.0	    0.0	    0.0	    0.0	  100.0	   37.0	    0.0	    0.0	    0.0	    0.0	    7.2	  1	 -150.0	 1450.0	   37.0	    0.0	    0.0	1	  142.6	 21	 1387.6	   18.8	
  191	  24.12	    0.0	 1500.0	    0.0	  631.8	 1243.3	    0.0	  200.0	    0.0	    0.0	    0.0	    0.0	  100.0	   36.5	    0.0	    0.0	    0.0	    0.0	    7.3	  1	  -50.0	 1650.0	   36.5	    0.0	    0.0	1	  144.1	 21	 1384.1	   18.4	
  192	  24.22	    0.0	 1500.0	    0.0	  630.0	 1243.7	    0.0	  200.0	    0.0	    0.0	    0.0	    0.0	  100.0	   36.1	    0.0	    0.0	    0.0	    0.0	    7.3	  1	  -50.0	 1650.0	   36.1	    0.0	    0.0	1	  144.1	 21	 1382.5	   18.3	
  193	  24.32	    0.0	 1500.0	    0.0	  631.8	 1243.3	    0.0	  200.0	    0.0	    0.0	    0.0	    0.0	  100.0	   35.7	    0.0	    0.0	    0.0	    0.0	    7.3	  1	  -50.0	 1650.0	   35.7	    0.0	    0.0	1	  144.1	 21	 1380.8	   18.1	
  194	  24.42	    0.0	 1500.0	    0.0	  631.8	 1243.3	    0.0	  200.0	    0.0	    0.0	    0.0	    0.0	  100.0	   35.2	    0.0	    0.0	    0.0	    0.0	    7.4	  1	  -50.0	 1650.0	   35.2	    0.0	    0.0	1	  144.1	 21	 1379.1	   17.9	
  195	  24.52	    0.0	 1500.0	    0.0	  631.8	 1243.3	    0.0	  200.0	    0.0	    0.0	    0.0	    0.0	  100.0	   34.8	    0.0	    0.0	    0.0	    0.0	    7.4	  1	  -50.0	 1650.0	   34.8	    0.0	    0.0	1	  144.1	 21	 1377.5	   17.7	
  196	  24.62	    0.0	 1500.0	    0.0	  631.8	 1243.3	    0.0	  200.0	    0.0	    0.0	    0.0	    0.0	  100.0	   34.3	    0.0	    0.0	    0.0	    0.0	    7.4	  1	  -50.0	 1650.0	   34.3	    0.0	    0.0	1	  144.1	 21	 1375.8	   17.6	
  197	  24.72	    0.0	 1500.0	    0.0	  631.8	 1243.3	    0.0	  200.0	    0.0	    0.0	    0.0	    0.0	  100.0	   33.9	    0.0	    0.0	    0.0	    0.0	    7.5	  1	  -50.0	 1650.0	   33.9	    0.0	    0.0	1	  144.1	 21	 1374.1	   17.4	
  198	  24.82	    0.0	 1500.0	    0.0	  638.2	 1241.9	    0.0	  200.0	    0.0	    0.0	    0.0	    0.0	  100.0	   33.4	    0.0	    0.0	    0.0	    0.0	    7.5	  1	  -50.0	 1550.0	   33.4	    0.0	    0.0	1	   68.9	 21	 1372.2	   17.2	
  199	  24.92	    0.0	 1500.0	    0.0	  631.8	 1243.3	    0.0	  200.0	    0.0	    0.0	    0.0	    0.0	  100.0	   33.0	    0.0	    0.0	    0.0	    0.0	    7.6	  1	  -50.0	 1650.0	   33.0	    0.0	    0.0	1	  144.1	 21	 1370.8	   17.1	
  200	  25.02	    0.0	 1500.0	    0.0	  638.2	 1241.9	    0.0	  200.0	    0.0	    0.0	    0.0	    0.0	  100.0	   32.6	    0.0	    0.0	    0.0	    0.0	    7.6	  1	  -50.0	 1550.0	   32.6	    0.0	    0.0	1	   68.9	 21	 1368.9	   16.9	
  201	  25.12	    0.0	 1500.0	    0.0	  638.2	 1241.9	    0.0	  200.0	    0.0	    0.0	    0.0	    0.0	  100.0	   32.1	    0.0	    0.0	    0.0	    0.0	    7.6	  1	  -50.0	 1550.0	   32.1	    0.0	    0.0	1	   68.9	 21	 1367.2	   16.7	
  202	  25.22	    0.0	 1500.0	    0.0	  638.2	 1241.9	    0.0	  200.0	    0.0	    0.0	    0.0	    0.0	  100.0	   31.7	    0.0	    0.0	    0.0	    0.0	    7.7	  1	  -50.0	 1550.0	   31.7	    0.0	    0.0	1	   68.9	 21	 1365.5	   16.6	
  203	  25.32	    0.0	 1500.0	    0.0	  638.2	 1241.9	    0.0	  200.0	    0.0	    0.0	    0.0	    0.0	  100.0	   31.2	    0.0	    0.0	    0.0	    0.0	    7.7	  1	  -50.0	 1550.0	   31.2	    0.0	    0.0	1	   68.9	 21	 1363.9	   16.4	
  204	  25.42	    0.0	 1500.0	    0.0	  638.2	 1241.9	    0.0	  200.0	    0.0	    0.0	    0.0	    0.0	  100.0	   30.8	    0.0	    0.0	    0.0	    0.0	    7.8	  1	  -50.0	 1550.0	   30.8	    0.0	    0.0	1	   68.9	 21	 1362.2	   16.2	
  205	  25.52	    0.0	 1500.0	    0.0	  638.2	 1241.9	    0.0	  200.0	    0.0	    0.0	    0.0	    0.0	  100.0	   30.3	    0.0	    0.0	    0.0	    0.0	    7.8	  1	  -50.0	 1550.0	   30.3	    0.0	    0.0	1	   68.9	 21	 1360.5	   16.1	
  206	  25.62	    0.0	 1500.0	    0.0	  640.1	 1241.5	    0.0	  200.0	    0.0	    0.0	    0.0	    0.0	  100.0	   29.9	    0.0	    0.0	    0.0	    0.0	    7.8	  1	  -50.0	 1550.0	   29.9	    0.0	    0.0	1	   68.9	 21	 1358.8	   15.9	
  207	  25.72	    0.0	 1500.0	    0.0	  640.1	 1241.5	    0.0	  200.0	    0.0	    0.0	    0.0	    0.0	  100.0	   29.5	    0.0	    0.0	    0.0	    0.0	    7.9	  1	  -50.0	 1550.0	   29.5	    0.0	    0.0	1	   68.9	 21	 1357.1	   15.7	
  208	  25.82	    0.0	 1500.0	    0.0	  640.1	 1241.5	    0.0	  200.0	    0.0	    0.0	    0.0	    0.0	  100.0	   29.0	    0.0	    0.0	    0.0	    0.0	    7.9	  1	  -50.0	 1550.0	   29.0	    0.0	    0.0	1	   68.9	 21	 1355.5	   15.5	
  209	  25.92	    0.0	 1500.0	    0.0	 1154.1	 1423.7	    0.0	  200.0	    0.0	    0.0	    0.0	    0.0	  100.0	   28.8	    0.0	    0.0	    0.0	    0.0	    7.9	  1	  350.0	 1550.0	   28.8	    0.0	    0.0	1	  325.8	 21	 1211.7	 -188.3	
  210	  26.02	    0.0	 1500.0	    0.0	  641.4	 1241.2	    0.0	  200.0	    0.0	    0.0	    0.0	    0.0	  100.0	   28.3	    0.0	    0.0	    0.0	    0.0	    8.0	  1	  -50.0	 1550.0	   28.3	    0.0	    0.0	1	   68.9	 21	 1359.3	   15.9	
  211	  26.12	    0.0	 1500.0	    0.0	  641.4	 1241.2	    0.0	  200.0	    0.0	    0.0	    0.0	    0.0	  100.0	   27.9	    0.0	    0.0	    0.0	    0.0	    8.0	  1	  -50.0	 1550.0	   27.9	    0.0	    0.0	1	   68.9	 21	 1351.2	   15.1	
  212	  26.22	    0.0	 1500.0	    0.0	  641.4	 1241.2	    0.0	  200.0	    0.0	    0.0	    0.0	    0.0	  100.0	   27.5	    0.0	    0.0	    0.0	    0.0	    8.1	  1	  -50.0	 1550.0	   27.5	    0.0	    0.0	1	   68.9	 21	 1349.6	   15.0	
  213	  26.32	    0.0	 1500.0	    0.0	  641.4	 1241.2	    0.0	  200.0	    0.0	    0.0	    0.0	    0.0	  100.0	   27.0	    0.0	    0.0	    0.0	    0.0	    8.1	  1	  -50.0	 1550.0	   27.0	    0.0	    0.0	1	   68.9	 21	 1347.9	   14.8	
  214	  26.42	    0.0	 1500.0	    0.0	  641.4	 1241.2	    0.0	  200.0	    0.0	    0.0	    0.0	    0.0	  100.0	   26.6	    0.0	    0.0	    0.0	    0.0	    8.1	  1	  -50.0	 1550.0	   26.6	    0.0	    0.0	1	   68.9	 21	 1346.2	   14.6	
  215	  26.52	    0.0	 1500.0	    0.0	  641.4	 1241.2	    0.0	  200.0	    0.0	    0.0	    0.0	    0.0	  100.0	   26.1	    0.0	    0.0	    0.0	    0.0	    8.2	  1	  -50.0	 1550.0	   26.1	    0.0	    0.0	1	   68.9	 21	 1344.6	   14.5	
  216	  26.62	    0.0	 1500.0	    0.0	  641.4	 1241.2	    0.0	  200.0	    0.0	    0.0	    0.0	    0.0	  100.0	   25.7	    0.0	    0.0	    0.0	    0.0	    8.2	  1	  -50.0	 1550.0	   25.7	    0.0	    0.0	1	   68.9	 21	 1342.9	   14.3	
  217	  26.72	    0.0	 1500.0	    0.0	  639.0	 1245.8	    0.0	  200.0	    0.0	    0.0	    0.0	    0.0	  100.0	   25.2	    0.0	    0.0	    0.0	    0.0	    8.2	  1	  -50.0	 1550.0	   25.2	    0.0	    0.0	1	   68.9	 21	 1341.4	   14.1	
  218	  26.82	    0.0	 1500.0	    0.0	  639.0	 1245.8	    0.0	  200.0	    0.0	    0.0	    0.0	    0.0	  100.0	   24.8	    0.0	    0.0	    0.0	    0.0	    8.3	  1	  -50.0	 1550.0	   24.8	    0.0	    0.0	1	   68.9	 21	 1339.7	   14.0	
  219	  26.92	    0.0	 1500.0	    0.0	  639.0	 1245.8	    0.0	  200.0	    0.0	    0.0	    0.0	    0.0	  100.0	   24.4	    0.0	    0.0	    0.0	    0.0	    8.3	  1	  -50.0	 1550.0	   24.4	    0.0	    0.0	1	   68.9	 21	 1338.1	   13.8	
  220	  27.02	    0.0	 1500.0	    0.0	  639.0	 1245.8	    0.0	  200.0	    0.0	    0.0	    0.0	    0.0	  100.0	   23.9	    0.0	    0.0	    0.0	    0.0	    8.4	  1	  -50.0	 1550.0	   23.9	    0.0	    0.0	1	   68.9	 21	 1336.4	   13.6	
  221	  27.12	    0.0	 1500.0	    0.0	  639.0	 1245.8	    0.0	  200.0	    0.0	    0.0	    0.0	    0.0	  100.0	   23.5	    0.0	    0.0	    0.0	    0.0	    8.4	  1	  -50.0	 1550.0	   23.5	    0.0	    0.0	1	   68.9	 21	 1334.7	   13.5	
  222	  27.22	    0.0	 1500.0	    0.0	  639.0	 1245.8	    0.0	  200.0	    0.0	    0.0	    0.0	    0.0	  100.0	   23.0	    0.0	    0.0	    0.0	    0.0	    8.4	  1	  -50.0	 1550.0	   23.0	    0.0	    0.0	1	   68.9	 21	 1333.1	   13.3	
  223	  27.32	    0.0	 1500.0	    0.0	  639.0	 1245.8	    0.0	  200.0	    0.0	    0.0	    0.0	    0.0	  100.0	   22.6	    0.0	    0.0	    0.0	    0.0	    8.5	  1	  -50.0	 1550.0	   22.6	    0.0	    0.0	1	   68.9	 21	 1331.4	   13.1	
  224	  27.42	    0.0	 1500.0	    0.0	  639.0	 1245.8	    0.0	  200.0	    0.0	    0.0	    0.0	    0.0	  100.0	   22.1	    0.0	    0.0	    0.0	    0.0	    8.5	  1	  -50.0	 1550.0	   22.1	    0.0	    0.0	1	   68.9	 21	 1329.7	   13.0	
  225	  27.52	    0.0	 1500.0	    0.0	  639.0	 1245.8	    0.0	  200.0	    0.0	    0.0	    0.0	    0.0	  100.0	   21.7	    0.0	    0.0	    0.0	    0.0	    8.5	  1	  -50.0	 1550.0	   21.7	    0.0	    0.0	1	   68.9	 21	 1328.1	   12.8	
  226	  27.62	    0.0	 1500.0	    0.0	  645.1	 1256.7	    0.0	  200.0	    0.0	    0.0	    0.0	    0.0	  100.0	   21.3	    0.0	    0.0	    0.0	    0.0	    8.6	  1	  -50.0	 1550.0	   21.3	    0.0	    0.0	1	   69.0	 21	 1326.4	   12.6	
  227	  27.72	    0.0	 1500.0	    0.0	  645.1	 1256.7	    0.0	  200.0	    0.0	    0.0	    0.0	    0.0	  100.0	   20.8	    0.0	    0.0	    0.0	    0.0	    8.6	  1	  -50.0	 1550.0	   20.8	    0.0	    0.0	1	   69.0	 21	 1324.7	   12.5	
  228	  27.82	    0.0	 1500.0	    0.0	  646.0	 1256.5	    0.0	  200.0	    0.0	    0.0	    0.0	    0.0	  100.0	   20.4	    0.0	    0.0	    0.0	    0.0	    8.7	  1	  -50.0	 1550.0	   20.4	    0.0	    0.0	1	   69.0	 21	 1323.0	   12.3	
  229	  27.92	    0.0	 1500.0	    0.0	  639.0	 1245.8	    0.0	  200.0	    0.0	    0.0	    0.0	    0.0	  100.0	   19.9	    0.0	    0.0	    0.0	    0.0	    8.7	  1	  -50.0	 1550.0	   19.9	    0.0	    0.0	1	   68.9	 21	 1321.4	   12.1	
  230	  28.02	    0.0	 1500.0	    0.0	  646.0	 1256.5	    0.0	  200.0	    0.0	    0.0	    0.0	    0.0	  100.0	   19.5	    0.0	    0.0	    0.0	    0.0	    8.7	  1	  -50.0	 1550.0	   19.5	    0.0	    0.0	1	   69.0	 21	 1319.7	   12.0	
  231	  28.12	    0.0	 1500.0	    0.0	  646.0	 1256.5	    0.0	  200.0	    0.0	    0.0	    0.0	    0.0	  100.0	   19.0	    0.0	    0.0	    0.0	    0.0	    8.8	  1	  -50.0	 1550.0	   19.0	    0.0	    0.0	1	   69.0	 21	 1318.0	   11.8	
  232	  28.22	    0.0	 1500.0	    0.0	  646.0	 1256.5	    0.0	  200.0	    0.0	    0.0	    0.0	    0.0	  100.0	   18.6	    0.0	    0.0	    0.0	    0.0	    8.8	  1	  -50.0	 1550.0	   18.6	    0.0	    0.0	1	   69.0	 21	 1316.4	   11.6	
  233	  28.32	    0.0	 1500.0	    0.0	  646.0	 1256.5	    0.0	  200.0	    0.0	    0.0	    0.0	    0.0	  100.0	   18.2	    0.0	    0.0	    0.0	    0.0	    8.9	  1	  -50.0	 1550.0	   18.2	    0.0	    0.0	1	   69.0	 21	 1314.7	   11.5	
  234	  28.42	    0.0	 1500.0	    0.0	  645.4	 1253.6	    0.0	  200.0	    0.0	    0.0	    0.0	    0.0	  100.0	   17.7	    0.0	    0.0	    0.0	    0.0	    8.9	  1	  -50.0	 1550.0	   17.7	    0.0	    0.0	1	   68.9	 21	 1313.1	   11.3	
  235	  28.52	    0.0	 1500.0	    0.0	  645.4	 1253.6	    0.0	  200.0	    0.0	    0.0	    0.0	    0.0	  100.0	   17.3	    0.0	    0.0	    0.0	    0.0	    8.9	  1	  -50.0	 1550.0	   17.3	    0.0	    0.0	1	   68.9	 21	 1311.4	   11.1	
  236	  28.62	    0.0	 1500.0	    0.0	  646.3	 1253.4	    0.0	  200.0	    0.0	    0.0	    0.0	    0.0	  100.0	   16.8	    0.0	    0.0	    0.0	    0.0	    9.0	  1	  -50.0	 1550.0	   16.8	    0.0	    0.0	1	   68.9	 21	 1309.7	   11.0	
  237	  28.72	    0.0	 1500.0	    0.0	  646.3	 1253.4	    0.0	  200.0	    0.0	    0.0	    0.0	    0.0	  100.0	   16.4	    0.0	    0.0	    0.0	    0.0	    9.0	  1	  -50.0	 1550.0	   16.4	    0.0	    0.0	1	   68.9	 21	 1308.1	   10.8	
  238	  28.82	    0.0	 1500.0	    0.0	  646.3	 1253.4	    0.0	  200.0	    0.0	    0.0	    0.0	    0.0	  100.0	   16.0	    0.0	    0.0	    0.0	    0.0	    9.0	  1	  -50.0	 1550.0	   16.0	    0.0	    0.0	1	   68.9	 21	 1306.4	   10.6	
  239	  28.92	    0.0	 1500.0	    0.0	  646.3	 1253.4	    0.0	  200.0	    0.0	    0.0	    0.0	    0.0	  100.0	   15.5	    0.0	    0.0	    0.0	    0.0	    9.1	  1	  -50.0	 1550.0	   15.5	    0.0	    0.0	1	   68.9	 21	 1304.8	   10.5	
  240	  29.02	    0.0	 1500.0	    0.0	  646.3	 1253.4	    0.0	  200.0	    0.0	    0.0	    0.0	    0.0	  100.0	   15.1	    0.0	    0.0	    0.0	    0.0	    9.1	  1	  -50.0	 1550.0	   15.1	    0.0	    0.0	1	   68.9	 21	 1303.1	   10.3	
  241	  29.12	    0.0	 1500.0	    0.0	  645.0	 1251.6	    0.0	  200.0	    0.0	    0.0	    0.0	    0.0	  100.0	   14.6	    0.0	    0.0	    0.0	    0.0	    9.2	  1	  -50.0	 1550.0	   14.6	    0.0	    0.0	1	   68.9	 21	 1301.5	   10.1	
  242	  29.22	    0.0	 1500.0	    0.0	  646.0	 1251.5	    0.0	  200.0	    0.0	    0.0	    0.0	    0.0	  100.0	   14.2	    0.0	    0.0	    0.0	    0.0	    9.2	  1	  -50.0	 1550.0	   14.2	    0.0	    0.0	1	   68.9	 21	    0.0	   10.0	
  243	  29.32	    0.0	 1500.0	    0.0	  646.0	 1251.5	    0.0	  200.0	    0.0	    0.0	    0.0	    0.0	  100.0	   13.7	    0.0	    0.0	    0.0	    0.0	    9.2	  1	  -50.0	 1550.0	   13.7	    0.0	    0.0	1	   68.9	 21	    0.0	    9.8	
  244	  29.42	    0.0	 1500.0	    0.0	  646.0	 1251.5	    0.0	  200.0	    0.0	    0.0	    0.0	    0.0	  100.0	   13.3	    0.0	    0.0	    0.0	    0.0	    9.3	  1	  -50.0	 1550.0	   13.3	    0.0	    0.0	1	   68.9	 21	    0.0	    9.6	
  245	  29.52	    0.0	 1500.0	    0.0	  646.0	 1251.5	    0.0	  200.0	    0.0	    0.0	    0.0	    0.0	  100.0	   12.9	    0.0	    0.0	    0.0	    0.0	    9.3	  1	  -50.0	 1550.0	   12.9	    0.0	    0.0	1	   68.9	 21	    0.0	    9.5	
  246	  29.62	    0.0	 1500.0	    0.0	  646.0	 1251.5	    0.0	  200.0	    0.0	    0.0	    0.0	    0.0	  100.0	   12.4	    0.0	    0.0	    0.0	    0.0	    9.3	  1	  -50.0	 1550.0	   12.4	    0.0	    0.0	1	   68.9	 21	    0.0	    9.3	
  247	  29.72	    0.0	 1500.0	    0.0	  647.3	 1253.2	    0.0	  200.0	    0.0	    0.0	    0.0	    0.0	  100.0	   12.0	    0.0	    0.0	    0.0	    0.0	    9.4	  1	  -50.0	 1550.0	   12.0	    0.0	    0.0	1	   68.9	 21	    0.0	    9.2	
  248	  29.82	    0.0	 1500.0	    0.0	  647.3	 1253.2	    0.0	  200.0	    0.0	    0.0	    0.0	    0.0	  100.0	   11.5	    0.0	    0.0	    0.0	    0.0	    9.4	  1	  -50.0	 1550.0	   11.5	    0.0	    0.0	1	   68.9	 21	    0.0	    9.0	
  249	  29.92	    0.0	 1500.0	    0.0	  647.3	 1253.2	    0.0	  200.0	    0.0	    0.0	    0.0	    0.0	  100.0	   11.1	    0.0	    0.0	    0.0	    0.0	    9.5	  1	  -50.0	 1550.0	   11.1	    0.0	    0.0	1	   68.9	 21	    0.0	    8.8	
  250	  30.02	    0.0	 1500.0	    0.0	  647.3	 1253.2	    0.0	  200.0	    0.0	    0.0	    0.0	    0.0	  100.0	   10.7	    0.0	    0.0	    0.0	    0.0	    9.5	  1	  -50.0	 1550.0	   10.7	    0.0	    0.0	1	   68.9	 21	    0.0	    8.7	
  251	  30.12	    0.0	 1500.0	    0.0	  645.8	 1255.5	    0.0	  200.0	    0.0	    0.0	    0.0	    0.0	  100.0	   10.2	    0.0	    0.0	    0.0	    0.0	    9.5	  1	  -50.0	 1550.0	   10.2	    0.0	    0.0	1	   69.0	 21	    0.0	    8.5	
  252	  30.22	    0.0	 1500.0	    0.0	  645.8	 1255.5	    0.0	  200.0	    0.0	    0.0	    0.0	    0.0	  100.0	    9.8	    0.0	    0.0	    0.0	    0.0	    9.6	  1	  -50.0	 1550.0	    9.8	    0.0	    0.0	1	   69.0	 21	    0.0	    8.3	
  253	  30.32	    0.0	 1500.0	    0.0	  645.8	 1255.5	    0.0	  200.0	    0.0	    0.0	    0.0	    0.0	  100.0	    9.3	    0.0	    0.0	    0.0	    0.0	    9.6	  1	  -50.0	 1550.0	    9.3	    0.0	    0.0	1	   69.0	 21	    0.0	    8.2	
  254	  30.42	    0.0	 1500.0	    0.0	  645.8	 1255.5	    0.0	  200.0	    0.0	    0.0	    0.0	    0.0	  100.0	    8.9	    0.0	    0.0	    0.0	    0.0	    9.7	  1	  -50.0	 1550.0	    8.9	    0.0	    0.0	1	   69.0	 21	    0.0	    8.0	
  255	  30.52	    0.0	 1500.0	    0.0	  647.3	 1253.2	    0.0	  200.0	    0.0	    0.0	    0.0	    0.0	  100.0	    8.4	    0.0	    0.0	    0.0	    0.0	    9.7	  1	  -50.0	 1550.0	    8.4	    0.0	    0.0	1	   68.9	 21	    0.0	    7.8	
  256	  30.62	    0.0	 1500.0	    0.0	  645.8	 1255.5	    0.0	  200.0	    0.0	    0.0	    0.0	    0.0	  100.0	    8.0	    0.0	    0.0	    0.0	    0.0	    9.7	  1	  -50.0	 1550.0	    8.0	    0.0	    0.0	1	   69.0	 21	    0.0	    7.7	
  257	  30.72	    0.0	 1500.0	    0.0	  643.7	 1260.0	    0.0	  200.0	    0.0	    0.0	    0.0	    0.0	  100.0	    7.6	    0.0	    0.0	    0.0	    0.0	    9.8	  1	  -50.0	 1550.0	    7.6	    0.0	    0.0	1	   69.0	 21	    0.0	    7.5	
  258	  30.82	    0.0	 1500.0	    0.0	  643.7	 1260.0	    0.0	  200.0	    0.0	    0.0	    0.0	    0.0	  100.0	    7.1	    0.0	    0.0	    0.0	    0.0	    9.8	  1	  -50.0	 1550.0	    7.1	    0.0	    0.0	1	   69.0	 21	    0.0	    7.3	
  259	  30.92	    0.0	 1500.0	    0.0	  643.7	 1260.0	    0.0	  200.0	    0.0	    0.0	    0.0	    0.0	  100.0	    6.7	    0.0	    0.0	    0.0	    0.0	    9.8	  1	  -50.0	 1550.0	    6.7	    0.0	    0.0	1	   69.0	 21	    0.0	    7.2	
  260	  31.02	    0.0	 1500.0	    0.0	  643.7	 1260.0	    0.0	  200.0	    0.0	    0.0	    0.0	    0.0	  100.0	    6.2	    0.0	    0.0	    0.0	    0.0	    9.9	  1	  -50.0	 1550.0	    6.2	    0.0	    0.0	1	   69.0	 21	    0.0	    7.0	
  261	  31.12	    0.0	 1500.0	    0.0	  643.6	 1259.0	    0.0	  200.0	    0.0	    0.0	    0.0	    0.0	  100.0	    5.8	    0.0	    0.0	    0.0	    0.0	    9.9	  1	  -50.0	 1550.0	    5.8	    0.0	    0.0	1	   69.0	 21	    0.0	    6.9	
  262	  31.22	    0.0	 1500.0	    0.0	  643.7	 1260.0	    0.0	  200.0	    0.0	    0.0	    0.0	    0.0	  100.0	    5.3	    0.0	    0.0	    0.0	    0.0	   10.0	  1	  -50.0	 1550.0	    5.3	    0.0	    0.0	1	   69.0	 21	    0.0	    6.7	
  263	  31.32	    0.0	 1500.0	    0.0	  643.6	 1259.0	    0.0	  200.0	    0.0	    0.0	    0.0	    0.0	  100.0	    4.9	    0.0	    0.0	    0.0	    0.0	   10.0	  1	  -50.0	 1550.0	    4.9	    0.0	    0.0	1	   69.0	 21	    0.0	    6.5	
  264	  31.42	    0.0	 1500.0	    0.0	  643.6	 1259.0	    0.0	  200.0	    0.0	    0.0	    0.0	    0.0	  100.0	    4.5	    0.0	    0.0	    0.0	    0.0	   10.0	  1	  -50.0	 1550.0	    4.5	    0.0	    0.0	1	   69.0	 21	    0.0	    6.4	
  265	  31.52	    0.0	 1500.0	    0.0	  643.6	 1259.0	    0.0	  200.0	    0.0	    0.0	    0.0	    0.0	  100.0	    4.0	    0.0	    0.0	    0.0	    0.0	   10.1	  1	  -50.0	 1550.0	    4.0	    0.0	    0.0	1	   69.0	 21	    0.0	    6.2	
  266	  31.62	    0.0	 1500.0	    0.0	  643.6	 1259.0	    0.0	  200.0	    0.0	    0.0	    0.0	    0.0	  100.0	    3.6	    0.0	    0.0	    0.0	    0.0	   10.1	  1	  -50.0	 1550.0	    3.6	    0.0	    0.0	1	   69.0	 21	    0.0	    6.1	
  267	  31.72	    0.0	 1500.0	    0.0	  643.6	 1259.0	    0.0	  200.0	    0.0	    0.0	    0.0	    0.0	  100.0	    3.1	    0.0	    0.0	    0.0	    0.0	   10.1	  1	  -50.0	 1550.0	    3.1	    0.0	    0.0	1	   69.0	 21	    0.0	    5.9	
  268	  31.82	    0.0	 1500.0	    0.0	  643.6	 1259.0	    0.0	  200.0	    0.0	    0.0	    0.0	    0.0	  100.0	    2.7	    0.0	    0.0	    0.0	    0.0	   10.2	  1	  -50.0	 1550.0	    2.7	    0.0	    0.0	1	   69.0	 21	    0.0	    5.7	
  269	  31.92	    0.0	 1500.0	    0.0	  643.6	 1259.0	    0.0	  200.0	    0.0	    0.0	    0.0	    0.0	  100.0	    2.2	    0.0	    0.0	    0.0	    0.0	   10.2	  1	  -50.0	 1550.0	    2.2	    0.0	    0.0	1	   69.0	 21	    0.0	    5.6	
  270	  32.02	    0.0	 1500.0	    0.0	  643.6	 1259.0	    0.0	  200.0	    0.0	    0.0	    0.0	    0.0	  100.0	    1.8	    0.0	    0.0	    0.0	    0.0	   10.3	  1	  -50.0	 1550.0	    1.8	    0.0	    0.0	1	   69.0	 21	    0.0	    5.4	
  271	  32.12	    0.0	 1500.0	    0.0	  643.6	 1259.0	    0.0	  200.0	    0.0	    0.0	    0.0	    0.0	  100.0	    1.4	    0.0	    0.0	    0.0	    0.0	   10.3	  1	  -50.0	 1550.0	    1.4	    0.0	    0.0	1	   69.0	 21	    0.0	    5.3	
  272	  32.22	    0.0	 1500.0	    0.0	  643.6	 1259.0	    0.0	  200.0	    0.0	    0.0	    0.0	    0.0	  100.0	    0.9	    0.0	    0.0	    0.0	    0.0	   10.3	  1	  -50.0	 1550.0	    0.9	    0.0	    0.0	1	   69.0	 21	    0.0	    5.2	
  273	  32.32	    0.0	 1500.0	    0.0	  643.3	 1263.1	    0.0	  200.0	    0.0	    0.0	    0.0	    0.0	  100.0	    0.5	    0.0	    0.0	    0.0	    0.0	   10.4	  1	  -50.0	 1550.0	    0.5	    0.0	    0.0	1	   69.0	 21	    0.0	    5.1	
  274	  32.42	    0.0	 1500.0	    0.0	  643.6	 1259.0	    0.0	  200.0	    0.0	    0.0	    0.0	    0.0	  100.0	    0.0	    0.0	    0.0	    0.0	    0.0	   10.4	  1	  -50.0	 1550.0	    0.0	    0.0	    0.0	1	   69.0	 21	    0.0	    5.0	
  275	  32.52	    0.0	 1500.0	    0.0	  643.3	 1263.1	    0.0	  200.0	    0.0	    0.0	    0.0	    0.0	  100.0	    0.0	    0.0	    0.0	    0.0	    0.0	   10.4	  1	  -50.0	 1550.0	    0.0	    0.0	    0.0	1	   69.0	 21	    0.0	    5.0	
  276	  32.62	    0.0	 1500.0	    0.0	  643.3	 1263.1	    0.0	  200.0	    0.0	    0.0	    0.0	    0.0	  100.0	    0.0	    0.0	    0.0	    0.0	    0.0	   10.5	  1	  -50.0	 1550.0	    0.0	    0.0	    0.0	1	   69.0	 21	    0.0	    5.0	
  277	  32.72	    0.0	 1500.0	    0.0	  644.3	 1262.9	    0.0	  200.0	    0.0	    0.0	    0.0	    0.0	  100.0	    0.0	    0.0	    0.0	    0.0	    0.0	   10.5	  1	  -50.0	 1550.0	    0.0	    0.0	    0.0	1	   69.0	 21	    0.0	    5.0	
  278	  32.82	    0.0	 1500.0	    0.0	  644.3	 1262.9	    0.0	  200.0	    0.0	    0.0	    0.0	    0.0	  100.0	    0.0	    0.0	    0.0	    0.0	    0.0	   10.6	  1	  -50.0	 1550.0	    0.0	    0.0	    0.0	1	   69.0	 21	    0.0	    5.0	
  279	  32.92	    0.0	 1500.0	    0.0	  644.3	 1262.9	    0.0	  200.0	    0.0	    0.0	    0.0	    0.0	  100.0	    0.0	    0.0	    0.0	    0.0	    0.0	   10.6	  1	  -50.0	 1550.0	    0.0	    0.0	    0.0	1	   69.0	 21	    0.0	    5.0	
  280	  33.02	    0.0	 1500.0	    0.0	  644.3	 1262.9	    0.0	  200.0	    0.0	    0.0	    0.0	    0.0	  100.0	    0.0	    0.0	    0.0	    0.0	    0.0	   10.6	  1	  -50.0	 1550.0	    0.0	    0.0	    0.0	1	   69.0	 21	    0.0	    5.0	
  281	  33.12	    0.0	 1500.0	    0.0	  644.3	 1262.9	    0.0	  200.0	    0.0	    0.0	    0.0	    0.0	  100.0	    0.0	    0.0	    0.0	    0.0	    0.0	   10.7	  1	  -50.0	 1550.0	    0.0	    0.0	    0.0	1	   69.0	 21	    0.0	    5.0	
  282	  33.22	    0.0	 1500.0	    0.0	  644.3	 1262.9	    0.0	  200.0	    0.0	    0.0	    0.0	    0.0	  100.0	    0.0	    0.0	    0.0	    0.0	    0.0	   10.7	  1	  -50.0	 1550.0	    0.0	    0.0	    0.0	1	   69.0	 21	    0.0	    5.0	
  283	  33.32	    0.0	 1500.0	    0.0	  645.0	 1261.8	    0.0	  200.0	    0.0	    0.0	    0.0	    0.0	  100.0	    0.0	    0.0	    0.0	    0.0	    0.0	   10.8	  1	  -50.0	 1550.0	    0.0	    0.0	    0.0	1	   69.0	 21	    0.0	    5.0	
  284	  33.42	    0.0	 1500.0	    0.0	  645.0	 1261.8	    0.0	  200.0	    0.0	    0.0	    0.0	    0.0	  100.0	    0.0	    0.0	    0.0	    0.0	    0.0	   10.8	  1	  -50.0	 1550.0	    0.0	    0.0	    0.0	1	   69.0	 21	    0.0	    5.0	
  285	  33.52	    0.0	 1500.0	    0.0	  645.0	 1261.8	    0.0	  200.0	    0.0	    0.0	    0.0	    0.0	  100.0	    0.0	    0.0	    0.0	    0.0	    0.0	   10.8	  1	  -50.0	 1550.0	    0.0	    0.0	    0.0	1	   69.0	 21	    0.0	    5.0	
  286	  33.62	    0.0	 1500.0	    0.0	  645.0	 1261.8	    0.0	  200.0	    0.0	    0.0	    0.0	    0.0	  100.0	    0.0	    0.0	    0.0	    0.0	    0.0	   10.9	  1	  -50.0	 1550.0	    0.0	    0.0	    0.0	1	   69.0	 21	    0.0	    5.0	
  287	  33.72	    0.0	 1500.0	    0.0	  645.0	 1261.8	    0.0	  200.0	    0.0	    0.0	    0.0	    0.0	  100.0	    0.0	    0.0	    0.0	    0.0	    0.0	   10.9	  1	  -50.0	 1550.0	    0.0	    0.0	    0.0	1	   69.0	 21	    0.0	    5.0	
  288	  33.82	    0.0	 1500.0	    0.0	  646.6	 1262.5	    0.0	  200.0	    0.0	    0.0	    0.0	    0.0	  100.0	    0.0	    0.0	    0.0	    0.0	    0.0	   10.9	  1	  -50.0	 1550.0	    0.0	    0.0	    0.0	1	   69.0	 21	    0.0	    5.0	
  289	  33.92	    0.0	 1500.0	    0.0	  646.6	 1262.5	    0.0	  200.0	    0.0	    0.0	    0.0	    0.0	  100.0	    0.0	    0.0	    0.0	    0.0	    0.0	   11.0	  1	  -50.0	 1550.0	    0.0	    0.0	    0.0	1	   69.0	 21	    0.0	    5.0	
  290	  34.02	    0.0	 1500.0	    0.0	  646.6	 1262.5	    0.0	  200.0	    0.0	    0.0	    0.0	    0.0	  100.0	    0.0	    0.0	    0.0	    0.0	    0.0	   11.0	  1	  -50.0	 1550.0	    0.0	    0.0	    0.0	1	   69.0	 21	    0.0	    5.0	
  291	  34.12	    0.0	 1500.0	    0.0	  646.6	 1262.5	    0.0	  200.0	    0.0	    0.0	    0.0	    0.0	  100.0	    0.0	    0.0	    0.0	    0.0	    0.0	   11.1	  1	  -50.0	 1550.0	    0.0	    0.0	    0.0	1	   69.0	 21	    0.0	    5.0	
  292	  34.22	    0.0	 1500.0	    0.0	  646.6	 1262.5	    0.0	  200.0	    0.0	    0.0	    0.0	    0.0	  100.0	    0.0	    0.0	    0.0	    0.0	    0.0	   11.1	  1	  -50.0	 1550.0	    0.0	    0.0	    0.0	1	   69.0	 21	    0.0	    5.0	
  293	  34.32	    0.0	 1500.0	    0.0	  646.4	 1264.5	    0.0	  200.0	    0.0	    0.0	    0.0	    0.0	  100.0	    0.0	    0.0	    0.0	    0.0	    0.0	   11.1	  1	  -50.0	 1550.0	    0.0	    0.0	    0.0	1	   69.0	 21	    0.0	    5.0	
  294	  34.42	    0.0	 1500.0	    0.0	  646.4	 1264.5	    0.0	  200.0	    0.0	    0.0	    0.0	    0.0	  100.0	    0.0	    0.0	    0.0	    0.0	    0.0	   11.2	  1	  -50.0	 1550.0	    0.0	    0.0	    0.0	1	   69.0	 21	    0.0	    5.0	
  295	  34.52	    0.0	 1500.0	    0.0	  645.9	 1264.6	    0.0	  200.0	    0.0	    0.0	    0.0	    0.0	  100.0	    0.0	    0.0	    0.0	    0.0	    0.0	   11.2	  1	  -50.0	 1550.0	    0.0	    0.0	    0.0	1	   69.0	 21	    0.0	    5.0	
  296	  34.62	    0.0	 1500.0	    0.0	  645.9	 1264.6	    0.0	  200.0	    0.0	    0.0	    0.0	    0.0	  100.0	    0.0	    0.0	    0.0	    0.0	    0.0	   11.2	  1	  -50.0	 1550.0	    0.0	    0.0	    0.0	1	   69.0	 21	    0.0	    5.0	
  297	  34.72	    0.0	 1500.0	    0.0	  645.9	 1264.6	    0.0	  200.0	    0.0	    0.0	    0.0	    0.0	  100.0	    0.0	    0.0	    0.0	    0.0	    0.0	   11.3	  1	  -50.0	 1550.0	    0.0	    0.0	    0.0	1	   69.0	 21	    0.0	    5.0	
  298	  34.82	    0.0	 1500.0	    0.0	  645.5	 1264.7	    0.0	  200.0	    0.0	    0.0	    0.0	    0.0	  100.0	    0.0	    0.0	    0.0	    0.0	    0.0	   11.3	  1	  -50.0	 1550.0	    0.0	    0.0	    0.0	1	   69.0	 21	    0.0	    5.0	
  299	  34.92	    0.0	 1500.0	    0.0	  645.5	 1264.7	    0.0	  200.0	    0.0	    0.0	    0.0	    0.0	  100.0	    0.0	    0.0	    0.0	    0.0	    0.0	   11.4	  1	  -50.0	 1550.0	    0.0	    0.0	    0.0	1	   69.0	 21	    0.0	    5.0	
  300	  35.02	    0.0	 1500.0	    0.0	  717.3	 1328.1	    0.0	  200.0	    0.0	    0.0	    0.0	    0.0	  100.0	    0.0	    0.0	    0.0	    0.0	    0.0	   11.4	  1	  -50.0	 1550.0	    0.0	    0.0	    0.0	1	   68.9	 21	    0.0	    5.0	
  301	  35.12	    0.0	 1500.0	    0.0	  645.5	 1264.7	    0.0	  200.0	    0.0	    0.0	    0.0	    0.0	  100.0	    0.0	    0.0	    0.0	    0.0	    0.0	   11.4	  1	  -50.0	 1550.0	    0.0	    0.0	    0.0	1	   69.0	 21	    0.0	    5.0	
  302	  35.22	    0.0	 1500.0	    0.0	  645.5	 1264.7	    0.0	  200.0	    0.0	    0.0	    0.0	    0.0	  100.0	    0.0	    0.0	    0.0	    0.0	    0.0	   11.5	  1	  -50.0	 1550.0	    0.0	    0.0	    0.0	1	   69.0	 21	    0.0	    5.0	
  303	  35.32	    0.0	 1500.0	    0.0	  645.5	 1264.7	    0.0	  200.0	    0.0	    0.0	    0.0	    0.0	  100.0	    0.0	    0.0	    0.0	    0.0	    0.0	   11.5	  1	  -50.0	 1550.0	    0.0	    0.0	    0.0	1	   69.0	 21	    0.0	    5.0	
  304	  35.42	    0.0	 1500.0	    0.0	  645.0	 1264.8	    0.0	  200.0	    0.0	    0.0	    0.0	    0.0	  100.0	    0.0	    0.0	    0.0	    0.0	    0.0	   11.6	  1	  -50.0	 1550.0	    0.0	    0.0	    0.0	1	   69.0	 21	    0.0	    5.0	
  305	  35.52	    0.0	 1500.0	    0.0	  645.0	 1264.8	    0.0	  200.0	    0.0	    0.0	    0.0	    0.0	  100.0	    0.0	    0.0	    0.0	    0.0	    0.0	   11.6	  1	  -50.0	 1550.0	    0.0	    0.0	    0.0	1	   69.0	 21	    0.0	    5.0	
  306	  35.62	    0.0	 1500.0	    0.0	  645.0	 1264.8	    0.0	  200.0	    0.0	    0.0	    0.0	    0.0	  100.0	    0.0	    0.0	    0.0	    0.0	    0.0	   11.6	  1	  -50.0	 1550.0	    0.0	    0.0	    0.0	1	   69.0	 21	    0.0	    5.0	
  307	  35.72	    0.0	 1500.0	    0.0	  645.0	 1264.8	    0.0	  200.0	    0.0	    0.0	    0.0	    0.0	  100.0	    0.0	    0.0	    0.0	    0.0	    0.0	   11.7	  1	  -50.0	 1550.0	    0.0	    0.0	    0.0	1	   69.0	 21	    0.0	    5.0	
  308	  35.82	    0.0	 1500.0	    0.0	  645.0	 1264.8	    0.0	  200.0	    0.0	    0.0	    0.0	    0.0	  100.0	    0.0	    0.0	    0.0	    0.0	    0.0	   11.7	  1	  -50.0	 1550.0	    0.0	    0.0	    0.0	1	   69.0	 21	    0.0	    5.0	
  309	  35.92	    0.0	 1500.0	    0.0	  646.6	 1265.5	    0.0	  200.0	    0.0	    0.0	    0.0	    0.0	  100.0	    0.0	    0.0	    0.0	    0.0	    0.0	   11.7	  1	  -50.0	 1550.0	    0.0	    0.0	    0.0	1	   69.0	 21	    0.0	    5.0	
  310	  36.02	    0.0	 1500.0	    0.0	  646.6	 1265.5	    0.0	  200.0	    0.0	    0.0	    0.0	    0.0	  100.0	    0.0	    0.0	    0.0	    0.0	    0.0	   11.8	  1	  -50.0	 1550.0	    0.0	    0.0	    0.0	1	   69.0	 21	    0.0	    5.0	
  311	  36.12	    0.0	 1500.0	    0.0	  646.6	 1265.5	    0.0	  200.0	    0.0	    0.0	    0.0	    0.0	  100.0	    0.0	    0.0	    0.0	    0.0	    0.0	   11.8	  1	  -50.0	 1550.0	    0.0	    0.0	    0.0	1	   69.0	 21	    0.0	    5.0	
  312	  36.22	    0.0	 1500.0	    0.0	  646.6	 1265.5	    0.0	  200.0	    0.0	    0.0	    0.0	    0.0	  100.0	    0.0	    0.0	    0.0	    0.0	    0.0	   11.9	  1	  -50.0	 1550.0	    0.0	    0.0	    0.0	1	   69.0	 21	    0.0	    5.0	
  313	  36.32	    0.0	 1500.0	    0.0	  646.6	 1265.5	    0.0	  200.0	    0.0	    0.0	    0.0	    0.0	  100.0	    0.0	    0.0	    0.0	    0.0	    0.0	   11.9	  1	  -50.0	 1550.0	    0.0	    0.0	    0.0	1	   69.0	 21	    0.0	    5.0	
  314	  36.42	    0.0	 1500.0	    0.0	  646.6	 1265.5	    0.0	  200.0	    0.0	    0.0	    0.0	    0.0	  100.0	    0.0	    0.0	    0.0	    0.0	    0.0	   11.9	  1	  -50.0	 1550.0	    0.0	    0.0	    0.0	1	   69.0	 21	    0.0	    5.0	
  315	  36.52	    0.0	 1500.0	    0.0	  646.0	 1267.6	    0.0	  200.0	    0.0	    0.0	    0.0	    0.0	  100.0	    0.0	    0.0	    0.0	    0.0	    0.0	   12.0	  1	  -50.0	 1550.0	    0.0	    0.0	    0.0	1	   69.0	 21	    0.0	    5.0	
  316	  36.62	    0.0	 1500.0	    0.0	  646.0	 1267.6	    0.0	  200.0	    0.0	    0.0	    0.0	    0.0	  100.0	    0.0	    0.0	    0.0	    0.0	    0.0	   12.0	  1	  -50.0	 1550.0	    0.0	    0.0	    0.0	1	   69.0	 21	    0.0	    5.0	
  317	  36.72	    0.0	 1500.0	    0.0	  646.0	 1267.6	    0.0	  200.0	    0.0	    0.0	    0.0	    0.0	  100.0	    0.0	    0.0	    0.0	    0.0	    0.0	   12.0	  1	  -50.0	 1550.0	    0.0	    0.0	    0.0	1	   69.0	 21	    0.0	    5.0	
  318	  36.82	    0.0	 1500.0	    0.0	  646.0	 1267.6	    0.0	  200.0	    0.0	    0.0	    0.0	    0.0	  100.0	    0.0	    0.0	    0.0	    0.0	    0.0	   12.1	  1	  -50.0	 1550.0	    0.0	    0.0	    0.0	1	   69.0	 21	    0.0	    5.0	
  319	  36.92	    0.0	 1500.0	    0.0	  646.0	 1267.6	    0.0	  200.0	    0.0	    0.0	    0.0	    0.0	  100.0	    0.0	    0.0	    0.0	    0.0	    0.0	   12.1	  1	  -50.0	 1550.0	    0.0	    0.0	    0.0	1	   69.0	 21	    0.0	    5.0	
  320	  37.02	    0.0	 1500.0	    0.0	  644.9	 1266.8	    0.0	  200.0	    0.0	    0.0	    0.0	    0.0	  100.0	    0.0	    0.0	    0.0	    0.0	    0.0	   12.2	  1	  -50.0	 1550.0	    0.0	    0.0	    0.0	1	   69.0	 21	    0.0	    5.0	
  321	  37.12	    0.0	 1500.0	    0.0	  644.9	 1266.8	    0.0	  200.0	    0.0	    0.0	    0.0	    0.0	  100.0	    0.0	    0.0	    0.0	    0.0	    0.0	   12.2	  1	  -50.0	 1550.0	    0.0	    0.0	    0.0	1	   69.0	 21	    0.0	    5.0	
  322	  37.22	    0.0	 1500.0	    0.0	  644.9	 1266.8	    0.0	  200.0	    0.0	    0.0	    0.0	    0.0	  100.0	    0.0	    0.0	    0.0	    0.0	    0.0	   12.2	  1	  -50.0	 1550.0	    0.0	    0.0	    0.0	1	   69.0	 21	    0.0	    5.0	
  323	  37.32	    0.0	 1500.0	    0.0	  644.9	 1266.8	    0.0	  200.0	    0.0	    0.0	    0.0	    0.0	  100.0	    0.0	    0.0	    0.0	    0.0	    0.0	   12.3	  1	  -50.0	 1550.0	    0.0	    0.0	    0.0	1	   69.0	 21	    0.0	    5.0	
  324	  37.42	    0.0	 1500.0	    0.0	  644.9	 1266.8	    0.0	  200.0	    0.0	    0.0	    0.0	    0.0	  100.0	    0.0	    0.0	    0.0	    0.0	    0.0	   12.3	  1	  -50.0	 1550.0	    0.0	    0.0	    0.0	1	   69.0	 21	    0.0	    5.0	
  325	  37.52	    0.0	 1500.0	    0.0	  644.9	 1266.8	    0.0	  200.0	    0.0	    0.0	    0.0	    0.0	  100.0	    0.0	    0.0	    0.0	    0.0	    0.0	   12.3	  1	  -50.0	 1550.0	    0.0	    0.0	    0.0	1	   69.0	 21	    0.0	    5.0	
  326	  37.62	    0.0	 1500.0	    0.0	  644.9	 1266.8	    0.0	  200.0	    0.0	    0.0	    0.0	    0.0	  100.0	    0.0	    0.0	    0.0	    0.0	    0.0	   12.4	  1	  -50.0	 1550.0	    0.0	    0.0	    0.0	1	   69.0	 21	    0.0	    5.0	
  327	  37.72	    0.0	 1500.0	    0.0	  644.9	 1266.8	    0.0	  200.0	    0.0	    0.0	    0.0	    0.0	  100.0	    0.0	    0.0	    0.0	    0.0	    0.0	   12.4	  1	  -50.0	 1550.0	    0.0	    0.0	    0.0	1	   69.0	 21	    0.0	    5.0	
  328	  37.82	    0.0	 1500.0	    0.0	  644.9	 1266.8	    0.0	  200.0	    0.0	    0.0	    0.0	    0.0	  100.0	    0.0	    0.0	    0.0	    0.0	    0.0	   12.5	  1	  -50.0	 1550.0	    0.0	    0.0	    0.0	1	   69.0	 21	    0.0	    5.0	
  329	  37.92	    0.0	 1500.0	    0.0	  644.9	 1266.8	    0.0	  200.0	    0.0	    0.0	    0.0	    0.0	  100.0	    0.0	    0.0	    0.0	    0.0	    0.0	   12.5	  1	  -50.0	 1550.0	    0.0	    0.0	    0.0	1	   69.0	 21	    0.0	    5.0	
  330	  38.02	    0.0	 1500.0	    0.0	  644.9	 1266.8	    0.0	  200.0	    0.0	    0.0	    0.0	    0.0	  100.0	    0.0	    0.0	    0.0	    0.0	    0.0	   12.5	  1	  -50.0	 1550.0	    0.0	    0.0	    0.0	1	   69.0	 21	    0.0	    5.0	
