    1	   5.55	    0.0	 1500.0	    0.0	    0.0	 1500.0	    0.0	  200.0	    0.0	 1500.0	    0.0	  200.0	  100.0	   99.5	    0.0	    0.0	    0.0	    0.0	    0.1	  1	 -750.0	 1550.0	   99.5	    0.0	    0.0	1	  521.2	 21	    0.0	    8.5	
    2	   5.65	    0.0	 1500.0	    0.0	    0.0	 1500.0	    0.0	  200.0	    0.0	 1500.0	    0.0	  200.0	  100.0	   99.0	    0.0	    0.0	    0.0	    0.0	    0.1	  1	 -750.0	 1550.0	   99.0	    0.0	    0.0	1	  396.0	 21	 1322.3	   12.2	
    3	   5.75	    0.0	 1500.0	    0.0	    0.0	 1500.0	    0.0	  200.0	    0.0	 1500.0	    0.0	  200.0	  100.0	   98.5	    0.0	    0.0	    0.0	    0.0	    0.2	  1	 -750.0	 1550.0	   98.5	    0.0	    0.0	1	  395.6	 21	 1321.9	   12.2	
    4	   5.86	    0.0	 1500.0	    0.0	    0.0	 1500.0	    0.0	  200.0	    0.0	 1500.0	    0.0	  200.0	  100.0	   98.0	    0.0	    0.0	    0.0	    0.0	    0.3	  1	 -750.0	 1550.0	   98.0	    0.0	    0.0	1	  395.1	 21	 1321.5	   12.2	
    5	   5.95	    0.0	 1500.0	    0.0	    0.0	 1500.0	    0.0	  200.0	    0.0	 1500.0	    0.0	  200.0	  100.0	   97.5	    0.0	    0.0	    0.0	    0.0	    0.3	  1	 -750.0	 1550.0	   97.5	    0.0	    0.0	1	  394.7	 21	 1321.2	   12.1	
    6	   6.05	    0.0	 1500.0	    0.0	    0.0	 1500.0	    0.0	  200.0	    0.0	 1500.0	    0.0	  200.0	  100.0	   97.0	    0.0	    0.0	    0.0	    0.0	    0.4	  1	 -750.0	 1550.0	   97.0	    0.0	    0.0	1	  394.2	 21	 1320.8	   12.1	
    7	   6.15	    0.0	 1500.0	    0.0	    0.0	 1500.0	    0.0	  200.0	    0.0	 1500.0	    0.0	  200.0	  100.0	   96.5	    0.0	    0.0	    0.0	    0.0	    0.5	  1	 -750.0	 1550.0	   96.5	    0.0	    0.0	1	  393.8	 21	 1320.4	   12.0	
    8	   6.25	    0.0	 1500.0	    0.0	    0.0	 1500.0	    0.0	  200.0	    0.0	 1500.0	    0.0	  200.0	  100.0	   96.0	    0.0	    0.0	    0.0	    0.0	    0.5	  1	 -750.0	 1550.0	   96.0	    0.0	    0.0	1	  393.3	 21	 1320.0	   12.0	
    9	   6.35	    0.0	 1500.0	    0.0	    0.0	 1500.0	    0.0	  200.0	    0.0	 1500.0	    0.0	  200.0	  100.0	   95.5	    0.0	    0.0	    0.0	    0.0	    0.6	  1	 -750.0	 1550.0	   95.5	    0.0	    0.0	1	  392.8	 21	 1319.7	   12.0	
   10	   6.46	    0.0	 1500.0	    0.0	    0.0	 1500.0	    0.0	  200.0	    0.0	 1500.0	    0.0	  200.0	  100.0	   95.0	    0.0	    0.0	    0.0	    0.0	    0.7	  1	 -750.0	 1550.0	   95.0	    0.0	    0.0	1	  392.4	 21	 1319.3	   11.9	
   11	   6.55	    0.0	 1500.0	    0.0	    0.0	 1500.0	    0.0	  200.0	    0.0	 1500.0	    0.0	  200.0	  100.0	   94.5	    0.0	    0.0	    0.0	    0.0	    0.7	  1	 -750.0	 1550.0	   94.5	    0.0	    0.0	1	  391.9	 21	 1318.9	   11.9	
   12	   6.65	    0.0	 1500.0	    0.0	    0.0	 1500.0	    0.0	  200.0	    0.0	 1500.0	    0.0	  200.0	  100.0	   94.0	    0.0	    0.0	    0.0	    0.0	    0.8	  1	 -750.0	 1550.0	   94.0	    0.0	    0.0	1	  391.5	 21	 1318.6	   11.9	
   13	   6.75	    0.0	 1500.0	    0.0	    0.0	 1500.0	    0.0	  200.0	    0.0	 1500.0	    0.0	  200.0	  100.0	   93.5	    0.0	    0.0	    0.0	    0.0	    0.9	  1	 -750.0	 1550.0	   93.5	    0.0	    0.0	1	  391.0	 21	 1318.2	   11.8	
   14	   6.85	    0.0	 1500.0	    0.0	    0.0	 1500.0	    0.0	  200.0	    0.0	 1500.0	    0.0	  200.0	  100.0	   93.0	    0.0	    0.0	    0.0	    0.0	    0.9	  1	 -750.0	 1550.0	   93.0	    0.0	    0.0	1	  390.6	 21	 1317.8	   11.8	
   15	   6.95	    0.0	 1500.0	    0.0	    0.0	 1500.0	    0.0	  200.0	    0.0	 1500.0	    0.0	  200.0	  100.0	   92.5	    0.0	    0.0	    0.0	    0.0	    1.0	  1	 -750.0	 1550.0	   92.5	    0.0	    0.0	1	  390.1	 21	 1317.5	   11.7	
   16	   7.05	    0.0	 1500.0	    0.0	    0.0	 1500.0	    0.0	  200.0	    0.0	 1500.0	    0.0	  200.0	  100.0	   92.0	    0.0	    0.0	    0.0	    0.0	    1.1	  1	 -750.0	 1550.0	   92.0	    0.0	    0.0	1	  389.7	 21	 1317.1	   11.7	
   17	   7.15	    0.0	 1500.0	    0.0	    0.0	 1500.0	    0.0	  200.0	    0.0	 1500.0	    0.0	  200.0	  100.0	   91.5	    0.0	    0.0	    0.0	    0.0	    1.2	  1	 -750.0	 1550.0	   91.5	    0.0	    0.0	1	  389.2	 21	 1316.7	   11.7	
   18	   7.25	    0.0	 1500.0	    0.0	    0.0	 1500.0	    0.0	  200.0	    0.0	 1500.0	    0.0	  200.0	  100.0	   91.0	    0.0	    0.0	    0.0	    0.0	    1.2	  1	 -750.0	 1550.0	   91.0	    0.0	    0.0	1	  388.7	 21	 1316.4	   11.6	
   19	   7.35	    0.0	 1500.0	    0.0	    0.0	 1500.0	    0.0	  200.0	    0.0	 1500.0	    0.0	  200.0	  100.0	   90.5	    0.0	    0.0	    0.0	    0.0	    1.3	  1	 -750.0	 1550.0	   90.5	    0.0	    0.0	1	  388.3	 21	 1316.0	   11.6	
   20	   7.46	    0.0	 1500.0	    0.0	    0.0	 1500.0	    0.0	  200.0	    0.0	 1500.0	    0.0	  200.0	  100.0	   90.0	    0.0	    0.0	    0.0	    0.0	    1.4	  1	 -750.0	 1550.0	   90.0	    0.0	    0.0	1	  387.8	 21	 1315.6	   11.6	
   21	   7.55	    0.0	 1500.0	    0.0	    0.0	 1500.0	    0.0	  200.0	    0.0	 1500.0	    0.0	  200.0	  100.0	   89.5	    0.0	    0.0	    0.0	    0.0	    1.4	  1	 -750.0	 1550.0	   89.5	    0.0	    0.0	1	  387.4	 21	 1315.3	   11.5	
   22	   7.66	    0.0	 1500.0	    0.0	    0.0	 1500.0	    0.0	  200.0	    0.0	 1500.0	    0.0	  200.0	  100.0	   89.0	    0.0	    0.0	    0.0	    0.0	    1.5	  1	 -750.0	 1550.0	   89.0	    0.0	    0.0	1	  386.9	 21	 1314.9	   11.5	
   23	   7.75	    0.0	 1500.0	    0.0	    0.0	 1500.0	    0.0	  200.0	    0.0	 1500.0	    0.0	  200.0	  100.0	   88.5	    0.0	    0.0	    0.0	    0.0	    1.6	  1	 -750.0	 1550.0	   88.5	    0.0	    0.0	1	  386.4	 21	 1314.5	   11.5	
   24	   7.85	    0.0	 1500.0	    0.0	    0.0	 1500.0	    0.0	  200.0	    0.0	 1500.0	    0.0	  200.0	  100.0	   88.0	    0.0	    0.0	    0.0	    0.0	    1.6	  1	 -750.0	 1550.0	   88.0	    0.0	    0.0	1	  386.0	 21	 1314.1	   11.4	
   25	   7.95	    0.0	 1500.0	    0.0	    0.0	 1500.0	    0.0	  200.0	    0.0	 1500.0	    0.0	  200.0	  100.0	   87.5	    0.0	    0.0	    0.0	    0.0	    1.7	  1	 -750.0	 1550.0	   87.5	    0.0	    0.0	1	  385.5	 21	 1313.8	   11.4	
   26	   8.05	    0.0	 1500.0	    0.0	    0.0	 1500.0	    0.0	  200.0	    0.0	 1500.0	    0.0	  200.0	  100.0	   87.0	    0.0	    0.0	    0.0	    0.0	    1.8	  1	 -750.0	 1550.0	   87.0	    0.0	    0.0	1	  385.1	 21	 1313.4	   11.3	
   27	   8.15	    0.0	 1500.0	    0.0	    0.0	 1500.0	    0.0	  200.0	    0.0	 1500.0	    0.0	  200.0	  100.0	   86.5	    0.0	    0.0	    0.0	    0.0	    1.8	  1	 -750.0	 1550.0	   86.5	    0.0	    0.0	1	  384.6	 21	 1313.0	   11.3	
   28	   8.26	    0.0	 1500.0	    0.0	    0.0	 1500.0	    0.0	  200.0	    0.0	 1500.0	    0.0	  200.0	  100.0	   86.0	    0.0	    0.0	    0.0	    0.0	    1.9	  1	 -750.0	 1550.0	   86.0	    0.0	    0.0	1	  384.1	 21	 1312.7	   11.3	
   29	   8.35	    0.0	 1500.0	    0.0	    0.0	 1500.0	    0.0	  200.0	    0.0	 1500.0	    0.0	  200.0	  100.0	   85.5	    0.0	    0.0	    0.0	    0.0	    2.0	  1	 -750.0	 1550.0	   85.5	    0.0	    0.0	1	  383.7	 21	 1312.3	   11.2	
   30	   8.46	    0.0	 1500.0	    0.0	    0.0	 1500.0	    0.0	  200.0	    0.0	 1500.0	    0.0	  200.0	  100.0	   85.0	    0.0	    0.0	    0.0	    0.0	    2.0	  1	 -750.0	 1550.0	   85.0	    0.0	    0.0	1	  383.2	 21	 1311.9	   11.2	
   31	   8.55	    0.0	 1500.0	    0.0	    0.0	 1500.0	    0.0	  200.0	    0.0	 1500.0	    0.0	  200.0	  100.0	   84.5	    0.0	    0.0	    0.0	    0.0	    2.1	  1	 -750.0	 1550.0	   84.5	    0.0	    0.0	1	  382.7	 21	 1311.6	   11.2	
   32	   8.65	    0.0	 1500.0	    0.0	    0.0	 1500.0	    0.0	  200.0	    0.0	 1500.0	    0.0	  200.0	  100.0	   84.0	    0.0	    0.0	    0.0	    0.0	    2.2	  1	 -750.0	 1550.0	   84.0	    0.0	    0.0	1	  382.3	 21	 1311.2	   11.1	
   33	   8.75	    0.0	 1500.0	    0.0	    0.0	 1500.0	    0.0	  200.0	    0.0	 1500.0	    0.0	  200.0	  100.0	   83.5	    0.0	    0.0	    0.0	    0.0	    2.2	  1	 -750.0	 1550.0	   83.5	    0.0	    0.0	1	  381.8	 21	 1310.8	   11.1	
   34	   8.86	    0.0	 1500.0	    0.0	    0.0	 1500.0	    0.0	  200.0	    0.0	 1500.0	    0.0	  200.0	  100.0	   83.0	    0.0	    0.0	    0.0	    0.0	    2.3	  1	 -750.0	 1550.0	   83.0	    0.0	    0.0	1	  381.3	 21	 1310.5	   11.0	
   35	   8.95	    0.0	 1500.0	    0.0	    0.0	 1500.0	    0.0	  200.0	    0.0	 1500.0	    0.0	  200.0	  100.0	   82.5	    0.0	    0.0	    0.0	    0.0	    2.4	  1	 -750.0	 1550.0	   82.5	    0.0	    0.0	1	  380.9	 21	 1310.1	   11.0	
   36	   9.06	    0.0	 1500.0	    0.0	    0.0	 1500.0	    0.0	  200.0	    0.0	 1500.0	    0.0	  200.0	  100.0	   82.0	    0.0	    0.0	    0.0	    0.0	    2.4	  1	 -750.0	 1550.0	   82.0	    0.0	    0.0	1	  380.4	 21	 1309.7	   11.0	
   37	   9.15	    0.0	 1500.0	    0.0	    0.0	 1500.0	    0.0	  200.0	    0.0	 1500.0	    0.0	  200.0	  100.0	   81.5	    0.0	    0.0	    0.0	    0.0	    2.5	  1	 -750.0	 1550.0	   81.5	    0.0	    0.0	1	  379.9	 21	 1309.4	   10.9	
   38	   9.26	    0.0	 1500.0	    0.0	    0.0	 1500.0	    0.0	  200.0	    0.0	 1500.0	    0.0	  200.0	  100.0	   81.0	    0.0	    0.0	    0.0	    0.0	    2.6	  1	 -750.0	 1550.0	   81.0	    0.0	    0.0	1	  379.5	 21	 1309.0	   10.9	
   39	   9.36	    0.0	 1500.0	    0.0	    0.0	 1500.0	    0.0	  200.0	    0.0	 1500.0	    0.0	  200.0	  100.0	   80.5	    0.0	    0.0	    0.0	    0.0	    2.6	  1	 -750.0	 1550.0	   80.5	    0.0	    0.0	1	  379.0	 21	 1308.6	   10.9	
   40	   9.45	    0.0	 1500.0	    0.0	    0.0	 1500.0	    0.0	  200.0	    0.0	 1500.0	    0.0	  200.0	  100.0	   80.0	    0.0	    0.0	    0.0	    0.0	    2.7	  1	 -750.0	 1550.0	   80.0	    0.0	    0.0	1	  378.5	 21	 1308.3	   10.8	
   41	   9.55	    0.0	 1500.0	    0.0	    0.0	 1500.0	    0.0	  200.0	    0.0	 1500.0	    0.0	  200.0	  100.0	   79.5	    0.0	    0.0	    0.0	    0.0	    2.8	  1	 -750.0	 1550.0	   79.5	    0.0	    0.0	1	  378.1	 21	 1307.9	   10.8	
   42	   9.65	    0.0	 1500.0	    0.0	    0.0	 1500.0	    0.0	  200.0	    0.0	 1500.0	    0.0	  200.0	  100.0	   79.0	    0.0	    0.0	    0.0	    0.0	    2.8	  1	 -750.0	 1550.0	   79.0	    0.0	    0.0	1	  377.6	 21	 1307.5	   10.8	
   43	   9.75	    0.0	 1500.0	    0.0	    0.0	 1500.0	    0.0	  200.0	    0.0	 1500.0	    0.0	  200.0	  100.0	   78.5	    0.0	    0.0	    0.0	    0.0	    2.9	  1	 -750.0	 1550.0	   78.5	    0.0	    0.0	1	  377.1	 21	 1307.1	   10.7	
   44	   9.86	    0.0	 1500.0	    0.0	    0.0	 1500.0	    0.0	  200.0	    0.0	 1500.0	    0.0	  200.0	  100.0	   78.0	    0.0	    0.0	    0.0	    0.0	    3.0	  1	 -750.0	 1550.0	   78.0	    0.0	    0.0	1	  376.7	 21	 1306.8	   10.7	
   45	   9.95	    0.0	 1500.0	    0.0	    0.0	 1500.0	    0.0	  200.0	    0.0	 1500.0	    0.0	  200.0	  100.0	   77.5	    0.0	    0.0	    0.0	    0.0	    3.1	  1	 -750.0	 1550.0	   77.5	    0.0	    0.0	1	  376.2	 21	 1306.4	   10.6	
   46	  10.05	    0.0	 1500.0	    0.0	    0.0	 1500.0	    0.0	  200.0	    0.0	 1500.0	    0.0	  200.0	  100.0	   77.0	    0.0	    0.0	    0.0	    0.0	    3.1	  1	 -750.0	 1550.0	   77.0	    0.0	    0.0	1	  375.7	 21	 1306.0	   10.6	
   47	  10.15	    0.0	 1500.0	    0.0	    0.0	 1500.0	    0.0	  200.0	    0.0	 1500.0	    0.0	  200.0	  100.0	   76.5	    0.0	    0.0	    0.0	    0.0	    3.2	  1	 -750.0	 1550.0	   76.5	    0.0	    0.0	1	  375.2	 21	 1305.7	   10.6	
   48	  10.26	    0.0	 1500.0	    0.0	    0.0	 1500.0	    0.0	  200.0	    0.0	 1500.0	    0.0	  200.0	  100.0	   76.0	    0.0	    0.0	    0.0	    0.0	    3.3	  1	 -750.0	 1550.0	   76.0	    0.0	    0.0	1	  374.8	 21	 1305.3	   10.5	
   49	  10.35	    0.0	 1500.0	    0.0	    0.0	 1500.0	    0.0	  200.0	    0.0	 1500.0	    0.0	  200.0	  100.0	   75.5	    0.0	    0.0	    0.0	    0.0	    3.3	  1	 -750.0	 1550.0	   75.5	    0.0	    0.0	1	  374.3	 21	 1304.9	   10.5	
   50	  10.46	    0.0	 1500.0	    0.0	    0.0	 1500.0	    0.0	  200.0	    0.0	 1500.0	    0.0	  200.0	  100.0	   75.0	    0.0	    0.0	    0.0	    0.0	    3.4	  1	 -750.0	 1550.0	   75.0	    0.0	    0.0	1	  373.8	 21	 1304.6	   10.5	
   51	  10.55	    0.0	 1500.0	    0.0	    0.0	 1500.0	    0.0	  200.0	    0.0	 1500.0	    0.0	  200.0	  100.0	   74.5	    0.0	    0.0	    0.0	    0.0	    3.5	  1	 -750.0	 1550.0	   74.5	    0.0	    0.0	1	  373.4	 21	 1304.2	   10.4	
   52	  10.65	    0.0	 1500.0	    0.0	    0.0	 1500.0	    0.0	  200.0	    0.0	 1500.0	    0.0	  200.0	  100.0	   74.0	    0.0	    0.0	    0.0	    0.0	    3.5	  1	 -750.0	 1550.0	   74.0	    0.0	    0.0	1	  372.9	 21	 1303.8	   10.4	
   53	  10.75	    0.0	 1500.0	    0.0	    0.0	 1500.0	    0.0	  200.0	    0.0	 1500.0	    0.0	  200.0	  100.0	   73.5	    0.0	    0.0	    0.0	    0.0	    3.6	  1	 -750.0	 1550.0	   73.5	    0.0	    0.0	1	  372.4	 21	 1303.5	   10.3	
   54	  10.85	    0.0	 1500.0	    0.0	    0.0	 1500.0	    0.0	  200.0	    0.0	 1500.0	    0.0	  200.0	  100.0	   73.0	    0.0	    0.0	    0.0	    0.0	    3.7	  1	 -750.0	 1550.0	   73.0	    0.0	    0.0	1	  371.9	 21	 1303.1	   10.3	
   55	  10.95	    0.0	 1500.0	    0.0	    0.0	 1500.0	    0.0	  200.0	    0.0	 1500.0	    0.0	  200.0	  100.0	   72.5	    0.0	    0.0	    0.0	    0.0	    3.7	  1	 -750.0	 1550.0	   72.5	    0.0	    0.0	1	  371.5	 21	 1302.7	   10.3	
   56	  11.05	    0.0	 1500.0	    0.0	    0.0	 1500.0	    0.0	  200.0	    0.0	 1500.0	    0.0	  200.0	  100.0	   72.0	    0.0	    0.0	    0.0	    0.0	    3.8	  1	 -750.0	 1550.0	   72.0	    0.0	    0.0	1	  371.0	 21	 1302.4	   10.2	
   57	  11.15	    0.0	 1500.0	    0.0	    0.0	 1500.0	    0.0	  200.0	    0.0	 1500.0	    0.0	  200.0	  100.0	   71.5	    0.0	    0.0	    0.0	    0.0	    3.9	  1	 -750.0	 1550.0	   71.5	    0.0	    0.0	1	  370.5	 21	 1302.0	   10.2	
   58	  11.25	    0.0	 1500.0	    0.0	    0.0	 1500.0	    0.0	  200.0	    0.0	 1500.0	    0.0	  200.0	  100.0	   71.0	    0.0	    0.0	    0.0	    0.0	    3.9	  1	 -750.0	 1550.0	   71.0	    0.0	    0.0	1	  370.0	 21	 1301.6	   10.2	
   59	  11.35	    0.0	 1500.0	    0.0	    0.0	 1500.0	    0.0	  200.0	    0.0	 1500.0	    0.0	  200.0	  100.0	   70.5	    0.0	    0.0	    0.0	    0.0	    4.0	  1	 -750.0	 1550.0	   70.5	    0.0	    0.0	1	  369.6	 21	 1301.2	   10.1	
   60	  11.45	    0.0	 1500.0	    0.0	    0.0	 1500.0	    0.0	  200.0	    0.0	 1500.0	    0.0	  200.0	  100.0	   70.0	    0.0	    0.0	    0.0	    0.0	    4.1	  1	 -750.0	 1550.0	   70.0	    0.0	    0.0	1	  369.1	 21	 1300.9	   10.1	
   61	  11.55	    0.0	 1500.0	    0.0	    0.0	 1500.0	    0.0	  200.0	    0.0	 1500.0	    0.0	  200.0	  100.0	   69.5	    0.0	    0.0	    0.0	    0.0	    4.1	  1	 -750.0	 1550.0	   69.5	    0.0	    0.0	1	  368.6	 21	 1300.5	   10.1	
   62	  11.65	    0.0	 1500.0	    0.0	    0.0	 1500.0	    0.0	  200.0	    0.0	 1500.0	    0.0	  200.0	  100.0	   69.0	    0.0	    0.0	    0.0	    0.0	    4.2	  1	 -750.0	 1550.0	   69.0	    0.0	    0.0	1	  368.1	 21	 1300.1	   10.0	
   63	  11.75	    0.0	 1500.0	    0.0	    0.0	 1500.0	    0.0	  200.0	    0.0	 1500.0	    0.0	  200.0	  100.0	   68.5	    0.0	    0.0	    0.0	    0.0	    4.3	  1	 -750.0	 1550.0	   68.5	    0.0	    0.0	1	  367.7	 21	    0.0	   10.0	
   64	  11.86	    0.0	 1500.0	    0.0	    0.0	 1500.0	    0.0	  200.0	    0.0	 1500.0	    0.0	  200.0	  100.0	   68.0	    0.0	    0.0	    0.0	    0.0	    4.3	  1	 -750.0	 1550.0	   68.0	    0.0	    0.0	1	  367.2	 21	    0.0	    9.9	
   65	  11.95	    0.0	 1500.0	    0.0	    0.0	 1500.0	    0.0	  200.0	    0.0	 1500.0	    0.0	  200.0	  100.0	   67.5	    0.0	    0.0	    0.0	    0.0	    4.4	  1	 -750.0	 1550.0	   67.5	    0.0	    0.0	1	  366.7	 21	    0.0	    9.9	
   66	  12.05	    0.0	 1500.0	    0.0	    0.0	 1500.0	    0.0	  200.0	    0.0	 1500.0	    0.0	  200.0	  100.0	   67.0	    0.0	    0.0	    0.0	    0.0	    4.5	  1	 -750.0	 1550.0	   67.0	    0.0	    0.0	1	  366.2	 21	    0.0	    9.9	
   67	  12.15	    0.0	 1500.0	    0.0	    0.0	 1500.0	    0.0	  200.0	    0.0	 1500.0	    0.0	  200.0	  100.0	   66.5	    0.0	    0.0	    0.0	    0.0	    4.5	  1	 -750.0	 1550.0	   66.5	    0.0	    0.0	1	  365.7	 21	    0.0	    9.8	
   68	  12.26	    0.0	 1500.0	    0.0	    0.0	 1500.0	    0.0	  200.0	    0.0	 1500.0	    0.0	  200.0	  100.0	   66.0	    0.0	    0.0	    0.0	    0.0	    4.6	  1	 -750.0	 1550.0	   66.0	    0.0	    0.0	1	  365.3	 21	    0.0	    9.8	
   69	  12.35	    0.0	 1500.0	    0.0	    0.0	 1500.0	    0.0	  200.0	    0.0	 1500.0	    0.0	  200.0	  100.0	   65.5	    0.0	    0.0	    0.0	    0.0	    4.7	  1	 -750.0	 1550.0	   65.5	    0.0	    0.0	1	  364.8	 21	    0.0	    9.8	
   70	  12.45	    0.0	 1500.0	    0.0	    0.0	 1500.0	    0.0	  200.0	    0.0	 1500.0	    0.0	  200.0	  100.0	   65.0	    0.0	    0.0	    0.0	    0.0	    4.7	  1	 -750.0	 1550.0	   65.0	    0.0	    0.0	1	  364.3	 21	    0.0	    9.7	
   71	  12.55	    0.0	 1500.0	    0.0	    0.0	 1500.0	    0.0	  200.0	    0.0	 1500.0	    0.0	  200.0	  100.0	   64.5	    0.0	    0.0	    0.0	    0.0	    4.8	  1	 -750.0	 1550.0	   64.5	    0.0	    0.0	1	  363.8	 21	    0.0	    9.7	
   72	  12.65	    0.0	 1500.0	    0.0	    0.0	 1500.0	    0.0	  200.0	    0.0	 1500.0	    0.0	  200.0	  100.0	   64.0	    0.0	    0.0	    0.0	    0.0	    4.9	  1	 -750.0	 1550.0	   64.0	    0.0	    0.0	1	  363.4	 21	    0.0	    9.6	
   73	  12.75	    0.0	 1500.0	    0.0	    0.0	 1500.0	    0.0	  200.0	    0.0	 1500.0	    0.0	  200.0	  100.0	   63.5	    0.0	    0.0	    0.0	    0.0	    5.0	  1	 -750.0	 1550.0	   63.5	    0.0	    0.0	1	  362.9	 21	    0.0	    9.6	
   74	  12.85	    0.0	 1500.0	    0.0	    0.0	 1500.0	    0.0	  200.0	    0.0	 1500.0	    0.0	  200.0	  100.0	   63.0	    0.0	    0.0	    0.0	    0.0	    5.0	  1	 -750.0	 1550.0	   63.0	    0.0	    0.0	1	  362.4	 21	    0.0	    9.6	
   75	  12.95	    0.0	 1500.0	    0.0	    0.0	 1500.0	    0.0	  200.0	    0.0	 1500.0	    0.0	  200.0	  100.0	   62.5	    0.0	    0.0	    0.0	    0.0	    5.1	  1	 -750.0	 1550.0	   62.5	    0.0	    0.0	1	  361.9	 21	    0.0	    9.5	
   76	  13.05	    0.0	 1500.0	    0.0	    0.0	 1500.0	    0.0	  200.0	    0.0	 1500.0	    0.0	  200.0	  100.0	   62.0	    0.0	    0.0	    0.0	    0.0	    5.2	  1	 -750.0	 1550.0	   62.0	    0.0	    0.0	1	  361.4	 21	    0.0	    9.5	
   77	  13.15	    0.0	 1500.0	    0.0	    0.0	 1500.0	    0.0	  200.0	    0.0	 1500.0	    0.0	  200.0	  100.0	   61.5	    0.0	    0.0	    0.0	    0.0	    5.2	  1	 -750.0	 1550.0	   61.5	    0.0	    0.0	1	  360.9	 21	    0.0	    9.5	
   78	  13.25	    0.0	 1500.0	    0.0	    0.0	 1500.0	    0.0	  200.0	    0.0	 1500.0	    0.0	  200.0	  100.0	   61.0	    0.0	    0.0	    0.0	    0.0	    5.3	  1	 -750.0	 1550.0	   61.0	    0.0	    0.0	1	  360.5	 21	    0.0	    9.4	
   79	  13.36	    0.0	 1500.0	    0.0	    0.0	 1500.0	    0.0	  200.0	    0.0	 1500.0	    0.0	  200.0	  100.0	   60.5	    0.0	    0.0	    0.0	    0.0	    5.4	  1	 -750.0	 1550.0	   60.5	    0.0	    0.0	1	  360.0	 21	    0.0	    9.4	
   80	  13.45	    0.0	 1500.0	    0.0	    0.0	 1500.0	    0.0	  200.0	    0.0	 1500.0	    0.0	  200.0	  100.0	   60.0	    0.0	    0.0	    0.0	    0.0	    5.4	  1	 -750.0	 1550.0	   60.0	    0.0	    0.0	1	  359.5	 21	    0.0	    9.4	
   81	  13.55	    0.0	 1500.0	    0.0	    0.0	 1500.0	    0.0	  200.0	    0.0	 1500.0	    0.0	  200.0	  100.0	   59.5	    0.0	    0.0	    0.0	    0.0	    5.5	  1	 -750.0	 1550.0	   59.5	    0.0	    0.0	1	  359.0	 21	    0.0	    9.3	
   82	  13.65	    0.0	 1500.0	    0.0	    0.0	 1500.0	    0.0	  200.0	    0.0	 1500.0	    0.0	  200.0	  100.0	   59.0	    0.0	    0.0	    0.0	    0.0	    5.6	  1	 -750.0	 1550.0	   59.0	    0.0	    0.0	1	  358.5	 21	    0.0	    9.3	
   83	  13.76	    0.0	 1500.0	    0.0	    0.0	 1500.0	    0.0	  200.0	    0.0	 1500.0	    0.0	  200.0	  100.0	   58.5	    0.0	    0.0	    0.0	    0.0	    5.6	  1	 -750.0	 1550.0	   58.5	    0.0	    0.0	1	  358.0	 21	    0.0	    9.2	
   84	  13.85	    0.0	 1500.0	    0.0	    0.0	 1500.0	    0.0	  200.0	    0.0	 1500.0	    0.0	  200.0	  100.0	   58.0	    0.0	    0.0	    0.0	    0.0	    5.7	  1	 -750.0	 1550.0	   58.0	    0.0	    0.0	1	  357.6	 21	    0.0	    9.2	
   85	  13.96	    0.0	 1500.0	    0.0	    0.0	 1500.0	    0.0	  200.0	    0.0	 1500.0	    0.0	  200.0	  100.0	   57.5	    0.0	    0.0	    0.0	    0.0	    5.8	  1	 -750.0	 1550.0	   57.5	    0.0	    0.0	1	  357.1	 21	    0.0	    9.2	
   86	  14.06	    0.0	 1500.0	    0.0	    0.0	 1500.0	    0.0	  200.0	    0.0	 1500.0	    0.0	  200.0	  100.0	   57.0	    0.0	    0.0	    0.0	    0.0	    5.8	  1	 -750.0	 1550.0	   57.0	    0.0	    0.0	1	  356.6	 21	    0.0	    9.1	
   87	  14.15	    0.0	 1500.0	    0.0	    0.0	 1500.0	    0.0	  200.0	    0.0	 1500.0	    0.0	  200.0	  100.0	   56.5	    0.0	    0.0	    0.0	    0.0	    5.9	  1	 -750.0	 1550.0	   56.5	    0.0	    0.0	1	  356.1	 21	    0.0	    9.1	
   88	  14.25	    0.0	 1500.0	    0.0	    0.0	 1500.0	    0.0	  200.0	    0.0	 1500.0	    0.0	  200.0	  100.0	   56.0	    0.0	    0.0	    0.0	    0.0	    6.0	  1	 -750.0	 1550.0	   56.0	    0.0	    0.0	1	  355.6	 21	    0.0	    9.1	
   89	  14.35	    0.0	 1500.0	    0.0	    0.0	 1500.0	    0.0	  200.0	    0.0	 1500.0	    0.0	  200.0	  100.0	   55.5	    0.0	    0.0	    0.0	    0.0	    6.0	  1	 -750.0	 1550.0	   55.5	    0.0	    0.0	1	  355.1	 21	    0.0	    9.0	
   90	  14.45	    0.0	 1500.0	    0.0	    0.0	 1500.0	    0.0	  200.0	    0.0	 1500.0	    0.0	  200.0	  100.0	   55.0	    0.0	    0.0	    0.0	    0.0	    6.1	  1	 -750.0	 1550.0	   55.0	    0.0	    0.0	1	  354.7	 21	    0.0	    9.0	
   91	  14.56	    0.0	 1500.0	    0.0	  571.5	 1780.5	    0.0	  200.0	    0.0	 1500.0	    0.0	  200.0	  100.0	   54.5	    0.0	    0.0	    0.0	    0.1	    6.2	  1	  750.0	 2150.0	   54.5	    0.0	    0.1	1	  400.1	 21	 1209.0	 -191.0	
   92	  14.65	    0.0	 1500.0	    0.0	  571.5	 1780.5	    0.0	  200.0	    0.0	 1500.0	    0.0	  200.0	  100.0	   54.0	    0.0	    0.0	    0.0	    0.2	    6.2	  1	  750.0	 1450.0	   54.0	    0.0	    0.2	1	  299.8	 21	 1364.0	   16.4	
   93	  14.76	    0.0	 1500.0	    0.0	  571.5	 1780.5	    0.0	  200.0	    0.0	 1500.0	    0.0	  200.0	  100.0	   53.5	    0.0	    0.0	    0.0	    0.3	    6.3	  1	  750.0	 1450.0	   53.5	    0.0	    0.3	1	  299.8	 21	 1363.1	   16.3	
   94	  14.85	    0.0	 1500.0	    0.0	  568.6	 1778.9	    0.0	  200.0	    0.0	 1500.0	    0.0	  200.0	  100.0	   53.0	    0.0	    0.0	    0.0	    0.4	    6.4	  1	  750.0	 1450.0	   53.0	    0.0	    0.4	1	  299.8	 21	 1362.3	   16.2	
   95	  14.96	    0.0	 1500.0	    0.0	  568.6	 1778.9	    0.0	  200.0	    0.0	 1500.0	    0.0	  200.0	  100.0	   52.5	    0.0	    0.0	    0.0	    0.5	    6.4	  1	  750.0	 1450.0	   52.5	    0.0	    0.5	1	  299.8	 21	 1361.4	   16.1	
   96	  15.05	    0.0	 1500.0	    0.0	  566.7	 1778.7	    0.0	  200.0	    0.0	 1500.0	    0.0	  200.0	  100.0	   52.0	    0.0	    0.0	    0.0	    0.6	    6.5	  1	  750.0	 1450.0	   52.0	    0.0	    0.6	1	  299.8	 21	 1360.6	   16.1	
   97	  15.15	    0.0	 1500.0	    0.0	  566.7	 1778.7	    0.0	  200.0	    0.0	 1500.0	    0.0	  200.0	  100.0	   51.5	    0.0	    0.0	    0.0	    0.7	    6.6	  1	  750.0	 1450.0	   51.5	    0.0	    0.7	1	  299.8	 21	 1359.7	   16.0	
   98	  15.26	    0.0	 1500.0	    0.0	  566.7	 1778.7	    0.0	  200.0	    0.0	 1500.0	    0.0	  200.0	  100.0	   51.0	    0.0	    0.0	    0.0	    0.9	    6.6	  1	  750.0	 1450.0	   51.0	    0.0	    0.9	1	  299.8	 21	 1358.9	   15.9	
   99	  15.35	    0.0	 1500.0	    0.0	  566.7	 1778.7	    0.0	  200.0	    0.0	 1500.0	    0.0	  200.0	  100.0	   50.5	    0.0	    0.0	    0.0	    1.0	    6.7	  1	  750.0	 1450.0	   50.5	    0.0	    1.0	1	  299.8	 21	 1358.0	   15.8	
  100	  15.46	    0.0	 1500.0	    0.0	  566.7	 1778.7	    0.0	  200.0	    0.0	 1500.0	    0.0	  200.0	  100.0	   50.0	    0.0	    0.0	    0.0	    1.1	    6.8	  1	  750.0	 1450.0	   50.0	    0.0	    1.1	1	  299.8	 21	 1357.2	   15.7	
  101	  15.55	    0.0	 1500.0	    0.0	  565.8	 1778.6	    0.0	  200.0	    0.0	 1500.0	    0.0	  200.0	  100.0	   49.5	    0.0	    0.0	    0.0	    1.2	    6.9	  1	  750.0	 1450.0	   49.5	    0.0	    1.2	1	  299.8	 21	 1356.3	   15.6	
  102	  15.65	    0.0	 1500.0	    0.0	  564.8	 1778.6	    0.0	  200.0	    0.0	 1500.0	    0.0	  200.0	  100.0	   49.0	    0.0	    0.0	    0.0	    1.3	    6.9	  1	  750.0	 1450.0	   49.0	    0.0	    1.3	1	  299.8	 21	 1355.5	   15.6	
  103	  15.76	    0.0	 1500.0	    0.0	  565.8	 1778.6	    0.0	  200.0	    0.0	 1500.0	    0.0	  200.0	  100.0	   48.5	    0.0	    0.0	    0.0	    1.4	    7.0	  1	  750.0	 1450.0	   48.5	    0.0	    1.4	1	  299.8	 21	 1354.7	   15.5	
  104	  15.85	    0.0	 1500.0	    0.0	  564.8	 1778.6	    0.0	  200.0	    0.0	 1500.0	    0.0	  200.0	  100.0	   48.0	    0.0	    0.0	    0.0	    1.5	    7.1	  1	  750.0	 1450.0	   48.0	    0.0	    1.5	1	  299.8	 21	 1353.9	   15.4	
  105	  15.95	    0.0	 1500.0	    0.0	  564.8	 1778.6	    0.0	  200.0	    0.0	 1500.0	    0.0	  200.0	  100.0	   47.5	    0.0	    0.0	    0.0	    1.6	    7.1	  1	  750.0	 1450.0	   47.5	    0.0	    1.6	1	  299.8	 21	 1353.1	   15.3	
  106	  16.05	    0.0	 1500.0	    0.0	  564.8	 1778.6	    0.0	  200.0	    0.0	 1500.0	    0.0	  200.0	  100.0	   47.0	    0.0	    0.0	    0.0	    1.7	    7.2	  1	  750.0	 1450.0	   47.0	    0.0	    1.7	1	  299.8	 21	 1352.3	   15.2	
  107	  16.16	    0.0	 1500.0	    0.0	  564.8	 1778.6	    0.0	  200.0	    0.0	 1500.0	    0.0	  200.0	  100.0	   46.5	    0.0	    0.0	    0.0	    1.8	    7.3	  1	  750.0	 1450.0	   46.5	    0.0	    1.8	1	  299.8	 21	 1351.5	   15.2	
  108	  16.25	    0.0	 1500.0	    0.0	  564.8	 1778.6	    0.0	  200.0	    0.0	 1500.0	    0.0	  200.0	  100.0	   46.0	    0.0	    0.0	    0.0	    1.9	    7.3	  1	  750.0	 1450.0	   46.0	    0.0	    1.9	1	  299.8	 21	 1350.7	   15.1	
  109	  16.36	    0.0	 1500.0	    0.0	  565.8	 1778.6	    0.0	  200.0	    0.0	 1500.0	    0.0	  200.0	  100.0	   45.5	    0.0	    0.0	    0.0	    2.0	    7.4	  1	  750.0	 1450.0	   45.5	    0.0	    2.0	1	  299.8	 21	 1349.9	   15.0	
  110	  16.45	    0.0	 1500.0	    0.0	  564.8	 1778.6	    0.0	  200.0	    0.0	 1500.0	    0.0	  200.0	  100.0	   45.0	    0.0	    0.0	    0.0	    2.1	    7.5	  1	  750.0	 1450.0	   45.0	    0.0	    2.1	1	  299.8	 21	 1349.2	   14.9	
  111	  16.55	    0.0	 1500.0	    0.0	  564.8	 1778.6	    0.0	  200.0	    0.0	 1500.0	    0.0	  200.0	  100.0	   44.5	    0.0	    0.0	    0.0	    2.2	    7.5	  1	  750.0	 1450.0	   44.5	    0.0	    2.2	1	  299.8	 21	 1348.4	   14.8	
  112	  16.65	    0.0	 1500.0	    0.0	  562.0	 1778.3	    0.0	  200.0	    0.0	 1500.0	    0.0	  200.0	  100.0	   44.0	    0.0	    0.0	    0.0	    2.3	    7.6	  1	  750.0	 1450.0	   44.0	    0.0	    2.3	1	  299.8	 21	 1347.8	   14.8	
  113	  16.75	    0.0	 1500.0	    0.0	  564.8	 1778.6	    0.0	  200.0	    0.0	 1500.0	    0.0	  200.0	  100.0	   43.5	    0.0	    0.0	    0.0	    2.4	    7.7	  1	  750.0	 1450.0	   43.5	    0.0	    2.4	1	  299.8	 21	 1347.0	   14.7	
  114	  16.85	    0.0	 1500.0	    0.0	  562.0	 1778.3	    0.0	  200.0	    0.0	 1500.0	    0.0	  200.0	  100.0	   43.0	    0.0	    0.0	    0.0	    2.5	    7.7	  1	  750.0	 1450.0	   43.0	    0.0	    2.5	1	  299.8	 21	 1346.3	   14.6	
  115	  16.95	    0.0	 1500.0	    0.0	  562.0	 1778.3	    0.0	  200.0	    0.0	 1500.0	    0.0	  200.0	  100.0	   42.5	    0.0	    0.0	    0.0	    2.6	    7.8	  1	  750.0	 1450.0	   42.5	    0.0	    2.6	1	  299.8	 21	 1345.6	   14.6	
  116	  17.06	    0.0	 1500.0	    0.0	  562.0	 1778.3	    0.0	  200.0	    0.0	 1500.0	    0.0	  200.0	  100.0	   42.0	    0.0	    0.0	    0.0	    2.8	    7.9	  1	  750.0	 1450.0	   42.0	    0.0	    2.8	1	  299.8	 21	 1344.9	   14.5	
  117	  17.16	    0.0	 1500.0	    0.0	  562.0	 1778.3	    0.0	  200.0	    0.0	 1500.0	    0.0	  200.0	  100.0	   41.5	    0.0	    0.0	    0.0	    2.9	    7.9	  1	  750.0	 1450.0	   41.5	    0.0	    2.9	1	  299.8	 21	 1344.2	   14.4	
  118	  17.25	    0.0	 1500.0	    0.0	  562.0	 1778.3	    0.0	  200.0	    0.0	 1500.0	    0.0	  200.0	  100.0	   41.0	    0.0	    0.0	    0.0	    3.0	    8.0	  1	  750.0	 1450.0	   41.0	    0.0	    3.0	1	  299.8	 21	 1343.5	   14.4	
  119	  17.35	    0.0	 1500.0	    0.0	  562.0	 1778.3	    0.0	  200.0	    0.0	 1500.0	    0.0	  200.0	  100.0	   40.5	    0.0	    0.0	    0.0	    3.1	    8.1	  1	  750.0	 1450.0	   40.5	    0.0	    3.1	1	  299.8	 21	 1342.9	   14.3	
  120	  17.45	    0.0	 1500.0	    0.0	  562.0	 1778.3	    0.0	  200.0	    0.0	 1500.0	    0.0	  200.0	  100.0	   40.0	    0.0	    0.0	    0.0	    3.2	    8.1	  1	  750.0	 1450.0	   40.0	    0.0	    3.2	1	  299.8	 21	 1342.2	   14.2	
  121	  17.55	    0.0	 1500.0	    0.0	  560.6	 1773.2	    0.0	  200.0	    0.0	 1500.0	    0.0	  200.0	  100.0	   39.5	    0.0	    0.0	    0.0	    3.3	    8.2	  1	  750.0	 1450.0	   39.5	    0.0	    3.3	1	  299.8	 21	 1341.7	   14.2	
  122	  17.65	    0.0	 1500.0	    0.0	  560.6	 1773.2	    0.0	  200.0	    0.0	 1500.0	    0.0	  200.0	  100.0	   39.0	    0.0	    0.0	    0.0	    3.4	    8.3	  1	  750.0	 1450.0	   39.0	    0.0	    3.4	1	  299.8	 21	 1341.0	   14.1	
  123	  17.75	    0.0	 1500.0	    0.0	  560.6	 1773.2	    0.0	  200.0	    0.0	 1500.0	    0.0	  200.0	  100.0	   38.5	    0.0	    0.0	    0.0	    3.5	    8.3	  1	  750.0	 1450.0	   38.5	    0.0	    3.5	1	  299.8	 21	 1340.4	   14.0	
  124	  17.86	    0.0	 1500.0	    0.0	  560.6	 1773.2	    0.0	  200.0	    0.0	 1500.0	    0.0	  200.0	  100.0	   38.0	    0.0	    0.0	    0.0	    3.6	    8.4	  1	  750.0	 1450.0	   38.0	    0.0	    3.6	1	  299.8	 21	 1339.8	   14.0	
  125	  17.95	    0.0	 1500.0	    0.0	  561.0	 1774.5	    0.0	  200.0	    0.0	 1500.0	    0.0	  200.0	  100.0	   37.5	    0.0	    0.0	    0.0	    3.7	    8.5	  1	  750.0	 1450.0	   37.5	    0.0	    3.7	1	  299.8	 21	 1339.2	   13.9	
  126	  18.06	    0.0	 1500.0	    0.0	  561.0	 1774.5	    0.0	  200.0	    0.0	 1500.0	    0.0	  200.0	  100.0	   37.0	    0.0	    0.0	    0.0	    3.8	    8.5	  1	  750.0	 1450.0	   37.0	    0.0	    3.8	1	  299.8	 21	 1338.6	   13.9	
  127	  18.15	    0.0	 1500.0	    0.0	  561.0	 1774.5	    0.0	  200.0	    0.0	 1500.0	    0.0	  200.0	  100.0	   36.5	    0.0	    0.0	    0.0	    3.9	    8.6	  1	  750.0	 1450.0	   36.5	    0.0	    3.9	1	  299.8	 21	 1338.1	   13.8	
  128	  18.25	    0.0	 1500.0	    0.0	  561.0	 1774.5	    0.0	  200.0	    0.0	 1500.0	    0.0	  200.0	  100.0	   36.0	    0.0	    0.0	    0.0	    4.0	    8.7	  1	  750.0	 1450.0	   36.0	    0.0	    4.0	1	  299.8	 21	 1337.5	   13.8	
  129	  18.35	    0.0	 1500.0	    0.0	  561.0	 1774.5	    0.0	  200.0	    0.0	 1500.0	    0.0	  200.0	  100.0	   35.5	    0.0	    0.0	    0.0	    4.1	    8.8	  1	  750.0	 1450.0	   35.5	    0.0	    4.1	1	  299.8	 21	 1337.0	   13.7	
  130	  18.45	    0.0	 1500.0	    0.0	  561.0	 1774.5	    0.0	  200.0	    0.0	 1500.0	    0.0	  200.0	  100.0	   35.0	    0.0	    0.0	    0.0	    4.2	    8.8	  1	  750.0	 1450.0	   35.0	    0.0	    4.2	1	  299.8	 21	 1336.5	   13.6	
  131	  18.55	    0.0	 1500.0	    0.0	  561.0	 1774.5	    0.0	  200.0	    0.0	 1500.0	    0.0	  200.0	  100.0	   34.5	    0.0	    0.0	    0.0	    4.3	    8.9	  1	  750.0	 1450.0	   34.5	    0.0	    4.3	1	  299.8	 21	 1336.0	   13.6	
  132	  18.66	    0.0	 1500.0	    0.0	  561.0	 1774.5	    0.0	  200.0	    0.0	 1500.0	    0.0	  200.0	  100.0	   34.0	    0.0	    0.0	    0.0	    4.4	    9.0	  1	  750.0	 1450.0	   34.0	    0.0	    4.4	1	  299.8	 21	 1335.5	   13.6	
  133	  18.75	    0.0	 1500.0	    0.0	  557.0	 1781.4	    0.0	  200.0	    0.0	 1500.0	    0.0	  200.0	  100.0	   33.5	    0.0	    0.0	    0.0	    4.5	    9.0	  1	  750.0	 1450.0	   33.5	    0.0	    4.5	1	  299.8	 21	 1335.0	   13.5	
  134	  18.85	    0.0	 1500.0	    0.0	  557.0	 1781.4	    0.0	  200.0	    0.0	 1500.0	    0.0	  200.0	  100.0	   33.0	    0.0	    0.0	    0.0	    4.6	    9.1	  1	  750.0	 1450.0	   33.0	    0.0	    4.6	1	  299.8	 21	 1334.6	   13.5	
  135	  18.95	    0.0	 1500.0	    0.0	  557.0	 1781.4	    0.0	  200.0	    0.0	 1500.0	    0.0	  200.0	  100.0	   32.5	    0.0	    0.0	    0.0	    4.7	    9.2	  1	  750.0	 1450.0	   32.5	    0.0	    4.7	1	  299.8	 21	 1334.2	   13.4	
  136	  19.05	    0.0	 1500.0	    0.0	  557.0	 1781.4	    0.0	  200.0	    0.0	 1500.0	    0.0	  200.0	  100.0	   32.0	    0.0	    0.0	    0.0	    4.8	    9.2	  1	  750.0	 1450.0	   32.0	    0.0	    4.8	1	  299.8	 21	 1333.8	   13.4	
  137	  19.16	    0.0	 1500.0	    0.0	  557.0	 1781.4	    0.0	  200.0	    0.0	 1500.0	    0.0	  200.0	  100.0	   31.5	    0.0	    0.0	    0.0	    4.9	    9.3	  1	  750.0	 1450.0	   31.5	    0.0	    4.9	1	  299.8	 21	 1333.4	   13.3	
  138	  19.25	    0.0	 1500.0	    0.0	  566.9	 1786.2	    0.0	  200.0	    0.0	 1500.0	    0.0	  200.0	  100.0	   31.0	    0.0	    0.0	    0.0	    5.0	    9.4	  1	  750.0	 1450.0	   31.0	    0.0	    5.0	1	  299.8	 21	 1332.8	   13.3	
  139	  19.36	    0.0	 1500.0	    0.0	  566.9	 1786.2	    0.0	  200.0	    0.0	 1500.0	    0.0	  200.0	  100.0	   30.5	    0.0	    0.0	    0.0	    5.2	    9.4	  1	  750.0	 1450.0	   30.5	    0.0	    5.2	1	  299.8	 21	 1332.5	   13.3	
  140	  19.45	    0.0	 1500.0	    0.0	  566.9	 1786.2	    0.0	  200.0	    0.0	 1500.0	    0.0	  200.0	  100.0	   30.0	    0.0	    0.0	    0.0	    5.3	    9.5	  1	  750.0	 1450.0	   30.0	    0.0	    5.3	1	  299.8	 21	 1332.2	   13.2	
  141	  19.55	    0.0	 1500.0	    0.0	  566.9	 1786.2	    0.0	  200.0	    0.0	 1500.0	    0.0	  200.0	  100.0	   29.5	    0.0	    0.0	    0.0	    5.4	    9.6	  1	  750.0	 1450.0	   29.5	    0.0	    5.4	1	  299.8	 21	 1331.9	   13.2	
  142	  19.65	    0.0	 1500.0	    0.0	  566.9	 1786.2	    0.0	  200.0	    0.0	 1500.0	    0.0	  200.0	  100.0	   29.0	    0.0	    0.0	    0.0	    5.5	    9.6	  1	  750.0	 1450.0	   29.0	    0.0	    5.5	1	  299.8	 21	 1331.7	   13.2	
  143	  19.75	    0.0	 1500.0	    0.0	  566.9	 1786.2	    0.0	  200.0	    0.0	 1500.0	    0.0	  200.0	  100.0	   28.5	    0.0	    0.0	    0.0	    5.6	    9.7	  1	  750.0	 1450.0	   28.5	    0.0	    5.6	1	  299.8	 21	 1331.4	   13.1	
  144	  19.86	    0.0	 1500.0	    0.0	  560.7	 1790.5	    0.0	  200.0	    0.0	 1500.0	    0.0	  200.0	  100.0	   28.0	    0.0	    0.0	    0.0	    5.7	    9.8	  1	  750.0	 1450.0	   28.0	    0.0	    5.7	1	  299.8	 21	 1331.3	   13.1	
  145	  19.95	    0.0	 1500.0	    0.0	  560.7	 1790.5	    0.0	  200.0	    0.0	 1500.0	    0.0	  200.0	  100.0	   27.5	    0.0	    0.0	    0.0	    5.8	    9.8	  1	  750.0	 1450.0	   27.5	    0.0	    5.8	1	  299.8	 21	 1331.1	   13.1	
  146	  20.05	    0.0	 1500.0	    0.0	  560.7	 1790.5	    0.0	  200.0	    0.0	 1500.0	    0.0	  200.0	  100.0	   27.0	    0.0	    0.0	    0.0	    5.9	    9.9	  1	  750.0	 1450.0	   27.0	    0.0	    5.9	1	  299.8	 21	 1330.9	   13.1	
  147	  20.16	    0.0	 1500.0	    0.0	  560.7	 1790.5	    0.0	  200.0	    0.0	 1500.0	    0.0	  200.0	  100.0	   26.5	    0.0	    0.0	    0.0	    6.0	   10.0	  1	  750.0	 1450.0	   26.5	    0.0	    6.0	1	  299.8	 21	 1330.8	   13.1	
  148	  20.25	    0.0	 1500.0	    0.0	  560.7	 1790.5	    0.0	  200.0	    0.0	 1500.0	    0.0	  200.0	  100.0	   26.0	    0.0	    0.0	    0.0	    6.1	   10.0	  1	  750.0	 1450.0	   26.0	    0.0	    6.1	1	  299.8	 21	 1330.7	   13.1	
  149	  20.35	    0.0	 1500.0	    0.0	  560.7	 1790.5	    0.0	  200.0	    0.0	 1500.0	    0.0	  200.0	  100.0	   25.5	    0.0	    0.0	    0.0	    6.2	   10.1	  1	  750.0	 1450.0	   25.5	    0.0	    6.2	1	  299.8	 21	 1330.6	   13.1	
  150	  20.45	    0.0	 1500.0	    0.0	  569.1	 1791.5	    0.0	  200.0	    0.0	 1500.0	    0.0	  200.0	  100.0	   25.0	    0.0	    0.0	    0.0	    6.3	   10.2	  1	  750.0	 1450.0	   25.0	    0.0	    6.3	1	  299.9	 21	 1330.5	   13.1	
  151	  20.55	    0.0	 1500.0	    0.0	  569.1	 1791.5	    0.0	  200.0	    0.0	 1500.0	    0.0	  200.0	  100.0	   24.5	    0.0	    0.0	    0.0	    6.4	   10.2	  1	  750.0	 1450.0	   24.5	    0.0	    6.4	1	  299.9	 21	 1330.5	   13.1	
  152	  20.65	    0.0	 1500.0	    0.0	  560.7	 1790.5	    0.0	  200.0	    0.0	 1500.0	    0.0	  200.0	  100.0	   24.0	    0.0	    0.0	    0.0	    6.5	   10.3	  1	  750.0	 1450.0	   24.0	    0.0	    6.5	1	  299.8	 21	 1330.7	   13.1	
  153	  20.75	    0.0	 1500.0	    0.0	  569.1	 1791.5	    0.0	  200.0	    0.0	 1500.0	    0.0	  200.0	  100.0	   23.5	    0.0	    0.0	    0.0	    6.6	   10.4	  1	  750.0	 1450.0	   23.5	    0.0	    6.6	1	  299.9	 21	 1330.6	   13.1	
  154	  20.85	    0.0	 1500.0	    0.0	  569.1	 1791.5	    0.0	  200.0	    0.0	 1500.0	    0.0	  200.0	  100.0	   23.0	    0.0	    0.0	    0.0	    6.8	   10.4	  1	  750.0	 1450.0	   23.0	    0.0	    6.8	1	  299.9	 21	 1330.7	   13.1	
  155	  20.95	    0.0	 1500.0	    0.0	  570.0	 1791.6	    0.0	  200.0	    0.0	 1500.0	    0.0	  200.0	  100.0	   22.5	    0.0	    0.0	    0.0	    6.9	   10.5	  1	  750.0	 1450.0	   22.5	    0.0	    6.9	1	  299.9	 21	 1330.9	   13.1	
  156	  21.05	    0.0	 1500.0	    0.0	  570.0	 1791.6	    0.0	  200.0	    0.0	 1500.0	    0.0	  200.0	  100.0	   22.0	    0.0	    0.0	    0.0	    7.0	   10.6	  1	  750.0	 1450.0	   22.0	    0.0	    7.0	1	  299.9	 21	 1331.1	   13.1	
  157	  21.16	    0.0	 1500.0	    0.0	  569.1	 1791.5	    0.0	  200.0	    0.0	 1500.0	    0.0	  200.0	  100.0	   21.5	    0.0	    0.0	    0.0	    7.1	   10.6	  1	  750.0	 1450.0	   21.5	    0.0	    7.1	1	  299.9	 21	 1331.3	   13.1	
  158	  21.25	    0.0	 1500.0	    0.0	  570.0	 1791.6	    0.0	  200.0	    0.0	 1500.0	    0.0	  200.0	  100.0	   21.0	    0.0	    0.0	    0.0	    7.2	   10.7	  1	  750.0	 1450.0	   21.0	    0.0	    7.2	1	  299.9	 21	 1331.6	   13.2	
  159	  21.35	    0.0	 1500.0	    0.0	  570.0	 1791.6	    0.0	  200.0	    0.0	 1500.0	    0.0	  200.0	  100.0	   20.5	    0.0	    0.0	    0.0	    7.3	   10.8	  1	  750.0	 1450.0	   20.5	    0.0	    7.3	1	  299.9	 21	 1331.9	   13.2	
  160	  21.45	    0.0	 1500.0	    0.0	  565.8	 1791.1	    0.0	  200.0	    0.0	 1500.0	    0.0	  200.0	  100.0	   20.0	    0.0	    0.0	    0.0	    7.4	   10.9	  1	  750.0	 1450.0	   20.0	    0.0	    7.4	1	  299.9	 21	 1332.3	   13.2	
  161	  21.55	    0.0	 1500.0	    0.0	  570.0	 1791.6	    0.0	  200.0	    0.0	 1500.0	    0.0	  200.0	  100.0	   19.5	    0.0	    0.0	    0.0	    7.5	   10.9	  1	  750.0	 1450.0	   19.5	    0.0	    7.5	1	  299.9	 21	 1332.7	   13.3	
  162	  21.66	    0.0	 1500.0	    0.0	  565.8	 1791.1	    0.0	  200.0	    0.0	 1500.0	    0.0	  200.0	  100.0	   19.0	    0.0	    0.0	    0.0	    7.6	   11.0	  1	  750.0	 1450.0	   19.0	    0.0	    7.6	1	  299.9	 21	 1333.2	   13.3	
  163	  21.75	    0.0	 1500.0	    0.0	  565.8	 1791.1	    0.0	  200.0	    0.0	 1500.0	    0.0	  200.0	  100.0	   18.5	    0.0	    0.0	    0.0	    7.7	   11.1	  1	  750.0	 1450.0	   18.5	    0.0	    7.7	1	  299.9	 21	 1333.7	   13.4	
  164	  21.85	    0.0	 1500.0	    0.0	  565.8	 1791.1	    0.0	  200.0	    0.0	 1500.0	    0.0	  200.0	  100.0	   18.0	    0.0	    0.0	    0.0	    7.8	   11.1	  1	  750.0	 1450.0	   18.0	    0.0	    7.8	1	  299.9	 21	 1334.3	   13.4	
  165	  21.96	    0.0	 1500.0	    0.0	  565.8	 1791.1	    0.0	  200.0	    0.0	 1500.0	    0.0	  200.0	  100.0	   17.5	    0.0	    0.0	    0.0	    7.9	   11.2	  1	  750.0	 1450.0	   17.5	    0.0	    7.9	1	  299.9	 21	 1334.9	   13.5	
  166	  22.05	    0.0	 1500.0	    0.0	  565.8	 1791.1	    0.0	  200.0	    0.0	 1500.0	    0.0	  200.0	  100.0	   17.0	    0.0	    0.0	    0.0	    8.1	   11.3	  1	  750.0	 1450.0	   17.0	    0.0	    8.1	1	  299.9	 21	 1335.6	   13.6	
  167	  22.15	    0.0	 1500.0	    0.0	  565.8	 1791.1	    0.0	  200.0	    0.0	 1500.0	    0.0	  200.0	  100.0	   16.5	    0.0	    0.0	    0.0	    8.2	   11.3	  1	  750.0	 1450.0	   16.5	    0.0	    8.2	1	  299.9	 21	 1336.3	   13.6	
  168	  22.25	    0.0	 1500.0	    0.0	  565.8	 1791.1	    0.0	  200.0	    0.0	 1500.0	    0.0	  200.0	  100.0	   16.0	    0.0	    0.0	    0.0	    8.3	   11.4	  1	  750.0	 1450.0	   16.0	    0.0	    8.3	1	  299.9	 21	 1337.2	   13.7	
  169	  22.35	    0.0	 1500.0	    0.0	  565.8	 1791.1	    0.0	  200.0	    0.0	 1500.0	    0.0	  200.0	  100.0	   15.5	    0.0	    0.0	    0.0	    8.4	   11.5	  1	  750.0	 1450.0	   15.5	    0.0	    8.4	1	  299.9	 21	 1338.0	   13.8	
  170	  22.45	    0.0	 1500.0	    0.0	  565.8	 1791.1	    0.0	  200.0	    0.0	 1500.0	    0.0	  200.0	  100.0	   15.0	    0.0	    0.0	    0.0	    8.5	   11.5	  1	  750.0	 1450.0	   15.0	    0.0	    8.5	1	  299.9	 21	 1339.0	   13.9	
  171	  22.55	    0.0	 1500.0	    0.0	  565.8	 1791.1	    0.0	  200.0	    0.0	 1500.0	    0.0	  200.0	  100.0	   14.5	    0.0	    0.0	    0.0	    8.6	   11.6	  1	  750.0	 1450.0	   14.5	    0.0	    8.6	1	  299.9	 21	 1340.0	   14.0	
  172	  22.65	    0.0	 1500.0	    0.0	  565.8	 1791.1	    0.0	  200.0	    0.0	 1500.0	    0.0	  200.0	  100.0	   14.0	    0.0	    0.0	    0.0	    8.7	   11.7	  1	  750.0	 1450.0	   14.0	    0.0	    8.7	1	  299.9	 21	 1341.1	   14.1	
  173	  22.75	    0.0	 1500.0	    0.0	  565.8	 1791.1	    0.0	  200.0	    0.0	 1500.0	    0.0	  200.0	  100.0	   13.5	    0.0	    0.0	    0.0	    8.8	   11.7	  1	  750.0	 1450.0	   13.5	    0.0	    8.8	1	  299.9	 21	 1342.3	   14.2	
  174	  22.85	    0.0	 1500.0	    0.0	  565.8	 1791.1	    0.0	  200.0	    0.0	 1500.0	    0.0	  200.0	  100.0	   13.0	    0.0	    0.0	    0.0	    8.9	   11.8	  1	  750.0	 1450.0	   13.0	    0.0	    8.9	1	  299.9	 21	 1343.6	   14.4	
  175	  22.95	    0.0	 1500.0	    0.0	  555.1	 1781.2	    0.0	  200.0	    0.0	 1500.0	    0.0	  200.0	  100.0	   12.5	    0.0	    0.0	    0.0	    9.0	   11.9	  1	  750.0	 1450.0	   12.5	    0.0	    9.0	1	  299.8	 21	 1345.0	   14.5	
  176	  23.05	    0.0	 1500.0	    0.0	  555.1	 1781.2	    0.0	  200.0	    0.0	 1500.0	    0.0	  200.0	  100.0	   12.0	    0.0	    0.0	    0.0	    9.1	   11.9	  1	  750.0	 1450.0	   12.0	    0.0	    9.1	1	  299.8	 21	 1346.5	   14.6	
  177	  23.16	    0.0	 1500.0	    0.0	  555.1	 1781.2	    0.0	  200.0	    0.0	 1500.0	    0.0	  200.0	  100.0	   11.5	    0.0	    0.0	    0.0	    9.2	   12.0	  1	  750.0	 1450.0	   11.5	    0.0	    9.2	1	  299.8	 21	 1348.0	   14.8	
  178	  23.25	    0.0	 1500.0	    0.0	  555.1	 1781.2	    0.0	  200.0	    0.0	 1500.0	    0.0	  200.0	  100.0	   11.0	    0.0	    0.0	    0.0	    9.3	   12.1	  1	  750.0	 1450.0	   11.0	    0.0	    9.3	1	  299.8	 21	 1349.7	   15.0	
  179	  23.36	    0.0	 1500.0	    0.0	  555.1	 1781.2	    0.0	  200.0	    0.0	 1500.0	    0.0	  200.0	  100.0	   10.5	    0.0	    0.0	    0.0	    9.4	   12.1	  1	  750.0	 1450.0	   10.5	    0.0	    9.4	1	  299.8	 21	 1351.5	   15.1	
  180	  23.45	    0.0	 1500.0	    0.0	  555.1	 1781.2	    0.0	  200.0	    0.0	 1500.0	    0.0	  200.0	  100.0	   10.0	    0.0	    0.0	    0.0	    9.5	   12.2	  1	  750.0	 1450.0	   10.0	    0.0	    9.5	1	  299.8	 21	 1353.4	   15.3	
  181	  23.55	    0.0	 1500.0	    0.0	  555.1	 1781.2	    0.0	  200.0	    0.0	 1500.0	    0.0	  200.0	  100.0	    9.5	    0.0	    0.0	    0.0	    9.6	   12.3	  1	  750.0	 1450.0	    9.5	    0.0	    9.6	1	  299.8	 21	 1355.4	   15.5	
  182	  23.65	    0.0	 1500.0	    0.0	  555.1	 1781.2	    0.0	  200.0	    0.0	 1500.0	    0.0	  200.0	  100.0	    9.0	    0.0	    0.0	    0.0	    9.7	   12.3	  1	  750.0	 1450.0	    9.0	    0.0	    9.7	1	  299.8	 21	 1357.5	   15.8	
  183	  23.75	    0.0	 1500.0	    0.0	  555.1	 1781.2	    0.0	  200.0	    0.0	 1500.0	    0.0	  200.0	  100.0	    8.5	    0.0	    0.0	    0.0	    9.8	   12.4	  1	  750.0	 1450.0	    8.5	    0.0	    9.8	1	  299.8	 21	 1359.8	   16.0	
  184	  23.86	    0.0	 1500.0	    0.0	  555.1	 1781.2	    0.0	  200.0	    0.0	 1500.0	    0.0	  200.0	  100.0	    8.0	    0.0	    0.0	    0.0	    9.9	   12.5	  1	  750.0	 1450.0	    8.0	    0.0	    9.9	1	  299.8	 21	 1362.3	   16.2	
  185	  23.95	    0.0	 1500.0	    0.0	  555.1	 1781.2	    0.0	  200.0	    0.0	 1500.0	    0.0	  200.0	  100.0	    7.5	    0.0	    0.0	    0.0	   10.1	   12.5	  1	  750.0	 1450.0	    7.5	    0.0	   10.1	1	  299.8	 21	 1364.9	   16.5	
  186	  24.05	    0.0	 1500.0	    0.0	  555.1	 1781.2	    0.0	  200.0	    0.0	 1500.0	    0.0	  200.0	  100.0	    7.0	    0.0	    0.0	    0.0	   10.2	   12.6	  1	  750.0	 1450.0	    7.0	    0.0	   10.2	1	  299.8	 21	 1367.7	   16.8	
  187	  24.15	    0.0	 1500.0	    0.0	  555.1	 1781.2	    0.0	  200.0	    0.0	 1500.0	    0.0	  200.0	  100.0	    6.5	    0.0	    0.0	    0.0	   10.3	   12.7	  1	  750.0	 1450.0	    6.5	    0.0	   10.3	1	  299.8	 21	 1370.7	   17.1	
  188	  24.25	    0.0	 1500.0	    0.0	  555.1	 1781.2	    0.0	  200.0	    0.0	 1500.0	    0.0	  200.0	  100.0	    6.0	    0.0	    0.0	    0.0	   10.4	   12.8	  1	  750.0	 1450.0	    6.0	    0.0	   10.4	1	  299.8	 21	 1373.8	   17.4	
  189	  24.35	    0.0	 1500.0	    0.0	  555.1	 1781.2	    0.0	  200.0	    0.0	 1500.0	    0.0	  200.0	  100.0	    5.5	    0.0	    0.0	    0.0	   10.5	   12.8	  1	  750.0	 1450.0	    5.5	    0.0	   10.5	1	  299.8	 21	 1377.2	   17.7	
  190	  24.46	    0.0	 1500.0	    0.0	  555.1	 1781.2	    0.0	  200.0	    0.0	 1500.0	    0.0	  200.0	  100.0	    5.0	    0.0	    0.0	    0.0	   10.6	   12.9	  1	  750.0	 1450.0	    5.0	    0.0	   10.6	1	  299.8	 21	 1380.8	   18.1	
  191	  24.55	    0.0	 1500.0	    0.0	  553.0	 1776.2	    0.0	  200.0	    0.0	 1500.0	    0.0	  200.0	  100.0	    4.5	    0.0	    0.0	    0.0	   10.7	   13.0	  1	  750.0	 1450.0	    4.5	    0.0	   10.7	1	  299.7	 21	 1384.7	   18.5	
  192	  24.66	    0.0	 1500.0	    0.0	  553.0	 1776.2	    0.0	  200.0	    0.0	 1500.0	    0.0	  200.0	  100.0	    4.0	    0.0	    0.0	    0.0	   10.8	   13.0	  1	  750.0	 1450.0	    4.0	    0.0	   10.8	1	  299.7	 21	 1388.8	   18.9	
  193	  24.75	    0.0	 1500.0	    0.0	  553.0	 1776.2	    0.0	  200.0	    0.0	 1500.0	    0.0	  200.0	  100.0	    3.5	    0.0	    0.0	    0.0	   10.9	   13.1	  1	  750.0	 1450.0	    3.5	    0.0	   10.9	1	  299.7	 21	 1393.2	   19.3	
  194	  24.86	    0.0	 1500.0	    0.0	  553.0	 1776.2	    0.0	  200.0	    0.0	 1500.0	    0.0	  200.0	  100.0	    3.0	    0.0	    0.0	    0.0	   11.0	   13.2	  1	  750.0	 1450.0	    3.0	    0.0	   11.0	1	  299.7	 21	 1397.9	   19.8	
  195	  24.95	    0.0	 1500.0	    0.0	  553.0	 1776.2	    0.0	  200.0	    0.0	 1500.0	    0.0	  200.0	  100.0	    2.5	    0.0	    0.0	    0.0	   11.1	   13.2	  1	  750.0	 1450.0	    2.5	    0.0	   11.1	1	  299.7	 21	    0.0	    0.0	
  196	  25.06	    0.0	 1500.0	    0.0	  553.0	 1776.2	    0.0	  200.0	    0.0	 1500.0	    0.0	  200.0	  100.0	    2.0	    0.0	    0.0	    0.0	   11.2	   13.3	  1	  750.0	 1450.0	    2.0	    0.0	   11.2	1	  299.7	 21	    0.0	    0.0	
  197	  25.15	    0.0	 1500.0	    0.0	  553.7	 1773.8	    0.0	  200.0	    0.0	 1500.0	    0.0	  200.0	  100.0	    1.5	    0.0	    0.0	    0.0	   11.3	   13.4	  1	  750.0	 1450.0	    1.5	    0.0	   11.3	1	  299.7	 21	    0.0	    0.0	
  198	  25.26	    0.0	 1500.0	    0.0	  553.7	 1773.8	    0.0	  200.0	    0.0	 1500.0	    0.0	  200.0	  100.0	    1.0	    0.0	    0.0	    0.0	   11.4	   13.4	  1	  750.0	 1450.0	    1.0	    0.0	   11.4	1	  299.7	 21	    0.0	    0.0	
  199	  25.35	    0.0	 1500.0	    0.0	  553.7	 1773.8	    0.0	  200.0	    0.0	 1500.0	    0.0	  200.0	  100.0	    0.5	    0.0	    0.0	    0.0	   11.5	   13.5	  1	  750.0	 1450.0	    0.5	    0.0	   11.5	1	  299.7	 21	    0.0	    0.0	
  200	  25.45	    0.0	 1500.0	    0.0	  553.7	 1773.8	    0.0	  200.0	    0.0	 1500.0	    0.0	  200.0	  100.0	    0.0	    0.0	    0.0	    0.0	   11.6	   13.6	  1	  750.0	 1450.0	    0.0	    0.0	   11.6	1	  299.7	 21	    0.0	    0.0	
  201	  25.55	    0.0	 1500.0	    0.0	  553.7	 1773.8	    0.0	  200.0	    0.0	 1500.0	    0.0	  200.0	  100.0	    0.0	    0.0	    0.0	    0.0	   11.7	   13.6	  1	  750.0	 1450.0	    0.0	    0.0	   11.7	1	  299.7	 21	    0.0	    0.0	
  202	  25.66	    0.0	 1500.0	    0.0	  553.7	 1773.8	    0.0	  200.0	    0.0	 1500.0	    0.0	  200.0	  100.0	    0.0	    0.0	    0.0	    0.0	   11.8	   13.7	  1	  750.0	 1450.0	    0.0	    0.0	   11.8	1	  299.7	 21	    0.0	    0.0	
  203	  25.76	    0.0	 1500.0	    0.0	  552.1	 1773.6	    0.0	  200.0	    0.0	 1500.0	    0.0	  200.0	  100.0	    0.0	    0.0	    0.0	    0.0	   11.9	   13.8	  1	  750.0	 1450.0	    0.0	    0.0	   11.9	1	  299.7	 21	    0.0	    0.0	
  204	  25.86	    0.0	 1500.0	    0.0	  552.1	 1773.6	    0.0	  200.0	    0.0	 1500.0	    0.0	  200.0	  100.0	    0.0	    0.0	    0.0	    0.0	   12.0	   13.8	  1	  750.0	 1450.0	    0.0	    0.0	   12.0	1	  299.7	 21	    0.0	    0.0	
  205	  25.95	    0.0	 1500.0	    0.0	  552.1	 1773.6	    0.0	  200.0	    0.0	 1500.0	    0.0	  200.0	  100.0	    0.0	    0.0	    0.0	    0.0	   12.1	   13.9	  1	  750.0	 1450.0	    0.0	    0.0	   12.1	1	  299.7	 21	    0.0	    0.0	
  206	  26.06	    0.0	 1500.0	    0.0	  552.1	 1773.6	    0.0	  200.0	    0.0	 1500.0	    0.0	  200.0	  100.0	    0.0	    0.0	    0.0	    0.0	   12.2	   14.0	  1	  750.0	 1450.0	    0.0	    0.0	   12.2	1	  299.7	 21	    0.0	    0.0	
  207	  26.16	    0.0	 1500.0	    0.0	  552.1	 1773.6	    0.0	  200.0	    0.0	 1500.0	    0.0	  200.0	  100.0	    0.0	    0.0	    0.0	    0.0	   12.3	   14.0	  1	  750.0	 1450.0	    0.0	    0.0	   12.3	1	  299.7	 21	    0.0	    0.0	
  208	  26.26	    0.0	 1500.0	    0.0	  552.1	 1773.6	    0.0	  200.0	    0.0	 1500.0	    0.0	  200.0	  100.0	    0.0	    0.0	    0.0	    0.0	   12.4	   14.1	  1	  750.0	 1450.0	    0.0	    0.0	   12.4	1	  299.7	 21	    0.0	    0.0	
  209	  26.36	    0.0	 1500.0	    0.0	  552.1	 1773.6	    0.0	  200.0	    0.0	 1500.0	    0.0	  200.0	  100.0	    0.0	    0.0	    0.0	    0.0	   12.5	   14.2	  1	  750.0	 1450.0	    0.0	    0.0	   12.5	1	  299.7	 21	    0.0	    0.0	
  210	  26.45	    0.0	 1500.0	    0.0	  552.1	 1773.6	    0.0	  200.0	    0.0	 1500.0	    0.0	  200.0	  100.0	    0.0	    0.0	    0.0	    0.0	   12.6	   14.2	  1	  750.0	 1450.0	    0.0	    0.0	   12.6	1	  299.7	 21	    0.0	    0.0	
  211	  26.55	    0.0	 1500.0	    0.0	  552.1	 1773.6	    0.0	  200.0	    0.0	 1500.0	    0.0	  200.0	  100.0	    0.0	    0.0	    0.0	    0.0	   12.7	   14.3	  1	  750.0	 1450.0	    0.0	    0.0	   12.7	1	  299.7	 21	    0.0	    0.0	
  212	  26.65	    0.0	 1500.0	    0.0	  552.1	 1773.6	    0.0	  200.0	    0.0	 1500.0	    0.0	  200.0	  100.0	    0.0	    0.0	    0.0	    0.0	   12.8	   14.4	  1	  750.0	 1450.0	    0.0	    0.0	   12.8	1	  299.7	 21	    0.0	    0.0	
  213	  26.75	    0.0	 1500.0	    0.0	  552.1	 1773.6	    0.0	  200.0	    0.0	 1500.0	    0.0	  200.0	  100.0	    0.0	    0.0	    0.0	    0.0	   12.9	   14.4	  1	  750.0	 1450.0	    0.0	    0.0	   12.9	1	  299.7	 21	    0.0	    0.0	
  214	  26.85	    0.0	 1500.0	    0.0	  552.1	 1773.6	    0.0	  200.0	    0.0	 1500.0	    0.0	  200.0	  100.0	    0.0	    0.0	    0.0	    0.0	   13.0	   14.5	  1	  750.0	 1450.0	    0.0	    0.0	   13.0	1	  299.7	 21	    0.0	    0.0	
  215	  26.95	    0.0	 1500.0	    0.0	  552.1	 1773.6	    0.0	  200.0	    0.0	 1500.0	    0.0	  200.0	  100.0	    0.0	    0.0	    0.0	    0.0	   13.1	   14.6	  1	  750.0	 1450.0	    0.0	    0.0	   13.1	1	  299.7	 21	    0.0	    0.0	
  216	  27.05	    0.0	 1500.0	    0.0	  552.1	 1773.6	    0.0	  200.0	    0.0	 1500.0	    0.0	  200.0	  100.0	    0.0	    0.0	    0.0	    0.0	   13.2	   14.7	  1	  750.0	 1450.0	    0.0	    0.0	   13.2	1	  299.7	 21	    0.0	    0.0	
  217	  27.15	    0.0	 1500.0	    0.0	  552.1	 1773.6	    0.0	  200.0	    0.0	 1500.0	    0.0	  200.0	  100.0	    0.0	    0.0	    0.0	    0.0	   13.3	   14.7	  1	  750.0	 1450.0	    0.0	    0.0	   13.3	1	  299.7	 21	    0.0	    0.0	
  218	  27.26	    0.0	 1500.0	    0.0	  552.1	 1773.6	    0.0	  200.0	    0.0	 1500.0	    0.0	  200.0	  100.0	    0.0	    0.0	    0.0	    0.0	   13.4	   14.8	  1	  750.0	 1450.0	    0.0	    0.0	   13.4	1	  299.7	 21	    0.0	    0.0	
  219	  27.35	    0.0	 1500.0	    0.0	  551.2	 1773.6	    0.0	  200.0	    0.0	 1500.0	    0.0	  200.0	  100.0	    0.0	    0.0	    0.0	    0.0	   13.5	   14.9	  1	  750.0	 1450.0	    0.0	    0.0	   13.5	1	  299.7	 21	    0.0	    0.0	
  220	  27.45	    0.0	 1500.0	    0.0	  551.2	 1773.6	    0.0	  200.0	    0.0	 1500.0	    0.0	  200.0	  100.0	    0.0	    0.0	    0.0	    0.0	   13.6	   14.9	  1	  750.0	 1450.0	    0.0	    0.0	   13.6	1	  299.7	 21	    0.0	    0.0	
  221	  27.56	    0.0	 1500.0	    0.0	  551.2	 1773.6	    0.0	  200.0	    0.0	 1500.0	    0.0	  200.0	  100.0	    0.0	    0.0	    0.0	    0.0	   13.7	   15.0	  1	  750.0	 1450.0	    0.0	    0.0	   13.7	1	  299.7	 21	    0.0	    0.0	
  222	  27.65	    0.0	 1500.0	    0.0	  551.2	 1773.6	    0.0	  200.0	    0.0	 1500.0	    0.0	  200.0	  100.0	    0.0	    0.0	    0.0	    0.0	   13.8	   15.1	  1	  750.0	 1450.0	    0.0	    0.0	   13.8	1	  299.7	 21	    0.0	    0.0	
  223	  27.75	    0.0	 1500.0	    0.0	  550.2	 1773.5	    0.0	  200.0	    0.0	 1500.0	    0.0	  200.0	  100.0	    0.0	    0.0	    0.0	    0.0	   13.9	   15.1	  1	  750.0	 1450.0	    0.0	    0.0	   13.9	1	  299.7	 21	    0.0	    0.0	
  224	  27.85	    0.0	 1500.0	    0.0	  552.1	 1773.6	    0.0	  200.0	    0.0	 1500.0	    0.0	  200.0	  100.0	    0.0	    0.0	    0.0	    0.0	   14.0	   15.2	  1	  750.0	 1450.0	    0.0	    0.0	   14.0	1	  299.7	 21	    0.0	    0.0	
  225	  27.95	    0.0	 1500.0	    0.0	  551.2	 1773.6	    0.0	  200.0	    0.0	 1500.0	    0.0	  200.0	  100.0	    0.0	    0.0	    0.0	    0.0	   14.1	   15.3	  1	  750.0	 1450.0	    0.0	    0.0	   14.1	1	  299.7	 21	    0.0	    0.0	
  226	  28.05	    0.0	 1500.0	    0.0	  551.2	 1773.6	    0.0	  200.0	    0.0	 1500.0	    0.0	  200.0	  100.0	    0.0	    0.0	    0.0	    0.0	   14.2	   15.3	  1	  750.0	 1450.0	    0.0	    0.0	   14.2	1	  299.7	 21	    0.0	    0.0	
  227	  28.16	    0.0	 1500.0	    0.0	  552.1	 1773.6	    0.0	  200.0	    0.0	 1500.0	    0.0	  200.0	  100.0	    0.0	    0.0	    0.0	    0.0	   14.3	   15.4	  1	  750.0	 1450.0	    0.0	    0.0	   14.3	1	  299.7	 21	    0.0	    0.0	
  228	  28.25	    0.0	 1500.0	    0.0	  552.1	 1773.6	    0.0	  200.0	    0.0	 1500.0	    0.0	  200.0	  100.0	    0.0	    0.0	    0.0	    0.0	   14.4	   15.5	  1	  750.0	 1450.0	    0.0	    0.0	   14.4	1	  299.7	 21	    0.0	    0.0	
  229	  28.35	    0.0	 1500.0	    0.0	  550.2	 1773.5	    0.0	  200.0	    0.0	 1500.0	    0.0	  200.0	  100.0	    0.0	    0.0	    0.0	    0.0	   14.5	   15.5	  1	  750.0	 1450.0	    0.0	    0.0	   14.5	1	  299.7	 21	    0.0	    0.0	
  230	  28.45	    0.0	 1500.0	    0.0	  552.1	 1773.6	    0.0	  200.0	    0.0	 1500.0	    0.0	  200.0	  100.0	    0.0	    0.0	    0.0	    0.0	   14.6	   15.6	  1	  750.0	 1450.0	    0.0	    0.0	   14.6	1	  299.7	 21	    0.0	    0.0	
  231	  28.55	    0.0	 1500.0	    0.0	  552.1	 1773.6	    0.0	  200.0	    0.0	 1500.0	    0.0	  200.0	  100.0	    0.0	    0.0	    0.0	    0.0	   14.7	   15.7	  1	  750.0	 1450.0	    0.0	    0.0	   14.7	1	  299.7	 21	    0.0	    0.0	
  232	  28.65	    0.0	 1500.0	    0.0	  552.1	 1773.6	    0.0	  200.0	    0.0	 1500.0	    0.0	  200.0	  100.0	    0.0	    0.0	    0.0	    0.0	   14.8	   15.7	  1	  750.0	 1450.0	    0.0	    0.0	   14.8	1	  299.7	 21	    0.0	    0.0	
  233	  28.75	    0.0	 1500.0	    0.0	  550.2	 1773.5	    0.0	  200.0	    0.0	 1500.0	    0.0	  200.0	  100.0	    0.0	    0.0	    0.0	    0.0	   14.9	   15.8	  1	  750.0	 1450.0	    0.0	    0.0	   14.9	1	  299.7	 21	    0.0	    0.0	
  234	  28.85	    0.0	 1500.0	    0.0	  550.2	 1773.5	    0.0	  200.0	    0.0	 1500.0	    0.0	  200.0	  100.0	    0.0	    0.0	    0.0	    0.0	   15.0	   15.9	  1	  750.0	 1450.0	    0.0	    0.0	   15.0	1	  299.7	 21	    0.0	    0.0	
  235	  28.96	    0.0	 1500.0	    0.0	  550.2	 1773.5	    0.0	  200.0	    0.0	 1500.0	    0.0	  200.0	  100.0	    0.0	    0.0	    0.0	    0.0	   15.1	   15.9	  1	  750.0	 1450.0	    0.0	    0.0	   15.1	1	  299.7	 21	    0.0	    0.0	
  236	  29.05	    0.0	 1500.0	    0.0	  549.3	 1773.4	    0.0	  200.0	    0.0	 1500.0	    0.0	  200.0	  100.0	    0.0	    0.0	    0.0	    0.0	   15.2	   16.0	  1	  750.0	 1450.0	    0.0	    0.0	   15.2	1	  299.7	 21	    0.0	    0.0	
  237	  29.15	    0.0	 1500.0	    0.0	  549.3	 1773.4	    0.0	  200.0	    0.0	 1500.0	    0.0	  200.0	  100.0	    0.0	    0.0	    0.0	    0.0	   15.3	   16.1	  1	  750.0	 1450.0	    0.0	    0.0	   15.3	1	  299.7	 21	    0.0	    0.0	
  238	  29.25	    0.0	 1500.0	    0.0	  549.3	 1773.4	    0.0	  200.0	    0.0	 1500.0	    0.0	  200.0	  100.0	    0.0	    0.0	    0.0	    0.0	   15.4	   16.1	  1	  750.0	 1450.0	    0.0	    0.0	   15.4	1	  299.7	 21	    0.0	    0.0	
  239	  29.35	    0.0	 1500.0	    0.0	  549.3	 1773.4	    0.0	  200.0	    0.0	 1500.0	    0.0	  200.0	  100.0	    0.0	    0.0	    0.0	    0.0	   15.5	   16.2	  1	  750.0	 1450.0	    0.0	    0.0	   15.5	1	  299.7	 21	    0.0	    0.0	
  240	  29.45	    0.0	 1500.0	    0.0	  551.0	 1774.8	    0.0	  200.0	    0.0	 1500.0	    0.0	  200.0	  100.0	    0.0	    0.0	    0.0	    0.0	   15.6	   16.3	  1	  750.0	 1450.0	    0.0	    0.0	   15.6	1	  299.7	 21	    0.0	    0.0	
  241	  29.55	    0.0	 1500.0	    0.0	  549.3	 1773.4	    0.0	  200.0	    0.0	 1500.0	    0.0	  200.0	  100.0	    0.0	    0.0	    0.0	    0.0	   15.7	   16.3	  1	  750.0	 1450.0	    0.0	    0.0	   15.7	1	  299.7	 21	    0.0	    0.0	
  242	  29.66	    0.0	 1500.0	    0.0	  551.0	 1774.8	    0.0	  200.0	    0.0	 1500.0	    0.0	  200.0	  100.0	    0.0	    0.0	    0.0	    0.0	   15.8	   16.4	  1	  750.0	 1450.0	    0.0	    0.0	   15.8	1	  299.7	 21	    0.0	    0.0	
  243	  29.75	    0.0	 1500.0	    0.0	  551.0	 1774.8	    0.0	  200.0	    0.0	 1500.0	    0.0	  200.0	  100.0	    0.0	    0.0	    0.0	    0.0	   15.9	   16.5	  1	  750.0	 1450.0	    0.0	    0.0	   15.9	1	  299.7	 21	    0.0	    0.0	
  244	  29.86	    0.0	 1500.0	    0.0	  551.0	 1774.8	    0.0	  200.0	    0.0	 1500.0	    0.0	  200.0	  100.0	    0.0	    0.0	    0.0	    0.0	   16.0	   16.6	  1	  750.0	 1450.0	    0.0	    0.0	   16.0	1	  299.7	 21	    0.0	    0.0	
  245	  29.95	    0.0	 1500.0	    0.0	  551.0	 1774.8	    0.0	  200.0	    0.0	 1500.0	    0.0	  200.0	  100.0	    0.0	    0.0	    0.0	    0.0	   16.1	   16.6	  1	  750.0	 1450.0	    0.0	    0.0	   16.1	1	  299.7	 21	    0.0	    0.0	
  246	  30.05	    0.0	 1500.0	    0.0	  551.0	 1774.8	    0.0	  200.0	    0.0	 1500.0	    0.0	  200.0	  100.0	    0.0	    0.0	    0.0	    0.0	   16.2	   16.7	  1	  750.0	 1450.0	    0.0	    0.0	   16.2	1	  299.7	 21	    0.0	    0.0	
  247	  30.15	    0.0	 1500.0	    0.0	  551.0	 1774.8	    0.0	  200.0	    0.0	 1500.0	    0.0	  200.0	  100.0	    0.0	    0.0	    0.0	    0.0	   16.3	   16.8	  1	  750.0	 1450.0	    0.0	    0.0	   16.3	1	  299.7	 21	    0.0	    0.0	
  248	  30.25	    0.0	 1500.0	    0.0	  551.0	 1774.8	    0.0	  200.0	    0.0	 1500.0	    0.0	  200.0	  100.0	    0.0	    0.0	    0.0	    0.0	   16.4	   16.8	  1	  750.0	 1450.0	    0.0	    0.0	   16.4	1	  299.7	 21	    0.0	    0.0	
  249	  30.36	    0.0	 1500.0	    0.0	  551.0	 1774.8	    0.0	  200.0	    0.0	 1500.0	    0.0	  200.0	  100.0	    0.0	    0.0	    0.0	    0.0	   16.5	   16.9	  1	  750.0	 1450.0	    0.0	    0.0	   16.5	1	  299.7	 21	    0.0	    0.0	
  250	  30.45	    0.0	 1500.0	    0.0	  551.0	 1774.8	    0.0	  200.0	    0.0	 1500.0	    0.0	  200.0	  100.0	    0.0	    0.0	    0.0	    0.0	   16.6	   17.0	  1	  750.0	 1450.0	    0.0	    0.0	   16.6	1	  299.7	 21	    0.0	    0.0	
  251	  30.55	    0.0	 1500.0	    0.0	  551.0	 1774.8	    0.0	  200.0	    0.0	 1500.0	    0.0	  200.0	  100.0	    0.0	    0.0	    0.0	    0.0	   16.7	   17.0	  1	  750.0	 1450.0	    0.0	    0.0	   16.7	1	  299.7	 21	    0.0	    0.0	
  252	  30.65	    0.0	 1500.0	    0.0	  551.0	 1774.8	    0.0	  200.0	    0.0	 1500.0	    0.0	  200.0	  100.0	    0.0	    0.0	    0.0	    0.0	   16.8	   17.1	  1	  750.0	 1450.0	    0.0	    0.0	   16.8	1	  299.7	 21	    0.0	    0.0	
  253	  30.76	    0.0	 1500.0	    0.0	  551.0	 1774.8	    0.0	  200.0	    0.0	 1500.0	    0.0	  200.0	  100.0	    0.0	    0.0	    0.0	    0.0	   16.9	   17.2	  1	  750.0	 1450.0	    0.0	    0.0	   16.9	1	  299.7	 21	    0.0	    0.0	
  254	  30.86	    0.0	 1500.0	    0.0	  551.0	 1774.8	    0.0	  200.0	    0.0	 1500.0	    0.0	  200.0	  100.0	    0.0	    0.0	    0.0	    0.0	   17.0	   17.2	  1	  750.0	 1450.0	    0.0	    0.0	   17.0	1	  299.7	 21	    0.0	    0.0	
  255	  30.95	    0.0	 1500.0	    0.0	  551.0	 1774.8	    0.0	  200.0	    0.0	 1500.0	    0.0	  200.0	  100.0	    0.0	    0.0	    0.0	    0.0	   17.1	   17.3	  1	  750.0	 1450.0	    0.0	    0.0	   17.1	1	  299.7	 21	    0.0	    0.0	
  256	  31.05	    0.0	 1500.0	    0.0	  551.0	 1774.8	    0.0	  200.0	    0.0	 1500.0	    0.0	  200.0	  100.0	    0.0	    0.0	    0.0	    0.0	   17.2	   17.4	  1	  750.0	 1450.0	    0.0	    0.0	   17.2	1	  299.7	 21	    0.0	    0.0	
  257	  31.15	    0.0	 1500.0	    0.0	  551.0	 1774.8	    0.0	  200.0	    0.0	 1500.0	    0.0	  200.0	  100.0	    0.0	    0.0	    0.0	    0.0	   17.3	   17.4	  1	  750.0	 1450.0	    0.0	    0.0	   17.3	1	  299.7	 21	    0.0	    0.0	
  258	  31.25	    0.0	 1500.0	    0.0	  551.0	 1774.8	    0.0	  200.0	    0.0	 1500.0	    0.0	  200.0	  100.0	    0.0	    0.0	    0.0	    0.0	   17.5	   17.5	  1	  750.0	 1450.0	    0.0	    0.0	   17.5	1	  299.7	 21	    0.0	    0.0	
  259	  31.35	    0.0	 1500.0	    0.0	  551.0	 1774.8	    0.0	  200.0	    0.0	 1500.0	    0.0	  200.0	  100.0	    0.0	    0.0	    0.0	    0.0	   17.6	   17.6	  1	  750.0	 1450.0	    0.0	    0.0	   17.6	1	  299.7	 21	    0.0	    0.0	
  260	  31.45	    0.0	 1500.0	    0.0	  551.0	 1774.8	    0.0	  200.0	    0.0	 1500.0	    0.0	  200.0	  100.0	    0.0	    0.0	    0.0	    0.0	   17.7	   17.6	  1	  750.0	 1450.0	    0.0	    0.0	   17.7	1	  299.7	 21	    0.0	    0.0	
  261	  31.55	    0.0	 1500.0	    0.0	  551.0	 1774.8	    0.0	  200.0	    0.0	 1500.0	    0.0	  200.0	  100.0	    0.0	    0.0	    0.0	    0.0	   17.8	   17.7	  1	  750.0	 1450.0	    0.0	    0.0	   17.8	1	  299.7	 21	    0.0	    0.0	
  262	  31.65	    0.0	 1500.0	    0.0	  551.0	 1774.8	    0.0	  200.0	    0.0	 1500.0	    0.0	  200.0	  100.0	    0.0	    0.0	    0.0	    0.0	   17.9	   17.8	  1	  750.0	 1450.0	    0.0	    0.0	   17.9	1	  299.7	 21	    0.0	    0.0	
  263	  31.75	    0.0	 1500.0	    0.0	  551.0	 1774.8	    0.0	  200.0	    0.0	 1500.0	    0.0	  200.0	  100.0	    0.0	    0.0	    0.0	    0.0	   18.0	   17.8	  1	  750.0	 1450.0	    0.0	    0.0	   18.0	1	  299.7	 21	    0.0	    0.0	
  264	  31.86	    0.0	 1500.0	    0.0	  551.0	 1774.8	    0.0	  200.0	    0.0	 1500.0	    0.0	  200.0	  100.0	    0.0	    0.0	    0.0	    0.0	   18.1	   17.9	  1	  750.0	 1450.0	    0.0	    0.0	   18.1	1	  299.7	 21	    0.0	    0.0	
  265	  31.95	    0.0	 1500.0	    0.0	  551.0	 1774.8	    0.0	  200.0	    0.0	 1500.0	    0.0	  200.0	  100.0	    0.0	    0.0	    0.0	    0.0	   18.2	   18.0	  1	  750.0	 1450.0	    0.0	    0.0	   18.2	1	  299.7	 21	    0.0	    0.0	
  266	  32.05	    0.0	 1500.0	    0.0	  551.0	 1774.8	    0.0	  200.0	    0.0	 1500.0	    0.0	  200.0	  100.0	    0.0	    0.0	    0.0	    0.0	   18.3	   18.0	  1	  750.0	 1450.0	    0.0	    0.0	   18.3	1	  299.7	 21	    0.0	    0.0	
  267	  32.15	    0.0	 1500.0	    0.0	  551.0	 1774.8	    0.0	  200.0	    0.0	 1500.0	    0.0	  200.0	  100.0	    0.0	    0.0	    0.0	    0.0	   18.4	   18.1	  1	  750.0	 1450.0	    0.0	    0.0	   18.4	1	  299.7	 21	    0.0	    0.0	
  268	  32.26	    0.0	 1500.0	    0.0	  551.0	 1774.8	    0.0	  200.0	    0.0	 1500.0	    0.0	  200.0	  100.0	    0.0	    0.0	    0.0	    0.0	   18.5	   18.2	  1	  750.0	 1450.0	    0.0	    0.0	   18.5	1	  299.7	 21	    0.0	    0.0	
  269	  32.35	    0.0	 1500.0	    0.0	  551.0	 1774.8	    0.0	  200.0	    0.0	 1500.0	    0.0	  200.0	  100.0	    0.0	    0.0	    0.0	    0.0	   18.6	   18.2	  1	  750.0	 1450.0	    0.0	    0.0	   18.6	1	  299.7	 21	    0.0	    0.0	
  270	  32.45	    0.0	 1500.0	    0.0	  551.0	 1774.8	    0.0	  200.0	    0.0	 1500.0	    0.0	  200.0	  100.0	    0.0	    0.0	    0.0	    0.0	   18.7	   18.3	  1	  750.0	 1450.0	    0.0	    0.0	   18.7	1	  299.7	 21	    0.0	    0.0	
  271	  32.55	    0.0	 1500.0	    0.0	  551.0	 1774.8	    0.0	  200.0	    0.0	 1500.0	    0.0	  200.0	  100.0	    0.0	    0.0	    0.0	    0.0	   18.8	   18.4	  1	  750.0	 1450.0	    0.0	    0.0	   18.8	1	  299.7	 21	    0.0	    0.0	
  272	  32.66	    0.0	 1500.0	    0.0	  551.0	 1774.8	    0.0	  200.0	    0.0	 1500.0	    0.0	  200.0	  100.0	    0.0	    0.0	    0.0	    0.0	   18.9	   18.5	  1	  750.0	 1450.0	    0.0	    0.0	   18.9	1	  299.7	 21	    0.0	    0.0	
  273	  32.75	    0.0	 1500.0	    0.0	  551.0	 1774.8	    0.0	  200.0	    0.0	 1500.0	    0.0	  200.0	  100.0	    0.0	    0.0	    0.0	    0.0	   19.0	   18.5	  1	  750.0	 1450.0	    0.0	    0.0	   19.0	1	  299.7	 21	    0.0	    0.0	
  274	  32.85	    0.0	 1500.0	    0.0	  551.0	 1774.8	    0.0	  200.0	    0.0	 1500.0	    0.0	  200.0	  100.0	    0.0	    0.0	    0.0	    0.0	   19.1	   18.6	  1	  750.0	 1450.0	    0.0	    0.0	   19.1	1	  299.7	 21	    0.0	    0.0	
  275	  32.95	    0.0	 1500.0	    0.0	  551.0	 1774.8	    0.0	  200.0	    0.0	 1500.0	    0.0	  200.0	  100.0	    0.0	    0.0	    0.0	    0.0	   19.2	   18.7	  1	  750.0	 1450.0	    0.0	    0.0	   19.2	1	  299.7	 21	    0.0	    0.0	
  276	  33.05	    0.0	 1500.0	    0.0	  551.0	 1774.8	    0.0	  200.0	    0.0	 1500.0	    0.0	  200.0	  100.0	    0.0	    0.0	    0.0	    0.0	   19.3	   18.7	  1	  750.0	 1450.0	    0.0	    0.0	   19.3	1	  299.7	 21	    0.0	    0.0	
  277	  33.15	    0.0	 1500.0	    0.0	  551.0	 1774.8	    0.0	  200.0	    0.0	 1500.0	    0.0	  200.0	  100.0	    0.0	    0.0	    0.0	    0.0	   19.4	   18.8	  1	  750.0	 1450.0	    0.0	    0.0	   19.4	1	  299.7	 21	    0.0	    0.0	
  278	  33.26	    0.0	 1500.0	    0.0	  551.0	 1774.8	    0.0	  200.0	    0.0	 1500.0	    0.0	  200.0	  100.0	    0.0	    0.0	    0.0	    0.0	   19.5	   18.9	  1	  750.0	 1450.0	    0.0	    0.0	   19.5	1	  299.7	 21	    0.0	    0.0	
  279	  33.35	    0.0	 1500.0	    0.0	  551.0	 1774.8	    0.0	  200.0	    0.0	 1500.0	    0.0	  200.0	  100.0	    0.0	    0.0	    0.0	    0.0	   19.6	   18.9	  1	  750.0	 1450.0	    0.0	    0.0	   19.6	1	  299.7	 21	    0.0	    0.0	
  280	  33.46	    0.0	 1500.0	    0.0	  551.0	 1774.8	    0.0	  200.0	    0.0	 1500.0	    0.0	  200.0	  100.0	    0.0	    0.0	    0.0	    0.0	   19.7	   19.0	  1	  750.0	 1450.0	    0.0	    0.0	   19.7	1	  299.7	 21	    0.0	    0.0	
  281	  33.55	    0.0	 1500.0	    0.0	  551.0	 1774.8	    0.0	  200.0	    0.0	 1500.0	    0.0	  200.0	  100.0	    0.0	    0.0	    0.0	    0.0	   19.8	   19.1	  1	  750.0	 1450.0	    0.0	    0.0	   19.8	1	  299.7	 21	    0.0	    0.0	
  282	  33.65	    0.0	 1500.0	    0.0	  551.0	 1774.8	    0.0	  200.0	    0.0	 1500.0	    0.0	  200.0	  100.0	    0.0	    0.0	    0.0	    0.0	   19.9	   19.1	  1	  750.0	 1450.0	    0.0	    0.0	   19.9	1	  299.7	 21	    0.0	    0.0	
  283	  33.76	    0.0	 1500.0	    0.0	  551.0	 1774.8	    0.0	  200.0	    0.0	 1500.0	    0.0	  200.0	  100.0	    0.0	    0.0	    0.0	    0.0	   20.0	   19.2	  1	  750.0	 1450.0	    0.0	    0.0	   20.0	1	  299.7	 21	    0.0	    0.0	
  284	  33.85	    0.0	 1500.0	    0.0	  550.1	 1768.6	    0.0	  200.0	    0.0	 1500.0	    0.0	  200.0	  100.0	    0.0	    0.0	    0.0	    0.0	   20.1	   19.3	  1	  750.0	 1450.0	    0.0	    0.0	   20.1	1	  299.7	 21	    0.0	    0.0	
  285	  33.95	    0.0	 1500.0	    0.0	  550.1	 1768.6	    0.0	  200.0	    0.0	 1500.0	    0.0	  200.0	  100.0	    0.0	    0.0	    0.0	    0.0	   20.2	   19.3	  1	  750.0	 1450.0	    0.0	    0.0	   20.2	1	  299.7	 21	    0.0	    0.0	
  286	  34.05	    0.0	 1500.0	    0.0	  550.1	 1768.6	    0.0	  200.0	    0.0	 1500.0	    0.0	  200.0	  100.0	    0.0	    0.0	    0.0	    0.0	   20.3	   19.4	  1	  750.0	 1450.0	    0.0	    0.0	   20.3	1	  299.7	 21	    0.0	    0.0	
  287	  34.16	    0.0	 1500.0	    0.0	  550.1	 1768.6	    0.0	  200.0	    0.0	 1500.0	    0.0	  200.0	  100.0	    0.0	    0.0	    0.0	    0.0	   20.4	   19.5	  1	  750.0	 1450.0	    0.0	    0.0	   20.4	1	  299.7	 21	    0.0	    0.0	
  288	  34.25	    0.0	 1500.0	    0.0	  551.9	 1771.2	    0.0	  200.0	    0.0	 1500.0	    0.0	  200.0	  100.0	    0.0	    0.0	    0.0	    0.0	   20.5	   19.5	  1	  750.0	 1450.0	    0.0	    0.0	   20.5	1	  299.7	 21	    0.0	    0.0	
  289	  34.36	    0.0	 1500.0	    0.0	  552.3	 1771.2	    0.0	  200.0	    0.0	 1500.0	    0.0	  200.0	  100.0	    0.0	    0.0	    0.0	    0.0	   20.6	   19.6	  1	  750.0	 1450.0	    0.0	    0.0	   20.6	1	  299.7	 21	    0.0	    0.0	
  290	  34.45	    0.0	 1500.0	    0.0	  550.1	 1768.6	    0.0	  200.0	    0.0	 1500.0	    0.0	  200.0	  100.0	    0.0	    0.0	    0.0	    0.0	   20.7	   19.7	  1	  750.0	 1450.0	    0.0	    0.0	   20.7	1	  299.7	 21	    0.0	    0.0	
  291	  34.55	    0.0	 1500.0	    0.0	  552.3	 1771.2	    0.0	  200.0	    0.0	 1500.0	    0.0	  200.0	  100.0	    0.0	    0.0	    0.0	    0.0	   20.8	   19.7	  1	  750.0	 1450.0	    0.0	    0.0	   20.8	1	  299.7	 21	    0.0	    0.0	
  292	  34.66	    0.0	 1500.0	    0.0	  552.3	 1771.2	    0.0	  200.0	    0.0	 1500.0	    0.0	  200.0	  100.0	    0.0	    0.0	    0.0	    0.0	   20.9	   19.8	  1	  750.0	 1450.0	    0.0	    0.0	   20.9	1	  299.7	 21	    0.0	    0.0	
  293	  34.75	    0.0	 1500.0	    0.0	  552.3	 1771.2	    0.0	  200.0	    0.0	 1500.0	    0.0	  200.0	  100.0	    0.0	    0.0	    0.0	    0.0	   21.0	   19.9	  1	  750.0	 1450.0	    0.0	    0.0	   21.0	1	  299.7	 21	    0.0	    0.0	
  294	  34.85	    0.0	 1500.0	    0.0	  552.3	 1771.2	    0.0	  200.0	    0.0	 1500.0	    0.0	  200.0	  100.0	    0.0	    0.0	    0.0	    0.0	   21.1	   19.9	  1	  750.0	 1450.0	    0.0	    0.0	   21.1	1	  299.7	 21	    0.0	    0.0	
  295	  34.96	    0.0	 1500.0	    0.0	  552.3	 1771.2	    0.0	  200.0	    0.0	 1500.0	    0.0	  200.0	  100.0	    0.0	    0.0	    0.0	    0.0	   21.2	   20.0	  1	  750.0	 1450.0	    0.0	    0.0	   21.2	1	  299.7	 21	    0.0	    0.0	
  296	  35.06	    0.0	 1500.0	    0.0	  552.3	 1771.2	    0.0	  200.0	    0.0	 1500.0	    0.0	  200.0	  100.0	    0.0	    0.0	    0.0	    0.0	   21.3	   20.1	  1	  750.0	 1450.0	    0.0	    0.0	   21.3	1	  299.7	 21	    0.0	    0.0	
  297	  35.15	    0.0	 1500.0	    0.0	  552.3	 1771.2	    0.0	  200.0	    0.0	 1500.0	    0.0	  200.0	  100.0	    0.0	    0.0	    0.0	    0.0	   21.4	   20.1	  1	  750.0	 1450.0	    0.0	    0.0	   21.4	1	  299.7	 21	    0.0	    0.0	
  298	  35.25	    0.0	 1500.0	    0.0	  550.4	 1771.1	    0.0	  200.0	    0.0	 1500.0	    0.0	  200.0	  100.0	    0.0	    0.0	    0.0	    0.0	   21.5	   20.2	  1	  750.0	 1450.0	    0.0	    0.0	   21.5	1	  299.7	 21	    0.0	    0.0	
  299	  35.35	    0.0	 1500.0	    0.0	  550.4	 1771.1	    0.0	  200.0	    0.0	 1500.0	    0.0	  200.0	  100.0	    0.0	    0.0	    0.0	    0.0	   21.6	   20.3	  1	  750.0	 1450.0	    0.0	    0.0	   21.6	1	  299.7	 21	    0.0	    0.0	
  300	  35.45	    0.0	 1500.0	    0.0	  549.5	 1771.0	    0.0	  200.0	    0.0	 1500.0	    0.0	  200.0	  100.0	    0.0	    0.0	    0.0	    0.0	   21.7	   20.3	  1	  750.0	 1450.0	    0.0	    0.0	   21.7	1	  299.7	 21	    0.0	    0.0	
  301	  35.56	    0.0	 1500.0	    0.0	  549.5	 1771.0	    0.0	  200.0	    0.0	 1500.0	    0.0	  200.0	  100.0	    0.0	    0.0	    0.0	    0.0	   21.8	   20.4	  1	  750.0	 1450.0	    0.0	    0.0	   21.8	1	  299.7	 21	    0.0	    0.0	
  302	  35.65	    0.0	 1500.0	    0.0	  549.5	 1771.0	    0.0	  200.0	    0.0	 1500.0	    0.0	  200.0	  100.0	    0.0	    0.0	    0.0	    0.0	   21.9	   20.5	  1	  750.0	 1450.0	    0.0	    0.0	   21.9	1	  299.7	 21	    0.0	    0.0	
  303	  35.76	    0.0	 1500.0	    0.0	  549.5	 1771.0	    0.0	  200.0	    0.0	 1500.0	    0.0	  200.0	  100.0	    0.0	    0.0	    0.0	    0.0	   22.0	   20.6	  1	  750.0	 1450.0	    0.0	    0.0	   22.0	1	  299.7	 21	    0.0	    0.0	
  304	  35.85	    0.0	 1500.0	    0.0	  549.5	 1771.0	    0.0	  200.0	    0.0	 1500.0	    0.0	  200.0	  100.0	    0.0	    0.0	    0.0	    0.0	   22.1	   20.6	  1	  750.0	 1450.0	    0.0	    0.0	   22.1	1	  299.7	 21	    0.0	    0.0	
  305	  35.95	    0.0	 1500.0	    0.0	  549.5	 1771.0	    0.0	  200.0	    0.0	 1500.0	    0.0	  200.0	  100.0	    0.0	    0.0	    0.0	    0.0	   22.2	   20.7	  1	  750.0	 1450.0	    0.0	    0.0	   22.2	1	  299.7	 21	    0.0	    0.0	
  306	  36.05	    0.0	 1500.0	    0.0	  549.5	 1771.0	    0.0	  200.0	    0.0	 1500.0	    0.0	  200.0	  100.0	    0.0	    0.0	    0.0	    0.0	   22.3	   20.8	  1	  750.0	 1450.0	    0.0	    0.0	   22.3	1	  299.7	 21	    0.0	    0.0	
  307	  36.15	    0.0	 1500.0	    0.0	  469.2	 1727.2	    0.0	  200.0	    0.0	 1500.0	    0.0	  200.0	  100.0	    0.0	    0.0	    0.0	    0.0	   22.4	   20.8	  1	  750.0	 2050.0	    0.0	    0.0	   22.4	1	  336.0	 21	    0.0	    0.0	
  308	  36.26	    0.0	 1500.0	    0.0	  549.5	 1771.0	    0.0	  200.0	    0.0	 1500.0	    0.0	  200.0	  100.0	    0.0	    0.0	    0.0	    0.0	   22.5	   20.9	  1	  750.0	 1450.0	    0.0	    0.0	   22.5	1	  299.7	 21	    0.0	    0.0	
  309	  36.35	    0.0	 1500.0	    0.0	  549.2	 1769.8	    0.0	  200.0	    0.0	 1500.0	    0.0	  200.0	  100.0	    0.0	    0.0	    0.0	    0.0	   22.6	   21.0	  1	  750.0	 1450.0	    0.0	    0.0	   22.6	1	  299.7	 21	    0.0	    0.0	
  310	  36.45	    0.0	 1500.0	    0.0	  549.2	 1769.8	    0.0	  200.0	    0.0	 1500.0	    0.0	  200.0	  100.0	    0.0	    0.0	    0.0	    0.0	   22.7	   21.0	  1	  750.0	 1450.0	    0.0	    0.0	   22.7	1	  299.7	 21	    0.0	    0.0	
  311	  36.55	    0.0	 1500.0	    0.0	  549.5	 1771.0	    0.0	  200.0	    0.0	 1500.0	    0.0	  200.0	  100.0	    0.0	    0.0	    0.0	    0.0	   22.8	   21.1	  1	  750.0	 1450.0	    0.0	    0.0	   22.8	1	  299.7	 21	    0.0	    0.0	
  312	  36.66	    0.0	 1500.0	    0.0	  549.2	 1769.8	    0.0	  200.0	    0.0	 1500.0	    0.0	  200.0	  100.0	    0.0	    0.0	    0.0	    0.0	   22.9	   21.2	  1	  750.0	 1450.0	    0.0	    0.0	   22.9	1	  299.7	 21	    0.0	    0.0	
  313	  36.76	    0.0	 1500.0	    0.0	  549.2	 1769.8	    0.0	  200.0	    0.0	 1500.0	    0.0	  200.0	  100.0	    0.0	    0.0	    0.0	    0.0	   23.0	   21.2	  1	  750.0	 1450.0	    0.0	    0.0	   23.0	1	  299.7	 21	    0.0	    0.0	
  314	  36.85	    0.0	 1500.0	    0.0	  549.2	 1769.8	    0.0	  200.0	    0.0	 1500.0	    0.0	  200.0	  100.0	    0.0	    0.0	    0.0	    0.0	   23.1	   21.3	  1	  750.0	 1450.0	    0.0	    0.0	   23.1	1	  299.7	 21	    0.0	    0.0	
  315	  36.95	    0.0	 1500.0	    0.0	  549.2	 1769.8	    0.0	  200.0	    0.0	 1500.0	    0.0	  200.0	  100.0	    0.0	    0.0	    0.0	    0.0	   23.2	   21.4	  1	  750.0	 1450.0	    0.0	    0.0	   23.2	1	  299.7	 21	    0.0	    0.0	
