    1	   0.10	    0.0	 1500.0	    0.0	    0.0	    0.0	    0.0	    0.0	    0.0	    0.0	    0.0	    0.0	  100.0	  100.0	    0.0	    0.0	    0.0	    0.0	    0.0	  1	-1000.0	  500.0	  100.0	    0.0	    0.0	1	  526.8	 21	 1371.8	  -28.2	
    2	   0.20	  -16.7	 1491.1	 -151.9	    0.0	    0.0	    0.0	    0.0	    0.0	    0.0	    0.0	    0.0	  100.0	   99.7	    0.0	    0.0	    0.0	    0.0	    0.1	  1	  -50.0	 1250.0	   99.7	    0.0	    0.0	1	  217.7	 21	 1390.2	   19.0	
    3	   0.30	  -22.9	 1456.9	  -96.1	    0.0	    0.0	    0.0	    0.0	    0.0	    0.0	    0.0	    0.0	  100.0	   99.5	    0.0	    0.0	    0.0	    0.0	    0.1	  1	  -50.0	 1250.0	   99.5	    0.0	    0.0	1	  181.5	 21	 1389.8	   19.0	
    4	   0.40	  -27.6	 1413.3	  -96.1	    0.0	    0.0	    0.0	    0.0	    0.0	    0.0	    0.0	    0.0	  100.0	   99.2	    0.0	    0.0	    0.0	    0.0	    0.1	  1	  -50.0	 1250.0	   99.2	    0.0	    0.0	1	  150.1	 21	 1389.4	   18.9	
    5	   0.50	  -32.7	 1378.1	  -98.5	    0.0	    0.0	    0.0	    0.0	    0.0	    0.0	    0.0	    0.0	  100.0	   98.9	    0.0	    0.0	    0.0	    0.0	    0.2	  1	  -50.0	 1250.0	   98.9	    0.0	    0.0	1	  117.3	 21	    0.0	    0.0	
    6	   0.60	  -36.0	 1349.1	  -96.2	    0.0	    0.0	    0.0	    0.0	    0.0	    0.0	    0.0	    0.0	  100.0	   98.6	    0.0	    0.0	    0.0	    0.0	    0.2	  1	  -50.0	 1250.0	   98.6	    0.0	    0.0	1	   90.0	 21	    0.0	    0.0	
    7	   0.70	  -36.4	 1345.6	  -98.0	    0.0	    0.0	    0.0	    0.0	    0.0	    0.0	    0.0	    0.0	  100.0	   98.3	    0.0	    0.0	    0.0	    0.0	    0.2	  1	  -50.0	 1250.0	   98.3	    0.0	    0.0	1	   86.9	 21	    0.0	    0.0	
    8	   0.80	  -36.4	 1345.6	  -98.1	    0.0	    0.0	    0.0	    0.0	    0.0	    0.0	    0.0	    0.0	  100.0	   98.0	    0.0	    0.0	    0.0	    0.0	    0.3	  1	  -50.0	 1250.0	   98.0	    0.0	    0.0	1	   86.9	 21	    0.0	    0.0	
    9	   0.90	  -36.4	 1345.6	  -98.1	    0.0	    0.0	    0.0	    0.0	    0.0	    0.0	    0.0	    0.0	  100.0	   97.7	    0.0	    0.0	    0.0	    0.0	    0.3	  1	  -50.0	 1250.0	   97.7	    0.0	    0.0	1	   86.9	 21	    0.0	    0.0	
   10	   1.00	  -36.4	 1345.6	  -98.1	    0.0	    0.0	    0.0	    0.0	    0.0	    0.0	    0.0	    0.0	  100.0	   97.4	    0.0	    0.0	    0.0	    0.0	    0.4	  1	  -50.0	 1250.0	   97.4	    0.0	    0.0	1	   86.9	 21	    0.0	    0.0	
   11	   1.10	  -36.4	 1345.6	  -98.1	    0.0	    0.0	    0.0	    0.0	    0.0	    0.0	    0.0	    0.0	  100.0	   97.1	    0.0	    0.0	    0.0	    0.0	    0.4	  1	  -50.0	 1250.0	   97.1	    0.0	    0.0	1	   86.9	 21	    0.0	    0.0	
   12	   1.20	  -36.4	 1345.6	  -98.1	    0.0	    0.0	    0.0	    0.0	    0.0	    0.0	    0.0	    0.0	  100.0	   96.8	    0.0	    0.0	    0.0	    0.0	    0.4	  1	  -50.0	 1250.0	   96.8	    0.0	    0.0	1	   86.9	 21	 1399.9	   20.0	
   13	   1.30	  -36.4	 1345.6	  -98.1	    0.0	    0.0	    0.0	    0.0	    0.0	    0.0	    0.0	    0.0	  100.0	   96.5	    0.0	    0.0	    0.0	    0.0	    0.5	  1	  -50.0	 1250.0	   96.5	    0.0	    0.0	1	   86.9	 21	 1399.4	   19.9	
   14	   1.40	  -36.4	 1345.6	  -98.1	    0.0	    0.0	    0.0	    0.0	    0.0	    0.0	    0.0	    0.0	  100.0	   96.2	    0.0	    0.0	    0.0	    0.0	    0.5	  1	  -50.0	 1250.0	   96.2	    0.0	    0.0	1	   86.9	 21	 1399.0	   19.9	
   15	   1.50	  -36.4	 1345.6	  -98.1	    0.0	    0.0	    0.0	    0.0	    0.0	    0.0	    0.0	    0.0	  100.0	   95.9	    0.0	    0.0	    0.0	    0.0	    0.5	  1	  -50.0	 1250.0	   95.9	    0.0	    0.0	1	   86.9	 21	 1398.5	   19.9	
   16	   1.60	  -36.4	 1345.6	  -98.1	    0.0	    0.0	    0.0	    0.0	    0.0	    0.0	    0.0	    0.0	  100.0	   95.6	    0.0	    0.0	    0.0	    0.0	    0.6	  1	  -50.0	 1250.0	   95.6	    0.0	    0.0	1	   86.9	 21	 1398.0	   19.8	
   17	   1.70	  -36.4	 1345.6	  -98.1	    0.0	    0.0	    0.0	    0.0	    0.0	    0.0	    0.0	    0.0	  100.0	   95.3	    0.0	    0.0	    0.0	    0.0	    0.6	  1	  -50.0	 1250.0	   95.3	    0.0	    0.0	1	   86.9	 21	 1397.6	   19.8	
   18	   1.80	  -36.4	 1345.6	  -98.1	    0.0	    0.0	    0.0	    0.0	    0.0	    0.0	    0.0	    0.0	  100.0	   95.0	    0.0	    0.0	    0.0	    0.0	    0.7	  1	  -50.0	 1250.0	   95.0	    0.0	    0.0	1	   86.9	 21	 1397.1	   19.7	
   19	   1.90	  -36.4	 1345.6	  -98.1	    0.0	    0.0	    0.0	    0.0	    0.0	    0.0	    0.0	    0.0	  100.0	   94.7	    0.0	    0.0	    0.0	    0.0	    0.7	  1	  -50.0	 1250.0	   94.7	    0.0	    0.0	1	   86.9	 21	 1396.6	   19.7	
   20	   2.00	  -36.4	 1345.6	  -98.1	    0.0	    0.0	    0.0	    0.0	    0.0	    0.0	    0.0	    0.0	  100.0	   94.4	    0.0	    0.0	    0.0	    0.0	    0.7	  1	  -50.0	 1250.0	   94.4	    0.0	    0.0	1	   86.9	 21	 1396.2	   19.6	
   21	   2.10	  -36.4	 1345.6	  -98.1	    0.0	    0.0	    0.0	    0.0	    0.0	    0.0	    0.0	    0.0	  100.0	   94.2	    0.0	    0.0	    0.0	    0.0	    0.8	  1	  -50.0	 1250.0	   94.2	    0.0	    0.0	1	   86.9	 21	 1395.7	   19.6	
   22	   2.20	  -36.4	 1345.6	  -98.1	    0.0	    0.0	    0.0	    0.0	    0.0	    0.0	    0.0	    0.0	  100.0	   93.9	    0.0	    0.0	    0.0	    0.0	    0.8	  1	  -50.0	 1250.0	   93.9	    0.0	    0.0	1	   86.9	 21	 1395.3	   19.5	
   23	   2.30	  -36.4	 1345.6	  -98.1	    0.0	    0.0	    0.0	    0.0	    0.0	    0.0	    0.0	    0.0	  100.0	   93.6	    0.0	    0.0	    0.0	    0.0	    0.8	  1	  -50.0	 1250.0	   93.6	    0.0	    0.0	1	   86.9	 21	 1394.8	   19.5	
   24	   2.40	  -36.4	 1345.6	  -98.1	    0.0	    0.0	    0.0	    0.0	    0.0	    0.0	    0.0	    0.0	  100.0	   93.3	    0.0	    0.0	    0.0	    0.0	    0.9	  1	  -50.0	 1250.0	   93.3	    0.0	    0.0	1	   86.9	 21	 1394.3	   19.4	
   25	   2.50	  -36.4	 1345.6	  -98.1	    0.0	    0.0	    0.0	    0.0	    0.0	    0.0	    0.0	    0.0	  100.0	   93.0	    0.0	    0.0	    0.0	    0.0	    0.9	  1	  -50.0	 1250.0	   93.0	    0.0	    0.0	1	   86.9	 21	 1393.9	   19.4	
   26	   2.60	  -36.4	 1345.6	  -98.1	    0.0	    0.0	    0.0	    0.0	    0.0	    0.0	    0.0	    0.0	  100.0	   92.7	    0.0	    0.0	    0.0	    0.0	    0.9	  1	  -50.0	 1250.0	   92.7	    0.0	    0.0	1	   86.9	 21	 1393.4	   19.3	
   27	   2.70	  -36.4	 1345.6	  -98.1	    0.0	    0.0	    0.0	    0.0	    0.0	    0.0	    0.0	    0.0	  100.0	   92.4	    0.0	    0.0	    0.0	    0.0	    1.0	  1	  -50.0	 1250.0	   92.4	    0.0	    0.0	1	   86.9	 21	 1392.9	   19.3	
   28	   2.80	  -36.4	 1345.6	  -98.1	    0.0	    0.0	    0.0	    0.0	    0.0	    0.0	    0.0	    0.0	  100.0	   92.1	    0.0	    0.0	    0.0	    0.0	    1.0	  1	  -50.0	 1250.0	   92.1	    0.0	    0.0	1	   86.9	 21	 1392.5	   19.2	
   29	   2.90	  -36.4	 1345.6	  -98.1	    0.0	    0.0	    0.0	    0.0	    0.0	    0.0	    0.0	    0.0	  100.0	   91.8	    0.0	    0.0	    0.0	    0.0	    1.1	  1	  -50.0	 1250.0	   91.8	    0.0	    0.0	1	   86.9	 21	 1392.0	   19.2	
   30	   3.00	  -36.4	 1345.6	  -98.1	    0.0	    0.0	    0.0	    0.0	    0.0	    0.0	    0.0	    0.0	  100.0	   91.5	    0.0	    0.0	    0.0	    0.0	    1.1	  1	  -50.0	 1250.0	   91.5	    0.0	    0.0	1	   86.9	 21	 1391.5	   19.2	
   31	   3.10	  -36.4	 1345.6	  -98.1	    0.0	    0.0	    0.0	    0.0	    0.0	    0.0	    0.0	    0.0	  100.0	   91.2	    0.0	    0.0	    0.0	    0.0	    1.1	  1	  -50.0	 1250.0	   91.2	    0.0	    0.0	1	   86.9	 21	 1391.1	   19.1	
   32	   3.20	  -36.4	 1345.6	  -98.1	    0.0	    0.0	    0.0	    0.0	    0.0	    0.0	    0.0	    0.0	  100.0	   90.9	    0.0	    0.0	    0.0	    0.0	    1.2	  1	  -50.0	 1250.0	   90.9	    0.0	    0.0	1	   86.9	 21	 1390.6	   19.1	
   33	   3.30	  -36.4	 1345.6	  -98.1	    0.0	    0.0	    0.0	    0.0	    0.0	    0.0	    0.0	    0.0	  100.0	   90.6	    0.0	    0.0	    0.0	    0.0	    1.2	  1	  -50.0	 1250.0	   90.6	    0.0	    0.0	1	   86.9	 21	 1390.1	   19.0	
   34	   3.40	  -36.4	 1345.6	  -98.1	    0.0	    0.0	    0.0	    0.0	    0.0	    0.0	    0.0	    0.0	  100.0	   90.3	    0.0	    0.0	    0.0	    0.0	    1.2	  1	  -50.0	 1250.0	   90.3	    0.0	    0.0	1	   86.9	 21	 1389.7	   19.0	
   35	   3.50	  -36.4	 1345.6	  -98.1	    0.0	    0.0	    0.0	    0.0	    0.0	    0.0	    0.0	    0.0	  100.0	   90.0	    0.0	    0.0	    0.0	    0.0	    1.3	  1	  -50.0	 1250.0	   90.0	    0.0	    0.0	1	   86.9	 21	 1389.2	   18.9	
   36	   3.60	  -36.4	 1345.6	  -98.1	    0.0	    0.0	    0.0	    0.0	    0.0	    0.0	    0.0	    0.0	  100.0	   89.7	    0.0	    0.0	    0.0	    0.0	    1.3	  1	  -50.0	 1250.0	   89.7	    0.0	    0.0	1	   86.9	 21	 1388.7	   18.9	
   37	   3.70	  -36.4	 1345.6	  -98.1	    0.0	    0.0	    0.0	    0.0	    0.0	    0.0	    0.0	    0.0	  100.0	   89.4	    0.0	    0.0	    0.0	    0.0	    1.4	  1	  -50.0	 1250.0	   89.4	    0.0	    0.0	1	   86.9	 21	 1388.3	   18.8	
   38	   3.80	  -36.4	 1345.6	  -98.1	    0.0	    0.0	    0.0	    0.0	    0.0	    0.0	    0.0	    0.0	  100.0	   89.1	    0.0	    0.0	    0.0	    0.0	    1.4	  1	  -50.0	 1250.0	   89.1	    0.0	    0.0	1	   86.9	 21	 1387.8	   18.8	
   39	   3.90	  -36.4	 1345.6	  -98.1	    0.0	    0.0	    0.0	    0.0	    0.0	    0.0	    0.0	    0.0	  100.0	   88.8	    0.0	    0.0	    0.0	    0.0	    1.4	  1	  -50.0	 1250.0	   88.8	    0.0	    0.0	1	   86.9	 21	 1387.3	   18.7	
   40	   4.00	  -36.4	 1345.6	  -98.1	    0.0	    0.0	    0.0	    0.0	    0.0	    0.0	    0.0	    0.0	  100.0	   88.5	    0.0	    0.0	    0.0	    0.0	    1.5	  1	  -50.0	 1250.0	   88.5	    0.0	    0.0	1	   86.9	 21	 1386.9	   18.7	
   41	   4.10	  -36.4	 1345.6	  -98.1	    0.0	    0.0	    0.0	    0.0	    0.0	    0.0	    0.0	    0.0	  100.0	   88.2	    0.0	    0.0	    0.0	    0.0	    1.5	  1	  -50.0	 1250.0	   88.2	    0.0	    0.0	1	   86.9	 21	 1386.4	   18.6	
   42	   4.20	  -36.4	 1345.6	  -98.1	    0.0	    0.0	    0.0	    0.0	    0.0	    0.0	    0.0	    0.0	  100.0	   87.9	    0.0	    0.0	    0.0	    0.0	    1.5	  1	  -50.0	 1250.0	   87.9	    0.0	    0.0	1	   86.9	 21	 1386.0	   18.6	
   43	   4.30	  -36.4	 1345.6	  -98.1	    0.0	    0.0	    0.0	    0.0	    0.0	    0.0	    0.0	    0.0	  100.0	   87.6	    0.0	    0.0	    0.0	    0.0	    1.6	  1	  -50.0	 1250.0	   87.6	    0.0	    0.0	1	   86.9	 21	 1385.5	   18.5	
   44	   4.40	  -36.4	 1345.6	  -98.1	    0.0	    0.0	    0.0	    0.0	    0.0	    0.0	    0.0	    0.0	  100.0	   87.3	    0.0	    0.0	    0.0	    0.0	    1.6	  1	  -50.0	 1250.0	   87.3	    0.0	    0.0	1	   86.9	 21	 1385.0	   18.5	
   45	   4.50	  -36.4	 1345.6	  -98.1	    0.0	    0.0	    0.0	    0.0	    0.0	    0.0	    0.0	    0.0	  100.0	   87.0	    0.0	    0.0	    0.0	    0.0	    1.7	  1	  -50.0	 1250.0	   87.0	    0.0	    0.0	1	   86.9	 21	 1384.6	   18.5	
   46	   4.60	  -36.4	 1345.6	  -98.1	    0.0	    0.0	    0.0	    0.0	    0.0	    0.0	    0.0	    0.0	  100.0	   86.7	    0.0	    0.0	    0.0	    0.0	    1.7	  1	  -50.0	 1250.0	   86.7	    0.0	    0.0	1	   86.9	 21	 1384.1	   18.4	
   47	   4.70	  -36.4	 1345.6	  -98.1	    0.0	    0.0	    0.0	    0.0	    0.0	    0.0	    0.0	    0.0	  100.0	   86.4	    0.0	    0.0	    0.0	    0.0	    1.7	  1	  -50.0	 1250.0	   86.4	    0.0	    0.0	1	   86.9	 21	 1383.6	   18.4	
   48	   4.80	  -36.4	 1345.6	  -98.1	    0.0	    0.0	    0.0	    0.0	    0.0	    0.0	    0.0	    0.0	  100.0	   86.1	    0.0	    0.0	    0.0	    0.0	    1.8	  1	  -50.0	 1250.0	   86.1	    0.0	    0.0	1	   86.9	 21	 1383.2	   18.3	
   49	   4.90	  -36.4	 1345.6	  -98.1	    0.0	    0.0	    0.0	    0.0	    0.0	    0.0	    0.0	    0.0	  100.0	   85.8	    0.0	    0.0	    0.0	    0.0	    1.8	  1	  -50.0	 1250.0	   85.8	    0.0	    0.0	1	   86.9	 21	 1382.7	   18.3	
   50	   5.00	  -36.4	 1345.6	  -98.1	    0.0	    0.0	    0.0	    0.0	    0.0	    0.0	    0.0	    0.0	  100.0	   85.5	    0.0	    0.0	    0.0	    0.0	    1.8	  1	  -50.0	 1250.0	   85.5	    0.0	    0.0	1	   86.9	 21	 1382.2	   18.2	
   51	   5.10	  -36.4	 1345.6	  -98.1	    0.0	    0.0	    0.0	    0.0	    0.0	    0.0	    0.0	    0.0	  100.0	   85.2	    0.0	    0.0	    0.0	    0.0	    1.9	  1	  -50.0	 1250.0	   85.2	    0.0	    0.0	1	   86.9	 21	 1381.8	   18.2	
   52	   5.20	  -36.4	 1345.6	  -98.1	    0.0	    0.0	    0.0	    0.0	    0.0	    0.0	    0.0	    0.0	  100.0	   84.9	    0.0	    0.0	    0.0	    0.0	    1.9	  1	  -50.0	 1250.0	   84.9	    0.0	    0.0	1	   86.9	 21	 1381.3	   18.1	
   53	   5.30	  -36.4	 1345.6	  -98.1	    0.0	    0.0	    0.0	    0.0	    0.0	    0.0	    0.0	    0.0	  100.0	   84.6	    0.0	    0.0	    0.0	    0.0	    1.9	  1	  -50.0	 1250.0	   84.6	    0.0	    0.0	1	   86.9	 21	 1380.8	   18.1	
   54	   5.40	  -36.4	 1345.6	  -98.1	    0.0	    0.0	    0.0	    0.0	    0.0	    0.0	    0.0	    0.0	  100.0	   84.3	    0.0	    0.0	    0.0	    0.0	    2.0	  1	  -50.0	 1250.0	   84.3	    0.0	    0.0	1	   86.9	 21	 1380.4	   18.0	
   55	   5.50	  -36.4	 1345.6	  -98.1	    0.0	    0.0	    0.0	    0.0	    0.0	    0.0	    0.0	    0.0	  100.0	   84.0	    0.0	    0.0	    0.0	    0.0	    2.0	  1	  -50.0	 1250.0	   84.0	    0.0	    0.0	1	   86.9	 21	 1379.9	   18.0	
   56	   5.60	  -36.4	 1345.6	  -98.1	    0.0	    0.0	    0.0	    0.0	    0.0	    0.0	    0.0	    0.0	  100.0	   83.7	    0.0	    0.0	    0.0	    0.0	    2.1	  1	  -50.0	 1250.0	   83.7	    0.0	    0.0	1	   86.9	 21	 1379.4	   17.9	
   57	   5.70	  -36.4	 1345.6	  -98.1	    0.0	    0.0	    0.0	    0.0	    0.0	    0.0	    0.0	    0.0	  100.0	   83.4	    0.0	    0.0	    0.0	    0.0	    2.1	  1	  -50.0	 1250.0	   83.4	    0.0	    0.0	1	   86.9	 21	 1379.0	   17.9	
   58	   5.80	  -36.4	 1345.6	  -98.1	    0.0	    0.0	    0.0	    0.0	    0.0	    0.0	    0.0	    0.0	  100.0	   83.2	    0.0	    0.0	    0.0	    0.0	    2.1	  1	  -50.0	 1250.0	   83.2	    0.0	    0.0	1	   86.9	 21	 1378.5	   17.9	
   59	   5.90	  -36.4	 1345.6	  -98.1	    0.0	    0.0	    0.0	    0.0	    0.0	    0.0	    0.0	    0.0	  100.0	   82.9	    0.0	    0.0	    0.0	    0.0	    2.2	  1	  -50.0	 1250.0	   82.9	    0.0	    0.0	1	   86.9	 21	 1378.0	   17.8	
   60	   6.00	  -36.4	 1345.6	  -98.1	    0.0	    0.0	    0.0	    0.0	    0.0	    0.0	    0.0	    0.0	  100.0	   82.6	    0.0	    0.0	    0.0	    0.0	    2.2	  1	  -50.0	 1250.0	   82.6	    0.0	    0.0	1	   86.9	 21	 1377.6	   17.8	
   61	   6.10	  -36.4	 1345.6	  -98.1	    0.0	    0.0	    0.0	    0.0	    0.0	    0.0	    0.0	    0.0	  100.0	   82.3	    0.0	    0.0	    0.0	    0.0	    2.2	  1	  -50.0	 1250.0	   82.3	    0.0	    0.0	1	   86.9	 21	 1377.1	   17.7	
   62	   6.20	  -36.4	 1345.6	  -98.1	    0.0	    0.0	    0.0	    0.0	    0.0	    0.0	    0.0	    0.0	  100.0	   82.0	    0.0	    0.0	    0.0	    0.0	    2.3	  1	  -50.0	 1250.0	   82.0	    0.0	    0.0	1	   86.9	 21	 1376.7	   17.7	
   63	   6.30	  -36.4	 1345.6	  -98.1	    0.0	    0.0	    0.0	    0.0	    0.0	    0.0	    0.0	    0.0	  100.0	   81.7	    0.0	    0.0	    0.0	    0.0	    2.3	  1	  -50.0	 1250.0	   81.7	    0.0	    0.0	1	   86.9	 21	 1376.2	   17.6	
   64	   6.40	  -36.4	 1345.6	  -98.1	    0.0	    0.0	    0.0	    0.0	    0.0	    0.0	    0.0	    0.0	  100.0	   81.4	    0.0	    0.0	    0.0	    0.0	    2.4	  1	  -50.0	 1250.0	   81.4	    0.0	    0.0	1	   86.9	 21	 1375.7	   17.6	
   65	   6.50	  -36.4	 1345.6	  -98.1	    0.0	    0.0	    0.0	    0.0	    0.0	    0.0	    0.0	    0.0	  100.0	   81.1	    0.0	    0.0	    0.0	    0.0	    2.4	  1	  -50.0	 1250.0	   81.1	    0.0	    0.0	1	   86.9	 21	 1375.3	   17.5	
   66	   6.60	  -36.4	 1345.6	  -98.1	    0.0	    0.0	    0.0	    0.0	    0.0	    0.0	    0.0	    0.0	  100.0	   80.8	    0.0	    0.0	    0.0	    0.0	    2.4	  1	  -50.0	 1250.0	   80.8	    0.0	    0.0	1	   86.9	 21	 1374.8	   17.5	
   67	   6.70	  -36.4	 1345.6	  -98.1	    0.0	    0.0	    0.0	    0.0	    0.0	    0.0	    0.0	    0.0	  100.0	   80.5	    0.0	    0.0	    0.0	    0.0	    2.5	  1	  -50.0	 1250.0	   80.5	    0.0	    0.0	1	   86.9	 21	 1374.3	   17.4	
   68	   6.80	  -36.4	 1345.6	  -98.1	    0.0	    0.0	    0.0	    0.0	    0.0	    0.0	    0.0	    0.0	  100.0	   80.2	    0.0	    0.0	    0.0	    0.0	    2.5	  1	  -50.0	 1250.0	   80.2	    0.0	    0.0	1	   86.9	 21	 1373.9	   17.4	
   69	   6.90	  -36.4	 1345.6	  -98.1	    0.0	    0.0	    0.0	    0.0	    0.0	    0.0	    0.0	    0.0	  100.0	   79.9	    0.0	    0.0	    0.0	    0.0	    2.5	  1	  -50.0	 1250.0	   79.9	    0.0	    0.0	1	   86.9	 21	 1373.4	   17.3	
   70	   7.00	  -36.4	 1345.6	  -98.1	    0.0	    0.0	    0.0	    0.0	    0.0	    0.0	    0.0	    0.0	  100.0	   79.6	    0.0	    0.0	    0.0	    0.0	    2.6	  1	  -50.0	 1250.0	   79.6	    0.0	    0.0	1	   86.9	 21	 1372.9	   17.3	
   71	   7.10	  -36.4	 1345.6	  -98.1	    0.0	    0.0	    0.0	    0.0	    0.0	    0.0	    0.0	    0.0	  100.0	   79.3	    0.0	    0.0	    0.0	    0.0	    2.6	  1	  -50.0	 1250.0	   79.3	    0.0	    0.0	1	   86.9	 21	 1372.5	   17.2	
   72	   7.20	  -36.4	 1345.6	  -98.1	    0.0	    0.0	    0.0	    0.0	    0.0	    0.0	    0.0	    0.0	  100.0	   79.0	    0.0	    0.0	    0.0	    0.0	    2.7	  1	  -50.0	 1250.0	   79.0	    0.0	    0.0	1	   86.9	 21	 1372.0	   17.2	
   73	   7.30	  -36.4	 1345.6	  -98.1	    0.0	    0.0	    0.0	    0.0	    0.0	    0.0	    0.0	    0.0	  100.0	   78.7	    0.0	    0.0	    0.0	    0.0	    2.7	  1	  -50.0	 1250.0	   78.7	    0.0	    0.0	1	   86.9	 21	 1371.5	   17.2	
   74	   7.40	  -36.4	 1345.6	  -98.1	    0.0	    0.0	    0.0	    0.0	    0.0	    0.0	    0.0	    0.0	  100.0	   78.4	    0.0	    0.0	    0.0	    0.0	    2.7	  1	  -50.0	 1250.0	   78.4	    0.0	    0.0	1	   86.9	 21	 1371.1	   17.1	
   75	   7.50	  -36.4	 1345.6	  -98.1	    0.0	    0.0	    0.0	    0.0	    0.0	    0.0	    0.0	    0.0	  100.0	   78.1	    0.0	    0.0	    0.0	    0.0	    2.8	  1	  -50.0	 1250.0	   78.1	    0.0	    0.0	1	   86.9	 21	 1370.6	   17.1	
   76	   7.60	  -36.4	 1345.6	  -98.1	    0.0	    0.0	    0.0	    0.0	    0.0	    0.0	    0.0	    0.0	  100.0	   77.8	    0.0	    0.0	    0.0	    0.0	    2.8	  1	  -50.0	 1250.0	   77.8	    0.0	    0.0	1	   86.9	 21	 1370.1	   17.0	
   77	   7.70	  -36.4	 1345.6	  -98.1	    0.0	    0.0	    0.0	    0.0	    0.0	    0.0	    0.0	    0.0	  100.0	   77.5	    0.0	    0.0	    0.0	    0.0	    2.8	  1	  -50.0	 1250.0	   77.5	    0.0	    0.0	1	   86.9	 21	 1369.7	   17.0	
   78	   7.80	  -36.4	 1345.6	  -98.1	    0.0	    0.0	    0.0	    0.0	    0.0	    0.0	    0.0	    0.0	  100.0	   77.2	    0.0	    0.0	    0.0	    0.0	    2.9	  1	  -50.0	 1250.0	   77.2	    0.0	    0.0	1	   86.9	 21	 1369.2	   16.9	
   79	   7.90	  -36.4	 1345.6	  -98.1	    0.0	    0.0	    0.0	    0.0	    0.0	    0.0	    0.0	    0.0	  100.0	   76.9	    0.0	    0.0	    0.0	    0.0	    2.9	  1	  -50.0	 1250.0	   76.9	    0.0	    0.0	1	   86.9	 21	 1368.7	   16.9	
   80	   8.00	  -36.4	 1345.6	  -98.1	    0.0	    0.0	    0.0	    0.0	    0.0	    0.0	    0.0	    0.0	  100.0	   76.6	    0.0	    0.0	    0.0	    0.0	    2.9	  1	  -50.0	 1250.0	   76.6	    0.0	    0.0	1	   86.9	 21	 1368.3	   16.8	
   81	   8.10	  -36.4	 1345.6	  -98.1	    0.0	    0.0	    0.0	    0.0	    0.0	    0.0	    0.0	    0.0	  100.0	   76.3	    0.0	    0.0	    0.0	    0.0	    3.0	  1	  -50.0	 1250.0	   76.3	    0.0	    0.0	1	   86.9	 21	 1367.8	   16.8	
   82	   8.20	  -36.4	 1345.6	  -98.1	    0.0	    0.0	    0.0	    0.0	    0.0	    0.0	    0.0	    0.0	  100.0	   76.0	    0.0	    0.0	    0.0	    0.0	    3.0	  1	  -50.0	 1250.0	   76.0	    0.0	    0.0	1	   86.9	 21	 1367.4	   16.7	
   83	   8.30	  -36.4	 1345.6	  -98.1	    0.0	    0.0	    0.0	    0.0	    0.0	    0.0	    0.0	    0.0	  100.0	   75.7	    0.0	    0.0	    0.0	    0.0	    3.1	  1	  -50.0	 1250.0	   75.7	    0.0	    0.0	1	   86.9	 21	 1366.9	   16.7	
   84	   8.40	  -36.4	 1345.6	  -98.1	    0.0	    0.0	    0.0	    0.0	    0.0	    0.0	    0.0	    0.0	  100.0	   75.4	    0.0	    0.0	    0.0	    0.0	    3.1	  1	  -50.0	 1250.0	   75.4	    0.0	    0.0	1	   86.9	 21	 1366.4	   16.6	
   85	   8.50	  -36.4	 1345.6	  -98.1	    0.0	    0.0	    0.0	    0.0	    0.0	    0.0	    0.0	    0.0	  100.0	   75.1	    0.0	    0.0	    0.0	    0.0	    3.1	  1	  -50.0	 1250.0	   75.1	    0.0	    0.0	1	   86.9	 21	 1366.0	   16.6	
   86	   8.60	  -36.4	 1345.6	  -98.1	    0.0	    0.0	    0.0	    0.0	    0.0	    0.0	    0.0	    0.0	  100.0	   74.8	    0.0	    0.0	    0.0	    0.0	    3.2	  1	  -50.0	 1250.0	   74.8	    0.0	    0.0	1	   86.9	 21	 1365.5	   16.5	
   87	   8.70	  -36.4	 1345.6	  -98.1	    0.0	    0.0	    0.0	    0.0	    0.0	    0.0	    0.0	    0.0	  100.0	   74.5	    0.0	    0.0	    0.0	    0.0	    3.2	  1	  -50.0	 1250.0	   74.5	    0.0	    0.0	1	   86.9	 21	 1365.0	   16.5	
   88	   8.80	  -36.4	 1345.6	  -98.1	    0.0	    0.0	    0.0	    0.0	    0.0	    0.0	    0.0	    0.0	  100.0	   74.2	    0.0	    0.0	    0.0	    0.0	    3.2	  1	  -50.0	 1250.0	   74.2	    0.0	    0.0	1	   86.9	 21	 1364.6	   16.5	
   89	   8.90	  -36.4	 1345.6	  -98.1	    0.0	    0.0	    0.0	    0.0	    0.0	    0.0	    0.0	    0.0	  100.0	   73.9	    0.0	    0.0	    0.0	    0.0	    3.3	  1	  -50.0	 1250.0	   73.9	    0.0	    0.0	1	   86.9	 21	 1364.1	   16.4	
   90	   9.00	  -36.4	 1345.6	  -98.1	    0.0	    0.0	    0.0	    0.0	    0.0	    0.0	    0.0	    0.0	  100.0	   73.6	    0.0	    0.0	    0.0	    0.0	    3.3	  1	  -50.0	 1250.0	   73.6	    0.0	    0.0	1	   86.9	 21	 1363.6	   16.4	
   91	   9.10	  -36.4	 1345.6	  -98.1	    0.0	    0.0	    0.0	    0.0	    0.0	    0.0	    0.0	    0.0	  100.0	   73.3	    0.0	    0.0	    0.0	    0.0	    3.4	  1	  -50.0	 1250.0	   73.3	    0.0	    0.0	1	   86.9	 21	 1363.2	   16.3	
   92	   9.20	  -36.4	 1345.6	  -98.1	    0.0	    0.0	    0.0	    0.0	    0.0	    0.0	    0.0	    0.0	  100.0	   73.0	    0.0	    0.0	    0.0	    0.0	    3.4	  1	  -50.0	 1250.0	   73.0	    0.0	    0.0	1	   86.9	 21	 1362.7	   16.3	
   93	   9.30	  -36.4	 1345.6	  -98.1	    0.0	    0.0	    0.0	    0.0	    0.0	    0.0	    0.0	    0.0	  100.0	   72.7	    0.0	    0.0	    0.0	    0.0	    3.4	  1	  -50.0	 1250.0	   72.7	    0.0	    0.0	1	   86.9	 21	 1362.2	   16.2	
   94	   9.40	  -36.4	 1345.6	  -98.1	    0.0	    0.0	    0.0	    0.0	    0.0	    0.0	    0.0	    0.0	  100.0	   72.4	    0.0	    0.0	    0.0	    0.0	    3.5	  1	  -50.0	 1250.0	   72.4	    0.0	    0.0	1	   86.9	 21	 1361.8	   16.2	
   95	   9.50	  -36.4	 1345.6	  -98.1	    0.0	    0.0	    0.0	    0.0	    0.0	    0.0	    0.0	    0.0	  100.0	   72.2	    0.0	    0.0	    0.0	    0.0	    3.5	  1	  -50.0	 1250.0	   72.2	    0.0	    0.0	1	   86.9	 21	 1361.3	   16.1	
   96	   9.60	  -36.4	 1345.6	  -98.1	    0.0	    0.0	    0.0	    0.0	    0.0	    0.0	    0.0	    0.0	  100.0	   71.9	    0.0	    0.0	    0.0	    0.0	    3.5	  1	  -50.0	 1250.0	   71.9	    0.0	    0.0	1	   86.9	 21	 1360.8	   16.1	
   97	   9.70	  -36.4	 1345.6	  -98.1	    0.0	    0.0	    0.0	    0.0	    0.0	    0.0	    0.0	    0.0	  100.0	   71.6	    0.0	    0.0	    0.0	    0.0	    3.6	  1	  -50.0	 1250.0	   71.6	    0.0	    0.0	1	   86.9	 21	 1360.4	   16.0	
   98	   9.80	  -36.4	 1345.6	  -98.1	    0.0	    0.0	    0.0	    0.0	    0.0	    0.0	    0.0	    0.0	  100.0	   71.3	    0.0	    0.0	    0.0	    0.0	    3.6	  1	  -50.0	 1250.0	   71.3	    0.0	    0.0	1	   86.9	 21	 1359.9	   16.0	
   99	   9.90	  -36.4	 1345.6	  -98.1	    0.0	    0.0	    0.0	    0.0	    0.0	    0.0	    0.0	    0.0	  100.0	   71.0	    0.0	    0.0	    0.0	    0.0	    3.7	  1	  -50.0	 1250.0	   71.0	    0.0	    0.0	1	   86.9	 21	 1359.4	   15.9	
  100	  10.00	  -36.4	 1345.6	  -98.1	    0.0	    0.0	    0.0	    0.0	    0.0	    0.0	    0.0	    0.0	  100.0	   70.7	    0.0	    0.0	    0.0	    0.0	    3.7	  1	  -50.0	 1250.0	   70.7	    0.0	    0.0	1	   86.9	 21	 1359.0	   15.9	
  101	  10.10	  -36.4	 1345.6	  -98.1	    0.0	    0.0	    0.0	    0.0	    0.0	    0.0	    0.0	    0.0	  100.0	   70.4	    0.0	    0.0	    0.0	    0.0	    3.7	  1	  -50.0	 1250.0	   70.4	    0.0	    0.0	1	   86.9	 21	 1358.5	   15.9	
  102	  10.20	  -36.4	 1345.6	  -98.1	    0.0	    0.0	    0.0	    0.0	    0.0	    0.0	    0.0	    0.0	  100.0	   70.1	    0.0	    0.0	    0.0	    0.0	    3.8	  1	  -50.0	 1250.0	   70.1	    0.0	    0.0	1	   86.9	 21	 1358.1	   15.8	
  103	  10.30	  -36.4	 1345.6	  -98.1	    0.0	    0.0	    0.0	    0.0	    0.0	    0.0	    0.0	    0.0	  100.0	   69.8	    0.0	    0.0	    0.0	    0.0	    3.8	  1	  -50.0	 1250.0	   69.8	    0.0	    0.0	1	   86.9	 21	 1357.6	   15.8	
  104	  10.40	  -36.4	 1345.6	  -98.1	    0.0	    0.0	    0.0	    0.0	    0.0	    0.0	    0.0	    0.0	  100.0	   69.5	    0.0	    0.0	    0.0	    0.0	    3.8	  1	  -50.0	 1250.0	   69.5	    0.0	    0.0	1	   86.9	 21	 1357.1	   15.7	
  105	  10.50	  -36.4	 1345.6	  -98.1	    0.0	    0.0	    0.0	    0.0	    0.0	    0.0	    0.0	    0.0	  100.0	   69.2	    0.0	    0.0	    0.0	    0.0	    3.9	  1	  -50.0	 1250.0	   69.2	    0.0	    0.0	1	   86.9	 21	 1356.7	   15.7	
  106	  10.60	  -36.4	 1345.6	  -98.1	    0.0	    0.0	    0.0	    0.0	    0.0	    0.0	    0.0	    0.0	  100.0	   68.9	    0.0	    0.0	    0.0	    0.0	    3.9	  1	  -50.0	 1250.0	   68.9	    0.0	    0.0	1	   86.9	 21	 1356.2	   15.6	
  107	  10.70	  -36.4	 1345.6	  -98.1	    0.0	    0.0	    0.0	    0.0	    0.0	    0.0	    0.0	    0.0	  100.0	   68.6	    0.0	    0.0	    0.0	    0.0	    3.9	  1	  -50.0	 1250.0	   68.6	    0.0	    0.0	1	   86.9	 21	 1355.7	   15.6	
  108	  10.80	  -36.4	 1345.6	  -98.1	    0.0	    0.0	    0.0	    0.0	    0.0	    0.0	    0.0	    0.0	  100.0	   68.3	    0.0	    0.0	    0.0	    0.0	    4.0	  1	  -50.0	 1250.0	   68.3	    0.0	    0.0	1	   86.9	 21	 1355.3	   15.5	
  109	  10.90	  -36.4	 1345.6	  -98.1	    0.0	    0.0	    0.0	    0.0	    0.0	    0.0	    0.0	    0.0	  100.0	   68.0	    0.0	    0.0	    0.0	    0.0	    4.0	  1	  -50.0	 1250.0	   68.0	    0.0	    0.0	1	   86.9	 21	 1354.8	   15.5	
  110	  11.00	  -36.4	 1345.6	  -98.1	    0.0	    0.0	    0.0	    0.0	    0.0	    0.0	    0.0	    0.0	  100.0	   67.7	    0.0	    0.0	    0.0	    0.0	    4.1	  1	  -50.0	 1250.0	   67.7	    0.0	    0.0	1	   86.9	 21	 1354.3	   15.4	
  111	  11.10	  -36.4	 1345.6	  -98.1	    0.0	    0.0	    0.0	    0.0	    0.0	    0.0	    0.0	    0.0	  100.0	   67.4	    0.0	    0.0	    0.0	    0.0	    4.1	  1	  -50.0	 1250.0	   67.4	    0.0	    0.0	1	   86.9	 21	 1353.9	   15.4	
  112	  11.20	  -36.4	 1345.6	  -98.1	    0.0	    0.0	    0.0	    0.0	    0.0	    0.0	    0.0	    0.0	  100.0	   67.1	    0.0	    0.0	    0.0	    0.0	    4.1	  1	  -50.0	 1250.0	   67.1	    0.0	    0.0	1	   86.9	 21	 1353.4	   15.3	
  113	  11.30	  -36.4	 1345.6	  -98.1	    0.0	    0.0	    0.0	    0.0	    0.0	    0.0	    0.0	    0.0	  100.0	   66.8	    0.0	    0.0	    0.0	    0.0	    4.2	  1	  -50.0	 1250.0	   66.8	    0.0	    0.0	1	   86.9	 21	 1352.9	   15.3	
  114	  11.40	  -36.4	 1345.6	  -98.1	    0.0	    0.0	    0.0	    0.0	    0.0	    0.0	    0.0	    0.0	  100.0	   66.5	    0.0	    0.0	    0.0	    0.0	    4.2	  1	  -50.0	 1250.0	   66.5	    0.0	    0.0	1	   86.9	 21	 1352.5	   15.2	
  115	  11.50	  -36.4	 1345.6	  -98.1	    0.0	    0.0	    0.0	    0.0	    0.0	    0.0	    0.0	    0.0	  100.0	   66.2	    0.0	    0.0	    0.0	    0.0	    4.2	  1	  -50.0	 1250.0	   66.2	    0.0	    0.0	1	   86.9	 21	 1352.0	   15.2	
  116	  11.60	  -36.4	 1345.6	  -98.1	    0.0	    0.0	    0.0	    0.0	    0.0	    0.0	    0.0	    0.0	  100.0	   65.9	    0.0	    0.0	    0.0	    0.0	    4.3	  1	  -50.0	 1250.0	   65.9	    0.0	    0.0	1	   86.9	 21	 1351.5	   15.2	
  117	  11.70	  -36.4	 1345.6	  -98.1	    0.0	    0.0	    0.0	    0.0	    0.0	    0.0	    0.0	    0.0	  100.0	   65.6	    0.0	    0.0	    0.0	    0.0	    4.3	  1	  -50.0	 1250.0	   65.6	    0.0	    0.0	1	   86.9	 21	 1351.1	   15.1	
  118	  11.80	  -36.4	 1345.6	  -98.1	    0.0	    0.0	    0.0	    0.0	    0.0	    0.0	    0.0	    0.0	  100.0	   65.3	    0.0	    0.0	    0.0	    0.0	    4.4	  1	  -50.0	 1250.0	   65.3	    0.0	    0.0	1	   86.9	 21	 1350.6	   15.1	
  119	  11.90	  -36.4	 1345.6	  -98.1	    0.0	    0.0	    0.0	    0.0	    0.0	    0.0	    0.0	    0.0	  100.0	   65.0	    0.0	    0.0	    0.0	    0.0	    4.4	  1	  -50.0	 1250.0	   65.0	    0.0	    0.0	1	   86.9	 21	 1350.2	   15.0	
  120	  12.00	  -36.4	 1345.6	  -98.1	    0.0	    0.0	    0.0	    0.0	    0.0	    0.0	    0.0	    0.0	  100.0	   64.7	    0.0	    0.0	    0.0	    0.0	    4.4	  1	  -50.0	 1250.0	   64.7	    0.0	    0.0	1	   86.9	 21	 1349.7	   15.0	
  121	  12.10	  -36.4	 1345.6	  -98.1	    0.0	    0.0	    0.0	    0.0	    0.0	    0.0	    0.0	    0.0	  100.0	   64.4	    0.0	    0.0	    0.0	    0.0	    4.5	  1	  -50.0	 1250.0	   64.4	    0.0	    0.0	1	   86.9	 21	 1349.2	   14.9	
  122	  12.20	  -36.4	 1345.6	  -98.1	    0.0	    0.0	    0.0	    0.0	    0.0	    0.0	    0.0	    0.0	  100.0	   64.1	    0.0	    0.0	    0.0	    0.0	    4.5	  1	  -50.0	 1250.0	   64.1	    0.0	    0.0	1	   86.9	 21	 1348.8	   14.9	
  123	  12.30	  -36.4	 1345.6	  -98.1	    0.0	    0.0	    0.0	    0.0	    0.0	    0.0	    0.0	    0.0	  100.0	   63.8	    0.0	    0.0	    0.0	    0.0	    4.5	  1	  -50.0	 1250.0	   63.8	    0.0	    0.0	1	   86.9	 21	 1348.3	   14.8	
  124	  12.40	  -36.4	 1345.6	  -98.1	    0.0	    0.0	    0.0	    0.0	    0.0	    0.0	    0.0	    0.0	  100.0	   63.5	    0.0	    0.0	    0.0	    0.0	    4.6	  1	  -50.0	 1250.0	   63.5	    0.0	    0.0	1	   86.9	 21	 1347.8	   14.8	
  125	  12.50	  -36.4	 1345.6	  -98.1	    0.0	    0.0	    0.0	    0.0	    0.0	    0.0	    0.0	    0.0	  100.0	   63.2	    0.0	    0.0	    0.0	    0.0	    4.6	  1	  -50.0	 1250.0	   63.2	    0.0	    0.0	1	   86.9	 21	 1347.4	   14.7	
  126	  12.60	  -36.4	 1345.6	  -98.1	    0.0	    0.0	    0.0	    0.0	    0.0	    0.0	    0.0	    0.0	  100.0	   62.9	    0.0	    0.0	    0.0	    0.0	    4.7	  1	  -50.0	 1250.0	   62.9	    0.0	    0.0	1	   86.9	 21	 1346.9	   14.7	
  127	  12.70	  -36.4	 1345.6	  -98.1	    0.0	    0.0	    0.0	    0.0	    0.0	    0.0	    0.0	    0.0	  100.0	   62.6	    0.0	    0.0	    0.0	    0.0	    4.7	  1	  -50.0	 1250.0	   62.6	    0.0	    0.0	1	   86.9	 21	 1346.4	   14.6	
  128	  12.80	  -36.4	 1345.6	  -98.1	    0.0	    0.0	    0.0	    0.0	    0.0	    0.0	    0.0	    0.0	  100.0	   62.3	    0.0	    0.0	    0.0	    0.0	    4.7	  1	  -50.0	 1250.0	   62.3	    0.0	    0.0	1	   86.9	 21	 1346.0	   14.6	
  129	  12.90	  -36.4	 1345.6	  -98.1	    0.0	    0.0	    0.0	    0.0	    0.0	    0.0	    0.0	    0.0	  100.0	   62.0	    0.0	    0.0	    0.0	    0.0	    4.8	  1	  -50.0	 1250.0	   62.0	    0.0	    0.0	1	   86.9	 21	 1345.5	   14.6	
  130	  13.00	  -36.4	 1345.6	  -98.1	    0.0	    0.0	    0.0	    0.0	    0.0	    0.0	    0.0	    0.0	  100.0	   61.7	    0.0	    0.0	    0.0	    0.0	    4.8	  1	  -50.0	 1250.0	   61.7	    0.0	    0.0	1	   86.9	 21	 1345.0	   14.5	
  131	  13.10	  -36.4	 1345.6	  -98.1	    0.0	    0.0	    0.0	    0.0	    0.0	    0.0	    0.0	    0.0	  100.0	   61.4	    0.0	    0.0	    0.0	    0.0	    4.8	  1	  -50.0	 1250.0	   61.4	    0.0	    0.0	1	   86.9	 21	 1344.6	   14.5	
  132	  13.20	  -36.4	 1345.6	  -98.1	    0.0	    0.0	    0.0	    0.0	    0.0	    0.0	    0.0	    0.0	  100.0	   61.2	    0.0	    0.0	    0.0	    0.0	    4.9	  1	  -50.0	 1250.0	   61.2	    0.0	    0.0	1	   86.9	 21	 1344.1	   14.4	
  133	  13.30	  -36.4	 1345.6	  -98.1	    0.0	    0.0	    0.0	    0.0	    0.0	    0.0	    0.0	    0.0	  100.0	   60.9	    0.0	    0.0	    0.0	    0.0	    4.9	  1	  -50.0	 1250.0	   60.9	    0.0	    0.0	1	   86.9	 21	 1343.6	   14.4	
  134	  13.40	  -36.4	 1345.6	  -98.1	    0.0	    0.0	    0.0	    0.0	    0.0	    0.0	    0.0	    0.0	  100.0	   60.6	    0.0	    0.0	    0.0	    0.0	    4.9	  1	  -50.0	 1250.0	   60.6	    0.0	    0.0	1	   86.9	 21	 1343.2	   14.3	
  135	  13.50	  -36.4	 1345.6	  -98.1	    0.0	    0.0	    0.0	    0.0	    0.0	    0.0	    0.0	    0.0	  100.0	   60.3	    0.0	    0.0	    0.0	    0.0	    5.0	  1	  -50.0	 1250.0	   60.3	    0.0	    0.0	1	   86.9	 21	 1342.7	   14.3	
  136	  13.60	  -36.4	 1345.6	  -98.1	    0.0	    0.0	    0.0	    0.0	    0.0	    0.0	    0.0	    0.0	  100.0	   60.0	    0.0	    0.0	    0.0	    0.0	    5.0	  1	  -50.0	 1250.0	   60.0	    0.0	    0.0	1	   86.9	 21	 1342.2	   14.2	
  137	  13.70	  -36.4	 1345.6	  -98.1	    0.0	    0.0	    0.0	    0.0	    0.0	    0.0	    0.0	    0.0	  100.0	   59.7	    0.0	    0.0	    0.0	    0.0	    5.1	  1	  -50.0	 1250.0	   59.7	    0.0	    0.0	1	   86.9	 21	 1341.8	   14.2	
  138	  13.80	  -36.4	 1345.6	  -98.1	    0.0	    0.0	    0.0	    0.0	    0.0	    0.0	    0.0	    0.0	  100.0	   59.4	    0.0	    0.0	    0.0	    0.0	    5.1	  1	  -50.0	 1250.0	   59.4	    0.0	    0.0	1	   86.9	 21	 1341.3	   14.1	
  139	  13.90	  -36.4	 1345.6	  -98.1	 1326.4	 1738.9	    0.0	  200.0	  416.8	 1404.4	    0.0	  200.0	  100.0	   59.6	    0.0	    0.0	    0.0	    0.0	    5.1	  1	 1000.0	 2500.0	   59.6	    0.0	    0.0	1	  464.7	 21	 1208.3	 -191.7	
  140	  14.00	  -69.8	 1346.0	  179.3	 1326.4	 1738.9	    0.0	  200.0	  416.8	 1404.4	    0.0	  200.0	  100.0	   59.4	    0.0	    0.0	    0.0	    0.4	    5.2	  1	  950.0	 2500.0	   59.4	    0.0	    0.4	1	  370.0	 21	 1383.1	   18.3	
  141	  14.10	 -156.1	 1346.7	  179.6	 1326.4	 1738.9	    0.0	  200.0	  416.8	 1404.4	    0.0	  200.0	  100.0	   59.1	    0.0	    0.0	    0.0	    0.8	    5.2	  1	  950.0	 2500.0	   59.1	    0.0	    0.8	1	  378.7	 21	 1370.1	   17.0	
  142	  14.20	 -245.8	 1353.5	  175.1	 1326.4	 1738.9	    0.0	  200.0	  416.8	 1404.4	    0.0	  200.0	  100.0	   58.9	    0.0	    0.0	    0.0	    1.2	    5.2	  1	  950.0	 2500.0	   58.9	    0.0	    1.2	1	  384.5	 21	 1357.0	   15.7	
  143	  14.30	 -329.7	 1370.2	  168.2	 1326.4	 1738.9	    0.0	  200.0	  416.8	 1404.4	    0.0	  200.0	  100.0	   58.7	    0.0	    0.0	    0.0	    1.6	    5.2	  1	  950.0	 2500.0	   58.7	    0.0	    1.6	1	  367.3	 21	 1344.0	   14.4	
  144	  14.40	 -405.0	 1402.8	  154.1	 1332.9	 1740.2	    0.0	  200.0	  416.8	 1404.4	    0.0	  200.0	  100.0	   58.5	    0.0	    0.0	    0.0	    2.0	    5.2	  1	  950.0	 2500.0	   58.5	    0.0	    2.0	1	  326.9	 21	    0.0	    0.0	
  145	  14.50	 -451.3	 1448.7	  132.2	 1332.9	 1740.2	    0.0	  200.0	  416.8	 1404.4	    0.0	  200.0	  100.0	   58.4	    0.0	    0.0	    0.0	    2.4	    5.2	  1	  950.0	 2500.0	   58.4	    0.0	    2.4	1	  318.8	 21	    0.0	    0.0	
  146	  14.60	 -481.2	 1506.3	  114.4	 1332.9	 1740.2	    0.0	  200.0	  416.8	 1404.4	    0.0	  200.0	  100.0	   58.2	    0.0	    0.0	    0.0	    2.8	    5.1	  1	  950.0	 2500.0	   58.2	    0.0	    2.8	1	  332.0	 21	  577.0	-1229.8	
  147	  14.70	 -495.8	 1575.9	   99.5	 1332.9	 1740.2	    0.0	  200.0	  416.8	 1404.4	    0.0	  200.0	  100.0	   58.0	    0.0	    0.0	    0.0	    3.2	    5.1	  1	  950.0	 2500.0	   58.0	    0.0	    3.2	1	  352.6	 21	  588.0	-1119.6	
  148	  14.80	 -495.2	 1650.2	   88.2	 1332.9	 1740.2	    0.0	  200.0	  416.8	 1404.4	    0.0	  200.0	  100.0	   57.9	    0.0	    0.0	    0.0	    3.6	    5.0	  1	  950.0	 2500.0	   57.9	    0.0	    3.6	1	  374.4	 21	  597.9	-1021.3	
  149	  14.90	 -482.3	 1734.5	   80.0	 1332.9	 1740.2	    0.0	  200.0	  416.8	 1404.4	    0.0	  200.0	  100.0	   57.7	    0.0	    0.0	    0.0	    4.0	    4.9	  1	  950.0	 2500.0	   57.7	    0.0	    4.0	1	  393.6	 21	  607.1	 -928.9	
  150	  15.00	 -458.8	 1818.5	   73.3	 1323.2	 1741.0	    0.0	  200.0	  416.8	 1404.4	    0.0	  200.0	  100.0	   57.6	    0.0	    0.0	    0.0	    4.3	    4.8	  1	  950.0	 2500.0	   57.6	    0.0	    4.3	1	  406.7	 21	  615.3	 -847.0	
  151	  15.10	 -425.6	 1905.4	   68.2	 1323.2	 1741.0	    0.0	  200.0	  416.8	 1404.4	    0.0	  200.0	  100.0	   57.4	    0.0	    0.0	    0.0	    4.7	    4.7	  1	  950.0	 2500.0	   57.4	    0.0	    4.7	1	  416.8	 21	  623.3	 -767.5	
  152	  15.20	 -383.9	 1992.4	   63.8	 1323.2	 1741.0	    0.0	  200.0	  416.8	 1404.4	    0.0	  200.0	  100.0	   57.2	    0.0	    0.0	    0.0	    5.0	    4.6	  1	  950.0	 2500.0	   57.2	    0.0	    5.0	1	  415.3	 21	  624.1	 -759.1	
  153	  15.30	 -336.3	 2076.6	   60.1	 1323.2	 1741.0	    0.0	  200.0	  416.8	 1404.4	    0.0	  200.0	  100.0	   57.0	    0.0	    0.0	    0.0	    5.3	    4.5	  1	  950.0	 2500.0	   57.0	    0.0	    5.3	1	  421.6	 21	  632.5	 -674.7	
  154	  15.40	 -282.7	 2159.0	   56.3	 1323.2	 1741.0	    0.0	  200.0	  416.8	 1404.4	    0.0	  200.0	  100.0	   56.8	    0.0	    0.0	    0.0	    5.6	    4.4	  1	  950.0	 2500.0	   56.8	    0.0	    5.6	1	  404.0	 21	  634.6	 -653.6	
  155	  15.50	 -224.7	 2231.0	   50.4	 1322.6	 1743.6	    0.0	  200.0	  416.8	 1404.4	    0.0	  200.0	  100.0	   56.6	    0.0	    0.0	    0.0	    5.9	    4.3	  1	  950.0	 2500.0	   56.6	    0.0	    5.9	1	  367.1	 21	  642.0	 -580.0	
  156	  15.60	 -162.6	 2289.0	   41.8	 1322.6	 1743.6	    0.0	  200.0	  416.8	 1404.4	    0.0	  200.0	  100.0	   56.3	    0.0	    0.0	    0.0	    6.1	    4.2	  1	  950.0	 2500.0	   56.3	    0.0	    6.1	1	  335.9	 21	  644.0	 -559.8	
  157	  15.70	  -99.8	 2334.6	   34.8	 1322.6	 1743.6	    0.0	  200.0	  416.8	 1404.4	    0.0	  200.0	  100.0	   56.1	    0.0	    0.0	    0.0	    6.3	    4.1	  1	  950.0	 2500.0	   56.1	    0.0	    6.3	1	  315.5	 21	  647.3	 -527.2	
  158	  15.80	  -38.6	 2369.1	   28.5	 1322.6	 1743.6	    0.0	  200.0	  416.8	 1404.4	    0.0	  200.0	  100.0	   55.8	    0.0	    0.0	    0.0	    6.5	    4.1	  1	  950.0	 2500.0	   55.8	    0.0	    6.5	1	  300.7	 21	  652.2	 -478.4	
  159	  15.90	   26.5	 2398.0	   23.3	 1322.6	 1743.6	    0.0	  200.0	  416.8	 1404.4	    0.0	  200.0	  100.0	   55.6	    0.0	    0.0	    0.0	    6.7	    4.1	  1	  950.0	 2500.0	   55.6	    0.0	    6.7	1	  285.7	 21	  654.3	 -456.9	
  160	  16.00	   89.4	 2420.3	   18.9	 1322.6	 1743.6	    0.0	  200.0	  416.8	 1404.4	    0.0	  200.0	  100.0	   55.3	    0.0	    0.0	    0.0	    6.8	    4.1	  1	  950.0	 2500.0	   55.3	    0.0	    6.8	1	  204.9	 21	  659.9	 -400.8	
  161	  16.10	  137.4	 2438.3	   20.9	 1322.1	 1746.2	    0.0	  200.0	  416.8	 1404.4	    0.0	  200.0	  100.0	   55.0	    0.0	    0.0	    0.0	    7.0	    4.0	  1	  950.0	 2500.0	   55.0	    0.0	    7.0	1	  200.9	 21	  661.8	 -382.4	
  162	  16.20	  181.3	 2451.5	   16.2	 1322.1	 1746.2	    0.0	  200.0	  416.8	 1404.4	    0.0	  200.0	  100.0	   54.7	    0.0	    0.0	    0.0	    7.1	    4.0	  1	  950.0	 2500.0	   54.7	    0.0	    7.1	1	  199.4	 21	  665.6	 -343.7	
  163	  16.30	  228.1	 2462.6	   12.7	 1322.1	 1746.2	    0.0	  200.0	  416.8	 1404.4	    0.0	  200.0	  100.0	   54.4	    0.0	    0.0	    0.0	    7.2	    4.0	  1	  950.0	 2500.0	   54.4	    0.0	    7.2	1	  199.8	 21	  667.4	 -325.8	
  164	  16.40	  274.8	 2470.9	    9.8	 1332.9	 1740.2	    0.0	  200.0	  416.8	 1404.4	    0.0	  200.0	  100.0	   54.1	    0.0	    0.0	    0.0	    7.3	    4.0	  1	  950.0	 2500.0	   54.1	    0.0	    7.3	1	  201.7	 21	  670.9	 -290.8	
  165	  16.50	  321.9	 2477.4	    7.5	 1322.1	 1746.2	    0.0	  200.0	  416.8	 1404.4	    0.0	  200.0	  100.0	   53.7	    0.0	    0.0	    0.0	    7.3	    4.0	  1	  950.0	 2500.0	   53.7	    0.0	    7.3	1	  204.8	 21	  672.4	 -276.2	
  166	  16.60	  371.9	 2482.7	    5.7	 1322.1	 1746.2	    0.0	  200.0	  416.8	 1404.4	    0.0	  200.0	  100.0	   53.4	    0.0	    0.0	    0.0	    7.4	    4.0	  1	  950.0	 2500.0	   53.4	    0.0	    7.4	1	  209.1	 21	  675.1	 -249.1	
  167	  16.70	  420.7	 2486.4	    4.3	 1319.5	 1740.3	    0.0	  200.0	  416.8	 1404.4	    0.0	  200.0	  100.0	   53.1	    0.0	    0.0	    0.0	    7.4	    4.0	  1	  950.0	 2500.0	   53.1	    0.0	    7.4	1	  214.1	 21	  676.9	 -231.4	
  168	  16.80	  472.2	 2489.5	    3.3	 1319.5	 1740.3	    0.0	  200.0	  416.8	 1404.4	    0.0	  200.0	  100.0	   52.7	    0.0	    0.0	    0.0	    7.5	    4.0	  1	  950.0	 2500.0	   52.7	    0.0	    7.5	1	  219.9	 21	  679.1	 -209.4	
  169	  16.90	  526.3	 2492.0	    2.5	 1319.5	 1740.3	    0.0	  200.0	  416.8	 1404.4	    0.0	  200.0	  100.0	   52.4	    0.0	    0.0	    0.0	    7.5	    4.0	  1	  950.0	 2500.0	   52.4	    0.0	    7.5	1	  226.4	 21	    0.0	    0.0	
  170	  17.00	  578.7	 2493.7	    1.8	 1319.5	 1740.3	    0.0	  200.0	  416.8	 1404.4	    0.0	  200.0	  100.0	   52.0	    0.0	    0.0	    0.0	    7.4	    3.9	  1	  950.0	 2500.0	   52.0	    0.0	    7.4	1	  232.8	 21	    0.0	    0.0	
  171	  17.10	  635.4	 2495.2	    1.4	 1319.5	 1740.3	    0.0	  200.0	  416.8	 1404.4	    0.0	  200.0	  100.0	   51.6	    0.0	    0.0	    0.0	    7.4	    3.9	  1	  950.0	 2500.0	   51.6	    0.0	    7.4	1	  239.6	 21	    0.0	    0.0	
  172	  17.20	  692.6	 2496.3	    1.0	 1319.5	 1740.3	    0.0	  200.0	  416.8	 1404.4	    0.0	  200.0	  100.0	   51.2	    0.0	    0.0	    0.0	    7.3	    4.0	  1	  950.0	 2500.0	   51.2	    0.0	    7.3	1	  245.2	 21	    0.0	    0.0	
  173	  17.30	  750.7	 2497.1	    0.8	 1333.4	 1737.6	    0.0	  200.0	  416.8	 1404.4	    0.0	  200.0	  100.0	   50.8	    0.0	    0.0	    0.0	    7.3	    4.0	  1	  950.0	 2500.0	   50.8	    0.0	    7.3	1	  181.5	 21	    0.0	    0.0	
  174	  17.40	  797.2	 2497.8	    0.8	 1333.4	 1737.6	    0.0	  200.0	  416.8	 1404.4	    0.0	  200.0	  100.0	   50.4	    0.0	    0.0	    0.0	    7.2	    4.0	  1	  950.0	 2500.0	   50.4	    0.0	    7.2	1	  144.8	 21	    0.0	    0.0	
  175	  17.50	  832.3	 2498.3	    0.8	 1333.4	 1737.6	    0.0	  200.0	  416.8	 1404.4	    0.0	  200.0	  100.0	   50.0	    0.0	    0.0	    0.0	    7.0	    4.0	  1	  950.0	 2500.0	   50.0	    0.0	    7.0	1	  107.6	 21	    0.0	    0.0	
  176	  17.60	  859.4	 2498.7	    0.8	 1333.4	 1737.6	    0.0	  200.0	  416.8	 1404.4	    0.0	  200.0	  100.0	   49.6	    0.0	    0.0	    0.0	    6.9	    4.1	  1	  950.0	 2500.0	   49.6	    0.0	    6.9	1	   91.7	 21	    0.0	    0.0	
  177	  17.70	  882.4	 2499.0	    0.8	 1316.6	 1728.9	    0.0	  200.0	  416.8	 1404.4	    0.0	  200.0	  100.0	   49.2	    0.0	    0.0	    0.0	    6.8	    4.1	  1	  950.0	 2500.0	   49.2	    0.0	    6.8	1	   62.0	 21	    0.0	    0.0	
  178	  17.80	  885.1	 2499.0	  -60.6	 1316.6	 1728.9	    0.0	  200.0	  416.8	 1404.4	    0.0	  200.0	  100.0	   48.8	    0.0	    0.0	    0.0	    6.7	    4.2	  1	  950.0	 2500.0	   48.8	    0.0	    6.7	1	   68.6	 21	    0.0	    0.0	
  179	  17.90	  885.1	 2499.0	  -60.7	 1316.6	 1728.9	    0.0	  200.0	  416.8	 1404.4	    0.0	  200.0	  100.0	   48.4	    0.0	    0.0	    0.0	    6.5	    4.2	  1	  950.0	 2500.0	   48.4	    0.0	    6.5	1	   68.6	 21	    0.0	    0.0	
  180	  18.00	  885.1	 2499.0	  -60.7	 1316.6	 1728.9	    0.0	  200.0	  416.8	 1404.4	    0.0	  200.0	  100.0	   48.0	    0.0	    0.0	    0.0	    6.4	    4.2	  1	  950.0	 2500.0	   48.0	    0.0	    6.4	1	   68.6	 21	    0.0	    0.0	
  181	  18.10	  885.1	 2499.0	  -60.7	 1316.6	 1728.9	    0.0	  200.0	  416.8	 1404.4	    0.0	  200.0	  100.0	   47.6	    0.0	    0.0	    0.0	    6.3	    4.3	  1	  950.0	 2500.0	   47.6	    0.0	    6.3	1	   68.6	 21	    0.0	    0.0	
  182	  18.20	  885.1	 2499.0	  -60.7	 1277.6	 1724.2	    0.0	  200.0	  416.8	 1404.4	    0.0	  200.0	  100.0	   47.2	    0.0	    0.0	    0.0	    6.1	    4.3	  1	  950.0	 2500.0	   47.2	    0.0	    6.1	1	   68.6	 21	    0.0	    0.0	
  183	  18.30	  885.1	 2499.0	  -63.1	 1277.6	 1724.2	    0.0	  200.0	  416.8	 1404.4	    0.0	  200.0	  100.0	   46.8	    0.0	    0.0	    0.0	    6.0	    4.4	  1	  950.0	 2500.0	   46.8	    0.0	    6.0	1	   68.6	 21	    0.0	    0.0	
  184	  18.40	  885.1	 2499.0	  -63.1	 1277.6	 1724.2	    0.0	  200.0	  416.8	 1404.4	    0.0	  200.0	  100.0	   46.4	    0.0	    0.0	    0.0	    5.9	    4.4	  1	  950.0	 2500.0	   46.4	    0.0	    5.9	1	   68.6	 21	    0.0	    0.0	
  185	  18.50	  885.1	 2499.0	  -63.1	 1277.6	 1724.2	    0.0	  200.0	  416.8	 1404.4	    0.0	  200.0	  100.0	   45.9	    0.0	    0.0	    0.0	    5.7	    4.5	  1	  950.0	 2500.0	   45.9	    0.0	    5.7	1	   68.6	 21	    0.0	    0.0	
  186	  18.60	  885.1	 2499.0	  -63.1	 1277.6	 1724.2	    0.0	  200.0	  416.8	 1404.4	    0.0	  200.0	  100.0	   45.5	    0.0	    0.0	    0.0	    5.6	    4.5	  1	  950.0	 2500.0	   45.5	    0.0	    5.6	1	   68.6	 21	    0.0	    0.0	
  187	  18.70	  885.1	 2499.0	  -63.1	 1227.3	 1737.2	    0.0	  200.0	  416.8	 1404.4	    0.0	  200.0	  100.0	   45.1	    0.0	    0.0	    0.0	    5.4	    4.6	  1	  950.0	 2500.0	   45.1	    0.0	    5.4	1	   68.6	 21	    0.0	    0.0	
  188	  18.80	  885.1	 2499.0	  -65.8	 1227.3	 1737.2	    0.0	  200.0	  416.8	 1404.4	    0.0	  200.0	  100.0	   44.7	    0.0	    0.0	    0.0	    5.3	    4.7	  1	  950.0	 2500.0	   44.7	    0.0	    5.3	1	   68.6	 21	    0.0	    0.0	
  189	  18.90	  885.1	 2499.0	  -65.8	 1227.3	 1737.2	    0.0	  200.0	  416.8	 1404.4	    0.0	  200.0	  100.0	   44.3	    0.0	    0.0	    0.0	    5.1	    4.7	  1	  950.0	 2500.0	   44.3	    0.0	    5.1	1	   68.6	 21	    0.0	    0.0	
  190	  19.00	  885.1	 2499.0	  -65.8	 1227.3	 1737.2	    0.0	  200.0	  416.8	 1404.4	    0.0	  200.0	  100.0	   43.9	    0.0	    0.0	    0.0	    5.0	    4.8	  1	  950.0	 2500.0	   43.9	    0.0	    5.0	1	   68.6	 21	    0.0	    0.0	
  191	  19.10	  885.1	 2499.0	  -65.8	 1227.3	 1737.2	    0.0	  200.0	  416.8	 1404.4	    0.0	  200.0	  100.0	   43.5	    0.0	    0.0	    0.0	    4.8	    4.8	  1	  950.0	 2500.0	   43.5	    0.0	    4.8	1	   68.6	 21	    0.0	    0.0	
  192	  19.20	  885.1	 2499.0	  -65.8	 1227.3	 1737.2	    0.0	  200.0	  416.8	 1404.4	    0.0	  200.0	  100.0	   43.0	    0.0	    0.0	    0.0	    4.7	    4.9	  1	  950.0	 2500.0	   43.0	    0.0	    4.7	1	   68.6	 21	    0.0	    0.0	
  193	  19.30	  885.1	 2499.0	  -65.8	 1227.3	 1737.2	    0.0	  200.0	  416.8	 1404.4	    0.0	  200.0	  100.0	   42.6	    0.0	    0.0	    0.0	    4.5	    4.9	  1	  950.0	 2500.0	   42.6	    0.0	    4.5	1	   68.6	 21	    0.0	    0.0	
  194	  19.40	  885.1	 2499.0	  -65.8	 1227.3	 1737.2	    0.0	  200.0	  416.8	 1404.4	    0.0	  200.0	  100.0	   42.2	    0.0	    0.0	    0.0	    4.4	    5.0	  1	  950.0	 2500.0	   42.2	    0.0	    4.4	1	   68.6	 21	 1399.2	   19.9	
  195	  19.50	  885.1	 2499.0	  -65.8	 1138.8	 1678.9	    0.0	  200.0	  416.8	 1404.4	    0.0	  200.0	  100.0	   41.8	    0.0	    0.0	    0.0	    4.2	    5.0	  1	  950.0	 2500.0	   41.8	    0.0	    4.2	1	   68.6	 21	 1395.1	   19.5	
  196	  19.60	  885.1	 2499.0	  -72.8	 1138.8	 1678.9	    0.0	  200.0	  416.8	 1404.4	    0.0	  200.0	  100.0	   41.4	    0.0	    0.0	    0.0	    4.1	    5.1	  1	  950.0	 2500.0	   41.4	    0.0	    4.1	1	   68.6	 21	 1395.4	   19.5	
  197	  19.70	  885.1	 2499.0	  -72.8	 1138.8	 1678.9	    0.0	  200.0	  416.8	 1404.4	    0.0	  200.0	  100.0	   41.0	    0.0	    0.0	    0.0	    3.9	    5.1	  1	  950.0	 2500.0	   41.0	    0.0	    3.9	1	   68.6	 21	 1394.0	   19.4	
  198	  19.80	  885.1	 2499.0	  -72.8	 1138.8	 1678.9	    0.0	  200.0	  416.8	 1404.4	    0.0	  200.0	  100.0	   40.6	    0.0	    0.0	    0.0	    3.8	    5.2	  1	  950.0	 2500.0	   40.6	    0.0	    3.8	1	   68.6	 21	 1392.6	   19.3	
  199	  19.90	  885.1	 2499.0	  -72.8	 1138.8	 1678.9	    0.0	  200.0	  416.8	 1404.4	    0.0	  200.0	  100.0	   40.1	    0.0	    0.0	    0.0	    3.7	    5.3	  1	  950.0	 2500.0	   40.1	    0.0	    3.7	1	   68.6	 21	 1391.1	   19.1	
  200	  20.00	  885.1	 2499.0	  -72.8	 1138.8	 1678.9	    0.0	  200.0	  416.8	 1404.4	    0.0	  200.0	  100.0	   39.7	    0.0	    0.0	    0.0	    3.5	    5.3	  1	  950.0	 2500.0	   39.7	    0.0	    3.5	1	   68.6	 21	 1389.7	   19.0	
  201	  20.10	  885.1	 2499.0	  -72.8	 1138.8	 1678.9	    0.0	  200.0	  416.8	 1404.4	    0.0	  200.0	  100.0	   39.3	    0.0	    0.0	    0.0	    3.4	    5.4	  1	  950.0	 2500.0	   39.3	    0.0	    3.4	1	   68.6	 21	 1388.2	   18.8	
  202	  20.20	  885.1	 2499.0	  -72.8	 1138.8	 1678.9	    0.0	  200.0	  416.8	 1404.4	    0.0	  200.0	  100.0	   38.9	    0.0	    0.0	    0.0	    3.2	    5.4	  1	  950.0	 2500.0	   38.9	    0.0	    3.2	1	   68.6	 21	 1386.7	   18.7	
  203	  20.30	  885.1	 2499.0	  -72.8	 1138.8	 1678.9	    0.0	  200.0	  416.8	 1404.4	    0.0	  200.0	  100.0	   38.5	    0.0	    0.0	    0.0	    3.1	    5.5	  1	  950.0	 2500.0	   38.5	    0.0	    3.1	1	   68.6	 21	 1385.3	   18.5	
  204	  20.40	  885.1	 2499.0	  -72.8	 1138.8	 1678.9	    0.0	  200.0	  416.8	 1404.4	    0.0	  200.0	  100.0	   38.1	    0.0	    0.0	    0.0	    3.0	    5.5	  1	  950.0	 2500.0	   38.1	    0.0	    3.0	1	   68.6	 21	 1383.8	   18.4	
  205	  20.50	  885.1	 2499.0	  -72.8	 1138.8	 1678.9	    0.0	  200.0	  416.8	 1404.4	    0.0	  200.0	  100.0	   37.7	    0.0	    0.0	    0.0	    2.8	    5.6	  1	  950.0	 2500.0	   37.7	    0.0	    2.8	1	   68.6	 21	 1382.3	   18.2	
  206	  20.60	  885.1	 2499.0	  -72.8	 1138.8	 1678.9	    0.0	  200.0	  416.8	 1404.4	    0.0	  200.0	  100.0	   37.3	    0.0	    0.0	    0.0	    2.7	    5.6	  1	  950.0	 2500.0	   37.3	    0.0	    2.7	1	   68.6	 21	 1380.7	   18.1	
  207	  20.70	  885.1	 2499.0	  -72.8	 1138.8	 1678.9	    0.0	  200.0	  416.8	 1404.4	    0.0	  200.0	  100.0	   36.9	    0.0	    0.0	    0.0	    2.5	    5.7	  1	  950.0	 2500.0	   36.9	    0.0	    2.5	1	   68.6	 21	 1379.2	   17.9	
  208	  20.80	  885.1	 2499.0	  -72.8	 1138.8	 1678.9	    0.0	  200.0	  416.8	 1404.4	    0.0	  200.0	  100.0	   36.4	    0.0	    0.0	    0.0	    2.4	    5.8	  1	  950.0	 2500.0	   36.4	    0.0	    2.4	1	   68.6	 21	 1377.7	   17.8	
  209	  20.90	  885.1	 2499.0	  -72.8	 1138.8	 1678.9	    0.0	  200.0	  416.8	 1404.4	    0.0	  200.0	  100.0	   36.0	    0.0	    0.0	    0.0	    2.2	    5.8	  1	  950.0	 2500.0	   36.0	    0.0	    2.2	1	   68.6	 21	 1376.1	   17.6	
  210	  21.00	  885.1	 2499.0	  -72.8	 1138.8	 1678.9	    0.0	  200.0	  416.8	 1404.4	    0.0	  200.0	  100.0	   35.6	    0.0	    0.0	    0.0	    2.1	    5.9	  1	  950.0	 2500.0	   35.6	    0.0	    2.1	1	   68.6	 21	 1374.5	   17.5	
  211	  21.10	  885.1	 2499.0	  -72.8	 1138.8	 1678.9	    0.0	  200.0	  416.8	 1404.4	    0.0	  200.0	  100.0	   35.2	    0.0	    0.0	    0.0	    2.0	    5.9	  1	  950.0	 2500.0	   35.2	    0.0	    2.0	1	   68.6	 21	 1372.9	   17.3	
  212	  21.20	  885.1	 2499.0	  -72.8	 1138.8	 1678.9	    0.0	  200.0	  416.8	 1404.4	    0.0	  200.0	  100.0	   34.8	    0.0	    0.0	    0.0	    1.8	    6.0	  1	  950.0	 2500.0	   34.8	    0.0	    1.8	1	   68.6	 21	 1371.3	   17.1	
  213	  21.30	  885.1	 2499.0	  -72.8	 1138.8	 1678.9	    0.0	  200.0	  416.8	 1404.4	    0.0	  200.0	  100.0	   34.4	    0.0	    0.0	    0.0	    1.7	    6.0	  1	  950.0	 2500.0	   34.4	    0.0	    1.7	1	   68.6	 21	 1369.7	   17.0	
  214	  21.40	  885.1	 2499.0	  -72.8	 1138.8	 1678.9	    0.0	  200.0	  416.8	 1404.4	    0.0	  200.0	  100.0	   34.0	    0.0	    0.0	    0.0	    1.5	    6.1	  1	  950.0	 2500.0	   34.0	    0.0	    1.5	1	   68.6	 21	 1368.1	   16.8	
  215	  21.50	  885.1	 2499.0	  -72.8	 1138.8	 1678.9	    0.0	  200.0	  416.8	 1404.4	    0.0	  200.0	  100.0	   33.6	    0.0	    0.0	    0.0	    1.4	    6.1	  1	  950.0	 2500.0	   33.6	    0.0	    1.4	1	   68.6	 21	 1366.4	   16.6	
  216	  21.60	  885.1	 2499.0	  -72.8	 1138.8	 1678.9	    0.0	  200.0	  416.8	 1404.4	    0.0	  200.0	  100.0	   33.1	    0.0	    0.0	    0.0	    1.3	    6.2	  1	  950.0	 2500.0	   33.1	    0.0	    1.3	1	   68.6	 21	 1364.8	   16.5	
  217	  21.70	  885.1	 2499.0	  -72.8	 1138.8	 1678.9	    0.0	  200.0	  416.8	 1404.4	    0.0	  200.0	  100.0	   32.7	    0.0	    0.0	    0.0	    1.1	    6.3	  1	  950.0	 2500.0	   32.7	    0.0	    1.1	1	   68.6	 21	 1363.1	   16.3	
  218	  21.80	  885.1	 2499.0	  -72.8	 1138.8	 1678.9	    0.0	  200.0	  416.8	 1404.4	    0.0	  200.0	  100.0	   32.3	    0.0	    0.0	    0.0	    1.0	    6.3	  1	  950.0	 2500.0	   32.3	    0.0	    1.0	1	   68.6	 21	 1361.3	   16.1	
  219	  21.90	  885.1	 2499.0	  -72.8	 1138.8	 1678.9	    0.0	  200.0	  416.8	 1404.4	    0.0	  200.0	  100.0	   31.9	    0.0	    0.0	    0.0	    0.8	    6.4	  1	  950.0	 2500.0	   31.9	    0.0	    0.8	1	   68.6	 21	 1359.6	   16.0	
  220	  22.00	  885.1	 2499.0	  -72.8	 1138.8	 1678.9	    0.0	  200.0	  416.8	 1404.4	    0.0	  200.0	  100.0	   31.5	    0.0	    0.0	    0.0	    0.7	    6.4	  1	  950.0	 2500.0	   31.5	    0.0	    0.7	1	   68.6	 21	 1357.9	   15.8	
  221	  22.10	  885.1	 2499.0	  -72.8	 1138.8	 1678.9	    0.0	  200.0	  416.8	 1404.4	    0.0	  200.0	  100.0	   31.1	    0.0	    0.0	    0.0	    0.5	    6.5	  1	  950.0	 2500.0	   31.1	    0.0	    0.5	1	   68.6	 21	 1356.1	   15.6	
  222	  22.20	  885.1	 2499.0	  -72.8	 1138.8	 1678.9	    0.0	  200.0	  416.8	 1404.4	    0.0	  200.0	  100.0	   30.7	    0.0	    0.0	    0.0	    0.4	    6.5	  1	  950.0	 2500.0	   30.7	    0.0	    0.4	1	   68.6	 21	 1354.3	   15.4	
  223	  22.30	  885.1	 2499.0	  -72.8	 1138.8	 1678.9	    0.0	  200.0	  416.8	 1404.4	    0.0	  200.0	  100.0	   30.3	    0.0	    0.0	    0.0	    0.3	    6.6	  1	  950.0	 2500.0	   30.3	    0.0	    0.3	1	   68.6	 21	 1352.4	   15.2	
  224	  22.40	  885.1	 2499.0	  -72.8	 1138.8	 1678.9	    0.0	  200.0	  416.8	 1404.4	    0.0	  200.0	  100.0	   29.8	    0.0	    0.0	    0.0	    0.1	    6.7	  1	  950.0	 2500.0	   29.8	    0.0	    0.1	1	   68.6	 21	 1350.6	   15.1	
  225	  22.50	  885.1	 2499.0	  -72.8	 1138.8	 1678.9	    0.0	  200.0	  416.8	 1404.4	    0.0	  200.0	  100.0	   29.4	    0.0	    0.0	    0.0	    0.0	    6.7	  1	  950.0	 2500.0	   29.4	    0.0	    0.0	1	   68.6	 21	 1348.8	   14.9	
  226	  22.60	  885.1	 2499.0	  -72.8	 1138.8	 1678.9	    0.0	  200.0	  416.8	 1404.4	    0.0	  200.0	  100.0	   29.0	    0.0	    0.0	    0.0	    0.0	    6.8	  1	  950.0	 2500.0	   29.0	    0.0	    0.0	1	   68.6	 21	 1347.3	   14.7	
  227	  22.70	  885.1	 2499.0	  -72.8	 1138.8	 1678.9	    0.0	  200.0	  416.8	 1404.4	    0.0	  200.0	  100.0	   28.6	    0.0	    0.0	    0.0	    0.0	    6.8	  1	  950.0	 2500.0	   28.6	    0.0	    0.0	1	   68.6	 21	 1345.9	   14.6	
  228	  22.80	  885.1	 2499.0	  -72.8	 1138.8	 1678.9	    0.0	  200.0	  416.8	 1404.4	    0.0	  200.0	  100.0	   28.2	    0.0	    0.0	    0.0	    0.0	    6.9	  1	  950.0	 2500.0	   28.2	    0.0	    0.0	1	   68.6	 21	 1344.5	   14.4	
  229	  22.90	  885.1	 2499.0	  -72.8	 1138.8	 1678.9	    0.0	  200.0	  416.8	 1404.4	    0.0	  200.0	  100.0	   27.8	    0.0	    0.0	    0.0	    0.0	    6.9	  1	  950.0	 2500.0	   27.8	    0.0	    0.0	1	   68.6	 21	 1343.1	   14.3	
  230	  23.00	  885.1	 2499.0	  -72.8	 1138.8	 1678.9	    0.0	  200.0	  416.8	 1404.4	    0.0	  200.0	  100.0	   27.4	    0.0	    0.0	    0.0	    0.0	    7.0	  1	  950.0	 2500.0	   27.4	    0.0	    0.0	1	   68.6	 21	 1341.6	   14.2	
  231	  23.10	  885.1	 2499.0	  -72.8	 1138.8	 1678.9	    0.0	  200.0	  416.8	 1404.4	    0.0	  200.0	  100.0	   27.0	    0.0	    0.0	    0.0	    0.0	    7.1	  1	  950.0	 2500.0	   27.0	    0.0	    0.0	1	   68.6	 21	 1340.2	   14.0	
  232	  23.20	  885.1	 2499.0	  -72.8	 1138.8	 1678.9	    0.0	  200.0	  416.8	 1404.4	    0.0	  200.0	  100.0	   26.6	    0.0	    0.0	    0.0	    0.0	    7.1	  1	  950.0	 2500.0	   26.6	    0.0	    0.0	1	   68.6	 21	 1338.8	   13.9	
  233	  23.30	  885.1	 2499.0	  -72.8	 1138.8	 1678.9	    0.0	  200.0	  416.8	 1404.4	    0.0	  200.0	  100.0	   26.1	    0.0	    0.0	    0.0	    0.0	    7.2	  1	  950.0	 2500.0	   26.1	    0.0	    0.0	1	   68.6	 21	 1337.3	   13.7	
  234	  23.40	  885.1	 2499.0	  -72.8	 1138.8	 1678.9	    0.0	  200.0	  416.8	 1404.4	    0.0	  200.0	  100.0	   25.7	    0.0	    0.0	    0.0	    0.0	    7.2	  1	  950.0	 2500.0	   25.7	    0.0	    0.0	1	   68.6	 21	 1335.9	   13.6	
  235	  23.50	  885.1	 2499.0	  -72.8	 1138.8	 1678.9	    0.0	  200.0	  416.8	 1404.4	    0.0	  200.0	  100.0	   25.3	    0.0	    0.0	    0.0	    0.0	    7.3	  1	  950.0	 2500.0	   25.3	    0.0	    0.0	1	   68.6	 21	 1334.5	   13.4	
  236	  23.60	  885.1	 2499.0	  -72.8	 1138.8	 1678.9	    0.0	  200.0	  416.8	 1404.4	    0.0	  200.0	  100.0	   24.9	    0.0	    0.0	    0.0	    0.0	    7.4	  1	  950.0	 2500.0	   24.9	    0.0	    0.0	1	   68.6	 21	 1333.1	   13.3	
  237	  23.70	  885.1	 2499.0	  -72.8	 1138.8	 1678.9	    0.0	  200.0	  416.8	 1404.4	    0.0	  200.0	  100.0	   24.5	    0.0	    0.0	    0.0	    0.0	    7.4	  1	  950.0	 2500.0	   24.5	    0.0	    0.0	1	   68.6	 21	 1331.6	   13.2	
  238	  23.80	  885.1	 2499.0	  -72.8	 1138.8	 1678.9	    0.0	  200.0	  416.8	 1404.4	    0.0	  200.0	  100.0	   24.1	    0.0	    0.0	    0.0	    0.0	    7.5	  1	  950.0	 2500.0	   24.1	    0.0	    0.0	1	   68.6	 21	 1330.2	   13.0	
  239	  23.90	  885.1	 2499.0	  -72.8	 1138.8	 1678.9	    0.0	  200.0	  416.8	 1404.4	    0.0	  200.0	  100.0	   23.7	    0.0	    0.0	    0.0	    0.0	    7.5	  1	  950.0	 2500.0	   23.7	    0.0	    0.0	1	   68.6	 21	 1328.8	   12.9	
  240	  24.00	  885.1	 2499.0	  -72.8	 1138.8	 1678.9	    0.0	  200.0	  416.8	 1404.4	    0.0	  200.0	  100.0	   23.3	    0.0	    0.0	    0.0	    0.0	    7.6	  1	  950.0	 2500.0	   23.3	    0.0	    0.0	1	   68.6	 21	 1327.4	   12.7	
  241	  24.10	  885.1	 2499.0	  -72.8	 1138.8	 1678.9	    0.0	  200.0	  416.8	 1404.4	    0.0	  200.0	  100.0	   22.8	    0.0	    0.0	    0.0	    0.0	    7.6	  1	  950.0	 2500.0	   22.8	    0.0	    0.0	1	   68.6	 21	 1325.9	   12.6	
  242	  24.20	  885.1	 2499.0	  -72.8	 1138.8	 1678.9	    0.0	  200.0	  416.8	 1404.4	    0.0	  200.0	  100.0	   22.4	    0.0	    0.0	    0.0	    0.0	    7.7	  1	  950.0	 2500.0	   22.4	    0.0	    0.0	1	   68.6	 21	 1324.5	   12.4	
  243	  24.30	  885.1	 2499.0	  -72.8	 1138.8	 1678.9	    0.0	  200.0	  416.8	 1404.4	    0.0	  200.0	  100.0	   22.0	    0.0	    0.0	    0.0	    0.0	    7.8	  1	  950.0	 2500.0	   22.0	    0.0	    0.0	1	   68.6	 21	 1323.1	   12.3	
  244	  24.40	  885.1	 2499.0	  -72.8	 1138.8	 1678.9	    0.0	  200.0	  416.8	 1404.4	    0.0	  200.0	  100.0	   21.6	    0.0	    0.0	    0.0	    0.0	    7.8	  1	  950.0	 2500.0	   21.6	    0.0	    0.0	1	   68.6	 21	 1321.6	   12.2	
