    1	   0.20	    0.0	    0.0	    0.0	    0.0	    0.0	    0.0	    0.0	    0.0	    0.0	    0.0	    0.0	  100.0	   99.9	    0.0	    0.0	    0.0	    0.0	    0.1	  1	-1000.0	  500.0	   99.9	    0.0	    0.0	1	  838.9	 21	    0.0	    5.0	
    2	   0.40	    0.0	    0.0	    0.0	    0.0	    0.0	    0.0	    0.0	    0.0	    0.0	    0.0	    0.0	  100.0	   99.4	    0.0	    0.0	    0.0	    0.0	    0.1	  1	  -50.0	 1250.0	   99.4	    0.0	    0.0	1	  974.6	 21	    0.0	    5.0	
    3	   0.60	    0.0	    0.0	    0.0	    0.0	    0.0	    0.0	    0.0	    0.0	    0.0	    0.0	    0.0	  100.0	   98.9	    0.0	    0.0	    0.0	    0.0	    0.2	  1	  -50.0	 1250.0	   98.9	    0.0	    0.0	1	  974.0	 21	    0.0	    5.0	
    4	   0.80	    0.0	    0.0	    0.0	    0.0	    0.0	    0.0	    0.0	    0.0	    0.0	    0.0	    0.0	  100.0	   98.4	    0.0	    0.0	    0.0	    0.0	    0.3	  1	  -50.0	 1250.0	   98.4	    0.0	    0.0	1	  973.3	 21	    0.0	    5.0	
    5	   1.00	    0.0	    0.0	    0.0	    0.0	    0.0	    0.0	    0.0	    0.0	    0.0	    0.0	    0.0	  100.0	   97.9	    0.0	    0.0	    0.0	    0.0	    0.3	  1	  -50.0	 1250.0	   97.9	    0.0	    0.0	1	  972.7	 21	    0.0	    5.0	
    6	   1.20	    0.0	    0.0	    0.0	    0.0	    0.0	    0.0	    0.0	    0.0	    0.0	    0.0	    0.0	  100.0	   97.4	    0.0	    0.0	    0.0	    0.0	    0.4	  1	  -50.0	 1250.0	   97.4	    0.0	    0.0	1	  972.0	 21	    0.0	    5.0	
    7	   1.40	    0.0	    0.0	    0.0	    0.0	    0.0	    0.0	    0.0	    0.0	    0.0	    0.0	    0.0	  100.0	   96.9	    0.0	    0.0	    0.0	    0.0	    0.4	  1	  -50.0	 1250.0	   96.9	    0.0	    0.0	1	  971.4	 21	    0.0	    5.0	
    8	   1.60	    0.0	    0.0	    0.0	    0.0	    0.0	    0.0	    0.0	    0.0	    0.0	    0.0	    0.0	  100.0	   96.4	    0.0	    0.0	    0.0	    0.0	    0.5	  1	  -50.0	 1250.0	   96.4	    0.0	    0.0	1	  970.7	 21	    0.0	    5.0	
    9	   1.80	    0.0	    0.0	    0.0	    0.0	    0.0	    0.0	    0.0	    0.0	    0.0	    0.0	    0.0	  100.0	   95.9	    0.0	    0.0	    0.0	    0.0	    0.6	  1	  -50.0	 1250.0	   95.9	    0.0	    0.0	1	  970.0	 21	    0.0	    5.0	
   10	   2.00	    0.0	    0.0	    0.0	    0.0	    0.0	    0.0	    0.0	    0.0	    0.0	    0.0	    0.0	  100.0	   95.4	    0.0	    0.0	    0.0	    0.0	    0.6	  1	  -50.0	 1250.0	   95.4	    0.0	    0.0	1	  969.4	 21	    0.0	    5.0	
   11	   2.20	    0.0	    0.0	    0.0	    0.0	    0.0	    0.0	    0.0	    0.0	    0.0	    0.0	    0.0	  100.0	   94.9	    0.0	    0.0	    0.0	    0.0	    0.7	  1	  -50.0	 1250.0	   94.9	    0.0	    0.0	1	  968.7	 21	    0.0	    5.0	
   12	   2.40	    0.0	    0.0	    0.0	    0.0	    0.0	    0.0	    0.0	    0.0	    0.0	    0.0	    0.0	  100.0	   94.4	    0.0	    0.0	    0.0	    0.0	    0.8	  1	  -50.0	 1250.0	   94.4	    0.0	    0.0	1	  968.0	 21	    0.0	    5.0	
   13	   2.60	    0.0	    0.0	    0.0	    0.0	    0.0	    0.0	    0.0	    0.0	    0.0	    0.0	    0.0	  100.0	   93.9	    0.0	    0.0	    0.0	    0.0	    0.8	  1	  -50.0	 1250.0	   93.9	    0.0	    0.0	1	  967.3	 21	    0.0	    5.0	
   14	   2.80	    0.0	 1500.0	    0.0	    0.0	    0.0	    0.0	    0.0	    0.0	    0.0	    0.0	    0.0	  100.0	   93.7	    0.0	    0.0	    0.0	    0.0	    0.6	  1	  -50.0	 1250.0	   93.7	    0.0	    0.0	1	  227.0	 21	 1396.5	   19.7	
   15	   3.00	    0.0	 1500.0	    0.0	    0.0	    0.0	    0.0	    0.0	    0.0	    0.0	    0.0	    0.0	  100.0	   93.4	    0.0	    0.0	    0.0	    0.0	    0.6	  1	  -50.0	 1250.0	   93.4	    0.0	    0.0	1	  227.0	 21	 1396.1	   19.6	
   16	   3.20	    0.0	 1500.0	    0.0	    0.0	    0.0	    0.0	    0.0	    0.0	    0.0	    0.0	    0.0	  100.0	   93.2	    0.0	    0.0	    0.0	    0.0	    0.6	  1	  -50.0	 1250.0	   93.2	    0.0	    0.0	1	  227.0	 21	 1395.7	   19.6	
   17	   3.40	    0.0	 1500.0	    0.0	    0.0	    0.0	    0.0	    0.0	    0.0	    0.0	    0.0	    0.0	  100.0	   92.9	    0.0	    0.0	    0.0	    0.0	    0.6	  1	  -50.0	 1250.0	   92.9	    0.0	    0.0	1	  227.0	 21	 1395.3	   19.5	
   18	   3.60	    0.0	 1500.0	    0.0	    0.0	    0.0	    0.0	    0.0	    0.0	    0.0	    0.0	    0.0	  100.0	   92.7	    0.0	    0.0	    0.0	    0.0	    0.7	  1	  -50.0	 1250.0	   92.7	    0.0	    0.0	1	  227.0	 21	 1394.9	   19.5	
   19	   3.80	    0.0	 1500.0	    0.0	    0.0	    0.0	    0.0	    0.0	    0.0	    0.0	    0.0	    0.0	  100.0	   92.4	    0.0	    0.0	    0.0	    0.0	    0.7	  1	  -50.0	 1250.0	   92.4	    0.0	    0.0	1	  227.0	 21	 1394.5	   19.5	
   20	   4.00	    0.0	 1500.0	    0.0	    0.0	    0.0	    0.0	    0.0	    0.0	    0.0	    0.0	    0.0	  100.0	   92.1	    0.0	    0.0	    0.0	    0.0	    0.7	  1	  -50.0	 1250.0	   92.1	    0.0	    0.0	1	  227.0	 21	 1394.1	   19.4	
   21	   4.20	    0.0	 1500.0	    0.0	    0.0	    0.0	    0.0	    0.0	    0.0	    0.0	    0.0	    0.0	  100.0	   91.9	    0.0	    0.0	    0.0	    0.0	    0.8	  1	  -50.0	 1250.0	   91.9	    0.0	    0.0	1	  227.0	 21	 1393.7	   19.4	
   22	   4.40	    0.0	 1500.0	    0.0	    0.0	    0.0	    0.0	    0.0	    0.0	    0.0	    0.0	    0.0	  100.0	   91.6	    0.0	    0.0	    0.0	    0.0	    0.8	  1	  -50.0	 1250.0	   91.6	    0.0	    0.0	1	  227.0	 21	 1393.3	   19.3	
   23	   4.60	    0.0	 1500.0	    0.0	    0.0	    0.0	    0.0	    0.0	    0.0	    0.0	    0.0	    0.0	  100.0	   91.4	    0.0	    0.0	    0.0	    0.0	    0.8	  1	  -50.0	 1250.0	   91.4	    0.0	    0.0	1	  227.0	 21	 1392.9	   19.3	
   24	   4.80	    0.0	 1500.0	    0.0	    0.0	    0.0	    0.0	    0.0	    0.0	    0.0	    0.0	    0.0	  100.0	   91.1	    0.0	    0.0	    0.0	    0.0	    0.9	  1	  -50.0	 1250.0	   91.1	    0.0	    0.0	1	  227.0	 21	 1392.5	   19.2	
   25	   5.00	    0.0	 1500.0	    0.0	    0.0	    0.0	    0.0	    0.0	    0.0	    0.0	    0.0	    0.0	  100.0	   90.9	    0.0	    0.0	    0.0	    0.0	    0.9	  1	  -50.0	 1250.0	   90.9	    0.0	    0.0	1	  227.0	 21	 1392.1	   19.2	
   26	   5.20	    0.0	 1500.0	    0.0	    0.0	    0.0	    0.0	    0.0	    0.0	    0.0	    0.0	    0.0	  100.0	   90.6	    0.0	    0.0	    0.0	    0.0	    0.9	  1	  -50.0	 1250.0	   90.6	    0.0	    0.0	1	  227.0	 21	 1391.7	   19.2	
   27	   5.40	    0.0	 1500.0	    0.0	    0.0	    0.0	    0.0	    0.0	    0.0	    0.0	    0.0	    0.0	  100.0	   90.4	    0.0	    0.0	    0.0	    0.0	    1.0	  1	  -50.0	 1250.0	   90.4	    0.0	    0.0	1	  227.0	 21	 1391.3	   19.1	
   28	   5.60	    0.0	 1500.0	    0.0	    0.0	    0.0	    0.0	    0.0	    0.0	    0.0	    0.0	    0.0	  100.0	   90.1	    0.0	    0.0	    0.0	    0.0	    1.0	  1	  -50.0	 1250.0	   90.1	    0.0	    0.0	1	  227.0	 21	 1390.9	   19.1	
   29	   5.80	    0.0	 1500.0	    0.0	    0.0	    0.0	    0.0	    0.0	    0.0	    0.0	    0.0	    0.0	  100.0	   89.9	    0.0	    0.0	    0.0	    0.0	    1.1	  1	  -50.0	 1250.0	   89.9	    0.0	    0.0	1	  227.0	 21	 1390.5	   19.0	
   30	   6.00	    0.0	 1500.0	    0.0	    0.0	    0.0	    0.0	    0.0	    0.0	    0.0	    0.0	    0.0	  100.0	   89.6	    0.0	    0.0	    0.0	    0.0	    1.1	  1	  -50.0	 1250.0	   89.6	    0.0	    0.0	1	  227.0	 21	 1390.1	   19.0	
   31	   6.20	    0.0	 1500.0	    0.0	    0.0	    0.0	    0.0	    0.0	    0.0	    0.0	    0.0	    0.0	  100.0	   89.3	    0.0	    0.0	    0.0	    0.0	    1.1	  1	  -50.0	 1250.0	   89.3	    0.0	    0.0	1	  227.0	 21	 1389.7	   19.0	
   32	   6.40	    0.0	 1500.0	    0.0	    0.0	    0.0	    0.0	    0.0	    0.0	    0.0	    0.0	    0.0	  100.0	   89.1	    0.0	    0.0	    0.0	    0.0	    1.2	  1	  -50.0	 1250.0	   89.1	    0.0	    0.0	1	  227.0	 21	 1389.3	   18.9	
   33	   6.60	    0.0	 1500.0	    0.0	    0.0	    0.0	    0.0	    0.0	    0.0	    0.0	    0.0	    0.0	  100.0	   88.8	    0.0	    0.0	    0.0	    0.0	    1.2	  1	  -50.0	 1250.0	   88.8	    0.0	    0.0	1	  227.0	 21	 1388.9	   18.9	
   34	   6.80	    0.0	 1500.0	    0.0	    0.0	    0.0	    0.0	    0.0	    0.0	    0.0	    0.0	    0.0	  100.0	   88.6	    0.0	    0.0	    0.0	    0.0	    1.3	  1	  -50.0	 1250.0	   88.6	    0.0	    0.0	1	  227.0	 21	 1388.5	   18.8	
   35	   7.00	    0.0	 1500.0	    0.0	    0.0	    0.0	    0.0	    0.0	    0.0	    0.0	    0.0	    0.0	  100.0	   88.3	    0.0	    0.0	    0.0	    0.0	    1.3	  1	  -50.0	 1250.0	   88.3	    0.0	    0.0	1	  227.0	 21	 1388.1	   18.8	
   36	   7.20	    0.0	 1500.0	    0.0	    0.0	    0.0	    0.0	    0.0	    0.0	    0.0	    0.0	    0.0	  100.0	   88.1	    0.0	    0.0	    0.0	    0.0	    1.3	  1	  -50.0	 1250.0	   88.1	    0.0	    0.0	1	  227.0	 21	 1387.7	   18.8	
   37	   7.40	    0.0	 1500.0	    0.0	    0.0	    0.0	    0.0	    0.0	    0.0	    0.0	    0.0	    0.0	  100.0	   87.8	    0.0	    0.0	    0.0	    0.0	    1.4	  1	  -50.0	 1250.0	   87.8	    0.0	    0.0	1	  227.0	 21	 1387.3	   18.7	
   38	   7.60	    0.0	 1500.0	    0.0	    0.0	    0.0	    0.0	    0.0	    0.0	    0.0	    0.0	    0.0	  100.0	   87.6	    0.0	    0.0	    0.0	    0.0	    1.4	  1	  -50.0	 1250.0	   87.6	    0.0	    0.0	1	  227.0	 21	 1386.9	   18.7	
   39	   7.80	    0.0	 1500.0	    0.0	    0.0	    0.0	    0.0	    0.0	    0.0	    0.0	    0.0	    0.0	  100.0	   87.3	    0.0	    0.0	    0.0	    0.0	    1.4	  1	  -50.0	 1250.0	   87.3	    0.0	    0.0	1	  227.0	 21	 1386.5	   18.6	
   40	   8.00	    0.0	 1500.0	    0.0	    0.0	    0.0	    0.0	    0.0	    0.0	    0.0	    0.0	    0.0	  100.0	   87.0	    0.0	    0.0	    0.0	    0.0	    1.5	  1	  -50.0	 1250.0	   87.0	    0.0	    0.0	1	  227.0	 21	 1386.1	   18.6	
   41	   8.20	    0.0	 1500.0	    0.0	    0.0	    0.0	    0.0	    0.0	    0.0	    0.0	    0.0	    0.0	  100.0	   86.8	    0.0	    0.0	    0.0	    0.0	    1.5	  1	  -50.0	 1250.0	   86.8	    0.0	    0.0	1	  227.0	 21	 1385.6	   18.6	
   42	   8.40	    0.0	 1500.0	    0.0	    0.0	    0.0	    0.0	    0.0	    0.0	    0.0	    0.0	    0.0	  100.0	   86.5	    0.0	    0.0	    0.0	    0.0	    1.6	  1	  -50.0	 1250.0	   86.5	    0.0	    0.0	1	  227.0	 21	 1385.2	   18.5	
   43	   8.60	    0.0	 1500.0	    0.0	    0.0	    0.0	    0.0	    0.0	    0.0	    0.0	    0.0	    0.0	  100.0	   86.3	    0.0	    0.0	    0.0	    0.0	    1.6	  1	  -50.0	 1250.0	   86.3	    0.0	    0.0	1	  227.0	 21	 1384.8	   18.5	
   44	   8.80	    0.0	 1500.0	    0.0	    0.0	    0.0	    0.0	    0.0	    0.0	    0.0	    0.0	    0.0	  100.0	   86.0	    0.0	    0.0	    0.0	    0.0	    1.6	  1	  -50.0	 1250.0	   86.0	    0.0	    0.0	1	  227.0	 21	 1384.4	   18.4	
   45	   9.00	    0.0	 1500.0	    0.0	    0.0	    0.0	    0.0	    0.0	    0.0	    0.0	    0.0	    0.0	  100.0	   85.8	    0.0	    0.0	    0.0	    0.0	    1.7	  1	  -50.0	 1250.0	   85.8	    0.0	    0.0	1	  227.0	 21	 1384.0	   18.4	
   46	   9.20	    0.0	 1500.0	    0.0	    0.0	    0.0	    0.0	    0.0	    0.0	    0.0	    0.0	    0.0	  100.0	   85.5	    0.0	    0.0	    0.0	    0.0	    1.7	  1	  -50.0	 1250.0	   85.5	    0.0	    0.0	1	  227.0	 21	 1383.6	   18.4	
   47	   9.40	    0.0	 1500.0	    0.0	    0.0	    0.0	    0.0	    0.0	    0.0	    0.0	    0.0	    0.0	  100.0	   85.3	    0.0	    0.0	    0.0	    0.0	    1.7	  1	  -50.0	 1250.0	   85.3	    0.0	    0.0	1	  227.0	 21	 1383.2	   18.3	
   48	   9.60	    0.0	 1500.0	    0.0	    0.0	    0.0	    0.0	    0.0	    0.0	    0.0	    0.0	    0.0	  100.0	   85.0	    0.0	    0.0	    0.0	    0.0	    1.8	  1	  -50.0	 1250.0	   85.0	    0.0	    0.0	1	  227.0	 21	 1382.8	   18.3	
   49	   9.80	    0.0	 1500.0	    0.0	    0.0	    0.0	    0.0	    0.0	    0.0	    0.0	    0.0	    0.0	  100.0	   84.8	    0.0	    0.0	    0.0	    0.0	    1.8	  1	  -50.0	 1250.0	   84.8	    0.0	    0.0	1	  227.0	 21	 1382.4	   18.2	
   50	  10.00	    0.0	 1500.0	    0.0	    0.0	    0.0	    0.0	    0.0	    0.0	    0.0	    0.0	    0.0	  100.0	   84.5	    0.0	    0.0	    0.0	    0.0	    1.9	  1	  -50.0	 1250.0	   84.5	    0.0	    0.0	1	  227.0	 21	 1382.0	   18.2	
   51	  10.20	    0.0	 1500.0	    0.0	    0.0	    0.0	    0.0	    0.0	    0.0	    0.0	    0.0	    0.0	  100.0	   84.2	    0.0	    0.0	    0.0	    0.0	    1.9	  1	  -50.0	 1250.0	   84.2	    0.0	    0.0	1	  227.0	 21	 1381.6	   18.2	
   52	  10.40	    0.0	 1500.0	    0.0	    0.0	    0.0	    0.0	    0.0	    0.0	    0.0	    0.0	    0.0	  100.0	   84.0	    0.0	    0.0	    0.0	    0.0	    1.9	  1	  -50.0	 1250.0	   84.0	    0.0	    0.0	1	  227.0	 21	 1381.2	   18.1	
   53	  10.60	    0.0	 1500.0	    0.0	    0.0	    0.0	    0.0	    0.0	    0.0	    0.0	    0.0	    0.0	  100.0	   83.7	    0.0	    0.0	    0.0	    0.0	    2.0	  1	  -50.0	 1250.0	   83.7	    0.0	    0.0	1	  227.0	 21	 1380.8	   18.1	
   54	  10.80	    0.0	 1500.0	    0.0	    0.0	    0.0	    0.0	    0.0	    0.0	    0.0	    0.0	    0.0	  100.0	   83.5	    0.0	    0.0	    0.0	    0.0	    2.0	  1	  -50.0	 1250.0	   83.5	    0.0	    0.0	1	  227.0	 21	 1380.4	   18.0	
   55	  11.00	    0.0	 1500.0	    0.0	    0.0	    0.0	    0.0	    0.0	    0.0	    0.0	    0.0	    0.0	  100.0	   83.2	    0.0	    0.0	    0.0	    0.0	    2.1	  1	  -50.0	 1250.0	   83.2	    0.0	    0.0	1	  227.0	 21	 1380.0	   18.0	
   56	  11.20	    0.0	 1500.0	    0.0	    0.0	    0.0	    0.0	    0.0	    0.0	    0.0	    0.0	    0.0	  100.0	   83.0	    0.0	    0.0	    0.0	    0.0	    2.1	  1	  -50.0	 1250.0	   83.0	    0.0	    0.0	1	  227.0	 21	 1379.6	   18.0	
   57	  11.40	    0.0	 1500.0	    0.0	    0.0	    0.0	    0.0	    0.0	    0.0	    0.0	    0.0	    0.0	  100.0	   82.7	    0.0	    0.0	    0.0	    0.0	    2.1	  1	  -50.0	 1250.0	   82.7	    0.0	    0.0	1	  227.0	 21	 1379.2	   17.9	
   58	  11.60	    0.0	 1500.0	    0.0	    0.0	    0.0	    0.0	    0.0	    0.0	    0.0	    0.0	    0.0	  100.0	   82.5	    0.0	    0.0	    0.0	    0.0	    2.2	  1	  -50.0	 1250.0	   82.5	    0.0	    0.0	1	  227.0	 21	 1378.8	   17.9	
   59	  11.80	    0.0	 1500.0	    0.0	    0.0	    0.0	    0.0	    0.0	    0.0	    0.0	    0.0	    0.0	  100.0	   82.2	    0.0	    0.0	    0.0	    0.0	    2.2	  1	  -50.0	 1250.0	   82.2	    0.0	    0.0	1	  227.0	 21	 1378.4	   17.8	
   60	  12.00	    0.0	 1500.0	    0.0	    0.0	    0.0	    0.0	    0.0	    0.0	    0.0	    0.0	    0.0	  100.0	   82.0	    0.0	    0.0	    0.0	    0.0	    2.2	  1	  -50.0	 1250.0	   82.0	    0.0	    0.0	1	  227.0	 21	 1378.0	   17.8	
   61	  12.20	    0.0	 1500.0	    0.0	    0.0	    0.0	    0.0	    0.0	    0.0	    0.0	    0.0	    0.0	  100.0	   81.7	    0.0	    0.0	    0.0	    0.0	    2.3	  1	  -50.0	 1250.0	   81.7	    0.0	    0.0	1	  227.0	 21	 1377.6	   17.8	
   62	  12.40	    0.0	 1500.0	    0.0	    0.0	    0.0	    0.0	    0.0	    0.0	    0.0	    0.0	    0.0	  100.0	   81.4	    0.0	    0.0	    0.0	    0.0	    2.3	  1	  -50.0	 1250.0	   81.4	    0.0	    0.0	1	  227.0	 21	 1377.2	   17.7	
   63	  12.60	    0.0	 1500.0	    0.0	    0.0	    0.0	    0.0	    0.0	    0.0	    0.0	    0.0	    0.0	  100.0	   81.2	    0.0	    0.0	    0.0	    0.0	    2.4	  1	  -50.0	 1250.0	   81.2	    0.0	    0.0	1	  227.0	 21	 1376.8	   17.7	
   64	  12.80	    0.0	 1500.0	    0.0	    0.0	    0.0	    0.0	    0.0	    0.0	    0.0	    0.0	    0.0	  100.0	   80.9	    0.0	    0.0	    0.0	    0.0	    2.4	  1	  -50.0	 1250.0	   80.9	    0.0	    0.0	1	  227.0	 21	 1376.4	   17.6	
   65	  13.00	    0.0	 1500.0	    0.0	    0.0	    0.0	    0.0	    0.0	    0.0	    0.0	    0.0	    0.0	  100.0	   80.7	    0.0	    0.0	    0.0	    0.0	    2.4	  1	  -50.0	 1250.0	   80.7	    0.0	    0.0	1	  227.0	 21	 1376.0	   17.6	
   66	  13.20	    0.0	 1500.0	    0.0	    0.0	    0.0	    0.0	    0.0	    0.0	    0.0	    0.0	    0.0	  100.0	   80.4	    0.0	    0.0	    0.0	    0.0	    2.5	  1	  -50.0	 1250.0	   80.4	    0.0	    0.0	1	  227.0	 21	 1375.6	   17.6	
   67	  13.40	    0.0	 1500.0	    0.0	    0.0	    0.0	    0.0	    0.0	    0.0	    0.0	    0.0	    0.0	  100.0	   80.2	    0.0	    0.0	    0.0	    0.0	    2.5	  1	  -50.0	 1250.0	   80.2	    0.0	    0.0	1	  227.0	 21	 1375.2	   17.5	
   68	  13.60	    0.0	 1500.0	    0.0	    0.0	    0.0	    0.0	    0.0	    0.0	    0.0	    0.0	    0.0	  100.0	   79.9	    0.0	    0.0	    0.0	    0.0	    2.5	  1	  -50.0	 1250.0	   79.9	    0.0	    0.0	1	  227.0	 21	 1374.8	   17.5	
   69	  13.80	    0.0	 1500.0	    0.0	    0.0	    0.0	    0.0	    0.0	    0.0	    0.0	    0.0	    0.0	  100.0	   79.7	    0.0	    0.0	    0.0	    0.0	    2.6	  1	  -50.0	 1250.0	   79.7	    0.0	    0.0	1	  227.0	 21	 1374.4	   17.4	
   70	  14.00	    0.0	 1500.0	    0.0	    0.0	    0.0	    0.0	    0.0	    0.0	    0.0	    0.0	    0.0	  100.0	   79.4	    0.0	    0.0	    0.0	    0.0	    2.6	  1	  -50.0	 1250.0	   79.4	    0.0	    0.0	1	  227.0	 21	 1374.0	   17.4	
   71	  14.20	    0.0	 1500.0	    0.0	    0.0	    0.0	    0.0	    0.0	    0.0	    0.0	    0.0	    0.0	  100.0	   79.1	    0.0	    0.0	    0.0	    0.0	    2.7	  1	  -50.0	 1250.0	   79.1	    0.0	    0.0	1	  227.0	 21	 1373.6	   17.4	
   72	  14.40	    0.0	 1500.0	    0.0	    0.0	    0.0	    0.0	    0.0	    0.0	    0.0	    0.0	    0.0	  100.0	   78.9	    0.0	    0.0	    0.0	    0.0	    2.7	  1	  -50.0	 1250.0	   78.9	    0.0	    0.0	1	  227.0	 21	 1373.2	   17.3	
   73	  14.60	    0.0	 1500.0	    0.0	    0.0	    0.0	    0.0	    0.0	    0.0	    0.0	    0.0	    0.0	  100.0	   78.6	    0.0	    0.0	    0.0	    0.0	    2.7	  1	  -50.0	 1250.0	   78.6	    0.0	    0.0	1	  227.0	 21	 1372.8	   17.3	
   74	  14.80	    0.0	 1500.0	    0.0	    0.0	    0.0	    0.0	    0.0	    0.0	    0.0	    0.0	    0.0	  100.0	   78.4	    0.0	    0.0	    0.0	    0.0	    2.8	  1	  -50.0	 1250.0	   78.4	    0.0	    0.0	1	  227.0	 21	 1372.4	   17.2	
   75	  15.00	    0.0	 1500.0	    0.0	    0.0	    0.0	    0.0	    0.0	    0.0	    0.0	    0.0	    0.0	  100.0	   78.1	    0.0	    0.0	    0.0	    0.0	    2.8	  1	  -50.0	 1250.0	   78.1	    0.0	    0.0	1	  227.0	 21	 1372.0	   17.2	
   76	  15.20	    0.0	 1500.0	    0.0	    0.0	    0.0	    0.0	    0.0	    0.0	    0.0	    0.0	    0.0	  100.0	   77.9	    0.0	    0.0	    0.0	    0.0	    2.8	  1	  -50.0	 1250.0	   77.9	    0.0	    0.0	1	  227.0	 21	 1371.5	   17.2	
   77	  15.40	    0.0	 1500.0	    0.0	    0.0	    0.0	    0.0	    0.0	    0.0	    0.0	    0.0	    0.0	  100.0	   77.6	    0.0	    0.0	    0.0	    0.0	    2.9	  1	  -50.0	 1250.0	   77.6	    0.0	    0.0	1	  227.0	 21	 1371.1	   17.1	
   78	  15.60	    0.0	 1500.0	    0.0	    0.0	    0.0	    0.0	    0.0	    0.0	    0.0	    0.0	    0.0	  100.0	   77.4	    0.0	    0.0	    0.0	    0.0	    2.9	  1	  -50.0	 1250.0	   77.4	    0.0	    0.0	1	  227.0	 21	 1370.7	   17.1	
   79	  15.80	    0.0	 1500.0	    0.0	    0.0	    0.0	    0.0	    0.0	    0.0	    0.0	    0.0	    0.0	  100.0	   77.1	    0.0	    0.0	    0.0	    0.0	    3.0	  1	  -50.0	 1250.0	   77.1	    0.0	    0.0	1	  227.0	 21	 1370.3	   17.0	
   80	  16.00	    0.0	 1500.0	    0.0	    0.0	    0.0	    0.0	    0.0	    0.0	    0.0	    0.0	    0.0	  100.0	   76.9	    0.0	    0.0	    0.0	    0.0	    3.0	  1	  -50.0	 1250.0	   76.9	    0.0	    0.0	1	  227.0	 21	 1369.9	   17.0	
   81	  16.20	    0.0	 1500.0	    0.0	    0.0	    0.0	    0.0	    0.0	    0.0	    0.0	    0.0	    0.0	  100.0	   76.6	    0.0	    0.0	    0.0	    0.0	    3.0	  1	  -50.0	 1250.0	   76.6	    0.0	    0.0	1	  227.0	 21	 1369.5	   17.0	
   82	  16.40	    0.0	 1500.0	    0.0	    0.0	    0.0	    0.0	    0.0	    0.0	    0.0	    0.0	    0.0	  100.0	   76.3	    0.0	    0.0	    0.0	    0.0	    3.1	  1	  -50.0	 1250.0	   76.3	    0.0	    0.0	1	  227.0	 21	 1369.1	   16.9	
   83	  16.60	    0.0	 1500.0	    0.0	    0.0	    0.0	    0.0	    0.0	    0.0	    0.0	    0.0	    0.0	  100.0	   76.1	    0.0	    0.0	    0.0	    0.0	    3.1	  1	  -50.0	 1250.0	   76.1	    0.0	    0.0	1	  227.0	 21	 1368.7	   16.9	
   84	  16.80	    0.0	 1500.0	    0.0	    0.0	    0.0	    0.0	    0.0	    0.0	    0.0	    0.0	    0.0	  100.0	   75.8	    0.0	    0.0	    0.0	    0.0	    3.2	  1	  -50.0	 1250.0	   75.8	    0.0	    0.0	1	  227.0	 21	 1368.3	   16.8	
   85	  17.00	    0.0	 1500.0	    0.0	    0.0	    0.0	    0.0	    0.0	    0.0	    0.0	    0.0	    0.0	  100.0	   75.6	    0.0	    0.0	    0.0	    0.0	    3.2	  1	  -50.0	 1250.0	   75.6	    0.0	    0.0	1	  227.0	 21	 1367.9	   16.8	
   86	  17.20	    0.0	 1500.0	    0.0	    0.0	    0.0	    0.0	    0.0	    0.0	    0.0	    0.0	    0.0	  100.0	   75.3	    0.0	    0.0	    0.0	    0.0	    3.2	  1	  -50.0	 1250.0	   75.3	    0.0	    0.0	1	  227.0	 21	 1367.5	   16.8	
   87	  17.40	    0.0	 1500.0	    0.0	    0.0	    0.0	    0.0	    0.0	    0.0	    0.0	    0.0	    0.0	  100.0	   75.1	    0.0	    0.0	    0.0	    0.0	    3.3	  1	  -50.0	 1250.0	   75.1	    0.0	    0.0	1	  227.0	 21	 1367.1	   16.7	
   88	  17.60	    0.0	 1500.0	    0.0	    0.0	    0.0	    0.0	    0.0	    0.0	    0.0	    0.0	    0.0	  100.0	   74.8	    0.0	    0.0	    0.0	    0.0	    3.3	  1	  -50.0	 1250.0	   74.8	    0.0	    0.0	1	  227.0	 21	 1366.7	   16.7	
   89	  17.80	    0.0	 1500.0	    0.0	    0.0	    0.0	    0.0	    0.0	    0.0	    0.0	    0.0	    0.0	  100.0	   74.6	    0.0	    0.0	    0.0	    0.0	    3.3	  1	  -50.0	 1250.0	   74.6	    0.0	    0.0	1	  227.0	 21	 1366.3	   16.6	
   90	  18.00	    0.0	 1500.0	    0.0	    0.0	    0.0	    0.0	    0.0	    0.0	    0.0	    0.0	    0.0	  100.0	   74.3	    0.0	    0.0	    0.0	    0.0	    3.4	  1	  -50.0	 1250.0	   74.3	    0.0	    0.0	1	  227.0	 21	 1365.9	   16.6	
   91	  18.20	    0.0	 1500.0	    0.0	    0.0	    0.0	    0.0	    0.0	    0.0	    0.0	    0.0	    0.0	  100.0	   74.1	    0.0	    0.0	    0.0	    0.0	    3.4	  1	  -50.0	 1250.0	   74.1	    0.0	    0.0	1	  227.0	 21	 1365.5	   16.6	
   92	  18.40	    0.0	 1500.0	    0.0	    0.0	    0.0	    0.0	    0.0	    0.0	    0.0	    0.0	    0.0	  100.0	   73.8	    0.0	    0.0	    0.0	    0.0	    3.5	  1	  -50.0	 1250.0	   73.8	    0.0	    0.0	1	  227.0	 21	 1365.1	   16.5	
   93	  18.60	    0.0	 1500.0	    0.0	    0.0	    0.0	    0.0	    0.0	    0.0	    0.0	    0.0	    0.0	  100.0	   73.5	    0.0	    0.0	    0.0	    0.0	    3.5	  1	  -50.0	 1250.0	   73.5	    0.0	    0.0	1	  227.0	 21	 1364.7	   16.5	
   94	  18.80	    0.0	 1500.0	    0.0	    0.0	    0.0	    0.0	    0.0	    0.0	    0.0	    0.0	    0.0	  100.0	   73.3	    0.0	    0.0	    0.0	    0.0	    3.5	  1	  -50.0	 1250.0	   73.3	    0.0	    0.0	1	  227.0	 21	 1364.3	   16.4	
   95	  19.00	    0.0	 1500.0	    0.0	    0.0	    0.0	    0.0	    0.0	    0.0	    0.0	    0.0	    0.0	  100.0	   73.0	    0.0	    0.0	    0.0	    0.0	    3.6	  1	  -50.0	 1250.0	   73.0	    0.0	    0.0	1	  227.0	 21	 1363.9	   16.4	
   96	  19.20	    0.0	 1500.0	    0.0	    0.0	    0.0	    0.0	    0.0	    0.0	    0.0	    0.0	    0.0	  100.0	   72.8	    0.0	    0.0	    0.0	    0.0	    3.6	  1	  -50.0	 1250.0	   72.8	    0.0	    0.0	1	  227.0	 21	 1363.5	   16.3	
   97	  19.40	    0.0	 1500.0	    0.0	    0.0	    0.0	    0.0	    0.0	    0.0	    0.0	    0.0	    0.0	  100.0	   72.5	    0.0	    0.0	    0.0	    0.0	    3.6	  1	  -50.0	 1250.0	   72.5	    0.0	    0.0	1	  227.0	 21	 1363.1	   16.3	
   98	  19.60	    0.0	 1500.0	    0.0	    0.0	    0.0	    0.0	    0.0	    0.0	    0.0	    0.0	    0.0	  100.0	   72.3	    0.0	    0.0	    0.0	    0.0	    3.7	  1	  -50.0	 1250.0	   72.3	    0.0	    0.0	1	  227.0	 21	 1362.7	   16.3	
   99	  19.80	    0.0	 1500.0	    0.0	    0.0	    0.0	    0.0	    0.0	    0.0	    0.0	    0.0	    0.0	  100.0	   72.0	    0.0	    0.0	    0.0	    0.0	    3.7	  1	  -50.0	 1250.0	   72.0	    0.0	    0.0	1	  227.0	 21	 1362.3	   16.2	
  100	  20.00	    0.0	 1500.0	    0.0	    0.0	    0.0	    0.0	    0.0	    0.0	    0.0	    0.0	    0.0	  100.0	   71.8	    0.0	    0.0	    0.0	    0.0	    3.8	  1	  -50.0	 1250.0	   71.8	    0.0	    0.0	1	  227.0	 21	 1361.9	   16.2	
  101	  20.20	    0.0	 1500.0	    0.0	    0.0	    0.0	    0.0	    0.0	    0.0	    0.0	    0.0	    0.0	  100.0	   71.5	    0.0	    0.0	    0.0	    0.0	    3.8	  1	  -50.0	 1250.0	   71.5	    0.0	    0.0	1	  227.0	 21	 1361.5	   16.1	
  102	  20.40	    0.0	 1500.0	    0.0	    0.0	    0.0	    0.0	    0.0	    0.0	    0.0	    0.0	    0.0	  100.0	   71.2	    0.0	    0.0	    0.0	    0.0	    3.8	  1	  -50.0	 1250.0	   71.2	    0.0	    0.0	1	  227.0	 21	 1361.1	   16.1	
  103	  20.60	    0.0	 1500.0	    0.0	    0.0	    0.0	    0.0	    0.0	    0.0	    0.0	    0.0	    0.0	  100.0	   71.0	    0.0	    0.0	    0.0	    0.0	    3.9	  1	  -50.0	 1250.0	   71.0	    0.0	    0.0	1	  227.0	 21	 1360.7	   16.1	
  104	  20.80	    0.0	 1500.0	    0.0	    0.0	    0.0	    0.0	    0.0	    0.0	    0.0	    0.0	    0.0	  100.0	   70.7	    0.0	    0.0	    0.0	    0.0	    3.9	  1	  -50.0	 1250.0	   70.7	    0.0	    0.0	1	  227.0	 21	 1360.3	   16.0	
  105	  21.00	    0.0	 1500.0	    0.0	    0.0	    0.0	    0.0	    0.0	    0.0	    0.0	    0.0	    0.0	  100.0	   70.5	    0.0	    0.0	    0.0	    0.0	    4.0	  1	  -50.0	 1250.0	   70.5	    0.0	    0.0	1	  227.0	 21	 1359.9	   16.0	
  106	  21.20	    0.0	 1500.0	    0.0	    0.0	    0.0	    0.0	    0.0	    0.0	    0.0	    0.0	    0.0	  100.0	   70.2	    0.0	    0.0	    0.0	    0.0	    4.0	  1	  -50.0	 1250.0	   70.2	    0.0	    0.0	1	  227.0	 21	 1359.5	   15.9	
  107	  21.40	    0.0	 1500.0	    0.0	    0.0	    0.0	    0.0	    0.0	    0.0	    0.0	    0.0	    0.0	  100.0	   70.0	    0.0	    0.0	    0.0	    0.0	    4.0	  1	  -50.0	 1250.0	   70.0	    0.0	    0.0	1	  227.0	 21	 1359.1	   15.9	
  108	  21.60	    0.0	 1500.0	    0.0	    0.0	    0.0	    0.0	    0.0	    0.0	    0.0	    0.0	    0.0	  100.0	   69.7	    0.0	    0.0	    0.0	    0.0	    4.1	  1	  -50.0	 1250.0	   69.7	    0.0	    0.0	1	  227.0	 21	 1358.7	   15.9	
  109	  21.80	    0.0	 1500.0	    0.0	    0.0	    0.0	    0.0	    0.0	    0.0	    0.0	    0.0	    0.0	  100.0	   69.5	    0.0	    0.0	    0.0	    0.0	    4.1	  1	  -50.0	 1250.0	   69.5	    0.0	    0.0	1	  227.0	 21	 1358.3	   15.8	
  110	  22.00	    0.0	 1500.0	    0.0	    0.0	    0.0	    0.0	    0.0	    0.0	    0.0	    0.0	    0.0	  100.0	   69.2	    0.0	    0.0	    0.0	    0.0	    4.1	  1	  -50.0	 1250.0	   69.2	    0.0	    0.0	1	  227.0	 21	 1357.9	   15.8	
  111	  22.20	    0.0	 1500.0	    0.0	    0.0	    0.0	    0.0	    0.0	    0.0	    0.0	    0.0	    0.0	  100.0	   69.0	    0.0	    0.0	    0.0	    0.0	    4.2	  1	  -50.0	 1250.0	   69.0	    0.0	    0.0	1	  227.0	 21	 1357.5	   15.7	
  112	  22.40	    0.0	 1500.0	    0.0	    0.0	    0.0	    0.0	    0.0	    0.0	    0.0	    0.0	    0.0	  100.0	   68.7	    0.0	    0.0	    0.0	    0.0	    4.2	  1	  -50.0	 1250.0	   68.7	    0.0	    0.0	1	  227.0	 21	 1357.0	   15.7	
  113	  22.60	    0.0	 1500.0	    0.0	    0.0	    0.0	    0.0	    0.0	    0.0	    0.0	    0.0	    0.0	  100.0	   68.4	    0.0	    0.0	    0.0	    0.0	    4.3	  1	  -50.0	 1250.0	   68.4	    0.0	    0.0	1	  227.0	 21	 1356.6	   15.7	
  114	  22.80	    0.0	 1500.0	    0.0	    0.0	    0.0	    0.0	    0.0	    0.0	    0.0	    0.0	    0.0	  100.0	   68.2	    0.0	    0.0	    0.0	    0.0	    4.3	  1	  -50.0	 1250.0	   68.2	    0.0	    0.0	1	  227.0	 21	 1356.2	   15.6	
  115	  23.00	    0.0	 1500.0	    0.0	    0.0	    0.0	    0.0	    0.0	    0.0	    0.0	    0.0	    0.0	  100.0	   67.9	    0.0	    0.0	    0.0	    0.0	    4.3	  1	  -50.0	 1250.0	   67.9	    0.0	    0.0	1	  227.0	 21	 1355.8	   15.6	
  116	  23.20	    0.0	 1500.0	    0.0	    0.0	    0.0	    0.0	    0.0	    0.0	    0.0	    0.0	    0.0	  100.0	   67.7	    0.0	    0.0	    0.0	    0.0	    4.4	  1	  -50.0	 1250.0	   67.7	    0.0	    0.0	1	  227.0	 21	 1355.4	   15.5	
  117	  23.40	    0.0	 1500.0	    0.0	    0.0	    0.0	    0.0	    0.0	    0.0	    0.0	    0.0	    0.0	  100.0	   67.4	    0.0	    0.0	    0.0	    0.0	    4.4	  1	  -50.0	 1250.0	   67.4	    0.0	    0.0	1	  227.0	 21	 1355.0	   15.5	
  118	  23.60	    0.0	 1500.0	    0.0	    0.0	    0.0	    0.0	    0.0	    0.0	    0.0	    0.0	    0.0	  100.0	   67.2	    0.0	    0.0	    0.0	    0.0	    4.4	  1	  -50.0	 1250.0	   67.2	    0.0	    0.0	1	  227.0	 21	 1354.6	   15.5	
  119	  23.80	    0.0	 1500.0	    0.0	    0.0	    0.0	    0.0	    0.0	    0.0	    0.0	    0.0	    0.0	  100.0	   66.9	    0.0	    0.0	    0.0	    0.0	    4.5	  1	  -50.0	 1250.0	   66.9	    0.0	    0.0	1	  227.0	 21	 1354.2	   15.4	
  120	  24.00	    0.0	 1500.0	    0.0	    0.0	    0.0	    0.0	    0.0	    0.0	    0.0	    0.0	    0.0	  100.0	   66.7	    0.0	    0.0	    0.0	    0.0	    4.5	  1	  -50.0	 1250.0	   66.7	    0.0	    0.0	1	  227.0	 21	 1353.8	   15.4	
  121	  24.20	    0.0	 1500.0	    0.0	    0.0	    0.0	    0.0	    0.0	    0.0	    0.0	    0.0	    0.0	  100.0	   66.4	    0.0	    0.0	    0.0	    0.0	    4.6	  1	  -50.0	 1250.0	   66.4	    0.0	    0.0	1	  227.0	 21	 1353.4	   15.3	
  122	  24.40	    0.0	 1500.0	    0.0	    0.0	    0.0	    0.0	    0.0	    0.0	    0.0	    0.0	    0.0	  100.0	   66.2	    0.0	    0.0	    0.0	    0.0	    4.6	  1	  -50.0	 1250.0	   66.2	    0.0	    0.0	1	  227.0	 21	 1353.0	   15.3	
  123	  24.60	    0.0	 1500.0	    0.0	    0.0	    0.0	    0.0	    0.0	    0.0	    0.0	    0.0	    0.0	  100.0	   65.9	    0.0	    0.0	    0.0	    0.0	    4.6	  1	  -50.0	 1250.0	   65.9	    0.0	    0.0	1	  227.0	 21	 1352.6	   15.3	
  124	  24.80	    0.0	 1500.0	    0.0	    0.0	    0.0	    0.0	    0.0	    0.0	    0.0	    0.0	    0.0	  100.0	   65.6	    0.0	    0.0	    0.0	    0.0	    4.7	  1	  -50.0	 1250.0	   65.6	    0.0	    0.0	1	  227.0	 21	 1352.2	   15.2	
  125	  25.00	    0.0	 1500.0	    0.0	    0.0	    0.0	    0.0	    0.0	    0.0	    0.0	    0.0	    0.0	  100.0	   65.4	    0.0	    0.0	    0.0	    0.0	    4.7	  1	  -50.0	 1250.0	   65.4	    0.0	    0.0	1	  227.0	 21	 1351.8	   15.2	
  126	  25.20	    0.0	 1500.0	    0.0	    0.0	    0.0	    0.0	    0.0	    0.0	    0.0	    0.0	    0.0	  100.0	   65.1	    0.0	    0.0	    0.0	    0.0	    4.7	  1	  -50.0	 1250.0	   65.1	    0.0	    0.0	1	  227.0	 21	 1351.4	   15.1	
  127	  25.40	    0.0	 1500.0	    0.0	    0.0	    0.0	    0.0	    0.0	    0.0	    0.0	    0.0	    0.0	  100.0	   64.9	    0.0	    0.0	    0.0	    0.0	    4.8	  1	  -50.0	 1250.0	   64.9	    0.0	    0.0	1	  227.0	 21	 1351.0	   15.1	
  128	  25.60	    0.0	 1500.0	    0.0	    0.0	    0.0	    0.0	    0.0	    0.0	    0.0	    0.0	    0.0	  100.0	   64.6	    0.0	    0.0	    0.0	    0.0	    4.8	  1	  -50.0	 1250.0	   64.6	    0.0	    0.0	1	  227.0	 21	 1350.6	   15.1	
  129	  25.80	    0.0	 1500.0	    0.0	    0.0	    0.0	    0.0	    0.0	    0.0	    0.0	    0.0	    0.0	  100.0	   64.4	    0.0	    0.0	    0.0	    0.0	    4.9	  1	  -50.0	 1250.0	   64.4	    0.0	    0.0	1	  227.0	 21	 1350.2	   15.0	
  130	  26.00	    0.0	 1500.0	    0.0	    0.0	    0.0	    0.0	    0.0	    0.0	    0.0	    0.0	    0.0	  100.0	   64.1	    0.0	    0.0	    0.0	    0.0	    4.9	  1	  -50.0	 1250.0	   64.1	    0.0	    0.0	1	  227.0	 21	 1349.8	   15.0	
  131	  26.20	    0.0	 1500.0	    0.0	    0.0	    0.0	    0.0	    0.0	    0.0	    0.0	    0.0	    0.0	  100.0	   63.9	    0.0	    0.0	    0.0	    0.0	    4.9	  1	  -50.0	 1250.0	   63.9	    0.0	    0.0	1	  227.0	 21	 1349.4	   14.9	
  132	  26.40	    0.0	 1500.0	    0.0	    0.0	    0.0	    0.0	    0.0	    0.0	    0.0	    0.0	    0.0	  100.0	   63.6	    0.0	    0.0	    0.0	    0.0	    5.0	  1	  -50.0	 1250.0	   63.6	    0.0	    0.0	1	  227.0	 21	 1349.0	   14.9	
  133	  26.60	    0.0	 1500.0	    0.0	    0.0	    0.0	    0.0	    0.0	    0.0	    0.0	    0.0	    0.0	  100.0	   63.3	    0.0	    0.0	    0.0	    0.0	    5.0	  1	  -50.0	 1250.0	   63.3	    0.0	    0.0	1	  227.0	 21	 1348.6	   14.9	
  134	  26.80	    0.0	 1500.0	    0.0	    0.0	    0.0	    0.0	    0.0	    0.0	    0.0	    0.0	    0.0	  100.0	   63.1	    0.0	    0.0	    0.0	    0.0	    5.1	  1	  -50.0	 1250.0	   63.1	    0.0	    0.0	1	  227.0	 21	 1348.2	   14.8	
  135	  27.00	    0.0	 1500.0	    0.0	    0.0	    0.0	    0.0	    0.0	    0.0	    0.0	    0.0	    0.0	  100.0	   62.8	    0.0	    0.0	    0.0	    0.0	    5.1	  1	  -50.0	 1250.0	   62.8	    0.0	    0.0	1	  227.0	 21	 1347.8	   14.8	
  136	  27.20	    0.0	 1500.0	    0.0	    0.0	    0.0	    0.0	    0.0	    0.0	    0.0	    0.0	    0.0	  100.0	   62.6	    0.0	    0.0	    0.0	    0.0	    5.1	  1	  -50.0	 1250.0	   62.6	    0.0	    0.0	1	  227.0	 21	 1347.4	   14.7	
  137	  27.40	    0.0	 1500.0	    0.0	    0.0	    0.0	    0.0	    0.0	    0.0	    0.0	    0.0	    0.0	  100.0	   62.3	    0.0	    0.0	    0.0	    0.0	    5.2	  1	  -50.0	 1250.0	   62.3	    0.0	    0.0	1	  227.0	 21	 1347.0	   14.7	
  138	  27.60	    0.0	 1500.0	    0.0	    0.0	    0.0	    0.0	    0.0	    0.0	    0.0	    0.0	    0.0	  100.0	   62.1	    0.0	    0.0	    0.0	    0.0	    5.2	  1	  -50.0	 1250.0	   62.1	    0.0	    0.0	1	  227.0	 21	 1346.6	   14.7	
  139	  27.80	    0.0	 1500.0	    0.0	    0.0	    0.0	    0.0	    0.0	    0.0	    0.0	    0.0	    0.0	  100.0	   61.8	    0.0	    0.0	    0.0	    0.0	    5.2	  1	  -50.0	 1250.0	   61.8	    0.0	    0.0	1	  227.0	 21	 1346.2	   14.6	
  140	  28.00	    0.0	 1500.0	    0.0	    0.0	    0.0	    0.0	    0.0	    0.0	    0.0	    0.0	    0.0	  100.0	   61.6	    0.0	    0.0	    0.0	    0.0	    5.3	  1	  -50.0	 1250.0	   61.6	    0.0	    0.0	1	  227.0	 21	 1345.8	   14.6	
  141	  28.20	    0.0	 1500.0	    0.0	    0.0	    0.0	    0.0	    0.0	    0.0	    0.0	    0.0	    0.0	  100.0	   61.3	    0.0	    0.0	    0.0	    0.0	    5.3	  1	  -50.0	 1250.0	   61.3	    0.0	    0.0	1	  227.0	 21	 1345.4	   14.5	
  142	  28.40	    0.0	 1500.0	    0.0	    0.0	    0.0	    0.0	    0.0	    0.0	    0.0	    0.0	    0.0	  100.0	   61.1	    0.0	    0.0	    0.0	    0.0	    5.4	  1	  -50.0	 1250.0	   61.1	    0.0	    0.0	1	  227.0	 21	 1345.0	   14.5	
  143	  28.60	    0.0	 1500.0	    0.0	    0.0	    0.0	    0.0	    0.0	    0.0	    0.0	    0.0	    0.0	  100.0	   60.8	    0.0	    0.0	    0.0	    0.0	    5.4	  1	  -50.0	 1250.0	   60.8	    0.0	    0.0	1	  227.0	 21	 1344.6	   14.5	
  144	  28.80	    0.0	 1500.0	    0.0	    0.0	    0.0	    0.0	    0.0	    0.0	    0.0	    0.0	    0.0	  100.0	   60.5	    0.0	    0.0	    0.0	    0.0	    5.4	  1	  -50.0	 1250.0	   60.5	    0.0	    0.0	1	  227.0	 21	 1344.2	   14.4	
  145	  29.00	    0.0	 1500.0	    0.0	    0.0	    0.0	    0.0	    0.0	    0.0	    0.0	    0.0	    0.0	  100.0	   60.3	    0.0	    0.0	    0.0	    0.0	    5.5	  1	  -50.0	 1250.0	   60.3	    0.0	    0.0	1	  227.0	 21	 1343.8	   14.4	
  146	  29.20	    0.0	 1500.0	    0.0	    0.0	    0.0	    0.0	    0.0	    0.0	    0.0	    0.0	    0.0	  100.0	   60.0	    0.0	    0.0	    0.0	    0.0	    5.5	  1	  -50.0	 1250.0	   60.0	    0.0	    0.0	1	  227.0	 21	 1343.4	   14.3	
  147	  29.40	    0.0	 1500.0	    0.0	    0.0	    0.0	    0.0	    0.0	    0.0	    0.0	    0.0	    0.0	  100.0	   59.8	    0.0	    0.0	    0.0	    0.0	    5.5	  1	  -50.0	 1250.0	   59.8	    0.0	    0.0	1	  227.0	 21	 1343.0	   14.3	
  148	  29.60	    0.0	 1500.0	    0.0	    0.0	    0.0	    0.0	    0.0	    0.0	    0.0	    0.0	    0.0	  100.0	   59.5	    0.0	    0.0	    0.0	    0.0	    5.6	  1	  -50.0	 1250.0	   59.5	    0.0	    0.0	1	  227.0	 21	 1342.5	   14.3	
  149	  29.80	    0.0	 1500.0	    0.0	    0.0	    0.0	    0.0	    0.0	    0.0	    0.0	    0.0	    0.0	  100.0	   59.3	    0.0	    0.0	    0.0	    0.0	    5.6	  1	  -50.0	 1250.0	   59.3	    0.0	    0.0	1	  227.0	 21	 1342.1	   14.2	
  150	  30.00	    0.0	 1500.0	    0.0	    0.0	    0.0	    0.0	    0.0	    0.0	    0.0	    0.0	    0.0	  100.0	   59.0	    0.0	    0.0	    0.0	    0.0	    5.7	  1	  -50.0	 1250.0	   59.0	    0.0	    0.0	1	  227.0	 21	 1341.7	   14.2	
  151	  30.20	    0.0	 1500.0	    0.0	    0.0	    0.0	    0.0	    0.0	    0.0	    0.0	    0.0	    0.0	  100.0	   58.8	    0.0	    0.0	    0.0	    0.0	    5.7	  1	  -50.0	 1250.0	   58.8	    0.0	    0.0	1	  227.0	 21	 1341.3	   14.1	
  152	  30.40	    0.0	 1500.0	    0.0	    0.0	    0.0	    0.0	    0.0	    0.0	    0.0	    0.0	    0.0	  100.0	   58.5	    0.0	    0.0	    0.0	    0.0	    5.7	  1	  -50.0	 1250.0	   58.5	    0.0	    0.0	1	  227.0	 21	 1340.9	   14.1	
  153	  30.60	    0.0	 1500.0	    0.0	    0.0	    0.0	    0.0	    0.0	    0.0	    0.0	    0.0	    0.0	  100.0	   58.3	    0.0	    0.0	    0.0	    0.0	    5.8	  1	  -50.0	 1250.0	   58.3	    0.0	    0.0	1	  227.0	 21	 1340.5	   14.1	
  154	  30.80	    0.0	 1500.0	    0.0	    0.0	    0.0	    0.0	    0.0	    0.0	    0.0	    0.0	    0.0	  100.0	   58.0	    0.0	    0.0	    0.0	    0.0	    5.8	  1	  -50.0	 1250.0	   58.0	    0.0	    0.0	1	  227.0	 21	 1340.1	   14.0	
  155	  31.00	    0.0	 1500.0	    0.0	    0.0	    0.0	    0.0	    0.0	    0.0	    0.0	    0.0	    0.0	  100.0	   57.7	    0.0	    0.0	    0.0	    0.0	    5.9	  1	  -50.0	 1250.0	   57.7	    0.0	    0.0	1	  227.0	 21	 1339.7	   14.0	
  156	  31.20	    0.0	 1500.0	    0.0	    0.0	    0.0	    0.0	    0.0	    0.0	    0.0	    0.0	    0.0	  100.0	   57.5	    0.0	    0.0	    0.0	    0.0	    5.9	  1	  -50.0	 1250.0	   57.5	    0.0	    0.0	1	  227.0	 21	 1339.3	   13.9	
  157	  31.40	    0.0	 1500.0	    0.0	    0.0	    0.0	    0.0	    0.0	    0.0	    0.0	    0.0	    0.0	  100.0	   57.2	    0.0	    0.0	    0.0	    0.0	    5.9	  1	  -50.0	 1250.0	   57.2	    0.0	    0.0	1	  227.0	 21	 1338.9	   13.9	
  158	  31.60	    0.0	 1500.0	    0.0	    0.0	    0.0	    0.0	    0.0	    0.0	    0.0	    0.0	    0.0	  100.0	   57.0	    0.0	    0.0	    0.0	    0.0	    6.0	  1	  -50.0	 1250.0	   57.0	    0.0	    0.0	1	  227.0	 21	 1338.5	   13.9	
  159	  31.80	    0.0	 1500.0	    0.0	    0.0	    0.0	    0.0	    0.0	    0.0	    0.0	    0.0	    0.0	  100.0	   56.7	    0.0	    0.0	    0.0	    0.0	    6.0	  1	  -50.0	 1250.0	   56.7	    0.0	    0.0	1	  227.0	 21	 1338.1	   13.8	
  160	  32.00	    0.0	 1500.0	    0.0	    0.0	    0.0	    0.0	    0.0	    0.0	    0.0	    0.0	    0.0	  100.0	   56.5	    0.0	    0.0	    0.0	    0.0	    6.0	  1	  -50.0	 1250.0	   56.5	    0.0	    0.0	1	  227.0	 21	 1337.7	   13.8	
  161	  32.20	    0.0	 1500.0	    0.0	    0.0	    0.0	    0.0	    0.0	    0.0	    0.0	    0.0	    0.0	  100.0	   56.2	    0.0	    0.0	    0.0	    0.0	    6.1	  1	  -50.0	 1250.0	   56.2	    0.0	    0.0	1	  227.0	 21	 1337.3	   13.7	
  162	  32.40	    0.0	 1500.0	    0.0	    0.0	    0.0	    0.0	    0.0	    0.0	    0.0	    0.0	    0.0	  100.0	   56.0	    0.0	    0.0	    0.0	    0.0	    6.1	  1	  -50.0	 1250.0	   56.0	    0.0	    0.0	1	  227.0	 21	 1336.9	   13.7	
  163	  32.60	    0.0	 1500.0	    0.0	    0.0	    0.0	    0.0	    0.0	    0.0	    0.0	    0.0	    0.0	  100.0	   55.7	    0.0	    0.0	    0.0	    0.0	    6.2	  1	  -50.0	 1250.0	   55.7	    0.0	    0.0	1	  227.0	 21	 1336.5	   13.7	
  164	  32.80	    0.0	 1500.0	    0.0	    0.0	    0.0	    0.0	    0.0	    0.0	    0.0	    0.0	    0.0	  100.0	   55.4	    0.0	    0.0	    0.0	    0.0	    6.2	  1	  -50.0	 1250.0	   55.4	    0.0	    0.0	1	  227.0	 21	 1336.1	   13.6	
  165	  33.00	    0.0	 1500.0	    0.0	    0.0	    0.0	    0.0	    0.0	    0.0	    0.0	    0.0	    0.0	  100.0	   55.2	    0.0	    0.0	    0.0	    0.0	    6.2	  1	  -50.0	 1250.0	   55.2	    0.0	    0.0	1	  227.0	 21	 1335.7	   13.6	
  166	  33.20	    0.0	 1500.0	    0.0	    0.0	    0.0	    0.0	    0.0	    0.0	    0.0	    0.0	    0.0	  100.0	   54.9	    0.0	    0.0	    0.0	    0.0	    6.3	  1	  -50.0	 1250.0	   54.9	    0.0	    0.0	1	  227.0	 21	 1335.3	   13.5	
  167	  33.40	    0.0	 1500.0	    0.0	    0.0	    0.0	    0.0	    0.0	    0.0	    0.0	    0.0	    0.0	  100.0	   54.7	    0.0	    0.0	    0.0	    0.0	    6.3	  1	  -50.0	 1250.0	   54.7	    0.0	    0.0	1	  227.0	 21	 1334.9	   13.5	
  168	  33.60	    0.0	 1500.0	    0.0	    0.0	    0.0	    0.0	    0.0	    0.0	    0.0	    0.0	    0.0	  100.0	   54.4	    0.0	    0.0	    0.0	    0.0	    6.3	  1	  -50.0	 1250.0	   54.4	    0.0	    0.0	1	  227.0	 21	 1334.5	   13.4	
  169	  33.80	    0.0	 1500.0	    0.0	    0.0	    0.0	    0.0	    0.0	    0.0	    0.0	    0.0	    0.0	  100.0	   54.2	    0.0	    0.0	    0.0	    0.0	    6.4	  1	  -50.0	 1250.0	   54.2	    0.0	    0.0	1	  227.0	 21	 1334.1	   13.4	
  170	  34.00	    0.0	 1500.0	    0.0	    0.0	    0.0	    0.0	    0.0	    0.0	    0.0	    0.0	    0.0	  100.0	   53.9	    0.0	    0.0	    0.0	    0.0	    6.4	  1	  -50.0	 1250.0	   53.9	    0.0	    0.0	1	  227.0	 21	 1333.7	   13.4	
  171	  34.20	    0.0	 1500.0	    0.0	    0.0	    0.0	    0.0	    0.0	    0.0	    0.0	    0.0	    0.0	  100.0	   53.7	    0.0	    0.0	    0.0	    0.0	    6.5	  1	  -50.0	 1250.0	   53.7	    0.0	    0.0	1	  227.0	 21	 1333.3	   13.3	
  172	  34.40	    0.0	 1500.0	    0.0	    0.0	    0.0	    0.0	    0.0	    0.0	    0.0	    0.0	    0.0	  100.0	   53.4	    0.0	    0.0	    0.0	    0.0	    6.5	  1	  -50.0	 1250.0	   53.4	    0.0	    0.0	1	  227.0	 21	 1332.9	   13.3	
  173	  34.60	    0.0	 1500.0	    0.0	    0.0	    0.0	    0.0	    0.0	    0.0	    0.0	    0.0	    0.0	  100.0	   53.2	    0.0	    0.0	    0.0	    0.0	    6.5	  1	  -50.0	 1250.0	   53.2	    0.0	    0.0	1	  227.0	 21	 1332.5	   13.2	
  174	  34.80	    0.0	 1500.0	    0.0	    0.0	    0.0	    0.0	    0.0	    0.0	    0.0	    0.0	    0.0	  100.0	   52.9	    0.0	    0.0	    0.0	    0.0	    6.6	  1	  -50.0	 1250.0	   52.9	    0.0	    0.0	1	  227.0	 21	 1332.1	   13.2	
  175	  35.00	    0.0	 1500.0	    0.0	    0.0	    0.0	    0.0	    0.0	    0.0	    0.0	    0.0	    0.0	  100.0	   52.6	    0.0	    0.0	    0.0	    0.0	    6.6	  1	  -50.0	 1250.0	   52.6	    0.0	    0.0	1	  227.0	 21	 1331.7	   13.2	
  176	  35.20	    0.0	 1500.0	    0.0	    0.0	    0.0	    0.0	    0.0	    0.0	    0.0	    0.0	    0.0	  100.0	   52.4	    0.0	    0.0	    0.0	    0.0	    6.6	  1	  -50.0	 1250.0	   52.4	    0.0	    0.0	1	  227.0	 21	 1331.3	   13.1	
  177	  35.40	    0.0	 1500.0	    0.0	    0.0	    0.0	    0.0	    0.0	    0.0	    0.0	    0.0	    0.0	  100.0	   52.1	    0.0	    0.0	    0.0	    0.0	    6.7	  1	  -50.0	 1250.0	   52.1	    0.0	    0.0	1	  227.0	 21	 1330.9	   13.1	
  178	  35.60	    0.0	 1500.0	    0.0	    0.0	    0.0	    0.0	    0.0	    0.0	    0.0	    0.0	    0.0	  100.0	   51.9	    0.0	    0.0	    0.0	    0.0	    6.7	  1	  -50.0	 1250.0	   51.9	    0.0	    0.0	1	  227.0	 21	 1330.5	   13.0	
  179	  35.80	    0.0	 1500.0	    0.0	    0.0	    0.0	    0.0	    0.0	    0.0	    0.0	    0.0	    0.0	  100.0	   51.6	    0.0	    0.0	    0.0	    0.0	    6.8	  1	  -50.0	 1250.0	   51.6	    0.0	    0.0	1	  227.0	 21	 1330.1	   13.0	
  180	  36.00	    0.0	 1500.0	    0.0	    0.0	    0.0	    0.0	    0.0	    0.0	    0.0	    0.0	    0.0	  100.0	   51.4	    0.0	    0.0	    0.0	    0.0	    6.8	  1	  -50.0	 1250.0	   51.4	    0.0	    0.0	1	  227.0	 21	 1329.7	   13.0	
  181	  36.20	    0.0	 1500.0	    0.0	    0.0	    0.0	    0.0	    0.0	    0.0	    0.0	    0.0	    0.0	  100.0	   51.1	    0.0	    0.0	    0.0	    0.0	    6.8	  1	  -50.0	 1250.0	   51.1	    0.0	    0.0	1	  227.0	 21	 1329.3	   12.9	
  182	  36.40	    0.0	 1500.0	    0.0	    0.0	    0.0	    0.0	    0.0	    0.0	    0.0	    0.0	    0.0	  100.0	   50.9	    0.0	    0.0	    0.0	    0.0	    6.9	  1	  -50.0	 1250.0	   50.9	    0.0	    0.0	1	  227.0	 21	 1328.9	   12.9	
  183	  36.60	    0.0	 1500.0	    0.0	    0.0	    0.0	    0.0	    0.0	    0.0	    0.0	    0.0	    0.0	  100.0	   50.6	    0.0	    0.0	    0.0	    0.0	    6.9	  1	  -50.0	 1250.0	   50.6	    0.0	    0.0	1	  227.0	 21	 1328.5	   12.8	
  184	  36.80	    0.0	 1500.0	    0.0	    0.0	    0.0	    0.0	    0.0	    0.0	    0.0	    0.0	    0.0	  100.0	   50.4	    0.0	    0.0	    0.0	    0.0	    7.0	  1	  -50.0	 1250.0	   50.4	    0.0	    0.0	1	  227.0	 21	 1328.1	   12.8	
  185	  37.00	    0.0	 1500.0	    0.0	    0.0	    0.0	    0.0	    0.0	    0.0	    0.0	    0.0	    0.0	  100.0	   50.1	    0.0	    0.0	    0.0	    0.0	    7.0	  1	  -50.0	 1250.0	   50.1	    0.0	    0.0	1	  227.0	 21	 1327.6	   12.8	
  186	  37.20	    0.0	 1500.0	    0.0	    0.0	    0.0	    0.0	    0.0	    0.0	    0.0	    0.0	    0.0	  100.0	   49.8	    0.0	    0.0	    0.0	    0.0	    7.0	  1	  -50.0	 1250.0	   49.8	    0.0	    0.0	1	  227.0	 21	 1327.2	   12.7	
  187	  37.40	    0.0	 1500.0	    0.0	    0.0	    0.0	    0.0	    0.0	    0.0	    0.0	    0.0	    0.0	  100.0	   49.6	    0.0	    0.0	    0.0	    0.0	    7.1	  1	  -50.0	 1250.0	   49.6	    0.0	    0.0	1	  227.0	 21	 1326.8	   12.7	
  188	  37.60	    0.0	 1500.0	    0.0	    0.0	    0.0	    0.0	    0.0	    0.0	    0.0	    0.0	    0.0	  100.0	   49.3	    0.0	    0.0	    0.0	    0.0	    7.1	  1	  -50.0	 1250.0	   49.3	    0.0	    0.0	1	  227.0	 21	 1326.4	   12.6	
  189	  37.80	    0.0	 1500.0	    0.0	    0.0	    0.0	    0.0	    0.0	    0.0	    0.0	    0.0	    0.0	  100.0	   49.1	    0.0	    0.0	    0.0	    0.0	    7.1	  1	  -50.0	 1250.0	   49.1	    0.0	    0.0	1	  227.0	 21	 1326.0	   12.6	
  190	  38.00	    0.0	 1500.0	    0.0	    0.0	    0.0	    0.0	    0.0	    0.0	    0.0	    0.0	    0.0	  100.0	   48.8	    0.0	    0.0	    0.0	    0.0	    7.2	  1	  -50.0	 1250.0	   48.8	    0.0	    0.0	1	  227.0	 21	 1325.6	   12.6	
  191	  38.20	    0.0	 1500.0	    0.0	    0.0	    0.0	    0.0	    0.0	    0.0	    0.0	    0.0	    0.0	  100.0	   48.6	    0.0	    0.0	    0.0	    0.0	    7.2	  1	  -50.0	 1250.0	   48.6	    0.0	    0.0	1	  227.0	 21	 1325.2	   12.5	
  192	  38.40	    0.0	 1500.0	    0.0	    0.0	    0.0	    0.0	    0.0	    0.0	    0.0	    0.0	    0.0	  100.0	   48.3	    0.0	    0.0	    0.0	    0.0	    7.3	  1	  -50.0	 1250.0	   48.3	    0.0	    0.0	1	  227.0	 21	 1324.8	   12.5	
  193	  38.60	    0.0	 1500.0	    0.0	    0.0	    0.0	    0.0	    0.0	    0.0	    0.0	    0.0	    0.0	  100.0	   48.1	    0.0	    0.0	    0.0	    0.0	    7.3	  1	  -50.0	 1250.0	   48.1	    0.0	    0.0	1	  227.0	 21	 1324.4	   12.4	
  194	  38.80	    0.0	 1500.0	    0.0	    0.0	    0.0	    0.0	    0.0	    0.0	    0.0	    0.0	    0.0	  100.0	   47.8	    0.0	    0.0	    0.0	    0.0	    7.3	  1	  -50.0	 1250.0	   47.8	    0.0	    0.0	1	  227.0	 21	 1324.0	   12.4	
  195	  39.00	    0.0	 1500.0	    0.0	    0.0	    0.0	    0.0	    0.0	    0.0	    0.0	    0.0	    0.0	  100.0	   47.5	    0.0	    0.0	    0.0	    0.0	    7.4	  1	  -50.0	 1250.0	   47.5	    0.0	    0.0	1	  227.0	 21	 1323.6	   12.4	
  196	  39.20	    0.0	 1500.0	    0.0	    0.0	    0.0	    0.0	    0.0	    0.0	    0.0	    0.0	    0.0	  100.0	   47.3	    0.0	    0.0	    0.0	    0.0	    7.4	  1	  -50.0	 1250.0	   47.3	    0.0	    0.0	1	  227.0	 21	 1323.2	   12.3	
  197	  39.40	    0.0	 1500.0	    0.0	    0.0	    0.0	    0.0	    0.0	    0.0	    0.0	    0.0	    0.0	  100.0	   47.0	    0.0	    0.0	    0.0	    0.0	    7.4	  1	  -50.0	 1250.0	   47.0	    0.0	    0.0	1	  227.0	 21	 1322.8	   12.3	
  198	  39.60	    0.0	 1500.0	    0.0	    0.0	    0.0	    0.0	    0.0	    0.0	    0.0	    0.0	    0.0	  100.0	   46.8	    0.0	    0.0	    0.0	    0.0	    7.5	  1	  -50.0	 1250.0	   46.8	    0.0	    0.0	1	  227.0	 21	 1322.4	   12.2	
  199	  39.80	    0.0	 1500.0	    0.0	    0.0	    0.0	    0.0	    0.0	    0.0	    0.0	    0.0	    0.0	  100.0	   46.5	    0.0	    0.0	    0.0	    0.0	    7.5	  1	  -50.0	 1250.0	   46.5	    0.0	    0.0	1	  227.0	 21	 1322.0	   12.2	
  200	  40.00	    0.0	 1500.0	    0.0	    0.0	    0.0	    0.0	    0.0	    0.0	    0.0	    0.0	    0.0	  100.0	   46.3	    0.0	    0.0	    0.0	    0.0	    7.6	  1	  -50.0	 1250.0	   46.3	    0.0	    0.0	1	  227.0	 21	 1321.6	   12.2	
  201	  40.20	    0.0	 1500.0	    0.0	    0.0	    0.0	    0.0	    0.0	    0.0	    0.0	    0.0	    0.0	  100.0	   46.0	    0.0	    0.0	    0.0	    0.0	    7.6	  1	  -50.0	 1250.0	   46.0	    0.0	    0.0	1	  227.0	 21	 1321.2	   12.1	
  202	  40.40	    0.0	 1500.0	    0.0	    0.0	    0.0	    0.0	    0.0	    0.0	    0.0	    0.0	    0.0	  100.0	   45.8	    0.0	    0.0	    0.0	    0.0	    7.6	  1	  -50.0	 1250.0	   45.8	    0.0	    0.0	1	  227.0	 21	 1320.8	   12.1	
  203	  40.60	    0.0	 1500.0	    0.0	    0.0	    0.0	    0.0	    0.0	    0.0	    0.0	    0.0	    0.0	  100.0	   45.5	    0.0	    0.0	    0.0	    0.0	    7.7	  1	  -50.0	 1250.0	   45.5	    0.0	    0.0	1	  227.0	 21	 1320.4	   12.0	
  204	  40.80	    0.0	 1500.0	    0.0	    0.0	    0.0	    0.0	    0.0	    0.0	    0.0	    0.0	    0.0	  100.0	   45.3	    0.0	    0.0	    0.0	    0.0	    7.7	  1	  -50.0	 1250.0	   45.3	    0.0	    0.0	1	  227.0	 21	 1320.0	   12.0	
  205	  41.00	    0.0	 1500.0	    0.0	    0.0	    0.0	    0.0	    0.0	    0.0	    0.0	    0.0	    0.0	  100.0	   45.0	    0.0	    0.0	    0.0	    0.0	    7.8	  1	  -50.0	 1250.0	   45.0	    0.0	    0.0	1	  227.0	 21	 1319.6	   12.0	
  206	  41.20	    0.0	 1500.0	    0.0	    0.0	    0.0	    0.0	    0.0	    0.0	    0.0	    0.0	    0.0	  100.0	   44.7	    0.0	    0.0	    0.0	    0.0	    7.8	  1	  -50.0	 1250.0	   44.7	    0.0	    0.0	1	  227.0	 21	 1319.2	   11.9	
  207	  41.40	    0.0	 1500.0	    0.0	    0.0	    0.0	    0.0	    0.0	    0.0	    0.0	    0.0	    0.0	  100.0	   44.5	    0.0	    0.0	    0.0	    0.0	    7.8	  1	  -50.0	 1250.0	   44.5	    0.0	    0.0	1	  227.0	 21	 1318.8	   11.9	
  208	  41.60	    0.0	 1500.0	    0.0	    0.0	    0.0	    0.0	    0.0	    0.0	    0.0	    0.0	    0.0	  100.0	   44.2	    0.0	    0.0	    0.0	    0.0	    7.9	  1	  -50.0	 1250.0	   44.2	    0.0	    0.0	1	  227.0	 21	 1318.4	   11.8	
  209	  41.80	    0.0	 1500.0	    0.0	    0.0	    0.0	    0.0	    0.0	    0.0	    0.0	    0.0	    0.0	  100.0	   44.0	    0.0	    0.0	    0.0	    0.0	    7.9	  1	  -50.0	 1250.0	   44.0	    0.0	    0.0	1	  227.0	 21	 1318.0	   11.8	
  210	  42.00	    0.0	 1500.0	    0.0	    0.0	    0.0	    0.0	    0.0	    0.0	    0.0	    0.0	    0.0	  100.0	   43.7	    0.0	    0.0	    0.0	    0.0	    7.9	  1	  -50.0	 1250.0	   43.7	    0.0	    0.0	1	  227.0	 21	 1317.6	   11.8	
  211	  42.20	    0.0	 1500.0	    0.0	    0.0	    0.0	    0.0	    0.0	    0.0	    0.0	    0.0	    0.0	  100.0	   43.5	    0.0	    0.0	    0.0	    0.0	    8.0	  1	  -50.0	 1250.0	   43.5	    0.0	    0.0	1	  227.0	 21	 1317.2	   11.7	
  212	  42.40	    0.0	 1500.0	    0.0	    0.0	    0.0	    0.0	    0.0	    0.0	    0.0	    0.0	    0.0	  100.0	   43.2	    0.0	    0.0	    0.0	    0.0	    8.0	  1	  -50.0	 1250.0	   43.2	    0.0	    0.0	1	  227.0	 21	 1316.8	   11.7	
  213	  42.60	    0.0	 1500.0	    0.0	    0.0	    0.0	    0.0	    0.0	    0.0	    0.0	    0.0	    0.0	  100.0	   43.0	    0.0	    0.0	    0.0	    0.0	    8.1	  1	  -50.0	 1250.0	   43.0	    0.0	    0.0	1	  227.0	 21	 1316.4	   11.6	
  214	  42.80	    0.0	 1500.0	    0.0	    0.0	    0.0	    0.0	    0.0	    0.0	    0.0	    0.0	    0.0	  100.0	   42.7	    0.0	    0.0	    0.0	    0.0	    8.1	  1	  -50.0	 1250.0	   42.7	    0.0	    0.0	1	  227.0	 21	 1316.0	   11.6	
  215	  43.00	    0.0	 1500.0	    0.0	    0.0	    0.0	    0.0	    0.0	    0.0	    0.0	    0.0	    0.0	  100.0	   42.5	    0.0	    0.0	    0.0	    0.0	    8.1	  1	  -50.0	 1250.0	   42.5	    0.0	    0.0	1	  227.0	 21	 1315.6	   11.6	
  216	  43.20	    0.0	 1500.0	    0.0	    0.0	    0.0	    0.0	    0.0	    0.0	    0.0	    0.0	    0.0	  100.0	   42.2	    0.0	    0.0	    0.0	    0.0	    8.2	  1	  -50.0	 1250.0	   42.2	    0.0	    0.0	1	  227.0	 21	 1315.2	   11.5	
  217	  43.40	    0.0	 1500.0	    0.0	    0.0	    0.0	    0.0	    0.0	    0.0	    0.0	    0.0	    0.0	  100.0	   41.9	    0.0	    0.0	    0.0	    0.0	    8.2	  1	  -50.0	 1250.0	   41.9	    0.0	    0.0	1	  227.0	 21	 1314.8	   11.5	
  218	  43.60	    0.0	 1500.0	    0.0	    0.0	    0.0	    0.0	    0.0	    0.0	    0.0	    0.0	    0.0	  100.0	   41.7	    0.0	    0.0	    0.0	    0.0	    8.2	  1	  -50.0	 1250.0	   41.7	    0.0	    0.0	1	  227.0	 21	 1314.4	   11.4	
  219	  43.80	    0.0	 1500.0	    0.0	    0.0	    0.0	    0.0	    0.0	    0.0	    0.0	    0.0	    0.0	  100.0	   41.4	    0.0	    0.0	    0.0	    0.0	    8.3	  1	  -50.0	 1250.0	   41.4	    0.0	    0.0	1	  227.0	 21	 1314.0	   11.4	
  220	  44.00	    0.0	 1500.0	    0.0	    0.0	    0.0	    0.0	    0.0	    0.0	    0.0	    0.0	    0.0	  100.0	   41.2	    0.0	    0.0	    0.0	    0.0	    8.3	  1	  -50.0	 1250.0	   41.2	    0.0	    0.0	1	  227.0	 21	 1313.6	   11.4	
  221	  44.20	    0.0	 1500.0	    0.0	    0.0	    0.0	    0.0	    0.0	    0.0	    0.0	    0.0	    0.0	  100.0	   40.9	    0.0	    0.0	    0.0	    0.0	    8.4	  1	  -50.0	 1250.0	   40.9	    0.0	    0.0	1	  227.0	 21	 1313.2	   11.3	
  222	  44.40	    0.0	 1500.0	    0.0	    0.0	    0.0	    0.0	    0.0	    0.0	    0.0	    0.0	    0.0	  100.0	   40.7	    0.0	    0.0	    0.0	    0.0	    8.4	  1	  -50.0	 1250.0	   40.7	    0.0	    0.0	1	  227.0	 21	 1312.7	   11.3	
  223	  44.60	    0.0	 1500.0	    0.0	    0.0	    0.0	    0.0	    0.0	    0.0	    0.0	    0.0	    0.0	  100.0	   40.4	    0.0	    0.0	    0.0	    0.0	    8.4	  1	  -50.0	 1250.0	   40.4	    0.0	    0.0	1	  227.0	 21	 1312.3	   11.2	
  224	  44.80	    0.0	 1500.0	    0.0	    0.0	    0.0	    0.0	    0.0	    0.0	    0.0	    0.0	    0.0	  100.0	   40.2	    0.0	    0.0	    0.0	    0.0	    8.5	  1	  -50.0	 1250.0	   40.2	    0.0	    0.0	1	  227.0	 21	 1311.9	   11.2	
  225	  45.00	    0.0	 1500.0	    0.0	    0.0	    0.0	    0.0	    0.0	    0.0	    0.0	    0.0	    0.0	  100.0	   39.9	    0.0	    0.0	    0.0	    0.0	    8.5	  1	  -50.0	 1250.0	   39.9	    0.0	    0.0	1	  227.0	 21	 1311.5	   11.2	
  226	  45.20	    0.0	 1500.0	    0.0	    0.0	    0.0	    0.0	    0.0	    0.0	    0.0	    0.0	    0.0	  100.0	   39.6	    0.0	    0.0	    0.0	    0.0	    8.5	  1	  -50.0	 1250.0	   39.6	    0.0	    0.0	1	  227.0	 21	 1311.1	   11.1	
  227	  45.40	    0.0	 1500.0	    0.0	    0.0	    0.0	    0.0	    0.0	    0.0	    0.0	    0.0	    0.0	  100.0	   39.4	    0.0	    0.0	    0.0	    0.0	    8.6	  1	  -50.0	 1250.0	   39.4	    0.0	    0.0	1	  227.0	 21	 1310.7	   11.1	
  228	  45.60	    0.0	 1500.0	    0.0	    0.0	    0.0	    0.0	    0.0	    0.0	    0.0	    0.0	    0.0	  100.0	   39.1	    0.0	    0.0	    0.0	    0.0	    8.6	  1	  -50.0	 1250.0	   39.1	    0.0	    0.0	1	  227.0	 21	 1310.3	   11.0	
  229	  45.80	    0.0	 1500.0	    0.0	    0.0	    0.0	    0.0	    0.0	    0.0	    0.0	    0.0	    0.0	  100.0	   38.9	    0.0	    0.0	    0.0	    0.0	    8.7	  1	  -50.0	 1250.0	   38.9	    0.0	    0.0	1	  227.0	 21	 1309.9	   11.0	
  230	  46.00	    0.0	 1500.0	    0.0	    0.0	    0.0	    0.0	    0.0	    0.0	    0.0	    0.0	    0.0	  100.0	   38.6	    0.0	    0.0	    0.0	    0.0	    8.7	  1	  -50.0	 1250.0	   38.6	    0.0	    0.0	1	  227.0	 21	 1309.5	   11.0	
  231	  46.20	    0.0	 1500.0	    0.0	    0.0	    0.0	    0.0	    0.0	    0.0	    0.0	    0.0	    0.0	  100.0	   38.4	    0.0	    0.0	    0.0	    0.0	    8.7	  1	  -50.0	 1250.0	   38.4	    0.0	    0.0	1	  227.0	 21	 1309.1	   10.9	
  232	  46.40	    0.0	 1500.0	    0.0	    0.0	    0.0	    0.0	    0.0	    0.0	    0.0	    0.0	    0.0	  100.0	   38.1	    0.0	    0.0	    0.0	    0.0	    8.8	  1	  -50.0	 1250.0	   38.1	    0.0	    0.0	1	  227.0	 21	 1308.7	   10.9	
  233	  46.60	    0.0	 1500.0	    0.0	    0.0	    0.0	    0.0	    0.0	    0.0	    0.0	    0.0	    0.0	  100.0	   37.9	    0.0	    0.0	    0.0	    0.0	    8.8	  1	  -50.0	 1250.0	   37.9	    0.0	    0.0	1	  227.0	 21	 1308.3	   10.8	
  234	  46.80	    0.0	 1500.0	    0.0	    0.0	    0.0	    0.0	    0.0	    0.0	    0.0	    0.0	    0.0	  100.0	   37.6	    0.0	    0.0	    0.0	    0.0	    8.9	  1	  -50.0	 1250.0	   37.6	    0.0	    0.0	1	  227.0	 21	 1307.9	   10.8	
  235	  47.00	    0.0	 1500.0	    0.0	    0.0	    0.0	    0.0	    0.0	    0.0	    0.0	    0.0	    0.0	  100.0	   37.4	    0.0	    0.0	    0.0	    0.0	    8.9	  1	  -50.0	 1250.0	   37.4	    0.0	    0.0	1	  227.0	 21	 1307.5	   10.8	
  236	  47.20	    0.0	 1500.0	    0.0	    0.0	    0.0	    0.0	    0.0	    0.0	    0.0	    0.0	    0.0	  100.0	   37.1	    0.0	    0.0	    0.0	    0.0	    8.9	  1	  -50.0	 1250.0	   37.1	    0.0	    0.0	1	  227.0	 21	 1307.1	   10.7	
  237	  47.40	    0.0	 1500.0	    0.0	    0.0	    0.0	    0.0	    0.0	    0.0	    0.0	    0.0	    0.0	  100.0	   36.8	    0.0	    0.0	    0.0	    0.0	    9.0	  1	  -50.0	 1250.0	   36.8	    0.0	    0.0	1	  227.0	 21	 1306.7	   10.7	
  238	  47.60	    0.0	 1500.0	    0.0	    0.0	    0.0	    0.0	    0.0	    0.0	    0.0	    0.0	    0.0	  100.0	   36.6	    0.0	    0.0	    0.0	    0.0	    9.0	  1	  -50.0	 1250.0	   36.6	    0.0	    0.0	1	  227.0	 21	 1306.3	   10.6	
  239	  47.80	    0.0	 1500.0	    0.0	    0.0	    0.0	    0.0	    0.0	    0.0	    0.0	    0.0	    0.0	  100.0	   36.3	    0.0	    0.0	    0.0	    0.0	    9.0	  1	  -50.0	 1250.0	   36.3	    0.0	    0.0	1	  227.0	 21	 1305.9	   10.6	
  240	  48.00	    0.0	 1500.0	    0.0	    0.0	    0.0	    0.0	    0.0	    0.0	    0.0	    0.0	    0.0	  100.0	   36.1	    0.0	    0.0	    0.0	    0.0	    9.1	  1	  -50.0	 1250.0	   36.1	    0.0	    0.0	1	  227.0	 21	 1305.5	   10.6	
  241	  48.20	    0.0	 1500.0	    0.0	    0.0	    0.0	    0.0	    0.0	    0.0	    0.0	    0.0	    0.0	  100.0	   35.8	    0.0	    0.0	    0.0	    0.0	    9.1	  1	  -50.0	 1250.0	   35.8	    0.0	    0.0	1	  227.0	 21	 1305.1	   10.5	
  242	  48.40	    0.0	 1500.0	    0.0	    0.0	    0.0	    0.0	    0.0	    0.0	    0.0	    0.0	    0.0	  100.0	   35.6	    0.0	    0.0	    0.0	    0.0	    9.2	  1	  -50.0	 1250.0	   35.6	    0.0	    0.0	1	  227.0	 21	 1304.7	   10.5	
  243	  48.60	    0.0	 1500.0	    0.0	    0.0	    0.0	    0.0	    0.0	    0.0	    0.0	    0.0	    0.0	  100.0	   35.3	    0.0	    0.0	    0.0	    0.0	    9.2	  1	  -50.0	 1250.0	   35.3	    0.0	    0.0	1	  227.0	 21	 1304.3	   10.4	
  244	  48.80	    0.0	 1500.0	    0.0	    0.0	    0.0	    0.0	    0.0	    0.0	    0.0	    0.0	    0.0	  100.0	   35.1	    0.0	    0.0	    0.0	    0.0	    9.2	  1	  -50.0	 1250.0	   35.1	    0.0	    0.0	1	  227.0	 21	 1303.9	   10.4	
  245	  49.00	    0.0	 1500.0	    0.0	    0.0	    0.0	    0.0	    0.0	    0.0	    0.0	    0.0	    0.0	  100.0	   34.8	    0.0	    0.0	    0.0	    0.0	    9.3	  1	  -50.0	 1250.0	   34.8	    0.0	    0.0	1	  227.0	 21	 1303.5	   10.3	
  246	  49.20	    0.0	 1500.0	    0.0	    0.0	    0.0	    0.0	    0.0	    0.0	    0.0	    0.0	    0.0	  100.0	   34.6	    0.0	    0.0	    0.0	    0.0	    9.3	  1	  -50.0	 1250.0	   34.6	    0.0	    0.0	1	  227.0	 21	 1303.1	   10.3	
  247	  49.40	    0.0	 1500.0	    0.0	    0.0	    0.0	    0.0	    0.0	    0.0	    0.0	    0.0	    0.0	  100.0	   34.3	    0.0	    0.0	    0.0	    0.0	    9.3	  1	  -50.0	 1250.0	   34.3	    0.0	    0.0	1	  227.0	 21	 1302.7	   10.3	
  248	  49.60	    0.0	 1500.0	    0.0	    0.0	    0.0	    0.0	    0.0	    0.0	    0.0	    0.0	    0.0	  100.0	   34.0	    0.0	    0.0	    0.0	    0.0	    9.4	  1	  -50.0	 1250.0	   34.0	    0.0	    0.0	1	  227.0	 21	 1302.3	   10.2	
  249	  49.80	    0.0	 1500.0	    0.0	    0.0	    0.0	    0.0	    0.0	    0.0	    0.0	    0.0	    0.0	  100.0	   33.8	    0.0	    0.0	    0.0	    0.0	    9.4	  1	  -50.0	 1250.0	   33.8	    0.0	    0.0	1	  227.0	 21	 1301.9	   10.2	
  250	  50.00	    0.0	 1500.0	    0.0	    0.0	    0.0	    0.0	    0.0	    0.0	    0.0	    0.0	    0.0	  100.0	   33.5	    0.0	    0.0	    0.0	    0.0	    9.5	  1	  -50.0	 1250.0	   33.5	    0.0	    0.0	1	  227.0	 21	 1301.5	   10.1	
  251	  50.20	    0.0	 1500.0	    0.0	    0.0	    0.0	    0.0	    0.0	    0.0	    0.0	    0.0	    0.0	  100.0	   33.3	    0.0	    0.0	    0.0	    0.0	    9.5	  1	  -50.0	 1250.0	   33.3	    0.0	    0.0	1	  227.0	 21	 1301.1	   10.1	
  252	  50.40	    0.0	 1500.0	    0.0	    0.0	    0.0	    0.0	    0.0	    0.0	    0.0	    0.0	    0.0	  100.0	   33.0	    0.0	    0.0	    0.0	    0.0	    9.5	  1	  -50.0	 1250.0	   33.0	    0.0	    0.0	1	  227.0	 21	 1300.7	   10.1	
  253	  50.60	    0.0	 1500.0	    0.0	    0.0	    0.0	    0.0	    0.0	    0.0	    0.0	    0.0	    0.0	  100.0	   32.8	    0.0	    0.0	    0.0	    0.0	    9.6	  1	  -50.0	 1250.0	   32.8	    0.0	    0.0	1	  227.0	 21	 1300.3	   10.0	
  254	  50.80	    0.0	 1500.0	    0.0	    0.0	    0.0	    0.0	    0.0	    0.0	    0.0	    0.0	    0.0	  100.0	   32.5	    0.0	    0.0	    0.0	    0.0	    9.6	  1	  -50.0	 1250.0	   32.5	    0.0	    0.0	1	  227.0	 21	    0.0	   10.0	
  255	  51.00	    0.0	 1500.0	    0.0	    0.0	    0.0	    0.0	    0.0	    0.0	    0.0	    0.0	    0.0	  100.0	   32.3	    0.0	    0.0	    0.0	    0.0	    9.7	  1	  -50.0	 1250.0	   32.3	    0.0	    0.0	1	  227.0	 21	    0.0	    9.9	
  256	  51.20	    0.0	 1500.0	    0.0	    0.0	    0.0	    0.0	    0.0	    0.0	    0.0	    0.0	    0.0	  100.0	   32.0	    0.0	    0.0	    0.0	    0.0	    9.7	  1	  -50.0	 1250.0	   32.0	    0.0	    0.0	1	  227.0	 21	    0.0	    9.9	
  257	  51.40	    0.0	 1500.0	    0.0	    0.0	    0.0	    0.0	    0.0	    0.0	    0.0	    0.0	    0.0	  100.0	   31.7	    0.0	    0.0	    0.0	    0.0	    9.7	  1	  -50.0	 1250.0	   31.7	    0.0	    0.0	1	  227.0	 21	    0.0	    9.9	
  258	  51.60	    0.0	 1500.0	    0.0	    0.0	    0.0	    0.0	    0.0	    0.0	    0.0	    0.0	    0.0	  100.0	   31.5	    0.0	    0.0	    0.0	    0.0	    9.8	  1	  -50.0	 1250.0	   31.5	    0.0	    0.0	1	  227.0	 21	    0.0	    9.8	
  259	  51.80	    0.0	 1500.0	    0.0	    0.0	    0.0	    0.0	    0.0	    0.0	    0.0	    0.0	    0.0	  100.0	   31.2	    0.0	    0.0	    0.0	    0.0	    9.8	  1	  -50.0	 1250.0	   31.2	    0.0	    0.0	1	  227.0	 21	    0.0	    9.8	
  260	  52.00	    0.0	 1500.0	    0.0	    0.0	    0.0	    0.0	    0.0	    0.0	    0.0	    0.0	    0.0	  100.0	   31.0	    0.0	    0.0	    0.0	    0.0	    9.8	  1	  -50.0	 1250.0	   31.0	    0.0	    0.0	1	  227.0	 21	    0.0	    9.7	
  261	  52.20	    0.0	 1500.0	    0.0	    0.0	    0.0	    0.0	    0.0	    0.0	    0.0	    0.0	    0.0	  100.0	   30.7	    0.0	    0.0	    0.0	    0.0	    9.9	  1	  -50.0	 1250.0	   30.7	    0.0	    0.0	1	  227.0	 21	    0.0	    9.7	
  262	  52.40	    0.0	 1500.0	    0.0	    0.0	    0.0	    0.0	    0.0	    0.0	    0.0	    0.0	    0.0	  100.0	   30.5	    0.0	    0.0	    0.0	    0.0	    9.9	  1	  -50.0	 1250.0	   30.5	    0.0	    0.0	1	  227.0	 21	    0.0	    9.7	
  263	  52.60	    0.0	 1500.0	    0.0	    0.0	    0.0	    0.0	    0.0	    0.0	    0.0	    0.0	    0.0	  100.0	   30.2	    0.0	    0.0	    0.0	    0.0	   10.0	  1	  -50.0	 1250.0	   30.2	    0.0	    0.0	1	  227.0	 21	    0.0	    9.6	
  264	  52.80	    0.0	 1500.0	    0.0	    0.0	    0.0	    0.0	    0.0	    0.0	    0.0	    0.0	    0.0	  100.0	   30.0	    0.0	    0.0	    0.0	    0.0	   10.0	  1	  -50.0	 1250.0	   30.0	    0.0	    0.0	1	  227.0	 21	    0.0	    9.6	
  265	  53.00	    0.0	 1500.0	    0.0	    0.0	    0.0	    0.0	    0.0	    0.0	    0.0	    0.0	    0.0	  100.0	   29.7	    0.0	    0.0	    0.0	    0.0	   10.0	  1	  -50.0	 1250.0	   29.7	    0.0	    0.0	1	  227.0	 21	    0.0	    9.5	
  266	  53.20	    0.0	 1500.0	    0.0	    0.0	    0.0	    0.0	    0.0	    0.0	    0.0	    0.0	    0.0	  100.0	   29.5	    0.0	    0.0	    0.0	    0.0	   10.1	  1	  -50.0	 1250.0	   29.5	    0.0	    0.0	1	  227.0	 21	    0.0	    9.5	
  267	  53.40	    0.0	 1500.0	    0.0	    0.0	    0.0	    0.0	    0.0	    0.0	    0.0	    0.0	    0.0	  100.0	   29.2	    0.0	    0.0	    0.0	    0.0	   10.1	  1	  -50.0	 1250.0	   29.2	    0.0	    0.0	1	  227.0	 21	    0.0	    9.5	
  268	  53.60	    0.0	 1500.0	    0.0	    0.0	    0.0	    0.0	    0.0	    0.0	    0.0	    0.0	    0.0	  100.0	   28.9	    0.0	    0.0	    0.0	    0.0	   10.1	  1	  -50.0	 1250.0	   28.9	    0.0	    0.0	1	  227.0	 21	    0.0	    9.4	
  269	  53.80	    0.0	 1500.0	    0.0	    0.0	    0.0	    0.0	    0.0	    0.0	    0.0	    0.0	    0.0	  100.0	   28.7	    0.0	    0.0	    0.0	    0.0	   10.2	  1	  -50.0	 1250.0	   28.7	    0.0	    0.0	1	  227.0	 21	    0.0	    9.4	
  270	  54.00	    0.0	 1500.0	    0.0	    0.0	    0.0	    0.0	    0.0	    0.0	    0.0	    0.0	    0.0	  100.0	   28.4	    0.0	    0.0	    0.0	    0.0	   10.2	  1	  -50.0	 1250.0	   28.4	    0.0	    0.0	1	  227.0	 21	    0.0	    9.3	
  271	  54.20	    0.0	 1500.0	    0.0	    0.0	    0.0	    0.0	    0.0	    0.0	    0.0	    0.0	    0.0	  100.0	   28.2	    0.0	    0.0	    0.0	    0.0	   10.3	  1	  -50.0	 1250.0	   28.2	    0.0	    0.0	1	  227.0	 21	    0.0	    9.3	
  272	  54.40	    0.0	 1500.0	    0.0	    0.0	    0.0	    0.0	    0.0	    0.0	    0.0	    0.0	    0.0	  100.0	   27.9	    0.0	    0.0	    0.0	    0.0	   10.3	  1	  -50.0	 1250.0	   27.9	    0.0	    0.0	1	  227.0	 21	    0.0	    9.3	
  273	  54.60	    0.0	 1500.0	    0.0	    0.0	    0.0	    0.0	    0.0	    0.0	    0.0	    0.0	    0.0	  100.0	   27.7	    0.0	    0.0	    0.0	    0.0	   10.3	  1	  -50.0	 1250.0	   27.7	    0.0	    0.0	1	  227.0	 21	    0.0	    9.2	
  274	  54.80	    0.0	 1500.0	    0.0	    0.0	    0.0	    0.0	    0.0	    0.0	    0.0	    0.0	    0.0	  100.0	   27.4	    0.0	    0.0	    0.0	    0.0	   10.4	  1	  -50.0	 1250.0	   27.4	    0.0	    0.0	1	  227.0	 21	    0.0	    9.2	
  275	  55.00	    0.0	 1500.0	    0.0	    0.0	    0.0	    0.0	    0.0	    0.0	    0.0	    0.0	    0.0	  100.0	   27.2	    0.0	    0.0	    0.0	    0.0	   10.4	  1	  -50.0	 1250.0	   27.2	    0.0	    0.0	1	  227.0	 21	    0.0	    9.1	
  276	  55.20	    0.0	 1500.0	    0.0	    0.0	    0.0	    0.0	    0.0	    0.0	    0.0	    0.0	    0.0	  100.0	   26.9	    0.0	    0.0	    0.0	    0.0	   10.4	  1	  -50.0	 1250.0	   26.9	    0.0	    0.0	1	  227.0	 21	    0.0	    9.1	
  277	  55.40	    0.0	 1500.0	    0.0	    0.0	    0.0	    0.0	    0.0	    0.0	    0.0	    0.0	    0.0	  100.0	   26.7	    0.0	    0.0	    0.0	    0.0	   10.5	  1	  -50.0	 1250.0	   26.7	    0.0	    0.0	1	  227.0	 21	    0.0	    9.1	
  278	  55.60	    0.0	 1500.0	    0.0	    0.0	    0.0	    0.0	    0.0	    0.0	    0.0	    0.0	    0.0	  100.0	   26.4	    0.0	    0.0	    0.0	    0.0	   10.5	  1	  -50.0	 1250.0	   26.4	    0.0	    0.0	1	  227.0	 21	    0.0	    9.0	
  279	  55.80	    0.0	 1500.0	    0.0	    0.0	    0.0	    0.0	    0.0	    0.0	    0.0	    0.0	    0.0	  100.0	   26.1	    0.0	    0.0	    0.0	    0.0	   10.6	  1	  -50.0	 1250.0	   26.1	    0.0	    0.0	1	  227.0	 21	    0.0	    9.0	
  280	  56.00	    0.0	 1500.0	    0.0	    0.0	    0.0	    0.0	    0.0	    0.0	    0.0	    0.0	    0.0	  100.0	   25.9	    0.0	    0.0	    0.0	    0.0	   10.6	  1	  -50.0	 1250.0	   25.9	    0.0	    0.0	1	  227.0	 21	    0.0	    8.9	
  281	  56.20	    0.0	 1500.0	    0.0	    0.0	    0.0	    0.0	    0.0	    0.0	    0.0	    0.0	    0.0	  100.0	   25.6	    0.0	    0.0	    0.0	    0.0	   10.6	  1	  -50.0	 1250.0	   25.6	    0.0	    0.0	1	  227.0	 21	    0.0	    8.9	
  282	  56.40	    0.0	 1500.0	    0.0	    0.0	    0.0	    0.0	    0.0	    0.0	    0.0	    0.0	    0.0	  100.0	   25.4	    0.0	    0.0	    0.0	    0.0	   10.7	  1	  -50.0	 1250.0	   25.4	    0.0	    0.0	1	  227.0	 21	    0.0	    8.9	
  283	  56.60	    0.0	 1500.0	    0.0	    0.0	    0.0	    0.0	    0.0	    0.0	    0.0	    0.0	    0.0	  100.0	   25.1	    0.0	    0.0	    0.0	    0.0	   10.7	  1	  -50.0	 1250.0	   25.1	    0.0	    0.0	1	  227.0	 21	    0.0	    8.8	
  284	  56.80	    0.0	 1500.0	    0.0	    0.0	    0.0	    0.0	    0.0	    0.0	    0.0	    0.0	    0.0	  100.0	   24.9	    0.0	    0.0	    0.0	    0.0	   10.8	  1	  -50.0	 1250.0	   24.9	    0.0	    0.0	1	  227.0	 21	    0.0	    8.8	
  285	  57.00	    0.0	 1500.0	    0.0	    0.0	    0.0	    0.0	    0.0	    0.0	    0.0	    0.0	    0.0	  100.0	   24.6	    0.0	    0.0	    0.0	    0.0	   10.8	  1	  -50.0	 1250.0	   24.6	    0.0	    0.0	1	  227.0	 21	    0.0	    8.7	
  286	  57.20	    0.0	 1500.0	    0.0	    0.0	    0.0	    0.0	    0.0	    0.0	    0.0	    0.0	    0.0	  100.0	   24.4	    0.0	    0.0	    0.0	    0.0	   10.8	  1	  -50.0	 1250.0	   24.4	    0.0	    0.0	1	  227.0	 21	    0.0	    8.7	
  287	  57.40	    0.0	 1500.0	    0.0	    0.0	    0.0	    0.0	    0.0	    0.0	    0.0	    0.0	    0.0	  100.0	   24.1	    0.0	    0.0	    0.0	    0.0	   10.9	  1	  -50.0	 1250.0	   24.1	    0.0	    0.0	1	  227.0	 21	    0.0	    8.7	
  288	  57.60	    0.0	 1500.0	    0.0	    0.0	    0.0	    0.0	    0.0	    0.0	    0.0	    0.0	    0.0	  100.0	   23.8	    0.0	    0.0	    0.0	    0.0	   10.9	  1	  -50.0	 1250.0	   23.8	    0.0	    0.0	1	  227.0	 21	    0.0	    8.6	
  289	  57.80	    0.0	 1500.0	    0.0	    0.0	    0.0	    0.0	    0.0	    0.0	    0.0	    0.0	    0.0	  100.0	   23.6	    0.0	    0.0	    0.0	    0.0	   10.9	  1	  -50.0	 1250.0	   23.6	    0.0	    0.0	1	  227.0	 21	    0.0	    8.6	
  290	  58.00	    0.0	 1500.0	    0.0	    0.0	    0.0	    0.0	    0.0	    0.0	    0.0	    0.0	    0.0	  100.0	   23.3	    0.0	    0.0	    0.0	    0.0	   11.0	  1	  -50.0	 1350.0	   23.3	    0.0	    0.0	1	  144.7	 21	    0.0	    8.5	
  291	  58.20	    0.0	 1500.0	    0.0	    0.0	    0.0	    0.0	    0.0	    0.0	    0.0	    0.0	    0.0	  100.0	   23.1	    0.0	    0.0	    0.0	    0.0	   11.0	  1	  -50.0	 1350.0	   23.1	    0.0	    0.0	1	  144.7	 21	    0.0	    8.5	
  292	  58.40	    0.0	 1500.0	    0.0	    0.0	    0.0	    0.0	    0.0	    0.0	    0.0	    0.0	    0.0	  100.0	   22.8	    0.0	    0.0	    0.0	    0.0	   11.1	  1	  -50.0	 1350.0	   22.8	    0.0	    0.0	1	  144.7	 21	    0.0	    8.5	
  293	  58.60	    0.0	 1500.0	    0.0	    0.0	    0.0	    0.0	    0.0	    0.0	    0.0	    0.0	    0.0	  100.0	   22.6	    0.0	    0.0	    0.0	    0.0	   11.1	  1	  -50.0	 1350.0	   22.6	    0.0	    0.0	1	  144.7	 21	    0.0	    8.4	
  294	  58.80	    0.0	 1500.0	    0.0	    0.0	    0.0	    0.0	    0.0	    0.0	    0.0	    0.0	    0.0	  100.0	   22.3	    0.0	    0.0	    0.0	    0.0	   11.1	  1	  -50.0	 1350.0	   22.3	    0.0	    0.0	1	  144.7	 21	    0.0	    8.4	
  295	  59.00	    0.0	 1500.0	    0.0	    0.0	    0.0	    0.0	    0.0	    0.0	    0.0	    0.0	    0.0	  100.0	   22.1	    0.0	    0.0	    0.0	    0.0	   11.2	  1	  -50.0	 1350.0	   22.1	    0.0	    0.0	1	  144.7	 21	    0.0	    8.3	
  296	  59.20	    0.0	 1500.0	    0.0	    0.0	    0.0	    0.0	    0.0	    0.0	    0.0	    0.0	    0.0	  100.0	   21.8	    0.0	    0.0	    0.0	    0.0	   11.2	  1	  -50.0	 1350.0	   21.8	    0.0	    0.0	1	  144.7	 21	    0.0	    8.3	
  297	  59.40	    0.0	 1500.0	    0.0	    0.0	    0.0	    0.0	    0.0	    0.0	    0.0	    0.0	    0.0	  100.0	   21.6	    0.0	    0.0	    0.0	    0.0	   11.2	  1	  -50.0	 1450.0	   21.6	    0.0	    0.0	1	   60.8	 21	    0.0	    8.3	
  298	  59.60	    0.0	 1500.0	    0.0	    0.0	    0.0	    0.0	    0.0	    0.0	    0.0	    0.0	    0.0	  100.0	   21.3	    0.0	    0.0	    0.0	    0.0	   11.3	  1	  -50.0	 1450.0	   21.3	    0.0	    0.0	1	   60.8	 21	    0.0	    8.2	
  299	  59.80	    0.0	 1500.0	    0.0	    0.0	    0.0	    0.0	    0.0	    0.0	    0.0	    0.0	    0.0	  100.0	   21.0	    0.0	    0.0	    0.0	    0.0	   11.3	  1	  -50.0	 1450.0	   21.0	    0.0	    0.0	1	   60.8	 21	    0.0	    8.2	
  300	  60.00	    0.0	 1500.0	    0.0	    0.0	    0.0	    0.0	    0.0	    0.0	    0.0	    0.0	    0.0	  100.0	   20.8	    0.0	    0.0	    0.0	    0.0	   11.4	  1	  -50.0	 1450.0	   20.8	    0.0	    0.0	1	   60.8	 21	    0.0	    8.1	
  301	  60.20	    0.0	 1500.0	    0.0	    0.0	    0.0	    0.0	    0.0	    0.0	    0.0	    0.0	    0.0	  100.0	   20.5	    0.0	    0.0	    0.0	    0.0	   11.4	  1	  -50.0	 1450.0	   20.5	    0.0	    0.0	1	   60.8	 21	    0.0	    8.1	
  302	  60.40	    0.0	 1500.0	    0.0	    0.0	    0.0	    0.0	    0.0	    0.0	    0.0	    0.0	    0.0	  100.0	   20.3	    0.0	    0.0	    0.0	    0.0	   11.4	  1	  -50.0	 1450.0	   20.3	    0.0	    0.0	1	   60.8	 21	    0.0	    8.1	
  303	  60.60	    0.0	 1500.0	    0.0	    0.0	    0.0	    0.0	    0.0	    0.0	    0.0	    0.0	    0.0	  100.0	   20.0	    0.0	    0.0	    0.0	    0.0	   11.5	  1	  -50.0	 1450.0	   20.0	    0.0	    0.0	1	   60.8	 21	    0.0	    8.0	
  304	  60.80	    0.0	 1500.0	    0.0	    0.0	    0.0	    0.0	    0.0	    0.0	    0.0	    0.0	    0.0	  100.0	   19.8	    0.0	    0.0	    0.0	    0.0	   11.5	  1	  -50.0	 1450.0	   19.8	    0.0	    0.0	1	   60.8	 21	    0.0	    8.0	
  305	  61.00	    0.0	 1500.0	    0.0	    0.0	    0.0	    0.0	    0.0	    0.0	    0.0	    0.0	    0.0	  100.0	   19.5	    0.0	    0.0	    0.0	    0.0	   11.6	  1	  -50.0	 1450.0	   19.5	    0.0	    0.0	1	   60.8	 21	    0.0	    7.9	
  306	  61.20	    0.0	 1500.0	    0.0	    0.0	    0.0	    0.0	    0.0	    0.0	    0.0	    0.0	    0.0	  100.0	   19.3	    0.0	    0.0	    0.0	    0.0	   11.6	  1	  -50.0	 1450.0	   19.3	    0.0	    0.0	1	   60.8	 21	    0.0	    7.9	
  307	  61.40	    0.0	 1500.0	    0.0	    0.0	    0.0	    0.0	    0.0	    0.0	    0.0	    0.0	    0.0	  100.0	   19.0	    0.0	    0.0	    0.0	    0.0	   11.6	  1	  -50.0	 1450.0	   19.0	    0.0	    0.0	1	   60.8	 21	    0.0	    7.9	
  308	  61.60	    0.0	 1500.0	    0.0	    0.0	    0.0	    0.0	    0.0	    0.0	    0.0	    0.0	    0.0	  100.0	   18.8	    0.0	    0.0	    0.0	    0.0	   11.7	  1	  -50.0	 1450.0	   18.8	    0.0	    0.0	1	   60.8	 21	    0.0	    7.8	
  309	  61.80	    0.0	 1500.0	    0.0	    0.0	    0.0	    0.0	    0.0	    0.0	    0.0	    0.0	    0.0	  100.0	   18.5	    0.0	    0.0	    0.0	    0.0	   11.7	  1	  -50.0	 1450.0	   18.5	    0.0	    0.0	1	   60.8	 21	    0.0	    7.8	
  310	  62.00	    0.0	 1500.0	    0.0	    0.0	    0.0	    0.0	    0.0	    0.0	    0.0	    0.0	    0.0	  100.0	   18.2	    0.0	    0.0	    0.0	    0.0	   11.7	  1	  -50.0	 1450.0	   18.2	    0.0	    0.0	1	   60.8	 21	    0.0	    7.7	
  311	  62.20	    0.0	 1500.0	    0.0	    0.0	    0.0	    0.0	    0.0	    0.0	    0.0	    0.0	    0.0	  100.0	   18.0	    0.0	    0.0	    0.0	    0.0	   11.8	  1	  -50.0	 1450.0	   18.0	    0.0	    0.0	1	   60.8	 21	    0.0	    7.7	
  312	  62.40	    0.0	 1500.0	    0.0	    0.0	    0.0	    0.0	    0.0	    0.0	    0.0	    0.0	    0.0	  100.0	   17.7	    0.0	    0.0	    0.0	    0.0	   11.8	  1	  -50.0	 1450.0	   17.7	    0.0	    0.0	1	   60.8	 21	    0.0	    7.7	
  313	  62.60	    0.0	 1500.0	    0.0	    0.0	    0.0	    0.0	    0.0	    0.0	    0.0	    0.0	    0.0	  100.0	   17.5	    0.0	    0.0	    0.0	    0.0	   11.9	  1	  -50.0	 1450.0	   17.5	    0.0	    0.0	1	   60.8	 21	    0.0	    7.6	
  314	  62.80	    0.0	 1500.0	    0.0	    0.0	    0.0	    0.0	    0.0	    0.0	    0.0	    0.0	    0.0	  100.0	   17.2	    0.0	    0.0	    0.0	    0.0	   11.9	  1	  -50.0	 1450.0	   17.2	    0.0	    0.0	1	   60.8	 21	    0.0	    7.6	
  315	  63.00	    0.0	 1500.0	    0.0	    0.0	    0.0	    0.0	    0.0	    0.0	    0.0	    0.0	    0.0	  100.0	   17.0	    0.0	    0.0	    0.0	    0.0	   11.9	  1	  -50.0	 1450.0	   17.0	    0.0	    0.0	1	   60.8	 21	    0.0	    7.5	
  316	  63.20	    0.0	 1500.0	    0.0	    0.0	    0.0	    0.0	    0.0	    0.0	    0.0	    0.0	    0.0	  100.0	   16.7	    0.0	    0.0	    0.0	    0.0	   12.0	  1	  -50.0	 1450.0	   16.7	    0.0	    0.0	1	   60.8	 21	    0.0	    7.5	
  317	  63.40	    0.0	 1500.0	    0.0	    0.0	    0.0	    0.0	    0.0	    0.0	    0.0	    0.0	    0.0	  100.0	   16.5	    0.0	    0.0	    0.0	    0.0	   12.0	  1	  -50.0	 1450.0	   16.5	    0.0	    0.0	1	   60.8	 21	    0.0	    7.5	
  318	  63.60	    0.0	 1500.0	    0.0	    0.0	    0.0	    0.0	    0.0	    0.0	    0.0	    0.0	    0.0	  100.0	   16.2	    0.0	    0.0	    0.0	    0.0	   12.0	  1	  -50.0	 1450.0	   16.2	    0.0	    0.0	1	   60.8	 21	    0.0	    7.4	
  319	  63.80	    0.0	 1500.0	    0.0	    0.0	    0.0	    0.0	    0.0	    0.0	    0.0	    0.0	    0.0	  100.0	   15.9	    0.0	    0.0	    0.0	    0.0	   12.1	  1	  -50.0	 1450.0	   15.9	    0.0	    0.0	1	   60.8	 21	    0.0	    7.4	
  320	  64.00	    0.0	 1500.0	    0.0	    0.0	    0.0	    0.0	    0.0	    0.0	    0.0	    0.0	    0.0	  100.0	   15.7	    0.0	    0.0	    0.0	    0.0	   12.1	  1	  -50.0	 1450.0	   15.7	    0.0	    0.0	1	   60.8	 21	    0.0	    7.3	
  321	  64.20	    0.0	 1500.0	    0.0	    0.0	    0.0	    0.0	    0.0	    0.0	    0.0	    0.0	    0.0	  100.0	   15.4	    0.0	    0.0	    0.0	    0.0	   12.2	  1	  -50.0	 1450.0	   15.4	    0.0	    0.0	1	   60.8	 21	    0.0	    7.3	
  322	  64.40	    0.0	 1500.0	    0.0	    0.0	    0.0	    0.0	    0.0	    0.0	    0.0	    0.0	    0.0	  100.0	   15.2	    0.0	    0.0	    0.0	    0.0	   12.2	  1	  -50.0	 1450.0	   15.2	    0.0	    0.0	1	   60.8	 21	    0.0	    7.3	
  323	  64.60	    0.0	 1500.0	    0.0	    0.0	    0.0	    0.0	    0.0	    0.0	    0.0	    0.0	    0.0	  100.0	   14.9	    0.0	    0.0	    0.0	    0.0	   12.2	  1	  -50.0	 1450.0	   14.9	    0.0	    0.0	1	   60.8	 21	    0.0	    7.2	
  324	  64.80	    0.0	 1500.0	    0.0	    0.0	    0.0	    0.0	    0.0	    0.0	    0.0	    0.0	    0.0	  100.0	   14.7	    0.0	    0.0	    0.0	    0.0	   12.3	  1	  -50.0	 1450.0	   14.7	    0.0	    0.0	1	   60.8	 21	    0.0	    7.2	
  325	  65.00	    0.0	 1500.0	    0.0	    0.0	    0.0	    0.0	    0.0	    0.0	    0.0	    0.0	    0.0	  100.0	   14.4	    0.0	    0.0	    0.0	    0.0	   12.3	  1	  -50.0	 1450.0	   14.4	    0.0	    0.0	1	   60.8	 21	    0.0	    7.1	
  326	  65.20	    0.0	 1500.0	    0.0	    0.0	    0.0	    0.0	    0.0	    0.0	    0.0	    0.0	    0.0	  100.0	   14.2	    0.0	    0.0	    0.0	    0.0	   12.3	  1	  -50.0	 1450.0	   14.2	    0.0	    0.0	1	   60.8	 21	    0.0	    7.1	
  327	  65.40	    0.0	 1500.0	    0.0	    0.0	    0.0	    0.0	    0.0	    0.0	    0.0	    0.0	    0.0	  100.0	   13.9	    0.0	    0.0	    0.0	    0.0	   12.4	  1	  -50.0	 1450.0	   13.9	    0.0	    0.0	1	   60.8	 21	    0.0	    7.1	
  328	  65.60	    0.0	 1500.0	    0.0	    0.0	    0.0	    0.0	    0.0	    0.0	    0.0	    0.0	    0.0	  100.0	   13.7	    0.0	    0.0	    0.0	    0.0	   12.4	  1	  -50.0	 1450.0	   13.7	    0.0	    0.0	1	   60.8	 21	    0.0	    7.0	
  329	  65.80	    0.0	 1500.0	    0.0	    0.0	    0.0	    0.0	    0.0	    0.0	    0.0	    0.0	    0.0	  100.0	   13.4	    0.0	    0.0	    0.0	    0.0	   12.5	  1	  -50.0	 1450.0	   13.4	    0.0	    0.0	1	   60.8	 21	    0.0	    7.0	
  330	  66.00	    0.0	 1500.0	    0.0	    0.0	    0.0	    0.0	    0.0	    0.0	    0.0	    0.0	    0.0	  100.0	   13.1	    0.0	    0.0	    0.0	    0.0	   12.5	  1	  -50.0	 1450.0	   13.1	    0.0	    0.0	1	   60.8	 21	    0.0	    6.9	
  331	  66.20	    0.0	 1500.0	    0.0	    0.0	    0.0	    0.0	    0.0	    0.0	    0.0	    0.0	    0.0	  100.0	   12.9	    0.0	    0.0	    0.0	    0.0	   12.5	  1	  -50.0	 1450.0	   12.9	    0.0	    0.0	1	   60.8	 21	    0.0	    6.9	
  332	  66.40	    0.0	 1500.0	    0.0	    0.0	    0.0	    0.0	    0.0	    0.0	    0.0	    0.0	    0.0	  100.0	   12.6	    0.0	    0.0	    0.0	    0.0	   12.6	  1	  -50.0	 1450.0	   12.6	    0.0	    0.0	1	   60.8	 21	    0.0	    6.9	
  333	  66.60	    0.0	 1500.0	    0.0	    0.0	    0.0	    0.0	    0.0	    0.0	    0.0	    0.0	    0.0	  100.0	   12.4	    0.0	    0.0	    0.0	    0.0	   12.6	  1	  -50.0	 1450.0	   12.4	    0.0	    0.0	1	   60.8	 21	    0.0	    6.8	
  334	  66.80	    0.0	 1500.0	    0.0	    0.0	    0.0	    0.0	    0.0	    0.0	    0.0	    0.0	    0.0	  100.0	   12.1	    0.0	    0.0	    0.0	    0.0	   12.7	  1	  -50.0	 1450.0	   12.1	    0.0	    0.0	1	   60.8	 21	    0.0	    6.8	
  335	  67.00	    0.0	 1500.0	    0.0	    0.0	    0.0	    0.0	    0.0	    0.0	    0.0	    0.0	    0.0	  100.0	   11.9	    0.0	    0.0	    0.0	    0.0	   12.7	  1	  -50.0	 1450.0	   11.9	    0.0	    0.0	1	   60.8	 21	    0.0	    6.7	
  336	  67.20	    0.0	 1500.0	    0.0	    0.0	    0.0	    0.0	    0.0	    0.0	    0.0	    0.0	    0.0	  100.0	   11.6	    0.0	    0.0	    0.0	    0.0	   12.7	  1	  -50.0	 1450.0	   11.6	    0.0	    0.0	1	   60.8	 21	    0.0	    6.7	
  337	  67.40	    0.0	 1500.0	    0.0	    0.0	    0.0	    0.0	    0.0	    0.0	    0.0	    0.0	    0.0	  100.0	   11.4	    0.0	    0.0	    0.0	    0.0	   12.8	  1	  -50.0	 1450.0	   11.4	    0.0	    0.0	1	   60.8	 21	    0.0	    6.7	
