    1	   0.10	    0.0	    0.0	    0.0	    0.0	    0.0	    0.0	    0.0	    0.0	    0.0	    0.0	    0.0	  100.0	   99.9	    0.0	    0.0	    0.0	    0.0	    0.1	  0	    0.0	    0.0	   99.9	    0.0	    0.0	1	  300.0	  1	    0.0	   -nan	
    2	   0.20	    0.0	    0.0	  -90.0	    0.0	    0.0	    0.0	    0.0	    0.0	    0.0	    0.0	    0.0	  100.0	   99.4	    0.0	    0.0	    0.0	    0.0	    0.1	  0	    0.0	    0.0	   99.4	    0.0	    0.0	1	  300.0	  1	    0.0	   -nan	
    3	   0.30	    0.0	    0.0	  -90.0	    0.0	    0.0	    0.0	    0.0	    0.0	    0.0	    0.0	    0.0	  100.0	   98.9	    0.0	    0.0	    0.0	    0.0	    0.2	  0	    0.0	    0.0	   98.9	    0.0	    0.0	1	  300.0	  1	    0.0	   -nan	
    4	   0.40	    0.0	    0.0	  -90.0	    0.0	    0.0	    0.0	    0.0	    0.0	    0.0	    0.0	    0.0	  100.0	   98.4	    0.0	    0.0	    0.0	    0.0	    0.3	  0	    0.0	    0.0	   98.4	    0.0	    0.0	1	  300.0	  1	    0.0	   -nan	
    5	   0.50	    0.0	    0.0	  -90.0	    0.0	    0.0	    0.0	    0.0	    0.0	    0.0	    0.0	    0.0	  100.0	   97.9	    0.0	    0.0	    0.0	    0.0	    0.4	  0	    0.0	    0.0	   97.9	    0.0	    0.0	1	  300.0	  1	    0.0	   -nan	
    6	   0.60	    0.0	    0.0	  -90.0	    0.0	    0.0	    0.0	    0.0	    0.0	    0.0	    0.0	    0.0	  100.0	   97.4	    0.0	    0.0	    0.0	    0.0	    0.4	  0	    0.0	    0.0	   97.4	    0.0	    0.0	1	  300.0	  1	    0.0	   -nan	
    7	   0.70	    0.0	    0.0	  -90.0	    0.0	    0.0	    0.0	    0.0	    0.0	    0.0	    0.0	    0.0	  100.0	   96.9	    0.0	    0.0	    0.0	    0.0	    0.5	  0	    0.0	    0.0	   96.9	    0.0	    0.0	1	  300.0	  1	    0.0	   -nan	
    8	   0.80	    0.0	    0.0	  -90.0	    0.0	    0.0	    0.0	    0.0	    0.0	    0.0	    0.0	    0.0	  100.0	   96.4	    0.0	    0.0	    0.0	    0.0	    0.6	  0	    0.0	    0.0	   96.4	    0.0	    0.0	1	  300.0	  1	    0.0	   -nan	
    9	   0.90	    0.0	    0.0	  -90.0	    0.0	    0.0	    0.0	    0.0	    0.0	    0.0	    0.0	    0.0	  100.0	   95.9	    0.0	    0.0	    0.0	    0.0	    0.6	  0	    0.0	    0.0	   95.9	    0.0	    0.0	1	  300.0	  1	    0.0	   -nan	
   10	   1.00	    0.0	    0.0	  -90.0	    0.0	    0.0	    0.0	    0.0	    0.0	    0.0	    0.0	    0.0	  100.0	   95.4	    0.0	    0.0	    0.0	    0.0	    0.7	  0	    0.0	    0.0	   95.4	    0.0	    0.0	1	  300.0	  1	    0.0	   -nan	
   11	   1.10	    0.0	    0.0	  -90.0	    0.0	    0.0	    0.0	    0.0	    0.0	    0.0	    0.0	    0.0	  100.0	   94.9	    0.0	    0.0	    0.0	    0.0	    0.8	  0	    0.0	    0.0	   94.9	    0.0	    0.0	1	  300.0	  1	    0.0	   -nan	
   12	   1.20	    0.0	    0.0	  -90.0	    0.0	    0.0	    0.0	    0.0	    0.0	    0.0	    0.0	    0.0	  100.0	   94.4	    0.0	    0.0	    0.0	    0.0	    0.9	  0	    0.0	    0.0	   94.4	    0.0	    0.0	1	  300.0	  1	    0.0	   -nan	
   13	   1.30	    0.0	    0.0	  -90.0	    0.0	    0.0	    0.0	    0.0	    0.0	    0.0	    0.0	    0.0	  100.0	   93.9	    0.0	    0.0	    0.0	    0.0	    0.9	  0	    0.0	    0.0	   93.9	    0.0	    0.0	1	  300.0	  1	    0.0	   -nan	
   14	   1.40	    0.0	    0.0	  -90.0	    0.0	    0.0	    0.0	    0.0	    0.0	    0.0	    0.0	    0.0	  100.0	   93.4	    0.0	    0.0	    0.0	    0.0	    1.0	  0	    0.0	    0.0	   93.4	    0.0	    0.0	1	  300.0	  1	    0.0	   -nan	
   15	   1.50	    0.0	    0.0	  -90.0	    0.0	    0.0	    0.0	    0.0	    0.0	    0.0	    0.0	    0.0	  100.0	   92.9	    0.0	    0.0	    0.0	    0.0	    1.1	  0	    0.0	    0.0	   92.9	    0.0	    0.0	1	  300.0	  1	    0.0	   -nan	
   16	   1.60	    0.0	    0.0	  -90.0	    0.0	    0.0	    0.0	    0.0	    0.0	    0.0	    0.0	    0.0	  100.0	   92.4	    0.0	    0.0	    0.0	    0.0	    1.1	  0	    0.0	    0.0	   92.4	    0.0	    0.0	1	  300.0	  1	    0.0	   -nan	
   17	   1.70	    0.0	    0.0	  -90.0	    0.0	    0.0	    0.0	    0.0	    0.0	    0.0	    0.0	    0.0	  100.0	   91.9	    0.0	    0.0	    0.0	    0.0	    1.2	  0	    0.0	    0.0	   91.9	    0.0	    0.0	1	  300.0	  1	    0.0	   -nan	
   18	   1.80	    0.0	    0.0	  -90.0	    0.0	    0.0	    0.0	    0.0	    0.0	    0.0	    0.0	    0.0	  100.0	   91.4	    0.0	    0.0	    0.0	    0.0	    1.3	  0	    0.0	    0.0	   91.4	    0.0	    0.0	1	  300.0	  1	    0.0	   -nan	
   19	   1.90	    0.0	    0.0	  -90.0	    0.0	    0.0	    0.0	    0.0	    0.0	    0.0	    0.0	    0.0	  100.0	   90.9	    0.0	    0.0	    0.0	    0.0	    1.4	  0	    0.0	    0.0	   90.9	    0.0	    0.0	1	  300.0	  1	    0.0	   -nan	
   20	   2.00	    0.0	    0.0	  -90.0	    0.0	    0.0	    0.0	    0.0	    0.0	    0.0	    0.0	    0.0	  100.0	   90.4	    0.0	    0.0	    0.0	    0.0	    1.4	  0	    0.0	    0.0	   90.4	    0.0	    0.0	1	  300.0	  1	    0.0	   -nan	
   21	   2.10	    0.0	    0.0	  -90.0	    0.0	    0.0	    0.0	    0.0	    0.0	    0.0	    0.0	    0.0	  100.0	   89.9	    0.0	    0.0	    0.0	    0.0	    1.5	  0	    0.0	    0.0	   89.9	    0.0	    0.0	1	  300.0	  1	    0.0	   -nan	
   22	   2.20	    0.0	    0.0	  -90.0	    0.0	    0.0	    0.0	    0.0	    0.0	    0.0	    0.0	    0.0	  100.0	   89.4	    0.0	    0.0	    0.0	    0.0	    1.6	  0	    0.0	    0.0	   89.4	    0.0	    0.0	1	  300.0	  1	    0.0	   -nan	
   23	   2.30	    0.0	    0.0	  -90.0	    0.0	    0.0	    0.0	    0.0	    0.0	    0.0	    0.0	    0.0	  100.0	   88.9	    0.0	    0.0	    0.0	    0.0	    1.6	  0	    0.0	    0.0	   88.9	    0.0	    0.0	1	  300.0	  1	    0.0	   -nan	
   24	   2.40	    0.0	    0.0	  -90.0	    0.0	    0.0	    0.0	    0.0	    0.0	    0.0	    0.0	    0.0	  100.0	   88.4	    0.0	    0.0	    0.0	    0.0	    1.7	  0	    0.0	    0.0	   88.4	    0.0	    0.0	1	  300.0	  1	    0.0	   -nan	
   25	   2.50	    0.0	    0.0	  -90.0	    0.0	    0.0	    0.0	    0.0	    0.0	    0.0	    0.0	    0.0	  100.0	   87.9	    0.0	    0.0	    0.0	    0.0	    1.8	  0	    0.0	    0.0	   87.9	    0.0	    0.0	1	  300.0	  1	    0.0	   -nan	
   26	   2.60	    0.0	    0.0	  -90.0	    0.0	    0.0	    0.0	    0.0	    0.0	    0.0	    0.0	    0.0	  100.0	   87.4	    0.0	    0.0	    0.0	    0.0	    1.9	  0	    0.0	    0.0	   87.4	    0.0	    0.0	1	  300.0	  1	    0.0	   -nan	
   27	   2.70	    0.0	    0.0	  -90.0	    0.0	    0.0	    0.0	    0.0	    0.0	    0.0	    0.0	    0.0	  100.0	   86.9	    0.0	    0.0	    0.0	    0.0	    1.9	  0	    0.0	    0.0	   86.9	    0.0	    0.0	1	  300.0	  1	    0.0	   -nan	
   28	   2.80	    0.0	    0.0	  -90.0	    0.0	    0.0	    0.0	    0.0	    0.0	    0.0	    0.0	    0.0	  100.0	   86.4	    0.0	    0.0	    0.0	    0.0	    2.0	  0	    0.0	    0.0	   86.4	    0.0	    0.0	1	  300.0	  1	    0.0	   -nan	
   29	   2.90	    0.0	    0.0	  -90.0	    0.0	    0.0	    0.0	    0.0	    0.0	    0.0	    0.0	    0.0	  100.0	   85.9	    0.0	    0.0	    0.0	    0.0	    2.1	  0	    0.0	    0.0	   85.9	    0.0	    0.0	1	  300.0	  1	    0.0	   -nan	
   30	   3.00	    0.0	    0.0	  -90.0	    0.0	    0.0	    0.0	    0.0	    0.0	    0.0	    0.0	    0.0	  100.0	   85.4	    0.0	    0.0	    0.0	    0.0	    2.1	  0	    0.0	    0.0	   85.4	    0.0	    0.0	1	  300.0	  1	    0.0	   -nan	
   31	   3.10	    0.0	    0.0	  -90.0	    0.0	    0.0	    0.0	    0.0	    0.0	    0.0	    0.0	    0.0	  100.0	   84.9	    0.0	    0.0	    0.0	    0.0	    2.2	  0	    0.0	    0.0	   84.9	    0.0	    0.0	1	  300.0	  1	    0.0	   -nan	
   32	   3.20	    0.0	    0.0	  -90.0	    0.0	    0.0	    0.0	    0.0	    0.0	    0.0	    0.0	    0.0	  100.0	   84.4	    0.0	    0.0	    0.0	    0.0	    2.3	  0	    0.0	    0.0	   84.4	    0.0	    0.0	1	  300.0	  1	    0.0	   -nan	
   33	   3.30	    0.0	    0.0	  -90.0	    0.0	    0.0	    0.0	    0.0	    0.0	    0.0	    0.0	    0.0	  100.0	   83.9	    0.0	    0.0	    0.0	    0.0	    2.4	  0	    0.0	    0.0	   83.9	    0.0	    0.0	1	  300.0	  1	    0.0	   -nan	
   34	   3.40	    0.0	    0.0	  -90.0	    0.0	    0.0	    0.0	    0.0	    0.0	    0.0	    0.0	    0.0	  100.0	   83.4	    0.0	    0.0	    0.0	    0.0	    2.4	  0	    0.0	    0.0	   83.4	    0.0	    0.0	1	  300.0	  1	    0.0	   -nan	
   35	   3.50	    0.0	    0.0	  -90.0	    0.0	    0.0	    0.0	    0.0	    0.0	    0.0	    0.0	    0.0	  100.0	   82.9	    0.0	    0.0	    0.0	    0.0	    2.5	  0	    0.0	    0.0	   82.9	    0.0	    0.0	1	  300.0	  1	    0.0	   -nan	
   36	   3.60	    0.0	    0.0	  -90.0	    0.0	    0.0	    0.0	    0.0	    0.0	    0.0	    0.0	    0.0	  100.0	   82.4	    0.0	    0.0	    0.0	    0.0	    2.6	  0	    0.0	    0.0	   82.4	    0.0	    0.0	1	  300.0	  1	    0.0	   -nan	
   37	   3.70	    0.0	    0.0	  -90.0	    0.0	    0.0	    0.0	    0.0	    0.0	    0.0	    0.0	    0.0	  100.0	   81.9	    0.0	    0.0	    0.0	    0.0	    2.6	  0	    0.0	    0.0	   81.9	    0.0	    0.0	1	  300.0	  1	    0.0	   -nan	
   38	   3.80	    0.0	    0.0	  -90.0	    0.0	    0.0	    0.0	    0.0	    0.0	    0.0	    0.0	    0.0	  100.0	   81.4	    0.0	    0.0	    0.0	    0.0	    2.7	  0	    0.0	    0.0	   81.4	    0.0	    0.0	1	  300.0	  1	    0.0	   -nan	
   39	   3.90	    0.0	    0.0	  -90.0	    0.0	    0.0	    0.0	    0.0	    0.0	    0.0	    0.0	    0.0	  100.0	   80.9	    0.0	    0.0	    0.0	    0.0	    2.8	  0	    0.0	    0.0	   80.9	    0.0	    0.0	1	  300.0	  1	    0.0	   -nan	
   40	   4.00	    0.0	    0.0	  -90.0	    0.0	    0.0	    0.0	    0.0	    0.0	    0.0	    0.0	    0.0	  100.0	   80.4	    0.0	    0.0	    0.0	    0.0	    2.9	  0	    0.0	    0.0	   80.4	    0.0	    0.0	1	  300.0	  1	    0.0	   -nan	
   41	   4.10	    0.0	    0.0	  -90.0	    0.0	    0.0	    0.0	    0.0	    0.0	    0.0	    0.0	    0.0	  100.0	   79.9	    0.0	    0.0	    0.0	    0.0	    2.9	  0	    0.0	    0.0	   79.9	    0.0	    0.0	1	  300.0	  1	    0.0	   -nan	
   42	   4.20	    0.0	    0.0	  -90.0	    0.0	    0.0	    0.0	    0.0	    0.0	    0.0	    0.0	    0.0	  100.0	   79.4	    0.0	    0.0	    0.0	    0.0	    3.0	  0	    0.0	    0.0	   79.4	    0.0	    0.0	1	  300.0	  1	    0.0	   -nan	
   43	   4.30	    0.0	    0.0	  -90.0	    0.0	    0.0	    0.0	    0.0	    0.0	    0.0	    0.0	    0.0	  100.0	   78.9	    0.0	    0.0	    0.0	    0.0	    3.1	  0	    0.0	    0.0	   78.9	    0.0	    0.0	1	  300.0	  1	    0.0	   -nan	
   44	   4.40	    0.0	    0.0	  -90.0	    0.0	    0.0	    0.0	    0.0	    0.0	    0.0	    0.0	    0.0	  100.0	   78.4	    0.0	    0.0	    0.0	    0.0	    3.1	  0	    0.0	    0.0	   78.4	    0.0	    0.0	1	  300.0	  1	    0.0	   -nan	
   45	   4.50	    0.0	    0.0	  -90.0	    0.0	    0.0	    0.0	    0.0	    0.0	    0.0	    0.0	    0.0	  100.0	   77.9	    0.0	    0.0	    0.0	    0.0	    3.2	  0	    0.0	    0.0	   77.9	    0.0	    0.0	1	  300.0	  1	    0.0	   -nan	
   46	   4.60	    0.0	    0.0	  -90.0	    0.0	    0.0	    0.0	    0.0	    0.0	    0.0	    0.0	    0.0	  100.0	   77.4	    0.0	    0.0	    0.0	    0.0	    3.3	  0	    0.0	    0.0	   77.4	    0.0	    0.0	1	  300.0	  1	    0.0	   -nan	
   47	   4.70	    0.0	    0.0	  -90.0	    0.0	    0.0	    0.0	    0.0	    0.0	    0.0	    0.0	    0.0	  100.0	   76.9	    0.0	    0.0	    0.0	    0.0	    3.4	  0	    0.0	    0.0	   76.9	    0.0	    0.0	1	  300.0	  1	    0.0	   -nan	
   48	   4.80	    0.0	    0.0	  -90.0	    0.0	    0.0	    0.0	    0.0	    0.0	    0.0	    0.0	    0.0	  100.0	   76.4	    0.0	    0.0	    0.0	    0.0	    3.4	  0	    0.0	    0.0	   76.4	    0.0	    0.0	1	  300.0	  1	    0.0	   -nan	
   49	   4.90	    0.0	    0.0	  -90.0	    0.0	    0.0	    0.0	    0.0	    0.0	    0.0	    0.0	    0.0	  100.0	   75.9	    0.0	    0.0	    0.0	    0.0	    3.5	  0	    0.0	    0.0	   75.9	    0.0	    0.0	1	  300.0	  1	    0.0	   -nan	
   50	   5.00	    0.0	    0.0	  -90.0	    0.0	    0.0	    0.0	    0.0	    0.0	    0.0	    0.0	    0.0	  100.0	   75.4	    0.0	    0.0	    0.0	    0.0	    3.6	  0	    0.0	    0.0	   75.4	    0.0	    0.0	1	  300.0	  1	    0.0	   -nan	
   51	   5.10	    0.0	    0.0	  -90.0	    0.0	    0.0	    0.0	    0.0	    0.0	    0.0	    0.0	    0.0	  100.0	   74.9	    0.0	    0.0	    0.0	    0.0	    3.6	  0	    0.0	    0.0	   74.9	    0.0	    0.0	1	  300.0	  1	    0.0	   -nan	
   52	   5.20	    0.0	    0.0	  -90.0	    0.0	    0.0	    0.0	    0.0	    0.0	    0.0	    0.0	    0.0	  100.0	   74.4	    0.0	    0.0	    0.0	    0.0	    3.7	  0	    0.0	    0.0	   74.4	    0.0	    0.0	1	  300.0	  1	    0.0	   -nan	
   53	   5.30	    0.0	    0.0	  -90.0	    0.0	    0.0	    0.0	    0.0	    0.0	    0.0	    0.0	    0.0	  100.0	   73.9	    0.0	    0.0	    0.0	    0.0	    3.8	  0	    0.0	    0.0	   73.9	    0.0	    0.0	1	  300.0	  1	    0.0	   -nan	
   54	   5.40	    0.0	    0.0	  -90.0	    0.0	    0.0	    0.0	    0.0	    0.0	    0.0	    0.0	    0.0	  100.0	   73.4	    0.0	    0.0	    0.0	    0.0	    3.9	  0	    0.0	    0.0	   73.4	    0.0	    0.0	1	  300.0	  1	    0.0	   -nan	
   55	   5.50	    0.0	    0.0	  -90.0	    0.0	    0.0	    0.0	    0.0	    0.0	    0.0	    0.0	    0.0	  100.0	   72.9	    0.0	    0.0	    0.0	    0.0	    3.9	  0	    0.0	    0.0	   72.9	    0.0	    0.0	1	  300.0	  1	    0.0	   -nan	
   56	   5.60	    0.0	    0.0	  -90.0	    0.0	    0.0	    0.0	    0.0	    0.0	    0.0	    0.0	    0.0	  100.0	   72.4	    0.0	    0.0	    0.0	    0.0	    4.0	  0	    0.0	    0.0	   72.4	    0.0	    0.0	1	  300.0	  1	    0.0	   -nan	
   57	   5.70	    0.0	    0.0	  -90.0	    0.0	    0.0	    0.0	    0.0	    0.0	    0.0	    0.0	    0.0	  100.0	   71.9	    0.0	    0.0	    0.0	    0.0	    4.1	  0	    0.0	    0.0	   71.9	    0.0	    0.0	1	  300.0	  1	    0.0	   -nan	
   58	   5.80	    0.0	    0.0	  -90.0	    0.0	    0.0	    0.0	    0.0	    0.0	    0.0	    0.0	    0.0	  100.0	   71.4	    0.0	    0.0	    0.0	    0.0	    4.1	  0	    0.0	    0.0	   71.4	    0.0	    0.0	1	  300.0	  1	    0.0	   -nan	
   59	   5.90	    0.0	    0.0	  -90.0	    0.0	    0.0	    0.0	    0.0	    0.0	    0.0	    0.0	    0.0	  100.0	   70.9	    0.0	    0.0	    0.0	    0.0	    4.2	  0	    0.0	    0.0	   70.9	    0.0	    0.0	1	  300.0	  1	    0.0	   -nan	
   60	   6.00	    0.0	    0.0	  -90.0	    0.0	    0.0	    0.0	    0.0	    0.0	    0.0	    0.0	    0.0	  100.0	   70.4	    0.0	    0.0	    0.0	    0.0	    4.3	  0	    0.0	    0.0	   70.4	    0.0	    0.0	1	  300.0	  1	    0.0	   -nan	
   61	   6.10	    0.0	    0.0	  -90.0	    0.0	    0.0	    0.0	    0.0	    0.0	    0.0	    0.0	    0.0	  100.0	   69.9	    0.0	    0.0	    0.0	    0.0	    4.4	  0	    0.0	    0.0	   69.9	    0.0	    0.0	1	  300.0	  1	    0.0	   -nan	
   62	   6.20	    0.0	    0.0	  -90.0	    0.0	    0.0	    0.0	    0.0	    0.0	    0.0	    0.0	    0.0	  100.0	   69.4	    0.0	    0.0	    0.0	    0.0	    4.4	  0	    0.0	    0.0	   69.4	    0.0	    0.0	1	  300.0	  1	    0.0	   -nan	
   63	   6.30	    0.0	    0.0	  -90.0	    0.0	    0.0	    0.0	    0.0	    0.0	    0.0	    0.0	    0.0	  100.0	   68.9	    0.0	    0.0	    0.0	    0.0	    4.5	  0	    0.0	    0.0	   68.9	    0.0	    0.0	1	  300.0	  1	    0.0	   -nan	
   64	   6.40	    0.0	    0.0	  -90.0	    0.0	    0.0	    0.0	    0.0	    0.0	    0.0	    0.0	    0.0	  100.0	   68.4	    0.0	    0.0	    0.0	    0.0	    4.6	  0	    0.0	    0.0	   68.4	    0.0	    0.0	1	  300.0	  1	    0.0	   -nan	
   65	   6.50	    0.0	    0.0	  -90.0	    0.0	    0.0	    0.0	    0.0	    0.0	    0.0	    0.0	    0.0	  100.0	   67.9	    0.0	    0.0	    0.0	    0.0	    4.6	  0	    0.0	    0.0	   67.9	    0.0	    0.0	1	  300.0	  1	    0.0	   -nan	
   66	   6.60	    0.0	    0.0	  -90.0	    0.0	    0.0	    0.0	    0.0	    0.0	    0.0	    0.0	    0.0	  100.0	   67.4	    0.0	    0.0	    0.0	    0.0	    4.7	  0	    0.0	    0.0	   67.4	    0.0	    0.0	1	  300.0	  1	    0.0	   -nan	
   67	   6.70	    0.0	    0.0	  -90.0	    0.0	    0.0	    0.0	    0.0	    0.0	    0.0	    0.0	    0.0	  100.0	   66.9	    0.0	    0.0	    0.0	    0.0	    4.8	  0	    0.0	    0.0	   66.9	    0.0	    0.0	1	  300.0	  1	    0.0	   -nan	
   68	   6.80	    0.0	    0.0	  -90.0	    0.0	    0.0	    0.0	    0.0	    0.0	    0.0	    0.0	    0.0	  100.0	   66.4	    0.0	    0.0	    0.0	    0.0	    4.9	  0	    0.0	    0.0	   66.4	    0.0	    0.0	1	  300.0	  1	    0.0	   -nan	
   69	   6.90	    0.0	    0.0	  -90.0	    0.0	    0.0	    0.0	    0.0	    0.0	    0.0	    0.0	    0.0	  100.0	   65.9	    0.0	    0.0	    0.0	    0.0	    4.9	  0	    0.0	    0.0	   65.9	    0.0	    0.0	1	  300.0	  1	    0.0	   -nan	
   70	   7.00	    0.0	    0.0	  -90.0	    0.0	    0.0	    0.0	    0.0	    0.0	    0.0	    0.0	    0.0	  100.0	   65.4	    0.0	    0.0	    0.0	    0.0	    5.0	  0	    0.0	    0.0	   65.4	    0.0	    0.0	1	  300.0	  1	    0.0	   -nan	
   71	   7.10	    0.0	    0.0	  -90.0	    0.0	    0.0	    0.0	    0.0	    0.0	    0.0	    0.0	    0.0	  100.0	   64.9	    0.0	    0.0	    0.0	    0.0	    5.1	  0	    0.0	    0.0	   64.9	    0.0	    0.0	1	  300.0	  1	    0.0	   -nan	
   72	   7.20	    0.0	    0.0	  -90.0	    0.0	    0.0	    0.0	    0.0	    0.0	    0.0	    0.0	    0.0	  100.0	   64.4	    0.0	    0.0	    0.0	    0.0	    5.1	  0	    0.0	    0.0	   64.4	    0.0	    0.0	1	  300.0	  1	    0.0	   -nan	
   73	   7.30	    0.0	    0.0	  -90.0	    0.0	    0.0	    0.0	    0.0	    0.0	    0.0	    0.0	    0.0	  100.0	   63.9	    0.0	    0.0	    0.0	    0.0	    5.2	  0	    0.0	    0.0	   63.9	    0.0	    0.0	1	  300.0	  1	    0.0	   -nan	
   74	   7.40	    0.0	    0.0	  -90.0	    0.0	    0.0	    0.0	    0.0	    0.0	    0.0	    0.0	    0.0	  100.0	   63.4	    0.0	    0.0	    0.0	    0.0	    5.3	  0	    0.0	    0.0	   63.4	    0.0	    0.0	1	  300.0	  1	    0.0	   -nan	
   75	   7.50	    0.0	    0.0	  -90.0	    0.0	    0.0	    0.0	    0.0	    0.0	    0.0	    0.0	    0.0	  100.0	   62.9	    0.0	    0.0	    0.0	    0.0	    5.4	  0	    0.0	    0.0	   62.9	    0.0	    0.0	1	  300.0	  1	    0.0	   -nan	
   76	   7.60	    0.0	    0.0	  -90.0	    0.0	    0.0	    0.0	    0.0	    0.0	    0.0	    0.0	    0.0	  100.0	   62.4	    0.0	    0.0	    0.0	    0.0	    5.4	  0	    0.0	    0.0	   62.4	    0.0	    0.0	1	  300.0	  1	    0.0	   -nan	
   77	   7.70	    0.0	    0.0	  -90.0	    0.0	    0.0	    0.0	    0.0	    0.0	    0.0	    0.0	    0.0	  100.0	   61.9	    0.0	    0.0	    0.0	    0.0	    5.5	  0	    0.0	    0.0	   61.9	    0.0	    0.0	1	  300.0	  1	    0.0	   -nan	
   78	   7.80	    0.0	    0.0	  -90.0	    0.0	    0.0	    0.0	    0.0	    0.0	    0.0	    0.0	    0.0	  100.0	   61.4	    0.0	    0.0	    0.0	    0.0	    5.6	  0	    0.0	    0.0	   61.4	    0.0	    0.0	1	  300.0	  1	    0.0	   -nan	
   79	   7.90	    0.0	    0.0	  -90.0	    0.0	    0.0	    0.0	    0.0	    0.0	    0.0	    0.0	    0.0	  100.0	   60.9	    0.0	    0.0	    0.0	    0.0	    5.6	  0	    0.0	    0.0	   60.9	    0.0	    0.0	1	  300.0	  1	    0.0	   -nan	
   80	   8.00	    0.0	    0.0	  -90.0	    0.0	    0.0	    0.0	    0.0	    0.0	    0.0	    0.0	    0.0	  100.0	   60.4	    0.0	    0.0	    0.0	    0.0	    5.7	  0	    0.0	    0.0	   60.4	    0.0	    0.0	1	  300.0	  1	    0.0	   -nan	
   81	   8.10	    0.0	    0.0	  -90.0	    0.0	    0.0	    0.0	    0.0	    0.0	    0.0	    0.0	    0.0	  100.0	   59.9	    0.0	    0.0	    0.0	    0.0	    5.8	  0	    0.0	    0.0	   59.9	    0.0	    0.0	1	  300.0	  1	    0.0	   -nan	
   82	   8.20	    0.0	    0.0	  -90.0	    0.0	    0.0	    0.0	    0.0	    0.0	    0.0	    0.0	    0.0	  100.0	   59.4	    0.0	    0.0	    0.0	    0.0	    5.9	  0	    0.0	    0.0	   59.4	    0.0	    0.0	1	  300.0	  1	    0.0	   -nan	
   83	   8.30	    0.0	    0.0	  -90.0	    0.0	    0.0	    0.0	    0.0	    0.0	    0.0	    0.0	    0.0	  100.0	   58.9	    0.0	    0.0	    0.0	    0.0	    5.9	  0	    0.0	    0.0	   58.9	    0.0	    0.0	1	  300.0	  1	    0.0	   -nan	
   84	   8.40	    0.0	    0.0	  -90.0	    0.0	    0.0	    0.0	    0.0	    0.0	    0.0	    0.0	    0.0	  100.0	   58.4	    0.0	    0.0	    0.0	    0.0	    6.0	  0	    0.0	    0.0	   58.4	    0.0	    0.0	1	  300.0	  1	    0.0	   -nan	
   85	   8.50	    0.0	    0.0	  -90.0	    0.0	    0.0	    0.0	    0.0	    0.0	    0.0	    0.0	    0.0	  100.0	   57.9	    0.0	    0.0	    0.0	    0.0	    6.1	  0	    0.0	    0.0	   57.9	    0.0	    0.0	1	  300.0	  1	    0.0	   -nan	
   86	   8.60	    0.0	    0.0	  -90.0	    0.0	    0.0	    0.0	    0.0	    0.0	    0.0	    0.0	    0.0	  100.0	   57.4	    0.0	    0.0	    0.0	    0.0	    6.1	  0	    0.0	    0.0	   57.4	    0.0	    0.0	1	  300.0	  1	    0.0	   -nan	
   87	   8.70	    0.0	    0.0	  -90.0	    0.0	    0.0	    0.0	    0.0	    0.0	    0.0	    0.0	    0.0	  100.0	   56.9	    0.0	    0.0	    0.0	    0.0	    6.2	  0	    0.0	    0.0	   56.9	    0.0	    0.0	1	  300.0	  1	    0.0	   -nan	
   88	   8.80	    0.0	    0.0	  -90.0	    0.0	    0.0	    0.0	    0.0	    0.0	    0.0	    0.0	    0.0	  100.0	   56.4	    0.0	    0.0	    0.0	    0.0	    6.3	  0	    0.0	    0.0	   56.4	    0.0	    0.0	1	  300.0	  1	    0.0	   -nan	
   89	   8.90	    0.0	    0.0	  -90.0	    0.0	    0.0	    0.0	    0.0	    0.0	    0.0	    0.0	    0.0	  100.0	   55.9	    0.0	    0.0	    0.0	    0.0	    6.4	  0	    0.0	    0.0	   55.9	    0.0	    0.0	1	  300.0	  1	    0.0	   -nan	
   90	   9.00	    0.0	    0.0	  -90.0	    0.0	    0.0	    0.0	    0.0	    0.0	    0.0	    0.0	    0.0	  100.0	   55.4	    0.0	    0.0	    0.0	    0.0	    6.4	  0	    0.0	    0.0	   55.4	    0.0	    0.0	1	  300.0	  1	    0.0	   -nan	
   91	   9.10	    0.0	    0.0	  -90.0	    0.0	    0.0	    0.0	    0.0	    0.0	    0.0	    0.0	    0.0	  100.0	   54.9	    0.0	    0.0	    0.0	    0.0	    6.5	  0	    0.0	    0.0	   54.9	    0.0	    0.0	1	  300.0	  1	    0.0	   -nan	
   92	   9.20	    0.0	    0.0	  -90.0	    0.0	    0.0	    0.0	    0.0	    0.0	    0.0	    0.0	    0.0	  100.0	   54.4	    0.0	    0.0	    0.0	    0.0	    6.6	  0	    0.0	    0.0	   54.4	    0.0	    0.0	1	  300.0	  1	    0.0	   -nan	
   93	   9.30	    0.0	    0.0	  -90.0	    0.0	    0.0	    0.0	    0.0	    0.0	    0.0	    0.0	    0.0	  100.0	   53.9	    0.0	    0.0	    0.0	    0.0	    6.6	  0	    0.0	    0.0	   53.9	    0.0	    0.0	1	  300.0	  1	    0.0	   -nan	
   94	   9.40	    0.0	    0.0	  -90.0	    0.0	    0.0	    0.0	    0.0	    0.0	    0.0	    0.0	    0.0	  100.0	   53.4	    0.0	    0.0	    0.0	    0.0	    6.7	  0	    0.0	    0.0	   53.4	    0.0	    0.0	1	  300.0	  1	    0.0	   -nan	
   95	   9.50	    0.0	    0.0	  -90.0	    0.0	    0.0	    0.0	    0.0	    0.0	    0.0	    0.0	    0.0	  100.0	   52.9	    0.0	    0.0	    0.0	    0.0	    6.8	  0	    0.0	    0.0	   52.9	    0.0	    0.0	1	  300.0	  1	    0.0	   -nan	
   96	   9.60	    0.0	    0.0	  -90.0	    0.0	    0.0	    0.0	    0.0	    0.0	    0.0	    0.0	    0.0	  100.0	   52.4	    0.0	    0.0	    0.0	    0.0	    6.9	  0	    0.0	    0.0	   52.4	    0.0	    0.0	1	  300.0	  1	    0.0	   -nan	
   97	   9.70	    0.0	    0.0	  -90.0	    0.0	    0.0	    0.0	    0.0	    0.0	    0.0	    0.0	    0.0	  100.0	   51.9	    0.0	    0.0	    0.0	    0.0	    6.9	  0	    0.0	    0.0	   51.9	    0.0	    0.0	1	  300.0	  1	    0.0	   -nan	
   98	   9.80	    0.0	    0.0	  -90.0	    0.0	    0.0	    0.0	    0.0	    0.0	    0.0	    0.0	    0.0	  100.0	   51.4	    0.0	    0.0	    0.0	    0.0	    7.0	  0	    0.0	    0.0	   51.4	    0.0	    0.0	1	  300.0	  1	    0.0	   -nan	
   99	   9.90	    0.0	    0.0	  -90.0	    0.0	    0.0	    0.0	    0.0	    0.0	    0.0	    0.0	    0.0	  100.0	   50.9	    0.0	    0.0	    0.0	    0.0	    7.1	  0	    0.0	    0.0	   50.9	    0.0	    0.0	1	  300.0	  1	    0.0	   -nan	
  100	  10.00	    0.0	    0.0	  -90.0	    0.0	    0.0	    0.0	    0.0	    0.0	    0.0	    0.0	    0.0	  100.0	   50.4	    0.0	    0.0	    0.0	    0.0	    7.1	  0	    0.0	    0.0	   50.4	    0.0	    0.0	1	  300.0	  1	    0.0	   -nan	
  101	  10.10	    0.0	    0.0	  -90.0	    0.0	    0.0	    0.0	    0.0	    0.0	    0.0	    0.0	    0.0	  100.0	   49.9	    0.0	    0.0	    0.0	    0.0	    7.2	  0	    0.0	    0.0	   49.9	    0.0	    0.0	1	  300.0	  1	    0.0	   -nan	
  102	  10.20	    0.0	    0.0	  -90.0	    0.0	    0.0	    0.0	    0.0	    0.0	    0.0	    0.0	    0.0	  100.0	   49.4	    0.0	    0.0	    0.0	    0.0	    7.3	  0	    0.0	    0.0	   49.4	    0.0	    0.0	1	  300.0	  1	    0.0	   -nan	
  103	  10.30	    0.0	    0.0	  -90.0	    0.0	    0.0	    0.0	    0.0	    0.0	    0.0	    0.0	    0.0	  100.0	   48.9	    0.0	    0.0	    0.0	    0.0	    7.4	  0	    0.0	    0.0	   48.9	    0.0	    0.0	1	  300.0	  1	    0.0	   -nan	
  104	  10.40	    0.0	    0.0	  -90.0	    0.0	    0.0	    0.0	    0.0	    0.0	    0.0	    0.0	    0.0	  100.0	   48.4	    0.0	    0.0	    0.0	    0.0	    7.4	  0	    0.0	    0.0	   48.4	    0.0	    0.0	1	  300.0	  1	    0.0	   -nan	
  105	  10.50	    0.0	    0.0	  -90.0	    0.0	    0.0	    0.0	    0.0	    0.0	    0.0	    0.0	    0.0	  100.0	   47.9	    0.0	    0.0	    0.0	    0.0	    7.5	  0	    0.0	    0.0	   47.9	    0.0	    0.0	1	  300.0	  1	    0.0	   -nan	
  106	  10.60	    0.0	    0.0	  -90.0	    0.0	    0.0	    0.0	    0.0	    0.0	    0.0	    0.0	    0.0	  100.0	   47.4	    0.0	    0.0	    0.0	    0.0	    7.6	  0	    0.0	    0.0	   47.4	    0.0	    0.0	1	  300.0	  1	    0.0	   -nan	
  107	  10.70	    0.0	    0.0	  -90.0	    0.0	    0.0	    0.0	    0.0	    0.0	    0.0	    0.0	    0.0	  100.0	   46.9	    0.0	    0.0	    0.0	    0.0	    7.6	  0	    0.0	    0.0	   46.9	    0.0	    0.0	1	  300.0	  1	    0.0	   -nan	
  108	  10.80	    0.0	    0.0	  -90.0	    0.0	    0.0	    0.0	    0.0	    0.0	    0.0	    0.0	    0.0	  100.0	   46.4	    0.0	    0.0	    0.0	    0.0	    7.7	  0	    0.0	    0.0	   46.4	    0.0	    0.0	1	  300.0	  1	    0.0	   -nan	
  109	  10.90	    0.0	    0.0	  -90.0	    0.0	    0.0	    0.0	    0.0	    0.0	    0.0	    0.0	    0.0	  100.0	   45.9	    0.0	    0.0	    0.0	    0.0	    7.8	  0	    0.0	    0.0	   45.9	    0.0	    0.0	1	  300.0	  1	    0.0	   -nan	
  110	  11.00	    0.0	    0.0	  -90.0	    0.0	    0.0	    0.0	    0.0	    0.0	    0.0	    0.0	    0.0	  100.0	   45.4	    0.0	    0.0	    0.0	    0.0	    7.9	  0	    0.0	    0.0	   45.4	    0.0	    0.0	1	  300.0	  1	    0.0	   -nan	
  111	  11.10	    0.0	    0.0	  -90.0	    0.0	    0.0	    0.0	    0.0	    0.0	    0.0	    0.0	    0.0	  100.0	   44.9	    0.0	    0.0	    0.0	    0.0	    7.9	  0	    0.0	    0.0	   44.9	    0.0	    0.0	1	  300.0	  1	    0.0	   -nan	
  112	  11.20	    0.0	    0.0	  -90.0	    0.0	    0.0	    0.0	    0.0	    0.0	    0.0	    0.0	    0.0	  100.0	   44.4	    0.0	    0.0	    0.0	    0.0	    8.0	  0	    0.0	    0.0	   44.4	    0.0	    0.0	1	  300.0	  1	    0.0	   -nan	
  113	  11.30	    0.0	    0.0	  -90.0	    0.0	    0.0	    0.0	    0.0	    0.0	    0.0	    0.0	    0.0	  100.0	   43.9	    0.0	    0.0	    0.0	    0.0	    8.1	  0	    0.0	    0.0	   43.9	    0.0	    0.0	1	  300.0	  1	    0.0	   -nan	
  114	  11.40	    0.0	    0.0	  -90.0	    0.0	    0.0	    0.0	    0.0	    0.0	    0.0	    0.0	    0.0	  100.0	   43.4	    0.0	    0.0	    0.0	    0.0	    8.1	  0	    0.0	    0.0	   43.4	    0.0	    0.0	1	  300.0	  1	    0.0	   -nan	
  115	  11.50	    0.0	    0.0	  -90.0	    0.0	    0.0	    0.0	    0.0	    0.0	    0.0	    0.0	    0.0	  100.0	   42.9	    0.0	    0.0	    0.0	    0.0	    8.2	  0	    0.0	    0.0	   42.9	    0.0	    0.0	1	  300.0	  1	    0.0	   -nan	
  116	  11.60	    0.0	    0.0	  -90.0	    0.0	    0.0	    0.0	    0.0	    0.0	    0.0	    0.0	    0.0	  100.0	   42.4	    0.0	    0.0	    0.0	    0.0	    8.3	  0	    0.0	    0.0	   42.4	    0.0	    0.0	1	  300.0	  1	    0.0	   -nan	
  117	  11.70	    0.0	    0.0	  -90.0	    0.0	    0.0	    0.0	    0.0	    0.0	    0.0	    0.0	    0.0	  100.0	   41.9	    0.0	    0.0	    0.0	    0.0	    8.4	  0	    0.0	    0.0	   41.9	    0.0	    0.0	1	  300.0	  1	    0.0	   -nan	
  118	  11.80	    0.0	    0.0	  -90.0	    0.0	    0.0	    0.0	    0.0	    0.0	    0.0	    0.0	    0.0	  100.0	   41.4	    0.0	    0.0	    0.0	    0.0	    8.4	  0	    0.0	    0.0	   41.4	    0.0	    0.0	1	  300.0	  1	    0.0	   -nan	
  119	  11.90	    0.0	    0.0	  -90.0	    0.0	    0.0	    0.0	    0.0	    0.0	    0.0	    0.0	    0.0	  100.0	   40.9	    0.0	    0.0	    0.0	    0.0	    8.5	  0	    0.0	    0.0	   40.9	    0.0	    0.0	1	  300.0	  1	    0.0	   -nan	
  120	  12.00	    0.0	    0.0	  -90.0	    0.0	    0.0	    0.0	    0.0	    0.0	    0.0	    0.0	    0.0	  100.0	   40.4	    0.0	    0.0	    0.0	    0.0	    8.6	  0	    0.0	    0.0	   40.4	    0.0	    0.0	1	  300.0	  1	    0.0	   -nan	
  121	  12.10	    0.0	    0.0	  -90.0	    0.0	    0.0	    0.0	    0.0	    0.0	    0.0	    0.0	    0.0	  100.0	   39.9	    0.0	    0.0	    0.0	    0.0	    8.6	  0	    0.0	    0.0	   39.9	    0.0	    0.0	1	  300.0	  1	    0.0	   -nan	
  122	  12.20	    0.0	    0.0	  -90.0	    0.0	    0.0	    0.0	    0.0	    0.0	    0.0	    0.0	    0.0	  100.0	   39.4	    0.0	    0.0	    0.0	    0.0	    8.7	  0	    0.0	    0.0	   39.4	    0.0	    0.0	1	  300.0	  1	    0.0	   -nan	
  123	  12.30	    0.0	    0.0	  -90.0	    0.0	    0.0	    0.0	    0.0	    0.0	    0.0	    0.0	    0.0	  100.0	   38.9	    0.0	    0.0	    0.0	    0.0	    8.8	  0	    0.0	    0.0	   38.9	    0.0	    0.0	1	  300.0	  1	    0.0	   -nan	
  124	  12.40	    0.0	    0.0	  -90.0	    0.0	    0.0	    0.0	    0.0	    0.0	    0.0	    0.0	    0.0	  100.0	   38.4	    0.0	    0.0	    0.0	    0.0	    8.9	  0	    0.0	    0.0	   38.4	    0.0	    0.0	1	  300.0	  1	    0.0	   -nan	
  125	  12.50	    0.0	    0.0	  -90.0	    0.0	    0.0	    0.0	    0.0	    0.0	    0.0	    0.0	    0.0	  100.0	   37.9	    0.0	    0.0	    0.0	    0.0	    8.9	  0	    0.0	    0.0	   37.9	    0.0	    0.0	1	  300.0	  1	    0.0	   -nan	
  126	  12.60	    0.0	    0.0	  -90.0	    0.0	    0.0	    0.0	    0.0	    0.0	    0.0	    0.0	    0.0	  100.0	   37.4	    0.0	    0.0	    0.0	    0.0	    9.0	  0	    0.0	    0.0	   37.4	    0.0	    0.0	1	  300.0	  1	    0.0	   -nan	
  127	  12.70	    0.0	    0.0	  -90.0	    0.0	    0.0	    0.0	    0.0	    0.0	    0.0	    0.0	    0.0	  100.0	   36.9	    0.0	    0.0	    0.0	    0.0	    9.1	  0	    0.0	    0.0	   36.9	    0.0	    0.0	1	  300.0	  1	    0.0	   -nan	
  128	  12.80	    0.0	    0.0	  -90.0	    0.0	    0.0	    0.0	    0.0	    0.0	    0.0	    0.0	    0.0	  100.0	   36.4	    0.0	    0.0	    0.0	    0.0	    9.1	  0	    0.0	    0.0	   36.4	    0.0	    0.0	1	  300.0	  1	    0.0	   -nan	
  129	  12.90	    0.0	    0.0	  -90.0	    0.0	    0.0	    0.0	    0.0	    0.0	    0.0	    0.0	    0.0	  100.0	   35.9	    0.0	    0.0	    0.0	    0.0	    9.2	  0	    0.0	    0.0	   35.9	    0.0	    0.0	1	  300.0	  1	    0.0	   -nan	
  130	  13.00	    0.0	    0.0	  -90.0	    0.0	    0.0	    0.0	    0.0	    0.0	    0.0	    0.0	    0.0	  100.0	   35.4	    0.0	    0.0	    0.0	    0.0	    9.3	  0	    0.0	    0.0	   35.4	    0.0	    0.0	1	  300.0	  1	    0.0	   -nan	
  131	  13.10	    0.0	    0.0	  -90.0	    0.0	    0.0	    0.0	    0.0	    0.0	    0.0	    0.0	    0.0	  100.0	   34.9	    0.0	    0.0	    0.0	    0.0	    9.4	  0	    0.0	    0.0	   34.9	    0.0	    0.0	1	  300.0	  1	    0.0	   -nan	
  132	  13.20	    0.0	    0.0	  -90.0	    0.0	    0.0	    0.0	    0.0	    0.0	    0.0	    0.0	    0.0	  100.0	   34.4	    0.0	    0.0	    0.0	    0.0	    9.4	  0	    0.0	    0.0	   34.4	    0.0	    0.0	1	  300.0	  1	    0.0	   -nan	
  133	  13.30	    0.0	    0.0	  -90.0	    0.0	    0.0	    0.0	    0.0	    0.0	    0.0	    0.0	    0.0	  100.0	   33.9	    0.0	    0.0	    0.0	    0.0	    9.5	  0	    0.0	    0.0	   33.9	    0.0	    0.0	1	  300.0	  1	    0.0	   -nan	
  134	  13.40	    0.0	    0.0	  -90.0	    0.0	    0.0	    0.0	    0.0	    0.0	    0.0	    0.0	    0.0	  100.0	   33.4	    0.0	    0.0	    0.0	    0.0	    9.6	  0	    0.0	    0.0	   33.4	    0.0	    0.0	1	  300.0	  1	    0.0	   -nan	
  135	  13.50	    0.0	    0.0	  -90.0	    0.0	    0.0	    0.0	    0.0	    0.0	    0.0	    0.0	    0.0	  100.0	   32.9	    0.0	    0.0	    0.0	    0.0	    9.6	  0	    0.0	    0.0	   32.9	    0.0	    0.0	1	  300.0	  1	    0.0	   -nan	
  136	  13.60	    0.0	    0.0	  -90.0	    0.0	    0.0	    0.0	    0.0	    0.0	    0.0	    0.0	    0.0	  100.0	   32.4	    0.0	    0.0	    0.0	    0.0	    9.7	  0	    0.0	    0.0	   32.4	    0.0	    0.0	1	  300.0	  1	    0.0	   -nan	
  137	  13.70	    0.0	    0.0	  -90.0	    0.0	    0.0	    0.0	    0.0	    0.0	    0.0	    0.0	    0.0	  100.0	   31.9	    0.0	    0.0	    0.0	    0.0	    9.8	  0	    0.0	    0.0	   31.9	    0.0	    0.0	1	  300.0	  1	    0.0	   -nan	
  138	  13.80	    0.0	    0.0	  -90.0	    0.0	    0.0	    0.0	    0.0	    0.0	    0.0	    0.0	    0.0	  100.0	   31.4	    0.0	    0.0	    0.0	    0.0	    9.9	  0	    0.0	    0.0	   31.4	    0.0	    0.0	1	  300.0	  1	    0.0	   -nan	
  139	  13.90	    0.0	    0.0	  -90.0	    0.0	    0.0	    0.0	    0.0	    0.0	    0.0	    0.0	    0.0	  100.0	   30.9	    0.0	    0.0	    0.0	    0.0	    9.9	  0	    0.0	    0.0	   30.9	    0.0	    0.0	1	  300.0	  1	    0.0	   -nan	
  140	  14.00	    0.0	    0.0	    0.0	    0.0	    0.0	    0.0	    0.0	    0.0	    0.0	    0.0	    0.0	  100.0	   30.4	    0.0	    0.0	    0.0	    0.0	   10.0	  0	    0.0	    0.0	   30.4	    0.0	    0.0	1	  300.0	  1	    0.0	   -nan	
  141	  14.10	    0.0	    0.0	   90.0	    0.0	    0.0	    0.0	    0.0	    0.0	    0.0	    0.0	    0.0	  100.0	   29.9	    0.0	    0.0	    0.0	    0.0	   10.1	  0	    0.0	    0.0	   29.9	    0.0	    0.0	1	  300.0	  1	    0.0	   -nan	
  142	  14.20	    0.0	    0.0	   90.0	    0.0	    0.0	    0.0	    0.0	    0.0	    0.0	    0.0	    0.0	  100.0	   29.4	    0.0	    0.0	    0.0	    0.0	   10.1	  0	    0.0	    0.0	   29.4	    0.0	    0.0	1	  300.0	  1	    0.0	   -nan	
  143	  14.30	    0.0	    0.0	   90.0	    0.0	    0.0	    0.0	    0.0	    0.0	    0.0	    0.0	    0.0	  100.0	   28.9	    0.0	    0.0	    0.0	    0.0	   10.2	  0	    0.0	    0.0	   28.9	    0.0	    0.0	1	  300.0	  1	    0.0	   -nan	
  144	  14.40	    0.0	    0.0	   90.0	    0.0	    0.0	    0.0	    0.0	    0.0	    0.0	    0.0	    0.0	  100.0	   28.4	    0.0	    0.0	    0.0	    0.0	   10.3	  0	    0.0	    0.0	   28.4	    0.0	    0.0	1	  300.0	  1	    0.0	   -nan	
  145	  14.50	    0.0	    0.0	   90.0	    0.0	    0.0	    0.0	    0.0	    0.0	    0.0	    0.0	    0.0	  100.0	   27.9	    0.0	    0.0	    0.0	    0.0	   10.4	  0	    0.0	    0.0	   27.9	    0.0	    0.0	1	  300.0	  1	    0.0	   -nan	
  146	  14.60	    0.0	    0.0	   90.0	    0.0	    0.0	    0.0	    0.0	    0.0	    0.0	    0.0	    0.0	  100.0	   27.4	    0.0	    0.0	    0.0	    0.0	   10.4	  0	    0.0	    0.0	   27.4	    0.0	    0.0	1	  300.0	  1	    0.0	   -nan	
  147	  14.70	    0.0	    0.0	   90.0	    0.0	    0.0	    0.0	    0.0	    0.0	    0.0	    0.0	    0.0	  100.0	   26.9	    0.0	    0.0	    0.0	    0.0	   10.5	  0	    0.0	    0.0	   26.9	    0.0	    0.0	1	  300.0	  1	    0.0	   -nan	
  148	  14.80	    0.0	    0.0	   90.0	    0.0	    0.0	    0.0	    0.0	    0.0	    0.0	    0.0	    0.0	  100.0	   26.4	    0.0	    0.0	    0.0	    0.0	   10.6	  0	    0.0	    0.0	   26.4	    0.0	    0.0	1	  300.0	  1	    0.0	   -nan	
  149	  14.90	    0.0	    0.0	   90.0	    0.0	    0.0	    0.0	    0.0	    0.0	    0.0	    0.0	    0.0	  100.0	   25.9	    0.0	    0.0	    0.0	    0.0	   10.6	  0	    0.0	    0.0	   25.9	    0.0	    0.0	1	  300.0	  1	    0.0	   -nan	
  150	  15.00	    0.0	    0.0	   90.0	    0.0	    0.0	    0.0	    0.0	    0.0	    0.0	    0.0	    0.0	  100.0	   25.4	    0.0	    0.0	    0.0	    0.0	   10.7	  0	    0.0	    0.0	   25.4	    0.0	    0.0	1	  300.0	  1	    0.0	   -nan	
  151	  15.10	    0.0	    0.0	   90.0	    0.0	    0.0	    0.0	    0.0	    0.0	    0.0	    0.0	    0.0	  100.0	   24.9	    0.0	    0.0	    0.0	    0.0	   10.8	  0	    0.0	    0.0	   24.9	    0.0	    0.0	1	  300.0	  1	    0.0	   -nan	
  152	  15.20	    0.0	    0.0	   90.0	    0.0	    0.0	    0.0	    0.0	    0.0	    0.0	    0.0	    0.0	  100.0	   24.4	    0.0	    0.0	    0.0	    0.0	   10.9	  0	    0.0	    0.0	   24.4	    0.0	    0.0	1	  300.0	  1	    0.0	   -nan	
  153	  15.30	    0.0	    0.0	   90.0	    0.0	    0.0	    0.0	    0.0	    0.0	    0.0	    0.0	    0.0	  100.0	   23.9	    0.0	    0.0	    0.0	    0.0	   10.9	  0	    0.0	    0.0	   23.9	    0.0	    0.0	1	  300.0	  1	    0.0	   -nan	
  154	  15.40	    0.0	    0.0	   90.0	    0.0	    0.0	    0.0	    0.0	    0.0	    0.0	    0.0	    0.0	  100.0	   23.4	    0.0	    0.0	    0.0	    0.0	   11.0	  0	    0.0	    0.0	   23.4	    0.0	    0.0	1	  300.0	  1	    0.0	   -nan	
  155	  15.50	    0.0	    0.0	   90.0	    0.0	    0.0	    0.0	    0.0	    0.0	    0.0	    0.0	    0.0	  100.0	   22.9	    0.0	    0.0	    0.0	    0.0	   11.1	  0	    0.0	    0.0	   22.9	    0.0	    0.0	1	  300.0	  1	    0.0	   -nan	
  156	  15.60	    0.0	    0.0	   90.0	    0.0	    0.0	    0.0	    0.0	    0.0	    0.0	    0.0	    0.0	  100.0	   22.4	    0.0	    0.0	    0.0	    0.0	   11.1	  0	    0.0	    0.0	   22.4	    0.0	    0.0	1	  300.0	  1	    0.0	   -nan	
  157	  15.70	    0.0	    0.0	   90.0	    0.0	    0.0	    0.0	    0.0	    0.0	    0.0	    0.0	    0.0	  100.0	   21.9	    0.0	    0.0	    0.0	    0.0	   11.2	  0	    0.0	    0.0	   21.9	    0.0	    0.0	1	  300.0	  1	    0.0	   -nan	
  158	  15.80	    0.0	    0.0	   90.0	    0.0	    0.0	    0.0	    0.0	    0.0	    0.0	    0.0	    0.0	  100.0	   21.4	    0.0	    0.0	    0.0	    0.0	   11.3	  0	    0.0	    0.0	   21.4	    0.0	    0.0	1	  300.0	  1	    0.0	   -nan	
  159	  15.90	    0.0	    0.0	   90.0	    0.0	    0.0	    0.0	    0.0	    0.0	    0.0	    0.0	    0.0	  100.0	   20.9	    0.0	    0.0	    0.0	    0.0	   11.4	  0	    0.0	    0.0	   20.9	    0.0	    0.0	1	  300.0	  1	    0.0	   -nan	
  160	  16.00	    0.0	    0.0	   90.0	    0.0	    0.0	    0.0	    0.0	    0.0	    0.0	    0.0	    0.0	  100.0	   20.4	    0.0	    0.0	    0.0	    0.0	   11.4	  0	    0.0	    0.0	   20.4	    0.0	    0.0	1	  300.0	  1	    0.0	   -nan	
  161	  16.10	    0.0	    0.0	   90.0	    0.0	    0.0	    0.0	    0.0	    0.0	    0.0	    0.0	    0.0	  100.0	   19.9	    0.0	    0.0	    0.0	    0.0	   11.5	  0	    0.0	    0.0	   19.9	    0.0	    0.0	1	  300.0	  1	    0.0	   -nan	
  162	  16.20	    0.0	    0.0	   90.0	    0.0	    0.0	    0.0	    0.0	    0.0	    0.0	    0.0	    0.0	  100.0	   19.4	    0.0	    0.0	    0.0	    0.0	   11.6	  0	    0.0	    0.0	   19.4	    0.0	    0.0	1	  300.0	  1	    0.0	   -nan	
  163	  16.30	    0.0	    0.0	   90.0	    0.0	    0.0	    0.0	    0.0	    0.0	    0.0	    0.0	    0.0	  100.0	   18.9	    0.0	    0.0	    0.0	    0.0	   11.6	  0	    0.0	    0.0	   18.9	    0.0	    0.0	1	  300.0	  1	    0.0	   -nan	
  164	  16.40	    0.0	    0.0	   90.0	    0.0	    0.0	    0.0	    0.0	    0.0	    0.0	    0.0	    0.0	  100.0	   18.4	    0.0	    0.0	    0.0	    0.0	   11.7	  0	    0.0	    0.0	   18.4	    0.0	    0.0	1	  300.0	  1	    0.0	   -nan	
  165	  16.50	    0.0	    0.0	   90.0	    0.0	    0.0	    0.0	    0.0	    0.0	    0.0	    0.0	    0.0	  100.0	   17.9	    0.0	    0.0	    0.0	    0.0	   11.8	  0	    0.0	    0.0	   17.9	    0.0	    0.0	1	  300.0	  1	    0.0	   -nan	
  166	  16.60	    0.0	    0.0	   90.0	    0.0	    0.0	    0.0	    0.0	    0.0	    0.0	    0.0	    0.0	  100.0	   17.4	    0.0	    0.0	    0.0	    0.0	   11.9	  0	    0.0	    0.0	   17.4	    0.0	    0.0	1	  300.0	  1	    0.0	   -nan	
  167	  16.70	    0.0	    0.0	   90.0	    0.0	    0.0	    0.0	    0.0	    0.0	    0.0	    0.0	    0.0	  100.0	   16.9	    0.0	    0.0	    0.0	    0.0	   11.9	  0	    0.0	    0.0	   16.9	    0.0	    0.0	1	  300.0	  1	    0.0	   -nan	
  168	  16.80	    0.0	    0.0	   90.0	    0.0	    0.0	    0.0	    0.0	    0.0	    0.0	    0.0	    0.0	  100.0	   16.4	    0.0	    0.0	    0.0	    0.0	   12.0	  0	    0.0	    0.0	   16.4	    0.0	    0.0	1	  300.0	  1	    0.0	   -nan	
  169	  16.90	    0.0	    0.0	   90.0	    0.0	    0.0	    0.0	    0.0	    0.0	    0.0	    0.0	    0.0	  100.0	   15.9	    0.0	    0.0	    0.0	    0.0	   12.1	  0	    0.0	    0.0	   15.9	    0.0	    0.0	1	  300.0	  1	    0.0	   -nan	
  170	  17.00	    0.0	    0.0	   90.0	    0.0	    0.0	    0.0	    0.0	    0.0	    0.0	    0.0	    0.0	  100.0	   15.4	    0.0	    0.0	    0.0	    0.0	   12.1	  0	    0.0	    0.0	   15.4	    0.0	    0.0	1	  300.0	  1	    0.0	   -nan	
  171	  17.10	    0.0	    0.0	   90.0	    0.0	    0.0	    0.0	    0.0	    0.0	    0.0	    0.0	    0.0	  100.0	   14.9	    0.0	    0.0	    0.0	    0.0	   12.2	  0	    0.0	    0.0	   14.9	    0.0	    0.0	1	  300.0	  1	    0.0	   -nan	
  172	  17.20	    0.0	    0.0	   90.0	    0.0	    0.0	    0.0	    0.0	    0.0	    0.0	    0.0	    0.0	  100.0	   14.4	    0.0	    0.0	    0.0	    0.0	   12.3	  0	    0.0	    0.0	   14.4	    0.0	    0.0	1	  300.0	  1	    0.0	   -nan	
  173	  17.30	    0.0	    0.0	   90.0	    0.0	    0.0	    0.0	    0.0	    0.0	    0.0	    0.0	    0.0	  100.0	   13.9	    0.0	    0.0	    0.0	    0.0	   12.4	  0	    0.0	    0.0	   13.9	    0.0	    0.0	1	  300.0	  1	    0.0	   -nan	
  174	  17.40	    0.0	    0.0	   90.0	    0.0	    0.0	    0.0	    0.0	    0.0	    0.0	    0.0	    0.0	  100.0	   13.4	    0.0	    0.0	    0.0	    0.0	   12.4	  0	    0.0	    0.0	   13.4	    0.0	    0.0	1	  300.0	  1	    0.0	   -nan	
  175	  17.50	    0.0	    0.0	   90.0	    0.0	    0.0	    0.0	    0.0	    0.0	    0.0	    0.0	    0.0	  100.0	   12.9	    0.0	    0.0	    0.0	    0.0	   12.5	  0	    0.0	    0.0	   12.9	    0.0	    0.0	1	  300.0	  1	    0.0	   -nan	
  176	  17.60	    0.0	    0.0	   90.0	    0.0	    0.0	    0.0	    0.0	    0.0	    0.0	    0.0	    0.0	  100.0	   12.4	    0.0	    0.0	    0.0	    0.0	   12.6	  0	    0.0	    0.0	   12.4	    0.0	    0.0	1	  300.0	  1	    0.0	   -nan	
  177	  17.70	    0.0	    0.0	   90.0	    0.0	    0.0	    0.0	    0.0	    0.0	    0.0	    0.0	    0.0	  100.0	   11.9	    0.0	    0.0	    0.0	    0.0	   12.6	  0	    0.0	    0.0	   11.9	    0.0	    0.0	1	  300.0	  1	    0.0	   -nan	
  178	  17.80	    0.0	    0.0	   90.0	    0.0	    0.0	    0.0	    0.0	    0.0	    0.0	    0.0	    0.0	  100.0	   11.4	    0.0	    0.0	    0.0	    0.0	   12.7	  0	    0.0	    0.0	   11.4	    0.0	    0.0	1	  300.0	  1	    0.0	   -nan	
  179	  17.90	    0.0	    0.0	   90.0	    0.0	    0.0	    0.0	    0.0	    0.0	    0.0	    0.0	    0.0	  100.0	   10.9	    0.0	    0.0	    0.0	    0.0	   12.8	  0	    0.0	    0.0	   10.9	    0.0	    0.0	1	  300.0	  1	    0.0	   -nan	
  180	  18.00	    0.0	    0.0	   90.0	    0.0	    0.0	    0.0	    0.0	    0.0	    0.0	    0.0	    0.0	  100.0	   10.4	    0.0	    0.0	    0.0	    0.0	   12.9	  0	    0.0	    0.0	   10.4	    0.0	    0.0	1	  300.0	  1	    0.0	   -nan	
  181	  18.10	    0.0	    0.0	   90.0	    0.0	    0.0	    0.0	    0.0	    0.0	    0.0	    0.0	    0.0	  100.0	    9.9	    0.0	    0.0	    0.0	    0.0	   12.9	  0	    0.0	    0.0	    9.9	    0.0	    0.0	1	  300.0	  1	    0.0	   -nan	
  182	  18.20	    0.0	    0.0	   90.0	    0.0	    0.0	    0.0	    0.0	    0.0	    0.0	    0.0	    0.0	  100.0	    9.4	    0.0	    0.0	    0.0	    0.0	   13.0	  0	    0.0	    0.0	    9.4	    0.0	    0.0	1	  300.0	  1	    0.0	   -nan	
  183	  18.30	    0.0	    0.0	   90.0	    0.0	    0.0	    0.0	    0.0	    0.0	    0.0	    0.0	    0.0	  100.0	    8.9	    0.0	    0.0	    0.0	    0.0	   13.1	  0	    0.0	    0.0	    8.9	    0.0	    0.0	1	  300.0	  1	    0.0	   -nan	
  184	  18.40	    0.0	    0.0	   90.0	    0.0	    0.0	    0.0	    0.0	    0.0	    0.0	    0.0	    0.0	  100.0	    8.4	    0.0	    0.0	    0.0	    0.0	   13.1	  0	    0.0	    0.0	    8.4	    0.0	    0.0	1	  300.0	  1	    0.0	   -nan	
  185	  18.50	    0.0	    0.0	   90.0	    0.0	    0.0	    0.0	    0.0	    0.0	    0.0	    0.0	    0.0	  100.0	    7.9	    0.0	    0.0	    0.0	    0.0	   13.2	  0	    0.0	    0.0	    7.9	    0.0	    0.0	1	  300.0	  1	    0.0	   -nan	
  186	  18.60	    0.0	    0.0	   90.0	    0.0	    0.0	    0.0	    0.0	    0.0	    0.0	    0.0	    0.0	  100.0	    7.4	    0.0	    0.0	    0.0	    0.0	   13.3	  0	    0.0	    0.0	    7.4	    0.0	    0.0	1	  300.0	  1	    0.0	   -nan	
  187	  18.70	    0.0	    0.0	   90.0	    0.0	    0.0	    0.0	    0.0	    0.0	    0.0	    0.0	    0.0	  100.0	    6.9	    0.0	    0.0	    0.0	    0.0	   13.4	  0	    0.0	    0.0	    6.9	    0.0	    0.0	1	  300.0	  1	    0.0	   -nan	
  188	  18.80	    0.0	    0.0	   90.0	    0.0	    0.0	    0.0	    0.0	    0.0	    0.0	    0.0	    0.0	  100.0	    6.4	    0.0	    0.0	    0.0	    0.0	   13.4	  0	    0.0	    0.0	    6.4	    0.0	    0.0	1	  300.0	  1	    0.0	   -nan	
  189	  18.90	    0.0	    0.0	   90.0	    0.0	    0.0	    0.0	    0.0	    0.0	    0.0	    0.0	    0.0	  100.0	    5.9	    0.0	    0.0	    0.0	    0.0	   13.5	  0	    0.0	    0.0	    5.9	    0.0	    0.0	1	  300.0	  1	    0.0	   -nan	
  190	  19.00	    0.0	    0.0	   90.0	    0.0	    0.0	    0.0	    0.0	    0.0	    0.0	    0.0	    0.0	  100.0	    5.4	    0.0	    0.0	    0.0	    0.0	   13.6	  0	    0.0	    0.0	    5.4	    0.0	    0.0	1	  300.0	  1	    0.0	   -nan	
  191	  19.10	    0.0	    0.0	   90.0	    0.0	    0.0	    0.0	    0.0	    0.0	    0.0	    0.0	    0.0	  100.0	    4.9	    0.0	    0.0	    0.0	    0.0	   13.6	  0	    0.0	    0.0	    4.9	    0.0	    0.0	1	  300.0	  1	    0.0	   -nan	
  192	  19.20	    0.0	    0.0	   90.0	    0.0	    0.0	    0.0	    0.0	    0.0	    0.0	    0.0	    0.0	  100.0	    4.4	    0.0	    0.0	    0.0	    0.0	   13.7	  0	    0.0	    0.0	    4.4	    0.0	    0.0	1	  300.0	  1	    0.0	   -nan	
  193	  19.30	    0.0	    0.0	   90.0	    0.0	    0.0	    0.0	    0.0	    0.0	    0.0	    0.0	    0.0	  100.0	    3.9	    0.0	    0.0	    0.0	    0.0	   13.8	  0	    0.0	    0.0	    3.9	    0.0	    0.0	1	  300.0	  1	    0.0	   -nan	
  194	  19.40	    0.0	    0.0	   90.0	    0.0	    0.0	    0.0	    0.0	    0.0	    0.0	    0.0	    0.0	  100.0	    3.4	    0.0	    0.0	    0.0	    0.0	   13.9	  0	    0.0	    0.0	    3.4	    0.0	    0.0	1	  300.0	  1	    0.0	   -nan	
  195	  19.50	    0.0	    0.0	   90.0	    0.0	    0.0	    0.0	    0.0	    0.0	    0.0	    0.0	    0.0	  100.0	    2.9	    0.0	    0.0	    0.0	    0.0	   13.9	  0	    0.0	    0.0	    2.9	    0.0	    0.0	1	  300.0	  1	    0.0	   -nan	
  196	  19.60	    0.0	    0.0	   90.0	    0.0	    0.0	    0.0	    0.0	    0.0	    0.0	    0.0	    0.0	  100.0	    2.4	    0.0	    0.0	    0.0	    0.0	   14.0	  0	    0.0	    0.0	    2.4	    0.0	    0.0	1	  300.0	  1	    0.0	   -nan	
  197	  19.70	    0.0	    0.0	   90.0	    0.0	    0.0	    0.0	    0.0	    0.0	    0.0	    0.0	    0.0	  100.0	    1.9	    0.0	    0.0	    0.0	    0.0	   14.1	  0	    0.0	    0.0	    1.9	    0.0	    0.0	1	  300.0	  1	    0.0	   -nan	
  198	  19.80	    0.0	    0.0	   90.0	    0.0	    0.0	    0.0	    0.0	    0.0	    0.0	    0.0	    0.0	  100.0	    1.4	    0.0	    0.0	    0.0	    0.0	   14.1	  0	    0.0	    0.0	    1.4	    0.0	    0.0	1	  300.0	  1	    0.0	   -nan	
  199	  19.90	    0.0	    0.0	   90.0	    0.0	    0.0	    0.0	    0.0	    0.0	    0.0	    0.0	    0.0	  100.0	    0.9	    0.0	    0.0	    0.0	    0.0	   14.2	  0	    0.0	    0.0	    0.9	    0.0	    0.0	1	  300.0	  1	    0.0	   -nan	
  200	  20.00	    0.0	    0.0	   90.0	    0.0	    0.0	    0.0	    0.0	    0.0	    0.0	    0.0	    0.0	  100.0	    0.4	    0.0	    0.0	    0.0	    0.0	   14.3	  0	    0.0	    0.0	    0.4	    0.0	    0.0	1	  300.0	  1	    0.0	   -nan	
  201	  20.10	    0.0	    0.0	   90.0	    0.0	    0.0	    0.0	    0.0	    0.0	    0.0	    0.0	    0.0	  100.0	    0.0	    0.0	    0.0	    0.0	    0.0	   14.4	  0	    0.0	    0.0	    0.0	    0.0	    0.0	1	  300.0	  1	    0.0	   -nan	
  202	  20.20	    0.0	    0.0	   90.0	    0.0	    0.0	    0.0	    0.0	    0.0	    0.0	    0.0	    0.0	  100.0	    0.0	    0.0	    0.0	    0.0	    0.0	   14.4	  0	    0.0	    0.0	    0.0	    0.0	    0.0	1	  300.0	  1	    0.0	   -nan	
  203	  20.30	    0.0	    0.0	   90.0	    0.0	    0.0	    0.0	    0.0	    0.0	    0.0	    0.0	    0.0	  100.0	    0.0	    0.0	    0.0	    0.0	    0.0	   14.5	  0	    0.0	    0.0	    0.0	    0.0	    0.0	1	  300.0	  1	    0.0	   -nan	
  204	  20.40	    0.0	    0.0	   90.0	    0.0	    0.0	    0.0	    0.0	    0.0	    0.0	    0.0	    0.0	  100.0	    0.0	    0.0	    0.0	    0.0	    0.0	   14.6	  0	    0.0	    0.0	    0.0	    0.0	    0.0	1	  300.0	  1	    0.0	   -nan	
  205	  20.50	    0.0	    0.0	   90.0	    0.0	    0.0	    0.0	    0.0	    0.0	    0.0	    0.0	    0.0	  100.0	    0.0	    0.0	    0.0	    0.0	    0.0	   14.6	  0	    0.0	    0.0	    0.0	    0.0	    0.0	1	  300.0	  1	    0.0	   -nan	
  206	  20.60	    0.0	    0.0	   90.0	    0.0	    0.0	    0.0	    0.0	    0.0	    0.0	    0.0	    0.0	  100.0	    0.0	    0.0	    0.0	    0.0	    0.0	   14.7	  0	    0.0	    0.0	    0.0	    0.0	    0.0	1	  300.0	  1	    0.0	   -nan	
  207	  20.70	    0.0	    0.0	   90.0	    0.0	    0.0	    0.0	    0.0	    0.0	    0.0	    0.0	    0.0	  100.0	    0.0	    0.0	    0.0	    0.0	    0.0	   14.8	  0	    0.0	    0.0	    0.0	    0.0	    0.0	1	  300.0	  1	    0.0	   -nan	
  208	  20.80	    0.0	    0.0	   90.0	    0.0	    0.0	    0.0	    0.0	    0.0	    0.0	    0.0	    0.0	  100.0	    0.0	    0.0	    0.0	    0.0	    0.0	   14.9	  0	    0.0	    0.0	    0.0	    0.0	    0.0	1	  300.0	  1	    0.0	   -nan	
  209	  20.90	    0.0	    0.0	   90.0	    0.0	    0.0	    0.0	    0.0	    0.0	    0.0	    0.0	    0.0	  100.0	    0.0	    0.0	    0.0	    0.0	    0.0	   14.9	  0	    0.0	    0.0	    0.0	    0.0	    0.0	1	  300.0	  1	    0.0	   -nan	
  210	  21.00	    0.0	    0.0	   90.0	    0.0	    0.0	    0.0	    0.0	    0.0	    0.0	    0.0	    0.0	  100.0	    0.0	    0.0	    0.0	    0.0	    0.0	   15.0	  0	    0.0	    0.0	    0.0	    0.0	    0.0	1	  300.0	  1	    0.0	   -nan	
  211	  21.10	    0.0	    0.0	   90.0	    0.0	    0.0	    0.0	    0.0	    0.0	    0.0	    0.0	    0.0	  100.0	    0.0	    0.0	    0.0	    0.0	    0.0	   15.1	  0	    0.0	    0.0	    0.0	    0.0	    0.0	1	  300.0	  1	    0.0	   -nan	
  212	  21.20	    0.0	    0.0	   90.0	    0.0	    0.0	    0.0	    0.0	    0.0	    0.0	    0.0	    0.0	  100.0	    0.0	    0.0	    0.0	    0.0	    0.0	   15.1	  0	    0.0	    0.0	    0.0	    0.0	    0.0	1	  300.0	  1	    0.0	   -nan	
  213	  21.30	    0.0	    0.0	   90.0	    0.0	    0.0	    0.0	    0.0	    0.0	    0.0	    0.0	    0.0	  100.0	    0.0	    0.0	    0.0	    0.0	    0.0	   15.2	  0	    0.0	    0.0	    0.0	    0.0	    0.0	1	  300.0	  1	    0.0	   -nan	
  214	  21.40	    0.0	    0.0	   90.0	    0.0	    0.0	    0.0	    0.0	    0.0	    0.0	    0.0	    0.0	  100.0	    0.0	    0.0	    0.0	    0.0	    0.0	   15.3	  0	    0.0	    0.0	    0.0	    0.0	    0.0	1	  300.0	  1	    0.0	   -nan	
  215	  21.50	    0.0	    0.0	   90.0	    0.0	    0.0	    0.0	    0.0	    0.0	    0.0	    0.0	    0.0	  100.0	    0.0	    0.0	    0.0	    0.0	    0.0	   15.4	  0	    0.0	    0.0	    0.0	    0.0	    0.0	1	  300.0	  1	    0.0	   -nan	
  216	  21.60	    0.0	    0.0	   90.0	    0.0	    0.0	    0.0	    0.0	    0.0	    0.0	    0.0	    0.0	  100.0	    0.0	    0.0	    0.0	    0.0	    0.0	   15.4	  0	    0.0	    0.0	    0.0	    0.0	    0.0	1	  300.0	  1	    0.0	   -nan	
  217	  21.70	    0.0	    0.0	   90.0	    0.0	    0.0	    0.0	    0.0	    0.0	    0.0	    0.0	    0.0	  100.0	    0.0	    0.0	    0.0	    0.0	    0.0	   15.5	  0	    0.0	    0.0	    0.0	    0.0	    0.0	1	  300.0	  1	    0.0	   -nan	
  218	  21.80	    0.0	    0.0	   90.0	    0.0	    0.0	    0.0	    0.0	    0.0	    0.0	    0.0	    0.0	  100.0	    0.0	    0.0	    0.0	    0.0	    0.0	   15.6	  0	    0.0	    0.0	    0.0	    0.0	    0.0	1	  300.0	  1	    0.0	   -nan	
  219	  21.90	    0.0	    0.0	   90.0	    0.0	    0.0	    0.0	    0.0	    0.0	    0.0	    0.0	    0.0	  100.0	    0.0	    0.0	    0.0	    0.0	    0.0	   15.6	  0	    0.0	    0.0	    0.0	    0.0	    0.0	1	  300.0	  1	    0.0	   -nan	
  220	  22.00	    0.0	    0.0	   90.0	    0.0	    0.0	    0.0	    0.0	    0.0	    0.0	    0.0	    0.0	  100.0	    0.0	    0.0	    0.0	    0.0	    0.0	   15.7	  0	    0.0	    0.0	    0.0	    0.0	    0.0	1	  300.0	  1	    0.0	   -nan	
  221	  22.10	    0.0	    0.0	   90.0	    0.0	    0.0	    0.0	    0.0	    0.0	    0.0	    0.0	    0.0	  100.0	    0.0	    0.0	    0.0	    0.0	    0.0	   15.8	  0	    0.0	    0.0	    0.0	    0.0	    0.0	1	  300.0	  1	    0.0	   -nan	
  222	  22.20	    0.0	    0.0	  -90.0	    0.0	    0.0	    0.0	    0.0	    0.0	    0.0	    0.0	    0.0	  100.0	    0.0	    0.0	    0.0	    0.0	    0.0	   15.9	  0	    0.0	    0.0	    0.0	    0.0	    0.0	1	  300.0	  1	    0.0	   -nan	
  223	  22.30	    0.0	    0.0	  -90.0	    0.0	    0.0	    0.0	    0.0	    0.0	    0.0	    0.0	    0.0	  100.0	    0.0	    0.0	    0.0	    0.0	    0.0	   15.9	  0	    0.0	    0.0	    0.0	    0.0	    0.0	1	  300.0	  1	    0.0	   -nan	
  224	  22.40	    0.0	    0.0	  -90.0	    0.0	    0.0	    0.0	    0.0	    0.0	    0.0	    0.0	    0.0	  100.0	    0.0	    0.0	    0.0	    0.0	    0.0	   16.0	  0	    0.0	    0.0	    0.0	    0.0	    0.0	1	  300.0	  1	    0.0	   -nan	
  225	  22.50	    0.0	    0.0	  -90.0	    0.0	    0.0	    0.0	    0.0	    0.0	    0.0	    0.0	    0.0	  100.0	    0.0	    0.0	    0.0	    0.0	    0.0	   16.1	  0	    0.0	    0.0	    0.0	    0.0	    0.0	1	  300.0	  1	    0.0	   -nan	
  226	  22.60	    0.0	    0.0	  -90.0	    0.0	    0.0	    0.0	    0.0	    0.0	    0.0	    0.0	    0.0	  100.0	    0.0	    0.0	    0.0	    0.0	    0.0	   16.1	  0	    0.0	    0.0	    0.0	    0.0	    0.0	1	  300.0	  1	    0.0	   -nan	
  227	  22.70	    0.0	    0.0	  -90.0	    0.0	    0.0	    0.0	    0.0	    0.0	    0.0	    0.0	    0.0	  100.0	    0.0	    0.0	    0.0	    0.0	    0.0	   16.2	  0	    0.0	    0.0	    0.0	    0.0	    0.0	1	  300.0	  1	    0.0	   -nan	
  228	  22.80	    0.0	    0.0	  -90.0	    0.0	    0.0	    0.0	    0.0	    0.0	    0.0	    0.0	    0.0	  100.0	    0.0	    0.0	    0.0	    0.0	    0.0	   16.3	  0	    0.0	    0.0	    0.0	    0.0	    0.0	1	  300.0	  1	    0.0	   -nan	
  229	  22.90	    0.0	    0.0	  -90.0	    0.0	    0.0	    0.0	    0.0	    0.0	    0.0	    0.0	    0.0	  100.0	    0.0	    0.0	    0.0	    0.0	    0.0	   16.4	  0	    0.0	    0.0	    0.0	    0.0	    0.0	1	  300.0	  1	    0.0	   -nan	
  230	  23.00	    0.0	    0.0	  -90.0	    0.0	    0.0	    0.0	    0.0	    0.0	    0.0	    0.0	    0.0	  100.0	    0.0	    0.0	    0.0	    0.0	    0.0	   16.4	  0	    0.0	    0.0	    0.0	    0.0	    0.0	1	  300.0	  1	    0.0	   -nan	
  231	  23.10	    0.0	    0.0	  -90.0	    0.0	    0.0	    0.0	    0.0	    0.0	    0.0	    0.0	    0.0	  100.0	    0.0	    0.0	    0.0	    0.0	    0.0	   16.5	  0	    0.0	    0.0	    0.0	    0.0	    0.0	1	  300.0	  1	    0.0	   -nan	
  232	  23.20	    0.0	    0.0	  -90.0	    0.0	    0.0	    0.0	    0.0	    0.0	    0.0	    0.0	    0.0	  100.0	    0.0	    0.0	    0.0	    0.0	    0.0	   16.6	  0	    0.0	    0.0	    0.0	    0.0	    0.0	1	  300.0	  1	    0.0	   -nan	
  233	  23.30	    0.0	    0.0	  -90.0	    0.0	    0.0	    0.0	    0.0	    0.0	    0.0	    0.0	    0.0	  100.0	    0.0	    0.0	    0.0	    0.0	    0.0	   16.6	  0	    0.0	    0.0	    0.0	    0.0	    0.0	1	  300.0	  1	    0.0	   -nan	
  234	  23.40	    0.0	    0.0	  -90.0	    0.0	    0.0	    0.0	    0.0	    0.0	    0.0	    0.0	    0.0	  100.0	    0.0	    0.0	    0.0	    0.0	    0.0	   16.7	  0	    0.0	    0.0	    0.0	    0.0	    0.0	1	  300.0	  1	    0.0	   -nan	
  235	  23.50	    0.0	    0.0	  -90.0	    0.0	    0.0	    0.0	    0.0	    0.0	    0.0	    0.0	    0.0	  100.0	    0.0	    0.0	    0.0	    0.0	    0.0	   16.8	  0	    0.0	    0.0	    0.0	    0.0	    0.0	1	  300.0	  1	    0.0	   -nan	
  236	  23.60	    0.0	    0.0	  -90.0	    0.0	    0.0	    0.0	    0.0	    0.0	    0.0	    0.0	    0.0	  100.0	    0.0	    0.0	    0.0	    0.0	    0.0	   16.9	  0	    0.0	    0.0	    0.0	    0.0	    0.0	1	  300.0	  1	    0.0	   -nan	
  237	  23.70	    0.0	    0.0	  -90.0	    0.0	    0.0	    0.0	    0.0	    0.0	    0.0	    0.0	    0.0	  100.0	    0.0	    0.0	    0.0	    0.0	    0.0	   16.9	  0	    0.0	    0.0	    0.0	    0.0	    0.0	1	  300.0	  1	    0.0	   -nan	
  238	  23.80	    0.0	    0.0	  -90.0	    0.0	    0.0	    0.0	    0.0	    0.0	    0.0	    0.0	    0.0	  100.0	    0.0	    0.0	    0.0	    0.0	    0.0	   17.0	  0	    0.0	    0.0	    0.0	    0.0	    0.0	1	  300.0	  1	    0.0	   -nan	
  239	  23.90	    0.0	    0.0	  -90.0	    0.0	    0.0	    0.0	    0.0	    0.0	    0.0	    0.0	    0.0	  100.0	    0.0	    0.0	    0.0	    0.0	    0.0	   17.1	  0	    0.0	    0.0	    0.0	    0.0	    0.0	1	  300.0	  1	    0.0	   -nan	
  240	  24.00	    0.0	    0.0	  -90.0	    0.0	    0.0	    0.0	    0.0	    0.0	    0.0	    0.0	    0.0	  100.0	    0.0	    0.0	    0.0	    0.0	    0.0	   17.1	  0	    0.0	    0.0	    0.0	    0.0	    0.0	1	  300.0	  1	    0.0	   -nan	
  241	  24.10	    0.0	    0.0	  -90.0	    0.0	    0.0	    0.0	    0.0	    0.0	    0.0	    0.0	    0.0	  100.0	    0.0	    0.0	    0.0	    0.0	    0.0	   17.2	  0	    0.0	    0.0	    0.0	    0.0	    0.0	1	  300.0	  1	    0.0	   -nan	
  242	  24.20	    0.0	    0.0	  -90.0	    0.0	    0.0	    0.0	    0.0	    0.0	    0.0	    0.0	    0.0	  100.0	    0.0	    0.0	    0.0	    0.0	    0.0	   17.3	  0	    0.0	    0.0	    0.0	    0.0	    0.0	1	  300.0	  1	    0.0	   -nan	
  243	  24.30	    0.0	    0.0	  -90.0	    0.0	    0.0	    0.0	    0.0	    0.0	    0.0	    0.0	    0.0	  100.0	    0.0	    0.0	    0.0	    0.0	    0.0	   17.4	  0	    0.0	    0.0	    0.0	    0.0	    0.0	1	  300.0	  1	    0.0	   -nan	
  244	  24.40	    0.0	    0.0	  -90.0	    0.0	    0.0	    0.0	    0.0	    0.0	    0.0	    0.0	    0.0	  100.0	    0.0	    0.0	    0.0	    0.0	    0.0	   17.4	  0	    0.0	    0.0	    0.0	    0.0	    0.0	1	  300.0	  1	    0.0	   -nan	
  245	  24.50	    0.0	    0.0	  -90.0	    0.0	    0.0	    0.0	    0.0	    0.0	    0.0	    0.0	    0.0	  100.0	    0.0	    0.0	    0.0	    0.0	    0.0	   17.5	  0	    0.0	    0.0	    0.0	    0.0	    0.0	1	  300.0	  1	    0.0	   -nan	
  246	  24.60	    0.0	    0.0	  -90.0	    0.0	    0.0	    0.0	    0.0	    0.0	    0.0	    0.0	    0.0	  100.0	    0.0	    0.0	    0.0	    0.0	    0.0	   17.6	  0	    0.0	    0.0	    0.0	    0.0	    0.0	1	  300.0	  1	    0.0	   -nan	
  247	  24.70	    0.0	    0.0	  -90.0	    0.0	    0.0	    0.0	    0.0	    0.0	    0.0	    0.0	    0.0	  100.0	    0.0	    0.0	    0.0	    0.0	    0.0	   17.6	  0	    0.0	    0.0	    0.0	    0.0	    0.0	1	  300.0	  1	    0.0	   -nan	
  248	  24.80	    0.0	    0.0	  -90.0	    0.0	    0.0	    0.0	    0.0	    0.0	    0.0	    0.0	    0.0	  100.0	    0.0	    0.0	    0.0	    0.0	    0.0	   17.7	  0	    0.0	    0.0	    0.0	    0.0	    0.0	1	  300.0	  1	    0.0	   -nan	
  249	  24.90	    0.0	    0.0	  -90.0	    0.0	    0.0	    0.0	    0.0	    0.0	    0.0	    0.0	    0.0	  100.0	    0.0	    0.0	    0.0	    0.0	    0.0	   17.8	  0	    0.0	    0.0	    0.0	    0.0	    0.0	1	  300.0	  1	    0.0	   -nan	
  250	  25.00	    0.0	    0.0	  -90.0	    0.0	    0.0	    0.0	    0.0	    0.0	    0.0	    0.0	    0.0	  100.0	    0.0	    0.0	    0.0	    0.0	    0.0	   17.9	  0	    0.0	    0.0	    0.0	    0.0	    0.0	1	  300.0	  1	    0.0	   -nan	
  251	  25.10	    0.0	    0.0	  -90.0	    0.0	    0.0	    0.0	    0.0	    0.0	    0.0	    0.0	    0.0	  100.0	    0.0	    0.0	    0.0	    0.0	    0.0	   17.9	  0	    0.0	    0.0	    0.0	    0.0	    0.0	1	  300.0	  1	    0.0	   -nan	
  252	  25.20	    0.0	    0.0	  -90.0	    0.0	    0.0	    0.0	    0.0	    0.0	    0.0	    0.0	    0.0	  100.0	    0.0	    0.0	    0.0	    0.0	    0.0	   18.0	  0	    0.0	    0.0	    0.0	    0.0	    0.0	1	  300.0	  1	    0.0	   -nan	
  253	  25.30	    0.0	    0.0	  -90.0	    0.0	    0.0	    0.0	    0.0	    0.0	    0.0	    0.0	    0.0	  100.0	    0.0	    0.0	    0.0	    0.0	    0.0	   18.1	  0	    0.0	    0.0	    0.0	    0.0	    0.0	1	  300.0	  1	    0.0	   -nan	
  254	  25.40	    0.0	    0.0	  -90.0	    0.0	    0.0	    0.0	    0.0	    0.0	    0.0	    0.0	    0.0	  100.0	    0.0	    0.0	    0.0	    0.0	    0.0	   18.1	  0	    0.0	    0.0	    0.0	    0.0	    0.0	1	  300.0	  1	    0.0	   -nan	
  255	  25.50	    0.0	    0.0	  -90.0	    0.0	    0.0	    0.0	    0.0	    0.0	    0.0	    0.0	    0.0	  100.0	    0.0	    0.0	    0.0	    0.0	    0.0	   18.2	  0	    0.0	    0.0	    0.0	    0.0	    0.0	1	  300.0	  1	    0.0	   -nan	
  256	  25.60	    0.0	    0.0	  -90.0	    0.0	    0.0	    0.0	    0.0	    0.0	    0.0	    0.0	    0.0	  100.0	    0.0	    0.0	    0.0	    0.0	    0.0	   18.3	  0	    0.0	    0.0	    0.0	    0.0	    0.0	1	  300.0	  1	    0.0	   -nan	
  257	  25.70	    0.0	    0.0	  -90.0	    0.0	    0.0	    0.0	    0.0	    0.0	    0.0	    0.0	    0.0	  100.0	    0.0	    0.0	    0.0	    0.0	    0.0	   18.4	  0	    0.0	    0.0	    0.0	    0.0	    0.0	1	  300.0	  1	    0.0	   -nan	
  258	  25.80	    0.0	    0.0	  -90.0	    0.0	    0.0	    0.0	    0.0	    0.0	    0.0	    0.0	    0.0	  100.0	    0.0	    0.0	    0.0	    0.0	    0.0	   18.4	  0	    0.0	    0.0	    0.0	    0.0	    0.0	1	  300.0	  1	    0.0	   -nan	
  259	  25.90	    0.0	    0.0	  -90.0	    0.0	    0.0	    0.0	    0.0	    0.0	    0.0	    0.0	    0.0	  100.0	    0.0	    0.0	    0.0	    0.0	    0.0	   18.5	  0	    0.0	    0.0	    0.0	    0.0	    0.0	1	  300.0	  1	    0.0	   -nan	
  260	  26.00	    0.0	    0.0	  -90.0	    0.0	    0.0	    0.0	    0.0	    0.0	    0.0	    0.0	    0.0	  100.0	    0.0	    0.0	    0.0	    0.0	    0.0	   18.6	  0	    0.0	    0.0	    0.0	    0.0	    0.0	1	  300.0	  1	    0.0	   -nan	
  261	  26.10	    0.0	    0.0	  -90.0	    0.0	    0.0	    0.0	    0.0	    0.0	    0.0	    0.0	    0.0	  100.0	    0.0	    0.0	    0.0	    0.0	    0.0	   18.6	  0	    0.0	    0.0	    0.0	    0.0	    0.0	1	  300.0	  1	    0.0	   -nan	
  262	  26.20	    0.0	    0.0	  -90.0	    0.0	    0.0	    0.0	    0.0	    0.0	    0.0	    0.0	    0.0	  100.0	    0.0	    0.0	    0.0	    0.0	    0.0	   18.7	  0	    0.0	    0.0	    0.0	    0.0	    0.0	1	  300.0	  1	    0.0	   -nan	
  263	  26.30	    0.0	    0.0	  -90.0	    0.0	    0.0	    0.0	    0.0	    0.0	    0.0	    0.0	    0.0	  100.0	    0.0	    0.0	    0.0	    0.0	    0.0	   18.8	  0	    0.0	    0.0	    0.0	    0.0	    0.0	1	  300.0	  1	    0.0	   -nan	
  264	  26.40	    0.0	    0.0	  -90.0	    0.0	    0.0	    0.0	    0.0	    0.0	    0.0	    0.0	    0.0	  100.0	    0.0	    0.0	    0.0	    0.0	    0.0	   18.9	  0	    0.0	    0.0	    0.0	    0.0	    0.0	1	  300.0	  1	    0.0	   -nan	
  265	  26.50	    0.0	    0.0	  -90.0	    0.0	    0.0	    0.0	    0.0	    0.0	    0.0	    0.0	    0.0	  100.0	    0.0	    0.0	    0.0	    0.0	    0.0	   18.9	  0	    0.0	    0.0	    0.0	    0.0	    0.0	1	  300.0	  1	    0.0	   -nan	
  266	  26.60	    0.0	    0.0	  -90.0	    0.0	    0.0	    0.0	    0.0	    0.0	    0.0	    0.0	    0.0	  100.0	    0.0	    0.0	    0.0	    0.0	    0.0	   19.0	  0	    0.0	    0.0	    0.0	    0.0	    0.0	1	  300.0	  1	    0.0	   -nan	
  267	  26.70	    0.0	    0.0	  -90.0	    0.0	    0.0	    0.0	    0.0	    0.0	    0.0	    0.0	    0.0	  100.0	    0.0	    0.0	    0.0	    0.0	    0.0	   19.1	  0	    0.0	    0.0	    0.0	    0.0	    0.0	1	  300.0	  1	    0.0	   -nan	
  268	  26.80	    0.0	    0.0	  -90.0	    0.0	    0.0	    0.0	    0.0	    0.0	    0.0	    0.0	    0.0	  100.0	    0.0	    0.0	    0.0	    0.0	    0.0	   19.1	  0	    0.0	    0.0	    0.0	    0.0	    0.0	1	  300.0	  1	    0.0	   -nan	
  269	  26.90	    0.0	    0.0	  -90.0	    0.0	    0.0	    0.0	    0.0	    0.0	    0.0	    0.0	    0.0	  100.0	    0.0	    0.0	    0.0	    0.0	    0.0	   19.2	  0	    0.0	    0.0	    0.0	    0.0	    0.0	1	  300.0	  1	    0.0	   -nan	
  270	  27.00	    0.0	    0.0	  -90.0	    0.0	    0.0	    0.0	    0.0	    0.0	    0.0	    0.0	    0.0	  100.0	    0.0	    0.0	    0.0	    0.0	    0.0	   19.3	  0	    0.0	    0.0	    0.0	    0.0	    0.0	1	  300.0	  1	    0.0	   -nan	
  271	  27.10	    0.0	    0.0	  -90.0	    0.0	    0.0	    0.0	    0.0	    0.0	    0.0	    0.0	    0.0	  100.0	    0.0	    0.0	    0.0	    0.0	    0.0	   19.4	  0	    0.0	    0.0	    0.0	    0.0	    0.0	1	  300.0	  1	    0.0	   -nan	
  272	  27.20	    0.0	    0.0	  -90.0	    0.0	    0.0	    0.0	    0.0	    0.0	    0.0	    0.0	    0.0	  100.0	    0.0	    0.0	    0.0	    0.0	    0.0	   19.4	  0	    0.0	    0.0	    0.0	    0.0	    0.0	1	  300.0	  1	    0.0	   -nan	
  273	  27.30	    0.0	    0.0	  -90.0	    0.0	    0.0	    0.0	    0.0	    0.0	    0.0	    0.0	    0.0	  100.0	    0.0	    0.0	    0.0	    0.0	    0.0	   19.5	  0	    0.0	    0.0	    0.0	    0.0	    0.0	1	  300.0	  1	    0.0	   -nan	
  274	  27.40	    0.0	    0.0	  -90.0	    0.0	    0.0	    0.0	    0.0	    0.0	    0.0	    0.0	    0.0	  100.0	    0.0	    0.0	    0.0	    0.0	    0.0	   19.6	  0	    0.0	    0.0	    0.0	    0.0	    0.0	1	  300.0	  1	    0.0	   -nan	
  275	  27.50	    0.0	    0.0	  -90.0	    0.0	    0.0	    0.0	    0.0	    0.0	    0.0	    0.0	    0.0	  100.0	    0.0	    0.0	    0.0	    0.0	    0.0	   19.6	  0	    0.0	    0.0	    0.0	    0.0	    0.0	1	  300.0	  1	    0.0	   -nan	
  276	  27.60	    0.0	    0.0	  -90.0	    0.0	    0.0	    0.0	    0.0	    0.0	    0.0	    0.0	    0.0	  100.0	    0.0	    0.0	    0.0	    0.0	    0.0	   19.7	  0	    0.0	    0.0	    0.0	    0.0	    0.0	1	  300.0	  1	    0.0	   -nan	
  277	  27.70	    0.0	    0.0	  -90.0	    0.0	    0.0	    0.0	    0.0	    0.0	    0.0	    0.0	    0.0	  100.0	    0.0	    0.0	    0.0	    0.0	    0.0	   19.8	  0	    0.0	    0.0	    0.0	    0.0	    0.0	1	  300.0	  1	    0.0	   -nan	
  278	  27.80	    0.0	    0.0	  -90.0	    0.0	    0.0	    0.0	    0.0	    0.0	    0.0	    0.0	    0.0	  100.0	    0.0	    0.0	    0.0	    0.0	    0.0	   19.9	  0	    0.0	    0.0	    0.0	    0.0	    0.0	1	  300.0	  1	    0.0	   -nan	
  279	  27.90	    0.0	    0.0	  -90.0	    0.0	    0.0	    0.0	    0.0	    0.0	    0.0	    0.0	    0.0	  100.0	    0.0	    0.0	    0.0	    0.0	    0.0	   19.9	  0	    0.0	    0.0	    0.0	    0.0	    0.0	1	  300.0	  1	    0.0	   -nan	
  280	  28.00	    0.0	    0.0	  -90.0	    0.0	    0.0	    0.0	    0.0	    0.0	    0.0	    0.0	    0.0	  100.0	    0.0	    0.0	    0.0	    0.0	    0.0	   20.0	  0	    0.0	    0.0	    0.0	    0.0	    0.0	1	  300.0	  1	    0.0	   -nan	
  281	  28.10	    0.0	    0.0	  -90.0	    0.0	    0.0	    0.0	    0.0	    0.0	    0.0	    0.0	    0.0	  100.0	    0.0	    0.0	    0.0	    0.0	    0.0	   20.1	  0	    0.0	    0.0	    0.0	    0.0	    0.0	1	  300.0	  1	    0.0	   -nan	
  282	  28.20	    0.0	    0.0	  -90.0	    0.0	    0.0	    0.0	    0.0	    0.0	    0.0	    0.0	    0.0	  100.0	    0.0	    0.0	    0.0	    0.0	    0.0	   20.1	  0	    0.0	    0.0	    0.0	    0.0	    0.0	1	  300.0	  1	    0.0	   -nan	
  283	  28.30	    0.0	    0.0	  -90.0	    0.0	    0.0	    0.0	    0.0	    0.0	    0.0	    0.0	    0.0	  100.0	    0.0	    0.0	    0.0	    0.0	    0.0	   20.2	  0	    0.0	    0.0	    0.0	    0.0	    0.0	1	  300.0	  1	    0.0	   -nan	
  284	  28.40	    0.0	    0.0	  -90.0	    0.0	    0.0	    0.0	    0.0	    0.0	    0.0	    0.0	    0.0	  100.0	    0.0	    0.0	    0.0	    0.0	    0.0	   20.3	  0	    0.0	    0.0	    0.0	    0.0	    0.0	1	  300.0	  1	    0.0	   -nan	
  285	  28.50	    0.0	    0.0	  -90.0	    0.0	    0.0	    0.0	    0.0	    0.0	    0.0	    0.0	    0.0	  100.0	    0.0	    0.0	    0.0	    0.0	    0.0	   20.4	  0	    0.0	    0.0	    0.0	    0.0	    0.0	1	  300.0	  1	    0.0	   -nan	
  286	  28.60	    0.0	    0.0	  -90.0	    0.0	    0.0	    0.0	    0.0	    0.0	    0.0	    0.0	    0.0	  100.0	    0.0	    0.0	    0.0	    0.0	    0.0	   20.4	  0	    0.0	    0.0	    0.0	    0.0	    0.0	1	  300.0	  1	    0.0	   -nan	
  287	  28.70	    0.0	    0.0	  -90.0	    0.0	    0.0	    0.0	    0.0	    0.0	    0.0	    0.0	    0.0	  100.0	    0.0	    0.0	    0.0	    0.0	    0.0	   20.5	  0	    0.0	    0.0	    0.0	    0.0	    0.0	1	  300.0	  1	    0.0	   -nan	
  288	  28.80	    0.0	    0.0	  -90.0	    0.0	    0.0	    0.0	    0.0	    0.0	    0.0	    0.0	    0.0	  100.0	    0.0	    0.0	    0.0	    0.0	    0.0	   20.6	  0	    0.0	    0.0	    0.0	    0.0	    0.0	1	  300.0	  1	    0.0	   -nan	
  289	  28.90	    0.0	    0.0	  -90.0	    0.0	    0.0	    0.0	    0.0	    0.0	    0.0	    0.0	    0.0	  100.0	    0.0	    0.0	    0.0	    0.0	    0.0	   20.6	  0	    0.0	    0.0	    0.0	    0.0	    0.0	1	  300.0	  1	    0.0	   -nan	
  290	  29.00	    0.0	    0.0	  -90.0	    0.0	    0.0	    0.0	    0.0	    0.0	    0.0	    0.0	    0.0	  100.0	    0.0	    0.0	    0.0	    0.0	    0.0	   20.7	  0	    0.0	    0.0	    0.0	    0.0	    0.0	1	  300.0	  1	    0.0	   -nan	
  291	  29.10	    0.0	    0.0	  -90.0	    0.0	    0.0	    0.0	    0.0	    0.0	    0.0	    0.0	    0.0	  100.0	    0.0	    0.0	    0.0	    0.0	    0.0	   20.8	  0	    0.0	    0.0	    0.0	    0.0	    0.0	1	  300.0	  1	    0.0	   -nan	
  292	  29.20	    0.0	    0.0	  -90.0	    0.0	    0.0	    0.0	    0.0	    0.0	    0.0	    0.0	    0.0	  100.0	    0.0	    0.0	    0.0	    0.0	    0.0	   20.9	  0	    0.0	    0.0	    0.0	    0.0	    0.0	1	  300.0	  1	    0.0	   -nan	
  293	  29.30	    0.0	    0.0	  -90.0	    0.0	    0.0	    0.0	    0.0	    0.0	    0.0	    0.0	    0.0	  100.0	    0.0	    0.0	    0.0	    0.0	    0.0	   20.9	  0	    0.0	    0.0	    0.0	    0.0	    0.0	1	  300.0	  1	    0.0	   -nan	
  294	  29.40	    0.0	    0.0	  -90.0	    0.0	    0.0	    0.0	    0.0	    0.0	    0.0	    0.0	    0.0	  100.0	    0.0	    0.0	    0.0	    0.0	    0.0	   21.0	  0	    0.0	    0.0	    0.0	    0.0	    0.0	1	  300.0	  1	    0.0	   -nan	
  295	  29.50	    0.0	    0.0	  -90.0	    0.0	    0.0	    0.0	    0.0	    0.0	    0.0	    0.0	    0.0	  100.0	    0.0	    0.0	    0.0	    0.0	    0.0	   21.1	  0	    0.0	    0.0	    0.0	    0.0	    0.0	1	  300.0	  1	    0.0	   -nan	
  296	  29.60	    0.0	    0.0	  -90.0	    0.0	    0.0	    0.0	    0.0	    0.0	    0.0	    0.0	    0.0	  100.0	    0.0	    0.0	    0.0	    0.0	    0.0	   21.1	  0	    0.0	    0.0	    0.0	    0.0	    0.0	1	  300.0	  1	    0.0	   -nan	
  297	  29.70	    0.0	    0.0	  -90.0	    0.0	    0.0	    0.0	    0.0	    0.0	    0.0	    0.0	    0.0	  100.0	    0.0	    0.0	    0.0	    0.0	    0.0	   21.2	  0	    0.0	    0.0	    0.0	    0.0	    0.0	1	  300.0	  1	    0.0	   -nan	
  298	  29.80	    0.0	    0.0	  -90.0	    0.0	    0.0	    0.0	    0.0	    0.0	    0.0	    0.0	    0.0	  100.0	    0.0	    0.0	    0.0	    0.0	    0.0	   21.3	  0	    0.0	    0.0	    0.0	    0.0	    0.0	1	  300.0	  1	    0.0	   -nan	
  299	  29.90	    0.0	    0.0	  -90.0	    0.0	    0.0	    0.0	    0.0	    0.0	    0.0	    0.0	    0.0	  100.0	    0.0	    0.0	    0.0	    0.0	    0.0	   21.4	  0	    0.0	    0.0	    0.0	    0.0	    0.0	1	  300.0	  1	    0.0	   -nan	
  300	  30.00	    0.0	    0.0	  -90.0	    0.0	    0.0	    0.0	    0.0	    0.0	    0.0	    0.0	    0.0	  100.0	    0.0	    0.0	    0.0	    0.0	    0.0	   21.4	  0	    0.0	    0.0	    0.0	    0.0	    0.0	1	  300.0	  1	    0.0	   -nan	
  301	  30.10	    0.0	    0.0	  -90.0	    0.0	    0.0	    0.0	    0.0	    0.0	    0.0	    0.0	    0.0	  100.0	    0.0	    0.0	    0.0	    0.0	    0.0	   21.5	  0	    0.0	    0.0	    0.0	    0.0	    0.0	1	  300.0	  1	    0.0	   -nan	
  302	  30.20	    0.0	    0.0	  -90.0	    0.0	    0.0	    0.0	    0.0	    0.0	    0.0	    0.0	    0.0	  100.0	    0.0	    0.0	    0.0	    0.0	    0.0	   21.6	  0	    0.0	    0.0	    0.0	    0.0	    0.0	1	  300.0	  1	    0.0	   -nan	
  303	  30.30	    0.0	    0.0	  -90.0	    0.0	    0.0	    0.0	    0.0	    0.0	    0.0	    0.0	    0.0	  100.0	    0.0	    0.0	    0.0	    0.0	    0.0	   21.6	  0	    0.0	    0.0	    0.0	    0.0	    0.0	1	  300.0	  1	    0.0	   -nan	
  304	  30.40	    0.0	    0.0	  -90.0	    0.0	    0.0	    0.0	    0.0	    0.0	    0.0	    0.0	    0.0	  100.0	    0.0	    0.0	    0.0	    0.0	    0.0	   21.7	  0	    0.0	    0.0	    0.0	    0.0	    0.0	1	  300.0	  1	    0.0	   -nan	
  305	  30.50	    0.0	    0.0	  -90.0	    0.0	    0.0	    0.0	    0.0	    0.0	    0.0	    0.0	    0.0	  100.0	    0.0	    0.0	    0.0	    0.0	    0.0	   21.8	  0	    0.0	    0.0	    0.0	    0.0	    0.0	1	  300.0	  1	    0.0	   -nan	
  306	  30.60	    0.0	    0.0	  -90.0	    0.0	    0.0	    0.0	    0.0	    0.0	    0.0	    0.0	    0.0	  100.0	    0.0	    0.0	    0.0	    0.0	    0.0	   21.9	  0	    0.0	    0.0	    0.0	    0.0	    0.0	1	  300.0	  1	    0.0	   -nan	
  307	  30.70	    0.0	    0.0	  -90.0	    0.0	    0.0	    0.0	    0.0	    0.0	    0.0	    0.0	    0.0	  100.0	    0.0	    0.0	    0.0	    0.0	    0.0	   21.9	  0	    0.0	    0.0	    0.0	    0.0	    0.0	1	  300.0	  1	    0.0	   -nan	
  308	  30.80	    0.0	    0.0	  -90.0	    0.0	    0.0	    0.0	    0.0	    0.0	    0.0	    0.0	    0.0	  100.0	    0.0	    0.0	    0.0	    0.0	    0.0	   22.0	  0	    0.0	    0.0	    0.0	    0.0	    0.0	1	  300.0	  1	    0.0	   -nan	
  309	  30.90	    0.0	    0.0	  -90.0	    0.0	    0.0	    0.0	    0.0	    0.0	    0.0	    0.0	    0.0	  100.0	    0.0	    0.0	    0.0	    0.0	    0.0	   22.1	  0	    0.0	    0.0	    0.0	    0.0	    0.0	1	  300.0	  1	    0.0	   -nan	
  310	  31.00	    0.0	    0.0	  -90.0	    0.0	    0.0	    0.0	    0.0	    0.0	    0.0	    0.0	    0.0	  100.0	    0.0	    0.0	    0.0	    0.0	    0.0	   22.1	  0	    0.0	    0.0	    0.0	    0.0	    0.0	1	  300.0	  1	    0.0	   -nan	
  311	  31.10	    0.0	    0.0	  -90.0	    0.0	    0.0	    0.0	    0.0	    0.0	    0.0	    0.0	    0.0	  100.0	    0.0	    0.0	    0.0	    0.0	    0.0	   22.2	  0	    0.0	    0.0	    0.0	    0.0	    0.0	1	  300.0	  1	    0.0	   -nan	
  312	  31.20	    0.0	    0.0	  -90.0	    0.0	    0.0	    0.0	    0.0	    0.0	    0.0	    0.0	    0.0	  100.0	    0.0	    0.0	    0.0	    0.0	    0.0	   22.3	  0	    0.0	    0.0	    0.0	    0.0	    0.0	1	  300.0	  1	    0.0	   -nan	
  313	  31.30	    0.0	    0.0	  -90.0	    0.0	    0.0	    0.0	    0.0	    0.0	    0.0	    0.0	    0.0	  100.0	    0.0	    0.0	    0.0	    0.0	    0.0	   22.4	  0	    0.0	    0.0	    0.0	    0.0	    0.0	1	  300.0	  1	    0.0	   -nan	
  314	  31.40	    0.0	    0.0	  -90.0	    0.0	    0.0	    0.0	    0.0	    0.0	    0.0	    0.0	    0.0	  100.0	    0.0	    0.0	    0.0	    0.0	    0.0	   22.4	  0	    0.0	    0.0	    0.0	    0.0	    0.0	1	  300.0	  1	    0.0	   -nan	
  315	  31.50	    0.0	    0.0	  -90.0	    0.0	    0.0	    0.0	    0.0	    0.0	    0.0	    0.0	    0.0	  100.0	    0.0	    0.0	    0.0	    0.0	    0.0	   22.5	  0	    0.0	    0.0	    0.0	    0.0	    0.0	1	  300.0	  1	    0.0	   -nan	
  316	  31.60	    0.0	    0.0	  -90.0	    0.0	    0.0	    0.0	    0.0	    0.0	    0.0	    0.0	    0.0	  100.0	    0.0	    0.0	    0.0	    0.0	    0.0	   22.6	  0	    0.0	    0.0	    0.0	    0.0	    0.0	1	  300.0	  1	    0.0	   -nan	
  317	  31.70	    0.0	    0.0	  -90.0	    0.0	    0.0	    0.0	    0.0	    0.0	    0.0	    0.0	    0.0	  100.0	    0.0	    0.0	    0.0	    0.0	    0.0	   22.6	  0	    0.0	    0.0	    0.0	    0.0	    0.0	1	  300.0	  1	    0.0	   -nan	
  318	  31.80	    0.0	    0.0	  -90.0	    0.0	    0.0	    0.0	    0.0	    0.0	    0.0	    0.0	    0.0	  100.0	    0.0	    0.0	    0.0	    0.0	    0.0	   22.7	  0	    0.0	    0.0	    0.0	    0.0	    0.0	1	  300.0	  1	    0.0	   -nan	
  319	  31.90	    0.0	    0.0	  -90.0	    0.0	    0.0	    0.0	    0.0	    0.0	    0.0	    0.0	    0.0	  100.0	    0.0	    0.0	    0.0	    0.0	    0.0	   22.8	  0	    0.0	    0.0	    0.0	    0.0	    0.0	1	  300.0	  1	    0.0	   -nan	
  320	  32.00	    0.0	    0.0	  -90.0	    0.0	    0.0	    0.0	    0.0	    0.0	    0.0	    0.0	    0.0	  100.0	    0.0	    0.0	    0.0	    0.0	    0.0	   22.9	  0	    0.0	    0.0	    0.0	    0.0	    0.0	1	  300.0	  1	    0.0	   -nan	
  321	  32.10	    0.0	    0.0	  -90.0	    0.0	    0.0	    0.0	    0.0	    0.0	    0.0	    0.0	    0.0	  100.0	    0.0	    0.0	    0.0	    0.0	    0.0	   22.9	  0	    0.0	    0.0	    0.0	    0.0	    0.0	1	  300.0	  1	    0.0	   -nan	
  322	  32.20	    0.0	    0.0	  -90.0	    0.0	    0.0	    0.0	    0.0	    0.0	    0.0	    0.0	    0.0	  100.0	    0.0	    0.0	    0.0	    0.0	    0.0	   23.0	  0	    0.0	    0.0	    0.0	    0.0	    0.0	1	  300.0	  1	    0.0	   -nan	
  323	  32.30	    0.0	    0.0	  -90.0	    0.0	    0.0	    0.0	    0.0	    0.0	    0.0	    0.0	    0.0	  100.0	    0.0	    0.0	    0.0	    0.0	    0.0	   23.1	  0	    0.0	    0.0	    0.0	    0.0	    0.0	1	  300.0	  1	    0.0	   -nan	
