    1	   0.10	    0.0	    0.0	    0.0	    0.0	    0.0	    0.0	    0.0	    0.0	    0.0	    0.0	    0.0	  100.0	   99.9	    0.0	    0.0	    0.0	    0.0	    0.1	  1	 -750.0	  750.0	   99.9	    0.0	    0.0	1	  967.7	 21	    0.0	    5.0	
    2	   0.20	    0.0	    0.0	  -91.1	    0.0	    0.0	    0.0	    0.0	    0.0	    0.0	    0.0	    0.0	  100.0	   99.4	    0.0	    0.0	    0.0	    0.0	    0.1	  1	  -50.0	 1250.0	   99.4	    0.0	    0.0	1	 1173.9	 21	    0.0	    5.0	
    3	   0.30	    0.0	    0.0	  -90.0	    0.0	    0.0	    0.0	    0.0	    0.0	    0.0	    0.0	    0.0	  100.0	   98.9	    0.0	    0.0	    0.0	    0.0	    0.2	  1	  -50.0	 1250.0	   98.9	    0.0	    0.0	1	 1173.9	 21	    0.0	    5.0	
    4	   0.40	    0.0	    0.0	  -90.0	    0.0	    0.0	    0.0	    0.0	    0.0	    0.0	    0.0	    0.0	  100.0	   98.4	    0.0	    0.0	    0.0	    0.0	    0.3	  1	  -50.0	 1250.0	   98.4	    0.0	    0.0	1	 1173.9	 21	    0.0	    5.0	
    5	   0.50	    0.0	    0.0	  -90.0	    0.0	    0.0	    0.0	    0.0	    0.0	    0.0	    0.0	    0.0	  100.0	   97.9	    0.0	    0.0	    0.0	    0.0	    0.4	  1	  -50.0	 1250.0	   97.9	    0.0	    0.0	1	 1173.9	 21	    0.0	    5.0	
    6	   0.60	    0.0	    0.0	  -90.0	    0.0	    0.0	    0.0	    0.0	    0.0	    0.0	    0.0	    0.0	  100.0	   97.4	    0.0	    0.0	    0.0	    0.0	    0.4	  1	  -50.0	 1250.0	   97.4	    0.0	    0.0	1	 1173.9	 21	    0.0	    5.0	
    7	   0.70	    0.0	    0.0	  -90.0	    0.0	    0.0	    0.0	    0.0	    0.0	    0.0	    0.0	    0.0	  100.0	   96.9	    0.0	    0.0	    0.0	    0.0	    0.5	  1	  -50.0	 1250.0	   96.9	    0.0	    0.0	1	 1173.9	 21	    0.0	    5.0	
    8	   0.80	    0.0	    0.0	  -90.0	    0.0	    0.0	    0.0	    0.0	    0.0	    0.0	    0.0	    0.0	  100.0	   96.4	    0.0	    0.0	    0.0	    0.0	    0.6	  1	  -50.0	 1250.0	   96.4	    0.0	    0.0	1	 1173.9	 21	    0.0	    5.0	
    9	   0.90	    0.0	    0.0	  -90.0	    0.0	    0.0	    0.0	    0.0	    0.0	    0.0	    0.0	    0.0	  100.0	   95.9	    0.0	    0.0	    0.0	    0.0	    0.6	  1	  -50.0	 1250.0	   95.9	    0.0	    0.0	1	 1173.9	 21	    0.0	    5.0	
   10	   1.00	    0.0	    0.0	  -90.0	    0.0	    0.0	    0.0	    0.0	    0.0	    0.0	    0.0	    0.0	  100.0	   95.4	    0.0	    0.0	    0.0	    0.0	    0.7	  1	  -50.0	 1250.0	   95.4	    0.0	    0.0	1	 1173.9	 21	    0.0	    5.0	
   11	   1.10	    0.0	    0.0	  -90.0	    0.0	    0.0	    0.0	    0.0	    0.0	    0.0	    0.0	    0.0	  100.0	   94.9	    0.0	    0.0	    0.0	    0.0	    0.8	  1	  -50.0	 1250.0	   94.9	    0.0	    0.0	1	 1173.9	 21	    0.0	    5.0	
   12	   1.20	    0.0	    0.0	  -90.0	    0.0	    0.0	    0.0	    0.0	    0.0	    0.0	    0.0	    0.0	  100.0	   94.4	    0.0	    0.0	    0.0	    0.0	    0.9	  1	  -50.0	 1250.0	   94.4	    0.0	    0.0	1	 1173.9	 21	    0.0	    5.0	
   13	   1.30	    0.0	    0.0	  -90.0	    0.0	    0.0	    0.0	    0.0	    0.0	    0.0	    0.0	    0.0	  100.0	   93.9	    0.0	    0.0	    0.0	    0.0	    0.9	  1	  -50.0	 1250.0	   93.9	    0.0	    0.0	1	 1173.9	 21	    0.0	    5.0	
   14	   1.40	    0.0	    0.0	  -90.0	    0.0	    0.0	    0.0	    0.0	    0.0	    0.0	    0.0	    0.0	  100.0	   93.4	    0.0	    0.0	    0.0	    0.0	    1.0	  1	  -50.0	 1250.0	   93.4	    0.0	    0.0	1	 1173.9	 21	    0.0	    5.0	
   15	   1.50	    0.0	    0.0	  -90.0	    0.0	    0.0	    0.0	    0.0	    0.0	    0.0	    0.0	    0.0	  100.0	   92.9	    0.0	    0.0	    0.0	    0.0	    1.1	  1	  -50.0	 1250.0	   92.9	    0.0	    0.0	1	 1173.9	 21	    0.0	    5.0	
   16	   1.60	    0.0	    0.0	  -90.0	    0.0	    0.0	    0.0	    0.0	    0.0	    0.0	    0.0	    0.0	  100.0	   92.4	    0.0	    0.0	    0.0	    0.0	    1.1	  1	  -50.0	 1250.0	   92.4	    0.0	    0.0	1	 1173.9	 21	    0.0	    5.0	
   17	   1.70	    0.0	    0.0	  -90.0	    0.0	    0.0	    0.0	    0.0	    0.0	    0.0	    0.0	    0.0	  100.0	   91.9	    0.0	    0.0	    0.0	    0.0	    1.2	  1	  -50.0	 1250.0	   91.9	    0.0	    0.0	1	 1173.9	 21	    0.0	    5.0	
   18	   1.80	    0.0	    0.0	  -90.0	    0.0	    0.0	    0.0	    0.0	    0.0	    0.0	    0.0	    0.0	  100.0	   91.4	    0.0	    0.0	    0.0	    0.0	    1.3	  1	  -50.0	 1250.0	   91.4	    0.0	    0.0	1	 1173.9	 21	    0.0	    5.0	
   19	   1.90	    0.0	    0.0	  -90.0	    0.0	    0.0	    0.0	    0.0	    0.0	    0.0	    0.0	    0.0	  100.0	   90.9	    0.0	    0.0	    0.0	    0.0	    1.4	  1	  -50.0	 1250.0	   90.9	    0.0	    0.0	1	 1173.9	 21	    0.0	    5.0	
   20	   2.00	    0.0	    0.0	  -90.0	    0.0	    0.0	    0.0	    0.0	    0.0	    0.0	    0.0	    0.0	  100.0	   90.4	    0.0	    0.0	    0.0	    0.0	    1.4	  1	  -50.0	 1250.0	   90.4	    0.0	    0.0	1	 1173.9	 21	    0.0	    5.0	
   21	   2.10	    0.0	    0.0	  -90.0	    0.0	    0.0	    0.0	    0.0	    0.0	    0.0	    0.0	    0.0	  100.0	   89.9	    0.0	    0.0	    0.0	    0.0	    1.5	  1	  -50.0	 1250.0	   89.9	    0.0	    0.0	1	 1173.9	 21	    0.0	    5.0	
   22	   2.20	    0.0	    0.0	  -90.0	    0.0	    0.0	    0.0	    0.0	    0.0	    0.0	    0.0	    0.0	  100.0	   89.4	    0.0	    0.0	    0.0	    0.0	    1.6	  1	  -50.0	 1250.0	   89.4	    0.0	    0.0	1	 1173.9	 21	    0.0	    5.0	
   23	   2.30	    0.0	    0.0	  -90.0	    0.0	    0.0	    0.0	    0.0	    0.0	    0.0	    0.0	    0.0	  100.0	   88.9	    0.0	    0.0	    0.0	    0.0	    1.6	  1	  -50.0	 1250.0	   88.9	    0.0	    0.0	1	 1173.9	 21	    0.0	    5.0	
   24	   2.40	    0.0	    0.0	  -90.0	    0.0	    0.0	    0.0	    0.0	    0.0	    0.0	    0.0	    0.0	  100.0	   88.4	    0.0	    0.0	    0.0	    0.0	    1.7	  1	  -50.0	 1250.0	   88.4	    0.0	    0.0	1	 1173.9	 21	    0.0	    5.0	
   25	   2.50	    0.0	    0.0	  -90.0	    0.0	    0.0	    0.0	    0.0	    0.0	    0.0	    0.0	    0.0	  100.0	   87.9	    0.0	    0.0	    0.0	    0.0	    1.8	  1	  -50.0	 1250.0	   87.9	    0.0	    0.0	1	 1173.9	 21	    0.0	    5.0	
   26	   2.60	    0.0	    0.0	  -90.0	    0.0	    0.0	    0.0	    0.0	    0.0	    0.0	    0.0	    0.0	  100.0	   87.4	    0.0	    0.0	    0.0	    0.0	    1.9	  1	  -50.0	 1250.0	   87.4	    0.0	    0.0	1	 1173.9	 21	    0.0	    5.0	
   27	   2.70	    0.0	    0.0	  -90.0	    0.0	    0.0	    0.0	    0.0	    0.0	    0.0	    0.0	    0.0	  100.0	   86.9	    0.0	    0.0	    0.0	    0.0	    1.9	  1	  -50.0	 1250.0	   86.9	    0.0	    0.0	1	 1173.9	 21	    0.0	    5.0	
   28	   2.80	    0.0	    0.0	  -90.0	    0.0	    0.0	    0.0	    0.0	    0.0	    0.0	    0.0	    0.0	  100.0	   86.4	    0.0	    0.0	    0.0	    0.0	    2.0	  1	  -50.0	 1250.0	   86.4	    0.0	    0.0	1	 1173.9	 21	    0.0	    5.0	
   29	   2.90	    0.0	    0.0	  -90.0	    0.0	    0.0	    0.0	    0.0	    0.0	    0.0	    0.0	    0.0	  100.0	   85.9	    0.0	    0.0	    0.0	    0.0	    2.1	  1	  -50.0	 1250.0	   85.9	    0.0	    0.0	1	 1173.9	 21	    0.0	    5.0	
   30	   3.00	    0.0	    0.0	  -90.0	    0.0	    0.0	    0.0	    0.0	    0.0	    0.0	    0.0	    0.0	  100.0	   85.4	    0.0	    0.0	    0.0	    0.0	    2.1	  1	  -50.0	 1250.0	   85.4	    0.0	    0.0	1	 1173.9	 21	    0.0	    5.0	
   31	   3.10	    0.0	    0.0	  -90.0	    0.0	    0.0	    0.0	    0.0	    0.0	    0.0	    0.0	    0.0	  100.0	   84.9	    0.0	    0.0	    0.0	    0.0	    2.2	  1	  -50.0	 1250.0	   84.9	    0.0	    0.0	1	 1173.9	 21	    0.0	    5.0	
   32	   3.20	    0.0	    0.0	  -90.0	    0.0	    0.0	    0.0	    0.0	    0.0	    0.0	    0.0	    0.0	  100.0	   84.4	    0.0	    0.0	    0.0	    0.0	    2.3	  1	  -50.0	 1250.0	   84.4	    0.0	    0.0	1	 1173.9	 21	    0.0	    5.0	
   33	   3.30	    0.0	 1500.0	  -90.0	    0.0	 1500.0	    0.0	  200.0	    0.0	 1500.0	    0.0	  200.0	  100.0	   92.2	    0.0	    0.0	    0.0	    0.0	    2.2	  1	  -50.0	 2250.0	   92.2	    0.0	    0.0	1	  511.2	 21	 1207.1	 -192.9	
   34	   3.40	    0.0	 1500.0	   89.3	    0.0	 1500.0	    0.0	  200.0	    0.0	 1500.0	    0.0	  200.0	  100.0	   91.7	    0.0	    0.0	    0.0	    0.0	    2.2	  1	 -750.0	 1550.0	   91.7	    0.0	    0.0	1	  389.4	 21	    0.0	    0.0	
   35	   3.50	    0.0	 1500.0	  102.4	    0.0	 1500.0	    0.0	  200.0	    0.0	 1500.0	    0.0	  200.0	  100.0	   91.2	    0.0	    0.0	    0.0	    0.0	    2.3	  1	 -750.0	 1550.0	   91.2	    0.0	    0.0	1	  388.9	 21	    0.0	    0.0	
   36	   3.60	    0.0	 1500.0	  107.7	    0.0	 1500.0	    0.0	  200.0	    0.0	 1500.0	    0.0	  200.0	  100.0	   90.7	    0.0	    0.0	    0.0	    0.0	    2.3	  1	 -750.0	 1550.0	   90.7	    0.0	    0.0	1	  388.5	 21	    0.0	    0.0	
   37	   3.70	    0.0	 1500.0	  110.5	    0.0	 1500.0	    0.0	  200.0	    0.0	 1500.0	    0.0	  200.0	  100.0	   90.2	    0.0	    0.0	    0.0	    0.0	    2.4	  1	 -750.0	 1550.0	   90.2	    0.0	    0.0	1	  388.0	 21	    0.0	    0.0	
   38	   3.80	    0.0	 1500.0	  112.2	    0.0	 1500.0	    0.0	  200.0	    0.0	 1500.0	    0.0	  200.0	  100.0	   89.7	    0.0	    0.0	    0.0	    0.0	    2.5	  1	 -750.0	 1550.0	   89.7	    0.0	    0.0	1	  387.6	 21	    0.0	    0.0	
   39	   3.90	    0.0	 1500.0	  113.6	    0.0	 1500.0	    0.0	  200.0	    0.0	 1500.0	    0.0	  200.0	  100.0	   89.2	    0.0	    0.0	    0.0	    0.0	    2.5	  1	 -750.0	 1550.0	   89.2	    0.0	    0.0	1	  387.1	 21	    0.0	    0.0	
   40	   4.00	    0.0	 1500.0	  115.0	    0.0	 1500.0	    0.0	  200.0	    0.0	 1500.0	    0.0	  200.0	  100.0	   88.7	    0.0	    0.0	    0.0	    0.0	    2.6	  1	 -750.0	 1550.0	   88.7	    0.0	    0.0	1	  386.6	 21	    0.0	    0.0	
   41	   4.10	    0.0	 1500.0	  116.7	    0.0	 1500.0	    0.0	  200.0	    0.0	 1500.0	    0.0	  200.0	  100.0	   88.2	    0.0	    0.0	    0.0	    0.0	    2.7	  1	 -750.0	 1550.0	   88.2	    0.0	    0.0	1	  386.2	 21	    0.0	    0.0	
   42	   4.20	    0.0	 1500.0	  119.5	    0.0	 1500.0	    0.0	  200.0	    0.0	 1500.0	    0.0	  200.0	  100.0	   87.7	    0.0	    0.0	    0.0	    0.0	    2.7	  1	 -750.0	 1550.0	   87.7	    0.0	    0.0	1	  385.7	 21	    0.0	    0.0	
   43	   4.30	    0.0	 1500.0	  124.7	    0.0	 1500.0	    0.0	  200.0	    0.0	 1500.0	    0.0	  200.0	  100.0	   87.2	    0.0	    0.0	    0.0	    0.0	    2.8	  1	 -750.0	 1550.0	   87.2	    0.0	    0.0	1	  385.2	 21	    0.0	    0.0	
   44	   4.40	    0.0	 1500.0	  135.4	    0.0	 1500.0	    0.0	  200.0	    0.0	 1500.0	    0.0	  200.0	  100.0	   86.7	    0.0	    0.0	    0.0	    0.0	    2.9	  1	 -750.0	 1550.0	   86.7	    0.0	    0.0	1	  384.8	 21	    0.0	    0.0	
   45	   4.50	    0.0	 1500.0	  152.5	    0.0	 1500.0	    0.0	  200.0	    0.0	 1500.0	    0.0	  200.0	  100.0	   86.2	    0.0	    0.0	    0.0	    0.0	    2.9	  1	 -750.0	 1550.0	   86.2	    0.0	    0.0	1	  384.3	 21	    0.0	    0.0	
   46	   4.60	    0.0	 1500.0	  166.0	    0.0	 1500.0	    0.0	  200.0	    0.0	 1500.0	    0.0	  200.0	  100.0	   85.7	    0.0	    0.0	    0.0	    0.0	    3.0	  1	 -750.0	 1550.0	   85.7	    0.0	    0.0	1	  383.9	 21	    0.0	    0.0	
   47	   4.70	    0.0	 1500.0	  171.3	    0.0	 1500.0	    0.0	  200.0	    0.0	 1500.0	    0.0	  200.0	  100.0	   85.2	    0.0	    0.0	    0.0	    0.0	    3.1	  1	 -750.0	 1550.0	   85.2	    0.0	    0.0	1	  383.4	 21	    0.0	    0.0	
   48	   4.80	    0.0	 1500.0	  172.8	    0.0	 1500.0	    0.0	  200.0	    0.0	 1500.0	    0.0	  200.0	  100.0	   84.7	    0.0	    0.0	    0.0	    0.0	    3.1	  1	 -750.0	 1550.0	   84.7	    0.0	    0.0	1	  382.9	 21	    0.0	    0.0	
   49	   4.90	    0.0	 1500.0	  173.2	    0.0	 1500.0	    0.0	  200.0	    0.0	 1500.0	    0.0	  200.0	  100.0	   84.2	    0.0	    0.0	    0.0	    0.0	    3.2	  1	 -750.0	 1550.0	   84.2	    0.0	    0.0	1	  382.5	 21	    0.0	    0.0	
   50	   5.00	    0.0	 1500.0	  173.3	    0.0	 1500.0	    0.0	  200.0	    0.0	 1500.0	    0.0	  200.0	  100.0	   83.7	    0.0	    0.0	    0.0	    0.0	    3.3	  1	 -750.0	 1550.0	   83.7	    0.0	    0.0	1	  382.0	 21	    0.0	    0.0	
   51	   5.10	    0.0	 1500.0	  173.3	    0.0	 1500.0	    0.0	  200.0	    0.0	 1500.0	    0.0	  200.0	  100.0	   83.2	    0.0	    0.0	    0.0	    0.0	    3.3	  1	 -750.0	 1550.0	   83.2	    0.0	    0.0	1	  381.5	 21	    0.0	    0.0	
   52	   5.20	    0.0	 1500.0	  173.2	    0.0	 1500.0	    0.0	  200.0	    0.0	 1500.0	    0.0	  200.0	  100.0	   82.7	    0.0	    0.0	    0.0	    0.0	    3.4	  1	 -750.0	 1550.0	   82.7	    0.0	    0.0	1	  381.1	 21	    0.0	    0.0	
   53	   5.30	    0.0	 1500.0	  173.0	    0.0	 1500.0	    0.0	  200.0	    0.0	 1500.0	    0.0	  200.0	  100.0	   82.2	    0.0	    0.0	    0.0	    0.0	    3.5	  1	 -750.0	 1550.0	   82.2	    0.0	    0.0	1	  380.6	 21	    0.0	    0.0	
   54	   5.40	    0.0	 1500.0	  172.5	    0.0	 1500.0	    0.0	  200.0	    0.0	 1500.0	    0.0	  200.0	  100.0	   81.7	    0.0	    0.0	    0.0	    0.0	    3.5	  1	 -750.0	 1550.0	   81.7	    0.0	    0.0	1	  380.1	 21	    0.0	    0.0	
   55	   5.50	    0.0	 1500.0	  171.4	    0.0	 1500.0	    0.0	  200.0	    0.0	 1500.0	    0.0	  200.0	  100.0	   81.2	    0.0	    0.0	    0.0	    0.0	    3.6	  1	 -750.0	 1550.0	   81.2	    0.0	    0.0	1	  379.7	 21	    0.0	    0.0	
   56	   5.60	    0.0	 1500.0	  166.9	    0.0	 1500.0	    0.0	  200.0	    0.0	 1500.0	    0.0	  200.0	  100.0	   80.7	    0.0	    0.0	    0.0	    0.0	    3.7	  1	 -750.0	 1550.0	   80.7	    0.0	    0.0	1	  379.2	 21	    0.0	    0.0	
   57	   5.70	    0.0	 1500.0	   16.0	    0.0	 1500.0	    0.0	  200.0	    0.0	 1500.0	    0.0	  200.0	  100.0	   80.2	    0.0	    0.0	    0.0	    0.0	    3.8	  1	 -750.0	 1550.0	   80.2	    0.0	    0.0	1	  378.7	 21	    0.0	    0.0	
   58	   5.80	    0.0	 1500.0	    2.6	    0.0	 1500.0	    0.0	  200.0	    0.0	 1500.0	    0.0	  200.0	  100.0	   79.7	    0.0	    0.0	    0.0	    0.0	    3.8	  1	 -750.0	 1550.0	   79.7	    0.0	    0.0	1	  378.3	 21	    0.0	    0.0	
   59	   5.90	    0.0	 1500.0	    2.6	    0.0	 1500.0	    0.0	  200.0	    0.0	 1500.0	    0.0	  200.0	  100.0	   79.2	    0.0	    0.0	    0.0	    0.0	    3.9	  1	 -750.0	 1550.0	   79.2	    0.0	    0.0	1	  377.8	 21	    0.0	    0.0	
   60	   6.00	    0.0	 1500.0	    2.6	    0.0	 1500.0	    0.0	  200.0	    0.0	 1500.0	    0.0	  200.0	  100.0	   78.7	    0.0	    0.0	    0.0	    0.0	    4.0	  1	 -750.0	 1550.0	   78.7	    0.0	    0.0	1	  377.3	 21	    0.0	    0.0	
   61	   6.10	    0.0	 1500.0	    2.6	    0.0	 1500.0	    0.0	  200.0	    0.0	 1500.0	    0.0	  200.0	  100.0	   78.2	    0.0	    0.0	    0.0	    0.0	    4.0	  1	 -750.0	 1550.0	   78.2	    0.0	    0.0	1	  376.9	 21	    0.0	    0.0	
   62	   6.20	    0.0	 1500.0	    2.6	    0.0	 1500.0	    0.0	  200.0	    0.0	 1500.0	    0.0	  200.0	  100.0	   77.7	    0.0	    0.0	    0.0	    0.0	    4.1	  1	 -750.0	 1550.0	   77.7	    0.0	    0.0	1	  376.4	 21	    0.0	    0.0	
   63	   6.30	    0.0	 1500.0	    2.6	    0.0	 1500.0	    0.0	  200.0	    0.0	 1500.0	    0.0	  200.0	  100.0	   77.2	    0.0	    0.0	    0.0	    0.0	    4.2	  1	 -750.0	 1550.0	   77.2	    0.0	    0.0	1	  375.9	 21	    0.0	    0.0	
   64	   6.40	    0.0	 1500.0	    2.6	    0.0	 1500.0	    0.0	  200.0	    0.0	 1500.0	    0.0	  200.0	  100.0	   76.7	    0.0	    0.0	    0.0	    0.0	    4.2	  1	 -750.0	 1550.0	   76.7	    0.0	    0.0	1	  375.4	 21	    0.0	    0.0	
   65	   6.50	    0.0	 1500.0	    2.6	    0.0	 1500.0	    0.0	  200.0	    0.0	 1500.0	    0.0	  200.0	  100.0	   76.2	    0.0	    0.0	    0.0	    0.0	    4.3	  1	 -750.0	 1550.0	   76.2	    0.0	    0.0	1	  375.0	 21	    0.0	    0.0	
   66	   6.60	    0.0	 1500.0	    2.6	    0.0	 1500.0	    0.0	  200.0	    0.0	 1500.0	    0.0	  200.0	  100.0	   75.7	    0.0	    0.0	    0.0	    0.0	    4.4	  1	 -750.0	 1550.0	   75.7	    0.0	    0.0	1	  374.5	 21	    0.0	    0.0	
   67	   6.70	    0.0	 1500.0	    2.6	    0.0	 1500.0	    0.0	  200.0	    0.0	 1500.0	    0.0	  200.0	  100.0	   75.2	    0.0	    0.0	    0.0	    0.0	    4.4	  1	 -750.0	 1550.0	   75.2	    0.0	    0.0	1	  374.0	 21	    0.0	    0.0	
   68	   6.80	    0.0	 1500.0	    2.6	    0.0	 1500.0	    0.0	  200.0	    0.0	 1500.0	    0.0	  200.0	  100.0	   74.7	    0.0	    0.0	    0.0	    0.0	    4.5	  1	 -750.0	 1550.0	   74.7	    0.0	    0.0	1	  373.6	 21	    0.0	    0.0	
   69	   6.90	    0.0	 1500.0	    2.6	    0.0	 1500.0	    0.0	  200.0	    0.0	 1500.0	    0.0	  200.0	  100.0	   74.2	    0.0	    0.0	    0.0	    0.0	    4.6	  1	 -750.0	 1550.0	   74.2	    0.0	    0.0	1	  373.1	 21	    0.0	    0.0	
   70	   7.00	    0.0	 1500.0	    2.6	    0.0	 1500.0	    0.0	  200.0	    0.0	 1500.0	    0.0	  200.0	  100.0	   73.7	    0.0	    0.0	    0.0	    0.0	    4.6	  1	 -750.0	 1550.0	   73.7	    0.0	    0.0	1	  372.6	 21	    0.0	    0.0	
   71	   7.10	    0.0	 1500.0	    2.6	    0.0	 1500.0	    0.0	  200.0	    0.0	 1500.0	    0.0	  200.0	  100.0	   73.2	    0.0	    0.0	    0.0	    0.0	    4.7	  1	 -750.0	 1550.0	   73.2	    0.0	    0.0	1	  372.1	 21	    0.0	    0.0	
   72	   7.20	    0.0	 1500.0	    2.6	    0.0	 1500.0	    0.0	  200.0	    0.0	 1500.0	    0.0	  200.0	  100.0	   72.7	    0.0	    0.0	    0.0	    0.0	    4.8	  1	 -750.0	 1550.0	   72.7	    0.0	    0.0	1	  371.7	 21	    0.0	    0.0	
   73	   7.30	    0.0	 1500.0	    2.7	    0.0	 1500.0	    0.0	  200.0	    0.0	 1500.0	    0.0	  200.0	  100.0	   72.2	    0.0	    0.0	    0.0	    0.0	    4.8	  1	 -750.0	 1550.0	   72.2	    0.0	    0.0	1	  371.2	 21	    0.0	    0.0	
   74	   7.40	    0.0	 1500.0	    2.7	    0.0	 1500.0	    0.0	  200.0	    0.0	 1500.0	    0.0	  200.0	  100.0	   71.7	    0.0	    0.0	    0.0	    0.0	    4.9	  1	 -750.0	 1550.0	   71.7	    0.0	    0.0	1	  370.7	 21	    0.0	    0.0	
   75	   7.50	    0.0	 1500.0	    2.7	    0.0	 1500.0	    0.0	  200.0	    0.0	 1500.0	    0.0	  200.0	  100.0	   71.2	    0.0	    0.0	    0.0	    0.0	    5.0	  1	 -750.0	 1550.0	   71.2	    0.0	    0.0	1	  370.2	 21	    0.0	    0.0	
   76	   7.60	    0.0	 1500.0	    2.7	    0.0	 1500.0	    0.0	  200.0	    0.0	 1500.0	    0.0	  200.0	  100.0	   70.7	    0.0	    0.0	    0.0	    0.0	    5.0	  1	 -750.0	 1550.0	   70.7	    0.0	    0.0	1	  369.8	 21	    0.0	    0.0	
   77	   7.70	    0.0	 1500.0	    2.7	    0.0	 1500.0	    0.0	  200.0	    0.0	 1500.0	    0.0	  200.0	  100.0	   70.2	    0.0	    0.0	    0.0	    0.0	    5.1	  1	 -750.0	 1550.0	   70.2	    0.0	    0.0	1	  369.3	 21	    0.0	    0.0	
   78	   7.80	    0.0	 1500.0	    2.7	    0.0	 1500.0	    0.0	  200.0	    0.0	 1500.0	    0.0	  200.0	  100.0	   69.7	    0.0	    0.0	    0.0	    0.0	    5.2	  1	 -750.0	 1550.0	   69.7	    0.0	    0.0	1	  368.8	 21	    0.0	    0.0	
   79	   7.90	    0.0	 1500.0	    2.7	    0.0	 1500.0	    0.0	  200.0	    0.0	 1500.0	    0.0	  200.0	  100.0	   69.2	    0.0	    0.0	    0.0	    0.0	    5.2	  1	 -750.0	 1550.0	   69.2	    0.0	    0.0	1	  368.3	 21	    0.0	    0.0	
   80	   8.00	    0.0	 1500.0	    2.7	    0.0	 1500.0	    0.0	  200.0	    0.0	 1500.0	    0.0	  200.0	  100.0	   68.7	    0.0	    0.0	    0.0	    0.0	    5.3	  1	 -750.0	 1550.0	   68.7	    0.0	    0.0	1	  367.9	 21	    0.0	    0.0	
   81	   8.10	    0.0	 1500.0	    2.8	    0.0	 1500.0	    0.0	  200.0	    0.0	 1500.0	    0.0	  200.0	  100.0	   68.2	    0.0	    0.0	    0.0	    0.0	    5.4	  1	 -750.0	 1550.0	   68.2	    0.0	    0.0	1	  367.4	 21	    0.0	    0.0	
   82	   8.20	    0.0	 1500.0	    2.8	    0.0	 1500.0	    0.0	  200.0	    0.0	 1500.0	    0.0	  200.0	  100.0	   67.7	    0.0	    0.0	    0.0	    0.0	    5.4	  1	 -750.0	 1550.0	   67.7	    0.0	    0.0	1	  366.9	 21	    0.0	    0.0	
   83	   8.30	    0.0	 1500.0	    2.9	    0.0	 1500.0	    0.0	  200.0	    0.0	 1500.0	    0.0	  200.0	  100.0	   67.2	    0.0	    0.0	    0.0	    0.0	    5.5	  1	 -750.0	 1550.0	   67.2	    0.0	    0.0	1	  366.4	 21	    0.0	    0.0	
   84	   8.40	    0.0	 1500.0	    2.9	    0.0	 1500.0	    0.0	  200.0	    0.0	 1500.0	    0.0	  200.0	  100.0	   66.7	    0.0	    0.0	    0.0	    0.0	    5.6	  1	 -750.0	 1550.0	   66.7	    0.0	    0.0	1	  366.0	 21	    0.0	    0.0	
   85	   8.50	    0.0	 1500.0	    3.0	    0.0	 1500.0	    0.0	  200.0	    0.0	 1500.0	    0.0	  200.0	  100.0	   66.2	    0.0	    0.0	    0.0	    0.0	    5.7	  1	 -750.0	 1550.0	   66.2	    0.0	    0.0	1	  365.5	 21	    0.0	    0.0	
   86	   8.60	    0.0	 1500.0	    3.1	    0.0	 1500.0	    0.0	  200.0	    0.0	 1500.0	    0.0	  200.0	  100.0	   65.7	    0.0	    0.0	    0.0	    0.0	    5.7	  1	 -750.0	 1550.0	   65.7	    0.0	    0.0	1	  365.0	 21	    0.0	    0.0	
   87	   8.70	    0.0	 1500.0	    3.3	    0.0	 1500.0	    0.0	  200.0	    0.0	 1500.0	    0.0	  200.0	  100.0	   65.2	    0.0	    0.0	    0.0	    0.0	    5.8	  1	 -750.0	 1550.0	   65.2	    0.0	    0.0	1	  364.5	 21	    0.0	    0.0	
   88	   8.80	    0.0	 1500.0	    3.5	    0.0	 1500.0	    0.0	  200.0	    0.0	 1500.0	    0.0	  200.0	  100.0	   64.7	    0.0	    0.0	    0.0	    0.0	    5.9	  1	 -750.0	 1550.0	   64.7	    0.0	    0.0	1	  364.0	 21	    0.0	    0.0	
   89	   8.90	    0.0	 1500.0	    3.7	    0.0	 1500.0	    0.0	  200.0	    0.0	 1500.0	    0.0	  200.0	  100.0	   64.2	    0.0	    0.0	    0.0	    0.0	    5.9	  1	 -750.0	 1550.0	   64.2	    0.0	    0.0	1	  363.6	 21	    0.0	    0.0	
   90	   9.00	    0.0	 1500.0	    4.0	    0.0	 1500.0	    0.0	  200.0	    0.0	 1500.0	    0.0	  200.0	  100.0	   63.7	    0.0	    0.0	    0.0	    0.0	    6.0	  1	 -750.0	 1550.0	   63.7	    0.0	    0.0	1	  363.1	 21	    0.0	    0.0	
   91	   9.10	    0.0	 1500.0	    4.4	    0.0	 1500.0	    0.0	  200.0	    0.0	 1500.0	    0.0	  200.0	  100.0	   63.2	    0.0	    0.0	    0.0	    0.0	    6.1	  1	 -750.0	 1550.0	   63.2	    0.0	    0.0	1	  362.6	 21	    0.0	    0.0	
   92	   9.20	    0.0	 1500.0	    4.9	    0.0	 1500.0	    0.0	  200.0	    0.0	 1500.0	    0.0	  200.0	  100.0	   62.7	    0.0	    0.0	    0.0	    0.0	    6.1	  1	 -750.0	 1550.0	   62.7	    0.0	    0.0	1	  362.1	 21	    0.0	    0.0	
   93	   9.30	    0.0	 1500.0	    5.6	    0.0	 1500.0	    0.0	  200.0	    0.0	 1500.0	    0.0	  200.0	  100.0	   62.2	    0.0	    0.0	    0.0	    0.0	    6.2	  1	 -750.0	 1550.0	   62.2	    0.0	    0.0	1	  361.6	 21	    0.0	    0.0	
   94	   9.40	    0.0	 1500.0	    6.4	    0.0	 1500.0	    0.0	  200.0	    0.0	 1500.0	    0.0	  200.0	  100.0	   61.7	    0.0	    0.0	    0.0	    0.0	    6.3	  1	 -750.0	 1550.0	   61.7	    0.0	    0.0	1	  361.1	 21	    0.0	    0.0	
   95	   9.50	    0.0	 1500.0	    7.5	    0.0	 1500.0	    0.0	  200.0	    0.0	 1500.0	    0.0	  200.0	  100.0	   61.2	    0.0	    0.0	    0.0	    0.0	    6.3	  1	 -750.0	 1550.0	   61.2	    0.0	    0.0	1	  360.7	 21	    0.0	    0.0	
   96	   9.60	    0.0	 1500.0	    9.0	    0.0	 1500.0	    0.0	  200.0	    0.0	 1500.0	    0.0	  200.0	  100.0	   60.7	    0.0	    0.0	    0.0	    0.0	    6.4	  1	 -750.0	 1550.0	   60.7	    0.0	    0.0	1	  360.2	 21	    0.0	    0.0	
   97	   9.70	    0.0	 1500.0	   10.8	    0.0	 1500.0	    0.0	  200.0	    0.0	 1500.0	    0.0	  200.0	  100.0	   60.2	    0.0	    0.0	    0.0	    0.0	    6.5	  1	 -750.0	 1550.0	   60.2	    0.0	    0.0	1	  359.7	 21	    0.0	    0.0	
   98	   9.80	    0.0	 1500.0	   13.2	    0.0	 1500.0	    0.0	  200.0	    0.0	 1500.0	    0.0	  200.0	  100.0	   59.7	    0.0	    0.0	    0.0	    0.0	    6.5	  1	 -750.0	 1550.0	   59.7	    0.0	    0.0	1	  359.2	 21	    0.0	    0.0	
   99	   9.90	    0.0	 1500.0	   16.3	    0.0	 1500.0	    0.0	  200.0	    0.0	 1500.0	    0.0	  200.0	  100.0	   59.2	    0.0	    0.0	    0.0	    0.0	    6.6	  1	 -750.0	 1550.0	   59.2	    0.0	    0.0	1	  358.7	 21	    0.0	    0.0	
  100	  10.00	    0.0	 1500.0	   20.1	    0.0	 1500.0	    0.0	  200.0	    0.0	 1500.0	    0.0	  200.0	  100.0	   58.7	    0.0	    0.0	    0.0	    0.0	    6.7	  1	 -750.0	 1550.0	   58.7	    0.0	    0.0	1	  358.3	 21	    0.0	    0.0	
  101	  10.10	    0.0	 1500.0	   24.9	    0.0	 1500.0	    0.0	  200.0	    0.0	 1500.0	    0.0	  200.0	  100.0	   58.2	    0.0	    0.0	    0.0	    0.0	    6.7	  1	 -750.0	 1550.0	   58.2	    0.0	    0.0	1	  357.8	 21	    0.0	    0.0	
  102	  10.20	    0.0	 1500.0	   30.6	    0.0	 1500.0	    0.0	  200.0	    0.0	 1500.0	    0.0	  200.0	  100.0	   57.7	    0.0	    0.0	    0.0	    0.0	    6.8	  1	 -750.0	 1550.0	   57.7	    0.0	    0.0	1	  357.3	 21	    0.0	    0.0	
  103	  10.30	    0.0	 1500.0	   37.1	    0.0	 1500.0	    0.0	  200.0	    0.0	 1500.0	    0.0	  200.0	  100.0	   57.2	    0.0	    0.0	    0.0	    0.0	    6.9	  1	 -750.0	 1550.0	   57.2	    0.0	    0.0	1	  356.8	 21	    0.0	    0.0	
  104	  10.40	    0.0	 1500.0	   44.3	    0.0	 1500.0	    0.0	  200.0	    0.0	 1500.0	    0.0	  200.0	  100.0	   56.7	    0.0	    0.0	    0.0	    0.0	    6.9	  1	 -750.0	 1550.0	   56.7	    0.0	    0.0	1	  356.3	 21	    0.0	    0.0	
  105	  10.50	    0.0	 1500.0	   51.1	    0.0	 1500.0	    0.0	  200.0	    0.0	 1500.0	    0.0	  200.0	  100.0	   56.2	    0.0	    0.0	    0.0	    0.0	    7.0	  1	 -750.0	 1550.0	   56.2	    0.0	    0.0	1	  355.8	 21	    0.0	    0.0	
  106	  10.60	    0.0	 1500.0	   57.7	    0.0	 1500.0	    0.0	  200.0	    0.0	 1500.0	    0.0	  200.0	  100.0	   55.7	    0.0	    0.0	    0.0	    0.0	    7.1	  1	 -750.0	 1550.0	   55.7	    0.0	    0.0	1	  355.3	 21	    0.0	    0.0	
  107	  10.70	    0.0	 1500.0	   64.0	    0.0	 1500.0	    0.0	  200.0	    0.0	 1500.0	    0.0	  200.0	  100.0	   55.2	    0.0	    0.0	    0.0	    0.0	    7.1	  1	 -750.0	 1550.0	   55.2	    0.0	    0.0	1	  354.9	 21	    0.0	    0.0	
  108	  10.80	    0.0	 1500.0	   69.5	    0.0	 1500.0	    0.0	  200.0	    0.0	 1500.0	    0.0	  200.0	  100.0	   54.7	    0.0	    0.0	    0.0	    0.0	    7.2	  1	 -750.0	 1550.0	   54.7	    0.0	    0.0	1	  354.4	 21	    0.0	    0.0	
  109	  10.90	    0.0	 1500.0	   74.2	    0.0	 1500.0	    0.0	  200.0	    0.0	 1500.0	    0.0	  200.0	  100.0	   54.2	    0.0	    0.0	    0.0	    0.0	    7.3	  1	 -750.0	 1550.0	   54.2	    0.0	    0.0	1	  353.9	 21	    0.0	    0.0	
  110	  11.00	    0.0	 1500.0	   78.1	    0.0	 1500.0	    0.0	  200.0	    0.0	 1500.0	    0.0	  200.0	  100.0	   53.7	    0.0	    0.0	    0.0	    0.0	    7.3	  1	 -750.0	 1550.0	   53.7	    0.0	    0.0	1	  353.4	 21	    0.0	    0.0	
  111	  11.10	    0.0	 1500.0	   81.2	    0.0	 1500.0	    0.0	  200.0	    0.0	 1500.0	    0.0	  200.0	  100.0	   53.2	    0.0	    0.0	    0.0	    0.0	    7.4	  1	 -750.0	 1550.0	   53.2	    0.0	    0.0	1	  352.9	 21	    0.0	    0.0	
  112	  11.20	    0.0	 1500.0	   83.7	    0.0	 1500.0	    0.0	  200.0	    0.0	 1500.0	    0.0	  200.0	  100.0	   52.7	    0.0	    0.0	    0.0	    0.0	    7.5	  1	 -750.0	 1550.0	   52.7	    0.0	    0.0	1	  352.4	 21	    0.0	    0.0	
  113	  11.30	    0.0	 1500.0	 -177.7	    0.0	 1500.0	    0.0	  200.0	    0.0	 1500.0	    0.0	  200.0	  100.0	   52.2	    0.0	    0.0	    0.0	    0.0	    7.6	  1	 -750.0	 1550.0	   52.2	    0.0	    0.0	1	  351.9	 21	    0.0	    0.0	
  114	  11.40	    0.0	 1500.0	 -177.7	    0.0	 1500.0	    0.0	  200.0	    0.0	 1500.0	    0.0	  200.0	  100.0	   51.7	    0.0	    0.0	    0.0	    0.0	    7.6	  1	 -750.0	 1550.0	   51.7	    0.0	    0.0	1	  351.4	 21	    0.0	    0.0	
  115	  11.50	    0.0	 1500.0	 -177.7	    0.0	 1500.0	    0.0	  200.0	    0.0	 1500.0	    0.0	  200.0	  100.0	   51.2	    0.0	    0.0	    0.0	    0.0	    7.7	  1	 -750.0	 1550.0	   51.2	    0.0	    0.0	1	  351.0	 21	    0.0	    0.0	
  116	  11.60	    0.0	 1500.0	 -177.7	    0.0	 1500.0	    0.0	  200.0	    0.0	 1500.0	    0.0	  200.0	  100.0	   50.7	    0.0	    0.0	    0.0	    0.0	    7.8	  1	 -750.0	 1550.0	   50.7	    0.0	    0.0	1	  350.5	 21	    0.0	    0.0	
  117	  11.70	    0.0	 1500.0	 -177.7	    0.0	 1500.0	    0.0	  200.0	    0.0	 1500.0	    0.0	  200.0	  100.0	   50.2	    0.0	    0.0	    0.0	    0.0	    7.8	  1	 -750.0	 1550.0	   50.2	    0.0	    0.0	1	  350.0	 21	    0.0	    0.0	
  118	  11.80	    0.0	 1500.0	 -177.7	    0.0	 1500.0	    0.0	  200.0	    0.0	 1500.0	    0.0	  200.0	  100.0	   49.7	    0.0	    0.0	    0.0	    0.0	    7.9	  1	 -750.0	 1550.0	   49.7	    0.0	    0.0	1	  349.5	 21	    0.0	    0.0	
  119	  11.90	    0.0	 1500.0	 -177.7	    0.0	 1500.0	    0.0	  200.0	    0.0	 1500.0	    0.0	  200.0	  100.0	   49.2	    0.0	    0.0	    0.0	    0.0	    8.0	  1	 -750.0	 1550.0	   49.2	    0.0	    0.0	1	  349.0	 21	    0.0	    0.0	
  120	  12.00	    0.0	 1500.0	 -177.7	    0.0	 1500.0	    0.0	  200.0	    0.0	 1500.0	    0.0	  200.0	  100.0	   48.7	    0.0	    0.0	    0.0	    0.0	    8.0	  1	 -750.0	 1550.0	   48.7	    0.0	    0.0	1	  348.5	 21	    0.0	    0.0	
  121	  12.10	    0.0	 1500.0	 -177.7	    0.0	 1500.0	    0.0	  200.0	    0.0	 1500.0	    0.0	  200.0	  100.0	   48.2	    0.0	    0.0	    0.0	    0.0	    8.1	  1	 -750.0	 1550.0	   48.2	    0.0	    0.0	1	  348.0	 21	    0.0	    0.0	
  122	  12.20	    0.0	 1500.0	 -177.7	    0.0	 1500.0	    0.0	  200.0	    0.0	 1500.0	    0.0	  200.0	  100.0	   47.7	    0.0	    0.0	    0.0	    0.0	    8.2	  1	 -750.0	 1550.0	   47.7	    0.0	    0.0	1	  347.5	 21	    0.0	    0.0	
  123	  12.30	    0.0	 1500.0	 -177.7	    0.0	 1500.0	    0.0	  200.0	    0.0	 1500.0	    0.0	  200.0	  100.0	   47.2	    0.0	    0.0	    0.0	    0.0	    8.2	  1	 -750.0	 1550.0	   47.2	    0.0	    0.0	1	  347.0	 21	    0.0	    0.0	
  124	  12.40	    0.0	 1500.0	 -177.7	    0.0	 1500.0	    0.0	  200.0	    0.0	 1500.0	    0.0	  200.0	  100.0	   46.7	    0.0	    0.0	    0.0	    0.0	    8.3	  1	 -750.0	 1550.0	   46.7	    0.0	    0.0	1	  346.6	 21	    0.0	    0.0	
  125	  12.50	    0.0	 1500.0	 -177.7	    0.0	 1500.0	    0.0	  200.0	    0.0	 1500.0	    0.0	  200.0	  100.0	   46.2	    0.0	    0.0	    0.0	    0.0	    8.4	  1	 -750.0	 1550.0	   46.2	    0.0	    0.0	1	  346.1	 21	    0.0	    0.0	
  126	  12.60	    0.0	 1500.0	 -177.7	    0.0	 1500.0	    0.0	  200.0	    0.0	 1500.0	    0.0	  200.0	  100.0	   45.7	    0.0	    0.0	    0.0	    0.0	    8.4	  1	 -750.0	 1550.0	   45.7	    0.0	    0.0	1	  345.6	 21	    0.0	    0.0	
  127	  12.70	    0.0	 1500.0	 -177.7	    0.0	 1500.0	    0.0	  200.0	    0.0	 1500.0	    0.0	  200.0	  100.0	   45.2	    0.0	    0.0	    0.0	    0.0	    8.5	  1	 -750.0	 1550.0	   45.2	    0.0	    0.0	1	  345.1	 21	    0.0	    0.0	
  128	  12.80	  513.9	 1608.3	 -177.8	    0.0	 1500.0	    0.0	  200.0	    0.0	 1500.0	    0.0	  200.0	  100.0	   44.7	    0.0	    0.0	    0.0	    0.0	    8.4	  1	  750.0	 1550.0	   44.7	    0.0	    0.0	1	  216.9	 21	    0.0	    0.0	
  129	  12.90	  513.9	 1608.3	    7.6	    0.0	 1500.0	    0.0	  200.0	    0.0	 1500.0	    0.0	  200.0	  100.0	   44.3	    0.0	    0.0	    0.0	    0.0	    8.4	  1	  750.0	 1550.0	   44.3	    0.0	    0.0	1	  216.9	 21	    0.0	    0.0	
  130	  13.00	  513.9	 1608.3	    7.3	    0.0	 1500.0	    0.0	  200.0	    0.0	 1500.0	    0.0	  200.0	  100.0	   43.8	    0.0	    0.0	    0.0	    0.0	    8.4	  1	  750.0	 1550.0	   43.8	    0.0	    0.0	1	  216.3	 21	    0.0	    0.0	
  131	  13.10	  513.9	 1608.3	    6.6	    0.0	 1500.0	    0.0	  200.0	    0.0	 1500.0	    0.0	  200.0	  100.0	   43.3	    0.0	    0.0	    0.0	    0.0	    8.5	  1	  750.0	 1550.0	   43.3	    0.0	    0.0	1	  216.4	 21	    0.0	    0.0	
  132	  13.20	  513.9	 1608.3	    6.6	    0.0	 1500.0	    0.0	  200.0	    0.0	 1500.0	    0.0	  200.0	  100.0	   42.9	    0.0	    0.0	    0.0	    0.0	    8.5	  1	  750.0	 1550.0	   42.9	    0.0	    0.0	1	  216.4	 21	    0.0	    0.0	
  133	  13.30	  513.9	 1608.3	    6.7	    0.0	 1500.0	    0.0	  200.0	    0.0	 1500.0	    0.0	  200.0	  100.0	   42.4	    0.0	    0.0	    0.0	    0.0	    8.5	  1	  750.0	 1550.0	   42.4	    0.0	    0.0	1	  216.5	 21	    0.0	    0.0	
  134	  13.40	  513.9	 1608.3	    6.9	    0.0	 1500.0	    0.0	  200.0	    0.0	 1500.0	    0.0	  200.0	  100.0	   41.9	    0.0	    0.0	    0.0	    0.0	    8.6	  1	  750.0	 1550.0	   41.9	    0.0	    0.0	1	  216.5	 21	    0.0	    0.0	
  135	  13.50	  513.9	 1608.3	    7.0	    0.0	 1500.0	    0.0	  200.0	    0.0	 1500.0	    0.0	  200.0	  100.0	   41.5	    0.0	    0.0	    0.0	    0.0	    8.7	  1	  750.0	 1550.0	   41.5	    0.0	    0.0	1	  216.6	 21	    0.0	    0.0	
  136	  13.60	  513.9	 1608.3	    7.3	    0.0	 1500.0	    0.0	  200.0	    0.0	 1500.0	    0.0	  200.0	  100.0	   41.0	    0.0	    0.0	    0.0	    0.0	    8.7	  1	  750.0	 1550.0	   41.0	    0.0	    0.0	1	  216.6	 21	    0.0	    0.0	
  137	  13.70	  513.9	 1608.3	    7.5	    0.0	 1500.0	    0.0	  200.0	    0.0	 1500.0	    0.0	  200.0	  100.0	   40.5	    0.0	    0.0	    0.0	    0.0	    8.8	  1	  750.0	 1550.0	   40.5	    0.0	    0.0	1	  216.7	 21	    0.0	    0.0	
  138	  13.80	  513.9	 1608.3	    7.9	    0.0	 1500.0	    0.0	  200.0	    0.0	 1500.0	    0.0	  200.0	  100.0	   40.1	    0.0	    0.0	    0.0	    0.0	    8.8	  1	  750.0	 1550.0	   40.1	    0.0	    0.0	1	  216.7	 21	    0.0	    0.0	
  139	  13.90	  513.9	 1608.3	    8.4	    0.0	 1500.0	    0.0	  200.0	    0.0	 1500.0	    0.0	  200.0	  100.0	   39.6	    0.0	    0.0	    0.0	    0.0	    8.9	  1	  750.0	 1550.0	   39.6	    0.0	    0.0	1	  216.8	 21	    0.0	    0.0	
  140	  14.00	  513.9	 1608.3	    9.0	    0.0	 1500.0	    0.0	  200.0	    0.0	 1500.0	    0.0	  200.0	  100.0	   39.2	    0.0	    0.0	    0.0	    0.0	    9.0	  1	  750.0	 1550.0	   39.2	    0.0	    0.0	1	  216.8	 21	    0.0	    0.0	
  141	  14.10	  513.9	 1608.3	    9.9	    0.0	 1500.0	    0.0	  200.0	    0.0	 1500.0	    0.0	  200.0	  100.0	   38.7	    0.0	    0.0	    0.0	    0.0	    9.0	  1	  750.0	 1550.0	   38.7	    0.0	    0.0	1	  216.9	 21	    0.0	    0.0	
  142	  14.20	  513.9	 1608.3	   11.0	    0.0	 1500.0	    0.0	  200.0	    0.0	 1500.0	    0.0	  200.0	  100.0	   38.2	    0.0	    0.0	    0.0	    0.0	    9.1	  1	  750.0	 1550.0	   38.2	    0.0	    0.0	1	  216.9	 21	 1399.8	   20.0	
  143	  14.30	  513.9	 1608.3	   12.7	    0.0	 1500.0	    0.0	  200.0	    0.0	 1500.0	    0.0	  200.0	  100.0	   37.8	    0.0	    0.0	    0.0	    0.0	    9.2	  1	  750.0	 1550.0	   37.8	    0.0	    0.0	1	  216.3	 21	 1397.9	   19.8	
  144	  14.40	  513.9	 1608.3	  -13.6	    0.0	 1500.0	    0.0	  200.0	    0.0	 1500.0	    0.0	  200.0	  100.0	   37.3	    0.0	    0.0	    0.0	    0.0	    9.2	  1	  750.0	 1550.0	   37.3	    0.0	    0.0	1	  216.4	 21	 1396.0	   19.6	
  145	  14.50	  513.9	 1608.3	  -44.1	    0.0	 1500.0	    0.0	  200.0	    0.0	 1500.0	    0.0	  200.0	  100.0	   36.8	    0.0	    0.0	    0.0	    0.0	    9.3	  1	  750.0	 1550.0	   36.8	    0.0	    0.0	1	  216.4	 21	 1394.1	   19.4	
  146	  14.60	  513.9	 1608.3	 -174.1	    0.0	 1500.0	    0.0	  200.0	    0.0	 1500.0	    0.0	  200.0	  100.0	   36.4	    0.0	    0.0	    0.0	    0.0	    9.4	  1	  750.0	 1550.0	   36.4	    0.0	    0.0	1	  216.5	 21	 1392.3	   19.2	
  147	  14.70	  513.9	 1608.3	 -176.0	    0.0	 1500.0	    0.0	  200.0	    0.0	 1500.0	    0.0	  200.0	  100.0	   35.9	    0.0	    0.0	    0.0	    0.0	    9.4	  1	  750.0	 1550.0	   35.9	    0.0	    0.0	1	  216.5	 21	 1390.4	   19.0	
  148	  14.80	  513.9	 1608.3	 -176.2	    0.0	 1500.0	    0.0	  200.0	    0.0	 1500.0	    0.0	  200.0	  100.0	   35.4	    0.0	    0.0	    0.0	    0.0	    9.5	  1	  750.0	 1550.0	   35.4	    0.0	    0.0	1	  216.5	 21	 1388.5	   18.9	
  149	  14.90	  513.9	 1608.3	 -176.5	    0.0	 1500.0	    0.0	  200.0	    0.0	 1500.0	    0.0	  200.0	  100.0	   35.0	    0.0	    0.0	    0.0	    0.0	    9.6	  1	  750.0	 1550.0	   35.0	    0.0	    0.0	1	  216.6	 21	 1386.6	   18.7	
  150	  15.00	  513.9	 1608.3	 -176.9	    0.0	 1500.0	    0.0	  200.0	    0.0	 1500.0	    0.0	  200.0	  100.0	   34.5	    0.0	    0.0	    0.0	    0.0	    9.6	  1	  750.0	 1550.0	   34.5	    0.0	    0.0	1	  216.6	 21	 1384.8	   18.5	
  151	  15.10	  513.9	 1608.3	 -177.4	    0.0	 1500.0	    0.0	  200.0	    0.0	 1500.0	    0.0	  200.0	  100.0	   34.0	    0.0	    0.0	    0.0	    0.0	    9.7	  1	  750.0	 1550.0	   34.0	    0.0	    0.0	1	  216.7	 21	 1382.9	   18.3	
  152	  15.20	  513.9	 1608.3	 -178.1	    0.0	 1500.0	    0.0	  200.0	    0.0	 1500.0	    0.0	  200.0	  100.0	   33.6	    0.0	    0.0	    0.0	    0.0	    9.8	  1	  750.0	 1550.0	   33.6	    0.0	    0.0	1	  216.8	 21	 1381.0	   18.1	
  153	  15.30	  513.9	 1608.3	 -178.9	    0.0	 1500.0	    0.0	  200.0	    0.0	 1500.0	    0.0	  200.0	  100.0	   33.1	    0.0	    0.0	    0.0	    0.0	    9.8	  1	  750.0	 1550.0	   33.1	    0.0	    0.0	1	  216.8	 21	 1379.2	   17.9	
  154	  15.40	  513.9	 1608.3	 -180.0	    0.0	 1500.0	    0.0	  200.0	    0.0	 1500.0	    0.0	  200.0	  100.0	   32.6	    0.0	    0.0	    0.0	    0.0	    9.9	  1	  750.0	 1550.0	   32.6	    0.0	    0.0	1	  216.9	 21	 1377.3	   17.7	
  155	  15.50	  513.9	 1608.3	  178.6	    0.0	 1500.0	    0.0	  200.0	    0.0	 1500.0	    0.0	  200.0	  100.0	   32.2	    0.0	    0.0	    0.0	    0.0	   10.0	  1	  750.0	 1550.0	   32.2	    0.0	    0.0	1	  216.9	 21	 1375.4	   17.5	
  156	  15.60	  513.9	 1608.3	  176.9	    0.0	 1500.0	    0.0	  200.0	    0.0	 1500.0	    0.0	  200.0	  100.0	   31.7	    0.0	    0.0	    0.0	    0.0	   10.1	  1	  750.0	 1550.0	   31.7	    0.0	    0.0	1	  217.0	 21	 1373.5	   17.4	
  157	  15.70	  513.9	 1608.3	  174.6	    0.0	 1500.0	    0.0	  200.0	    0.0	 1500.0	    0.0	  200.0	  100.0	   31.2	    0.0	    0.0	    0.0	    0.0	   10.1	  1	  750.0	 1550.0	   31.2	    0.0	    0.0	1	  216.4	 21	 1371.7	   17.2	
  158	  15.80	  513.9	 1608.3	 -150.7	    0.0	 1500.0	    0.0	  200.0	    0.0	 1500.0	    0.0	  200.0	  100.0	   30.8	    0.0	    0.0	    0.0	    0.0	   10.2	  1	  750.0	 1550.0	   30.8	    0.0	    0.0	1	  216.4	 21	 1369.8	   17.0	
  159	  15.90	  513.9	 1608.3	 -154.0	    0.0	 1500.0	    0.0	  200.0	    0.0	 1500.0	    0.0	  200.0	  100.0	   30.3	    0.0	    0.0	    0.0	    0.0	   10.3	  1	  750.0	 1550.0	   30.3	    0.0	    0.0	1	  216.5	 21	 1367.9	   16.8	
  160	  16.00	  513.9	 1608.3	 -158.6	    0.0	 1500.0	    0.0	  200.0	    0.0	 1500.0	    0.0	  200.0	  100.0	   29.8	    0.0	    0.0	    0.0	    0.0	   10.3	  1	  750.0	 1550.0	   29.8	    0.0	    0.0	1	  216.5	 21	 1366.0	   16.6	
  161	  16.10	  513.9	 1608.3	 -164.8	    0.0	 1500.0	    0.0	  200.0	    0.0	 1500.0	    0.0	  200.0	  100.0	   29.4	    0.0	    0.0	    0.0	    0.0	   10.4	  1	  750.0	 1550.0	   29.4	    0.0	    0.0	1	  216.6	 21	 1364.2	   16.4	
  162	  16.20	  513.9	 1608.3	 -173.2	    0.0	 1500.0	    0.0	  200.0	    0.0	 1500.0	    0.0	  200.0	  100.0	   28.9	    0.0	    0.0	    0.0	    0.0	   10.5	  1	  750.0	 1550.0	   28.9	    0.0	    0.0	1	  216.6	 21	 1362.3	   16.2	
  163	  16.30	  513.9	 1608.3	  175.8	    0.0	 1500.0	    0.0	  200.0	    0.0	 1500.0	    0.0	  200.0	  100.0	   28.4	    0.0	    0.0	    0.0	    0.0	   10.5	  1	  750.0	 1550.0	   28.4	    0.0	    0.0	1	  216.7	 21	 1360.4	   16.0	
  164	  16.40	  513.9	 1608.3	  162.5	    0.0	 1500.0	    0.0	  200.0	    0.0	 1500.0	    0.0	  200.0	  100.0	   28.0	    0.0	    0.0	    0.0	    0.0	   10.6	  1	  750.0	 1550.0	   28.0	    0.0	    0.0	1	  216.7	 21	 1358.6	   15.9	
  165	  16.50	  513.9	 1608.3	  148.5	    0.0	 1500.0	    0.0	  200.0	    0.0	 1500.0	    0.0	  200.0	  100.0	   27.5	    0.0	    0.0	    0.0	    0.0	   10.7	  1	  750.0	 1550.0	   27.5	    0.0	    0.0	1	  216.8	 21	 1356.7	   15.7	
  166	  16.60	  513.9	 1608.3	  135.5	    0.0	 1500.0	    0.0	  200.0	    0.0	 1500.0	    0.0	  200.0	  100.0	   27.0	    0.0	    0.0	    0.0	    0.0	   10.7	  1	  750.0	 1550.0	   27.0	    0.0	    0.0	1	  216.8	 21	 1354.8	   15.5	
  167	  16.70	  513.9	 1608.3	  125.2	    0.0	 1500.0	    0.0	  200.0	    0.0	 1500.0	    0.0	  200.0	  100.0	   26.6	    0.0	    0.0	    0.0	    0.0	   10.8	  1	  750.0	 1550.0	   26.6	    0.0	    0.0	1	  216.9	 21	 1352.9	   15.3	
  168	  16.80	  513.9	 1608.3	  117.3	    0.0	 1500.0	    0.0	  200.0	    0.0	 1500.0	    0.0	  200.0	  100.0	   26.1	    0.0	    0.0	    0.0	    0.0	   10.9	  1	  750.0	 1550.0	   26.1	    0.0	    0.0	1	  216.9	 21	 1351.1	   15.1	
  169	  16.90	  513.9	 1608.3	  111.6	    0.0	 1500.0	    0.0	  200.0	    0.0	 1500.0	    0.0	  200.0	  100.0	   25.6	    0.0	    0.0	    0.0	    0.0	   10.9	  1	  750.0	 1550.0	   25.6	    0.0	    0.0	1	  217.0	 21	 1349.2	   14.9	
  170	  17.00	  513.9	 1608.3	  107.5	    0.0	 1500.0	    0.0	  200.0	    0.0	 1500.0	    0.0	  200.0	  100.0	   25.2	    0.0	    0.0	    0.0	    0.0	   11.0	  1	  750.0	 1550.0	   25.2	    0.0	    0.0	1	  216.4	 21	 1347.3	   14.7	
  171	  17.10	  513.9	 1608.3	  -90.1	    0.0	 1500.0	    0.0	  200.0	    0.0	 1500.0	    0.0	  200.0	  100.0	   24.7	    0.0	    0.0	    0.0	    0.0	   11.1	  1	  750.0	 1550.0	   24.7	    0.0	    0.0	1	  216.4	 21	 1345.5	   14.5	
  172	  17.20	  513.9	 1608.3	   -8.6	    0.0	 1500.0	    0.0	  200.0	    0.0	 1500.0	    0.0	  200.0	  100.0	   24.2	    0.0	    0.0	    0.0	    0.0	   11.1	  1	  750.0	 1550.0	   24.2	    0.0	    0.0	1	  216.5	 21	 1343.6	   14.4	
  173	  17.30	  513.9	 1608.3	    3.1	    0.0	 1500.0	    0.0	  200.0	    0.0	 1500.0	    0.0	  200.0	  100.0	   23.8	    0.0	    0.0	    0.0	    0.0	   11.2	  1	  750.0	 1550.0	   23.8	    0.0	    0.0	1	  216.5	 21	 1341.7	   14.2	
  174	  17.40	  513.9	 1608.3	    3.6	    0.0	 1500.0	    0.0	  200.0	    0.0	 1500.0	    0.0	  200.0	  100.0	   23.3	    0.0	    0.0	    0.0	    0.0	   11.3	  1	  750.0	 1550.0	   23.3	    0.0	    0.0	1	  216.6	 21	 1339.8	   14.0	
  175	  17.50	  513.9	 1608.3	    4.1	    0.0	 1500.0	    0.0	  200.0	    0.0	 1500.0	    0.0	  200.0	  100.0	   22.8	    0.0	    0.0	    0.0	    0.0	   11.3	  1	  750.0	 1550.0	   22.8	    0.0	    0.0	1	  216.6	 21	 1338.0	   13.8	
  176	  17.60	  513.9	 1608.3	    4.8	    0.0	 1500.0	    0.0	  200.0	    0.0	 1500.0	    0.0	  200.0	  100.0	   22.4	    0.0	    0.0	    0.0	    0.0	   11.4	  1	  750.0	 1550.0	   22.4	    0.0	    0.0	1	  216.7	 21	 1336.1	   13.6	
  177	  17.70	  513.9	 1608.3	    5.6	    0.0	 1500.0	    0.0	  200.0	    0.0	 1500.0	    0.0	  200.0	  100.0	   21.9	    0.0	    0.0	    0.0	    0.0	   11.5	  1	  750.0	 1550.0	   21.9	    0.0	    0.0	1	  216.7	 21	 1334.2	   13.4	
  178	  17.80	  513.9	 1608.3	    6.8	    0.0	 1500.0	    0.0	  200.0	    0.0	 1500.0	    0.0	  200.0	  100.0	   21.4	    0.0	    0.0	    0.0	    0.0	   11.5	  1	  750.0	 1550.0	   21.4	    0.0	    0.0	1	  216.8	 21	 1332.4	   13.2	
  179	  17.90	  513.9	 1608.3	    8.5	    0.0	 1500.0	    0.0	  200.0	    0.0	 1500.0	    0.0	  200.0	  100.0	   21.0	    0.0	    0.0	    0.0	    0.0	   11.6	  1	  750.0	 1550.0	   21.0	    0.0	    0.0	1	  216.8	 21	 1330.5	   13.0	
  180	  18.00	  513.9	 1608.3	   11.0	    0.0	 1500.0	    0.0	  200.0	    0.0	 1500.0	    0.0	  200.0	  100.0	   20.5	    0.0	    0.0	    0.0	    0.0	   11.7	  1	  750.0	 1550.0	   20.5	    0.0	    0.0	1	  216.9	 21	 1328.6	   12.9	
  181	  18.10	  513.9	 1608.3	   15.9	    0.0	 1500.0	    0.0	  200.0	    0.0	 1500.0	    0.0	  200.0	  100.0	   20.0	    0.0	    0.0	    0.0	    0.0	   11.7	  1	  750.0	 1550.0	   20.0	    0.0	    0.0	1	  217.0	 21	 1326.8	   12.7	
  182	  18.20	  513.9	 1608.3	   44.7	    0.0	 1500.0	    0.0	  200.0	    0.0	 1500.0	    0.0	  200.0	  100.0	   19.6	    0.0	    0.0	    0.0	    0.0	   11.8	  1	  750.0	 1550.0	   19.6	    0.0	    0.0	1	  217.0	 21	 1324.9	   12.5	
  183	  18.30	  513.9	 1608.3	 -178.7	    0.0	 1500.0	    0.0	  200.0	    0.0	 1500.0	    0.0	  200.0	  100.0	   19.1	    0.0	    0.0	    0.0	    0.0	   11.9	  1	  750.0	 1550.0	   19.1	    0.0	    0.0	1	  216.4	 21	 1323.0	   12.3	
  184	  18.40	  513.9	 1608.3	 -173.6	    0.0	 1500.0	    0.0	  200.0	    0.0	 1500.0	    0.0	  200.0	  100.0	   18.6	    0.0	    0.0	    0.0	    0.0	   11.9	  1	  750.0	 1550.0	   18.6	    0.0	    0.0	1	  216.4	 21	 1321.1	   12.1	
  185	  18.50	  513.9	 1608.3	 -173.8	    0.0	 1500.0	    0.0	  200.0	    0.0	 1500.0	    0.0	  200.0	  100.0	   18.2	    0.0	    0.0	    0.0	    0.0	   12.0	  1	  750.0	 1550.0	   18.2	    0.0	    0.0	1	  216.5	 21	 1319.3	   11.9	
  186	  18.60	  513.9	 1608.3	 -174.1	    0.0	 1500.0	    0.0	  200.0	    0.0	 1500.0	    0.0	  200.0	  100.0	   17.7	    0.0	    0.0	    0.0	    0.0	   12.1	  1	  750.0	 1550.0	   17.7	    0.0	    0.0	1	  216.5	 21	 1317.4	   11.7	
  187	  18.70	  513.9	 1608.3	 -174.5	    0.0	 1500.0	    0.0	  200.0	    0.0	 1500.0	    0.0	  200.0	  100.0	   17.2	    0.0	    0.0	    0.0	    0.0	   12.1	  1	  750.0	 1550.0	   17.2	    0.0	    0.0	1	  216.6	 21	 1315.5	   11.6	
  188	  18.80	  513.9	 1608.3	 -175.0	    0.0	 1500.0	    0.0	  200.0	    0.0	 1500.0	    0.0	  200.0	  100.0	   16.8	    0.0	    0.0	    0.0	    0.0	   12.2	  1	  750.0	 1550.0	   16.8	    0.0	    0.0	1	  216.6	 21	 1313.7	   11.4	
  189	  18.90	  513.9	 1608.3	 -175.6	    0.0	 1500.0	    0.0	  200.0	    0.0	 1500.0	    0.0	  200.0	  100.0	   16.3	    0.0	    0.0	    0.0	    0.0	   12.3	  1	  750.0	 1550.0	   16.3	    0.0	    0.0	1	  216.7	 21	 1311.8	   11.2	
  190	  19.00	  513.9	 1608.3	 -176.3	    0.0	 1500.0	    0.0	  200.0	    0.0	 1500.0	    0.0	  200.0	  100.0	   15.8	    0.0	    0.0	    0.0	    0.0	   12.4	  1	  750.0	 1550.0	   15.8	    0.0	    0.0	1	  216.7	 21	 1309.9	   11.0	
  191	  19.10	  513.9	 1608.3	 -177.4	    0.0	 1500.0	    0.0	  200.0	    0.0	 1500.0	    0.0	  200.0	  100.0	   15.4	    0.0	    0.0	    0.0	    0.0	   12.4	  1	  750.0	 1550.0	   15.4	    0.0	    0.0	1	  216.8	 21	 1308.1	   10.8	
  192	  19.20	  513.9	 1608.3	 -178.7	    0.0	 1500.0	    0.0	  200.0	    0.0	 1500.0	    0.0	  200.0	  100.0	   14.9	    0.0	    0.0	    0.0	    0.0	   12.5	  1	  750.0	 1550.0	   14.9	    0.0	    0.0	1	  216.9	 21	 1306.2	   10.6	
  193	  19.30	  513.9	 1608.3	  179.7	    0.0	 1500.0	    0.0	  200.0	    0.0	 1500.0	    0.0	  200.0	  100.0	   14.4	    0.0	    0.0	    0.0	    0.0	   12.6	  1	  750.0	 1550.0	   14.4	    0.0	    0.0	1	  216.9	 21	 1304.3	   10.4	
  194	  19.40	  513.9	 1608.3	  177.5	    0.0	 1500.0	    0.0	  200.0	    0.0	 1500.0	    0.0	  200.0	  100.0	   14.0	    0.0	    0.0	    0.0	    0.0	   12.6	  1	  750.0	 1550.0	   14.0	    0.0	    0.0	1	  217.0	 21	 1302.5	   10.2	
  195	  19.50	  513.9	 1608.3	  174.7	    0.0	 1500.0	    0.0	  200.0	    0.0	 1500.0	    0.0	  200.0	  100.0	   13.5	    0.0	    0.0	    0.0	    0.0	   12.7	  1	  750.0	 1550.0	   13.5	    0.0	    0.0	1	  217.0	 21	 1300.6	   10.1	
  196	  19.60	  513.9	 1608.3	  171.3	    0.0	 1500.0	    0.0	  200.0	    0.0	 1500.0	    0.0	  200.0	  100.0	   13.0	    0.0	    0.0	    0.0	    0.0	   12.8	  1	  750.0	 1550.0	   13.0	    0.0	    0.0	1	  216.4	 21	    0.0	    9.9	
  197	  19.70	  513.9	 1608.3	 -139.6	    0.0	 1500.0	    0.0	  200.0	    0.0	 1500.0	    0.0	  200.0	  100.0	   12.6	    0.0	    0.0	    0.0	    0.0	   12.8	  1	  750.0	 1550.0	   12.6	    0.0	    0.0	1	  216.4	 21	    0.0	    9.7	
  198	  19.80	  513.9	 1608.3	 -143.8	    0.0	 1500.0	    0.0	  200.0	    0.0	 1500.0	    0.0	  200.0	  100.0	   12.1	    0.0	    0.0	    0.0	    0.0	   12.9	  1	  750.0	 1550.0	   12.1	    0.0	    0.0	1	  216.5	 21	    0.0	    9.5	
  199	  19.90	  513.9	 1608.3	 -149.8	    0.0	 1500.0	    0.0	  200.0	    0.0	 1500.0	    0.0	  200.0	  100.0	   11.7	    0.0	    0.0	    0.0	    0.0	   13.0	  1	  750.0	 1550.0	   11.7	    0.0	    0.0	1	  216.5	 21	    0.0	    9.3	
  200	  20.00	  513.9	 1608.3	 -158.7	    0.0	 1500.0	    0.0	  200.0	    0.0	 1500.0	    0.0	  200.0	  100.0	   11.2	    0.0	    0.0	    0.0	    0.0	   13.0	  1	  750.0	 1550.0	   11.2	    0.0	    0.0	1	  216.6	 21	    0.0	    9.1	
  201	  20.10	  513.9	 1608.3	 -171.4	    0.0	 1500.0	    0.0	  200.0	    0.0	 1500.0	    0.0	  200.0	  100.0	   10.7	    0.0	    0.0	    0.0	    0.0	   13.1	  1	  750.0	 1550.0	   10.7	    0.0	    0.0	1	  216.6	 21	    0.0	    8.9	
  202	  20.20	  513.9	 1608.3	  171.6	    0.0	 1500.0	    0.0	  200.0	    0.0	 1500.0	    0.0	  200.0	  100.0	   10.3	    0.0	    0.0	    0.0	    0.0	   13.2	  1	  750.0	 1550.0	   10.3	    0.0	    0.0	1	  216.7	 21	    0.0	    8.8	
  203	  20.30	  513.9	 1608.3	  152.6	    0.0	 1500.0	    0.0	  200.0	    0.0	 1500.0	    0.0	  200.0	  100.0	    9.8	    0.0	    0.0	    0.0	    0.0	   13.2	  1	  750.0	 1550.0	    9.8	    0.0	    0.0	1	  216.8	 21	    0.0	    8.6	
  204	  20.40	  513.9	 1608.3	  136.1	    0.0	 1500.0	    0.0	  200.0	    0.0	 1500.0	    0.0	  200.0	  100.0	    9.3	    0.0	    0.0	    0.0	    0.0	   13.3	  1	  750.0	 1550.0	    9.3	    0.0	    0.0	1	  216.8	 21	    0.0	    8.4	
  205	  20.50	  513.9	 1608.3	  123.9	    0.0	 1500.0	    0.0	  200.0	    0.0	 1500.0	    0.0	  200.0	  100.0	    8.9	    0.0	    0.0	    0.0	    0.0	   13.4	  1	  750.0	 1550.0	    8.9	    0.0	    0.0	1	  216.9	 21	    0.0	    8.2	
  206	  20.60	  513.9	 1608.3	  115.5	    0.0	 1500.0	    0.0	  200.0	    0.0	 1500.0	    0.0	  200.0	  100.0	    8.4	    0.0	    0.0	    0.0	    0.0	   13.4	  1	  750.0	 1550.0	    8.4	    0.0	    0.0	1	  216.9	 21	    0.0	    8.0	
  207	  20.70	  513.9	 1608.3	  109.8	    0.0	 1500.0	    0.0	  200.0	    0.0	 1500.0	    0.0	  200.0	  100.0	    7.9	    0.0	    0.0	    0.0	    0.0	   13.5	  1	  750.0	 1550.0	    7.9	    0.0	    0.0	1	  217.0	 21	    0.0	    7.8	
  208	  20.80	  513.9	 1608.3	  105.9	    0.0	 1500.0	    0.0	  200.0	    0.0	 1500.0	    0.0	  200.0	  100.0	    7.5	    0.0	    0.0	    0.0	    0.0	   13.6	  1	  750.0	 1550.0	    7.5	    0.0	    0.0	1	  217.1	 21	    0.0	    7.6	
  209	  20.90	  513.9	 1608.3	  103.2	    0.0	 1500.0	    0.0	  200.0	    0.0	 1500.0	    0.0	  200.0	  100.0	    7.0	    0.0	    0.0	    0.0	    0.0	   13.6	  1	  750.0	 1550.0	    7.0	    0.0	    0.0	1	  216.4	 21	    0.0	    7.5	
  210	  21.00	  513.9	 1608.3	  -82.9	    0.0	 1500.0	    0.0	  200.0	    0.0	 1500.0	    0.0	  200.0	  100.0	    6.5	    0.0	    0.0	    0.0	    0.0	   13.7	  1	  750.0	 1550.0	    6.5	    0.0	    0.0	1	  216.5	 21	    0.0	    7.3	
  211	  21.10	  513.9	 1608.3	   -2.2	    0.0	 1500.0	    0.0	  200.0	    0.0	 1500.0	    0.0	  200.0	  100.0	    6.1	    0.0	    0.0	    0.0	    0.0	   13.8	  1	  750.0	 1550.0	    6.1	    0.0	    0.0	1	  216.5	 21	    0.0	    7.1	
  212	  21.20	  513.9	 1608.3	    3.3	    0.0	 1500.0	    0.0	  200.0	    0.0	 1500.0	    0.0	  200.0	  100.0	    5.6	    0.0	    0.0	    0.0	    0.0	   13.8	  1	  750.0	 1550.0	    5.6	    0.0	    0.0	1	  216.6	 21	    0.0	    6.9	
  213	  21.30	  513.9	 1608.3	    3.8	    0.0	 1500.0	    0.0	  200.0	    0.0	 1500.0	    0.0	  200.0	  100.0	    5.1	    0.0	    0.0	    0.0	    0.0	   13.9	  1	  750.0	 1550.0	    5.1	    0.0	    0.0	1	  216.6	 21	    0.0	    6.7	
  214	  21.40	  513.9	 1608.3	    4.3	    0.0	 1500.0	    0.0	  200.0	    0.0	 1500.0	    0.0	  200.0	  100.0	    4.7	    0.0	    0.0	    0.0	    0.0	   14.0	  1	  750.0	 1550.0	    4.7	    0.0	    0.0	1	  216.7	 21	    0.0	    6.5	
  215	  21.50	  513.9	 1608.3	    5.0	    0.0	 1500.0	    0.0	  200.0	    0.0	 1500.0	    0.0	  200.0	  100.0	    4.2	    0.0	    0.0	    0.0	    0.0	   14.0	  1	  750.0	 1550.0	    4.2	    0.0	    0.0	1	  216.7	 21	    0.0	    6.4	
  216	  21.60	  513.9	 1608.3	    6.0	    0.0	 1500.0	    0.0	  200.0	    0.0	 1500.0	    0.0	  200.0	  100.0	    3.7	    0.0	    0.0	    0.0	    0.0	   14.1	  1	  750.0	 1650.0	    3.7	    0.0	    0.0	1	  222.6	 21	    0.0	    6.2	
  217	  21.70	  513.9	 1608.3	   57.3	    0.0	 1500.0	    0.0	  200.0	    0.0	 1500.0	    0.0	  200.0	  100.0	    3.3	    0.0	    0.0	    0.0	    0.0	   14.2	  1	  750.0	 1650.0	    3.3	    0.0	    0.0	1	  222.6	 21	    0.0	    6.0	
  218	  21.80	  513.9	 1608.3	  146.1	    0.0	 1500.0	    0.0	  200.0	    0.0	 1500.0	    0.0	  200.0	  100.0	    2.8	    0.0	    0.0	    0.0	    0.0	   14.2	  1	  750.0	 1650.0	    2.8	    0.0	    0.0	1	  222.6	 21	    0.0	    5.8	
  219	  21.90	  513.9	 1608.3	 -177.2	    0.0	 1500.0	    0.0	  200.0	    0.0	 1500.0	    0.0	  200.0	  100.0	    2.3	    0.0	    0.0	    0.0	    0.0	   14.3	  1	  750.0	 1650.0	    2.3	    0.0	    0.0	1	  222.6	 21	    0.0	    5.7	
  220	  22.00	  513.9	 1608.3	 -177.2	    0.0	 1500.0	    0.0	  200.0	    0.0	 1500.0	    0.0	  200.0	  100.0	    1.9	    0.0	    0.0	    0.0	    0.0	   14.4	  1	  750.0	 1650.0	    1.9	    0.0	    0.0	1	  222.6	 21	    0.0	    5.5	
  221	  22.10	  513.9	 1608.3	 -177.2	    0.0	 1500.0	    0.0	  200.0	    0.0	 1500.0	    0.0	  200.0	  100.0	    1.4	    0.0	    0.0	    0.0	    0.0	   14.5	  1	  750.0	 1650.0	    1.4	    0.0	    0.0	1	  222.6	 21	    0.0	    5.3	
  222	  22.20	  513.9	 1608.3	 -177.2	    0.0	 1500.0	    0.0	  200.0	    0.0	 1500.0	    0.0	  200.0	  100.0	    0.9	    0.0	    0.0	    0.0	    0.0	   14.5	  1	  750.0	 1650.0	    0.9	    0.0	    0.0	1	  222.6	 21	    0.0	    5.2	
  223	  22.30	  513.9	 1608.3	 -177.2	    0.0	 1500.0	    0.0	  200.0	    0.0	 1500.0	    0.0	  200.0	  100.0	    0.5	    0.0	    0.0	    0.0	    0.0	   14.6	  1	  750.0	 1650.0	    0.5	    0.0	    0.0	1	  222.6	 21	    0.0	    5.1	
  224	  22.40	  513.9	 1608.3	 -177.2	    0.0	 1500.0	    0.0	  200.0	    0.0	 1500.0	    0.0	  200.0	  100.0	    0.0	    0.0	    0.0	    0.0	    0.0	   14.7	  1	  750.0	 1650.0	    0.0	    0.0	    0.0	1	  222.6	 21	    0.0	    5.0	
  225	  22.50	  513.9	 1608.3	 -177.2	    0.0	 1500.0	    0.0	  200.0	    0.0	 1500.0	    0.0	  200.0	  100.0	    0.0	    0.0	    0.0	    0.0	    0.0	   14.7	  1	  750.0	 1650.0	    0.0	    0.0	    0.0	1	  222.6	 21	    0.0	    5.0	
  226	  22.60	  513.9	 1608.3	 -177.2	    0.0	 1500.0	    0.0	  200.0	    0.0	 1500.0	    0.0	  200.0	  100.0	    0.0	    0.0	    0.0	    0.0	    0.0	   14.8	  1	  750.0	 1650.0	    0.0	    0.0	    0.0	1	  222.6	 21	    0.0	    5.0	
  227	  22.70	  513.9	 1608.3	 -177.2	    0.0	 1500.0	    0.0	  200.0	    0.0	 1500.0	    0.0	  200.0	  100.0	    0.0	    0.0	    0.0	    0.0	    0.0	   14.9	  1	  750.0	 1650.0	    0.0	    0.0	    0.0	1	  222.6	 21	    0.0	    5.0	
  228	  22.80	  513.9	 1608.3	 -177.2	    0.0	 1500.0	    0.0	  200.0	    0.0	 1500.0	    0.0	  200.0	  100.0	    0.0	    0.0	    0.0	    0.0	    0.0	   14.9	  1	  750.0	 1650.0	    0.0	    0.0	    0.0	1	  222.6	 21	    0.0	    5.0	
  229	  22.90	  483.0	 1622.0	 -177.2	    0.0	 1500.0	    0.0	  200.0	    0.0	 1500.0	    0.0	  200.0	  100.0	    0.0	    0.0	    0.0	    0.0	    0.0	   15.0	  1	  750.0	 1650.0	    0.0	    0.0	    0.0	1	  250.6	 21	    0.0	    5.0	
  230	  23.00	  483.0	 1622.0	  162.3	    0.0	 1500.0	    0.0	  200.0	    0.0	 1500.0	    0.0	  200.0	  100.0	    0.0	    0.0	    0.0	    0.0	    0.0	   15.1	  1	  750.0	 1650.0	    0.0	    0.0	    0.0	1	  250.6	 21	    0.0	    5.0	
  231	  23.10	  483.0	 1622.0	  162.3	    0.0	 1500.0	    0.0	  200.0	    0.0	 1500.0	    0.0	  200.0	  100.0	    0.0	    0.0	    0.0	    0.0	    0.0	   15.1	  1	  750.0	 1650.0	    0.0	    0.0	    0.0	1	  250.6	 21	    0.0	    5.0	
  232	  23.20	  483.0	 1622.0	  162.3	    0.0	 1500.0	    0.0	  200.0	    0.0	 1500.0	    0.0	  200.0	  100.0	    0.0	    0.0	    0.0	    0.0	    0.0	   15.2	  1	  750.0	 1650.0	    0.0	    0.0	    0.0	1	  250.6	 21	    0.0	    5.0	
  233	  23.30	  483.0	 1622.0	  162.3	    0.0	 1500.0	    0.0	  200.0	    0.0	 1500.0	    0.0	  200.0	  100.0	    0.0	    0.0	    0.0	    0.0	    0.0	   15.3	  1	  750.0	 1650.0	    0.0	    0.0	    0.0	1	  250.6	 21	    0.0	    5.0	
  234	  23.40	  483.0	 1622.0	  162.3	    0.0	 1500.0	    0.0	  200.0	    0.0	 1500.0	    0.0	  200.0	  100.0	    0.0	    0.0	    0.0	    0.0	    0.0	   15.3	  1	  750.0	 1650.0	    0.0	    0.0	    0.0	1	  250.6	 21	    0.0	    5.0	
  235	  23.50	  483.0	 1622.0	  162.3	    0.0	 1500.0	    0.0	  200.0	    0.0	 1500.0	    0.0	  200.0	  100.0	    0.0	    0.0	    0.0	    0.0	    0.0	   15.4	  1	  750.0	 1650.0	    0.0	    0.0	    0.0	1	  250.6	 21	    0.0	    5.0	
  236	  23.60	  483.0	 1622.0	  162.3	    0.0	 1500.0	    0.0	  200.0	    0.0	 1500.0	    0.0	  200.0	  100.0	    0.0	    0.0	    0.0	    0.0	    0.0	   15.4	  1	  750.0	 1650.0	    0.0	    0.0	    0.0	1	  250.6	 21	    0.0	    5.0	
  237	  23.70	  483.0	 1622.0	  162.3	    0.0	 1500.0	    0.0	  200.0	    0.0	 1500.0	    0.0	  200.0	  100.0	    0.0	    0.0	    0.0	    0.0	    0.0	   15.5	  1	  750.0	 1650.0	    0.0	    0.0	    0.0	1	  250.6	 21	    0.0	    5.0	
  238	  23.80	  483.0	 1622.0	  162.3	    0.0	 1500.0	    0.0	  200.0	    0.0	 1500.0	    0.0	  200.0	  100.0	    0.0	    0.0	    0.0	    0.0	    0.0	   15.6	  1	  750.0	 1650.0	    0.0	    0.0	    0.0	1	  250.6	 21	    0.0	    5.0	
  239	  23.90	  483.0	 1622.0	  162.3	    0.0	 1500.0	    0.0	  200.0	    0.0	 1500.0	    0.0	  200.0	  100.0	    0.0	    0.0	    0.0	    0.0	    0.0	   15.6	  1	  750.0	 1650.0	    0.0	    0.0	    0.0	1	  250.6	 21	    0.0	    5.0	
  240	  24.00	  483.0	 1622.0	  162.3	    0.0	 1500.0	    0.0	  200.0	    0.0	 1500.0	    0.0	  200.0	  100.0	    0.0	    0.0	    0.0	    0.0	    0.0	   15.7	  1	  750.0	 1650.0	    0.0	    0.0	    0.0	1	  250.6	 21	    0.0	    5.0	
  241	  24.10	  483.0	 1622.0	  162.3	    0.0	 1500.0	    0.0	  200.0	    0.0	 1500.0	    0.0	  200.0	  100.0	    0.0	    0.0	    0.0	    0.0	    0.0	   15.8	  1	  750.0	 1650.0	    0.0	    0.0	    0.0	1	  250.6	 21	    0.0	    5.0	
  242	  24.20	  483.0	 1622.0	  162.3	    0.0	 1500.0	    0.0	  200.0	    0.0	 1500.0	    0.0	  200.0	  100.0	    0.0	    0.0	    0.0	    0.0	    0.0	   15.8	  1	  750.0	 1650.0	    0.0	    0.0	    0.0	1	  250.6	 21	    0.0	    5.0	
  243	  24.30	  483.0	 1622.0	  162.3	    0.0	 1500.0	    0.0	  200.0	    0.0	 1500.0	    0.0	  200.0	  100.0	    0.0	    0.0	    0.0	    0.0	    0.0	   15.9	  1	  750.0	 1650.0	    0.0	    0.0	    0.0	1	  250.6	 21	    0.0	    5.0	
  244	  24.40	  483.0	 1622.0	  162.3	    0.0	 1500.0	    0.0	  200.0	    0.0	 1500.0	    0.0	  200.0	  100.0	    0.0	    0.0	    0.0	    0.0	    0.0	   16.0	  1	  750.0	 1650.0	    0.0	    0.0	    0.0	1	  250.6	 21	    0.0	    5.0	
  245	  24.50	  483.0	 1622.0	  162.3	    0.0	 1500.0	    0.0	  200.0	    0.0	 1500.0	    0.0	  200.0	  100.0	    0.0	    0.0	    0.0	    0.0	    0.0	   16.0	  1	  750.0	 1650.0	    0.0	    0.0	    0.0	1	  250.6	 21	    0.0	    5.0	
  246	  24.60	  483.0	 1622.0	  162.3	    0.0	 1500.0	    0.0	  200.0	    0.0	 1500.0	    0.0	  200.0	  100.0	    0.0	    0.0	    0.0	    0.0	    0.0	   16.1	  1	  750.0	 1650.0	    0.0	    0.0	    0.0	1	  250.6	 21	    0.0	    5.0	
  247	  24.70	  483.0	 1622.0	  162.3	    0.0	 1500.0	    0.0	  200.0	    0.0	 1500.0	    0.0	  200.0	  100.0	    0.0	    0.0	    0.0	    0.0	    0.0	   16.2	  1	  750.0	 1650.0	    0.0	    0.0	    0.0	1	  250.6	 21	    0.0	    5.0	
  248	  24.80	  483.0	 1622.0	  162.3	    0.0	 1500.0	    0.0	  200.0	    0.0	 1500.0	    0.0	  200.0	  100.0	    0.0	    0.0	    0.0	    0.0	    0.0	   16.2	  1	  750.0	 1650.0	    0.0	    0.0	    0.0	1	  250.6	 21	    0.0	    5.0	
  249	  24.90	  483.0	 1622.0	  162.3	    0.0	 1500.0	    0.0	  200.0	    0.0	 1500.0	    0.0	  200.0	  100.0	    0.0	    0.0	    0.0	    0.0	    0.0	   16.3	  1	  750.0	 1650.0	    0.0	    0.0	    0.0	1	  250.6	 21	    0.0	    5.0	
  250	  25.00	  483.0	 1622.0	  162.3	    0.0	 1500.0	    0.0	  200.0	    0.0	 1500.0	    0.0	  200.0	  100.0	    0.0	    0.0	    0.0	    0.0	    0.0	   16.4	  1	  750.0	 1650.0	    0.0	    0.0	    0.0	1	  250.6	 21	    0.0	    5.0	
  251	  25.10	  483.0	 1622.0	  162.3	    0.0	 1500.0	    0.0	  200.0	    0.0	 1500.0	    0.0	  200.0	  100.0	    0.0	    0.0	    0.0	    0.0	    0.0	   16.4	  1	  750.0	 1650.0	    0.0	    0.0	    0.0	1	  250.6	 21	    0.0	    5.0	
  252	  25.20	  483.0	 1622.0	  162.3	    0.0	 1500.0	    0.0	  200.0	    0.0	 1500.0	    0.0	  200.0	  100.0	    0.0	    0.0	    0.0	    0.0	    0.0	   16.5	  1	  750.0	 1650.0	    0.0	    0.0	    0.0	1	  250.6	 21	    0.0	    5.0	
  253	  25.30	  483.0	 1622.0	  162.3	    0.0	 1500.0	    0.0	  200.0	    0.0	 1500.0	    0.0	  200.0	  100.0	    0.0	    0.0	    0.0	    0.0	    0.0	   16.6	  1	  750.0	 1650.0	    0.0	    0.0	    0.0	1	  250.6	 21	    0.0	    5.0	
  254	  25.40	  483.0	 1622.0	  162.3	    0.0	 1500.0	    0.0	  200.0	    0.0	 1500.0	    0.0	  200.0	  100.0	    0.0	    0.0	    0.0	    0.0	    0.0	   16.6	  1	  750.0	 1650.0	    0.0	    0.0	    0.0	1	  250.6	 21	    0.0	    5.0	
  255	  25.50	  483.0	 1622.0	  162.3	    0.0	 1500.0	    0.0	  200.0	    0.0	 1500.0	    0.0	  200.0	  100.0	    0.0	    0.0	    0.0	    0.0	    0.0	   16.7	  1	  750.0	 1650.0	    0.0	    0.0	    0.0	1	  250.6	 21	    0.0	    5.0	
  256	  25.60	  483.0	 1622.0	  162.3	    0.0	 1500.0	    0.0	  200.0	    0.0	 1500.0	    0.0	  200.0	  100.0	    0.0	    0.0	    0.0	    0.0	    0.0	   16.8	  1	  750.0	 1650.0	    0.0	    0.0	    0.0	1	  250.6	 21	    0.0	    5.0	
  257	  25.70	  483.0	 1622.0	  162.3	    0.0	 1500.0	    0.0	  200.0	    0.0	 1500.0	    0.0	  200.0	  100.0	    0.0	    0.0	    0.0	    0.0	    0.0	   16.8	  1	  750.0	 1650.0	    0.0	    0.0	    0.0	1	  250.6	 21	    0.0	    5.0	
  258	  25.80	  483.0	 1622.0	  162.3	    0.0	 1500.0	    0.0	  200.0	    0.0	 1500.0	    0.0	  200.0	  100.0	    0.0	    0.0	    0.0	    0.0	    0.0	   16.9	  1	  750.0	 1650.0	    0.0	    0.0	    0.0	1	  250.6	 21	    0.0	    5.0	
  259	  25.90	  483.0	 1622.0	  162.3	    0.0	 1500.0	    0.0	  200.0	    0.0	 1500.0	    0.0	  200.0	  100.0	    0.0	    0.0	    0.0	    0.0	    0.0	   17.0	  1	  750.0	 1650.0	    0.0	    0.0	    0.0	1	  250.6	 21	    0.0	    5.0	
  260	  26.00	  483.0	 1622.0	  162.3	    0.0	 1500.0	    0.0	  200.0	    0.0	 1500.0	    0.0	  200.0	  100.0	    0.0	    0.0	    0.0	    0.0	    0.0	   17.0	  1	  750.0	 1650.0	    0.0	    0.0	    0.0	1	  250.6	 21	    0.0	    5.0	
  261	  26.10	  483.0	 1622.0	  162.3	    0.0	 1500.0	    0.0	  200.0	    0.0	 1500.0	    0.0	  200.0	  100.0	    0.0	    0.0	    0.0	    0.0	    0.0	   17.1	  1	  750.0	 1650.0	    0.0	    0.0	    0.0	1	  250.6	 21	    0.0	    5.0	
  262	  26.20	  483.0	 1622.0	  162.3	    0.0	 1500.0	    0.0	  200.0	    0.0	 1500.0	    0.0	  200.0	  100.0	    0.0	    0.0	    0.0	    0.0	    0.0	   17.2	  1	  750.0	 1650.0	    0.0	    0.0	    0.0	1	  250.6	 21	    0.0	    5.0	
  263	  26.30	  483.0	 1622.0	  162.3	    0.0	 1500.0	    0.0	  200.0	    0.0	 1500.0	    0.0	  200.0	  100.0	    0.0	    0.0	    0.0	    0.0	    0.0	   17.3	  1	  750.0	 1650.0	    0.0	    0.0	    0.0	1	  250.6	 21	    0.0	    5.0	
  264	  26.40	  483.0	 1622.0	  162.3	    0.0	 1500.0	    0.0	  200.0	    0.0	 1500.0	    0.0	  200.0	  100.0	    0.0	    0.0	    0.0	    0.0	    0.0	   17.3	  1	  750.0	 1650.0	    0.0	    0.0	    0.0	1	  250.6	 21	    0.0	    5.0	
  265	  26.50	  483.0	 1622.0	  162.3	    0.0	 1500.0	    0.0	  200.0	    0.0	 1500.0	    0.0	  200.0	  100.0	    0.0	    0.0	    0.0	    0.0	    0.0	   17.4	  1	  750.0	 1650.0	    0.0	    0.0	    0.0	1	  250.6	 21	    0.0	    5.0	
  266	  26.60	  483.0	 1622.0	  162.3	    0.0	 1500.0	    0.0	  200.0	    0.0	 1500.0	    0.0	  200.0	  100.0	    0.0	    0.0	    0.0	    0.0	    0.0	   17.5	  1	  750.0	 1650.0	    0.0	    0.0	    0.0	1	  250.6	 21	    0.0	    5.0	
  267	  26.70	  483.0	 1622.0	  162.3	    0.0	 1500.0	    0.0	  200.0	    0.0	 1500.0	    0.0	  200.0	  100.0	    0.0	    0.0	    0.0	    0.0	    0.0	   17.5	  1	  750.0	 1650.0	    0.0	    0.0	    0.0	1	  250.6	 21	    0.0	    5.0	
  268	  26.80	  483.0	 1622.0	  162.3	    0.0	 1500.0	    0.0	  200.0	    0.0	 1500.0	    0.0	  200.0	  100.0	    0.0	    0.0	    0.0	    0.0	    0.0	   17.6	  1	  750.0	 1650.0	    0.0	    0.0	    0.0	1	  250.6	 21	    0.0	    5.0	
  269	  26.90	  483.0	 1622.0	  162.3	    0.0	 1500.0	    0.0	  200.0	    0.0	 1500.0	    0.0	  200.0	  100.0	    0.0	    0.0	    0.0	    0.0	    0.0	   17.7	  1	  750.0	 1650.0	    0.0	    0.0	    0.0	1	  250.6	 21	    0.0	    5.0	
  270	  27.00	  483.0	 1622.0	  162.3	    0.0	 1500.0	    0.0	  200.0	    0.0	 1500.0	    0.0	  200.0	  100.0	    0.0	    0.0	    0.0	    0.0	    0.0	   17.7	  1	  750.0	 1650.0	    0.0	    0.0	    0.0	1	  250.6	 21	    0.0	    5.0	
  271	  27.10	  483.0	 1622.0	  162.3	    0.0	 1500.0	    0.0	  200.0	    0.0	 1500.0	    0.0	  200.0	  100.0	    0.0	    0.0	    0.0	    0.0	    0.0	   17.8	  1	  750.0	 1650.0	    0.0	    0.0	    0.0	1	  250.6	 21	    0.0	    5.0	
  272	  27.20	  483.0	 1622.0	  162.3	    0.0	 1500.0	    0.0	  200.0	    0.0	 1500.0	    0.0	  200.0	  100.0	    0.0	    0.0	    0.0	    0.0	    0.0	   17.9	  1	  750.0	 1650.0	    0.0	    0.0	    0.0	1	  250.6	 21	    0.0	    5.0	
  273	  27.30	  483.0	 1622.0	  162.3	    0.0	 1500.0	    0.0	  200.0	    0.0	 1500.0	    0.0	  200.0	  100.0	    0.0	    0.0	    0.0	    0.0	    0.0	   17.9	  1	  750.0	 1650.0	    0.0	    0.0	    0.0	1	  250.6	 21	    0.0	    5.0	
  274	  27.40	  483.0	 1622.0	  162.3	    0.0	 1500.0	    0.0	  200.0	    0.0	 1500.0	    0.0	  200.0	  100.0	    0.0	    0.0	    0.0	    0.0	    0.0	   18.0	  1	  750.0	 1650.0	    0.0	    0.0	    0.0	1	  250.6	 21	    0.0	    5.0	
  275	  27.50	  483.0	 1622.0	  162.3	    0.0	 1500.0	    0.0	  200.0	    0.0	 1500.0	    0.0	  200.0	  100.0	    0.0	    0.0	    0.0	    0.0	    0.0	   18.1	  1	  750.0	 1650.0	    0.0	    0.0	    0.0	1	  250.6	 21	    0.0	    5.0	
  276	  27.60	  483.0	 1622.0	  162.3	    0.0	 1500.0	    0.0	  200.0	    0.0	 1500.0	    0.0	  200.0	  100.0	    0.0	    0.0	    0.0	    0.0	    0.0	   18.1	  1	  750.0	 1650.0	    0.0	    0.0	    0.0	1	  250.6	 21	    0.0	    5.0	
  277	  27.70	  483.0	 1622.0	  162.3	    0.0	 1500.0	    0.0	  200.0	    0.0	 1500.0	    0.0	  200.0	  100.0	    0.0	    0.0	    0.0	    0.0	    0.0	   18.2	  1	  750.0	 1650.0	    0.0	    0.0	    0.0	1	  250.6	 21	    0.0	    5.0	
  278	  27.80	  483.0	 1622.0	  162.3	    0.0	 1500.0	    0.0	  200.0	    0.0	 1500.0	    0.0	  200.0	  100.0	    0.0	    0.0	    0.0	    0.0	    0.0	   18.3	  1	  750.0	 1650.0	    0.0	    0.0	    0.0	1	  250.6	 21	    0.0	    5.0	
  279	  27.90	  483.0	 1622.0	  162.3	    0.0	 1500.0	    0.0	  200.0	    0.0	 1500.0	    0.0	  200.0	  100.0	    0.0	    0.0	    0.0	    0.0	    0.0	   18.3	  1	  750.0	 1650.0	    0.0	    0.0	    0.0	1	  250.6	 21	    0.0	    5.0	
  280	  28.00	  483.0	 1622.0	  162.3	    0.0	 1500.0	    0.0	  200.0	    0.0	 1500.0	    0.0	  200.0	  100.0	    0.0	    0.0	    0.0	    0.0	    0.0	   18.4	  1	  750.0	 1650.0	    0.0	    0.0	    0.0	1	  250.6	 21	    0.0	    5.0	
  281	  28.10	  483.0	 1622.0	  162.3	    0.0	 1500.0	    0.0	  200.0	    0.0	 1500.0	    0.0	  200.0	  100.0	    0.0	    0.0	    0.0	    0.0	    0.0	   18.5	  1	  750.0	 1650.0	    0.0	    0.0	    0.0	1	  250.6	 21	    0.0	    5.0	
  282	  28.20	  483.0	 1622.0	  162.3	    0.0	 1500.0	    0.0	  200.0	    0.0	 1500.0	    0.0	  200.0	  100.0	    0.0	    0.0	    0.0	    0.0	    0.0	   18.5	  1	  750.0	 1650.0	    0.0	    0.0	    0.0	1	  250.6	 21	    0.0	    5.0	
  283	  28.30	  483.0	 1622.0	  162.3	    0.0	 1500.0	    0.0	  200.0	    0.0	 1500.0	    0.0	  200.0	  100.0	    0.0	    0.0	    0.0	    0.0	    0.0	   18.6	  1	  750.0	 1650.0	    0.0	    0.0	    0.0	1	  250.6	 21	    0.0	    5.0	
  284	  28.40	  483.0	 1622.0	  162.3	    0.0	 1500.0	    0.0	  200.0	    0.0	 1500.0	    0.0	  200.0	  100.0	    0.0	    0.0	    0.0	    0.0	    0.0	   18.7	  1	  750.0	 1650.0	    0.0	    0.0	    0.0	1	  250.6	 21	    0.0	    5.0	
  285	  28.50	  483.0	 1622.0	  162.3	    0.0	 1500.0	    0.0	  200.0	    0.0	 1500.0	    0.0	  200.0	  100.0	    0.0	    0.0	    0.0	    0.0	    0.0	   18.7	  1	  750.0	 1650.0	    0.0	    0.0	    0.0	1	  250.6	 21	    0.0	    5.0	
  286	  28.60	  483.0	 1622.0	  162.3	    0.0	 1500.0	    0.0	  200.0	    0.0	 1500.0	    0.0	  200.0	  100.0	    0.0	    0.0	    0.0	    0.0	    0.0	   18.8	  1	  750.0	 1650.0	    0.0	    0.0	    0.0	1	  250.6	 21	    0.0	    5.0	
  287	  28.70	  483.0	 1622.0	  162.3	    0.0	 1500.0	    0.0	  200.0	    0.0	 1500.0	    0.0	  200.0	  100.0	    0.0	    0.0	    0.0	    0.0	    0.0	   18.9	  1	  750.0	 1650.0	    0.0	    0.0	    0.0	1	  250.6	 21	    0.0	    5.0	
  288	  28.80	  483.0	 1622.0	  162.3	    0.0	 1500.0	    0.0	  200.0	    0.0	 1500.0	    0.0	  200.0	  100.0	    0.0	    0.0	    0.0	    0.0	    0.0	   18.9	  1	  750.0	 1650.0	    0.0	    0.0	    0.0	1	  250.6	 21	    0.0	    5.0	
  289	  28.90	  483.0	 1622.0	  162.3	    0.0	 1500.0	    0.0	  200.0	    0.0	 1500.0	    0.0	  200.0	  100.0	    0.0	    0.0	    0.0	    0.0	    0.0	   19.0	  1	  750.0	 1650.0	    0.0	    0.0	    0.0	1	  250.6	 21	    0.0	    5.0	
  290	  29.00	  483.0	 1622.0	  162.3	    0.0	 1500.0	    0.0	  200.0	    0.0	 1500.0	    0.0	  200.0	  100.0	    0.0	    0.0	    0.0	    0.0	    0.0	   19.1	  1	  750.0	 1650.0	    0.0	    0.0	    0.0	1	  250.6	 21	    0.0	    5.0	
  291	  29.10	  483.0	 1622.0	  162.3	    0.0	 1500.0	    0.0	  200.0	    0.0	 1500.0	    0.0	  200.0	  100.0	    0.0	    0.0	    0.0	    0.0	    0.0	   19.1	  1	  750.0	 1650.0	    0.0	    0.0	    0.0	1	  250.6	 21	    0.0	    5.0	
  292	  29.20	  483.0	 1622.0	  162.3	    0.0	 1500.0	    0.0	  200.0	    0.0	 1500.0	    0.0	  200.0	  100.0	    0.0	    0.0	    0.0	    0.0	    0.0	   19.2	  1	  750.0	 1650.0	    0.0	    0.0	    0.0	1	  250.6	 21	    0.0	    5.0	
  293	  29.30	  483.0	 1622.0	  162.3	    0.0	 1500.0	    0.0	  200.0	    0.0	 1500.0	    0.0	  200.0	  100.0	    0.0	    0.0	    0.0	    0.0	    0.0	   19.3	  1	  750.0	 1650.0	    0.0	    0.0	    0.0	1	  250.6	 21	    0.0	    5.0	
  294	  29.40	  483.0	 1622.0	  162.3	    0.0	 1500.0	    0.0	  200.0	    0.0	 1500.0	    0.0	  200.0	  100.0	    0.0	    0.0	    0.0	    0.0	    0.0	   19.3	  1	  750.0	 1650.0	    0.0	    0.0	    0.0	1	  250.6	 21	    0.0	    5.0	
  295	  29.50	  483.0	 1622.0	  162.3	    0.0	 1500.0	    0.0	  200.0	    0.0	 1500.0	    0.0	  200.0	  100.0	    0.0	    0.0	    0.0	    0.0	    0.0	   19.4	  1	  750.0	 1650.0	    0.0	    0.0	    0.0	1	  250.6	 21	    0.0	    5.0	
  296	  29.60	  483.0	 1622.0	  162.3	    0.0	 1500.0	    0.0	  200.0	    0.0	 1500.0	    0.0	  200.0	  100.0	    0.0	    0.0	    0.0	    0.0	    0.0	   19.5	  1	  750.0	 1650.0	    0.0	    0.0	    0.0	1	  250.6	 21	    0.0	    5.0	
  297	  29.70	  483.0	 1622.0	  162.3	    0.0	 1500.0	    0.0	  200.0	    0.0	 1500.0	    0.0	  200.0	  100.0	    0.0	    0.0	    0.0	    0.0	    0.0	   19.6	  1	  750.0	 1650.0	    0.0	    0.0	    0.0	1	  250.6	 21	    0.0	    5.0	
  298	  29.80	  483.0	 1622.0	  162.3	    0.0	 1500.0	    0.0	  200.0	    0.0	 1500.0	    0.0	  200.0	  100.0	    0.0	    0.0	    0.0	    0.0	    0.0	   19.6	  1	  750.0	 1650.0	    0.0	    0.0	    0.0	1	  250.6	 21	    0.0	    5.0	
  299	  29.90	  483.0	 1622.0	  162.3	    0.0	 1500.0	    0.0	  200.0	    0.0	 1500.0	    0.0	  200.0	  100.0	    0.0	    0.0	    0.0	    0.0	    0.0	   19.7	  1	  750.0	 1650.0	    0.0	    0.0	    0.0	1	  250.6	 21	    0.0	    5.0	
  300	  30.00	  483.0	 1622.0	  162.3	    0.0	 1500.0	    0.0	  200.0	    0.0	 1500.0	    0.0	  200.0	  100.0	    0.0	    0.0	    0.0	    0.0	    0.0	   19.8	  1	  750.0	 1650.0	    0.0	    0.0	    0.0	1	  250.6	 21	    0.0	    5.0	
  301	  30.10	  483.0	 1622.0	  162.3	    0.0	 1500.0	    0.0	  200.0	    0.0	 1500.0	    0.0	  200.0	  100.0	    0.0	    0.0	    0.0	    0.0	    0.0	   19.8	  1	  750.0	 1650.0	    0.0	    0.0	    0.0	1	  250.6	 21	    0.0	    5.0	
  302	  30.20	  483.0	 1622.0	  162.3	    0.0	 1500.0	    0.0	  200.0	    0.0	 1500.0	    0.0	  200.0	  100.0	    0.0	    0.0	    0.0	    0.0	    0.0	   19.9	  1	  750.0	 1650.0	    0.0	    0.0	    0.0	1	  250.6	 21	    0.0	    5.0	
  303	  30.30	  483.0	 1622.0	  162.3	    0.0	 1500.0	    0.0	  200.0	    0.0	 1500.0	    0.0	  200.0	  100.0	    0.0	    0.0	    0.0	    0.0	    0.0	   20.0	  1	  750.0	 1650.0	    0.0	    0.0	    0.0	1	  250.6	 21	    0.0	    5.0	
  304	  30.40	  483.0	 1622.0	  162.3	    0.0	 1500.0	    0.0	  200.0	    0.0	 1500.0	    0.0	  200.0	  100.0	    0.0	    0.0	    0.0	    0.0	    0.0	   20.0	  1	  750.0	 1650.0	    0.0	    0.0	    0.0	1	  250.6	 21	    0.0	    5.0	
  305	  30.50	  483.0	 1622.0	  162.3	    0.0	 1500.0	    0.0	  200.0	    0.0	 1500.0	    0.0	  200.0	  100.0	    0.0	    0.0	    0.0	    0.0	    0.0	   20.1	  1	  750.0	 1650.0	    0.0	    0.0	    0.0	1	  250.6	 21	    0.0	    5.0	
  306	  30.60	  483.0	 1622.0	  162.3	    0.0	 1500.0	    0.0	  200.0	    0.0	 1500.0	    0.0	  200.0	  100.0	    0.0	    0.0	    0.0	    0.0	    0.0	   20.2	  1	  750.0	 1650.0	    0.0	    0.0	    0.0	1	  250.6	 21	    0.0	    5.0	
  307	  30.70	  483.0	 1622.0	  162.3	    0.0	 1500.0	    0.0	  200.0	    0.0	 1500.0	    0.0	  200.0	  100.0	    0.0	    0.0	    0.0	    0.0	    0.0	   20.2	  1	  750.0	 1650.0	    0.0	    0.0	    0.0	1	  250.6	 21	    0.0	    5.0	
  308	  30.80	  483.0	 1622.0	  162.3	    0.0	 1500.0	    0.0	  200.0	    0.0	 1500.0	    0.0	  200.0	  100.0	    0.0	    0.0	    0.0	    0.0	    0.0	   20.3	  1	  750.0	 1650.0	    0.0	    0.0	    0.0	1	  250.6	 21	    0.0	    5.0	
  309	  30.90	  483.0	 1622.0	  162.3	    0.0	 1500.0	    0.0	  200.0	    0.0	 1500.0	    0.0	  200.0	  100.0	    0.0	    0.0	    0.0	    0.0	    0.0	   20.4	  1	  750.0	 1650.0	    0.0	    0.0	    0.0	1	  250.6	 21	    0.0	    5.0	
  310	  31.00	  483.0	 1622.0	  162.3	    0.0	 1500.0	    0.0	  200.0	    0.0	 1500.0	    0.0	  200.0	  100.0	    0.0	    0.0	    0.0	    0.0	    0.0	   20.4	  1	  750.0	 1650.0	    0.0	    0.0	    0.0	1	  250.6	 21	    0.0	    5.0	
  311	  31.10	  483.0	 1622.0	  162.3	    0.0	 1500.0	    0.0	  200.0	    0.0	 1500.0	    0.0	  200.0	  100.0	    0.0	    0.0	    0.0	    0.0	    0.0	   20.5	  1	  750.0	 1650.0	    0.0	    0.0	    0.0	1	  250.6	 21	    0.0	    5.0	
  312	  31.20	  483.0	 1622.0	  162.3	    0.0	 1500.0	    0.0	  200.0	    0.0	 1500.0	    0.0	  200.0	  100.0	    0.0	    0.0	    0.0	    0.0	    0.0	   20.6	  1	  750.0	 1650.0	    0.0	    0.0	    0.0	1	  250.6	 21	    0.0	    5.0	
  313	  31.30	  483.0	 1622.0	  162.3	    0.0	 1500.0	    0.0	  200.0	    0.0	 1500.0	    0.0	  200.0	  100.0	    0.0	    0.0	    0.0	    0.0	    0.0	   20.6	  1	  750.0	 1650.0	    0.0	    0.0	    0.0	1	  250.6	 21	    0.0	    5.0	
  314	  31.40	  483.0	 1622.0	  162.3	    0.0	 1500.0	    0.0	  200.0	    0.0	 1500.0	    0.0	  200.0	  100.0	    0.0	    0.0	    0.0	    0.0	    0.0	   20.7	  1	  750.0	 1650.0	    0.0	    0.0	    0.0	1	  250.6	 21	    0.0	    5.0	
  315	  31.50	  483.0	 1622.0	  162.3	    0.0	 1500.0	    0.0	  200.0	    0.0	 1500.0	    0.0	  200.0	  100.0	    0.0	    0.0	    0.0	    0.0	    0.0	   20.8	  1	  750.0	 1650.0	    0.0	    0.0	    0.0	1	  250.6	 21	    0.0	    5.0	
  316	  31.60	  483.0	 1622.0	  162.3	    0.0	 1500.0	    0.0	  200.0	    0.0	 1500.0	    0.0	  200.0	  100.0	    0.0	    0.0	    0.0	    0.0	    0.0	   20.8	  1	  750.0	 1650.0	    0.0	    0.0	    0.0	1	  250.6	 21	    0.0	    5.0	
  317	  31.70	  483.0	 1622.0	  162.2	    0.0	 1500.0	    0.0	  200.0	    0.0	 1500.0	    0.0	  200.0	  100.0	    0.0	    0.0	    0.0	    0.0	    0.0	   20.9	  1	  750.0	 1650.0	    0.0	    0.0	    0.0	1	  250.6	 21	    0.0	    5.0	
  318	  31.80	  483.0	 1622.0	  162.5	    0.0	 1500.0	    0.0	  200.0	    0.0	 1500.0	    0.0	  200.0	  100.0	    0.0	    0.0	    0.0	    0.0	    0.0	   21.0	  1	  750.0	 1650.0	    0.0	    0.0	    0.0	1	  250.6	 21	    0.0	    5.0	
  319	  31.90	  483.0	 1622.0	  162.3	    0.0	 1500.0	    0.0	  200.0	    0.0	 1500.0	    0.0	  200.0	  100.0	    0.0	    0.0	    0.0	    0.0	    0.0	   21.0	  1	  750.0	 1650.0	    0.0	    0.0	    0.0	1	  250.6	 21	    0.0	    5.0	
  320	  32.00	  483.0	 1622.0	  162.0	    0.0	 1500.0	    0.0	  200.0	    0.0	 1500.0	    0.0	  200.0	  100.0	    0.0	    0.0	    0.0	    0.0	    0.0	   21.1	  1	  750.0	 1650.0	    0.0	    0.0	    0.0	1	  250.6	 21	    0.0	    5.0	
  321	  32.10	  483.0	 1622.0	  162.5	    0.0	 1500.0	    0.0	  200.0	    0.0	 1500.0	    0.0	  200.0	  100.0	    0.0	    0.0	    0.0	    0.0	    0.0	   21.2	  1	  750.0	 1650.0	    0.0	    0.0	    0.0	1	  250.6	 21	    0.0	    5.0	
  322	  32.20	  483.0	 1622.0	  162.4	    0.0	 1500.0	    0.0	  200.0	    0.0	 1500.0	    0.0	  200.0	  100.0	    0.0	    0.0	    0.0	    0.0	    0.0	   21.2	  1	  750.0	 1650.0	    0.0	    0.0	    0.0	1	  250.6	 21	    0.0	    5.0	
  323	  32.30	  483.0	 1622.0	  162.4	    0.0	 1500.0	    0.0	  200.0	    0.0	 1500.0	    0.0	  200.0	  100.0	    0.0	    0.0	    0.0	    0.0	    0.0	   21.3	  1	  750.0	 1650.0	    0.0	    0.0	    0.0	1	  250.6	 21	    0.0	    5.0	
  324	  32.40	  483.0	 1622.0	  163.1	    0.0	 1500.0	    0.0	  200.0	    0.0	 1500.0	    0.0	  200.0	  100.0	    0.0	    0.0	    0.0	    0.0	    0.0	   21.4	  1	  750.0	 1650.0	    0.0	    0.0	    0.0	1	  250.6	 21	    0.0	    5.0	
  325	  32.50	  483.0	 1622.0	  162.8	    0.0	 1500.0	    0.0	  200.0	    0.0	 1500.0	    0.0	  200.0	  100.0	    0.0	    0.0	    0.0	    0.0	    0.0	   21.4	  1	  750.0	 1650.0	    0.0	    0.0	    0.0	1	  250.6	 21	    0.0	    5.0	
  326	  32.60	  483.0	 1622.0	  163.8	    0.0	 1500.0	    0.0	  200.0	    0.0	 1500.0	    0.0	  200.0	  100.0	    0.0	    0.0	    0.0	    0.0	    0.0	   21.5	  1	  750.0	 1650.0	    0.0	    0.0	    0.0	1	  250.6	 21	    0.0	    5.0	
  327	  32.70	  483.0	 1622.0	  163.7	    0.0	 1500.0	    0.0	  200.0	    0.0	 1500.0	    0.0	  200.0	  100.0	    0.0	    0.0	    0.0	    0.0	    0.0	   21.6	  1	  750.0	 1650.0	    0.0	    0.0	    0.0	1	  250.6	 21	    0.0	    5.0	
  328	  32.80	  483.0	 1622.0	  160.0	    0.0	 1500.0	    0.0	  200.0	    0.0	 1500.0	    0.0	  200.0	  100.0	    0.0	    0.0	    0.0	    0.0	    0.0	   21.6	  1	  750.0	 1650.0	    0.0	    0.0	    0.0	1	  250.6	 21	    0.0	    5.0	
  329	  32.90	  483.0	 1622.0	  162.3	    0.0	 1500.0	    0.0	  200.0	    0.0	 1500.0	    0.0	  200.0	  100.0	    0.0	    0.0	    0.0	    0.0	    0.0	   21.7	  1	  750.0	 1650.0	    0.0	    0.0	    0.0	1	  250.6	 21	    0.0	    5.0	
  330	  33.00	  483.0	 1622.0	  162.5	    0.0	 1500.0	    0.0	  200.0	    0.0	 1500.0	    0.0	  200.0	  100.0	    0.0	    0.0	    0.0	    0.0	    0.0	   21.8	  1	  750.0	 1650.0	    0.0	    0.0	    0.0	1	  250.6	 21	    0.0	    5.0	
  331	  33.10	  483.0	 1622.0	  164.1	    0.0	 1500.0	    0.0	  200.0	    0.0	 1500.0	    0.0	  200.0	  100.0	    0.0	    0.0	    0.0	    0.0	    0.0	   21.9	  1	  750.0	 1650.0	    0.0	    0.0	    0.0	1	  250.6	 21	    0.0	    5.0	
  332	  33.20	  483.0	 1622.0	  160.0	    0.0	 1500.0	    0.0	  200.0	    0.0	 1500.0	    0.0	  200.0	  100.0	    0.0	    0.0	    0.0	    0.0	    0.0	   21.9	  1	  750.0	 1650.0	    0.0	    0.0	    0.0	1	  250.6	 21	    0.0	    5.0	
  333	  33.30	  483.0	 1622.0	  156.0	    0.0	 1500.0	    0.0	  200.0	    0.0	 1500.0	    0.0	  200.0	  100.0	    0.0	    0.0	    0.0	    0.0	    0.0	   22.0	  1	  750.0	 1650.0	    0.0	    0.0	    0.0	1	  250.6	 21	    0.0	    5.0	
  334	  33.40	  483.0	 1622.0	  166.0	    0.0	 1500.0	    0.0	  200.0	    0.0	 1500.0	    0.0	  200.0	  100.0	    0.0	    0.0	    0.0	    0.0	    0.0	   22.1	  1	  750.0	 1650.0	    0.0	    0.0	    0.0	1	  250.6	 21	    0.0	    5.0	
  335	  33.50	  483.0	 1622.0	  158.2	    0.0	 1500.0	    0.0	  200.0	    0.0	 1500.0	    0.0	  200.0	  100.0	    0.0	    0.0	    0.0	    0.0	    0.0	   22.1	  1	  750.0	 1650.0	    0.0	    0.0	    0.0	1	  250.6	 21	    0.0	    5.0	
  336	  33.60	  483.0	 1622.0	  153.4	    0.0	 1500.0	    0.0	  200.0	    0.0	 1500.0	    0.0	  200.0	  100.0	    0.0	    0.0	    0.0	    0.0	    0.0	   22.2	  1	  750.0	 1650.0	    0.0	    0.0	    0.0	1	  250.6	 21	    0.0	    5.0	
  337	  33.70	  483.0	 1622.0	  180.0	    0.0	 1500.0	    0.0	  200.0	    0.0	 1500.0	    0.0	  200.0	  100.0	    0.0	    0.0	    0.0	    0.0	    0.0	   22.3	  1	  750.0	 1650.0	    0.0	    0.0	    0.0	1	  250.6	 21	    0.0	    5.0	
  338	  33.80	  483.0	 1622.0	  135.0	    0.0	 1500.0	    0.0	  200.0	    0.0	 1500.0	    0.0	  200.0	  100.0	    0.0	    0.0	    0.0	    0.0	    0.0	   22.3	  1	  750.0	 1650.0	    0.0	    0.0	    0.0	1	  250.6	 21	    0.0	    5.0	
  339	  33.90	  483.0	 1622.0	  180.0	    0.0	 1500.0	    0.0	  200.0	    0.0	 1500.0	    0.0	  200.0	  100.0	    0.0	    0.0	    0.0	    0.0	    0.0	   22.4	  1	  750.0	 1650.0	    0.0	    0.0	    0.0	1	  250.6	 21	    0.0	    5.0	
  340	  34.00	  483.0	 1622.0	  180.0	    0.0	 1500.0	    0.0	  200.0	    0.0	 1500.0	    0.0	  200.0	  100.0	    0.0	    0.0	    0.0	    0.0	    0.0	   22.5	  1	  750.0	 1650.0	    0.0	    0.0	    0.0	1	  250.6	 21	    0.0	    5.0	
  341	  34.10	  483.0	 1622.0	  180.0	    0.0	 1500.0	    0.0	  200.0	    0.0	 1500.0	    0.0	  200.0	  100.0	    0.0	    0.0	    0.0	    0.0	    0.0	   22.5	  1	  750.0	 1650.0	    0.0	    0.0	    0.0	1	  250.6	 21	    0.0	    5.0	
  342	  34.20	  483.0	 1622.0	  180.0	    0.0	 1500.0	    0.0	  200.0	    0.0	 1500.0	    0.0	  200.0	  100.0	    0.0	    0.0	    0.0	    0.0	    0.0	   22.6	  1	  750.0	 1650.0	    0.0	    0.0	    0.0	1	  250.6	 21	    0.0	    5.0	
  343	  34.30	  483.0	 1622.0	 -116.6	    0.0	 1500.0	    0.0	  200.0	    0.0	 1500.0	    0.0	  200.0	  100.0	    0.0	    0.0	    0.0	    0.0	    0.0	   22.7	  1	  750.0	 1650.0	    0.0	    0.0	    0.0	1	  250.6	 21	    0.0	    5.0	
  344	  34.40	  483.0	 1622.0	    0.0	    0.0	 1500.0	    0.0	  200.0	    0.0	 1500.0	    0.0	  200.0	  100.0	    0.0	    0.0	    0.0	    0.0	    0.0	   22.7	  1	  750.0	 1650.0	    0.0	    0.0	    0.0	1	  250.6	 21	    0.0	    5.0	
  345	  34.50	  483.0	 1622.0	   12.9	    0.0	 1500.0	    0.0	  200.0	    0.0	 1500.0	    0.0	  200.0	  100.0	    0.0	    0.0	    0.0	    0.0	    0.0	   22.8	  1	  750.0	 1650.0	    0.0	    0.0	    0.0	1	  250.6	 21	    0.0	    5.0	
  346	  34.60	  483.0	 1622.0	   12.9	    0.0	 1500.0	    0.0	  200.0	    0.0	 1500.0	    0.0	  200.0	  100.0	    0.0	    0.0	    0.0	    0.0	    0.0	   22.9	  1	  750.0	 1650.0	    0.0	    0.0	    0.0	1	  250.6	 21	    0.0	    5.0	
  347	  34.70	  483.0	 1622.0	   12.9	    0.0	 1500.0	    0.0	  200.0	    0.0	 1500.0	    0.0	  200.0	  100.0	    0.0	    0.0	    0.0	    0.0	    0.0	   22.9	  1	  750.0	 1650.0	    0.0	    0.0	    0.0	1	  250.6	 21	    0.0	    5.0	
  348	  34.80	  483.0	 1622.0	   12.9	    0.0	 1500.0	    0.0	  200.0	    0.0	 1500.0	    0.0	  200.0	  100.0	    0.0	    0.0	    0.0	    0.0	    0.0	   23.0	  1	  750.0	 1650.0	    0.0	    0.0	    0.0	1	  250.6	 21	    0.0	    5.0	
  349	  34.90	  483.0	 1622.0	   12.9	    0.0	 1500.0	    0.0	  200.0	    0.0	 1500.0	    0.0	  200.0	  100.0	    0.0	    0.0	    0.0	    0.0	    0.0	   23.1	  1	  750.0	 1650.0	    0.0	    0.0	    0.0	1	  250.6	 21	    0.0	    5.0	
  350	  35.00	  483.0	 1622.0	   12.9	    0.0	 1500.0	    0.0	  200.0	    0.0	 1500.0	    0.0	  200.0	  100.0	    0.0	    0.0	    0.0	    0.0	    0.0	   23.1	  1	  750.0	 1650.0	    0.0	    0.0	    0.0	1	  250.6	 21	    0.0	    5.0	
  351	  35.10	  483.0	 1622.0	   12.9	    0.0	 1500.0	    0.0	  200.0	    0.0	 1500.0	    0.0	  200.0	  100.0	    0.0	    0.0	    0.0	    0.0	    0.0	   23.2	  1	  750.0	 1650.0	    0.0	    0.0	    0.0	1	  250.6	 21	    0.0	    5.0	
  352	  35.20	  483.0	 1622.0	   12.9	    0.0	 1500.0	    0.0	  200.0	    0.0	 1500.0	    0.0	  200.0	  100.0	    0.0	    0.0	    0.0	    0.0	    0.0	   23.3	  1	  750.0	 1650.0	    0.0	    0.0	    0.0	1	  250.6	 21	    0.0	    5.0	
  353	  35.30	  483.0	 1622.0	   12.9	    0.0	 1500.0	    0.0	  200.0	    0.0	 1500.0	    0.0	  200.0	  100.0	    0.0	    0.0	    0.0	    0.0	    0.0	   23.3	  1	  750.0	 1650.0	    0.0	    0.0	    0.0	1	  250.6	 21	    0.0	    5.0	
  354	  35.40	  483.0	 1622.0	   12.9	    0.0	 1500.0	    0.0	  200.0	    0.0	 1500.0	    0.0	  200.0	  100.0	    0.0	    0.0	    0.0	    0.0	    0.0	   23.4	  1	  750.0	 1650.0	    0.0	    0.0	    0.0	1	  250.6	 21	    0.0	    5.0	
  355	  35.50	  483.0	 1622.0	   12.9	    0.0	 1500.0	    0.0	  200.0	    0.0	 1500.0	    0.0	  200.0	  100.0	    0.0	    0.0	    0.0	    0.0	    0.0	   23.5	  1	  750.0	 1650.0	    0.0	    0.0	    0.0	1	  250.6	 21	    0.0	    5.0	
  356	  35.60	  483.0	 1622.0	   12.9	    0.0	 1500.0	    0.0	  200.0	    0.0	 1500.0	    0.0	  200.0	  100.0	    0.0	    0.0	    0.0	    0.0	    0.0	   23.5	  1	  750.0	 1650.0	    0.0	    0.0	    0.0	1	  250.6	 21	    0.0	    5.0	
  357	  35.70	  483.0	 1622.0	   12.9	    0.0	 1500.0	    0.0	  200.0	    0.0	 1500.0	    0.0	  200.0	  100.0	    0.0	    0.0	    0.0	    0.0	    0.0	   23.6	  1	  750.0	 1650.0	    0.0	    0.0	    0.0	1	  250.6	 21	    0.0	    5.0	
  358	  35.80	  483.0	 1622.0	   12.9	    0.0	 1500.0	    0.0	  200.0	    0.0	 1500.0	    0.0	  200.0	  100.0	    0.0	    0.0	    0.0	    0.0	    0.0	   23.7	  1	  750.0	 1650.0	    0.0	    0.0	    0.0	1	  250.6	 21	    0.0	    5.0	
  359	  35.90	  483.0	 1622.0	   12.9	    0.0	 1500.0	    0.0	  200.0	    0.0	 1500.0	    0.0	  200.0	  100.0	    0.0	    0.0	    0.0	    0.0	    0.0	   23.7	  1	  750.0	 1650.0	    0.0	    0.0	    0.0	1	  250.6	 21	    0.0	    5.0	
  360	  36.00	  483.0	 1622.0	   12.9	    0.0	 1500.0	    0.0	  200.0	    0.0	 1500.0	    0.0	  200.0	  100.0	    0.0	    0.0	    0.0	    0.0	    0.0	   23.8	  1	  750.0	 1650.0	    0.0	    0.0	    0.0	1	  250.6	 21	    0.0	    5.0	
  361	  36.10	  483.0	 1622.0	   12.9	    0.0	 1500.0	    0.0	  200.0	    0.0	 1500.0	    0.0	  200.0	  100.0	    0.0	    0.0	    0.0	    0.0	    0.0	   23.9	  1	  750.0	 1650.0	    0.0	    0.0	    0.0	1	  250.6	 21	    0.0	    5.0	
  362	  36.20	  483.0	 1622.0	   12.9	    0.0	 1500.0	    0.0	  200.0	    0.0	 1500.0	    0.0	  200.0	  100.0	    0.0	    0.0	    0.0	    0.0	    0.0	   23.9	  1	  750.0	 1650.0	    0.0	    0.0	    0.0	1	  250.6	 21	    0.0	    5.0	
  363	  36.30	  483.0	 1622.0	   12.9	    0.0	 1500.0	    0.0	  200.0	    0.0	 1500.0	    0.0	  200.0	  100.0	    0.0	    0.0	    0.0	    0.0	    0.0	   24.0	  1	  750.0	 1650.0	    0.0	    0.0	    0.0	1	  250.6	 21	    0.0	    5.0	
  364	  36.40	  483.0	 1622.0	   12.9	    0.0	 1500.0	    0.0	  200.0	    0.0	 1500.0	    0.0	  200.0	  100.0	    0.0	    0.0	    0.0	    0.0	    0.0	   24.1	  1	  750.0	 1650.0	    0.0	    0.0	    0.0	1	  250.6	 21	    0.0	    5.0	
  365	  36.50	  483.0	 1622.0	   12.9	    0.0	 1500.0	    0.0	  200.0	    0.0	 1500.0	    0.0	  200.0	  100.0	    0.0	    0.0	    0.0	    0.0	    0.0	   24.2	  1	  750.0	 1650.0	    0.0	    0.0	    0.0	1	  250.6	 21	    0.0	    5.0	
  366	  36.60	  483.0	 1622.0	   12.9	    0.0	 1500.0	    0.0	  200.0	    0.0	 1500.0	    0.0	  200.0	  100.0	    0.0	    0.0	    0.0	    0.0	    0.0	   24.2	  1	  750.0	 1650.0	    0.0	    0.0	    0.0	1	  250.6	 21	    0.0	    5.0	
  367	  36.70	  483.0	 1622.0	   12.9	    0.0	 1500.0	    0.0	  200.0	    0.0	 1500.0	    0.0	  200.0	  100.0	    0.0	    0.0	    0.0	    0.0	    0.0	   24.3	  1	  750.0	 1650.0	    0.0	    0.0	    0.0	1	  250.6	 21	    0.0	    5.0	
  368	  36.80	  483.0	 1622.0	   12.9	    0.0	 1500.0	    0.0	  200.0	    0.0	 1500.0	    0.0	  200.0	  100.0	    0.0	    0.0	    0.0	    0.0	    0.0	   24.4	  1	  750.0	 1650.0	    0.0	    0.0	    0.0	1	  250.6	 21	    0.0	    5.0	
  369	  36.90	  483.0	 1622.0	   12.9	    0.0	 1500.0	    0.0	  200.0	    0.0	 1500.0	    0.0	  200.0	  100.0	    0.0	    0.0	    0.0	    0.0	    0.0	   24.4	  1	  750.0	 1650.0	    0.0	    0.0	    0.0	1	  250.6	 21	    0.0	    5.0	
  370	  37.00	  483.0	 1622.0	   12.9	    0.0	 1500.0	    0.0	  200.0	    0.0	 1500.0	    0.0	  200.0	  100.0	    0.0	    0.0	    0.0	    0.0	    0.0	   24.5	  1	  750.0	 1650.0	    0.0	    0.0	    0.0	1	  250.6	 21	    0.0	    5.0	
  371	  37.10	  483.0	 1622.0	   12.9	    0.0	 1500.0	    0.0	  200.0	    0.0	 1500.0	    0.0	  200.0	  100.0	    0.0	    0.0	    0.0	    0.0	    0.0	   24.6	  1	  750.0	 1650.0	    0.0	    0.0	    0.0	1	  250.6	 21	    0.0	    5.0	
  372	  37.20	  483.0	 1622.0	   12.9	    0.0	 1500.0	    0.0	  200.0	    0.0	 1500.0	    0.0	  200.0	  100.0	    0.0	    0.0	    0.0	    0.0	    0.0	   24.6	  1	  750.0	 1650.0	    0.0	    0.0	    0.0	1	  250.6	 21	    0.0	    5.0	
  373	  37.30	  483.0	 1622.0	   12.9	    0.0	 1500.0	    0.0	  200.0	    0.0	 1500.0	    0.0	  200.0	  100.0	    0.0	    0.0	    0.0	    0.0	    0.0	   24.7	  1	  750.0	 1650.0	    0.0	    0.0	    0.0	1	  250.6	 21	    0.0	    5.0	
  374	  37.40	  483.0	 1622.0	   12.9	    0.0	 1500.0	    0.0	  200.0	    0.0	 1500.0	    0.0	  200.0	  100.0	    0.0	    0.0	    0.0	    0.0	    0.0	   24.8	  1	  750.0	 1650.0	    0.0	    0.0	    0.0	1	  250.6	 21	    0.0	    5.0	
  375	  37.50	  483.0	 1622.0	   12.9	    0.0	 1500.0	    0.0	  200.0	    0.0	 1500.0	    0.0	  200.0	  100.0	    0.0	    0.0	    0.0	    0.0	    0.0	   24.8	  1	  750.0	 1650.0	    0.0	    0.0	    0.0	1	  250.6	 21	    0.0	    5.0	
  376	  37.60	  483.0	 1622.0	   12.9	    0.0	 1500.0	    0.0	  200.0	    0.0	 1500.0	    0.0	  200.0	  100.0	    0.0	    0.0	    0.0	    0.0	    0.0	   24.9	  1	  750.0	 1650.0	    0.0	    0.0	    0.0	1	  250.6	 21	    0.0	    5.0	
  377	  37.70	  483.0	 1622.0	   12.9	    0.0	 1500.0	    0.0	  200.0	    0.0	 1500.0	    0.0	  200.0	  100.0	    0.0	    0.0	    0.0	    0.0	    0.0	   25.0	  1	  750.0	 1650.0	    0.0	    0.0	    0.0	1	  250.6	 21	    0.0	    5.0	
  378	  37.80	  483.0	 1622.0	   12.9	    0.0	 1500.0	    0.0	  200.0	    0.0	 1500.0	    0.0	  200.0	  100.0	    0.0	    0.0	    0.0	    0.0	    0.0	   25.0	  1	  750.0	 1650.0	    0.0	    0.0	    0.0	1	  250.6	 21	    0.0	    5.0	
  379	  37.90	  483.0	 1622.0	   12.9	    0.0	 1500.0	    0.0	  200.0	    0.0	 1500.0	    0.0	  200.0	  100.0	    0.0	    0.0	    0.0	    0.0	    0.0	   25.1	  1	  750.0	 1650.0	    0.0	    0.0	    0.0	1	  250.6	 21	    0.0	    5.0	
  380	  38.00	  483.0	 1622.0	   12.9	    0.0	 1500.0	    0.0	  200.0	    0.0	 1500.0	    0.0	  200.0	  100.0	    0.0	    0.0	    0.0	    0.0	    0.0	   25.2	  1	  750.0	 1650.0	    0.0	    0.0	    0.0	1	  250.6	 21	    0.0	    5.0	
  381	  38.10	  483.0	 1622.0	   12.9	    0.0	 1500.0	    0.0	  200.0	    0.0	 1500.0	    0.0	  200.0	  100.0	    0.0	    0.0	    0.0	    0.0	    0.0	   25.2	  1	  750.0	 1650.0	    0.0	    0.0	    0.0	1	  250.6	 21	    0.0	    5.0	
  382	  38.20	  483.0	 1622.0	   12.9	    0.0	 1500.0	    0.0	  200.0	    0.0	 1500.0	    0.0	  200.0	  100.0	    0.0	    0.0	    0.0	    0.0	    0.0	   25.3	  1	  750.0	 1650.0	    0.0	    0.0	    0.0	1	  250.6	 21	    0.0	    5.0	
  383	  38.30	  483.0	 1622.0	   12.9	    0.0	 1500.0	    0.0	  200.0	    0.0	 1500.0	    0.0	  200.0	  100.0	    0.0	    0.0	    0.0	    0.0	    0.0	   25.4	  1	  750.0	 1650.0	    0.0	    0.0	    0.0	1	  250.6	 21	    0.0	    5.0	
  384	  38.40	  483.0	 1622.0	   12.9	    0.0	 1500.0	    0.0	  200.0	    0.0	 1500.0	    0.0	  200.0	  100.0	    0.0	    0.0	    0.0	    0.0	    0.0	   25.4	  1	  750.0	 1650.0	    0.0	    0.0	    0.0	1	  250.6	 21	    0.0	    5.0	
  385	  38.50	  483.0	 1622.0	   12.9	    0.0	 1500.0	    0.0	  200.0	    0.0	 1500.0	    0.0	  200.0	  100.0	    0.0	    0.0	    0.0	    0.0	    0.0	   25.5	  1	  750.0	 1650.0	    0.0	    0.0	    0.0	1	  250.6	 21	    0.0	    5.0	
  386	  38.60	  483.0	 1622.0	   12.9	    0.0	 1500.0	    0.0	  200.0	    0.0	 1500.0	    0.0	  200.0	  100.0	    0.0	    0.0	    0.0	    0.0	    0.0	   25.6	  1	  750.0	 1650.0	    0.0	    0.0	    0.0	1	  250.6	 21	    0.0	    5.0	
  387	  38.70	  483.0	 1622.0	   12.9	    0.0	 1500.0	    0.0	  200.0	    0.0	 1500.0	    0.0	  200.0	  100.0	    0.0	    0.0	    0.0	    0.0	    0.0	   25.6	  1	  750.0	 1650.0	    0.0	    0.0	    0.0	1	  250.6	 21	    0.0	    5.0	
  388	  38.80	  483.0	 1622.0	   12.9	    0.0	 1500.0	    0.0	  200.0	    0.0	 1500.0	    0.0	  200.0	  100.0	    0.0	    0.0	    0.0	    0.0	    0.0	   25.7	  1	  750.0	 1650.0	    0.0	    0.0	    0.0	1	  250.6	 21	    0.0	    5.0	
  389	  38.90	  483.0	 1622.0	   12.9	    0.0	 1500.0	    0.0	  200.0	    0.0	 1500.0	    0.0	  200.0	  100.0	    0.0	    0.0	    0.0	    0.0	    0.0	   25.8	  1	  750.0	 1650.0	    0.0	    0.0	    0.0	1	  250.6	 21	    0.0	    5.0	
  390	  39.00	  483.0	 1622.0	   12.9	    0.0	 1500.0	    0.0	  200.0	    0.0	 1500.0	    0.0	  200.0	  100.0	    0.0	    0.0	    0.0	    0.0	    0.0	   25.8	  1	  750.0	 1650.0	    0.0	    0.0	    0.0	1	  250.6	 21	    0.0	    5.0	
  391	  39.10	  483.0	 1622.0	   12.9	    0.0	 1500.0	    0.0	  200.0	    0.0	 1500.0	    0.0	  200.0	  100.0	    0.0	    0.0	    0.0	    0.0	    0.0	   25.9	  1	  750.0	 1650.0	    0.0	    0.0	    0.0	1	  250.6	 21	    0.0	    5.0	
  392	  39.20	  483.0	 1622.0	   12.9	    0.0	 1500.0	    0.0	  200.0	    0.0	 1500.0	    0.0	  200.0	  100.0	    0.0	    0.0	    0.0	    0.0	    0.0	   26.0	  1	  750.0	 1650.0	    0.0	    0.0	    0.0	1	  250.6	 21	    0.0	    5.0	
  393	  39.30	  483.0	 1622.0	   12.9	    0.0	 1500.0	    0.0	  200.0	    0.0	 1500.0	    0.0	  200.0	  100.0	    0.0	    0.0	    0.0	    0.0	    0.0	   26.0	  1	  750.0	 1650.0	    0.0	    0.0	    0.0	1	  250.6	 21	    0.0	    5.0	
  394	  39.40	  483.0	 1622.0	   12.9	    0.0	 1500.0	    0.0	  200.0	    0.0	 1500.0	    0.0	  200.0	  100.0	    0.0	    0.0	    0.0	    0.0	    0.0	   26.1	  1	  750.0	 1650.0	    0.0	    0.0	    0.0	1	  250.6	 21	    0.0	    5.0	
  395	  39.50	  483.0	 1622.0	   12.9	    0.0	 1500.0	    0.0	  200.0	    0.0	 1500.0	    0.0	  200.0	  100.0	    0.0	    0.0	    0.0	    0.0	    0.0	   26.2	  1	  750.0	 1650.0	    0.0	    0.0	    0.0	1	  250.6	 21	    0.0	    5.0	
  396	  39.60	  483.0	 1622.0	   12.9	    0.0	 1500.0	    0.0	  200.0	    0.0	 1500.0	    0.0	  200.0	  100.0	    0.0	    0.0	    0.0	    0.0	    0.0	   26.2	  1	  750.0	 1650.0	    0.0	    0.0	    0.0	1	  250.6	 21	    0.0	    5.0	
  397	  39.70	  483.0	 1622.0	   12.9	    0.0	 1500.0	    0.0	  200.0	    0.0	 1500.0	    0.0	  200.0	  100.0	    0.0	    0.0	    0.0	    0.0	    0.0	   26.3	  1	  750.0	 1650.0	    0.0	    0.0	    0.0	1	  250.6	 21	    0.0	    5.0	
  398	  39.80	  483.0	 1622.0	   12.9	    0.0	 1500.0	    0.0	  200.0	    0.0	 1500.0	    0.0	  200.0	  100.0	    0.0	    0.0	    0.0	    0.0	    0.0	   26.4	  1	  750.0	 1650.0	    0.0	    0.0	    0.0	1	  250.6	 21	    0.0	    5.0	
  399	  39.90	  483.0	 1622.0	   12.9	    0.0	 1500.0	    0.0	  200.0	    0.0	 1500.0	    0.0	  200.0	  100.0	    0.0	    0.0	    0.0	    0.0	    0.0	   26.4	  1	  750.0	 1650.0	    0.0	    0.0	    0.0	1	  250.6	 21	    0.0	    5.0	
  400	  40.00	  483.0	 1622.0	   12.9	    0.0	 1500.0	    0.0	  200.0	    0.0	 1500.0	    0.0	  200.0	  100.0	    0.0	    0.0	    0.0	    0.0	    0.0	   26.5	  1	  750.0	 1650.0	    0.0	    0.0	    0.0	1	  250.6	 21	    0.0	    5.0	
  401	  40.10	  483.0	 1622.0	   12.9	    0.0	 1500.0	    0.0	  200.0	    0.0	 1500.0	    0.0	  200.0	  100.0	    0.0	    0.0	    0.0	    0.0	    0.0	   26.6	  1	  750.0	 1650.0	    0.0	    0.0	    0.0	1	  250.6	 21	    0.0	    5.0	
  402	  40.20	  483.0	 1622.0	   12.9	    0.0	 1500.0	    0.0	  200.0	    0.0	 1500.0	    0.0	  200.0	  100.0	    0.0	    0.0	    0.0	    0.0	    0.0	   26.7	  1	  750.0	 1650.0	    0.0	    0.0	    0.0	1	  250.6	 21	    0.0	    5.0	
  403	  40.30	  483.0	 1622.0	   12.9	    0.0	 1500.0	    0.0	  200.0	    0.0	 1500.0	    0.0	  200.0	  100.0	    0.0	    0.0	    0.0	    0.0	    0.0	   26.7	  1	  750.0	 1650.0	    0.0	    0.0	    0.0	1	  250.6	 21	    0.0	    5.0	
  404	  40.40	  483.0	 1622.0	   12.9	    0.0	 1500.0	    0.0	  200.0	    0.0	 1500.0	    0.0	  200.0	  100.0	    0.0	    0.0	    0.0	    0.0	    0.0	   26.8	  1	  750.0	 1650.0	    0.0	    0.0	    0.0	1	  250.6	 21	    0.0	    5.0	
  405	  40.50	  483.0	 1622.0	 -167.1	    0.0	 1500.0	    0.0	  200.0	    0.0	 1500.0	    0.0	  200.0	  100.0	    0.0	    0.0	    0.0	    0.0	    0.0	   26.9	  1	  750.0	 1650.0	    0.0	    0.0	    0.0	1	  250.6	 21	    0.0	    5.0	
  406	  40.60	  483.0	 1622.0	 -167.1	    0.0	 1500.0	    0.0	  200.0	    0.0	 1500.0	    0.0	  200.0	  100.0	    0.0	    0.0	    0.0	    0.0	    0.0	   26.9	  1	  750.0	 1650.0	    0.0	    0.0	    0.0	1	  250.6	 21	    0.0	    5.0	
  407	  40.70	  483.0	 1622.0	 -167.1	    0.0	 1500.0	    0.0	  200.0	    0.0	 1500.0	    0.0	  200.0	  100.0	    0.0	    0.0	    0.0	    0.0	    0.0	   27.0	  1	  750.0	 1650.0	    0.0	    0.0	    0.0	1	  250.6	 21	    0.0	    5.0	
  408	  40.80	  483.0	 1622.0	 -167.1	    0.0	 1500.0	    0.0	  200.0	    0.0	 1500.0	    0.0	  200.0	  100.0	    0.0	    0.0	    0.0	    0.0	    0.0	   27.1	  1	  750.0	 1650.0	    0.0	    0.0	    0.0	1	  250.6	 21	    0.0	    5.0	
  409	  40.90	  483.0	 1622.0	 -167.1	    0.0	 1500.0	    0.0	  200.0	    0.0	 1500.0	    0.0	  200.0	  100.0	    0.0	    0.0	    0.0	    0.0	    0.0	   27.1	  1	  750.0	 1650.0	    0.0	    0.0	    0.0	1	  250.6	 21	    0.0	    5.0	
  410	  41.00	  483.0	 1622.0	 -167.1	    0.0	 1500.0	    0.0	  200.0	    0.0	 1500.0	    0.0	  200.0	  100.0	    0.0	    0.0	    0.0	    0.0	    0.0	   27.2	  1	  750.0	 1650.0	    0.0	    0.0	    0.0	1	  250.6	 21	    0.0	    5.0	
  411	  41.10	  483.0	 1622.0	 -167.1	    0.0	 1500.0	    0.0	  200.0	    0.0	 1500.0	    0.0	  200.0	  100.0	    0.0	    0.0	    0.0	    0.0	    0.0	   27.3	  1	  750.0	 1650.0	    0.0	    0.0	    0.0	1	  250.6	 21	    0.0	    5.0	
  412	  41.20	  483.0	 1622.0	 -167.1	    0.0	 1500.0	    0.0	  200.0	    0.0	 1500.0	    0.0	  200.0	  100.0	    0.0	    0.0	    0.0	    0.0	    0.0	   27.3	  1	  750.0	 1650.0	    0.0	    0.0	    0.0	1	  250.6	 21	    0.0	    5.0	
