    1	   4.04	    0.0	 1500.0	    0.0	    0.0	 1500.0	    0.0	  200.0	    0.0	 1500.0	    0.0	  200.0	  100.0	   99.7	    0.0	    0.0	    0.0	    0.0	    0.1	  1	 -750.0	 1550.0	   99.7	    0.0	    0.0	1	  521.5	 21	    0.0	    7.7	
    2	   4.14	    0.0	 1500.0	    0.0	    0.0	 1500.0	    0.0	  200.0	    0.0	 1500.0	    0.0	  200.0	  100.0	   99.2	    0.0	    0.0	    0.0	    0.0	    0.1	  1	 -750.0	 1550.0	   99.2	    0.0	    0.0	1	  396.2	 21	 1305.5	   10.5	
    3	   4.24	    0.0	 1500.0	    0.0	    0.0	 1500.0	    0.0	  200.0	    0.0	 1500.0	    0.0	  200.0	  100.0	   98.7	    0.0	    0.0	    0.0	    0.0	    0.2	  1	 -750.0	 1550.0	   98.7	    0.0	    0.0	1	  395.8	 21	 1305.2	   10.5	
    4	   4.34	    0.0	 1500.0	    0.0	    0.0	 1500.0	    0.0	  200.0	    0.0	 1500.0	    0.0	  200.0	  100.0	   98.2	    0.0	    0.0	    0.0	    0.0	    0.3	  1	 -750.0	 1550.0	   98.2	    0.0	    0.0	1	  395.3	 21	 1304.9	   10.5	
    5	   4.44	    0.0	 1500.0	    0.0	    0.0	 1500.0	    0.0	  200.0	    0.0	 1500.0	    0.0	  200.0	  100.0	   97.7	    0.0	    0.0	    0.0	    0.0	    0.3	  1	 -750.0	 1550.0	   97.7	    0.0	    0.0	1	  394.9	 21	 1304.6	   10.5	
    6	   4.54	    0.0	 1500.0	    0.0	    0.0	 1500.0	    0.0	  200.0	    0.0	 1500.0	    0.0	  200.0	  100.0	   97.2	    0.0	    0.0	    0.0	    0.0	    0.4	  1	 -750.0	 1550.0	   97.2	    0.0	    0.0	1	  394.4	 21	 1304.3	   10.4	
    7	   4.64	    0.0	 1500.0	    0.0	    0.0	 1500.0	    0.0	  200.0	    0.0	 1500.0	    0.0	  200.0	  100.0	   96.7	    0.0	    0.0	    0.0	    0.0	    0.5	  1	 -750.0	 1550.0	   96.7	    0.0	    0.0	1	  394.0	 21	 1304.1	   10.4	
    8	   4.74	    0.0	 1500.0	    0.0	    0.0	 1500.0	    0.0	  200.0	    0.0	 1500.0	    0.0	  200.0	  100.0	   96.2	    0.0	    0.0	    0.0	    0.0	    0.5	  1	 -750.0	 1550.0	   96.2	    0.0	    0.0	1	  393.5	 21	 1303.8	   10.4	
    9	   4.84	    0.0	 1500.0	    0.0	    0.0	 1500.0	    0.0	  200.0	    0.0	 1500.0	    0.0	  200.0	  100.0	   95.7	    0.0	    0.0	    0.0	    0.0	    0.6	  1	 -750.0	 1550.0	   95.7	    0.0	    0.0	1	  393.1	 21	 1303.5	   10.3	
   10	   4.94	    0.0	 1500.0	    0.0	    0.0	 1500.0	    0.0	  200.0	    0.0	 1500.0	    0.0	  200.0	  100.0	   95.2	    0.0	    0.0	    0.0	    0.0	    0.7	  1	 -750.0	 1550.0	   95.2	    0.0	    0.0	1	  392.6	 21	 1303.2	   10.3	
   11	   5.04	    0.0	 1500.0	    0.0	    0.0	 1500.0	    0.0	  200.0	    0.0	 1500.0	    0.0	  200.0	  100.0	   94.7	    0.0	    0.0	    0.0	    0.0	    0.7	  1	 -750.0	 1550.0	   94.7	    0.0	    0.0	1	  392.2	 21	 1302.9	   10.3	
   12	   5.14	    0.0	 1500.0	    0.0	    0.0	 1500.0	    0.0	  200.0	    0.0	 1500.0	    0.0	  200.0	  100.0	   94.2	    0.0	    0.0	    0.0	    0.0	    0.8	  1	 -750.0	 1550.0	   94.2	    0.0	    0.0	1	  391.7	 21	 1302.6	   10.3	
   13	   5.24	    0.0	 1500.0	    0.0	    0.0	 1500.0	    0.0	  200.0	    0.0	 1500.0	    0.0	  200.0	  100.0	   93.7	    0.0	    0.0	    0.0	    0.0	    0.9	  1	 -750.0	 1550.0	   93.7	    0.0	    0.0	1	  391.2	 21	 1302.4	   10.2	
   14	   5.34	    0.0	 1500.0	    0.0	    0.0	 1500.0	    0.0	  200.0	    0.0	 1500.0	    0.0	  200.0	  100.0	   93.2	    0.0	    0.0	    0.0	    0.0	    0.9	  1	 -750.0	 1550.0	   93.2	    0.0	    0.0	1	  390.8	 21	 1302.1	   10.2	
   15	   5.44	    0.0	 1500.0	    0.0	    0.0	 1500.0	    0.0	  200.0	    0.0	 1500.0	    0.0	  200.0	  100.0	   92.7	    0.0	    0.0	    0.0	    0.0	    1.0	  1	 -750.0	 1550.0	   92.7	    0.0	    0.0	1	  390.3	 21	 1301.8	   10.2	
   16	   5.54	    0.0	 1500.0	    0.0	    0.0	 1500.0	    0.0	  200.0	    0.0	 1500.0	    0.0	  200.0	  100.0	   92.2	    0.0	    0.0	    0.0	    0.0	    1.1	  1	 -750.0	 1550.0	   92.2	    0.0	    0.0	1	  389.9	 21	 1301.5	   10.2	
   17	   5.64	    0.0	 1500.0	    0.0	    0.0	 1500.0	    0.0	  200.0	    0.0	 1500.0	    0.0	  200.0	  100.0	   91.7	    0.0	    0.0	    0.0	    0.0	    1.2	  1	 -750.0	 1550.0	   91.7	    0.0	    0.0	1	  389.4	 21	 1301.2	   10.1	
   18	   5.74	    0.0	 1500.0	    0.0	    0.0	 1500.0	    0.0	  200.0	    0.0	 1500.0	    0.0	  200.0	  100.0	   91.2	    0.0	    0.0	    0.0	    0.0	    1.2	  1	 -750.0	 1550.0	   91.2	    0.0	    0.0	1	  389.0	 21	 1301.0	   10.1	
   19	   5.84	    0.0	 1500.0	    0.0	    0.0	 1500.0	    0.0	  200.0	    0.0	 1500.0	    0.0	  200.0	  100.0	   90.7	    0.0	    0.0	    0.0	    0.0	    1.3	  1	 -750.0	 1550.0	   90.7	    0.0	    0.0	1	  388.5	 21	 1300.7	   10.1	
   20	   5.94	    0.0	 1500.0	    0.0	    0.0	 1500.0	    0.0	  200.0	    0.0	 1500.0	    0.0	  200.0	  100.0	   90.2	    0.0	    0.0	    0.0	    0.0	    1.4	  1	 -750.0	 1550.0	   90.2	    0.0	    0.0	1	  388.0	 21	 1300.4	   10.0	
   21	   6.04	    0.0	 1500.0	    0.0	    0.0	 1500.0	    0.0	  200.0	    0.0	 1500.0	    0.0	  200.0	  100.0	   89.7	    0.0	    0.0	    0.0	    0.0	    1.4	  1	 -750.0	 1550.0	   89.7	    0.0	    0.0	1	  387.6	 21	 1300.1	   10.0	
   22	   6.14	    0.0	 1500.0	    0.0	    0.0	 1500.0	    0.0	  200.0	    0.0	 1500.0	    0.0	  200.0	  100.0	   89.2	    0.0	    0.0	    0.0	    0.0	    1.5	  1	 -750.0	 1550.0	   89.2	    0.0	    0.0	1	  387.1	 21	    0.0	   10.0	
   23	   6.24	    0.0	 1500.0	    0.0	    0.0	 1500.0	    0.0	  200.0	    0.0	 1500.0	    0.0	  200.0	  100.0	   88.7	    0.0	    0.0	    0.0	    0.0	    1.6	  1	 -750.0	 1550.0	   88.7	    0.0	    0.0	1	  386.7	 21	    0.0	   10.0	
   24	   6.34	    0.0	 1500.0	    0.0	    0.0	 1500.0	    0.0	  200.0	    0.0	 1500.0	    0.0	  200.0	  100.0	   88.2	    0.0	    0.0	    0.0	    0.0	    1.6	  1	 -750.0	 1550.0	   88.2	    0.0	    0.0	1	  386.2	 21	    0.0	    9.9	
   25	   6.44	    0.0	 1500.0	    0.0	    0.0	 1500.0	    0.0	  200.0	    0.0	 1500.0	    0.0	  200.0	  100.0	   87.7	    0.0	    0.0	    0.0	    0.0	    1.7	  1	 -750.0	 1550.0	   87.7	    0.0	    0.0	1	  385.7	 21	    0.0	    9.9	
   26	   6.54	    0.0	 1500.0	    0.0	    0.0	 1500.0	    0.0	  200.0	    0.0	 1500.0	    0.0	  200.0	  100.0	   87.2	    0.0	    0.0	    0.0	    0.0	    1.8	  1	 -750.0	 1550.0	   87.2	    0.0	    0.0	1	  385.3	 21	    0.0	    9.9	
   27	   6.64	    0.0	 1500.0	    0.0	    0.0	 1500.0	    0.0	  200.0	    0.0	 1500.0	    0.0	  200.0	  100.0	   86.7	    0.0	    0.0	    0.0	    0.0	    1.8	  1	 -750.0	 1550.0	   86.7	    0.0	    0.0	1	  384.8	 21	    0.0	    9.8	
   28	   6.74	    0.0	 1500.0	    0.0	    0.0	 1500.0	    0.0	  200.0	    0.0	 1500.0	    0.0	  200.0	  100.0	   86.2	    0.0	    0.0	    0.0	    0.0	    1.9	  1	 -750.0	 1550.0	   86.2	    0.0	    0.0	1	  384.4	 21	    0.0	    9.8	
   29	   6.84	    0.0	 1500.0	    0.0	    0.0	 1500.0	    0.0	  200.0	    0.0	 1500.0	    0.0	  200.0	  100.0	   85.7	    0.0	    0.0	    0.0	    0.0	    2.0	  1	 -750.0	 1550.0	   85.7	    0.0	    0.0	1	  383.9	 21	    0.0	    9.8	
   30	   6.94	    0.0	 1500.0	    0.0	    0.0	 1500.0	    0.0	  200.0	    0.0	 1500.0	    0.0	  200.0	  100.0	   85.2	    0.0	    0.0	    0.0	    0.0	    2.0	  1	 -750.0	 1550.0	   85.2	    0.0	    0.0	1	  383.4	 21	    0.0	    9.8	
   31	   7.04	    0.0	 1500.0	    0.0	    0.0	 1500.0	    0.0	  200.0	    0.0	 1500.0	    0.0	  200.0	  100.0	   84.7	    0.0	    0.0	    0.0	    0.0	    2.1	  1	 -750.0	 1550.0	   84.7	    0.0	    0.0	1	  383.0	 21	    0.0	    9.7	
   32	   7.14	    0.0	 1500.0	    0.0	    0.0	 1500.0	    0.0	  200.0	    0.0	 1500.0	    0.0	  200.0	  100.0	   84.2	    0.0	    0.0	    0.0	    0.0	    2.2	  1	 -750.0	 1550.0	   84.2	    0.0	    0.0	1	  382.5	 21	    0.0	    9.7	
   33	   7.24	    0.0	 1500.0	    0.0	    0.0	 1500.0	    0.0	  200.0	    0.0	 1500.0	    0.0	  200.0	  100.0	   83.7	    0.0	    0.0	    0.0	    0.0	    2.2	  1	 -750.0	 1550.0	   83.7	    0.0	    0.0	1	  382.0	 21	    0.0	    9.7	
   34	   7.34	    0.0	 1500.0	    0.0	    0.0	 1500.0	    0.0	  200.0	    0.0	 1500.0	    0.0	  200.0	  100.0	   83.2	    0.0	    0.0	    0.0	    0.0	    2.3	  1	 -750.0	 1550.0	   83.2	    0.0	    0.0	1	  381.6	 21	    0.0	    9.6	
   35	   7.44	    0.0	 1500.0	    0.0	    0.0	 1500.0	    0.0	  200.0	    0.0	 1500.0	    0.0	  200.0	  100.0	   82.7	    0.0	    0.0	    0.0	    0.0	    2.4	  1	 -750.0	 1550.0	   82.7	    0.0	    0.0	1	  381.1	 21	    0.0	    9.6	
   36	   7.54	    0.0	 1500.0	    0.0	    0.0	 1500.0	    0.0	  200.0	    0.0	 1500.0	    0.0	  200.0	  100.0	   82.2	    0.0	    0.0	    0.0	    0.0	    2.4	  1	 -750.0	 1550.0	   82.2	    0.0	    0.0	1	  380.6	 21	    0.0	    9.6	
   37	   7.64	    0.0	 1500.0	    0.0	    0.0	 1500.0	    0.0	  200.0	    0.0	 1500.0	    0.0	  200.0	  100.0	   81.7	    0.0	    0.0	    0.0	    0.0	    2.5	  1	 -750.0	 1550.0	   81.7	    0.0	    0.0	1	  380.2	 21	    0.0	    9.6	
   38	   7.74	    0.0	 1500.0	    0.0	    0.0	 1500.0	    0.0	  200.0	    0.0	 1500.0	    0.0	  200.0	  100.0	   81.2	    0.0	    0.0	    0.0	    0.0	    2.6	  1	 -750.0	 1550.0	   81.2	    0.0	    0.0	1	  379.7	 21	    0.0	    9.5	
   39	   7.84	    0.0	 1500.0	    0.0	    0.0	 1500.0	    0.0	  200.0	    0.0	 1500.0	    0.0	  200.0	  100.0	   80.7	    0.0	    0.0	    0.0	    0.0	    2.6	  1	 -750.0	 1550.0	   80.7	    0.0	    0.0	1	  379.2	 21	    0.0	    9.5	
   40	   7.94	    0.0	 1500.0	    0.0	    0.0	 1500.0	    0.0	  200.0	    0.0	 1500.0	    0.0	  200.0	  100.0	   80.2	    0.0	    0.0	    0.0	    0.0	    2.7	  1	 -750.0	 1550.0	   80.2	    0.0	    0.0	1	  378.8	 21	    0.0	    9.5	
   41	   8.04	    0.0	 1500.0	    0.0	    0.0	 1500.0	    0.0	  200.0	    0.0	 1500.0	    0.0	  200.0	  100.0	   79.7	    0.0	    0.0	    0.0	    0.0	    2.8	  1	 -750.0	 1550.0	   79.7	    0.0	    0.0	1	  378.3	 21	    0.0	    9.4	
   42	   8.14	    0.0	 1500.0	    0.0	    0.0	 1500.0	    0.0	  200.0	    0.0	 1500.0	    0.0	  200.0	  100.0	   79.2	    0.0	    0.0	    0.0	    0.0	    2.8	  1	 -750.0	 1550.0	   79.2	    0.0	    0.0	1	  377.8	 21	    0.0	    9.4	
   43	   8.24	    0.0	 1500.0	    0.0	    0.0	 1500.0	    0.0	  200.0	    0.0	 1500.0	    0.0	  200.0	  100.0	   78.7	    0.0	    0.0	    0.0	    0.0	    2.9	  1	 -750.0	 1550.0	   78.7	    0.0	    0.0	1	  377.4	 21	    0.0	    9.4	
   44	   8.34	    0.0	 1500.0	    0.0	    0.0	 1500.0	    0.0	  200.0	    0.0	 1500.0	    0.0	  200.0	  100.0	   78.2	    0.0	    0.0	    0.0	    0.0	    3.0	  1	 -750.0	 1550.0	   78.2	    0.0	    0.0	1	  376.9	 21	    0.0	    9.4	
   45	   8.44	    0.0	 1500.0	    0.0	    0.0	 1500.0	    0.0	  200.0	    0.0	 1500.0	    0.0	  200.0	  100.0	   77.7	    0.0	    0.0	    0.0	    0.0	    3.1	  1	 -750.0	 1550.0	   77.7	    0.0	    0.0	1	  376.4	 21	    0.0	    9.3	
   46	   8.54	    0.0	 1500.0	    0.0	    0.0	 1500.0	    0.0	  200.0	    0.0	 1500.0	    0.0	  200.0	  100.0	   77.2	    0.0	    0.0	    0.0	    0.0	    3.1	  1	 -750.0	 1550.0	   77.2	    0.0	    0.0	1	  375.9	 21	    0.0	    9.3	
   47	   8.64	    0.0	 1500.0	    0.0	    0.0	 1500.0	    0.0	  200.0	    0.0	 1500.0	    0.0	  200.0	  100.0	   76.7	    0.0	    0.0	    0.0	    0.0	    3.2	  1	 -750.0	 1550.0	   76.7	    0.0	    0.0	1	  375.5	 21	    0.0	    9.3	
   48	   8.74	    0.0	 1500.0	    0.0	    0.0	 1500.0	    0.0	  200.0	    0.0	 1500.0	    0.0	  200.0	  100.0	   76.2	    0.0	    0.0	    0.0	    0.0	    3.3	  1	 -750.0	 1550.0	   76.2	    0.0	    0.0	1	  375.0	 21	    0.0	    9.2	
   49	   8.84	    0.0	 1500.0	    0.0	    0.0	 1500.0	    0.0	  200.0	    0.0	 1500.0	    0.0	  200.0	  100.0	   75.7	    0.0	    0.0	    0.0	    0.0	    3.3	  1	 -750.0	 1550.0	   75.7	    0.0	    0.0	1	  374.5	 21	    0.0	    9.2	
   50	   8.94	    0.0	 1500.0	    0.0	    0.0	 1500.0	    0.0	  200.0	    0.0	 1500.0	    0.0	  200.0	  100.0	   75.2	    0.0	    0.0	    0.0	    0.0	    3.4	  1	 -750.0	 1550.0	   75.2	    0.0	    0.0	1	  374.1	 21	    0.0	    9.2	
   51	   9.04	    0.0	 1500.0	    0.0	    0.0	 1500.0	    0.0	  200.0	    0.0	 1500.0	    0.0	  200.0	  100.0	   74.7	    0.0	    0.0	    0.0	    0.0	    3.5	  1	 -750.0	 1550.0	   74.7	    0.0	    0.0	1	  373.6	 21	    0.0	    9.2	
   52	   9.14	    0.0	 1500.0	    0.0	    0.0	 1500.0	    0.0	  200.0	    0.0	 1500.0	    0.0	  200.0	  100.0	   74.2	    0.0	    0.0	    0.0	    0.0	    3.5	  1	 -750.0	 1550.0	   74.2	    0.0	    0.0	1	  373.1	 21	    0.0	    9.1	
   53	   9.24	    0.0	 1500.0	    0.0	    0.0	 1500.0	    0.0	  200.0	    0.0	 1500.0	    0.0	  200.0	  100.0	   73.7	    0.0	    0.0	    0.0	    0.0	    3.6	  1	 -750.0	 1550.0	   73.7	    0.0	    0.0	1	  372.6	 21	    0.0	    9.1	
   54	   9.34	    0.0	 1500.0	    0.0	    0.0	 1500.0	    0.0	  200.0	    0.0	 1500.0	    0.0	  200.0	  100.0	   73.2	    0.0	    0.0	    0.0	    0.0	    3.7	  1	 -750.0	 1550.0	   73.2	    0.0	    0.0	1	  372.2	 21	    0.0	    9.1	
   55	   9.44	    0.0	 1500.0	    0.0	    0.0	 1500.0	    0.0	  200.0	    0.0	 1500.0	    0.0	  200.0	  100.0	   72.7	    0.0	    0.0	    0.0	    0.0	    3.7	  1	 -750.0	 1550.0	   72.7	    0.0	    0.0	1	  371.7	 21	    0.0	    9.1	
   56	   9.54	    0.0	 1500.0	    0.0	    0.0	 1500.0	    0.0	  200.0	    0.0	 1500.0	    0.0	  200.0	  100.0	   72.2	    0.0	    0.0	    0.0	    0.0	    3.8	  1	 -750.0	 1550.0	   72.2	    0.0	    0.0	1	  371.2	 21	    0.0	    9.0	
   57	   9.64	    0.0	 1500.0	    0.0	    0.0	 1500.0	    0.0	  200.0	    0.0	 1500.0	    0.0	  200.0	  100.0	   71.7	    0.0	    0.0	    0.0	    0.0	    3.9	  1	 -750.0	 1550.0	   71.7	    0.0	    0.0	1	  370.7	 21	    0.0	    9.0	
   58	   9.74	    0.0	 1500.0	    0.0	    0.0	 1500.0	    0.0	  200.0	    0.0	 1500.0	    0.0	  200.0	  100.0	   71.2	    0.0	    0.0	    0.0	    0.0	    3.9	  1	 -750.0	 1550.0	   71.2	    0.0	    0.0	1	  370.3	 21	    0.0	    9.0	
   59	   9.84	    0.0	 1500.0	    0.0	    0.0	 1500.0	    0.0	  200.0	    0.0	 1500.0	    0.0	  200.0	  100.0	   70.7	    0.0	    0.0	    0.0	    0.0	    4.0	  1	 -750.0	 1550.0	   70.7	    0.0	    0.0	1	  369.8	 21	    0.0	    8.9	
   60	   9.94	    0.0	 1500.0	    0.0	    0.0	 1500.0	    0.0	  200.0	    0.0	 1500.0	    0.0	  200.0	  100.0	   70.2	    0.0	    0.0	    0.0	    0.0	    4.1	  1	 -750.0	 1550.0	   70.2	    0.0	    0.0	1	  369.3	 21	    0.0	    8.9	
   61	  10.04	    0.0	 1500.0	    0.0	    0.0	 1500.0	    0.0	  200.0	    0.0	 1500.0	    0.0	  200.0	  100.0	   69.7	    0.0	    0.0	    0.0	    0.0	    4.1	  1	 -750.0	 1550.0	   69.7	    0.0	    0.0	1	  368.8	 21	    0.0	    8.9	
   62	  10.14	    0.0	 1500.0	    0.0	    0.0	 1500.0	    0.0	  200.0	    0.0	 1500.0	    0.0	  200.0	  100.0	   69.2	    0.0	    0.0	    0.0	    0.0	    4.2	  1	 -750.0	 1550.0	   69.2	    0.0	    0.0	1	  368.4	 21	    0.0	    8.9	
   63	  10.24	    0.0	 1500.0	    0.0	    0.0	 1500.0	    0.0	  200.0	    0.0	 1500.0	    0.0	  200.0	  100.0	   68.7	    0.0	    0.0	    0.0	    0.0	    4.3	  1	 -750.0	 1550.0	   68.7	    0.0	    0.0	1	  367.9	 21	    0.0	    8.8	
   64	  10.34	    0.0	 1500.0	    0.0	    0.0	 1500.0	    0.0	  200.0	    0.0	 1500.0	    0.0	  200.0	  100.0	   68.2	    0.0	    0.0	    0.0	    0.0	    4.3	  1	 -750.0	 1550.0	   68.2	    0.0	    0.0	1	  367.4	 21	    0.0	    8.8	
   65	  10.44	    0.0	 1500.0	    0.0	    0.0	 1500.0	    0.0	  200.0	    0.0	 1500.0	    0.0	  200.0	  100.0	   67.7	    0.0	    0.0	    0.0	    0.0	    4.4	  1	 -750.0	 1550.0	   67.7	    0.0	    0.0	1	  366.9	 21	    0.0	    8.8	
   66	  10.54	    0.0	 1500.0	    0.0	    0.0	 1500.0	    0.0	  200.0	    0.0	 1500.0	    0.0	  200.0	  100.0	   67.2	    0.0	    0.0	    0.0	    0.0	    4.5	  1	 -750.0	 1550.0	   67.2	    0.0	    0.0	1	  366.5	 21	    0.0	    8.7	
   67	  10.64	    0.0	 1500.0	    0.0	    0.0	 1500.0	    0.0	  200.0	    0.0	 1500.0	    0.0	  200.0	  100.0	   66.7	    0.0	    0.0	    0.0	    0.0	    4.5	  1	 -750.0	 1550.0	   66.7	    0.0	    0.0	1	  366.0	 21	    0.0	    8.7	
   68	  10.74	    0.0	 1500.0	    0.0	    0.0	 1500.0	    0.0	  200.0	    0.0	 1500.0	    0.0	  200.0	  100.0	   66.2	    0.0	    0.0	    0.0	    0.0	    4.6	  1	 -750.0	 1550.0	   66.2	    0.0	    0.0	1	  365.5	 21	    0.0	    8.7	
   69	  10.84	    0.0	 1500.0	    0.0	    0.0	 1500.0	    0.0	  200.0	    0.0	 1500.0	    0.0	  200.0	  100.0	   65.7	    0.0	    0.0	    0.0	    0.0	    4.7	  1	 -750.0	 1550.0	   65.7	    0.0	    0.0	1	  365.0	 21	    0.0	    8.7	
   70	  10.94	    0.0	 1500.0	    0.0	    0.0	 1500.0	    0.0	  200.0	    0.0	 1500.0	    0.0	  200.0	  100.0	   65.2	    0.0	    0.0	    0.0	    0.0	    4.7	  1	 -750.0	 1550.0	   65.2	    0.0	    0.0	1	  364.5	 21	    0.0	    8.6	
   71	  11.04	    0.0	 1500.0	    0.0	    0.0	 1500.0	    0.0	  200.0	    0.0	 1500.0	    0.0	  200.0	  100.0	   64.7	    0.0	    0.0	    0.0	    0.0	    4.8	  1	 -750.0	 1550.0	   64.7	    0.0	    0.0	1	  364.1	 21	    0.0	    8.6	
   72	  11.14	    0.0	 1500.0	    0.0	    0.0	 1500.0	    0.0	  200.0	    0.0	 1500.0	    0.0	  200.0	  100.0	   64.2	    0.0	    0.0	    0.0	    0.0	    4.9	  1	 -750.0	 1550.0	   64.2	    0.0	    0.0	1	  363.6	 21	    0.0	    8.6	
   73	  11.24	    0.0	 1500.0	    0.0	    0.0	 1500.0	    0.0	  200.0	    0.0	 1500.0	    0.0	  200.0	  100.0	   63.7	    0.0	    0.0	    0.0	    0.0	    5.0	  1	 -750.0	 1550.0	   63.7	    0.0	    0.0	1	  363.1	 21	    0.0	    8.5	
   74	  11.34	    0.0	 1500.0	    0.0	    0.0	 1500.0	    0.0	  200.0	    0.0	 1500.0	    0.0	  200.0	  100.0	   63.2	    0.0	    0.0	    0.0	    0.0	    5.0	  1	 -750.0	 1550.0	   63.2	    0.0	    0.0	1	  362.6	 21	    0.0	    8.5	
   75	  11.44	    0.0	 1500.0	    0.0	    0.0	 1500.0	    0.0	  200.0	    0.0	 1500.0	    0.0	  200.0	  100.0	   62.7	    0.0	    0.0	    0.0	    0.0	    5.1	  1	 -750.0	 1550.0	   62.7	    0.0	    0.0	1	  362.1	 21	    0.0	    8.5	
   76	  11.54	    0.0	 1500.0	    0.0	    0.0	 1500.0	    0.0	  200.0	    0.0	 1500.0	    0.0	  200.0	  100.0	   62.2	    0.0	    0.0	    0.0	    0.0	    5.2	  1	 -750.0	 1550.0	   62.2	    0.0	    0.0	1	  361.7	 21	    0.0	    8.5	
   77	  11.64	    0.0	 1500.0	    0.0	    0.0	 1500.0	    0.0	  200.0	    0.0	 1500.0	    0.0	  200.0	  100.0	   61.7	    0.0	    0.0	    0.0	    0.0	    5.2	  1	 -750.0	 1550.0	   61.7	    0.0	    0.0	1	  361.2	 21	    0.0	    8.4	
   78	  11.74	    0.0	 1500.0	    0.0	    0.0	 1500.0	    0.0	  200.0	    0.0	 1500.0	    0.0	  200.0	  100.0	   61.2	    0.0	    0.0	    0.0	    0.0	    5.3	  1	 -750.0	 1550.0	   61.2	    0.0	    0.0	1	  360.7	 21	    0.0	    8.4	
   79	  11.84	    0.0	 1500.0	    0.0	    0.0	 1500.0	    0.0	  200.0	    0.0	 1500.0	    0.0	  200.0	  100.0	   60.7	    0.0	    0.0	    0.0	    0.0	    5.4	  1	 -750.0	 1550.0	   60.7	    0.0	    0.0	1	  360.2	 21	    0.0	    8.4	
   80	  11.94	    0.0	 1500.0	    0.0	    0.0	 1500.0	    0.0	  200.0	    0.0	 1500.0	    0.0	  200.0	  100.0	   60.2	    0.0	    0.0	    0.0	    0.0	    5.4	  1	 -750.0	 1550.0	   60.2	    0.0	    0.0	1	  359.7	 21	    0.0	    8.3	
   81	  12.04	    0.0	 1500.0	    0.0	    0.0	 1500.0	    0.0	  200.0	    0.0	 1500.0	    0.0	  200.0	  100.0	   59.7	    0.0	    0.0	    0.0	    0.0	    5.5	  1	 -750.0	 1550.0	   59.7	    0.0	    0.0	1	  359.3	 21	    0.0	    8.3	
   82	  12.14	    0.0	 1500.0	    0.0	    0.0	 1500.0	    0.0	  200.0	    0.0	 1500.0	    0.0	  200.0	  100.0	   59.2	    0.0	    0.0	    0.0	    0.0	    5.6	  1	 -750.0	 1550.0	   59.2	    0.0	    0.0	1	  358.8	 21	    0.0	    8.3	
   83	  12.24	    0.0	 1500.0	    0.0	    0.0	 1500.0	    0.0	  200.0	    0.0	 1500.0	    0.0	  200.0	  100.0	   58.7	    0.0	    0.0	    0.0	    0.0	    5.6	  1	 -750.0	 1550.0	   58.7	    0.0	    0.0	1	  358.3	 21	    0.0	    8.3	
   84	  12.34	    0.0	 1500.0	    0.0	    0.0	 1500.0	    0.0	  200.0	    0.0	 1500.0	    0.0	  200.0	  100.0	   58.2	    0.0	    0.0	    0.0	    0.0	    5.7	  1	 -750.0	 1550.0	   58.2	    0.0	    0.0	1	  357.8	 21	    0.0	    8.2	
   85	  12.44	    0.0	 1500.0	    0.0	    0.0	 1500.0	    0.0	  200.0	    0.0	 1500.0	    0.0	  200.0	  100.0	   57.7	    0.0	    0.0	    0.0	    0.0	    5.8	  1	 -750.0	 1550.0	   57.7	    0.0	    0.0	1	  357.3	 21	    0.0	    8.2	
   86	  12.54	    0.0	 1500.0	    0.0	    0.0	 1500.0	    0.0	  200.0	    0.0	 1500.0	    0.0	  200.0	  100.0	   57.2	    0.0	    0.0	    0.0	    0.0	    5.8	  1	 -750.0	 1550.0	   57.2	    0.0	    0.0	1	  356.8	 21	    0.0	    8.2	
   87	  12.64	    0.0	 1500.0	    0.0	    0.0	 1500.0	    0.0	  200.0	    0.0	 1500.0	    0.0	  200.0	  100.0	   56.7	    0.0	    0.0	    0.0	    0.0	    5.9	  1	 -750.0	 1550.0	   56.7	    0.0	    0.0	1	  356.3	 21	    0.0	    8.1	
   88	  12.74	    0.0	 1500.0	    0.0	    0.0	 1500.0	    0.0	  200.0	    0.0	 1500.0	    0.0	  200.0	  100.0	   56.2	    0.0	    0.0	    0.0	    0.0	    6.0	  1	 -750.0	 1550.0	   56.2	    0.0	    0.0	1	  355.9	 21	    0.0	    8.1	
   89	  12.84	    0.0	 1500.0	    0.0	    0.0	 1500.0	    0.0	  200.0	    0.0	 1500.0	    0.0	  200.0	  100.0	   55.7	    0.0	    0.0	    0.0	    0.0	    6.0	  1	 -750.0	 1550.0	   55.7	    0.0	    0.0	1	  355.4	 21	    0.0	    8.1	
   90	  12.94	    0.0	 1500.0	    0.0	    0.0	 1500.0	    0.0	  200.0	    0.0	 1500.0	    0.0	  200.0	  100.0	   55.2	    0.0	    0.0	    0.0	    0.0	    6.1	  1	 -750.0	 1550.0	   55.2	    0.0	    0.0	1	  354.9	 21	    0.0	    8.1	
   91	  13.04	    0.0	 1500.0	    0.0	    0.0	 1500.0	    0.0	  200.0	    0.0	 1500.0	    0.0	  200.0	  100.0	   54.7	    0.0	    0.0	    0.0	    0.0	    6.2	  1	 -750.0	 1550.0	   54.7	    0.0	    0.0	1	  354.4	 21	    0.0	    8.0	
   92	  13.14	    0.0	 1500.0	    0.0	    0.0	 1500.0	    0.0	  200.0	    0.0	 1500.0	    0.0	  200.0	  100.0	   54.2	    0.0	    0.0	    0.0	    0.0	    6.2	  1	 -750.0	 1550.0	   54.2	    0.0	    0.0	1	  353.9	 21	    0.0	    8.0	
   93	  13.24	    0.0	 1500.0	    0.0	    0.0	 1500.0	    0.0	  200.0	    0.0	 1500.0	    0.0	  200.0	  100.0	   53.7	    0.0	    0.0	    0.0	    0.0	    6.3	  1	 -750.0	 1550.0	   53.7	    0.0	    0.0	1	  353.4	 21	    0.0	    8.0	
   94	  13.34	    0.0	 1500.0	    0.0	    0.0	 1500.0	    0.0	  200.0	    0.0	 1500.0	    0.0	  200.0	  100.0	   53.2	    0.0	    0.0	    0.0	    0.0	    6.4	  1	 -750.0	 1550.0	   53.2	    0.0	    0.0	1	  352.9	 21	    0.0	    8.0	
   95	  13.44	    0.0	 1500.0	    0.0	    0.0	 1500.0	    0.0	  200.0	    0.0	 1500.0	    0.0	  200.0	  100.0	   52.7	    0.0	    0.0	    0.0	    0.0	    6.4	  1	 -750.0	 1550.0	   52.7	    0.0	    0.0	1	  352.5	 21	    0.0	    7.9	
   96	  13.54	    0.0	 1500.0	    0.0	    0.0	 1500.0	    0.0	  200.0	    0.0	 1500.0	    0.0	  200.0	  100.0	   52.2	    0.0	    0.0	    0.0	    0.0	    6.5	  1	 -750.0	 1550.0	   52.2	    0.0	    0.0	1	  352.0	 21	    0.0	    7.9	
   97	  13.64	    0.0	 1500.0	    0.0	    0.0	 1500.0	    0.0	  200.0	    0.0	 1500.0	    0.0	  200.0	  100.0	   51.7	    0.0	    0.0	    0.0	    0.0	    6.6	  1	 -750.0	 1550.0	   51.7	    0.0	    0.0	1	  351.5	 21	    0.0	    7.9	
   98	  13.74	    0.0	 1500.0	    0.0	    0.0	 1500.0	    0.0	  200.0	    0.0	 1500.0	    0.0	  200.0	  100.0	   51.2	    0.0	    0.0	    0.0	    0.0	    6.6	  1	 -750.0	 1550.0	   51.2	    0.0	    0.0	1	  351.0	 21	    0.0	    7.8	
   99	  13.84	    0.0	 1500.0	    0.0	    0.0	 1500.0	    0.0	  200.0	    0.0	 1500.0	    0.0	  200.0	  100.0	   50.7	    0.0	    0.0	    0.0	    0.0	    6.7	  1	 -750.0	 1550.0	   50.7	    0.0	    0.0	1	  350.5	 21	    0.0	    7.8	
  100	  13.94	    0.0	 1500.0	    0.0	    0.0	 1500.0	    0.0	  200.0	    0.0	 1500.0	    0.0	  200.0	  100.0	   50.2	    0.0	    0.0	    0.0	    0.0	    6.8	  1	 -750.0	 1550.0	   50.2	    0.0	    0.0	1	  350.0	 21	    0.0	    7.8	
  101	  14.04	    0.0	 1500.0	    0.0	    0.0	 1500.0	    0.0	  200.0	    0.0	 1500.0	    0.0	  200.0	  100.0	   49.7	    0.0	    0.0	    0.0	    0.0	    6.9	  1	 -750.0	 1550.0	   49.7	    0.0	    0.0	1	  349.5	 21	    0.0	    7.8	
  102	  14.14	    0.0	 1500.0	    0.0	    0.0	 1500.0	    0.0	  200.0	    0.0	 1500.0	    0.0	  200.0	  100.0	   49.2	    0.0	    0.0	    0.0	    0.0	    6.9	  1	 -750.0	 1550.0	   49.2	    0.0	    0.0	1	  349.0	 21	    0.0	    7.7	
  103	  14.24	    0.0	 1500.0	    0.0	    0.0	 1500.0	    0.0	  200.0	    0.0	 1500.0	    0.0	  200.0	  100.0	   48.7	    0.0	    0.0	    0.0	    0.0	    7.0	  1	 -750.0	 1550.0	   48.7	    0.0	    0.0	1	  348.5	 21	    0.0	    7.7	
  104	  14.34	    0.0	 1500.0	    0.0	    0.0	 1500.0	    0.0	  200.0	    0.0	 1500.0	    0.0	  200.0	  100.0	   48.2	    0.0	    0.0	    0.0	    0.0	    7.1	  1	 -750.0	 1550.0	   48.2	    0.0	    0.0	1	  348.1	 21	    0.0	    7.7	
  105	  14.44	    0.0	 1500.0	    0.0	    0.0	 1500.0	    0.0	  200.0	    0.0	 1500.0	    0.0	  200.0	  100.0	   47.7	    0.0	    0.0	    0.0	    0.0	    7.1	  1	 -750.0	 1550.0	   47.7	    0.0	    0.0	1	  347.6	 21	    0.0	    7.6	
  106	  14.54	    0.0	 1500.0	    0.0	    0.0	 1500.0	    0.0	  200.0	    0.0	 1500.0	    0.0	  200.0	  100.0	   47.2	    0.0	    0.0	    0.0	    0.0	    7.2	  1	 -750.0	 1550.0	   47.2	    0.0	    0.0	1	  347.1	 21	    0.0	    7.6	
  107	  14.64	    0.0	 1500.0	    0.0	    0.0	 1500.0	    0.0	  200.0	    0.0	 1500.0	    0.0	  200.0	  100.0	   46.7	    0.0	    0.0	    0.0	    0.0	    7.3	  1	 -750.0	 1550.0	   46.7	    0.0	    0.0	1	  346.6	 21	    0.0	    7.6	
  108	  14.74	    0.0	 1500.0	    0.0	    0.0	 1500.0	    0.0	  200.0	    0.0	 1500.0	    0.0	  200.0	  100.0	   46.2	    0.0	    0.0	    0.0	    0.0	    7.3	  1	 -750.0	 1550.0	   46.2	    0.0	    0.0	1	  346.1	 21	    0.0	    7.6	
  109	  14.84	    0.0	 1500.0	    0.0	    0.0	 1500.0	    0.0	  200.0	    0.0	 1500.0	    0.0	  200.0	  100.0	   45.7	    0.0	    0.0	    0.0	    0.0	    7.4	  1	 -750.0	 1550.0	   45.7	    0.0	    0.0	1	  345.6	 21	    0.0	    7.5	
  110	  14.94	    0.0	 1500.0	    0.0	    0.0	 1500.0	    0.0	  200.0	    0.0	 1500.0	    0.0	  200.0	  100.0	   45.2	    0.0	    0.0	    0.0	    0.0	    7.5	  1	 -750.0	 1550.0	   45.2	    0.0	    0.0	1	  345.1	 21	    0.0	    7.5	
  111	  15.04	    0.0	 1500.0	    0.0	    0.0	 1500.0	    0.0	  200.0	    0.0	 1500.0	    0.0	  200.0	  100.0	   44.7	    0.0	    0.0	    0.0	    0.0	    7.5	  1	 -750.0	 1550.0	   44.7	    0.0	    0.0	1	  344.6	 21	    0.0	    7.5	
  112	  15.14	    0.0	 1500.0	    0.0	    0.0	 1500.0	    0.0	  200.0	    0.0	 1500.0	    0.0	  200.0	  100.0	   44.2	    0.0	    0.0	    0.0	    0.0	    7.6	  1	 -750.0	 1550.0	   44.2	    0.0	    0.0	1	  344.1	 21	    0.0	    7.4	
  113	  15.24	    0.0	 1500.0	    0.0	    0.0	 1500.0	    0.0	  200.0	    0.0	 1500.0	    0.0	  200.0	  100.0	   43.7	    0.0	    0.0	    0.0	    0.0	    7.7	  1	 -750.0	 1550.0	   43.7	    0.0	    0.0	1	  343.6	 21	    0.0	    7.4	
  114	  15.34	    0.0	 1500.0	    0.0	    0.0	 1500.0	    0.0	  200.0	    0.0	 1500.0	    0.0	  200.0	  100.0	   43.2	    0.0	    0.0	    0.0	    0.0	    7.7	  1	 -750.0	 1550.0	   43.2	    0.0	    0.0	1	  343.1	 21	    0.0	    7.4	
  115	  15.44	    0.0	 1500.0	    0.0	    0.0	 1500.0	    0.0	  200.0	    0.0	 1500.0	    0.0	  200.0	  100.0	   42.7	    0.0	    0.0	    0.0	    0.0	    7.8	  1	 -750.0	 1550.0	   42.7	    0.0	    0.0	1	  342.7	 21	    0.0	    7.4	
  116	  15.54	    0.0	 1500.0	    0.0	    0.0	 1500.0	    0.0	  200.0	    0.0	 1500.0	    0.0	  200.0	  100.0	   42.2	    0.0	    0.0	    0.0	    0.0	    7.9	  1	 -750.0	 1550.0	   42.2	    0.0	    0.0	1	  342.2	 21	    0.0	    7.3	
  117	  15.64	    0.0	 1500.0	    0.0	    0.0	 1500.0	    0.0	  200.0	    0.0	 1500.0	    0.0	  200.0	  100.0	   41.7	    0.0	    0.0	    0.0	    0.0	    7.9	  1	 -750.0	 1550.0	   41.7	    0.0	    0.0	1	  341.7	 21	    0.0	    7.3	
  118	  15.74	    0.0	 1500.0	    0.0	    0.0	 1500.0	    0.0	  200.0	    0.0	 1500.0	    0.0	  200.0	  100.0	   41.2	    0.0	    0.0	    0.0	    0.0	    8.0	  1	 -750.0	 1550.0	   41.2	    0.0	    0.0	1	  341.2	 21	    0.0	    7.3	
  119	  15.84	    0.0	 1500.0	    0.0	    0.0	 1500.0	    0.0	  200.0	    0.0	 1500.0	    0.0	  200.0	  100.0	   40.7	    0.0	    0.0	    0.0	    0.0	    8.1	  1	 -750.0	 1550.0	   40.7	    0.0	    0.0	1	  340.7	 21	    0.0	    7.2	
  120	  15.94	    0.0	 1500.0	    0.0	    0.0	 1500.0	    0.0	  200.0	    0.0	 1500.0	    0.0	  200.0	  100.0	   40.2	    0.0	    0.0	    0.0	    0.0	    8.1	  1	 -750.0	 1550.0	   40.2	    0.0	    0.0	1	  340.2	 21	    0.0	    7.2	
  121	  16.04	    0.0	 1500.0	    0.0	    0.0	 1500.0	    0.0	  200.0	    0.0	 1500.0	    0.0	  200.0	  100.0	   39.7	    0.0	    0.0	    0.0	    0.0	    8.2	  1	 -750.0	 1550.0	   39.7	    0.0	    0.0	1	  339.7	 21	    0.0	    7.2	
  122	  16.14	    0.0	 1500.0	    0.0	    0.0	 1500.0	    0.0	  200.0	    0.0	 1500.0	    0.0	  200.0	  100.0	   39.2	    0.0	    0.0	    0.0	    0.0	    8.3	  1	 -750.0	 1550.0	   39.2	    0.0	    0.0	1	  339.2	 21	    0.0	    7.2	
  123	  16.24	    0.0	 1500.0	    0.0	    0.0	 1500.0	    0.0	  200.0	    0.0	 1500.0	    0.0	  200.0	  100.0	   38.7	    0.0	    0.0	    0.0	    0.0	    8.3	  1	 -750.0	 1550.0	   38.7	    0.0	    0.0	1	  338.7	 21	    0.0	    7.1	
  124	  16.34	    0.0	 1500.0	    0.0	    0.0	 1500.0	    0.0	  200.0	    0.0	 1500.0	    0.0	  200.0	  100.0	   38.2	    0.0	    0.0	    0.0	    0.0	    8.4	  1	 -750.0	 1550.0	   38.2	    0.0	    0.0	1	  338.2	 21	    0.0	    7.1	
  125	  16.44	    0.0	 1500.0	    0.0	    0.0	 1500.0	    0.0	  200.0	    0.0	 1500.0	    0.0	  200.0	  100.0	   37.7	    0.0	    0.0	    0.0	    0.0	    8.5	  1	 -750.0	 1550.0	   37.7	    0.0	    0.0	1	  337.7	 21	    0.0	    7.1	
  126	  16.54	    0.0	 1500.0	    0.0	    0.0	 1500.0	    0.0	  200.0	    0.0	 1500.0	    0.0	  200.0	  100.0	   37.2	    0.0	    0.0	    0.0	    0.0	    8.5	  1	 -750.0	 1550.0	   37.2	    0.0	    0.0	1	  337.2	 21	    0.0	    7.0	
  127	  16.64	    0.0	 1500.0	    0.0	    0.0	 1500.0	    0.0	  200.0	    0.0	 1500.0	    0.0	  200.0	  100.0	   36.7	    0.0	    0.0	    0.0	    0.0	    8.6	  1	 -750.0	 1550.0	   36.7	    0.0	    0.0	1	  336.7	 21	    0.0	    7.0	
  128	  16.74	    0.0	 1500.0	    0.0	    0.0	 1500.0	    0.0	  200.0	    0.0	 1500.0	    0.0	  200.0	  100.0	   36.2	    0.0	    0.0	    0.0	    0.0	    8.7	  1	 -750.0	 1550.0	   36.2	    0.0	    0.0	1	  336.2	 21	    0.0	    7.0	
  129	  16.84	    0.0	 1500.0	    0.0	    0.0	 1500.0	    0.0	  200.0	    0.0	 1500.0	    0.0	  200.0	  100.0	   35.7	    0.0	    0.0	    0.0	    0.0	    8.8	  1	 -750.0	 1550.0	   35.7	    0.0	    0.0	1	  335.7	 21	    0.0	    7.0	
  130	  16.94	    0.0	 1500.0	    0.0	    0.0	 1500.0	    0.0	  200.0	    0.0	 1500.0	    0.0	  200.0	  100.0	   35.2	    0.0	    0.0	    0.0	    0.0	    8.8	  1	 -750.0	 1550.0	   35.2	    0.0	    0.0	1	  335.2	 21	    0.0	    6.9	
  131	  17.04	    0.0	 1500.0	    0.0	    0.0	 1500.0	    0.0	  200.0	    0.0	 1500.0	    0.0	  200.0	  100.0	   34.7	    0.0	    0.0	    0.0	    0.0	    8.9	  1	 -750.0	 1550.0	   34.7	    0.0	    0.0	1	  334.7	 21	    0.0	    6.9	
  132	  17.14	    0.0	 1500.0	    0.0	    0.0	 1500.0	    0.0	  200.0	    0.0	 1500.0	    0.0	  200.0	  100.0	   34.2	    0.0	    0.0	    0.0	    0.0	    9.0	  1	 -750.0	 1550.0	   34.2	    0.0	    0.0	1	  334.2	 21	    0.0	    6.9	
  133	  17.24	    0.0	 1500.0	    0.0	    0.0	 1500.0	    0.0	  200.0	    0.0	 1500.0	    0.0	  200.0	  100.0	   33.7	    0.0	    0.0	    0.0	    0.0	    9.0	  1	 -750.0	 1550.0	   33.7	    0.0	    0.0	1	  333.8	 21	    0.0	    6.9	
  134	  17.34	    0.0	 1500.0	    0.0	    0.0	 1500.0	    0.0	  200.0	    0.0	 1500.0	    0.0	  200.0	  100.0	   33.2	    0.0	    0.0	    0.0	    0.0	    9.1	  1	 -750.0	 1550.0	   33.2	    0.0	    0.0	1	  333.3	 21	    0.0	    6.8	
  135	  17.44	    0.0	 1500.0	    0.0	    0.0	 1500.0	    0.0	  200.0	    0.0	 1500.0	    0.0	  200.0	  100.0	   32.7	    0.0	    0.0	    0.0	    0.0	    9.2	  1	 -750.0	 1550.0	   32.7	    0.0	    0.0	1	  332.8	 21	    0.0	    6.8	
  136	  17.54	    0.0	 1500.0	    0.0	    0.0	 1500.0	    0.0	  200.0	    0.0	 1500.0	    0.0	  200.0	  100.0	   32.2	    0.0	    0.0	    0.0	    0.0	    9.2	  1	 -750.0	 1550.0	   32.2	    0.0	    0.0	1	  332.3	 21	    0.0	    6.8	
  137	  17.64	    0.0	 1500.0	    0.0	    0.0	 1500.0	    0.0	  200.0	    0.0	 1500.0	    0.0	  200.0	  100.0	   31.7	    0.0	    0.0	    0.0	    0.0	    9.3	  1	 -750.0	 1550.0	   31.7	    0.0	    0.0	1	  331.8	 21	    0.0	    6.7	
  138	  17.74	    0.0	 1500.0	    0.0	    0.0	 1500.0	    0.0	  200.0	    0.0	 1500.0	    0.0	  200.0	  100.0	   31.2	    0.0	    0.0	    0.0	    0.0	    9.4	  1	 -750.0	 1550.0	   31.2	    0.0	    0.0	1	  331.3	 21	    0.0	    6.7	
  139	  17.84	    0.0	 1500.0	    0.0	    0.0	 1500.0	    0.0	  200.0	    0.0	 1500.0	    0.0	  200.0	  100.0	   30.7	    0.0	    0.0	    0.0	    0.0	    9.4	  1	 -750.0	 1550.0	   30.7	    0.0	    0.0	1	  330.8	 21	    0.0	    6.7	
  140	  17.94	    0.0	 1500.0	    0.0	    0.0	 1500.0	    0.0	  200.0	    0.0	 1500.0	    0.0	  200.0	  100.0	   30.2	    0.0	    0.0	    0.0	    0.0	    9.5	  1	 -750.0	 1550.0	   30.2	    0.0	    0.0	1	  330.3	 21	    0.0	    6.7	
  141	  18.04	    0.0	 1500.0	    0.0	    0.0	 1500.0	    0.0	  200.0	    0.0	 1500.0	    0.0	  200.0	  100.0	   29.7	    0.0	    0.0	    0.0	    0.0	    9.6	  1	 -750.0	 1550.0	   29.7	    0.0	    0.0	1	  329.8	 21	    0.0	    6.6	
  142	  18.14	    0.0	 1500.0	    0.0	    0.0	 1500.0	    0.0	  200.0	    0.0	 1500.0	    0.0	  200.0	  100.0	   29.2	    0.0	    0.0	    0.0	    0.0	    9.6	  1	 -750.0	 1550.0	   29.2	    0.0	    0.0	1	  329.3	 21	    0.0	    6.6	
  143	  18.24	    0.0	 1500.0	    0.0	    0.0	 1500.0	    0.0	  200.0	    0.0	 1500.0	    0.0	  200.0	  100.0	   28.7	    0.0	    0.0	    0.0	    0.0	    9.7	  1	 -750.0	 1550.0	   28.7	    0.0	    0.0	1	  328.8	 21	    0.0	    6.6	
  144	  18.34	    0.0	 1500.0	    0.0	    0.0	 1500.0	    0.0	  200.0	    0.0	 1500.0	    0.0	  200.0	  100.0	   28.2	    0.0	    0.0	    0.0	    0.0	    9.8	  1	 -750.0	 1550.0	   28.2	    0.0	    0.0	1	  328.3	 21	    0.0	    6.5	
  145	  18.44	    0.0	 1500.0	    0.0	    0.0	 1500.0	    0.0	  200.0	    0.0	 1500.0	    0.0	  200.0	  100.0	   27.7	    0.0	    0.0	    0.0	    0.0	    9.8	  1	 -750.0	 1550.0	   27.7	    0.0	    0.0	1	  327.8	 21	    0.0	    6.5	
  146	  18.54	    0.0	 1500.0	    0.0	    0.0	 1500.0	    0.0	  200.0	    0.0	 1500.0	    0.0	  200.0	  100.0	   27.2	    0.0	    0.0	    0.0	    0.0	    9.9	  1	 -750.0	 1550.0	   27.2	    0.0	    0.0	1	  327.3	 21	    0.0	    6.5	
  147	  18.64	    0.0	 1500.0	    0.0	    0.0	 1500.0	    0.0	  200.0	    0.0	 1500.0	    0.0	  200.0	  100.0	   26.7	    0.0	    0.0	    0.0	    0.0	   10.0	  1	 -750.0	 1550.0	   26.7	    0.0	    0.0	1	  326.8	 21	    0.0	    6.5	
  148	  18.74	    0.0	 1500.0	    0.0	 -804.7	  860.4	    0.0	  200.0	    0.0	 1500.0	    0.0	  200.0	  100.0	   26.7	    0.0	    0.0	    0.0	    0.3	   10.0	  1	 -750.0	  750.0	   26.7	    0.0	    0.3	1	  386.8	 21	    0.0	    5.4	
  149	  18.84	    0.0	 1500.0	    0.0	 -804.7	  860.4	    0.0	  200.0	    0.0	 1500.0	    0.0	  200.0	  100.0	   26.3	    0.0	    0.0	    0.0	    0.5	   10.1	  1	 -750.0	 1550.0	   26.3	    0.0	    0.5	1	  327.9	 21	    0.0	    6.4	
  150	  18.94	    0.0	 1500.0	    0.0	 -804.7	  860.4	    0.0	  200.0	    0.0	 1500.0	    0.0	  200.0	  100.0	   25.9	    0.0	    0.0	    0.0	    0.8	   10.2	  1	 -750.0	 1550.0	   25.9	    0.0	    0.8	1	  328.3	 21	    0.0	    6.6	
  151	  19.04	    0.0	 1500.0	    0.0	 -804.7	  860.4	    0.0	  200.0	    0.0	 1500.0	    0.0	  200.0	  100.0	   25.5	    0.0	    0.0	    0.0	    1.0	   10.2	  1	 -750.0	 1550.0	   25.5	    0.0	    1.0	1	  328.7	 21	    0.0	    6.7	
  152	  19.14	    0.0	 1500.0	    0.0	 -804.7	  860.4	    0.0	  200.0	    0.0	 1500.0	    0.0	  200.0	  100.0	   25.2	    0.0	    0.0	    0.0	    1.3	   10.3	  1	 -750.0	 1550.0	   25.2	    0.0	    1.3	1	  329.1	 21	    0.0	    6.9	
  153	  19.24	    0.0	 1500.0	    0.0	 -804.7	  860.4	    0.0	  200.0	    0.0	 1500.0	    0.0	  200.0	  100.0	   24.8	    0.0	    0.0	    0.0	    1.5	   10.4	  1	 -750.0	 1550.0	   24.8	    0.0	    1.5	1	  329.5	 21	    0.0	    7.1	
  154	  19.34	    0.0	 1500.0	    0.0	 -804.7	  860.4	    0.0	  200.0	    0.0	 1500.0	    0.0	  200.0	  100.0	   24.4	    0.0	    0.0	    0.0	    1.8	   10.4	  1	 -750.0	 1550.0	   24.4	    0.0	    1.8	1	  330.0	 21	    0.0	    7.2	
  155	  19.44	    0.0	 1500.0	    0.0	 -795.3	  854.6	    0.0	  200.0	    0.0	 1500.0	    0.0	  200.0	  100.0	   24.0	    0.0	    0.0	    0.0	    2.1	   10.5	  1	 -350.0	  750.0	   24.0	    0.0	    2.1	1	  344.0	 21	    0.0	    7.4	
  156	  19.54	    0.0	 1500.0	    0.0	 -795.3	  854.6	    0.0	  200.0	    0.0	 1500.0	    0.0	  200.0	  100.0	   23.6	    0.0	    0.0	    0.0	    2.3	   10.6	  1	 -350.0	  750.0	   23.6	    0.0	    2.3	1	  344.5	 21	    0.0	    7.6	
  157	  19.64	    0.0	 1500.0	    0.0	 -795.3	  854.6	    0.0	  200.0	    0.0	 1500.0	    0.0	  200.0	  100.0	   23.3	    0.0	    0.0	    0.0	    2.6	   10.6	  1	 -350.0	  750.0	   23.3	    0.0	    2.6	1	  345.0	 21	    0.0	    7.8	
  158	  19.74	    0.0	 1500.0	    0.0	 -795.3	  854.6	    0.0	  200.0	    0.0	 1500.0	    0.0	  200.0	  100.0	   22.9	    0.0	    0.0	    0.0	    2.8	   10.7	  1	 -350.0	  750.0	   22.9	    0.0	    2.8	1	  345.6	 21	    0.0	    7.9	
  159	  19.84	    0.0	 1500.0	    0.0	 -788.7	  853.0	    0.0	  200.0	    0.0	 1500.0	    0.0	  200.0	  100.0	   22.5	    0.0	    0.0	    0.0	    3.1	   10.8	  1	 -750.0	 1450.0	   22.5	    0.0	    3.1	1	  300.0	 21	    0.0	    8.1	
  160	  19.94	    0.0	 1500.0	    0.0	 -788.7	  853.0	    0.0	  200.0	    0.0	 1500.0	    0.0	  200.0	  100.0	   22.1	    0.0	    0.0	    0.0	    3.3	   10.9	  1	 -750.0	 1450.0	   22.1	    0.0	    3.3	1	  300.0	 21	    0.0	    8.3	
  161	  20.04	    0.0	 1500.0	    0.0	 -788.7	  853.0	    0.0	  200.0	    0.0	 1500.0	    0.0	  200.0	  100.0	   21.8	    0.0	    0.0	    0.0	    3.6	   10.9	  1	 -750.0	 1450.0	   21.8	    0.0	    3.6	1	  300.0	 21	    0.0	    8.5	
  162	  20.14	    0.0	 1500.0	    0.0	 -788.7	  853.0	    0.0	  200.0	    0.0	 1500.0	    0.0	  200.0	  100.0	   21.4	    0.0	    0.0	    0.0	    3.8	   11.0	  1	 -750.0	 1450.0	   21.4	    0.0	    3.8	1	  300.0	 21	    0.0	    8.7	
  163	  20.24	    0.0	 1500.0	    0.0	 -769.0	  827.3	    0.0	  200.0	    0.0	 1500.0	    0.0	  200.0	  100.0	   21.0	    0.0	    0.0	    0.0	    4.1	   11.1	  1	 -750.0	 1450.0	   21.0	    0.0	    4.1	1	  300.0	 21	    0.0	    8.9	
  164	  20.34	    0.0	 1500.0	    0.0	 -769.0	  827.3	    0.0	  200.0	    0.0	 1500.0	    0.0	  200.0	  100.0	   20.6	    0.0	    0.0	    0.0	    4.3	   11.1	  1	 -750.0	 1450.0	   20.6	    0.0	    4.3	1	  300.0	 21	    0.0	    9.0	
  165	  20.44	    0.0	 1500.0	    0.0	 -769.0	  827.3	    0.0	  200.0	    0.0	 1500.0	    0.0	  200.0	  100.0	   20.2	    0.0	    0.0	    0.0	    4.6	   11.2	  1	 -750.0	 1450.0	   20.2	    0.0	    4.6	1	  300.0	 21	    0.0	    9.2	
  166	  20.54	    0.0	 1500.0	    0.0	 -788.7	  853.0	    0.0	  200.0	    0.0	 1500.0	    0.0	  200.0	  100.0	   19.9	    0.0	    0.0	    0.0	    4.9	   11.3	  1	 -750.0	 1450.0	   19.9	    0.0	    4.9	1	  300.0	 21	    0.0	    9.4	
  167	  20.64	    0.0	 1500.0	    0.0	 -769.0	  827.3	    0.0	  200.0	    0.0	 1500.0	    0.0	  200.0	  100.0	   19.5	    0.0	    0.0	    0.0	    5.1	   11.3	  1	 -750.0	 1450.0	   19.5	    0.0	    5.1	1	  300.0	 21	    0.0	    9.6	
  168	  20.74	    0.0	 1500.0	    0.0	 -769.0	  827.3	    0.0	  200.0	    0.0	 1500.0	    0.0	  200.0	  100.0	   19.1	    0.0	    0.0	    0.0	    5.4	   11.4	  1	 -750.0	 1450.0	   19.1	    0.0	    5.4	1	  300.0	 21	    0.0	    9.8	
  169	  20.84	    0.0	 1500.0	    0.0	 -759.7	  809.5	    0.0	  200.0	    0.0	 1500.0	    0.0	  200.0	  100.0	   18.7	    0.0	    0.0	    0.0	    5.6	   11.5	  1	 -250.0	  750.0	   18.7	    0.0	    5.6	1	  350.3	 21	 1300.2	   10.0	
  170	  20.94	    0.0	 1500.0	    0.0	 -769.0	  827.3	    0.0	  200.0	    0.0	 1500.0	    0.0	  200.0	  100.0	   18.4	    0.0	    0.0	    0.0	    5.9	   11.5	  1	 -750.0	 1450.0	   18.4	    0.0	    5.9	1	  300.0	 21	 1302.2	   10.2	
  171	  21.04	    0.0	 1500.0	    0.0	 -759.7	  809.5	    0.0	  200.0	    0.0	 1500.0	    0.0	  200.0	  100.0	   18.0	    0.0	    0.0	    0.0	    6.1	   11.6	  1	 -250.0	  750.0	   18.0	    0.0	    6.1	1	  351.4	 21	 1304.3	   10.4	
  172	  21.14	    0.0	 1500.0	    0.0	 -759.7	  809.5	    0.0	  200.0	    0.0	 1500.0	    0.0	  200.0	  100.0	   17.6	    0.0	    0.0	    0.0	    6.4	   11.7	  1	 -250.0	  750.0	   17.6	    0.0	    6.4	1	  351.9	 21	 1306.4	   10.6	
  173	  21.24	    0.0	 1500.0	    0.0	 -759.7	  809.5	    0.0	  200.0	    0.0	 1500.0	    0.0	  200.0	  100.0	   17.2	    0.0	    0.0	    0.0	    6.6	   11.7	  1	 -250.0	  750.0	   17.2	    0.0	    6.6	1	  352.4	 21	 1308.5	   10.8	
  174	  21.34	    0.0	 1500.0	    0.0	 -759.7	  809.5	    0.0	  200.0	    0.0	 1500.0	    0.0	  200.0	  100.0	   16.9	    0.0	    0.0	    0.0	    6.9	   11.8	  1	 -250.0	  750.0	   16.9	    0.0	    6.9	1	  352.9	 21	 1310.6	   11.1	
  175	  21.44	    0.0	 1500.0	    0.0	 -765.0	  813.9	    0.0	  200.0	    0.0	 1500.0	    0.0	  200.0	  100.0	   16.5	    0.0	    0.0	    0.0	    7.2	   11.9	  1	 -750.0	 1450.0	   16.5	    0.0	    7.2	1	  300.0	 21	 1312.8	   11.3	
  176	  21.54	    0.0	 1500.0	    0.0	 -765.0	  813.9	    0.0	  200.0	    0.0	 1500.0	    0.0	  200.0	  100.0	   16.1	    0.0	    0.0	    0.0	    7.4	   11.9	  1	 -750.0	 1450.0	   16.1	    0.0	    7.4	1	  300.0	 21	 1315.0	   11.5	
  177	  21.64	    0.0	 1500.0	    0.0	 -765.0	  813.9	    0.0	  200.0	    0.0	 1500.0	    0.0	  200.0	  100.0	   15.7	    0.0	    0.0	    0.0	    7.7	   12.0	  1	 -750.0	 1450.0	   15.7	    0.0	    7.7	1	  300.0	 21	 1317.2	   11.7	
  178	  21.74	    0.0	 1500.0	    0.0	 -765.0	  813.9	    0.0	  200.0	    0.0	 1500.0	    0.0	  200.0	  100.0	   15.3	    0.0	    0.0	    0.0	    7.9	   12.1	  1	 -750.0	 1450.0	   15.3	    0.0	    7.9	1	  300.0	 21	 1319.4	   11.9	
  179	  21.84	    0.0	 1500.0	    0.0	 -765.0	  813.9	    0.0	  200.0	    0.0	 1500.0	    0.0	  200.0	  100.0	   15.0	    0.0	    0.0	    0.0	    8.2	   12.1	  1	 -750.0	 1450.0	   15.0	    0.0	    8.2	1	  300.0	 21	 1321.7	   12.2	
  180	  21.94	    0.0	 1500.0	    0.0	 -772.7	  824.6	    0.0	  200.0	    0.0	 1500.0	    0.0	  200.0	  100.0	   14.6	    0.0	    0.0	    0.0	    8.4	   12.2	  1	 -750.0	 1450.0	   14.6	    0.0	    8.4	1	  300.0	 21	 1324.0	   12.4	
  181	  22.04	    0.0	 1500.0	    0.0	 -772.7	  824.6	    0.0	  200.0	    0.0	 1500.0	    0.0	  200.0	  100.0	   14.2	    0.0	    0.0	    0.0	    8.7	   12.3	  1	 -750.0	 1450.0	   14.2	    0.0	    8.7	1	  300.0	 21	 1326.3	   12.6	
  182	  22.14	    0.0	 1500.0	    0.0	 -772.7	  824.6	    0.0	  200.0	    0.0	 1500.0	    0.0	  200.0	  100.0	   13.8	    0.0	    0.0	    0.0	    9.0	   12.3	  1	 -750.0	 1450.0	   13.8	    0.0	    9.0	1	  300.0	 21	 1328.7	   12.9	
  183	  22.24	    0.0	 1500.0	    0.0	 -772.7	  824.6	    0.0	  200.0	    0.0	 1500.0	    0.0	  200.0	  100.0	   13.5	    0.0	    0.0	    0.0	    9.2	   12.4	  1	 -750.0	 1450.0	   13.5	    0.0	    9.2	1	  300.0	 21	 1331.1	   13.1	
  184	  22.34	    0.0	 1500.0	    0.0	 -785.7	  832.2	    0.0	  200.0	    0.0	 1500.0	    0.0	  200.0	  100.0	   13.1	    0.0	    0.0	    0.0	    9.5	   12.5	  1	 -750.0	 1450.0	   13.1	    0.0	    9.5	1	  300.0	 21	 1333.5	   13.3	
  185	  22.44	    0.0	 1500.0	    0.0	 -772.7	  824.6	    0.0	  200.0	    0.0	 1500.0	    0.0	  200.0	  100.0	   12.7	    0.0	    0.0	    0.0	    9.7	   12.5	  1	 -750.0	 1450.0	   12.7	    0.0	    9.7	1	  300.0	 21	 1335.9	   13.6	
  186	  22.54	    0.0	 1500.0	    0.0	 -785.7	  832.2	    0.0	  200.0	    0.0	 1500.0	    0.0	  200.0	  100.0	   12.3	    0.0	    0.0	    0.0	   10.0	   12.6	  1	 -750.0	 1450.0	   12.3	    0.0	   10.0	1	  300.0	 21	 1338.4	   13.8	
  187	  22.64	    0.0	 1500.0	    0.0	 -785.7	  832.2	    0.0	  200.0	    0.0	 1500.0	    0.0	  200.0	  100.0	   12.0	    0.0	    0.0	    0.0	   10.2	   12.7	  1	 -750.0	 1450.0	   12.0	    0.0	   10.2	1	  300.0	 21	 1340.9	   14.1	
  188	  22.74	    0.0	 1500.0	    0.0	 -785.7	  832.2	    0.0	  200.0	    0.0	 1500.0	    0.0	  200.0	  100.0	   11.6	    0.0	    0.0	    0.0	   10.5	   12.8	  1	 -750.0	 1450.0	   11.6	    0.0	   10.5	1	  300.0	 21	 1343.4	   14.3	
  189	  22.84	    0.0	 1500.0	    0.0	 -785.7	  832.2	    0.0	  200.0	    0.0	 1500.0	    0.0	  200.0	  100.0	   11.2	    0.0	    0.0	    0.0	   10.8	   12.8	  1	 -750.0	 1450.0	   11.2	    0.0	   10.8	1	  300.0	 21	 1346.0	   14.6	
  190	  22.94	    0.0	 1500.0	    0.0	 -811.4	  843.0	    0.0	  200.0	    0.0	 1500.0	    0.0	  200.0	  100.0	   10.8	    0.0	    0.0	    0.0	   11.0	   12.9	  1	 -350.0	  750.0	   10.8	    0.0	   11.0	1	  363.8	 21	 1348.6	   14.9	
  191	  23.04	    0.0	 1500.0	    0.0	 -811.4	  843.0	    0.0	  200.0	    0.0	 1500.0	    0.0	  200.0	  100.0	   10.5	    0.0	    0.0	    0.0	   11.3	   13.0	  1	 -350.0	  750.0	   10.5	    0.0	   11.3	1	  364.4	 21	 1351.2	   15.1	
  192	  23.14	    0.0	 1500.0	    0.0	 -811.4	  843.0	    0.0	  200.0	    0.0	 1500.0	    0.0	  200.0	  100.0	   10.1	    0.0	    0.0	    0.0	   11.6	   13.0	  1	 -350.0	  750.0	   10.1	    0.0	   11.6	1	  365.0	 21	 1353.9	   15.4	
  193	  23.24	    0.0	 1500.0	    0.0	 -811.4	  843.0	    0.0	  200.0	    0.0	 1500.0	    0.0	  200.0	  100.0	    9.7	    0.0	    0.0	    0.0	   11.8	   13.1	  1	 -350.0	  750.0	    9.7	    0.0	   11.8	1	  365.5	 21	 1356.6	   15.7	
  194	  23.34	    0.0	 1500.0	    0.0	 -813.8	  873.2	    0.0	  200.0	    0.0	 1500.0	    0.0	  200.0	  100.0	    9.3	    0.0	    0.0	    0.0	   12.1	   13.2	  1	 -750.0	 1550.0	    9.3	    0.0	   12.1	1	  347.3	 21	 1359.4	   15.9	
  195	  23.44	    0.0	 1500.0	    0.0	 -811.4	  843.0	    0.0	  200.0	    0.0	 1500.0	    0.0	  200.0	  100.0	    9.0	    0.0	    0.0	    0.0	   12.3	   13.2	  1	 -350.0	  750.0	    9.0	    0.0	   12.3	1	  366.6	 21	 1362.1	   16.2	
  196	  23.54	    0.0	 1500.0	    0.0	 -813.8	  873.2	    0.0	  200.0	    0.0	 1500.0	    0.0	  200.0	  100.0	    8.6	    0.0	    0.0	    0.0	   12.6	   13.3	  1	 -750.0	 1550.0	    8.6	    0.0	   12.6	1	  348.2	 21	 1364.9	   16.5	
  197	  23.64	    0.0	 1500.0	    0.0	 -813.8	  873.2	    0.0	  200.0	    0.0	 1500.0	    0.0	  200.0	  100.0	    8.2	    0.0	    0.0	    0.0	   12.8	   13.4	  1	 -750.0	 1550.0	    8.2	    0.0	   12.8	1	  348.6	 21	 1367.8	   16.8	
  198	  23.74	    0.0	 1500.0	    0.0	 -813.8	  873.2	    0.0	  200.0	    0.0	 1500.0	    0.0	  200.0	  100.0	    7.8	    0.0	    0.0	    0.0	   13.1	   13.4	  1	 -750.0	 1550.0	    7.8	    0.0	   13.1	1	  349.0	 21	 1370.6	   17.1	
  199	  23.84	    0.0	 1500.0	    0.0	 -813.8	  873.2	    0.0	  200.0	    0.0	 1500.0	    0.0	  200.0	  100.0	    7.5	    0.0	    0.0	    0.0	   13.4	   13.5	  1	 -750.0	 1550.0	    7.5	    0.0	   13.4	1	  349.4	 21	 1373.5	   17.4	
  200	  23.94	    0.0	 1500.0	    0.0	 -806.6	  866.6	    0.0	  200.0	    0.0	 1500.0	    0.0	  200.0	  100.0	    7.1	    0.0	    0.0	    0.0	   13.6	   13.6	  1	 -350.0	  750.0	    7.1	    0.0	   13.6	1	  367.3	 21	 1376.5	   17.6	
  201	  24.04	    0.0	 1500.0	    0.0	 -806.6	  866.6	    0.0	  200.0	    0.0	 1500.0	    0.0	  200.0	  100.0	    6.7	    0.0	    0.0	    0.0	   13.9	   13.6	  1	 -350.0	  750.0	    6.7	    0.0	   13.9	1	  367.9	 21	 1379.4	   17.9	
  202	  24.14	    0.0	 1500.0	    0.0	 -806.6	  866.6	    0.0	  200.0	    0.0	 1500.0	    0.0	  200.0	  100.0	    6.3	    0.0	    0.0	    0.0	   14.1	   13.7	  1	 -350.0	  750.0	    6.3	    0.0	   14.1	1	  368.4	 21	 1382.5	   18.2	
  203	  24.24	    0.0	 1500.0	    0.0	 -806.6	  866.6	    0.0	  200.0	    0.0	 1500.0	    0.0	  200.0	  100.0	    6.0	    0.0	    0.0	    0.0	   14.4	   13.8	  1	 -350.0	  750.0	    6.0	    0.0	   14.4	1	  368.9	 21	 1385.5	   18.6	
  204	  24.34	    0.0	 1500.0	    0.0	 -806.6	  866.6	    0.0	  200.0	    0.0	 1500.0	    0.0	  200.0	  100.0	    5.6	    0.0	    0.0	    0.0	   14.6	   13.8	  1	 -350.0	  750.0	    5.6	    0.0	   14.6	1	  369.4	 21	 1388.6	   18.9	
  205	  24.44	    0.0	 1500.0	    0.0	 -806.6	  866.6	    0.0	  200.0	    0.0	 1500.0	    0.0	  200.0	  100.0	    5.2	    0.0	    0.0	    0.0	   14.9	   13.9	  1	 -350.0	  750.0	    5.2	    0.0	   14.9	1	  369.9	 21	 1391.8	   19.2	
  206	  24.54	    0.0	 1500.0	    0.0	 -806.6	  866.6	    0.0	  200.0	    0.0	 1500.0	    0.0	  200.0	  100.0	    4.8	    0.0	    0.0	    0.0	   15.2	   14.0	  1	 -350.0	  750.0	    4.8	    0.0	   15.2	1	  370.4	 21	 1394.9	   19.5	
  207	  24.64	    0.0	 1500.0	    0.0	 -806.6	  866.6	    0.0	  200.0	    0.0	 1500.0	    0.0	  200.0	  100.0	    4.4	    0.0	    0.0	    0.0	   15.4	   14.0	  1	 -350.0	  750.0	    4.4	    0.0	   15.4	1	  370.9	 21	 1398.2	   19.8	
  208	  24.74	    0.0	 1500.0	    0.0	 -806.6	  866.6	    0.0	  200.0	    0.0	 1500.0	    0.0	  200.0	  100.0	    4.1	    0.0	    0.0	    0.0	   15.7	   14.1	  1	 -350.0	  750.0	    4.1	    0.0	   15.7	1	  371.5	 21	    0.0	    0.0	
  209	  24.84	    0.0	 1500.0	    0.0	 -806.6	  866.6	    0.0	  200.0	    0.0	 1500.0	    0.0	  200.0	  100.0	    3.7	    0.0	    0.0	    0.0	   15.9	   14.2	  1	 -350.0	  750.0	    3.7	    0.0	   15.9	1	  372.0	 21	    0.0	    0.0	
  210	  24.94	    0.0	 1500.0	    0.0	 -797.2	  864.8	    0.0	  200.0	    0.0	 1500.0	    0.0	  200.0	  100.0	    3.3	    0.0	    0.0	    0.0	   16.2	   14.2	  1	 -350.0	  750.0	    3.3	    0.0	   16.2	1	  372.3	 21	    0.0	    0.0	
  211	  25.04	    0.0	 1500.0	    0.0	 -797.2	  864.8	    0.0	  200.0	    0.0	 1500.0	    0.0	  200.0	  100.0	    2.9	    0.0	    0.0	    0.0	   16.4	   14.3	  1	 -350.0	  750.0	    2.9	    0.0	   16.4	1	  372.8	 21	    0.0	    0.0	
  212	  25.14	    0.0	 1500.0	    0.0	 -797.2	  864.8	    0.0	  200.0	    0.0	 1500.0	    0.0	  200.0	  100.0	    2.6	    0.0	    0.0	    0.0	   16.7	   14.4	  1	 -350.0	  750.0	    2.6	    0.0	   16.7	1	  373.3	 21	    0.0	    0.0	
  213	  25.24	    0.0	 1500.0	    0.0	 -797.2	  864.8	    0.0	  200.0	    0.0	 1500.0	    0.0	  200.0	  100.0	    2.2	    0.0	    0.0	    0.0	   16.9	   14.4	  1	 -350.0	  750.0	    2.2	    0.0	   16.9	1	  373.8	 21	    0.0	    0.0	
  214	  25.34	    0.0	 1500.0	    0.0	 -797.2	  864.8	    0.0	  200.0	    0.0	 1500.0	    0.0	  200.0	  100.0	    1.8	    0.0	    0.0	    0.0	   17.2	   14.5	  1	 -350.0	  750.0	    1.8	    0.0	   17.2	1	  374.3	 21	    0.0	    0.0	
  215	  25.44	    0.0	 1500.0	    0.0	 -797.2	  864.8	    0.0	  200.0	    0.0	 1500.0	    0.0	  200.0	  100.0	    1.4	    0.0	    0.0	    0.0	   17.4	   14.6	  1	 -350.0	  750.0	    1.4	    0.0	   17.4	1	  374.8	 21	    0.0	    0.0	
  216	  25.54	    0.0	 1500.0	    0.0	 -792.5	  853.3	    0.0	  200.0	    0.0	 1500.0	    0.0	  200.0	  100.0	    1.0	    0.0	    0.0	    0.0	   17.7	   14.7	  1	 -750.0	 1450.0	    1.0	    0.0	   17.7	1	  300.0	 21	    0.0	    0.0	
  217	  25.64	    0.0	 1500.0	    0.0	 -792.5	  853.3	    0.0	  200.0	    0.0	 1500.0	    0.0	  200.0	  100.0	    0.7	    0.0	    0.0	    0.0	   18.0	   14.7	  1	 -750.0	 1450.0	    0.7	    0.0	   18.0	1	  300.0	 21	    0.0	    0.0	
  218	  25.74	    0.0	 1500.0	    0.0	 -792.5	  853.3	    0.0	  200.0	    0.0	 1500.0	    0.0	  200.0	  100.0	    0.3	    0.0	    0.0	    0.0	   18.2	   14.8	  1	 -750.0	 1450.0	    0.3	    0.0	   18.2	1	  300.0	 21	    0.0	    0.0	
  219	  25.84	    0.0	 1500.0	    0.0	 -792.5	  853.3	    0.0	  200.0	    0.0	 1500.0	    0.0	  200.0	  100.0	    0.0	    0.0	    0.0	    0.0	   18.5	   14.9	  1	 -750.0	 1450.0	    0.0	    0.0	   18.5	1	  300.0	 21	    0.0	    0.0	
  220	  25.94	    0.0	 1500.0	    0.0	 -792.5	  853.3	    0.0	  200.0	    0.0	 1500.0	    0.0	  200.0	  100.0	    0.0	    0.0	    0.0	    0.0	   18.7	   14.9	  1	 -750.0	 1450.0	    0.0	    0.0	   18.7	1	  300.0	 21	    0.0	    0.0	
  221	  26.04	    0.0	 1500.0	    0.0	 -792.5	  853.3	    0.0	  200.0	    0.0	 1500.0	    0.0	  200.0	  100.0	    0.0	    0.0	    0.0	    0.0	   19.0	   15.0	  1	 -750.0	 1450.0	    0.0	    0.0	   19.0	1	  300.0	 21	    0.0	    0.0	
  222	  26.14	    0.0	 1500.0	    0.0	 -779.5	  837.4	    0.0	  200.0	    0.0	 1500.0	    0.0	  200.0	  100.0	    0.0	    0.0	    0.0	    0.0	   19.2	   15.1	  1	 -750.0	 1450.0	    0.0	    0.0	   19.2	1	  300.0	 21	    0.0	    0.0	
  223	  26.24	    0.0	 1500.0	    0.0	 -792.5	  853.3	    0.0	  200.0	    0.0	 1500.0	    0.0	  200.0	  100.0	    0.0	    0.0	    0.0	    0.0	   19.5	   15.1	  1	 -750.0	 1450.0	    0.0	    0.0	   19.5	1	  300.0	 21	    0.0	    0.0	
  224	  26.34	    0.0	 1500.0	    0.0	 -779.5	  837.4	    0.0	  200.0	    0.0	 1500.0	    0.0	  200.0	  100.0	    0.0	    0.0	    0.0	    0.0	   19.7	   15.2	  1	 -750.0	 1450.0	    0.0	    0.0	   19.7	1	  300.0	 21	    0.0	    0.0	
  225	  26.44	    0.0	 1500.0	    0.0	 -779.5	  837.4	    0.0	  200.0	    0.0	 1500.0	    0.0	  200.0	  100.0	    0.0	    0.0	    0.0	    0.0	   20.0	   15.3	  1	 -750.0	 1450.0	    0.0	    0.0	   20.0	1	  300.0	 21	    0.0	    0.0	
  226	  26.54	    0.0	 1500.0	    0.0	 -779.5	  837.4	    0.0	  200.0	    0.0	 1500.0	    0.0	  200.0	  100.0	    0.0	    0.0	    0.0	    0.0	   20.2	   15.3	  1	 -750.0	 1450.0	    0.0	    0.0	   20.2	1	  300.0	 21	    0.0	    0.0	
  227	  26.64	    0.0	 1500.0	    0.0	 -779.5	  837.4	    0.0	  200.0	    0.0	 1500.0	    0.0	  200.0	  100.0	    0.0	    0.0	    0.0	    0.0	   20.5	   15.4	  1	 -750.0	 1450.0	    0.0	    0.0	   20.5	1	  300.0	 21	    0.0	    0.0	
  228	  26.74	    0.0	 1500.0	    0.0	 -776.0	  834.1	    0.0	  200.0	    0.0	 1500.0	    0.0	  200.0	  100.0	    0.0	    0.0	    0.0	    0.0	   20.8	   15.5	  1	 -750.0	 1450.0	    0.0	    0.0	   20.8	1	  300.0	 21	    0.0	    0.0	
  229	  26.84	    0.0	 1500.0	    0.0	 -776.0	  834.1	    0.0	  200.0	    0.0	 1500.0	    0.0	  200.0	  100.0	    0.0	    0.0	    0.0	    0.0	   21.0	   15.5	  1	 -750.0	 1450.0	    0.0	    0.0	   21.0	1	  300.0	 21	    0.0	    0.0	
  230	  26.94	    0.0	 1500.0	    0.0	 -776.0	  834.1	    0.0	  200.0	    0.0	 1500.0	    0.0	  200.0	  100.0	    0.0	    0.0	    0.0	    0.0	   21.3	   15.6	  1	 -750.0	 1450.0	    0.0	    0.0	   21.3	1	  300.0	 21	    0.0	    0.0	
  231	  27.04	    0.0	 1500.0	    0.0	 -780.9	  828.7	    0.0	  200.0	    0.0	 1500.0	    0.0	  200.0	  100.0	    0.0	    0.0	    0.0	    0.0	   21.5	   15.7	  1	 -750.0	 1450.0	    0.0	    0.0	   21.5	1	  300.0	 21	    0.0	    0.0	
  232	  27.14	    0.0	 1500.0	    0.0	 -780.9	  828.7	    0.0	  200.0	    0.0	 1500.0	    0.0	  200.0	  100.0	    0.0	    0.0	    0.0	    0.0	   21.8	   15.7	  1	 -750.0	 1450.0	    0.0	    0.0	   21.8	1	  300.0	 21	    0.0	    0.0	
  233	  27.24	    0.0	 1500.0	    0.0	 -776.0	  834.1	    0.0	  200.0	    0.0	 1500.0	    0.0	  200.0	  100.0	    0.0	    0.0	    0.0	    0.0	   22.0	   15.8	  1	 -750.0	 1450.0	    0.0	    0.0	   22.0	1	  300.0	 21	    0.0	    0.0	
  234	  27.34	    0.0	 1500.0	    0.0	 -780.9	  828.7	    0.0	  200.0	    0.0	 1500.0	    0.0	  200.0	  100.0	    0.0	    0.0	    0.0	    0.0	   22.3	   15.9	  1	 -750.0	 1450.0	    0.0	    0.0	   22.3	1	  300.0	 21	    0.0	    0.0	
  235	  27.44	    0.0	 1500.0	    0.0	 -780.9	  828.7	    0.0	  200.0	    0.0	 1500.0	    0.0	  200.0	  100.0	    0.0	    0.0	    0.0	    0.0	   22.6	   15.9	  1	 -750.0	 1450.0	    0.0	    0.0	   22.6	1	  300.0	 21	    0.0	    0.0	
  236	  27.54	    0.0	 1500.0	    0.0	 -780.9	  828.7	    0.0	  200.0	    0.0	 1500.0	    0.0	  200.0	  100.0	    0.0	    0.0	    0.0	    0.0	   22.8	   16.0	  1	 -750.0	 1450.0	    0.0	    0.0	   22.8	1	  300.0	 21	    0.0	    0.0	
  237	  27.64	    0.0	 1500.0	    0.0	 -784.9	  838.9	    0.0	  200.0	    0.0	 1500.0	    0.0	  200.0	  100.0	    0.0	    0.0	    0.0	    0.0	   23.1	   16.1	  1	 -750.0	 1450.0	    0.0	    0.0	   23.1	1	  300.0	 21	    0.0	    0.0	
  238	  27.74	    0.0	 1500.0	    0.0	 -784.9	  838.9	    0.0	  200.0	    0.0	 1500.0	    0.0	  200.0	  100.0	    0.0	    0.0	    0.0	    0.0	   23.3	   16.1	  1	 -750.0	 1450.0	    0.0	    0.0	   23.3	1	  300.0	 21	    0.0	    0.0	
  239	  27.84	    0.0	 1500.0	    0.0	 -784.9	  838.9	    0.0	  200.0	    0.0	 1500.0	    0.0	  200.0	  100.0	    0.0	    0.0	    0.0	    0.0	   23.6	   16.2	  1	 -750.0	 1450.0	    0.0	    0.0	   23.6	1	  300.0	 21	    0.0	    0.0	
  240	  27.94	    0.0	 1500.0	    0.0	 -784.9	  838.9	    0.0	  200.0	    0.0	 1500.0	    0.0	  200.0	  100.0	    0.0	    0.0	    0.0	    0.0	   23.8	   16.3	  1	 -750.0	 1450.0	    0.0	    0.0	   23.8	1	  300.0	 21	    0.0	    0.0	
  241	  28.04	    0.0	 1500.0	    0.0	 -784.9	  838.9	    0.0	  200.0	    0.0	 1500.0	    0.0	  200.0	  100.0	    0.0	    0.0	    0.0	    0.0	   24.1	   16.3	  1	 -750.0	 1450.0	    0.0	    0.0	   24.1	1	  300.0	 21	    0.0	    0.0	
  242	  28.14	    0.0	 1500.0	    0.0	 -787.4	  839.1	    0.0	  200.0	    0.0	 1500.0	    0.0	  200.0	  100.0	    0.0	    0.0	    0.0	    0.0	   24.4	   16.4	  1	 -750.0	 1450.0	    0.0	    0.0	   24.4	1	  300.0	 21	    0.0	    0.0	
  243	  28.24	    0.0	 1500.0	    0.0	 -787.4	  839.1	    0.0	  200.0	    0.0	 1500.0	    0.0	  200.0	  100.0	    0.0	    0.0	    0.0	    0.0	   24.6	   16.5	  1	 -750.0	 1450.0	    0.0	    0.0	   24.6	1	  300.0	 21	    0.0	    0.0	
  244	  28.34	    0.0	 1500.0	    0.0	 -787.4	  839.1	    0.0	  200.0	    0.0	 1500.0	    0.0	  200.0	  100.0	    0.0	    0.0	    0.0	    0.0	   24.9	   16.6	  1	 -750.0	 1450.0	    0.0	    0.0	   24.9	1	  300.0	 21	    0.0	    0.0	
  245	  28.44	    0.0	 1500.0	    0.0	 -787.4	  839.1	    0.0	  200.0	    0.0	 1500.0	    0.0	  200.0	  100.0	    0.0	    0.0	    0.0	    0.0	   25.1	   16.6	  1	 -750.0	 1450.0	    0.0	    0.0	   25.1	1	  300.0	 21	    0.0	    0.0	
  246	  28.54	    0.0	 1500.0	    0.0	 -787.3	  839.1	    0.0	  200.0	    0.0	 1500.0	    0.0	  200.0	  100.0	    0.0	    0.0	    0.0	    0.0	   25.4	   16.7	  1	 -750.0	 1450.0	    0.0	    0.0	   25.4	1	  300.0	 21	    0.0	    0.0	
  247	  28.64	    0.0	 1500.0	    0.0	 -787.3	  839.1	    0.0	  200.0	    0.0	 1500.0	    0.0	  200.0	  100.0	    0.0	    0.0	    0.0	    0.0	   25.6	   16.8	  1	 -750.0	 1450.0	    0.0	    0.0	   25.6	1	  300.0	 21	    0.0	    0.0	
  248	  28.74	    0.0	 1500.0	    0.0	 -787.3	  839.1	    0.0	  200.0	    0.0	 1500.0	    0.0	  200.0	  100.0	    0.0	    0.0	    0.0	    0.0	   25.9	   16.8	  1	 -750.0	 1450.0	    0.0	    0.0	   25.9	1	  300.0	 21	    0.0	    0.0	
  249	  28.84	    0.0	 1500.0	    0.0	 -787.3	  839.1	    0.0	  200.0	    0.0	 1500.0	    0.0	  200.0	  100.0	    0.0	    0.0	    0.0	    0.0	   26.2	   16.9	  1	 -750.0	 1450.0	    0.0	    0.0	   26.2	1	  300.0	 21	    0.0	    0.0	
  250	  28.94	    0.0	 1500.0	    0.0	 -786.0	  840.5	    0.0	  200.0	    0.0	 1500.0	    0.0	  200.0	  100.0	    0.0	    0.0	    0.0	    0.0	   26.4	   17.0	  1	 -750.0	 1450.0	    0.0	    0.0	   26.4	1	  300.0	 21	    0.0	    0.0	
  251	  29.04	    0.0	 1500.0	    0.0	 -786.0	  840.5	    0.0	  200.0	    0.0	 1500.0	    0.0	  200.0	  100.0	    0.0	    0.0	    0.0	    0.0	   26.7	   17.0	  1	 -750.0	 1450.0	    0.0	    0.0	   26.7	1	  300.0	 21	    0.0	    0.0	
  252	  29.14	    0.0	 1500.0	    0.0	 -786.0	  840.5	    0.0	  200.0	    0.0	 1500.0	    0.0	  200.0	  100.0	    0.0	    0.0	    0.0	    0.0	   26.9	   17.1	  1	 -750.0	 1450.0	    0.0	    0.0	   26.9	1	  300.0	 21	    0.0	    0.0	
  253	  29.24	    0.0	 1500.0	    0.0	 -787.3	  839.1	    0.0	  200.0	    0.0	 1500.0	    0.0	  200.0	  100.0	    0.0	    0.0	    0.0	    0.0	   27.2	   17.2	  1	 -750.0	 1450.0	    0.0	    0.0	   27.2	1	  300.0	 21	    0.0	    0.0	
  254	  29.34	    0.0	 1500.0	    0.0	 -786.0	  840.5	    0.0	  200.0	    0.0	 1500.0	    0.0	  200.0	  100.0	    0.0	    0.0	    0.0	    0.0	   27.4	   17.2	  1	 -750.0	 1450.0	    0.0	    0.0	   27.4	1	  300.0	 21	    0.0	    0.0	
  255	  29.44	    0.0	 1500.0	    0.0	 -786.0	  840.5	    0.0	  200.0	    0.0	 1500.0	    0.0	  200.0	  100.0	    0.0	    0.0	    0.0	    0.0	   27.7	   17.3	  1	 -750.0	 1450.0	    0.0	    0.0	   27.7	1	  300.0	 21	    0.0	    0.0	
  256	  29.54	    0.0	 1500.0	    0.0	 -786.0	  840.5	    0.0	  200.0	    0.0	 1500.0	    0.0	  200.0	  100.0	    0.0	    0.0	    0.0	    0.0	   27.9	   17.4	  1	 -750.0	 1450.0	    0.0	    0.0	   27.9	1	  300.0	 21	    0.0	    0.0	
  257	  29.64	    0.0	 1500.0	    0.0	 -785.2	  839.9	    0.0	  200.0	    0.0	 1500.0	    0.0	  200.0	  100.0	    0.0	    0.0	    0.0	    0.0	   28.2	   17.4	  1	 -750.0	 1450.0	    0.0	    0.0	   28.2	1	  300.0	 21	    0.0	    0.0	
  258	  29.74	    0.0	 1500.0	    0.0	 -785.2	  839.9	    0.0	  200.0	    0.0	 1500.0	    0.0	  200.0	  100.0	    0.0	    0.0	    0.0	    0.0	   28.5	   17.5	  1	 -750.0	 1450.0	    0.0	    0.0	   28.5	1	  300.0	 21	    0.0	    0.0	
  259	  29.84	    0.0	 1500.0	    0.0	 -785.2	  839.9	    0.0	  200.0	    0.0	 1500.0	    0.0	  200.0	  100.0	    0.0	    0.0	    0.0	    0.0	   28.7	   17.6	  1	 -750.0	 1450.0	    0.0	    0.0	   28.7	1	  300.0	 21	    0.0	    0.0	
  260	  29.94	    0.0	 1500.0	    0.0	 -785.2	  839.9	    0.0	  200.0	    0.0	 1500.0	    0.0	  200.0	  100.0	    0.0	    0.0	    0.0	    0.0	   29.0	   17.6	  1	 -750.0	 1450.0	    0.0	    0.0	   29.0	1	  300.0	 21	    0.0	    0.0	
  261	  30.04	    0.0	 1500.0	    0.0	 -785.2	  839.9	    0.0	  200.0	    0.0	 1500.0	    0.0	  200.0	  100.0	    0.0	    0.0	    0.0	    0.0	   29.2	   17.7	  1	 -750.0	 1450.0	    0.0	    0.0	   29.2	1	  300.0	 21	    0.0	    0.0	
  262	  30.14	    0.0	 1500.0	    0.0	 -785.2	  839.9	    0.0	  200.0	    0.0	 1500.0	    0.0	  200.0	  100.0	    0.0	    0.0	    0.0	    0.0	   29.5	   17.8	  1	 -750.0	 1450.0	    0.0	    0.0	   29.5	1	  300.0	 21	    0.0	    0.0	
  263	  30.24	    0.0	 1500.0	    0.0	 -785.2	  839.9	    0.0	  200.0	    0.0	 1500.0	    0.0	  200.0	  100.0	    0.0	    0.0	    0.0	    0.0	   29.7	   17.8	  1	 -750.0	 1450.0	    0.0	    0.0	   29.7	1	  300.0	 21	    0.0	    0.0	
  264	  30.34	    0.0	 1500.0	    0.0	 -784.6	  840.6	    0.0	  200.0	    0.0	 1500.0	    0.0	  200.0	  100.0	    0.0	    0.0	    0.0	    0.0	   30.0	   17.9	  1	 -750.0	 1450.0	    0.0	    0.0	   30.0	1	  300.0	 21	    0.0	    0.0	
  265	  30.44	    0.0	 1500.0	    0.0	 -784.6	  840.6	    0.0	  200.0	    0.0	 1500.0	    0.0	  200.0	  100.0	    0.0	    0.0	    0.0	    0.0	   30.2	   18.0	  1	 -750.0	 1450.0	    0.0	    0.0	   30.2	1	  300.0	 21	    0.0	    0.0	
  266	  30.54	    0.0	 1500.0	    0.0	 -784.6	  840.6	    0.0	  200.0	    0.0	 1500.0	    0.0	  200.0	  100.0	    0.0	    0.0	    0.0	    0.0	   30.5	   18.0	  1	 -750.0	 1450.0	    0.0	    0.0	   30.5	1	  300.0	 21	    0.0	    0.0	
  267	  30.64	    0.0	 1500.0	    0.0	 -784.6	  840.6	    0.0	  200.0	    0.0	 1500.0	    0.0	  200.0	  100.0	    0.0	    0.0	    0.0	    0.0	   30.8	   18.1	  1	 -750.0	 1450.0	    0.0	    0.0	   30.8	1	  300.0	 21	    0.0	    0.0	
  268	  30.74	    0.0	 1500.0	    0.0	 -784.6	  840.6	    0.0	  200.0	    0.0	 1500.0	    0.0	  200.0	  100.0	    0.0	    0.0	    0.0	    0.0	   31.0	   18.2	  1	 -750.0	 1450.0	    0.0	    0.0	   31.0	1	  300.0	 21	    0.0	    0.0	
  269	  30.84	    0.0	 1500.0	    0.0	 -784.6	  840.6	    0.0	  200.0	    0.0	 1500.0	    0.0	  200.0	  100.0	    0.0	    0.0	    0.0	    0.0	   31.3	   18.2	  1	 -750.0	 1450.0	    0.0	    0.0	   31.3	1	  300.0	 21	    0.0	    0.0	
  270	  30.94	    0.0	 1500.0	    0.0	 -786.3	  831.5	    0.0	  200.0	    0.0	 1500.0	    0.0	  200.0	  100.0	    0.0	    0.0	    0.0	    0.0	   31.5	   18.3	  1	 -750.0	 1450.0	    0.0	    0.0	   31.5	1	  300.0	 21	    0.0	    0.0	
  271	  31.04	    0.0	 1500.0	    0.0	 -786.3	  831.5	    0.0	  200.0	    0.0	 1500.0	    0.0	  200.0	  100.0	    0.0	    0.0	    0.0	    0.0	   31.8	   18.4	  1	 -750.0	 1450.0	    0.0	    0.0	   31.8	1	  300.0	 21	    0.0	    0.0	
  272	  31.14	    0.0	 1500.0	    0.0	 -786.3	  831.5	    0.0	  200.0	    0.0	 1500.0	    0.0	  200.0	  100.0	    0.0	    0.0	    0.0	    0.0	   32.0	   18.5	  1	 -750.0	 1450.0	    0.0	    0.0	   32.0	1	  300.0	 21	    0.0	    0.0	
  273	  31.24	    0.0	 1500.0	    0.0	 -786.3	  831.5	    0.0	  200.0	    0.0	 1500.0	    0.0	  200.0	  100.0	    0.0	    0.0	    0.0	    0.0	   32.3	   18.5	  1	 -750.0	 1450.0	    0.0	    0.0	   32.3	1	  300.0	 21	    0.0	    0.0	
  274	  31.34	    0.0	 1500.0	    0.0	 -786.3	  831.5	    0.0	  200.0	    0.0	 1500.0	    0.0	  200.0	  100.0	    0.0	    0.0	    0.0	    0.0	   32.6	   18.6	  1	 -450.0	  750.0	    0.0	    0.0	   32.6	1	  436.9	 21	    0.0	    0.0	
  275	  31.44	    0.0	 1500.0	    0.0	 -778.0	  820.1	    0.0	  200.0	    0.0	 1500.0	    0.0	  200.0	  100.0	    0.0	    0.0	    0.0	    0.0	   32.8	   18.7	  1	 -750.0	 1350.0	    0.0	    0.0	   32.8	1	  420.4	 21	    0.0	    0.0	
  276	  31.54	    0.0	 1500.0	    0.0	 -778.0	  820.1	    0.0	  200.0	    0.0	 1500.0	    0.0	  200.0	  100.0	    0.0	    0.0	    0.0	    0.0	   33.1	   18.7	  1	 -750.0	  750.0	    0.0	    0.0	   33.1	1	  436.7	 21	    0.0	    0.0	
  277	  31.64	    0.0	 1500.0	    0.0	 -778.0	  820.1	    0.0	  200.0	    0.0	 1500.0	    0.0	  200.0	  100.0	    0.0	    0.0	    0.0	    0.0	   33.3	   18.8	  1	 -750.0	  750.0	    0.0	    0.0	   33.3	1	  437.6	 21	    0.0	    0.0	
  278	  31.74	    0.0	 1500.0	    0.0	 -778.0	  820.1	    0.0	  200.0	    0.0	 1500.0	    0.0	  200.0	  100.0	    0.0	    0.0	    0.0	    0.0	   33.6	   18.9	  1	 -750.0	  750.0	    0.0	    0.0	   33.6	1	  438.5	 21	    0.0	    0.0	
  279	  31.84	    0.0	 1500.0	    0.0	 -778.0	  820.1	    0.0	  200.0	    0.0	 1500.0	    0.0	  200.0	  100.0	    0.0	    0.0	    0.0	    0.0	   33.9	   18.9	  1	 -750.0	  750.0	    0.0	    0.0	   33.9	1	  439.4	 21	    0.0	    0.0	
  280	  31.94	    0.0	 1500.0	    0.0	 -797.6	  801.1	    0.0	  200.0	    0.0	 1500.0	    0.0	  200.0	  100.0	    0.0	    0.0	    0.0	    0.0	   34.1	   19.0	  1	 -750.0	  750.0	    0.0	    0.0	   34.1	1	  443.9	 21	    0.0	    0.0	
  281	  32.04	    0.0	 1500.0	    0.0	 -797.6	  801.1	    0.0	  200.0	    0.0	 1500.0	    0.0	  200.0	  100.0	    0.0	    0.0	    0.0	    0.0	   34.4	   19.1	  1	 -750.0	  750.0	    0.0	    0.0	   34.4	1	  444.9	 21	    0.0	    0.0	
  282	  32.14	    0.0	 1500.0	    0.0	 -797.6	  801.1	    0.0	  200.0	    0.0	 1500.0	    0.0	  200.0	  100.0	    0.0	    0.0	    0.0	    0.0	   34.7	   19.1	  1	 -750.0	  750.0	    0.0	    0.0	   34.7	1	  445.9	 21	    0.0	    0.0	
  283	  32.24	    0.0	 1500.0	    0.0	 -778.0	  820.1	    0.0	  200.0	    0.0	 1500.0	    0.0	  200.0	  100.0	    0.0	    0.0	    0.0	    0.0	   34.9	   19.2	  1	 -750.0	  750.0	    0.0	    0.0	   34.9	1	  443.2	 21	    0.0	    0.0	
  284	  32.34	    0.0	 1500.0	    0.0	 -797.6	  801.1	    0.0	  200.0	    0.0	 1500.0	    0.0	  200.0	  100.0	    0.0	    0.0	    0.0	    0.0	   35.2	   19.3	  1	 -750.0	  750.0	    0.0	    0.0	   35.2	1	  447.7	 21	    0.0	    0.0	
  285	  32.44	    0.0	 1500.0	    0.0	 -797.6	  801.1	    0.0	  200.0	    0.0	 1500.0	    0.0	  200.0	  100.0	    0.0	    0.0	    0.0	    0.0	   35.5	   19.3	  1	 -750.0	  750.0	    0.0	    0.0	   35.5	1	  448.7	 21	    0.0	    0.0	
  286	  32.54	    0.0	 1500.0	    0.0	 -797.6	  801.1	    0.0	  200.0	    0.0	 1500.0	    0.0	  200.0	  100.0	    0.0	    0.0	    0.0	    0.0	   35.8	   19.4	  1	 -750.0	  750.0	    0.0	    0.0	   35.8	1	  449.6	 21	    0.0	    0.0	
  287	  32.64	    0.0	 1500.0	    0.0	 -816.5	  819.1	    0.0	  200.0	    0.0	 1500.0	    0.0	  200.0	  100.0	    0.0	    0.0	    0.0	    0.0	   36.0	   19.5	  1	 -750.0	  750.0	    0.0	    0.0	   36.0	1	  450.7	 21	    0.0	    0.0	
  288	  32.74	    0.0	 1500.0	    0.0	 -816.5	  819.1	    0.0	  200.0	    0.0	 1500.0	    0.0	  200.0	  100.0	    0.0	    0.0	    0.0	    0.0	   36.3	   19.5	  1	 -750.0	  750.0	    0.0	    0.0	   36.3	1	  451.7	 21	    0.0	    0.0	
  289	  32.84	    0.0	 1500.0	    0.0	 -816.5	  819.1	    0.0	  200.0	    0.0	 1500.0	    0.0	  200.0	  100.0	    0.0	    0.0	    0.0	    0.0	   36.6	   19.6	  1	 -750.0	  750.0	    0.0	    0.0	   36.6	1	  452.6	 21	    0.0	    0.0	
  290	  32.94	    0.0	 1500.0	    0.0	 -816.5	  819.1	    0.0	  200.0	    0.0	 1500.0	    0.0	  200.0	  100.0	    0.0	    0.0	    0.0	    0.0	   36.8	   19.7	  1	 -750.0	  750.0	    0.0	    0.0	   36.8	1	  453.5	 21	    0.0	    0.0	
  291	  33.04	    0.0	 1500.0	    0.0	 -816.5	  819.1	    0.0	  200.0	    0.0	 1500.0	    0.0	  200.0	  100.0	    0.0	    0.0	    0.0	    0.0	   37.1	   19.7	  1	 -750.0	  750.0	    0.0	    0.0	   37.1	1	  454.5	 21	    0.0	    0.0	
  292	  33.14	    0.0	 1500.0	    0.0	 -816.5	  819.1	    0.0	  200.0	    0.0	 1500.0	    0.0	  200.0	  100.0	    0.0	    0.0	    0.0	    0.0	   37.4	   19.8	  1	 -750.0	  750.0	    0.0	    0.0	   37.4	1	  455.4	 21	    0.0	    0.0	
  293	  33.24	    0.0	 1500.0	    0.0	 -803.2	  842.7	    0.0	  200.0	    0.0	 1500.0	    0.0	  200.0	  100.0	    0.0	    0.0	    0.0	    0.0	   37.6	   19.9	  1	 -750.0	  750.0	    0.0	    0.0	   37.6	1	  452.8	 21	    0.0	    0.0	
  294	  33.34	    0.0	 1500.0	    0.0	 -803.2	  842.7	    0.0	  200.0	    0.0	 1500.0	    0.0	  200.0	  100.0	    0.0	    0.0	    0.0	    0.0	   37.9	   19.9	  1	 -750.0	  750.0	    0.0	    0.0	   37.9	1	  453.6	 21	    0.0	    0.0	
  295	  33.44	    0.0	 1500.0	    0.0	 -803.2	  842.7	    0.0	  200.0	    0.0	 1500.0	    0.0	  200.0	  100.0	    0.0	    0.0	    0.0	    0.0	   38.2	   20.0	  1	 -750.0	  750.0	    0.0	    0.0	   38.2	1	  454.5	 21	    0.0	    0.0	
  296	  33.54	    0.0	 1500.0	    0.0	 -803.2	  842.7	    0.0	  200.0	    0.0	 1500.0	    0.0	  200.0	  100.0	    0.0	    0.0	    0.0	    0.0	   38.4	   20.1	  1	 -750.0	  750.0	    0.0	    0.0	   38.4	1	  455.4	 21	    0.0	    0.0	
  297	  33.64	    0.0	 1500.0	    0.0	 -803.2	  842.7	    0.0	  200.0	    0.0	 1500.0	    0.0	  200.0	  100.0	    0.0	    0.0	    0.0	    0.0	   38.7	   20.1	  1	 -750.0	  750.0	    0.0	    0.0	   38.7	1	  456.2	 21	    0.0	    0.0	
  298	  33.74	    0.0	 1500.0	    0.0	 -791.0	  872.0	    0.0	  200.0	    0.0	 1500.0	    0.0	  200.0	  100.0	    0.0	    0.0	    0.0	    0.0	   38.9	   20.2	  1	 -750.0	  850.0	    0.0	    0.0	   38.9	1	  456.9	 21	    0.0	    0.0	
  299	  33.84	    0.0	 1500.0	    0.0	 -791.0	  872.0	    0.0	  200.0	    0.0	 1500.0	    0.0	  200.0	  100.0	    0.0	    0.0	    0.0	    0.0	   39.2	   20.3	  1	 -750.0	  850.0	    0.0	    0.0	   39.2	1	  457.7	 21	    0.0	    0.0	
  300	  33.94	    0.0	 1500.0	    0.0	 -791.0	  872.0	    0.0	  200.0	    0.0	 1500.0	    0.0	  200.0	  100.0	    0.0	    0.0	    0.0	    0.0	   39.4	   20.3	  1	 -750.0	  850.0	    0.0	    0.0	   39.4	1	  458.6	 21	    0.0	    0.0	
  301	  34.04	    0.0	 1500.0	    0.0	 -791.0	  872.0	    0.0	  200.0	    0.0	 1500.0	    0.0	  200.0	  100.0	    0.0	    0.0	    0.0	    0.0	   39.7	   20.4	  1	 -750.0	  850.0	    0.0	    0.0	   39.7	1	  459.4	 21	    0.0	    0.0	
  302	  34.14	    0.0	 1500.0	    0.0	 -791.0	  872.0	    0.0	  200.0	    0.0	 1500.0	    0.0	  200.0	  100.0	    0.0	    0.0	    0.0	    0.0	   39.9	   20.5	  1	 -750.0	  750.0	    0.0	    0.0	   39.9	1	  456.1	 21	    0.0	    0.0	
  303	  34.24	    0.0	 1500.0	    0.0	 -790.5	  880.1	    0.0	  200.0	    0.0	 1500.0	    0.0	  200.0	  100.0	    0.0	    0.0	    0.0	    0.0	   40.2	   20.6	  1	 -750.0	  850.0	    0.0	    0.0	   40.2	1	  460.2	 21	    0.0	    0.0	
  304	  34.34	    0.0	 1500.0	    0.0	 -790.5	  880.1	    0.0	  200.0	    0.0	 1500.0	    0.0	  200.0	  100.0	    0.0	    0.0	    0.0	    0.0	   40.4	   20.6	  1	 -750.0	  850.0	    0.0	    0.0	   40.4	1	  461.0	 21	    0.0	    0.0	
  305	  34.44	    0.0	 1500.0	    0.0	 -790.5	  880.1	    0.0	  200.0	    0.0	 1500.0	    0.0	  200.0	  100.0	    0.0	    0.0	    0.0	    0.0	   40.7	   20.7	  1	 -750.0	  850.0	    0.0	    0.0	   40.7	1	  461.8	 21	    0.0	    0.0	
  306	  34.54	    0.0	 1500.0	    0.0	 -790.5	  880.1	    0.0	  200.0	    0.0	 1500.0	    0.0	  200.0	  100.0	    0.0	    0.0	    0.0	    0.0	   40.9	   20.8	  1	 -750.0	  850.0	    0.0	    0.0	   40.9	1	  462.5	 21	    0.0	    0.0	
  307	  34.64	    0.0	 1500.0	    0.0	 -791.5	  889.2	    0.0	  200.0	    0.0	 1500.0	    0.0	  200.0	  100.0	    0.0	    0.0	    0.0	    0.0	   41.2	   20.8	  1	 -750.0	  750.0	    0.0	    0.0	   41.2	1	  458.2	 21	    0.0	    0.0	
  308	  34.74	    0.0	 1500.0	    0.0	 -791.5	  889.2	    0.0	  200.0	    0.0	 1500.0	    0.0	  200.0	  100.0	    0.0	    0.0	    0.0	    0.0	   41.4	   20.9	  1	 -750.0	  750.0	    0.0	    0.0	   41.4	1	  459.0	 21	    0.0	    0.0	
  309	  34.84	    0.0	 1500.0	    0.0	 -790.5	  880.1	    0.0	  200.0	    0.0	 1500.0	    0.0	  200.0	  100.0	    0.0	    0.0	    0.0	    0.0	   41.7	   21.0	  1	 -750.0	  850.0	    0.0	    0.0	   41.7	1	  464.8	 21	    0.0	    0.0	
  310	  34.94	    0.0	 1500.0	    0.0	 -791.5	  889.2	    0.0	  200.0	    0.0	 1500.0	    0.0	  200.0	  100.0	    0.0	    0.0	    0.0	    0.0	   41.9	   21.0	  1	 -750.0	  750.0	    0.0	    0.0	   41.9	1	  460.5	 21	    0.0	    0.0	
  311	  35.04	    0.0	 1500.0	    0.0	 -791.5	  889.2	    0.0	  200.0	    0.0	 1500.0	    0.0	  200.0	  100.0	    0.0	    0.0	    0.0	    0.0	   42.2	   21.1	  1	 -750.0	  750.0	    0.0	    0.0	   42.2	1	  461.2	 21	    0.0	    0.0	
  312	  35.14	    0.0	 1500.0	    0.0	 -791.5	  889.2	    0.0	  200.0	    0.0	 1500.0	    0.0	  200.0	  100.0	    0.0	    0.0	    0.0	    0.0	   42.4	   21.2	  1	 -750.0	  750.0	    0.0	    0.0	   42.4	1	  462.0	 21	    0.0	    0.0	
  313	  35.24	    0.0	 1500.0	    0.0	 -791.5	  889.2	    0.0	  200.0	    0.0	 1500.0	    0.0	  200.0	  100.0	    0.0	    0.0	    0.0	    0.0	   42.6	   21.2	  1	 -750.0	  750.0	    0.0	    0.0	   42.6	1	  462.7	 21	    0.0	    0.0	
