    1	   0.10	    0.0	 1500.0	    0.0	    0.0	    0.0	    0.0	    0.0	    0.0	    0.0	    0.0	    0.0	  100.0	  100.0	    0.0	    0.0	    0.0	    0.0	    0.0	  1	-1000.0	  500.0	  100.0	    0.0	    0.0	1	  526.5	 21	 1371.8	  -28.2	
    2	   0.20	  -16.8	 1488.6	 -146.0	    0.0	    0.0	    0.0	    0.0	    0.0	    0.0	    0.0	    0.0	  100.0	   99.7	    0.0	    0.0	    0.0	    0.0	    0.1	  1	  -50.0	 1250.0	   99.7	    0.0	    0.0	1	  217.2	 21	 1390.0	   19.0	
    3	   0.30	  -23.8	 1452.5	  -97.6	    0.0	    0.0	    0.0	    0.0	    0.0	    0.0	    0.0	    0.0	  100.0	   99.5	    0.0	    0.0	    0.0	    0.0	    0.1	  1	  -50.0	 1250.0	   99.5	    0.0	    0.0	1	  181.6	 21	 1389.6	   19.0	
    4	   0.40	  -29.4	 1408.9	  -97.4	    0.0	    0.0	    0.0	    0.0	    0.0	    0.0	    0.0	    0.0	  100.0	   99.2	    0.0	    0.0	    0.0	    0.0	    0.1	  1	  -50.0	 1250.0	   99.2	    0.0	    0.0	1	  146.0	 21	 1389.2	   18.9	
    5	   0.50	  -33.0	 1374.3	  -95.8	    0.0	    0.0	    0.0	    0.0	    0.0	    0.0	    0.0	    0.0	  100.0	   98.9	    0.0	    0.0	    0.0	    0.0	    0.2	  1	  -50.0	 1250.0	   98.9	    0.0	    0.0	1	  109.5	 21	    0.0	    0.0	
    6	   0.60	  -35.7	 1346.6	  -95.6	    0.0	    0.0	    0.0	    0.0	    0.0	    0.0	    0.0	    0.0	  100.0	   98.6	    0.0	    0.0	    0.0	    0.0	    0.2	  1	  -50.0	 1250.0	   98.6	    0.0	    0.0	1	   83.5	 21	    0.0	    0.0	
    7	   0.70	  -36.0	 1343.4	  -98.4	    0.0	    0.0	    0.0	    0.0	    0.0	    0.0	    0.0	    0.0	  100.0	   98.3	    0.0	    0.0	    0.0	    0.0	    0.2	  1	  -50.0	 1250.0	   98.3	    0.0	    0.0	1	   82.1	 21	    0.0	    0.0	
    8	   0.80	  -36.0	 1343.4	  -98.5	    0.0	    0.0	    0.0	    0.0	    0.0	    0.0	    0.0	    0.0	  100.0	   98.0	    0.0	    0.0	    0.0	    0.0	    0.3	  1	  -50.0	 1250.0	   98.0	    0.0	    0.0	1	   82.1	 21	    0.0	    0.0	
    9	   0.90	  -36.0	 1343.4	  -98.5	    0.0	    0.0	    0.0	    0.0	    0.0	    0.0	    0.0	    0.0	  100.0	   97.7	    0.0	    0.0	    0.0	    0.0	    0.3	  1	  -50.0	 1250.0	   97.7	    0.0	    0.0	1	   82.1	 21	    0.0	    0.0	
   10	   1.00	  -36.0	 1343.4	  -98.5	    0.0	    0.0	    0.0	    0.0	    0.0	    0.0	    0.0	    0.0	  100.0	   97.4	    0.0	    0.0	    0.0	    0.0	    0.4	  1	  -50.0	 1250.0	   97.4	    0.0	    0.0	1	   82.1	 21	    0.0	    0.0	
   11	   1.10	  -36.0	 1343.4	  -98.5	    0.0	    0.0	    0.0	    0.0	    0.0	    0.0	    0.0	    0.0	  100.0	   97.1	    0.0	    0.0	    0.0	    0.0	    0.4	  1	  -50.0	 1250.0	   97.1	    0.0	    0.0	1	   82.1	 21	    0.0	    0.0	
   12	   1.20	  -36.0	 1343.4	  -98.5	    0.0	    0.0	    0.0	    0.0	    0.0	    0.0	    0.0	    0.0	  100.0	   96.8	    0.0	    0.0	    0.0	    0.0	    0.4	  1	  -50.0	 1250.0	   96.8	    0.0	    0.0	1	   82.1	 21	 1399.7	   20.0	
   13	   1.30	  -36.0	 1343.4	  -98.5	    0.0	    0.0	    0.0	    0.0	    0.0	    0.0	    0.0	    0.0	  100.0	   96.5	    0.0	    0.0	    0.0	    0.0	    0.5	  1	  -50.0	 1250.0	   96.5	    0.0	    0.0	1	   82.1	 21	 1399.3	   19.9	
   14	   1.40	  -36.0	 1343.4	  -98.5	    0.0	    0.0	    0.0	    0.0	    0.0	    0.0	    0.0	    0.0	  100.0	   96.2	    0.0	    0.0	    0.0	    0.0	    0.5	  1	  -50.0	 1250.0	   96.2	    0.0	    0.0	1	   82.1	 21	 1398.8	   19.9	
   15	   1.50	  -36.0	 1343.4	  -98.5	    0.0	    0.0	    0.0	    0.0	    0.0	    0.0	    0.0	    0.0	  100.0	   95.9	    0.0	    0.0	    0.0	    0.0	    0.5	  1	  -50.0	 1250.0	   95.9	    0.0	    0.0	1	   82.1	 21	 1398.3	   19.8	
   16	   1.60	  -36.0	 1343.4	  -98.5	    0.0	    0.0	    0.0	    0.0	    0.0	    0.0	    0.0	    0.0	  100.0	   95.6	    0.0	    0.0	    0.0	    0.0	    0.6	  1	  -50.0	 1250.0	   95.6	    0.0	    0.0	1	   82.1	 21	 1397.9	   19.8	
   17	   1.70	  -36.0	 1343.4	  -98.5	    0.0	    0.0	    0.0	    0.0	    0.0	    0.0	    0.0	    0.0	  100.0	   95.3	    0.0	    0.0	    0.0	    0.0	    0.6	  1	  -50.0	 1250.0	   95.3	    0.0	    0.0	1	   82.1	 21	 1397.4	   19.7	
   18	   1.80	  -36.0	 1343.4	  -98.5	    0.0	    0.0	    0.0	    0.0	    0.0	    0.0	    0.0	    0.0	  100.0	   95.0	    0.0	    0.0	    0.0	    0.0	    0.7	  1	  -50.0	 1250.0	   95.0	    0.0	    0.0	1	   82.1	 21	 1396.9	   19.7	
   19	   1.90	  -36.0	 1343.4	  -98.5	    0.0	    0.0	    0.0	    0.0	    0.0	    0.0	    0.0	    0.0	  100.0	   94.7	    0.0	    0.0	    0.0	    0.0	    0.7	  1	  -50.0	 1250.0	   94.7	    0.0	    0.0	1	   82.1	 21	 1396.5	   19.6	
   20	   2.00	  -36.0	 1343.4	  -98.5	    0.0	    0.0	    0.0	    0.0	    0.0	    0.0	    0.0	    0.0	  100.0	   94.4	    0.0	    0.0	    0.0	    0.0	    0.7	  1	  -50.0	 1250.0	   94.4	    0.0	    0.0	1	   82.1	 21	 1396.0	   19.6	
   21	   2.10	  -36.0	 1343.4	  -98.5	    0.0	    0.0	    0.0	    0.0	    0.0	    0.0	    0.0	    0.0	  100.0	   94.1	    0.0	    0.0	    0.0	    0.0	    0.8	  1	  -50.0	 1250.0	   94.1	    0.0	    0.0	1	   82.1	 21	 1395.5	   19.6	
   22	   2.20	  -36.0	 1343.4	  -98.5	    0.0	    0.0	    0.0	    0.0	    0.0	    0.0	    0.0	    0.0	  100.0	   93.8	    0.0	    0.0	    0.0	    0.0	    0.8	  1	  -50.0	 1250.0	   93.8	    0.0	    0.0	1	   82.1	 21	 1395.1	   19.5	
   23	   2.30	  -36.0	 1343.4	  -98.5	    0.0	    0.0	    0.0	    0.0	    0.0	    0.0	    0.0	    0.0	  100.0	   93.5	    0.0	    0.0	    0.0	    0.0	    0.8	  1	  -50.0	 1250.0	   93.5	    0.0	    0.0	1	   82.1	 21	 1394.6	   19.5	
   24	   2.40	  -36.0	 1343.4	  -98.5	    0.0	    0.0	    0.0	    0.0	    0.0	    0.0	    0.0	    0.0	  100.0	   93.2	    0.0	    0.0	    0.0	    0.0	    0.9	  1	  -50.0	 1250.0	   93.2	    0.0	    0.0	1	   82.1	 21	 1394.1	   19.4	
   25	   2.50	  -36.0	 1343.4	  -98.5	    0.0	    0.0	    0.0	    0.0	    0.0	    0.0	    0.0	    0.0	  100.0	   92.9	    0.0	    0.0	    0.0	    0.0	    0.9	  1	  -50.0	 1250.0	   92.9	    0.0	    0.0	1	   82.1	 21	 1393.7	   19.4	
   26	   2.60	  -36.0	 1343.4	  -98.5	    0.0	    0.0	    0.0	    0.0	    0.0	    0.0	    0.0	    0.0	  100.0	   92.6	    0.0	    0.0	    0.0	    0.0	    1.0	  1	  -50.0	 1250.0	   92.6	    0.0	    0.0	1	   82.1	 21	 1393.2	   19.3	
   27	   2.70	  -36.0	 1343.4	  -98.5	    0.0	    0.0	    0.0	    0.0	    0.0	    0.0	    0.0	    0.0	  100.0	   92.4	    0.0	    0.0	    0.0	    0.0	    1.0	  1	  -50.0	 1250.0	   92.4	    0.0	    0.0	1	   82.1	 21	 1392.7	   19.3	
   28	   2.80	  -36.0	 1343.4	  -98.5	    0.0	    0.0	    0.0	    0.0	    0.0	    0.0	    0.0	    0.0	  100.0	   92.1	    0.0	    0.0	    0.0	    0.0	    1.0	  1	  -50.0	 1250.0	   92.1	    0.0	    0.0	1	   82.1	 21	 1392.3	   19.2	
   29	   2.90	  -36.0	 1343.4	  -98.5	    0.0	    0.0	    0.0	    0.0	    0.0	    0.0	    0.0	    0.0	  100.0	   91.8	    0.0	    0.0	    0.0	    0.0	    1.1	  1	  -50.0	 1250.0	   91.8	    0.0	    0.0	1	   82.1	 21	 1391.8	   19.2	
   30	   3.00	  -36.0	 1343.4	  -98.5	    0.0	    0.0	    0.0	    0.0	    0.0	    0.0	    0.0	    0.0	  100.0	   91.5	    0.0	    0.0	    0.0	    0.0	    1.1	  1	  -50.0	 1250.0	   91.5	    0.0	    0.0	1	   82.1	 21	 1391.3	   19.1	
   31	   3.10	  -36.0	 1343.4	  -98.5	    0.0	    0.0	    0.0	    0.0	    0.0	    0.0	    0.0	    0.0	  100.0	   91.2	    0.0	    0.0	    0.0	    0.0	    1.1	  1	  -50.0	 1250.0	   91.2	    0.0	    0.0	1	   82.1	 21	 1390.9	   19.1	
   32	   3.20	  -36.0	 1343.4	  -98.5	    0.0	    0.0	    0.0	    0.0	    0.0	    0.0	    0.0	    0.0	  100.0	   90.9	    0.0	    0.0	    0.0	    0.0	    1.2	  1	  -50.0	 1250.0	   90.9	    0.0	    0.0	1	   82.1	 21	 1390.4	   19.0	
   33	   3.30	  -36.0	 1343.4	  -98.5	    0.0	    0.0	    0.0	    0.0	    0.0	    0.0	    0.0	    0.0	  100.0	   90.6	    0.0	    0.0	    0.0	    0.0	    1.2	  1	  -50.0	 1250.0	   90.6	    0.0	    0.0	1	   82.1	 21	 1390.0	   19.0	
   34	   3.40	  -36.0	 1343.4	  -98.5	    0.0	    0.0	    0.0	    0.0	    0.0	    0.0	    0.0	    0.0	  100.0	   90.3	    0.0	    0.0	    0.0	    0.0	    1.2	  1	  -50.0	 1250.0	   90.3	    0.0	    0.0	1	   82.1	 21	 1389.5	   18.9	
   35	   3.50	  -36.0	 1343.4	  -98.5	    0.0	    0.0	    0.0	    0.0	    0.0	    0.0	    0.0	    0.0	  100.0	   90.0	    0.0	    0.0	    0.0	    0.0	    1.3	  1	  -50.0	 1250.0	   90.0	    0.0	    0.0	1	   82.1	 21	 1389.0	   18.9	
   36	   3.60	  -36.0	 1343.4	  -98.5	    0.0	    0.0	    0.0	    0.0	    0.0	    0.0	    0.0	    0.0	  100.0	   89.7	    0.0	    0.0	    0.0	    0.0	    1.3	  1	  -50.0	 1250.0	   89.7	    0.0	    0.0	1	   82.1	 21	 1388.6	   18.9	
   37	   3.70	  -36.0	 1343.4	  -98.5	    0.0	    0.0	    0.0	    0.0	    0.0	    0.0	    0.0	    0.0	  100.0	   89.4	    0.0	    0.0	    0.0	    0.0	    1.4	  1	  -50.0	 1250.0	   89.4	    0.0	    0.0	1	   82.1	 21	 1388.1	   18.8	
   38	   3.80	  -36.0	 1343.4	  -98.5	    0.0	    0.0	    0.0	    0.0	    0.0	    0.0	    0.0	    0.0	  100.0	   89.1	    0.0	    0.0	    0.0	    0.0	    1.4	  1	  -50.0	 1250.0	   89.1	    0.0	    0.0	1	   82.1	 21	 1387.6	   18.8	
   39	   3.90	  -36.0	 1343.4	  -98.5	    0.0	    0.0	    0.0	    0.0	    0.0	    0.0	    0.0	    0.0	  100.0	   88.8	    0.0	    0.0	    0.0	    0.0	    1.4	  1	  -50.0	 1250.0	   88.8	    0.0	    0.0	1	   82.1	 21	 1387.2	   18.7	
   40	   4.00	  -36.0	 1343.4	  -98.5	    0.0	    0.0	    0.0	    0.0	    0.0	    0.0	    0.0	    0.0	  100.0	   88.5	    0.0	    0.0	    0.0	    0.0	    1.5	  1	  -50.0	 1250.0	   88.5	    0.0	    0.0	1	   82.1	 21	 1386.7	   18.7	
   41	   4.10	  -36.0	 1343.4	  -98.5	    0.0	    0.0	    0.0	    0.0	    0.0	    0.0	    0.0	    0.0	  100.0	   88.2	    0.0	    0.0	    0.0	    0.0	    1.5	  1	  -50.0	 1250.0	   88.2	    0.0	    0.0	1	   82.1	 21	 1386.2	   18.6	
   42	   4.20	  -36.0	 1343.4	  -98.5	    0.0	    0.0	    0.0	    0.0	    0.0	    0.0	    0.0	    0.0	  100.0	   87.9	    0.0	    0.0	    0.0	    0.0	    1.5	  1	  -50.0	 1250.0	   87.9	    0.0	    0.0	1	   82.1	 21	 1385.8	   18.6	
   43	   4.30	  -36.0	 1343.4	  -98.5	    0.0	    0.0	    0.0	    0.0	    0.0	    0.0	    0.0	    0.0	  100.0	   87.6	    0.0	    0.0	    0.0	    0.0	    1.6	  1	  -50.0	 1250.0	   87.6	    0.0	    0.0	1	   82.1	 21	 1385.3	   18.5	
   44	   4.40	  -36.0	 1343.4	  -98.5	    0.0	    0.0	    0.0	    0.0	    0.0	    0.0	    0.0	    0.0	  100.0	   87.3	    0.0	    0.0	    0.0	    0.0	    1.6	  1	  -50.0	 1250.0	   87.3	    0.0	    0.0	1	   82.1	 21	 1384.8	   18.5	
   45	   4.50	  -36.0	 1343.4	  -98.5	    0.0	    0.0	    0.0	    0.0	    0.0	    0.0	    0.0	    0.0	  100.0	   87.0	    0.0	    0.0	    0.0	    0.0	    1.7	  1	  -50.0	 1250.0	   87.0	    0.0	    0.0	1	   82.1	 21	 1384.4	   18.4	
   46	   4.60	  -36.0	 1343.4	  -98.5	    0.0	    0.0	    0.0	    0.0	    0.0	    0.0	    0.0	    0.0	  100.0	   86.7	    0.0	    0.0	    0.0	    0.0	    1.7	  1	  -50.0	 1250.0	   86.7	    0.0	    0.0	1	   82.1	 21	 1383.9	   18.4	
   47	   4.70	  -36.0	 1343.4	  -98.5	    0.0	    0.0	    0.0	    0.0	    0.0	    0.0	    0.0	    0.0	  100.0	   86.4	    0.0	    0.0	    0.0	    0.0	    1.7	  1	  -50.0	 1250.0	   86.4	    0.0	    0.0	1	   82.1	 21	 1383.4	   18.3	
   48	   4.80	  -36.0	 1343.4	  -98.5	    0.0	    0.0	    0.0	    0.0	    0.0	    0.0	    0.0	    0.0	  100.0	   86.1	    0.0	    0.0	    0.0	    0.0	    1.8	  1	  -50.0	 1250.0	   86.1	    0.0	    0.0	1	   82.1	 21	 1383.0	   18.3	
   49	   4.90	  -36.0	 1343.4	  -98.5	    0.0	    0.0	    0.0	    0.0	    0.0	    0.0	    0.0	    0.0	  100.0	   85.8	    0.0	    0.0	    0.0	    0.0	    1.8	  1	  -50.0	 1250.0	   85.8	    0.0	    0.0	1	   82.1	 21	 1382.5	   18.3	
   50	   5.00	  -36.0	 1343.4	  -98.5	    0.0	    0.0	    0.0	    0.0	    0.0	    0.0	    0.0	    0.0	  100.0	   85.5	    0.0	    0.0	    0.0	    0.0	    1.8	  1	  -50.0	 1250.0	   85.5	    0.0	    0.0	1	   82.1	 21	 1382.0	   18.2	
   51	   5.10	  -36.0	 1343.4	  -98.5	    0.0	    0.0	    0.0	    0.0	    0.0	    0.0	    0.0	    0.0	  100.0	   85.2	    0.0	    0.0	    0.0	    0.0	    1.9	  1	  -50.0	 1250.0	   85.2	    0.0	    0.0	1	   82.1	 21	 1381.6	   18.2	
   52	   5.20	  -36.0	 1343.4	  -98.5	    0.0	    0.0	    0.0	    0.0	    0.0	    0.0	    0.0	    0.0	  100.0	   84.9	    0.0	    0.0	    0.0	    0.0	    1.9	  1	  -50.0	 1250.0	   84.9	    0.0	    0.0	1	   82.1	 21	 1381.1	   18.1	
   53	   5.30	  -36.0	 1343.4	  -98.5	    0.0	    0.0	    0.0	    0.0	    0.0	    0.0	    0.0	    0.0	  100.0	   84.6	    0.0	    0.0	    0.0	    0.0	    1.9	  1	  -50.0	 1250.0	   84.6	    0.0	    0.0	1	   82.1	 21	 1380.6	   18.1	
   54	   5.40	  -36.0	 1343.4	  -98.5	    0.0	    0.0	    0.0	    0.0	    0.0	    0.0	    0.0	    0.0	  100.0	   84.3	    0.0	    0.0	    0.0	    0.0	    2.0	  1	  -50.0	 1250.0	   84.3	    0.0	    0.0	1	   82.1	 21	 1380.2	   18.0	
   55	   5.50	  -36.0	 1343.4	  -98.5	    0.0	    0.0	    0.0	    0.0	    0.0	    0.0	    0.0	    0.0	  100.0	   84.0	    0.0	    0.0	    0.0	    0.0	    2.0	  1	  -50.0	 1250.0	   84.0	    0.0	    0.0	1	   82.1	 21	 1379.7	   18.0	
   56	   5.60	  -36.0	 1343.4	  -98.5	    0.0	    0.0	    0.0	    0.0	    0.0	    0.0	    0.0	    0.0	  100.0	   83.7	    0.0	    0.0	    0.0	    0.0	    2.1	  1	  -50.0	 1250.0	   83.7	    0.0	    0.0	1	   82.1	 21	 1379.2	   17.9	
   57	   5.70	  -36.0	 1343.4	  -98.5	    0.0	    0.0	    0.0	    0.0	    0.0	    0.0	    0.0	    0.0	  100.0	   83.4	    0.0	    0.0	    0.0	    0.0	    2.1	  1	  -50.0	 1250.0	   83.4	    0.0	    0.0	1	   82.1	 21	 1378.8	   17.9	
   58	   5.80	  -36.0	 1343.4	  -98.5	    0.0	    0.0	    0.0	    0.0	    0.0	    0.0	    0.0	    0.0	  100.0	   83.1	    0.0	    0.0	    0.0	    0.0	    2.1	  1	  -50.0	 1250.0	   83.1	    0.0	    0.0	1	   82.1	 21	 1378.3	   17.8	
   59	   5.90	  -36.0	 1343.4	  -98.5	    0.0	    0.0	    0.0	    0.0	    0.0	    0.0	    0.0	    0.0	  100.0	   82.8	    0.0	    0.0	    0.0	    0.0	    2.2	  1	  -50.0	 1250.0	   82.8	    0.0	    0.0	1	   82.1	 21	 1377.9	   17.8	
   60	   6.00	  -36.0	 1343.4	  -98.5	    0.0	    0.0	    0.0	    0.0	    0.0	    0.0	    0.0	    0.0	  100.0	   82.5	    0.0	    0.0	    0.0	    0.0	    2.2	  1	  -50.0	 1250.0	   82.5	    0.0	    0.0	1	   82.1	 21	 1377.4	   17.7	
   61	   6.10	  -36.0	 1343.4	  -98.5	    0.0	    0.0	    0.0	    0.0	    0.0	    0.0	    0.0	    0.0	  100.0	   82.2	    0.0	    0.0	    0.0	    0.0	    2.2	  1	  -50.0	 1250.0	   82.2	    0.0	    0.0	1	   82.1	 21	 1376.9	   17.7	
   62	   6.20	  -36.0	 1343.4	  -98.5	    0.0	    0.0	    0.0	    0.0	    0.0	    0.0	    0.0	    0.0	  100.0	   81.9	    0.0	    0.0	    0.0	    0.0	    2.3	  1	  -50.0	 1250.0	   81.9	    0.0	    0.0	1	   82.1	 21	 1376.5	   17.6	
   63	   6.30	  -36.0	 1343.4	  -98.5	    0.0	    0.0	    0.0	    0.0	    0.0	    0.0	    0.0	    0.0	  100.0	   81.6	    0.0	    0.0	    0.0	    0.0	    2.3	  1	  -50.0	 1250.0	   81.6	    0.0	    0.0	1	   82.1	 21	 1376.0	   17.6	
   64	   6.40	  -36.0	 1343.4	  -98.5	    0.0	    0.0	    0.0	    0.0	    0.0	    0.0	    0.0	    0.0	  100.0	   81.3	    0.0	    0.0	    0.0	    0.0	    2.4	  1	  -50.0	 1250.0	   81.3	    0.0	    0.0	1	   82.1	 21	 1375.5	   17.6	
   65	   6.50	  -36.0	 1343.4	  -98.5	    0.0	    0.0	    0.0	    0.0	    0.0	    0.0	    0.0	    0.0	  100.0	   81.0	    0.0	    0.0	    0.0	    0.0	    2.4	  1	  -50.0	 1250.0	   81.0	    0.0	    0.0	1	   82.1	 21	 1375.1	   17.5	
   66	   6.60	  -36.0	 1343.4	  -98.5	    0.0	    0.0	    0.0	    0.0	    0.0	    0.0	    0.0	    0.0	  100.0	   80.7	    0.0	    0.0	    0.0	    0.0	    2.4	  1	  -50.0	 1250.0	   80.7	    0.0	    0.0	1	   82.1	 21	 1374.6	   17.5	
   67	   6.70	  -36.0	 1343.4	  -98.5	    0.0	    0.0	    0.0	    0.0	    0.0	    0.0	    0.0	    0.0	  100.0	   80.4	    0.0	    0.0	    0.0	    0.0	    2.5	  1	  -50.0	 1250.0	   80.4	    0.0	    0.0	1	   82.1	 21	 1374.1	   17.4	
   68	   6.80	  -36.0	 1343.4	  -98.5	    0.0	    0.0	    0.0	    0.0	    0.0	    0.0	    0.0	    0.0	  100.0	   80.1	    0.0	    0.0	    0.0	    0.0	    2.5	  1	  -50.0	 1250.0	   80.1	    0.0	    0.0	1	   82.1	 21	 1373.7	   17.4	
   69	   6.90	  -36.0	 1343.4	  -98.5	    0.0	    0.0	    0.0	    0.0	    0.0	    0.0	    0.0	    0.0	  100.0	   79.8	    0.0	    0.0	    0.0	    0.0	    2.5	  1	  -50.0	 1250.0	   79.8	    0.0	    0.0	1	   82.1	 21	 1373.2	   17.3	
   70	   7.00	  -36.0	 1343.4	  -98.5	    0.0	    0.0	    0.0	    0.0	    0.0	    0.0	    0.0	    0.0	  100.0	   79.5	    0.0	    0.0	    0.0	    0.0	    2.6	  1	  -50.0	 1250.0	   79.5	    0.0	    0.0	1	   82.1	 21	 1372.7	   17.3	
   71	   7.10	  -36.0	 1343.4	  -98.5	    0.0	    0.0	    0.0	    0.0	    0.0	    0.0	    0.0	    0.0	  100.0	   79.2	    0.0	    0.0	    0.0	    0.0	    2.6	  1	  -50.0	 1250.0	   79.2	    0.0	    0.0	1	   82.1	 21	 1372.3	   17.2	
   72	   7.20	  -36.0	 1343.4	  -98.5	    0.0	    0.0	    0.0	    0.0	    0.0	    0.0	    0.0	    0.0	  100.0	   78.9	    0.0	    0.0	    0.0	    0.0	    2.7	  1	  -50.0	 1250.0	   78.9	    0.0	    0.0	1	   82.1	 21	 1371.8	   17.2	
   73	   7.30	  -36.0	 1343.4	  -98.5	    0.0	    0.0	    0.0	    0.0	    0.0	    0.0	    0.0	    0.0	  100.0	   78.6	    0.0	    0.0	    0.0	    0.0	    2.7	  1	  -50.0	 1250.0	   78.6	    0.0	    0.0	1	   82.1	 21	 1371.3	   17.1	
   74	   7.40	  -36.0	 1343.4	  -98.5	    0.0	    0.0	    0.0	    0.0	    0.0	    0.0	    0.0	    0.0	  100.0	   78.3	    0.0	    0.0	    0.0	    0.0	    2.7	  1	  -50.0	 1250.0	   78.3	    0.0	    0.0	1	   82.1	 21	 1370.9	   17.1	
   75	   7.50	  -36.0	 1343.4	  -98.5	    0.0	    0.0	    0.0	    0.0	    0.0	    0.0	    0.0	    0.0	  100.0	   78.1	    0.0	    0.0	    0.0	    0.0	    2.8	  1	  -50.0	 1250.0	   78.1	    0.0	    0.0	1	   82.1	 21	 1370.4	   17.0	
   76	   7.60	  -36.0	 1343.4	  -98.5	    0.0	    0.0	    0.0	    0.0	    0.0	    0.0	    0.0	    0.0	  100.0	   77.8	    0.0	    0.0	    0.0	    0.0	    2.8	  1	  -50.0	 1250.0	   77.8	    0.0	    0.0	1	   82.1	 21	 1369.9	   17.0	
   77	   7.70	  -36.0	 1343.4	  -98.5	    0.0	    0.0	    0.0	    0.0	    0.0	    0.0	    0.0	    0.0	  100.0	   77.5	    0.0	    0.0	    0.0	    0.0	    2.8	  1	  -50.0	 1250.0	   77.5	    0.0	    0.0	1	   82.1	 21	 1369.5	   16.9	
   78	   7.80	  -36.0	 1343.4	  -98.5	    0.0	    0.0	    0.0	    0.0	    0.0	    0.0	    0.0	    0.0	  100.0	   77.2	    0.0	    0.0	    0.0	    0.0	    2.9	  1	  -50.0	 1250.0	   77.2	    0.0	    0.0	1	   82.1	 21	 1369.0	   16.9	
   79	   7.90	  -36.0	 1343.4	  -98.5	    0.0	    0.0	    0.0	    0.0	    0.0	    0.0	    0.0	    0.0	  100.0	   76.9	    0.0	    0.0	    0.0	    0.0	    2.9	  1	  -50.0	 1250.0	   76.9	    0.0	    0.0	1	   82.1	 21	 1368.5	   16.9	
   80	   8.00	  -36.0	 1343.4	  -98.5	    0.0	    0.0	    0.0	    0.0	    0.0	    0.0	    0.0	    0.0	  100.0	   76.6	    0.0	    0.0	    0.0	    0.0	    2.9	  1	  -50.0	 1250.0	   76.6	    0.0	    0.0	1	   82.1	 21	 1368.1	   16.8	
   81	   8.10	  -36.0	 1343.4	  -98.5	    0.0	    0.0	    0.0	    0.0	    0.0	    0.0	    0.0	    0.0	  100.0	   76.3	    0.0	    0.0	    0.0	    0.0	    3.0	  1	  -50.0	 1250.0	   76.3	    0.0	    0.0	1	   82.1	 21	 1367.6	   16.8	
   82	   8.20	  -36.0	 1343.4	  -98.5	    0.0	    0.0	    0.0	    0.0	    0.0	    0.0	    0.0	    0.0	  100.0	   76.0	    0.0	    0.0	    0.0	    0.0	    3.0	  1	  -50.0	 1250.0	   76.0	    0.0	    0.0	1	   82.1	 21	 1367.1	   16.7	
   83	   8.30	  -36.0	 1343.4	  -98.5	    0.0	    0.0	    0.0	    0.0	    0.0	    0.0	    0.0	    0.0	  100.0	   75.7	    0.0	    0.0	    0.0	    0.0	    3.1	  1	  -50.0	 1250.0	   75.7	    0.0	    0.0	1	   82.1	 21	 1366.7	   16.7	
   84	   8.40	  -36.0	 1343.4	  -98.5	    0.0	    0.0	    0.0	    0.0	    0.0	    0.0	    0.0	    0.0	  100.0	   75.4	    0.0	    0.0	    0.0	    0.0	    3.1	  1	  -50.0	 1250.0	   75.4	    0.0	    0.0	1	   82.1	 21	 1366.2	   16.6	
   85	   8.50	  -36.0	 1343.4	  -98.5	    0.0	    0.0	    0.0	    0.0	    0.0	    0.0	    0.0	    0.0	  100.0	   75.1	    0.0	    0.0	    0.0	    0.0	    3.1	  1	  -50.0	 1250.0	   75.1	    0.0	    0.0	1	   82.1	 21	 1365.8	   16.6	
   86	   8.60	  -36.0	 1343.4	  -98.5	    0.0	    0.0	    0.0	    0.0	    0.0	    0.0	    0.0	    0.0	  100.0	   74.8	    0.0	    0.0	    0.0	    0.0	    3.2	  1	  -50.0	 1250.0	   74.8	    0.0	    0.0	1	   82.1	 21	 1365.3	   16.5	
   87	   8.70	  -36.0	 1343.4	  -98.5	    0.0	    0.0	    0.0	    0.0	    0.0	    0.0	    0.0	    0.0	  100.0	   74.5	    0.0	    0.0	    0.0	    0.0	    3.2	  1	  -50.0	 1250.0	   74.5	    0.0	    0.0	1	   82.1	 21	 1364.8	   16.5	
   88	   8.80	  -36.0	 1343.4	  -98.5	    0.0	    0.0	    0.0	    0.0	    0.0	    0.0	    0.0	    0.0	  100.0	   74.2	    0.0	    0.0	    0.0	    0.0	    3.2	  1	  -50.0	 1250.0	   74.2	    0.0	    0.0	1	   82.1	 21	 1364.4	   16.4	
   89	   8.90	  -36.0	 1343.4	  -98.5	    0.0	    0.0	    0.0	    0.0	    0.0	    0.0	    0.0	    0.0	  100.0	   73.9	    0.0	    0.0	    0.0	    0.0	    3.3	  1	  -50.0	 1250.0	   73.9	    0.0	    0.0	1	   82.1	 21	 1363.9	   16.4	
   90	   9.00	  -36.0	 1343.4	  -98.5	    0.0	    0.0	    0.0	    0.0	    0.0	    0.0	    0.0	    0.0	  100.0	   73.6	    0.0	    0.0	    0.0	    0.0	    3.3	  1	  -50.0	 1250.0	   73.6	    0.0	    0.0	1	   82.1	 21	 1363.4	   16.3	
   91	   9.10	  -36.0	 1343.4	  -98.5	    0.0	    0.0	    0.0	    0.0	    0.0	    0.0	    0.0	    0.0	  100.0	   73.3	    0.0	    0.0	    0.0	    0.0	    3.4	  1	  -50.0	 1250.0	   73.3	    0.0	    0.0	1	   82.1	 21	 1363.0	   16.3	
   92	   9.20	  -36.0	 1343.4	  -98.5	    0.0	    0.0	    0.0	    0.0	    0.0	    0.0	    0.0	    0.0	  100.0	   73.0	    0.0	    0.0	    0.0	    0.0	    3.4	  1	  -50.0	 1250.0	   73.0	    0.0	    0.0	1	   82.1	 21	 1362.5	   16.2	
   93	   9.30	  -36.0	 1343.4	  -98.5	    0.0	    0.0	    0.0	    0.0	    0.0	    0.0	    0.0	    0.0	  100.0	   72.7	    0.0	    0.0	    0.0	    0.0	    3.4	  1	  -50.0	 1250.0	   72.7	    0.0	    0.0	1	   82.1	 21	 1362.0	   16.2	
   94	   9.40	  -36.0	 1343.4	  -98.5	    0.0	    0.0	    0.0	    0.0	    0.0	    0.0	    0.0	    0.0	  100.0	   72.4	    0.0	    0.0	    0.0	    0.0	    3.5	  1	  -50.0	 1250.0	   72.4	    0.0	    0.0	1	   82.1	 21	 1361.6	   16.2	
   95	   9.50	  -36.0	 1343.4	  -98.5	    0.0	    0.0	    0.0	    0.0	    0.0	    0.0	    0.0	    0.0	  100.0	   72.1	    0.0	    0.0	    0.0	    0.0	    3.5	  1	  -50.0	 1250.0	   72.1	    0.0	    0.0	1	   82.1	 21	 1361.1	   16.1	
   96	   9.60	  -36.0	 1343.4	  -98.5	    0.0	    0.0	    0.0	    0.0	    0.0	    0.0	    0.0	    0.0	  100.0	   71.8	    0.0	    0.0	    0.0	    0.0	    3.5	  1	  -50.0	 1250.0	   71.8	    0.0	    0.0	1	   82.1	 21	 1360.6	   16.1	
   97	   9.70	  -36.0	 1343.4	  -98.5	    0.0	    0.0	    0.0	    0.0	    0.0	    0.0	    0.0	    0.0	  100.0	   71.5	    0.0	    0.0	    0.0	    0.0	    3.6	  1	  -50.0	 1250.0	   71.5	    0.0	    0.0	1	   82.1	 21	 1360.2	   16.0	
   98	   9.80	  -36.0	 1343.4	  -98.5	    0.0	    0.0	    0.0	    0.0	    0.0	    0.0	    0.0	    0.0	  100.0	   71.2	    0.0	    0.0	    0.0	    0.0	    3.6	  1	  -50.0	 1250.0	   71.2	    0.0	    0.0	1	   82.1	 21	 1359.7	   16.0	
   99	   9.90	  -36.0	 1343.4	  -98.5	    0.0	    0.0	    0.0	    0.0	    0.0	    0.0	    0.0	    0.0	  100.0	   70.9	    0.0	    0.0	    0.0	    0.0	    3.7	  1	  -50.0	 1250.0	   70.9	    0.0	    0.0	1	   82.1	 21	 1359.2	   15.9	
  100	  10.00	  -36.0	 1343.4	  -98.5	    0.0	    0.0	    0.0	    0.0	    0.0	    0.0	    0.0	    0.0	  100.0	   70.6	    0.0	    0.0	    0.0	    0.0	    3.7	  1	  -50.0	 1250.0	   70.6	    0.0	    0.0	1	   82.1	 21	 1358.8	   15.9	
  101	  10.10	  -36.0	 1343.4	  -98.5	    0.0	    0.0	    0.0	    0.0	    0.0	    0.0	    0.0	    0.0	  100.0	   70.3	    0.0	    0.0	    0.0	    0.0	    3.7	  1	  -50.0	 1250.0	   70.3	    0.0	    0.0	1	   82.1	 21	 1358.3	   15.8	
  102	  10.20	  -36.0	 1343.4	  -98.5	    0.0	    0.0	    0.0	    0.0	    0.0	    0.0	    0.0	    0.0	  100.0	   70.0	    0.0	    0.0	    0.0	    0.0	    3.8	  1	  -50.0	 1250.0	   70.0	    0.0	    0.0	1	   82.1	 21	 1357.8	   15.8	
  103	  10.30	  -36.0	 1343.4	  -98.5	    0.0	    0.0	    0.0	    0.0	    0.0	    0.0	    0.0	    0.0	  100.0	   69.7	    0.0	    0.0	    0.0	    0.0	    3.8	  1	  -50.0	 1250.0	   69.7	    0.0	    0.0	1	   82.1	 21	 1357.4	   15.7	
  104	  10.40	  -36.0	 1343.4	  -98.5	    0.0	    0.0	    0.0	    0.0	    0.0	    0.0	    0.0	    0.0	  100.0	   69.4	    0.0	    0.0	    0.0	    0.0	    3.8	  1	  -50.0	 1250.0	   69.4	    0.0	    0.0	1	   82.1	 21	 1356.9	   15.7	
  105	  10.50	  -36.0	 1343.4	  -98.5	    0.0	    0.0	    0.0	    0.0	    0.0	    0.0	    0.0	    0.0	  100.0	   69.1	    0.0	    0.0	    0.0	    0.0	    3.9	  1	  -50.0	 1250.0	   69.1	    0.0	    0.0	1	   82.1	 21	 1356.4	   15.6	
  106	  10.60	  -36.0	 1343.4	  -98.5	    0.0	    0.0	    0.0	    0.0	    0.0	    0.0	    0.0	    0.0	  100.0	   68.8	    0.0	    0.0	    0.0	    0.0	    3.9	  1	  -50.0	 1250.0	   68.8	    0.0	    0.0	1	   82.1	 21	 1356.0	   15.6	
  107	  10.70	  -36.0	 1343.4	  -98.5	    0.0	    0.0	    0.0	    0.0	    0.0	    0.0	    0.0	    0.0	  100.0	   68.5	    0.0	    0.0	    0.0	    0.0	    3.9	  1	  -50.0	 1250.0	   68.5	    0.0	    0.0	1	   82.1	 21	 1355.5	   15.6	
  108	  10.80	  -36.0	 1343.4	  -98.5	    0.0	    0.0	    0.0	    0.0	    0.0	    0.0	    0.0	    0.0	  100.0	   68.2	    0.0	    0.0	    0.0	    0.0	    4.0	  1	  -50.0	 1250.0	   68.2	    0.0	    0.0	1	   82.1	 21	 1355.0	   15.5	
  109	  10.90	  -36.0	 1343.4	  -98.5	    0.0	    0.0	    0.0	    0.0	    0.0	    0.0	    0.0	    0.0	  100.0	   67.9	    0.0	    0.0	    0.0	    0.0	    4.0	  1	  -50.0	 1250.0	   67.9	    0.0	    0.0	1	   82.1	 21	 1354.6	   15.5	
  110	  11.00	  -36.0	 1343.4	  -98.5	    0.0	    0.0	    0.0	    0.0	    0.0	    0.0	    0.0	    0.0	  100.0	   67.6	    0.0	    0.0	    0.0	    0.0	    4.1	  1	  -50.0	 1250.0	   67.6	    0.0	    0.0	1	   82.1	 21	 1354.1	   15.4	
  111	  11.10	  -36.0	 1343.4	  -98.5	    0.0	    0.0	    0.0	    0.0	    0.0	    0.0	    0.0	    0.0	  100.0	   67.3	    0.0	    0.0	    0.0	    0.0	    4.1	  1	  -50.0	 1250.0	   67.3	    0.0	    0.0	1	   82.1	 21	 1353.7	   15.4	
  112	  11.20	  -36.0	 1343.4	  -98.5	    0.0	    0.0	    0.0	    0.0	    0.0	    0.0	    0.0	    0.0	  100.0	   67.0	    0.0	    0.0	    0.0	    0.0	    4.1	  1	  -50.0	 1250.0	   67.0	    0.0	    0.0	1	   82.1	 21	 1353.2	   15.3	
  113	  11.30	  -36.0	 1343.4	  -98.5	    0.0	    0.0	    0.0	    0.0	    0.0	    0.0	    0.0	    0.0	  100.0	   66.7	    0.0	    0.0	    0.0	    0.0	    4.2	  1	  -50.0	 1250.0	   66.7	    0.0	    0.0	1	   82.1	 21	 1352.7	   15.3	
  114	  11.40	  -36.0	 1343.4	  -98.5	    0.0	    0.0	    0.0	    0.0	    0.0	    0.0	    0.0	    0.0	  100.0	   66.4	    0.0	    0.0	    0.0	    0.0	    4.2	  1	  -50.0	 1250.0	   66.4	    0.0	    0.0	1	   82.1	 21	 1352.3	   15.2	
  115	  11.50	  -36.0	 1343.4	  -98.5	    0.0	    0.0	    0.0	    0.0	    0.0	    0.0	    0.0	    0.0	  100.0	   66.1	    0.0	    0.0	    0.0	    0.0	    4.2	  1	  -50.0	 1250.0	   66.1	    0.0	    0.0	1	   82.1	 21	 1351.8	   15.2	
  116	  11.60	  -36.0	 1343.4	  -98.5	    0.0	    0.0	    0.0	    0.0	    0.0	    0.0	    0.0	    0.0	  100.0	   65.8	    0.0	    0.0	    0.0	    0.0	    4.3	  1	  -50.0	 1250.0	   65.8	    0.0	    0.0	1	   82.1	 21	 1351.3	   15.1	
  117	  11.70	  -36.0	 1343.4	  -98.5	    0.0	    0.0	    0.0	    0.0	    0.0	    0.0	    0.0	    0.0	  100.0	   65.5	    0.0	    0.0	    0.0	    0.0	    4.3	  1	  -50.0	 1250.0	   65.5	    0.0	    0.0	1	   82.1	 21	 1350.9	   15.1	
  118	  11.80	  -36.0	 1343.4	  -98.5	    0.0	    0.0	    0.0	    0.0	    0.0	    0.0	    0.0	    0.0	  100.0	   65.2	    0.0	    0.0	    0.0	    0.0	    4.4	  1	  -50.0	 1250.0	   65.2	    0.0	    0.0	1	   82.1	 21	 1350.4	   15.0	
  119	  11.90	  -36.0	 1343.4	  -98.5	    0.0	    0.0	    0.0	    0.0	    0.0	    0.0	    0.0	    0.0	  100.0	   64.9	    0.0	    0.0	    0.0	    0.0	    4.4	  1	  -50.0	 1250.0	   64.9	    0.0	    0.0	1	   82.1	 21	 1349.9	   15.0	
  120	  12.00	  -36.0	 1343.4	  -98.5	    0.0	    0.0	    0.0	    0.0	    0.0	    0.0	    0.0	    0.0	  100.0	   64.6	    0.0	    0.0	    0.0	    0.0	    4.4	  1	  -50.0	 1250.0	   64.6	    0.0	    0.0	1	   82.1	 21	 1349.5	   14.9	
  121	  12.10	  -36.0	 1343.4	  -98.5	    0.0	    0.0	    0.0	    0.0	    0.0	    0.0	    0.0	    0.0	  100.0	   64.3	    0.0	    0.0	    0.0	    0.0	    4.5	  1	  -50.0	 1250.0	   64.3	    0.0	    0.0	1	   82.1	 21	 1349.0	   14.9	
  122	  12.20	  -36.0	 1343.4	  -98.5	    0.0	    0.0	    0.0	    0.0	    0.0	    0.0	    0.0	    0.0	  100.0	   64.1	    0.0	    0.0	    0.0	    0.0	    4.5	  1	  -50.0	 1250.0	   64.1	    0.0	    0.0	1	   82.1	 21	 1348.5	   14.9	
  123	  12.30	  -36.0	 1343.4	  -98.5	    0.0	    0.0	    0.0	    0.0	    0.0	    0.0	    0.0	    0.0	  100.0	   63.8	    0.0	    0.0	    0.0	    0.0	    4.5	  1	  -50.0	 1250.0	   63.8	    0.0	    0.0	1	   82.1	 21	 1348.1	   14.8	
  124	  12.40	  -36.0	 1343.4	  -98.5	    0.0	    0.0	    0.0	    0.0	    0.0	    0.0	    0.0	    0.0	  100.0	   63.5	    0.0	    0.0	    0.0	    0.0	    4.6	  1	  -50.0	 1250.0	   63.5	    0.0	    0.0	1	   82.1	 21	 1347.6	   14.8	
  125	  12.50	  -36.0	 1343.4	  -98.5	    0.0	    0.0	    0.0	    0.0	    0.0	    0.0	    0.0	    0.0	  100.0	   63.2	    0.0	    0.0	    0.0	    0.0	    4.6	  1	  -50.0	 1250.0	   63.2	    0.0	    0.0	1	   82.1	 21	 1347.1	   14.7	
  126	  12.60	  -36.0	 1343.4	  -98.5	    0.0	    0.0	    0.0	    0.0	    0.0	    0.0	    0.0	    0.0	  100.0	   62.9	    0.0	    0.0	    0.0	    0.0	    4.7	  1	  -50.0	 1250.0	   62.9	    0.0	    0.0	1	   82.1	 21	 1346.7	   14.7	
  127	  12.70	  -36.0	 1343.4	  -98.5	    0.0	    0.0	    0.0	    0.0	    0.0	    0.0	    0.0	    0.0	  100.0	   62.6	    0.0	    0.0	    0.0	    0.0	    4.7	  1	  -50.0	 1250.0	   62.6	    0.0	    0.0	1	   82.1	 21	 1346.2	   14.6	
  128	  12.80	  -36.0	 1343.4	  -98.5	    0.0	    0.0	    0.0	    0.0	    0.0	    0.0	    0.0	    0.0	  100.0	   62.3	    0.0	    0.0	    0.0	    0.0	    4.7	  1	  -50.0	 1250.0	   62.3	    0.0	    0.0	1	   82.1	 21	 1345.7	   14.6	
  129	  12.90	  -36.0	 1343.4	  -98.5	    0.0	    0.0	    0.0	    0.0	    0.0	    0.0	    0.0	    0.0	  100.0	   62.0	    0.0	    0.0	    0.0	    0.0	    4.8	  1	  -50.0	 1250.0	   62.0	    0.0	    0.0	1	   82.1	 21	 1345.3	   14.5	
  130	  13.00	  -36.0	 1343.4	  -98.5	    0.0	    0.0	    0.0	    0.0	    0.0	    0.0	    0.0	    0.0	  100.0	   61.7	    0.0	    0.0	    0.0	    0.0	    4.8	  1	  -50.0	 1250.0	   61.7	    0.0	    0.0	1	   82.1	 21	 1344.8	   14.5	
  131	  13.10	  -36.0	 1343.4	  -98.5	    0.0	    0.0	    0.0	    0.0	    0.0	    0.0	    0.0	    0.0	  100.0	   61.4	    0.0	    0.0	    0.0	    0.0	    4.8	  1	  -50.0	 1250.0	   61.4	    0.0	    0.0	1	   82.1	 21	 1344.3	   14.4	
  132	  13.20	  -36.0	 1343.4	  -98.5	    0.0	    0.0	    0.0	    0.0	    0.0	    0.0	    0.0	    0.0	  100.0	   61.1	    0.0	    0.0	    0.0	    0.0	    4.9	  1	  -50.0	 1250.0	   61.1	    0.0	    0.0	1	   82.1	 21	 1343.9	   14.4	
  133	  13.30	  -36.0	 1343.4	  -98.5	    0.0	    0.0	    0.0	    0.0	    0.0	    0.0	    0.0	    0.0	  100.0	   60.8	    0.0	    0.0	    0.0	    0.0	    4.9	  1	  -50.0	 1250.0	   60.8	    0.0	    0.0	1	   82.1	 21	 1343.4	   14.3	
  134	  13.40	  -36.0	 1343.4	  -98.5	    0.0	    0.0	    0.0	    0.0	    0.0	    0.0	    0.0	    0.0	  100.0	   60.5	    0.0	    0.0	    0.0	    0.0	    4.9	  1	  -50.0	 1250.0	   60.5	    0.0	    0.0	1	   82.1	 21	 1343.0	   14.3	
  135	  13.50	  -36.0	 1343.4	  -98.5	    0.0	    0.0	    0.0	    0.0	    0.0	    0.0	    0.0	    0.0	  100.0	   60.2	    0.0	    0.0	    0.0	    0.0	    5.0	  1	  -50.0	 1250.0	   60.2	    0.0	    0.0	1	   82.1	 21	 1342.5	   14.2	
  136	  13.60	  -36.0	 1343.4	  -98.5	    0.0	    0.0	    0.0	    0.0	    0.0	    0.0	    0.0	    0.0	  100.0	   59.9	    0.0	    0.0	    0.0	    0.0	    5.0	  1	  -50.0	 1250.0	   59.9	    0.0	    0.0	1	   82.1	 21	 1342.0	   14.2	
  137	  13.70	  -36.0	 1343.4	  -98.5	    0.0	    0.0	    0.0	    0.0	    0.0	    0.0	    0.0	    0.0	  100.0	   59.6	    0.0	    0.0	    0.0	    0.0	    5.1	  1	  -50.0	 1250.0	   59.6	    0.0	    0.0	1	   82.1	 21	 1341.6	   14.2	
  138	  13.80	  -36.0	 1343.4	  -98.5	    0.0	    0.0	    0.0	    0.0	    0.0	    0.0	    0.0	    0.0	  100.0	   59.3	    0.0	    0.0	    0.0	    0.0	    5.1	  1	  -50.0	 1250.0	   59.3	    0.0	    0.0	1	   82.1	 21	 1341.1	   14.1	
  139	  13.90	  -36.0	 1343.4	  -98.5	    0.0	    0.0	    0.0	    0.0	    0.0	    0.0	    0.0	    0.0	  100.0	   59.0	    0.0	    0.0	    0.0	    0.0	    5.1	  1	  -50.0	 1250.0	   59.0	    0.0	    0.0	1	   82.1	 21	 1340.6	   14.1	
  140	  14.00	  -36.0	 1343.4	  -98.5	    0.0	    0.0	    0.0	    0.0	    0.0	    0.0	    0.0	    0.0	  100.0	   58.7	    0.0	    0.0	    0.0	    0.0	    5.2	  1	  -50.0	 1250.0	   58.7	    0.0	    0.0	1	   82.1	 21	 1340.2	   14.0	
  141	  14.10	  -36.0	 1343.4	  -98.5	    0.0	    0.0	    0.0	    0.0	    0.0	    0.0	    0.0	    0.0	  100.0	   58.4	    0.0	    0.0	    0.0	    0.0	    5.2	  1	  -50.0	 1250.0	   58.4	    0.0	    0.0	1	   82.1	 21	 1339.7	   14.0	
  142	  14.20	  -36.0	 1343.4	  -98.5	    0.0	    0.0	    0.0	    0.0	    0.0	    0.0	    0.0	    0.0	  100.0	   58.1	    0.0	    0.0	    0.0	    0.0	    5.2	  1	  -50.0	 1250.0	   58.1	    0.0	    0.0	1	   82.1	 21	 1339.2	   13.9	
  143	  14.30	  -36.0	 1343.4	  -98.5	    0.0	    0.0	    0.0	    0.0	    0.0	    0.0	    0.0	    0.0	  100.0	   57.8	    0.0	    0.0	    0.0	    0.0	    5.3	  1	  -50.0	 1250.0	   57.8	    0.0	    0.0	1	   82.1	 21	 1338.8	   13.9	
  144	  14.40	  -36.0	 1343.4	  -98.5	    0.0	    0.0	    0.0	    0.0	    0.0	    0.0	    0.0	    0.0	  100.0	   57.5	    0.0	    0.0	    0.0	    0.0	    5.3	  1	  -50.0	 1250.0	   57.5	    0.0	    0.0	1	   82.1	 21	 1338.3	   13.8	
  145	  14.50	  -36.0	 1343.4	  -98.5	    0.0	    0.0	    0.0	    0.0	    0.0	    0.0	    0.0	    0.0	  100.0	   57.2	    0.0	    0.0	    0.0	    0.0	    5.4	  1	  -50.0	 1250.0	   57.2	    0.0	    0.0	1	   82.1	 21	 1337.8	   13.8	
  146	  14.60	  -36.0	 1343.4	  -98.5	    0.0	    0.0	    0.0	    0.0	    0.0	    0.0	    0.0	    0.0	  100.0	   56.9	    0.0	    0.0	    0.0	    0.0	    5.4	  1	  -50.0	 1250.0	   56.9	    0.0	    0.0	1	   82.1	 21	 1337.4	   13.7	
  147	  14.70	  -36.0	 1343.4	  -98.5	    0.0	    0.0	    0.0	    0.0	    0.0	    0.0	    0.0	    0.0	  100.0	   56.6	    0.0	    0.0	    0.0	    0.0	    5.4	  1	  -50.0	 1250.0	   56.6	    0.0	    0.0	1	   82.1	 21	 1336.9	   13.7	
  148	  14.80	  -36.0	 1343.4	  -98.5	    0.0	    0.0	    0.0	    0.0	    0.0	    0.0	    0.0	    0.0	  100.0	   56.3	    0.0	    0.0	    0.0	    0.0	    5.5	  1	  -50.0	 1250.0	   56.3	    0.0	    0.0	1	   82.1	 21	 1336.4	   13.6	
  149	  14.90	  -36.0	 1343.4	  -98.5	    0.0	    0.0	    0.0	    0.0	    0.0	    0.0	    0.0	    0.0	  100.0	   56.0	    0.0	    0.0	    0.0	    0.0	    5.5	  1	  -50.0	 1250.0	   56.0	    0.0	    0.0	1	   82.1	 21	 1336.0	   13.6	
  150	  15.00	  -36.0	 1343.4	  -98.5	    0.0	    0.0	    0.0	    0.0	    0.0	    0.0	    0.0	    0.0	  100.0	   55.7	    0.0	    0.0	    0.0	    0.0	    5.5	  1	  -50.0	 1250.0	   55.7	    0.0	    0.0	1	   82.1	 21	 1335.5	   13.6	
  151	  15.10	  -36.0	 1343.4	  -98.5	    0.0	    0.0	    0.0	    0.0	    0.0	    0.0	    0.0	    0.0	  100.0	   55.4	    0.0	    0.0	    0.0	    0.0	    5.6	  1	  -50.0	 1250.0	   55.4	    0.0	    0.0	1	   82.1	 21	 1335.0	   13.5	
  152	  15.20	  -36.0	 1343.4	  -98.5	    0.0	    0.0	    0.0	    0.0	    0.0	    0.0	    0.0	    0.0	  100.0	   55.1	    0.0	    0.0	    0.0	    0.0	    5.6	  1	  -50.0	 1250.0	   55.1	    0.0	    0.0	1	   82.1	 21	 1334.6	   13.5	
  153	  15.30	  -36.0	 1343.4	  -98.5	    0.0	    0.0	    0.0	    0.0	    0.0	    0.0	    0.0	    0.0	  100.0	   54.8	    0.0	    0.0	    0.0	    0.0	    5.6	  1	  -50.0	 1250.0	   54.8	    0.0	    0.0	1	   82.1	 21	 1334.1	   13.4	
  154	  15.40	  -36.0	 1343.4	  -98.5	    0.0	    0.0	    0.0	    0.0	    0.0	    0.0	    0.0	    0.0	  100.0	   54.5	    0.0	    0.0	    0.0	    0.0	    5.7	  1	  -50.0	 1250.0	   54.5	    0.0	    0.0	1	   82.1	 21	 1333.6	   13.4	
  155	  15.50	  -36.0	 1343.4	  -98.5	    0.0	    0.0	    0.0	    0.0	    0.0	    0.0	    0.0	    0.0	  100.0	   54.2	    0.0	    0.0	    0.0	    0.0	    5.7	  1	  -50.0	 1250.0	   54.2	    0.0	    0.0	1	   82.1	 21	 1333.2	   13.3	
  156	  15.60	  -36.0	 1343.4	  -98.5	    0.0	    0.0	    0.0	    0.0	    0.0	    0.0	    0.0	    0.0	  100.0	   53.9	    0.0	    0.0	    0.0	    0.0	    5.8	  1	  -50.0	 1250.0	   53.9	    0.0	    0.0	1	   82.1	 21	 1332.7	   13.3	
  157	  15.70	  -36.0	 1343.4	  -98.5	    0.0	    0.0	    0.0	    0.0	    0.0	    0.0	    0.0	    0.0	  100.0	   53.6	    0.0	    0.0	    0.0	    0.0	    5.8	  1	  -50.0	 1250.0	   53.6	    0.0	    0.0	1	   82.1	 21	 1332.2	   13.2	
  158	  15.80	  -36.0	 1343.4	  -98.5	    0.0	    0.0	    0.0	    0.0	    0.0	    0.0	    0.0	    0.0	  100.0	   53.3	    0.0	    0.0	    0.0	    0.0	    5.8	  1	  -50.0	 1250.0	   53.3	    0.0	    0.0	1	   82.1	 21	 1331.8	   13.2	
  159	  15.90	  -36.0	 1343.4	  -98.5	    0.0	    0.0	    0.0	    0.0	    0.0	    0.0	    0.0	    0.0	  100.0	   53.0	    0.0	    0.0	    0.0	    0.0	    5.9	  1	  -50.0	 1250.0	   53.0	    0.0	    0.0	1	   82.1	 21	 1331.3	   13.1	
  160	  16.00	  -36.0	 1343.4	  -98.5	    0.0	    0.0	    0.0	    0.0	    0.0	    0.0	    0.0	    0.0	  100.0	   52.7	    0.0	    0.0	    0.0	    0.0	    5.9	  1	  -50.0	 1250.0	   52.7	    0.0	    0.0	1	   82.1	 21	 1330.9	   13.1	
  161	  16.10	  -36.0	 1343.4	  -98.5	    0.0	    0.0	    0.0	    0.0	    0.0	    0.0	    0.0	    0.0	  100.0	   52.4	    0.0	    0.0	    0.0	    0.0	    5.9	  1	  -50.0	 1250.0	   52.4	    0.0	    0.0	1	   82.1	 21	 1330.4	   13.0	
  162	  16.20	  -36.0	 1343.4	  -98.5	    0.0	    0.0	    0.0	    0.0	    0.0	    0.0	    0.0	    0.0	  100.0	   52.1	    0.0	    0.0	    0.0	    0.0	    6.0	  1	  -50.0	 1250.0	   52.1	    0.0	    0.0	1	   82.1	 21	 1329.9	   13.0	
  163	  16.30	  -36.0	 1343.4	  -98.5	    0.0	    0.0	    0.0	    0.0	    0.0	    0.0	    0.0	    0.0	  100.0	   51.8	    0.0	    0.0	    0.0	    0.0	    6.0	  1	  -50.0	 1250.0	   51.8	    0.0	    0.0	1	   82.1	 21	 1329.5	   12.9	
  164	  16.40	  -36.0	 1343.4	  -98.5	    0.0	    0.0	    0.0	    0.0	    0.0	    0.0	    0.0	    0.0	  100.0	   51.5	    0.0	    0.0	    0.0	    0.0	    6.1	  1	  -50.0	 1250.0	   51.5	    0.0	    0.0	1	   82.1	 21	 1329.0	   12.9	
  165	  16.50	  -36.0	 1343.4	  -98.5	    0.0	    0.0	    0.0	    0.0	    0.0	    0.0	    0.0	    0.0	  100.0	   51.2	    0.0	    0.0	    0.0	    0.0	    6.1	  1	  -50.0	 1250.0	   51.2	    0.0	    0.0	1	   82.1	 21	 1328.5	   12.9	
  166	  16.60	  -36.0	 1343.4	  -98.5	    0.0	    0.0	    0.0	    0.0	    0.0	    0.0	    0.0	    0.0	  100.0	   50.9	    0.0	    0.0	    0.0	    0.0	    6.1	  1	  -50.0	 1250.0	   50.9	    0.0	    0.0	1	   82.1	 21	 1328.1	   12.8	
  167	  16.70	  -36.0	 1343.4	  -98.5	    0.0	    0.0	    0.0	    0.0	    0.0	    0.0	    0.0	    0.0	  100.0	   50.6	    0.0	    0.0	    0.0	    0.0	    6.2	  1	  -50.0	 1250.0	   50.6	    0.0	    0.0	1	   82.1	 21	 1327.6	   12.8	
  168	  16.80	  -36.0	 1343.4	  -98.5	    0.0	    0.0	    0.0	    0.0	    0.0	    0.0	    0.0	    0.0	  100.0	   50.3	    0.0	    0.0	    0.0	    0.0	    6.2	  1	  -50.0	 1250.0	   50.3	    0.0	    0.0	1	   82.1	 21	 1327.1	   12.7	
  169	  16.90	  -36.0	 1343.4	  -98.5	    0.0	    0.0	    0.0	    0.0	    0.0	    0.0	    0.0	    0.0	  100.0	   50.0	    0.0	    0.0	    0.0	    0.0	    6.2	  1	  -50.0	 1250.0	   50.0	    0.0	    0.0	1	   82.1	 21	 1326.7	   12.7	
  170	  17.00	  -36.0	 1343.4	  -98.5	    0.0	    0.0	    0.0	    0.0	    0.0	    0.0	    0.0	    0.0	  100.0	   49.8	    0.0	    0.0	    0.0	    0.0	    6.3	  1	  -50.0	 1250.0	   49.8	    0.0	    0.0	1	   82.1	 21	 1326.2	   12.6	
  171	  17.10	  -36.0	 1343.4	  -98.5	    0.0	    0.0	    0.0	    0.0	    0.0	    0.0	    0.0	    0.0	  100.0	   49.5	    0.0	    0.0	    0.0	    0.0	    6.3	  1	  -50.0	 1250.0	   49.5	    0.0	    0.0	1	   82.1	 21	 1325.7	   12.6	
  172	  17.20	  -36.0	 1343.4	  -98.5	    0.0	    0.0	    0.0	    0.0	    0.0	    0.0	    0.0	    0.0	  100.0	   49.2	    0.0	    0.0	    0.0	    0.0	    6.4	  1	  -50.0	 1250.0	   49.2	    0.0	    0.0	1	   82.1	 21	 1325.3	   12.5	
  173	  17.30	  -36.0	 1343.4	  -98.5	    0.0	    0.0	    0.0	    0.0	    0.0	    0.0	    0.0	    0.0	  100.0	   48.9	    0.0	    0.0	    0.0	    0.0	    6.4	  1	  -50.0	 1250.0	   48.9	    0.0	    0.0	1	   82.1	 21	 1324.8	   12.5	
  174	  17.40	  -36.0	 1343.4	  -98.5	    0.0	    0.0	    0.0	    0.0	    0.0	    0.0	    0.0	    0.0	  100.0	   48.6	    0.0	    0.0	    0.0	    0.0	    6.4	  1	  -50.0	 1250.0	   48.6	    0.0	    0.0	1	   82.1	 21	 1324.3	   12.4	
  175	  17.50	  -36.0	 1343.4	  -98.5	    0.0	    0.0	    0.0	    0.0	    0.0	    0.0	    0.0	    0.0	  100.0	   48.3	    0.0	    0.0	    0.0	    0.0	    6.5	  1	  -50.0	 1250.0	   48.3	    0.0	    0.0	1	   82.1	 21	 1323.9	   12.4	
  176	  17.60	  -36.0	 1343.4	  -98.5	    0.0	    0.0	    0.0	    0.0	    0.0	    0.0	    0.0	    0.0	  100.0	   48.0	    0.0	    0.0	    0.0	    0.0	    6.5	  1	  -50.0	 1250.0	   48.0	    0.0	    0.0	1	   82.1	 21	 1323.4	   12.3	
  177	  17.70	  -36.0	 1343.4	  -98.5	    0.0	    0.0	    0.0	    0.0	    0.0	    0.0	    0.0	    0.0	  100.0	   47.7	    0.0	    0.0	    0.0	    0.0	    6.5	  1	  -50.0	 1250.0	   47.7	    0.0	    0.0	1	   82.1	 21	 1322.9	   12.3	
