    1	   0.10	    0.0	    0.0	    0.0	    0.0	    0.0	    0.0	    0.0	    0.0	    0.0	    0.0	    0.0	  100.0	   99.9	    0.0	    0.0	    0.0	    0.0	    0.1	  1	 -750.0	  750.0	   99.9	    0.0	    0.0	1	  967.7	 21	    0.0	    5.0	
    2	   0.20	    0.0	    0.0	  -91.1	    0.0	    0.0	    0.0	    0.0	    0.0	    0.0	    0.0	    0.0	  100.0	   99.4	    0.0	    0.0	    0.0	    0.0	    0.1	  1	  -50.0	 1250.0	   99.4	    0.0	    0.0	1	 1173.9	 21	    0.0	    5.0	
    3	   0.30	    0.0	    0.0	  -90.0	    0.0	    0.0	    0.0	    0.0	    0.0	    0.0	    0.0	    0.0	  100.0	   98.9	    0.0	    0.0	    0.0	    0.0	    0.2	  1	  -50.0	 1250.0	   98.9	    0.0	    0.0	1	 1173.9	 21	    0.0	    5.0	
    4	   0.40	    0.0	    0.0	  -90.0	    0.0	    0.0	    0.0	    0.0	    0.0	    0.0	    0.0	    0.0	  100.0	   98.4	    0.0	    0.0	    0.0	    0.0	    0.3	  1	  -50.0	 1250.0	   98.4	    0.0	    0.0	1	 1173.9	 21	    0.0	    5.0	
    5	   0.50	    0.0	    0.0	  -90.0	    0.0	    0.0	    0.0	    0.0	    0.0	    0.0	    0.0	    0.0	  100.0	   97.9	    0.0	    0.0	    0.0	    0.0	    0.4	  1	  -50.0	 1250.0	   97.9	    0.0	    0.0	1	 1173.9	 21	    0.0	    5.0	
    6	   0.60	    0.0	    0.0	  -90.0	    0.0	    0.0	    0.0	    0.0	    0.0	    0.0	    0.0	    0.0	  100.0	   97.4	    0.0	    0.0	    0.0	    0.0	    0.4	  1	  -50.0	 1250.0	   97.4	    0.0	    0.0	1	 1173.9	 21	    0.0	    5.0	
    7	   0.70	    0.0	    0.0	  -90.0	    0.0	    0.0	    0.0	    0.0	    0.0	    0.0	    0.0	    0.0	  100.0	   96.9	    0.0	    0.0	    0.0	    0.0	    0.5	  1	  -50.0	 1250.0	   96.9	    0.0	    0.0	1	 1173.9	 21	    0.0	    5.0	
    8	   0.80	    0.0	    0.0	  -90.0	    0.0	    0.0	    0.0	    0.0	    0.0	    0.0	    0.0	    0.0	  100.0	   96.4	    0.0	    0.0	    0.0	    0.0	    0.6	  1	  -50.0	 1250.0	   96.4	    0.0	    0.0	1	 1173.9	 21	    0.0	    5.0	
    9	   0.90	    0.0	    0.0	  -90.0	    0.0	    0.0	    0.0	    0.0	    0.0	    0.0	    0.0	    0.0	  100.0	   95.9	    0.0	    0.0	    0.0	    0.0	    0.6	  1	  -50.0	 1250.0	   95.9	    0.0	    0.0	1	 1173.9	 21	    0.0	    5.0	
   10	   1.00	    0.0	    0.0	  -90.0	    0.0	    0.0	    0.0	    0.0	    0.0	    0.0	    0.0	    0.0	  100.0	   95.4	    0.0	    0.0	    0.0	    0.0	    0.7	  1	  -50.0	 1250.0	   95.4	    0.0	    0.0	1	 1173.9	 21	    0.0	    5.0	
   11	   1.10	    0.0	    0.0	  -90.0	    0.0	    0.0	    0.0	    0.0	    0.0	    0.0	    0.0	    0.0	  100.0	   94.9	    0.0	    0.0	    0.0	    0.0	    0.8	  1	  -50.0	 1250.0	   94.9	    0.0	    0.0	1	 1173.9	 21	    0.0	    5.0	
   12	   1.20	    0.0	    0.0	  -90.0	    0.0	    0.0	    0.0	    0.0	    0.0	    0.0	    0.0	    0.0	  100.0	   94.4	    0.0	    0.0	    0.0	    0.0	    0.9	  1	  -50.0	 1250.0	   94.4	    0.0	    0.0	1	 1173.9	 21	    0.0	    5.0	
   13	   1.30	    0.0	    0.0	  -90.0	    0.0	    0.0	    0.0	    0.0	    0.0	    0.0	    0.0	    0.0	  100.0	   93.9	    0.0	    0.0	    0.0	    0.0	    0.9	  1	  -50.0	 1250.0	   93.9	    0.0	    0.0	1	 1173.9	 21	    0.0	    5.0	
   14	   1.40	    0.0	    0.0	  -90.0	    0.0	    0.0	    0.0	    0.0	    0.0	    0.0	    0.0	    0.0	  100.0	   93.4	    0.0	    0.0	    0.0	    0.0	    1.0	  1	  -50.0	 1250.0	   93.4	    0.0	    0.0	1	 1173.9	 21	    0.0	    5.0	
   15	   1.50	    0.0	    0.0	  -90.0	    0.0	    0.0	    0.0	    0.0	    0.0	    0.0	    0.0	    0.0	  100.0	   92.9	    0.0	    0.0	    0.0	    0.0	    1.1	  1	  -50.0	 1250.0	   92.9	    0.0	    0.0	1	 1173.9	 21	    0.0	    5.0	
   16	   1.60	    0.0	    0.0	  -90.0	    0.0	    0.0	    0.0	    0.0	    0.0	    0.0	    0.0	    0.0	  100.0	   92.4	    0.0	    0.0	    0.0	    0.0	    1.1	  1	  -50.0	 1250.0	   92.4	    0.0	    0.0	1	 1173.9	 21	    0.0	    5.0	
   17	   1.70	    0.0	    0.0	  -90.0	    0.0	    0.0	    0.0	    0.0	    0.0	    0.0	    0.0	    0.0	  100.0	   91.9	    0.0	    0.0	    0.0	    0.0	    1.2	  1	  -50.0	 1250.0	   91.9	    0.0	    0.0	1	 1173.9	 21	    0.0	    5.0	
   18	   1.80	    0.0	    0.0	  -90.0	    0.0	    0.0	    0.0	    0.0	    0.0	    0.0	    0.0	    0.0	  100.0	   91.4	    0.0	    0.0	    0.0	    0.0	    1.3	  1	  -50.0	 1250.0	   91.4	    0.0	    0.0	1	 1173.9	 21	    0.0	    5.0	
   19	   1.90	    0.0	    0.0	  -90.0	    0.0	    0.0	    0.0	    0.0	    0.0	    0.0	    0.0	    0.0	  100.0	   90.9	    0.0	    0.0	    0.0	    0.0	    1.4	  1	  -50.0	 1250.0	   90.9	    0.0	    0.0	1	 1173.9	 21	    0.0	    5.0	
   20	   2.00	    0.0	    0.0	  -90.0	    0.0	    0.0	    0.0	    0.0	    0.0	    0.0	    0.0	    0.0	  100.0	   90.4	    0.0	    0.0	    0.0	    0.0	    1.4	  1	  -50.0	 1250.0	   90.4	    0.0	    0.0	1	 1173.9	 21	    0.0	    5.0	
   21	   2.10	    0.0	    0.0	  -90.0	    0.0	    0.0	    0.0	    0.0	    0.0	    0.0	    0.0	    0.0	  100.0	   89.9	    0.0	    0.0	    0.0	    0.0	    1.5	  1	  -50.0	 1250.0	   89.9	    0.0	    0.0	1	 1173.9	 21	    0.0	    5.0	
   22	   2.20	    0.0	    0.0	  -90.0	    0.0	    0.0	    0.0	    0.0	    0.0	    0.0	    0.0	    0.0	  100.0	   89.4	    0.0	    0.0	    0.0	    0.0	    1.6	  1	  -50.0	 1250.0	   89.4	    0.0	    0.0	1	 1173.9	 21	    0.0	    5.0	
   23	   2.30	    0.0	    0.0	  -90.0	    0.0	    0.0	    0.0	    0.0	    0.0	    0.0	    0.0	    0.0	  100.0	   88.9	    0.0	    0.0	    0.0	    0.0	    1.6	  1	  -50.0	 1250.0	   88.9	    0.0	    0.0	1	 1173.9	 21	    0.0	    5.0	
   24	   2.40	    0.0	    0.0	  -90.0	    0.0	    0.0	    0.0	    0.0	    0.0	    0.0	    0.0	    0.0	  100.0	   88.4	    0.0	    0.0	    0.0	    0.0	    1.7	  1	  -50.0	 1250.0	   88.4	    0.0	    0.0	1	 1173.9	 21	    0.0	    5.0	
   25	   2.50	    0.0	    0.0	  -90.0	    0.0	    0.0	    0.0	    0.0	    0.0	    0.0	    0.0	    0.0	  100.0	   87.9	    0.0	    0.0	    0.0	    0.0	    1.8	  1	  -50.0	 1250.0	   87.9	    0.0	    0.0	1	 1173.9	 21	    0.0	    5.0	
   26	   2.60	    0.0	    0.0	  -90.0	    0.0	    0.0	    0.0	    0.0	    0.0	    0.0	    0.0	    0.0	  100.0	   87.4	    0.0	    0.0	    0.0	    0.0	    1.9	  1	  -50.0	 1250.0	   87.4	    0.0	    0.0	1	 1173.9	 21	    0.0	    5.0	
   27	   2.70	    0.0	    0.0	  -90.0	    0.0	    0.0	    0.0	    0.0	    0.0	    0.0	    0.0	    0.0	  100.0	   86.9	    0.0	    0.0	    0.0	    0.0	    1.9	  1	  -50.0	 1250.0	   86.9	    0.0	    0.0	1	 1173.9	 21	    0.0	    5.0	
   28	   2.80	    0.0	    0.0	  -90.0	    0.0	    0.0	    0.0	    0.0	    0.0	    0.0	    0.0	    0.0	  100.0	   86.4	    0.0	    0.0	    0.0	    0.0	    2.0	  1	  -50.0	 1250.0	   86.4	    0.0	    0.0	1	 1173.9	 21	    0.0	    5.0	
   29	   2.90	    0.0	    0.0	  -90.0	    0.0	    0.0	    0.0	    0.0	    0.0	    0.0	    0.0	    0.0	  100.0	   85.9	    0.0	    0.0	    0.0	    0.0	    2.1	  1	  -50.0	 1250.0	   85.9	    0.0	    0.0	1	 1173.9	 21	    0.0	    5.0	
   30	   3.00	    0.0	    0.0	  -90.0	    0.0	    0.0	    0.0	    0.0	    0.0	    0.0	    0.0	    0.0	  100.0	   85.4	    0.0	    0.0	    0.0	    0.0	    2.1	  1	  -50.0	 1250.0	   85.4	    0.0	    0.0	1	 1173.9	 21	    0.0	    5.0	
   31	   3.10	    0.0	    0.0	  -90.0	    0.0	    0.0	    0.0	    0.0	    0.0	    0.0	    0.0	    0.0	  100.0	   84.9	    0.0	    0.0	    0.0	    0.0	    2.2	  1	  -50.0	 1250.0	   84.9	    0.0	    0.0	1	 1173.9	 21	    0.0	    5.0	
   32	   3.20	    0.0	    0.0	  -90.0	    0.0	    0.0	    0.0	    0.0	    0.0	    0.0	    0.0	    0.0	  100.0	   84.4	    0.0	    0.0	    0.0	    0.0	    2.3	  1	  -50.0	 1250.0	   84.4	    0.0	    0.0	1	 1173.9	 21	    0.0	    5.0	
   33	   3.30	    0.0	    0.0	  -90.0	    0.0	    0.0	    0.0	    0.0	    0.0	    0.0	    0.0	    0.0	  100.0	   83.9	    0.0	    0.0	    0.0	    0.0	    2.4	  1	  -50.0	 1250.0	   83.9	    0.0	    0.0	1	 1173.9	 21	    0.0	    5.0	
   34	   3.40	    0.0	    0.0	  -90.0	    0.0	    0.0	    0.0	    0.0	    0.0	    0.0	    0.0	    0.0	  100.0	   83.4	    0.0	    0.0	    0.0	    0.0	    2.4	  1	  -50.0	 1250.0	   83.4	    0.0	    0.0	1	 1173.9	 21	    0.0	    5.0	
   35	   3.50	    0.0	    0.0	  -90.0	    0.0	    0.0	    0.0	    0.0	    0.0	    0.0	    0.0	    0.0	  100.0	   82.9	    0.0	    0.0	    0.0	    0.0	    2.5	  1	  -50.0	 1250.0	   82.9	    0.0	    0.0	1	 1173.1	 21	    0.0	    5.0	
   36	   3.60	    0.0	    0.0	  -91.0	    0.0	    0.0	    0.0	    0.0	    0.0	    0.0	    0.0	    0.0	  100.0	   82.4	    0.0	    0.0	    0.0	    0.0	    2.6	  1	  -50.0	 1250.0	   82.4	    0.0	    0.0	1	 1172.3	 21	    0.0	    5.0	
   37	   3.70	    0.0	    0.0	  -92.6	    0.0	    0.0	    0.0	    0.0	    0.0	    0.0	    0.0	    0.0	  100.0	   81.9	    0.0	    0.0	    0.0	    0.0	    2.6	  1	  -50.0	 1250.0	   81.9	    0.0	    0.0	1	 1171.5	 21	    0.0	    5.0	
   38	   3.80	    0.0	    0.0	  -94.5	    0.0	    0.0	    0.0	    0.0	    0.0	    0.0	    0.0	    0.0	  100.0	   81.4	    0.0	    0.0	    0.0	    0.0	    2.7	  1	  -50.0	 1250.0	   81.4	    0.0	    0.0	1	 1170.7	 21	    0.0	    5.0	
   39	   3.90	    0.0	    0.0	  -97.1	    0.0	    0.0	    0.0	    0.0	    0.0	    0.0	    0.0	    0.0	  100.0	   80.9	    0.0	    0.0	    0.0	    0.0	    2.8	  1	  -50.0	 1250.0	   80.9	    0.0	    0.0	1	 1169.9	 21	    0.0	    5.0	
   40	   4.00	    0.0	    0.0	 -100.3	    0.0	    0.0	    0.0	    0.0	    0.0	    0.0	    0.0	    0.0	  100.0	   80.4	    0.0	    0.0	    0.0	    0.0	    2.9	  1	  -50.0	 1250.0	   80.4	    0.0	    0.0	1	 1169.0	 21	    0.0	    5.0	
   41	   4.10	    0.0	    0.0	 -104.5	    0.0	    0.0	    0.0	    0.0	    0.0	    0.0	    0.0	    0.0	  100.0	   79.9	    0.0	    0.0	    0.0	    0.0	    2.9	  1	  -50.0	 1250.0	   79.9	    0.0	    0.0	1	 1168.2	 21	    0.0	    5.0	
   42	   4.20	    0.0	    0.0	 -109.7	    0.0	    0.0	    0.0	    0.0	    0.0	    0.0	    0.0	    0.0	  100.0	   79.4	    0.0	    0.0	    0.0	    0.0	    3.0	  1	  -50.0	 1250.0	   79.4	    0.0	    0.0	1	 1167.4	 21	    0.0	    5.0	
   43	   4.30	    0.0	    0.0	 -115.9	    0.0	    0.0	    0.0	    0.0	    0.0	    0.0	    0.0	    0.0	  100.0	   78.9	    0.0	    0.0	    0.0	    0.0	    3.1	  1	  -50.0	 1250.0	   78.9	    0.0	    0.0	1	 1166.5	 21	    0.0	    5.0	
   44	   4.40	    0.0	    0.0	 -123.2	    0.0	    0.0	    0.0	    0.0	    0.0	    0.0	    0.0	    0.0	  100.0	   78.4	    0.0	    0.0	    0.0	    0.0	    3.1	  1	  -50.0	 1250.0	   78.4	    0.0	    0.0	1	 1165.7	 21	    0.0	    5.0	
   45	   4.50	    0.0	    0.0	 -131.2	    0.0	    0.0	    0.0	    0.0	    0.0	    0.0	    0.0	    0.0	  100.0	   77.9	    0.0	    0.0	    0.0	    0.0	    3.2	  1	  -50.0	 1250.0	   77.9	    0.0	    0.0	1	 1164.8	 21	    0.0	    5.0	
   46	   4.60	    0.0	    0.0	 -139.2	    0.0	    0.0	    0.0	    0.0	    0.0	    0.0	    0.0	    0.0	  100.0	   77.4	    0.0	    0.0	    0.0	    0.0	    3.3	  1	  -50.0	 1250.0	   77.4	    0.0	    0.0	1	 1163.9	 21	    0.0	    5.0	
   47	   4.70	    0.0	    0.0	 -146.9	    0.0	    0.0	    0.0	    0.0	    0.0	    0.0	    0.0	    0.0	  100.0	   76.9	    0.0	    0.0	    0.0	    0.0	    3.4	  1	  -50.0	 1250.0	   76.9	    0.0	    0.0	1	 1163.1	 21	    0.0	    5.0	
   48	   4.80	    0.0	    0.0	 -153.6	    0.0	    0.0	    0.0	    0.0	    0.0	    0.0	    0.0	    0.0	  100.0	   76.4	    0.0	    0.0	    0.0	    0.0	    3.4	  1	  -50.0	 1250.0	   76.4	    0.0	    0.0	1	 1162.2	 21	    0.0	    5.0	
   49	   4.90	    0.0	    0.0	 -159.4	    0.0	    0.0	    0.0	    0.0	    0.0	    0.0	    0.0	    0.0	  100.0	   75.9	    0.0	    0.0	    0.0	    0.0	    3.5	  1	  -50.0	 1250.0	   75.9	    0.0	    0.0	1	 1161.3	 21	    0.0	    5.0	
   50	   5.00	    0.0	    0.0	 -164.0	    0.0	    0.0	    0.0	    0.0	    0.0	    0.0	    0.0	    0.0	  100.0	   75.4	    0.0	    0.0	    0.0	    0.0	    3.6	  1	  -50.0	 1250.0	   75.4	    0.0	    0.0	1	 1160.4	 21	    0.0	    5.0	
   51	   5.10	    0.0	    0.0	 -167.7	    0.0	    0.0	    0.0	    0.0	    0.0	    0.0	    0.0	    0.0	  100.0	   74.9	    0.0	    0.0	    0.0	    0.0	    3.6	  1	  -50.0	 1250.0	   74.9	    0.0	    0.0	1	 1159.5	 21	    0.0	    5.0	
   52	   5.20	    0.0	    0.0	 -170.5	    0.0	    0.0	    0.0	    0.0	    0.0	    0.0	    0.0	    0.0	  100.0	   74.4	    0.0	    0.0	    0.0	    0.0	    3.7	  1	  -50.0	 1250.0	   74.4	    0.0	    0.0	1	 1158.6	 21	    0.0	    5.0	
   53	   5.30	    0.0	    0.0	 -179.9	    0.0	    0.0	    0.0	    0.0	    0.0	    0.0	    0.0	    0.0	  100.0	   73.9	    0.0	    0.0	    0.0	    0.0	    3.8	  1	  -50.0	 1250.0	   73.9	    0.0	    0.0	1	 1157.7	 21	    0.0	    5.0	
   54	   5.40	    0.0	    0.0	 -180.0	    0.0	    0.0	    0.0	    0.0	    0.0	    0.0	    0.0	    0.0	  100.0	   73.4	    0.0	    0.0	    0.0	    0.0	    3.9	  1	  -50.0	 1250.0	   73.4	    0.0	    0.0	1	 1156.8	 21	    0.0	    5.0	
   55	   5.50	    0.0	    0.0	 -180.0	    0.0	    0.0	    0.0	    0.0	    0.0	    0.0	    0.0	    0.0	  100.0	   72.9	    0.0	    0.0	    0.0	    0.0	    3.9	  1	  -50.0	 1250.0	   72.9	    0.0	    0.0	1	 1155.9	 21	    0.0	    5.0	
   56	   5.60	    0.0	    0.0	 -180.0	    0.0	    0.0	    0.0	    0.0	    0.0	    0.0	    0.0	    0.0	  100.0	   72.4	    0.0	    0.0	    0.0	    0.0	    4.0	  1	  -50.0	 1250.0	   72.4	    0.0	    0.0	1	 1155.1	 21	    0.0	    5.0	
   57	   5.70	    0.0	    0.0	 -180.0	    0.0	    0.0	    0.0	    0.0	    0.0	    0.0	    0.0	    0.0	  100.0	   71.9	    0.0	    0.0	    0.0	    0.0	    4.1	  1	  -50.0	 1250.0	   71.9	    0.0	    0.0	1	 1154.5	 21	    0.0	    5.0	
   58	   5.80	    0.0	    0.0	 -180.0	    0.0	    0.0	    0.0	    0.0	    0.0	    0.0	    0.0	    0.0	  100.0	   71.4	    0.0	    0.0	    0.0	    0.0	    4.1	  1	  -50.0	 1250.0	   71.4	    0.0	    0.0	1	 1153.8	 21	    0.0	    5.0	
   59	   5.90	    0.0	    0.0	 -180.0	    0.0	    0.0	    0.0	    0.0	    0.0	    0.0	    0.0	    0.0	  100.0	   70.9	    0.0	    0.0	    0.0	    0.0	    4.2	  1	  -50.0	 1250.0	   70.9	    0.0	    0.0	1	 1153.1	 21	    0.0	    5.0	
   60	   6.00	    0.0	    0.0	 -180.0	    0.0	    0.0	    0.0	    0.0	    0.0	    0.0	    0.0	    0.0	  100.0	   70.4	    0.0	    0.0	    0.0	    0.0	    4.3	  1	  -50.0	 1250.0	   70.4	    0.0	    0.0	1	 1152.4	 21	    0.0	    5.0	
   61	   6.10	    0.0	    0.0	 -180.0	    0.0	    0.0	    0.0	    0.0	    0.0	    0.0	    0.0	    0.0	  100.0	   69.9	    0.0	    0.0	    0.0	    0.0	    4.4	  1	  -50.0	 1250.0	   69.9	    0.0	    0.0	1	 1151.7	 21	    0.0	    5.0	
   62	   6.20	    0.0	    0.0	 -179.9	    0.0	    0.0	    0.0	    0.0	    0.0	    0.0	    0.0	    0.0	  100.0	   69.4	    0.0	    0.0	    0.0	    0.0	    4.4	  1	  -50.0	 1250.0	   69.4	    0.0	    0.0	1	 1151.0	 21	    0.0	    5.0	
   63	   6.30	    0.0	    0.0	   -0.1	    0.0	    0.0	    0.0	    0.0	    0.0	    0.0	    0.0	    0.0	  100.0	   68.9	    0.0	    0.0	    0.0	    0.0	    4.5	  1	  -50.0	 1250.0	   68.9	    0.0	    0.0	1	 1150.3	 21	    0.0	    5.0	
   64	   6.40	    0.0	    0.0	   -0.0	    0.0	    0.0	    0.0	    0.0	    0.0	    0.0	    0.0	    0.0	  100.0	   68.4	    0.0	    0.0	    0.0	    0.0	    4.6	  1	  -50.0	 1250.0	   68.4	    0.0	    0.0	1	 1149.6	 21	    0.0	    5.0	
   65	   6.50	    0.0	    0.0	   -0.0	    0.0	    0.0	    0.0	    0.0	    0.0	    0.0	    0.0	    0.0	  100.0	   67.9	    0.0	    0.0	    0.0	    0.0	    4.6	  1	  -50.0	 1250.0	   67.9	    0.0	    0.0	1	 1148.9	 21	    0.0	    5.0	
   66	   6.60	    0.0	    0.0	   -0.0	    0.0	    0.0	    0.0	    0.0	    0.0	    0.0	    0.0	    0.0	  100.0	   67.4	    0.0	    0.0	    0.0	    0.0	    4.7	  1	  -50.0	 1250.0	   67.4	    0.0	    0.0	1	 1148.1	 21	    0.0	    5.0	
   67	   6.70	    0.0	    0.0	   -0.0	    0.0	    0.0	    0.0	    0.0	    0.0	    0.0	    0.0	    0.0	  100.0	   66.9	    0.0	    0.0	    0.0	    0.0	    4.8	  1	  -50.0	 1250.0	   66.9	    0.0	    0.0	1	 1147.3	 21	    0.0	    5.0	
   68	   6.80	    0.0	    0.0	   -0.0	    0.0	    0.0	    0.0	    0.0	    0.0	    0.0	    0.0	    0.0	  100.0	   66.4	    0.0	    0.0	    0.0	    0.0	    4.9	  1	  -50.0	 1250.0	   66.4	    0.0	    0.0	1	 1146.5	 21	    0.0	    5.0	
   69	   6.90	    0.0	    0.0	   -0.0	    0.0	    0.0	    0.0	    0.0	    0.0	    0.0	    0.0	    0.0	  100.0	   65.9	    0.0	    0.0	    0.0	    0.0	    4.9	  1	  -50.0	 1250.0	   65.9	    0.0	    0.0	1	 1145.6	 21	    0.0	    5.0	
   70	   7.00	    0.0	    0.0	   -0.0	    0.0	    0.0	    0.0	    0.0	    0.0	    0.0	    0.0	    0.0	  100.0	   65.4	    0.0	    0.0	    0.0	    0.0	    5.0	  1	  -50.0	 1250.0	   65.4	    0.0	    0.0	1	 1144.8	 21	    0.0	    5.0	
   71	   7.10	    0.0	    0.0	   -0.0	    0.0	    0.0	    0.0	    0.0	    0.0	    0.0	    0.0	    0.0	  100.0	   64.9	    0.0	    0.0	    0.0	    0.0	    5.1	  1	  -50.0	 1250.0	   64.9	    0.0	    0.0	1	 1144.0	 21	    0.0	    5.0	
   72	   7.20	    0.0	    0.0	   -0.0	    0.0	    0.0	    0.0	    0.0	    0.0	    0.0	    0.0	    0.0	  100.0	   64.4	    0.0	    0.0	    0.0	    0.0	    5.1	  1	  -50.0	 1250.0	   64.4	    0.0	    0.0	1	 1143.1	 21	    0.0	    5.0	
   73	   7.30	    0.0	    0.0	   -0.0	    0.0	    0.0	    0.0	    0.0	    0.0	    0.0	    0.0	    0.0	  100.0	   63.9	    0.0	    0.0	    0.0	    0.0	    5.2	  1	  -50.0	 1250.0	   63.9	    0.0	    0.0	1	 1142.3	 21	    0.0	    5.0	
   74	   7.40	    0.0	    0.0	   -0.0	    0.0	    0.0	    0.0	    0.0	    0.0	    0.0	    0.0	    0.0	  100.0	   63.4	    0.0	    0.0	    0.0	    0.0	    5.3	  1	  -50.0	 1250.0	   63.4	    0.0	    0.0	1	 1141.4	 21	    0.0	    5.0	
   75	   7.50	    0.0	    0.0	   -0.0	    0.0	    0.0	    0.0	    0.0	    0.0	    0.0	    0.0	    0.0	  100.0	   62.9	    0.0	    0.0	    0.0	    0.0	    5.4	  1	  -50.0	 1250.0	   62.9	    0.0	    0.0	1	 1140.5	 21	    0.0	    5.0	
   76	   7.60	    0.0	    0.0	   -0.0	    0.0	    0.0	    0.0	    0.0	    0.0	    0.0	    0.0	    0.0	  100.0	   62.4	    0.0	    0.0	    0.0	    0.0	    5.4	  1	  -50.0	 1250.0	   62.4	    0.0	    0.0	1	 1139.6	 21	    0.0	    5.0	
   77	   7.70	    0.0	    0.0	   -0.0	    0.0	    0.0	    0.0	    0.0	    0.0	    0.0	    0.0	    0.0	  100.0	   61.9	    0.0	    0.0	    0.0	    0.0	    5.5	  1	  -50.0	 1250.0	   61.9	    0.0	    0.0	1	 1138.6	 21	    0.0	    5.0	
   78	   7.80	    0.0	    0.0	   -0.0	    0.0	    0.0	    0.0	    0.0	    0.0	    0.0	    0.0	    0.0	  100.0	   61.4	    0.0	    0.0	    0.0	    0.0	    5.6	  1	  -50.0	 1250.0	   61.4	    0.0	    0.0	1	 1137.7	 21	    0.0	    5.0	
   79	   7.90	    0.0	    0.0	   -0.0	    0.0	    0.0	    0.0	    0.0	    0.0	    0.0	    0.0	    0.0	  100.0	   60.9	    0.0	    0.0	    0.0	    0.0	    5.6	  1	  -50.0	 1250.0	   60.9	    0.0	    0.0	1	 1136.7	 21	    0.0	    5.0	
   80	   8.00	    0.0	    0.0	   -0.0	    0.0	    0.0	    0.0	    0.0	    0.0	    0.0	    0.0	    0.0	  100.0	   60.4	    0.0	    0.0	    0.0	    0.0	    5.7	  1	  -50.0	 1250.0	   60.4	    0.0	    0.0	1	 1135.7	 21	    0.0	    5.0	
   81	   8.10	    0.0	    0.0	   -0.0	    0.0	    0.0	    0.0	    0.0	    0.0	    0.0	    0.0	    0.0	  100.0	   59.9	    0.0	    0.0	    0.0	    0.0	    5.8	  1	  -50.0	 1250.0	   59.9	    0.0	    0.0	1	 1134.8	 21	    0.0	    5.0	
   82	   8.20	    0.0	    0.0	   -0.0	    0.0	    0.0	    0.0	    0.0	    0.0	    0.0	    0.0	    0.0	  100.0	   59.4	    0.0	    0.0	    0.0	    0.0	    5.9	  1	  -50.0	 1250.0	   59.4	    0.0	    0.0	1	 1133.8	 21	    0.0	    5.0	
   83	   8.30	    0.0	    0.0	   -0.0	    0.0	    0.0	    0.0	    0.0	    0.0	    0.0	    0.0	    0.0	  100.0	   58.9	    0.0	    0.0	    0.0	    0.0	    5.9	  1	  -50.0	 1250.0	   58.9	    0.0	    0.0	1	 1132.8	 21	    0.0	    5.0	
   84	   8.40	    0.0	    0.0	   -0.0	    0.0	    0.0	    0.0	    0.0	    0.0	    0.0	    0.0	    0.0	  100.0	   58.4	    0.0	    0.0	    0.0	    0.0	    6.0	  1	  -50.0	 1250.0	   58.4	    0.0	    0.0	1	 1131.8	 21	    0.0	    5.0	
   85	   8.50	    0.0	    0.0	   -0.0	    0.0	    0.0	    0.0	    0.0	    0.0	    0.0	    0.0	    0.0	  100.0	   57.9	    0.0	    0.0	    0.0	    0.0	    6.1	  1	  -50.0	 1250.0	   57.9	    0.0	    0.0	1	 1130.8	 21	    0.0	    5.0	
   86	   8.60	    0.0	    0.0	   -0.0	    0.0	    0.0	    0.0	    0.0	    0.0	    0.0	    0.0	    0.0	  100.0	   57.4	    0.0	    0.0	    0.0	    0.0	    6.1	  1	  -50.0	 1250.0	   57.4	    0.0	    0.0	1	 1129.7	 21	    0.0	    5.0	
   87	   8.70	    0.0	    0.0	   -0.0	    0.0	    0.0	    0.0	    0.0	    0.0	    0.0	    0.0	    0.0	  100.0	   56.9	    0.0	    0.0	    0.0	    0.0	    6.2	  1	  -50.0	 1250.0	   56.9	    0.0	    0.0	1	 1128.7	 21	    0.0	    5.0	
   88	   8.80	    0.0	    0.0	   -0.0	    0.0	    0.0	    0.0	    0.0	    0.0	    0.0	    0.0	    0.0	  100.0	   56.4	    0.0	    0.0	    0.0	    0.0	    6.3	  1	  -50.0	 1250.0	   56.4	    0.0	    0.0	1	 1127.7	 21	    0.0	    5.0	
   89	   8.90	    0.0	    0.0	   -0.0	    0.0	    0.0	    0.0	    0.0	    0.0	    0.0	    0.0	    0.0	  100.0	   55.9	    0.0	    0.0	    0.0	    0.0	    6.4	  1	  -50.0	 1250.0	   55.9	    0.0	    0.0	1	 1126.6	 21	    0.0	    5.0	
   90	   9.00	    0.0	    0.0	   -0.0	    0.0	    0.0	    0.0	    0.0	    0.0	    0.0	    0.0	    0.0	  100.0	   55.4	    0.0	    0.0	    0.0	    0.0	    6.4	  1	  -50.0	 1250.0	   55.4	    0.0	    0.0	1	 1125.6	 21	    0.0	    5.0	
   91	   9.10	    0.0	    0.0	   -0.0	    0.0	    0.0	    0.0	    0.0	    0.0	    0.0	    0.0	    0.0	  100.0	   54.9	    0.0	    0.0	    0.0	    0.0	    6.5	  1	  -50.0	 1250.0	   54.9	    0.0	    0.0	1	 1124.5	 21	    0.0	    5.0	
   92	   9.20	    0.0	    0.0	   -0.0	    0.0	    0.0	    0.0	    0.0	    0.0	    0.0	    0.0	    0.0	  100.0	   54.4	    0.0	    0.0	    0.0	    0.0	    6.6	  1	  -50.0	 1250.0	   54.4	    0.0	    0.0	1	 1123.4	 21	    0.0	    5.0	
   93	   9.30	    0.0	    0.0	   -0.0	    0.0	    0.0	    0.0	    0.0	    0.0	    0.0	    0.0	    0.0	  100.0	   53.9	    0.0	    0.0	    0.0	    0.0	    6.6	  1	  -50.0	 1250.0	   53.9	    0.0	    0.0	1	 1122.3	 21	    0.0	    5.0	
   94	   9.40	    0.0	    0.0	   -0.0	    0.0	    0.0	    0.0	    0.0	    0.0	    0.0	    0.0	    0.0	  100.0	   53.4	    0.0	    0.0	    0.0	    0.0	    6.7	  1	  -50.0	 1250.0	   53.4	    0.0	    0.0	1	 1121.2	 21	    0.0	    5.0	
   95	   9.50	    0.0	    0.0	   -0.0	    0.0	    0.0	    0.0	    0.0	    0.0	    0.0	    0.0	    0.0	  100.0	   52.9	    0.0	    0.0	    0.0	    0.0	    6.8	  1	  -50.0	 1250.0	   52.9	    0.0	    0.0	1	 1120.1	 21	    0.0	    5.0	
   96	   9.60	    0.0	    0.0	   -0.0	    0.0	    0.0	    0.0	    0.0	    0.0	    0.0	    0.0	    0.0	  100.0	   52.4	    0.0	    0.0	    0.0	    0.0	    6.9	  1	  -50.0	 1250.0	   52.4	    0.0	    0.0	1	 1119.0	 21	    0.0	    5.0	
   97	   9.70	    0.0	    0.0	   -0.0	    0.0	    0.0	    0.0	    0.0	    0.0	    0.0	    0.0	    0.0	  100.0	   51.9	    0.0	    0.0	    0.0	    0.0	    6.9	  1	  -50.0	 1250.0	   51.9	    0.0	    0.0	1	 1117.9	 21	    0.0	    5.0	
   98	   9.80	    0.0	    0.0	   -0.0	    0.0	    0.0	    0.0	    0.0	    0.0	    0.0	    0.0	    0.0	  100.0	   51.4	    0.0	    0.0	    0.0	    0.0	    7.0	  1	  -50.0	 1250.0	   51.4	    0.0	    0.0	1	 1116.8	 21	    0.0	    5.0	
   99	   9.90	    0.0	    0.0	   -0.0	    0.0	    0.0	    0.0	    0.0	    0.0	    0.0	    0.0	    0.0	  100.0	   50.9	    0.0	    0.0	    0.0	    0.0	    7.1	  1	  -50.0	 1250.0	   50.9	    0.0	    0.0	1	 1115.7	 21	    0.0	    5.0	
  100	  10.00	    0.0	    0.0	   -0.0	    0.0	    0.0	    0.0	    0.0	    0.0	    0.0	    0.0	    0.0	  100.0	   50.4	    0.0	    0.0	    0.0	    0.0	    7.1	  1	  -50.0	 1250.0	   50.4	    0.0	    0.0	1	 1114.6	 21	    0.0	    5.0	
  101	  10.10	    0.0	    0.0	   -0.0	    0.0	    0.0	    0.0	    0.0	    0.0	    0.0	    0.0	    0.0	  100.0	   49.9	    0.0	    0.0	    0.0	    0.0	    7.2	  1	  -50.0	 1250.0	   49.9	    0.0	    0.0	1	 1113.4	 21	    0.0	    5.0	
  102	  10.20	    0.0	    0.0	   -0.0	    0.0	    0.0	    0.0	    0.0	    0.0	    0.0	    0.0	    0.0	  100.0	   49.4	    0.0	    0.0	    0.0	    0.0	    7.3	  1	  -50.0	 1250.0	   49.4	    0.0	    0.0	1	 1112.3	 21	    0.0	    5.0	
  103	  10.30	    0.0	    0.0	   -0.0	    0.0	    0.0	    0.0	    0.0	    0.0	    0.0	    0.0	    0.0	  100.0	   48.9	    0.0	    0.0	    0.0	    0.0	    7.4	  1	  -50.0	 1250.0	   48.9	    0.0	    0.0	1	 1111.1	 21	    0.0	    5.0	
  104	  10.40	    0.0	    0.0	   -0.0	    0.0	    0.0	    0.0	    0.0	    0.0	    0.0	    0.0	    0.0	  100.0	   48.4	    0.0	    0.0	    0.0	    0.0	    7.4	  1	  -50.0	 1250.0	   48.4	    0.0	    0.0	1	 1109.9	 21	    0.0	    5.0	
  105	  10.50	    0.0	    0.0	   -0.0	    0.0	    0.0	    0.0	    0.0	    0.0	    0.0	    0.0	    0.0	  100.0	   47.9	    0.0	    0.0	    0.0	    0.0	    7.5	  1	  -50.0	 1250.0	   47.9	    0.0	    0.0	1	 1108.8	 21	    0.0	    5.0	
  106	  10.60	    0.0	    0.0	   -0.0	    0.0	    0.0	    0.0	    0.0	    0.0	    0.0	    0.0	    0.0	  100.0	   47.4	    0.0	    0.0	    0.0	    0.0	    7.6	  1	  -50.0	 1250.0	   47.4	    0.0	    0.0	1	 1107.6	 21	    0.0	    5.0	
  107	  10.70	    0.0	    0.0	   -0.0	    0.0	    0.0	    0.0	    0.0	    0.0	    0.0	    0.0	    0.0	  100.0	   46.9	    0.0	    0.0	    0.0	    0.0	    7.6	  1	  -50.0	 1250.0	   46.9	    0.0	    0.0	1	 1106.4	 21	    0.0	    5.0	
  108	  10.80	    0.0	    0.0	   -0.0	    0.0	    0.0	    0.0	    0.0	    0.0	    0.0	    0.0	    0.0	  100.0	   46.4	    0.0	    0.0	    0.0	    0.0	    7.7	  1	  -50.0	 1250.0	   46.4	    0.0	    0.0	1	 1105.3	 21	    0.0	    5.0	
  109	  10.90	    0.0	    0.0	   -0.0	    0.0	    0.0	    0.0	    0.0	    0.0	    0.0	    0.0	    0.0	  100.0	   45.9	    0.0	    0.0	    0.0	    0.0	    7.8	  1	  -50.0	 1250.0	   45.9	    0.0	    0.0	1	 1104.1	 21	    0.0	    5.0	
  110	  11.00	    0.0	    0.0	   -0.0	    0.0	    0.0	    0.0	    0.0	    0.0	    0.0	    0.0	    0.0	  100.0	   45.4	    0.0	    0.0	    0.0	    0.0	    7.9	  1	  -50.0	 1250.0	   45.4	    0.0	    0.0	1	 1102.9	 21	    0.0	    5.0	
  111	  11.10	    0.0	    0.0	   -0.0	    0.0	    0.0	    0.0	    0.0	    0.0	    0.0	    0.0	    0.0	  100.0	   44.9	    0.0	    0.0	    0.0	    0.0	    7.9	  1	  -50.0	 1250.0	   44.9	    0.0	    0.0	1	 1101.7	 21	    0.0	    5.0	
  112	  11.20	    0.0	    0.0	   -0.0	    0.0	    0.0	    0.0	    0.0	    0.0	    0.0	    0.0	    0.0	  100.0	   44.4	    0.0	    0.0	    0.0	    0.0	    8.0	  1	  -50.0	 1250.0	   44.4	    0.0	    0.0	1	 1100.5	 21	    0.0	    5.0	
  113	  11.30	    0.0	    0.0	   -0.0	    0.0	    0.0	    0.0	    0.0	    0.0	    0.0	    0.0	    0.0	  100.0	   43.9	    0.0	    0.0	    0.0	    0.0	    8.1	  1	  -50.0	 1250.0	   43.9	    0.0	    0.0	1	 1099.2	 21	    0.0	    5.0	
  114	  11.40	    0.0	    0.0	   -0.0	    0.0	    0.0	    0.0	    0.0	    0.0	    0.0	    0.0	    0.0	  100.0	   43.4	    0.0	    0.0	    0.0	    0.0	    8.1	  1	  -50.0	 1250.0	   43.4	    0.0	    0.0	1	 1098.0	 21	    0.0	    5.0	
  115	  11.50	    0.0	    0.0	   -0.0	    0.0	    0.0	    0.0	    0.0	    0.0	    0.0	    0.0	    0.0	  100.0	   42.9	    0.0	    0.0	    0.0	    0.0	    8.2	  1	  -50.0	 1250.0	   42.9	    0.0	    0.0	1	 1096.8	 21	    0.0	    5.0	
  116	  11.60	    0.0	    0.0	   -0.0	    0.0	    0.0	    0.0	    0.0	    0.0	    0.0	    0.0	    0.0	  100.0	   42.4	    0.0	    0.0	    0.0	    0.0	    8.3	  1	  -50.0	 1250.0	   42.4	    0.0	    0.0	1	 1095.6	 21	    0.0	    5.0	
  117	  11.70	    0.0	    0.0	   -0.0	    0.0	    0.0	    0.0	    0.0	    0.0	    0.0	    0.0	    0.0	  100.0	   41.9	    0.0	    0.0	    0.0	    0.0	    8.4	  1	  -50.0	 1250.0	   41.9	    0.0	    0.0	1	 1094.3	 21	    0.0	    5.0	
  118	  11.80	    0.0	    0.0	   -0.0	    0.0	    0.0	    0.0	    0.0	    0.0	    0.0	    0.0	    0.0	  100.0	   41.4	    0.0	    0.0	    0.0	    0.0	    8.4	  1	  -50.0	 1250.0	   41.4	    0.0	    0.0	1	 1093.1	 21	    0.0	    5.0	
  119	  11.90	    0.0	    0.0	   -0.0	    0.0	    0.0	    0.0	    0.0	    0.0	    0.0	    0.0	    0.0	  100.0	   40.9	    0.0	    0.0	    0.0	    0.0	    8.5	  1	  -50.0	 1250.0	   40.9	    0.0	    0.0	1	 1091.8	 21	    0.0	    5.0	
  120	  12.00	    0.0	    0.0	   -0.0	    0.0	    0.0	    0.0	    0.0	    0.0	    0.0	    0.0	    0.0	  100.0	   40.4	    0.0	    0.0	    0.0	    0.0	    8.6	  1	  -50.0	 1250.0	   40.4	    0.0	    0.0	1	 1090.6	 21	    0.0	    5.0	
  121	  12.10	    0.0	    0.0	   -0.0	    0.0	    0.0	    0.0	    0.0	    0.0	    0.0	    0.0	    0.0	  100.0	   39.9	    0.0	    0.0	    0.0	    0.0	    8.6	  1	  -50.0	 1250.0	   39.9	    0.0	    0.0	1	 1089.3	 21	    0.0	    5.0	
  122	  12.20	    0.0	    0.0	   -0.0	    0.0	    0.0	    0.0	    0.0	    0.0	    0.0	    0.0	    0.0	  100.0	   39.4	    0.0	    0.0	    0.0	    0.0	    8.7	  1	  -50.0	 1250.0	   39.4	    0.0	    0.0	1	 1088.1	 21	    0.0	    5.0	
  123	  12.30	    0.0	    0.0	   -0.0	    0.0	    0.0	    0.0	    0.0	    0.0	    0.0	    0.0	    0.0	  100.0	   38.9	    0.0	    0.0	    0.0	    0.0	    8.8	  1	  -50.0	 1250.0	   38.9	    0.0	    0.0	1	 1086.8	 21	    0.0	    5.0	
  124	  12.40	    0.0	    0.0	   -0.0	    0.0	    0.0	    0.0	    0.0	    0.0	    0.0	    0.0	    0.0	  100.0	   38.4	    0.0	    0.0	    0.0	    0.0	    8.9	  1	  -50.0	 1250.0	   38.4	    0.0	    0.0	1	 1085.5	 21	    0.0	    5.0	
  125	  12.50	    0.0	    0.0	   -0.0	    0.0	    0.0	    0.0	    0.0	    0.0	    0.0	    0.0	    0.0	  100.0	   37.9	    0.0	    0.0	    0.0	    0.0	    8.9	  1	  -50.0	 1250.0	   37.9	    0.0	    0.0	1	 1084.3	 21	    0.0	    5.0	
  126	  12.60	    0.0	    0.0	   -0.0	    0.0	    0.0	    0.0	    0.0	    0.0	    0.0	    0.0	    0.0	  100.0	   37.4	    0.0	    0.0	    0.0	    0.0	    9.0	  1	  -50.0	 1250.0	   37.4	    0.0	    0.0	1	 1083.0	 21	    0.0	    5.0	
  127	  12.70	    0.0	    0.0	    0.0	    0.0	    0.0	    0.0	    0.0	    0.0	    0.0	    0.0	    0.0	  100.0	   36.9	    0.0	    0.0	    0.0	    0.0	    9.1	  1	  -50.0	 1250.0	   36.9	    0.0	    0.0	1	 1081.7	 21	    0.0	    5.0	
  128	  12.80	    0.0	    0.0	    0.0	    0.0	    0.0	    0.0	    0.0	    0.0	    0.0	    0.0	    0.0	  100.0	   36.4	    0.0	    0.0	    0.0	    0.0	    9.1	  1	  -50.0	 1250.0	   36.4	    0.0	    0.0	1	 1080.4	 21	    0.0	    5.0	
  129	  12.90	    0.0	    0.0	    0.0	    0.0	    0.0	    0.0	    0.0	    0.0	    0.0	    0.0	    0.0	  100.0	   35.9	    0.0	    0.0	    0.0	    0.0	    9.2	  1	  -50.0	 1250.0	   35.9	    0.0	    0.0	1	 1079.1	 21	    0.0	    5.0	
  130	  13.00	    0.0	    0.0	    0.0	    0.0	    0.0	    0.0	    0.0	    0.0	    0.0	    0.0	    0.0	  100.0	   35.4	    0.0	    0.0	    0.0	    0.0	    9.3	  1	  -50.0	 1250.0	   35.4	    0.0	    0.0	1	 1077.8	 21	    0.0	    5.0	
  131	  13.10	    0.0	    0.0	    0.0	    0.0	    0.0	    0.0	    0.0	    0.0	    0.0	    0.0	    0.0	  100.0	   34.9	    0.0	    0.0	    0.0	    0.0	    9.4	  1	  -50.0	 1250.0	   34.9	    0.0	    0.0	1	 1076.5	 21	    0.0	    5.0	
  132	  13.20	    0.0	    0.0	    0.0	    0.0	    0.0	    0.0	    0.0	    0.0	    0.0	    0.0	    0.0	  100.0	   34.4	    0.0	    0.0	    0.0	    0.0	    9.4	  1	  -50.0	 1250.0	   34.4	    0.0	    0.0	1	 1075.2	 21	    0.0	    5.0	
  133	  13.30	    0.0	    0.0	    0.0	    0.0	    0.0	    0.0	    0.0	    0.0	    0.0	    0.0	    0.0	  100.0	   33.9	    0.0	    0.0	    0.0	    0.0	    9.5	  1	  -50.0	 1250.0	   33.9	    0.0	    0.0	1	 1073.9	 21	    0.0	    5.0	
  134	  13.40	    0.0	    0.0	    0.0	    0.0	    0.0	    0.0	    0.0	    0.0	    0.0	    0.0	    0.0	  100.0	   33.4	    0.0	    0.0	    0.0	    0.0	    9.6	  1	  -50.0	 1250.0	   33.4	    0.0	    0.0	1	 1072.5	 21	    0.0	    5.0	
  135	  13.50	    0.0	    0.0	   -0.0	    0.0	    0.0	    0.0	    0.0	    0.0	    0.0	    0.0	    0.0	  100.0	   32.9	    0.0	    0.0	    0.0	    0.0	    9.6	  1	  -50.0	 1250.0	   32.9	    0.0	    0.0	1	 1071.2	 21	    0.0	    5.0	
  136	  13.60	    0.0	    0.0	    0.0	    0.0	    0.0	    0.0	    0.0	    0.0	    0.0	    0.0	    0.0	  100.0	   32.4	    0.0	    0.0	    0.0	    0.0	    9.7	  1	  -50.0	 1250.0	   32.4	    0.0	    0.0	1	 1069.9	 21	    0.0	    5.0	
  137	  13.70	    0.0	    0.0	    0.0	    0.0	    0.0	    0.0	    0.0	    0.0	    0.0	    0.0	    0.0	  100.0	   31.9	    0.0	    0.0	    0.0	    0.0	    9.8	  1	  -50.0	 1250.0	   31.9	    0.0	    0.0	1	 1068.5	 21	    0.0	    5.0	
  138	  13.80	    0.0	    0.0	    0.0	    0.0	    0.0	    0.0	    0.0	    0.0	    0.0	    0.0	    0.0	  100.0	   31.4	    0.0	    0.0	    0.0	    0.0	    9.9	  1	  -50.0	 1250.0	   31.4	    0.0	    0.0	1	 1067.2	 21	    0.0	    5.0	
  139	  13.90	    0.0	    0.0	   -0.0	    0.0	    0.0	    0.0	    0.0	    0.0	    0.0	    0.0	    0.0	  100.0	   30.9	    0.0	    0.0	    0.0	    0.0	    9.9	  1	  -50.0	 1250.0	   30.9	    0.0	    0.0	1	 1065.9	 21	    0.0	    5.0	
  140	  14.00	    0.0	    0.0	   -0.0	    0.0	    0.0	    0.0	    0.0	    0.0	    0.0	    0.0	    0.0	  100.0	   30.4	    0.0	    0.0	    0.0	    0.0	   10.0	  1	  -50.0	 1250.0	   30.4	    0.0	    0.0	1	 1064.5	 21	    0.0	    5.0	
  141	  14.10	    0.0	    0.0	    0.0	    0.0	    0.0	    0.0	    0.0	    0.0	    0.0	    0.0	    0.0	  100.0	   29.9	    0.0	    0.0	    0.0	    0.0	   10.1	  1	  -50.0	 1250.0	   29.9	    0.0	    0.0	1	 1063.2	 21	    0.0	    5.0	
  142	  14.20	    0.0	    0.0	    0.0	    0.0	    0.0	    0.0	    0.0	    0.0	    0.0	    0.0	    0.0	  100.0	   29.4	    0.0	    0.0	    0.0	    0.0	   10.1	  1	  -50.0	 1250.0	   29.4	    0.0	    0.0	1	 1061.8	 21	    0.0	    5.0	
  143	  14.30	    0.0	    0.0	    0.0	    0.0	    0.0	    0.0	    0.0	    0.0	    0.0	    0.0	    0.0	  100.0	   28.9	    0.0	    0.0	    0.0	    0.0	   10.2	  1	  -50.0	 1250.0	   28.9	    0.0	    0.0	1	 1060.5	 21	    0.0	    5.0	
  144	  14.40	    0.0	    0.0	    0.0	    0.0	    0.0	    0.0	    0.0	    0.0	    0.0	    0.0	    0.0	  100.0	   28.4	    0.0	    0.0	    0.0	    0.0	   10.3	  1	  -50.0	 1250.0	   28.4	    0.0	    0.0	1	 1059.1	 21	    0.0	    5.0	
  145	  14.50	    0.0	    0.0	    0.0	    0.0	    0.0	    0.0	    0.0	    0.0	    0.0	    0.0	    0.0	  100.0	   27.9	    0.0	    0.0	    0.0	    0.0	   10.4	  1	  -50.0	 1250.0	   27.9	    0.0	    0.0	1	 1057.7	 21	    0.0	    5.0	
  146	  14.60	    0.0	    0.0	    0.0	    0.0	    0.0	    0.0	    0.0	    0.0	    0.0	    0.0	    0.0	  100.0	   27.4	    0.0	    0.0	    0.0	    0.0	   10.4	  1	  -50.0	 1250.0	   27.4	    0.0	    0.0	1	 1056.3	 21	    0.0	    5.0	
  147	  14.70	    0.0	    0.0	    0.0	    0.0	    0.0	    0.0	    0.0	    0.0	    0.0	    0.0	    0.0	  100.0	   26.9	    0.0	    0.0	    0.0	    0.0	   10.5	  1	  -50.0	 1250.0	   26.9	    0.0	    0.0	1	 1055.0	 21	    0.0	    5.0	
  148	  14.80	    0.0	    0.0	    0.0	    0.0	    0.0	    0.0	    0.0	    0.0	    0.0	    0.0	    0.0	  100.0	   26.4	    0.0	    0.0	    0.0	    0.0	   10.6	  1	  -50.0	 1250.0	   26.4	    0.0	    0.0	1	 1053.6	 21	    0.0	    5.0	
  149	  14.90	    0.0	    0.0	    0.0	    0.0	    0.0	    0.0	    0.0	    0.0	    0.0	    0.0	    0.0	  100.0	   25.9	    0.0	    0.0	    0.0	    0.0	   10.6	  1	  -50.0	 1250.0	   25.9	    0.0	    0.0	1	 1052.2	 21	    0.0	    5.0	
  150	  15.00	    0.0	    0.0	    0.0	    0.0	    0.0	    0.0	    0.0	    0.0	    0.0	    0.0	    0.0	  100.0	   25.4	    0.0	    0.0	    0.0	    0.0	   10.7	  1	  -50.0	 1250.0	   25.4	    0.0	    0.0	1	 1050.8	 21	    0.0	    5.0	
  151	  15.10	    0.0	    0.0	    0.0	    0.0	    0.0	    0.0	    0.0	    0.0	    0.0	    0.0	    0.0	  100.0	   24.9	    0.0	    0.0	    0.0	    0.0	   10.8	  1	  -50.0	 1250.0	   24.9	    0.0	    0.0	1	 1049.4	 21	    0.0	    5.0	
  152	  15.20	    0.0	    0.0	    0.0	    0.0	    0.0	    0.0	    0.0	    0.0	    0.0	    0.0	    0.0	  100.0	   24.4	    0.0	    0.0	    0.0	    0.0	   10.9	  1	  -50.0	 1250.0	   24.4	    0.0	    0.0	1	 1048.0	 21	    0.0	    5.0	
  153	  15.30	    0.0	    0.0	    0.0	    0.0	    0.0	    0.0	    0.0	    0.0	    0.0	    0.0	    0.0	  100.0	   23.9	    0.0	    0.0	    0.0	    0.0	   10.9	  1	  -50.0	 1250.0	   23.9	    0.0	    0.0	1	 1046.6	 21	    0.0	    5.0	
  154	  15.40	    0.0	    0.0	    0.0	    0.0	    0.0	    0.0	    0.0	    0.0	    0.0	    0.0	    0.0	  100.0	   23.4	    0.0	    0.0	    0.0	    0.0	   11.0	  1	  -50.0	 1250.0	   23.4	    0.0	    0.0	1	 1045.2	 21	    0.0	    5.0	
  155	  15.50	    0.0	    0.0	    0.0	    0.0	    0.0	    0.0	    0.0	    0.0	    0.0	    0.0	    0.0	  100.0	   22.9	    0.0	    0.0	    0.0	    0.0	   11.1	  1	  -50.0	 1250.0	   22.9	    0.0	    0.0	1	 1043.8	 21	    0.0	    5.0	
  156	  15.60	    0.0	    0.0	    0.0	    0.0	    0.0	    0.0	    0.0	    0.0	    0.0	    0.0	    0.0	  100.0	   22.4	    0.0	    0.0	    0.0	    0.0	   11.1	  1	  -50.0	 1250.0	   22.4	    0.0	    0.0	1	 1042.4	 21	    0.0	    5.0	
  157	  15.70	    0.0	    0.0	    0.0	    0.0	    0.0	    0.0	    0.0	    0.0	    0.0	    0.0	    0.0	  100.0	   21.9	    0.0	    0.0	    0.0	    0.0	   11.2	  1	  -50.0	 1250.0	   21.9	    0.0	    0.0	1	 1041.0	 21	    0.0	    5.0	
  158	  15.80	    0.0	    0.0	    0.0	    0.0	    0.0	    0.0	    0.0	    0.0	    0.0	    0.0	    0.0	  100.0	   21.4	    0.0	    0.0	    0.0	    0.0	   11.3	  1	  -50.0	 1250.0	   21.4	    0.0	    0.0	1	 1039.6	 21	    0.0	    5.0	
  159	  15.90	    0.0	    0.0	    0.0	    0.0	    0.0	    0.0	    0.0	    0.0	    0.0	    0.0	    0.0	  100.0	   20.9	    0.0	    0.0	    0.0	    0.0	   11.4	  1	  -50.0	 1250.0	   20.9	    0.0	    0.0	1	 1038.2	 21	    0.0	    5.0	
  160	  16.00	    0.0	    0.0	    0.0	    0.0	    0.0	    0.0	    0.0	    0.0	    0.0	    0.0	    0.0	  100.0	   20.4	    0.0	    0.0	    0.0	    0.0	   11.4	  1	  -50.0	 1250.0	   20.4	    0.0	    0.0	1	 1036.8	 21	    0.0	    5.0	
  161	  16.10	    0.0	    0.0	    0.0	    0.0	    0.0	    0.0	    0.0	    0.0	    0.0	    0.0	    0.0	  100.0	   19.9	    0.0	    0.0	    0.0	    0.0	   11.5	  1	  -50.0	 1250.0	   19.9	    0.0	    0.0	1	 1035.4	 21	    0.0	    5.0	
  162	  16.20	    0.0	    0.0	    0.0	    0.0	    0.0	    0.0	    0.0	    0.0	    0.0	    0.0	    0.0	  100.0	   19.4	    0.0	    0.0	    0.0	    0.0	   11.6	  1	  -50.0	 1250.0	   19.4	    0.0	    0.0	1	 1033.9	 21	    0.0	    5.0	
  163	  16.30	    0.0	    0.0	    0.0	    0.0	    0.0	    0.0	    0.0	    0.0	    0.0	    0.0	    0.0	  100.0	   18.9	    0.0	    0.0	    0.0	    0.0	   11.6	  1	  -50.0	 1250.0	   18.9	    0.0	    0.0	1	 1032.5	 21	    0.0	    5.0	
  164	  16.40	    0.0	    0.0	    0.0	    0.0	    0.0	    0.0	    0.0	    0.0	    0.0	    0.0	    0.0	  100.0	   18.4	    0.0	    0.0	    0.0	    0.0	   11.7	  1	  -50.0	 1250.0	   18.4	    0.0	    0.0	1	 1031.1	 21	    0.0	    5.0	
  165	  16.50	    0.0	    0.0	    0.0	    0.0	    0.0	    0.0	    0.0	    0.0	    0.0	    0.0	    0.0	  100.0	   17.9	    0.0	    0.0	    0.0	    0.0	   11.8	  1	  -50.0	 1250.0	   17.9	    0.0	    0.0	1	 1029.6	 21	    0.0	    5.0	
  166	  16.60	    0.0	    0.0	    0.0	    0.0	    0.0	    0.0	    0.0	    0.0	    0.0	    0.0	    0.0	  100.0	   17.4	    0.0	    0.0	    0.0	    0.0	   11.9	  1	  -50.0	 1250.0	   17.4	    0.0	    0.0	1	 1028.2	 21	    0.0	    5.0	
  167	  16.70	    0.0	    0.0	    0.0	    0.0	    0.0	    0.0	    0.0	    0.0	    0.0	    0.0	    0.0	  100.0	   16.9	    0.0	    0.0	    0.0	    0.0	   11.9	  1	  -50.0	 1250.0	   16.9	    0.0	    0.0	1	 1026.8	 21	    0.0	    5.0	
  168	  16.80	    0.0	    0.0	    0.0	    0.0	    0.0	    0.0	    0.0	    0.0	    0.0	    0.0	    0.0	  100.0	   16.4	    0.0	    0.0	    0.0	    0.0	   12.0	  1	  -50.0	 1250.0	   16.4	    0.0	    0.0	1	 1025.3	 21	    0.0	    5.0	
  169	  16.90	    0.0	    0.0	    0.0	    0.0	    0.0	    0.0	    0.0	    0.0	    0.0	    0.0	    0.0	  100.0	   15.9	    0.0	    0.0	    0.0	    0.0	   12.1	  1	  -50.0	 1250.0	   15.9	    0.0	    0.0	1	 1023.9	 21	    0.0	    5.0	
  170	  17.00	    0.0	    0.0	    0.0	    0.0	    0.0	    0.0	    0.0	    0.0	    0.0	    0.0	    0.0	  100.0	   15.4	    0.0	    0.0	    0.0	    0.0	   12.1	  1	  -50.0	 1250.0	   15.4	    0.0	    0.0	1	 1022.4	 21	    0.0	    5.0	
  171	  17.10	    0.0	    0.0	    0.0	    0.0	    0.0	    0.0	    0.0	    0.0	    0.0	    0.0	    0.0	  100.0	   14.9	    0.0	    0.0	    0.0	    0.0	   12.2	  1	  -50.0	 1250.0	   14.9	    0.0	    0.0	1	 1021.0	 21	    0.0	    5.0	
  172	  17.20	    0.0	    0.0	    0.0	    0.0	    0.0	    0.0	    0.0	    0.0	    0.0	    0.0	    0.0	  100.0	   14.4	    0.0	    0.0	    0.0	    0.0	   12.3	  1	  -50.0	 1250.0	   14.4	    0.0	    0.0	1	 1019.5	 21	    0.0	    5.0	
  173	  17.30	    0.0	    0.0	    0.0	    0.0	    0.0	    0.0	    0.0	    0.0	    0.0	    0.0	    0.0	  100.0	   13.9	    0.0	    0.0	    0.0	    0.0	   12.4	  1	  -50.0	 1250.0	   13.9	    0.0	    0.0	1	 1018.1	 21	    0.0	    5.0	
  174	  17.40	    0.0	    0.0	    0.0	    0.0	    0.0	    0.0	    0.0	    0.0	    0.0	    0.0	    0.0	  100.0	   13.4	    0.0	    0.0	    0.0	    0.0	   12.4	  1	  -50.0	 1250.0	   13.4	    0.0	    0.0	1	 1016.6	 21	    0.0	    5.0	
  175	  17.50	    0.0	    0.0	    0.0	    0.0	    0.0	    0.0	    0.0	    0.0	    0.0	    0.0	    0.0	  100.0	   12.9	    0.0	    0.0	    0.0	    0.0	   12.5	  1	  -50.0	 1250.0	   12.9	    0.0	    0.0	1	 1015.2	 21	    0.0	    5.0	
  176	  17.60	    0.0	    0.0	    0.0	    0.0	    0.0	    0.0	    0.0	    0.0	    0.0	    0.0	    0.0	  100.0	   12.4	    0.0	    0.0	    0.0	    0.0	   12.6	  1	  -50.0	 1250.0	   12.4	    0.0	    0.0	1	 1013.7	 21	    0.0	    5.0	
  177	  17.70	    0.0	    0.0	    0.0	    0.0	    0.0	    0.0	    0.0	    0.0	    0.0	    0.0	    0.0	  100.0	   11.9	    0.0	    0.0	    0.0	    0.0	   12.6	  1	  -50.0	 1250.0	   11.9	    0.0	    0.0	1	 1012.3	 21	    0.0	    5.0	
  178	  17.80	    0.0	    0.0	    0.0	    0.0	    0.0	    0.0	    0.0	    0.0	    0.0	    0.0	    0.0	  100.0	   11.4	    0.0	    0.0	    0.0	    0.0	   12.7	  1	  -50.0	 1250.0	   11.4	    0.0	    0.0	1	 1010.8	 21	    0.0	    5.0	
  179	  17.90	    0.0	    0.0	    0.0	    0.0	    0.0	    0.0	    0.0	    0.0	    0.0	    0.0	    0.0	  100.0	   10.9	    0.0	    0.0	    0.0	    0.0	   12.8	  1	  -50.0	 1250.0	   10.9	    0.0	    0.0	1	 1009.3	 21	    0.0	    5.0	
  180	  18.00	    0.0	    0.0	    0.0	    0.0	    0.0	    0.0	    0.0	    0.0	    0.0	    0.0	    0.0	  100.0	   10.4	    0.0	    0.0	    0.0	    0.0	   12.9	  1	  -50.0	 1250.0	   10.4	    0.0	    0.0	1	 1007.9	 21	    0.0	    5.0	
  181	  18.10	    0.0	    0.0	    0.0	    0.0	    0.0	    0.0	    0.0	    0.0	    0.0	    0.0	    0.0	  100.0	    9.9	    0.0	    0.0	    0.0	    0.0	   12.9	  1	  -50.0	 1250.0	    9.9	    0.0	    0.0	1	 1006.4	 21	    0.0	    5.0	
  182	  18.20	    0.0	    0.0	    0.0	    0.0	    0.0	    0.0	    0.0	    0.0	    0.0	    0.0	    0.0	  100.0	    9.4	    0.0	    0.0	    0.0	    0.0	   13.0	  1	  -50.0	 1250.0	    9.4	    0.0	    0.0	1	 1004.9	 21	    0.0	    5.0	
  183	  18.30	    0.0	    0.0	    0.0	    0.0	    0.0	    0.0	    0.0	    0.0	    0.0	    0.0	    0.0	  100.0	    8.9	    0.0	    0.0	    0.0	    0.0	   13.1	  1	  -50.0	 1250.0	    8.9	    0.0	    0.0	1	 1003.5	 21	    0.0	    5.0	
  184	  18.40	    0.0	    0.0	    0.0	    0.0	    0.0	    0.0	    0.0	    0.0	    0.0	    0.0	    0.0	  100.0	    8.4	    0.0	    0.0	    0.0	    0.0	   13.1	  1	  -50.0	 1250.0	    8.4	    0.0	    0.0	1	 1002.0	 21	    0.0	    5.0	
  185	  18.50	    0.0	    0.0	    0.0	    0.0	    0.0	    0.0	    0.0	    0.0	    0.0	    0.0	    0.0	  100.0	    7.9	    0.0	    0.0	    0.0	    0.0	   13.2	  1	  -50.0	 1250.0	    7.9	    0.0	    0.0	1	 1000.5	 21	    0.0	    5.0	
  186	  18.60	    0.0	    0.0	    0.0	    0.0	    0.0	    0.0	    0.0	    0.0	    0.0	    0.0	    0.0	  100.0	    7.4	    0.0	    0.0	    0.0	    0.0	   13.3	  1	  -50.0	 1250.0	    7.4	    0.0	    0.0	1	  999.0	 21	    0.0	    5.0	
  187	  18.70	    0.0	    0.0	    0.0	    0.0	    0.0	    0.0	    0.0	    0.0	    0.0	    0.0	    0.0	  100.0	    6.9	    0.0	    0.0	    0.0	    0.0	   13.4	  1	  -50.0	 1250.0	    6.9	    0.0	    0.0	1	  997.6	 21	    0.0	    5.0	
  188	  18.80	    0.0	    0.0	    0.0	    0.0	    0.0	    0.0	    0.0	    0.0	    0.0	    0.0	    0.0	  100.0	    6.4	    0.0	    0.0	    0.0	    0.0	   13.4	  1	  -50.0	 1250.0	    6.4	    0.0	    0.0	1	  996.1	 21	    0.0	    5.0	
  189	  18.90	    0.0	    0.0	    0.0	    0.0	    0.0	    0.0	    0.0	    0.0	    0.0	    0.0	    0.0	  100.0	    5.9	    0.0	    0.0	    0.0	    0.0	   13.5	  1	  -50.0	 1250.0	    5.9	    0.0	    0.0	1	  994.6	 21	    0.0	    5.0	
  190	  19.00	    0.0	    0.0	    0.0	    0.0	    0.0	    0.0	    0.0	    0.0	    0.0	    0.0	    0.0	  100.0	    5.4	    0.0	    0.0	    0.0	    0.0	   13.6	  1	  -50.0	 1250.0	    5.4	    0.0	    0.0	1	  993.1	 21	    0.0	    5.0	
  191	  19.10	    0.0	    0.0	    0.0	    0.0	    0.0	    0.0	    0.0	    0.0	    0.0	    0.0	    0.0	  100.0	    4.9	    0.0	    0.0	    0.0	    0.0	   13.6	  1	  -50.0	 1250.0	    4.9	    0.0	    0.0	1	  991.7	 21	    0.0	    5.0	
  192	  19.20	    0.0	    0.0	    0.0	    0.0	    0.0	    0.0	    0.0	    0.0	    0.0	    0.0	    0.0	  100.0	    4.4	    0.0	    0.0	    0.0	    0.0	   13.7	  1	  -50.0	 1250.0	    4.4	    0.0	    0.0	1	  990.2	 21	    0.0	    5.0	
  193	  19.30	    0.0	    0.0	    0.0	    0.0	    0.0	    0.0	    0.0	    0.0	    0.0	    0.0	    0.0	  100.0	    3.9	    0.0	    0.0	    0.0	    0.0	   13.8	  1	  -50.0	 1250.0	    3.9	    0.0	    0.0	1	  988.7	 21	    0.0	    5.0	
  194	  19.40	    0.0	    0.0	    0.0	    0.0	    0.0	    0.0	    0.0	    0.0	    0.0	    0.0	    0.0	  100.0	    3.4	    0.0	    0.0	    0.0	    0.0	   13.9	  1	  -50.0	 1250.0	    3.4	    0.0	    0.0	1	  987.2	 21	    0.0	    5.0	
  195	  19.50	    0.0	    0.0	    0.0	    0.0	    0.0	    0.0	    0.0	    0.0	    0.0	    0.0	    0.0	  100.0	    2.9	    0.0	    0.0	    0.0	    0.0	   13.9	  1	  -50.0	 1250.0	    2.9	    0.0	    0.0	1	  985.8	 21	    0.0	    5.0	
  196	  19.60	    0.0	    0.0	    0.0	    0.0	    0.0	    0.0	    0.0	    0.0	    0.0	    0.0	    0.0	  100.0	    2.4	    0.0	    0.0	    0.0	    0.0	   14.0	  1	  -50.0	 1250.0	    2.4	    0.0	    0.0	1	  984.3	 21	    0.0	    5.0	
  197	  19.70	    0.0	    0.0	    0.0	    0.0	    0.0	    0.0	    0.0	    0.0	    0.0	    0.0	    0.0	  100.0	    1.9	    0.0	    0.0	    0.0	    0.0	   14.1	  1	  -50.0	 1250.0	    1.9	    0.0	    0.0	1	  982.8	 21	    0.0	    5.0	
  198	  19.80	    0.0	    0.0	    0.0	    0.0	    0.0	    0.0	    0.0	    0.0	    0.0	    0.0	    0.0	  100.0	    1.4	    0.0	    0.0	    0.0	    0.0	   14.1	  1	  -50.0	 1250.0	    1.4	    0.0	    0.0	1	  981.3	 21	    0.0	    5.0	
  199	  19.90	    0.0	    0.0	    0.0	    0.0	    0.0	    0.0	    0.0	    0.0	    0.0	    0.0	    0.0	  100.0	    0.9	    0.0	    0.0	    0.0	    0.0	   14.2	  1	  -50.0	 1250.0	    0.9	    0.0	    0.0	1	  979.8	 21	    0.0	    5.0	
  200	  20.00	    0.0	    0.0	    0.0	    0.0	    0.0	    0.0	    0.0	    0.0	    0.0	    0.0	    0.0	  100.0	    0.4	    0.0	    0.0	    0.0	    0.0	   14.3	  1	  -50.0	 1250.0	    0.4	    0.0	    0.0	1	  978.3	 21	    0.0	    5.0	
  201	  20.10	    0.0	    0.0	    0.0	    0.0	    0.0	    0.0	    0.0	    0.0	    0.0	    0.0	    0.0	  100.0	    0.0	    0.0	    0.0	    0.0	    0.0	   14.4	  1	  -50.0	 1250.0	    0.0	    0.0	    0.0	1	  977.1	 21	    0.0	    5.0	
  202	  20.20	    0.0	    0.0	    0.0	    0.0	    0.0	    0.0	    0.0	    0.0	    0.0	    0.0	    0.0	  100.0	    0.0	    0.0	    0.0	    0.0	    0.0	   14.4	  1	  -50.0	 1250.0	    0.0	    0.0	    0.0	1	  977.1	 21	    0.0	    5.0	
  203	  20.30	    0.0	    0.0	    0.0	    0.0	    0.0	    0.0	    0.0	    0.0	    0.0	    0.0	    0.0	  100.0	    0.0	    0.0	    0.0	    0.0	    0.0	   14.5	  1	  -50.0	 1250.0	    0.0	    0.0	    0.0	1	  977.1	 21	    0.0	    5.0	
  204	  20.40	    0.0	    0.0	    0.0	    0.0	    0.0	    0.0	    0.0	    0.0	    0.0	    0.0	    0.0	  100.0	    0.0	    0.0	    0.0	    0.0	    0.0	   14.6	  1	  -50.0	 1250.0	    0.0	    0.0	    0.0	1	  977.1	 21	    0.0	    5.0	
  205	  20.50	    0.0	    0.0	    0.0	    0.0	    0.0	    0.0	    0.0	    0.0	    0.0	    0.0	    0.0	  100.0	    0.0	    0.0	    0.0	    0.0	    0.0	   14.6	  1	  -50.0	 1250.0	    0.0	    0.0	    0.0	1	  977.1	 21	    0.0	    5.0	
  206	  20.60	    0.0	    0.0	    0.0	    0.0	    0.0	    0.0	    0.0	    0.0	    0.0	    0.0	    0.0	  100.0	    0.0	    0.0	    0.0	    0.0	    0.0	   14.7	  1	  -50.0	 1250.0	    0.0	    0.0	    0.0	1	  977.1	 21	    0.0	    5.0	
  207	  20.70	    0.0	    0.0	    0.0	    0.0	    0.0	    0.0	    0.0	    0.0	    0.0	    0.0	    0.0	  100.0	    0.0	    0.0	    0.0	    0.0	    0.0	   14.8	  1	  -50.0	 1250.0	    0.0	    0.0	    0.0	1	  977.1	 21	    0.0	    5.0	
  208	  20.80	    0.0	    0.0	    0.0	    0.0	    0.0	    0.0	    0.0	    0.0	    0.0	    0.0	    0.0	  100.0	    0.0	    0.0	    0.0	    0.0	    0.0	   14.9	  1	  -50.0	 1250.0	    0.0	    0.0	    0.0	1	  977.1	 21	    0.0	    5.0	
  209	  20.90	    0.0	    0.0	    0.0	    0.0	    0.0	    0.0	    0.0	    0.0	    0.0	    0.0	    0.0	  100.0	    0.0	    0.0	    0.0	    0.0	    0.0	   14.9	  1	  -50.0	 1250.0	    0.0	    0.0	    0.0	1	  977.1	 21	    0.0	    5.0	
  210	  21.00	    0.0	    0.0	    0.0	    0.0	    0.0	    0.0	    0.0	    0.0	    0.0	    0.0	    0.0	  100.0	    0.0	    0.0	    0.0	    0.0	    0.0	   15.0	  1	  -50.0	 1250.0	    0.0	    0.0	    0.0	1	  977.1	 21	    0.0	    5.0	
  211	  21.10	    0.0	    0.0	    0.0	    0.0	    0.0	    0.0	    0.0	    0.0	    0.0	    0.0	    0.0	  100.0	    0.0	    0.0	    0.0	    0.0	    0.0	   15.1	  1	  -50.0	 1250.0	    0.0	    0.0	    0.0	1	  977.1	 21	    0.0	    5.0	
  212	  21.20	    0.0	    0.0	    0.0	    0.0	    0.0	    0.0	    0.0	    0.0	    0.0	    0.0	    0.0	  100.0	    0.0	    0.0	    0.0	    0.0	    0.0	   15.1	  1	  -50.0	 1250.0	    0.0	    0.0	    0.0	1	  977.1	 21	    0.0	    5.0	
  213	  21.30	    0.0	    0.0	    0.0	    0.0	    0.0	    0.0	    0.0	    0.0	    0.0	    0.0	    0.0	  100.0	    0.0	    0.0	    0.0	    0.0	    0.0	   15.2	  1	  -50.0	 1250.0	    0.0	    0.0	    0.0	1	  977.1	 21	    0.0	    5.0	
  214	  21.40	    0.0	    0.0	    0.0	    0.0	    0.0	    0.0	    0.0	    0.0	    0.0	    0.0	    0.0	  100.0	    0.0	    0.0	    0.0	    0.0	    0.0	   15.3	  1	  -50.0	 1250.0	    0.0	    0.0	    0.0	1	  977.1	 21	    0.0	    5.0	
  215	  21.50	    0.0	    0.0	    0.0	    0.0	    0.0	    0.0	    0.0	    0.0	    0.0	    0.0	    0.0	  100.0	    0.0	    0.0	    0.0	    0.0	    0.0	   15.4	  1	  -50.0	 1250.0	    0.0	    0.0	    0.0	1	  977.1	 21	    0.0	    5.0	
  216	  21.60	    0.0	    0.0	    0.0	    0.0	    0.0	    0.0	    0.0	    0.0	    0.0	    0.0	    0.0	  100.0	    0.0	    0.0	    0.0	    0.0	    0.0	   15.4	  1	  -50.0	 1250.0	    0.0	    0.0	    0.0	1	  977.1	 21	    0.0	    5.0	
  217	  21.70	    0.0	    0.0	    0.0	    0.0	    0.0	    0.0	    0.0	    0.0	    0.0	    0.0	    0.0	  100.0	    0.0	    0.0	    0.0	    0.0	    0.0	   15.5	  1	  -50.0	 1250.0	    0.0	    0.0	    0.0	1	  977.1	 21	    0.0	    5.0	
  218	  21.80	    0.0	    0.0	    0.0	    0.0	    0.0	    0.0	    0.0	    0.0	    0.0	    0.0	    0.0	  100.0	    0.0	    0.0	    0.0	    0.0	    0.0	   15.6	  1	  -50.0	 1250.0	    0.0	    0.0	    0.0	1	  977.1	 21	    0.0	    5.0	
  219	  21.90	    0.0	    0.0	    0.0	    0.0	    0.0	    0.0	    0.0	    0.0	    0.0	    0.0	    0.0	  100.0	    0.0	    0.0	    0.0	    0.0	    0.0	   15.6	  1	  -50.0	 1250.0	    0.0	    0.0	    0.0	1	  977.1	 21	    0.0	    5.0	
  220	  22.00	    0.0	    0.0	    0.0	    0.0	    0.0	    0.0	    0.0	    0.0	    0.0	    0.0	    0.0	  100.0	    0.0	    0.0	    0.0	    0.0	    0.0	   15.7	  1	  -50.0	 1250.0	    0.0	    0.0	    0.0	1	  977.1	 21	    0.0	    5.0	
  221	  22.10	    0.0	    0.0	    0.0	    0.0	    0.0	    0.0	    0.0	    0.0	    0.0	    0.0	    0.0	  100.0	    0.0	    0.0	    0.0	    0.0	    0.0	   15.8	  1	  -50.0	 1250.0	    0.0	    0.0	    0.0	1	  977.1	 21	    0.0	    5.0	
  222	  22.20	    0.0	    0.0	    0.0	    0.0	    0.0	    0.0	    0.0	    0.0	    0.0	    0.0	    0.0	  100.0	    0.0	    0.0	    0.0	    0.0	    0.0	   15.9	  1	  -50.0	 1250.0	    0.0	    0.0	    0.0	1	  977.1	 21	    0.0	    5.0	
  223	  22.30	    0.0	    0.0	    0.0	    0.0	    0.0	    0.0	    0.0	    0.0	    0.0	    0.0	    0.0	  100.0	    0.0	    0.0	    0.0	    0.0	    0.0	   15.9	  1	  -50.0	 1250.0	    0.0	    0.0	    0.0	1	  977.1	 21	    0.0	    5.0	
  224	  22.40	    0.0	    0.0	    0.0	    0.0	    0.0	    0.0	    0.0	    0.0	    0.0	    0.0	    0.0	  100.0	    0.0	    0.0	    0.0	    0.0	    0.0	   16.0	  1	  -50.0	 1250.0	    0.0	    0.0	    0.0	1	  977.1	 21	    0.0	    5.0	
  225	  22.50	    0.0	    0.0	    0.0	    0.0	    0.0	    0.0	    0.0	    0.0	    0.0	    0.0	    0.0	  100.0	    0.0	    0.0	    0.0	    0.0	    0.0	   16.1	  1	  -50.0	 1250.0	    0.0	    0.0	    0.0	1	  977.1	 21	    0.0	    5.0	
  226	  22.60	    0.0	    0.0	    0.0	    0.0	    0.0	    0.0	    0.0	    0.0	    0.0	    0.0	    0.0	  100.0	    0.0	    0.0	    0.0	    0.0	    0.0	   16.1	  1	  -50.0	 1250.0	    0.0	    0.0	    0.0	1	  977.1	 21	    0.0	    5.0	
  227	  22.70	    0.0	    0.0	    0.0	    0.0	    0.0	    0.0	    0.0	    0.0	    0.0	    0.0	    0.0	  100.0	    0.0	    0.0	    0.0	    0.0	    0.0	   16.2	  1	  -50.0	 1250.0	    0.0	    0.0	    0.0	1	  977.1	 21	    0.0	    5.0	
  228	  22.80	    0.0	    0.0	    0.0	    0.0	    0.0	    0.0	    0.0	    0.0	    0.0	    0.0	    0.0	  100.0	    0.0	    0.0	    0.0	    0.0	    0.0	   16.3	  1	  -50.0	 1250.0	    0.0	    0.0	    0.0	1	  977.1	 21	    0.0	    5.0	
  229	  22.90	    0.0	    0.0	    0.0	    0.0	    0.0	    0.0	    0.0	    0.0	    0.0	    0.0	    0.0	  100.0	    0.0	    0.0	    0.0	    0.0	    0.0	   16.4	  1	  -50.0	 1250.0	    0.0	    0.0	    0.0	1	  977.1	 21	    0.0	    5.0	
  230	  23.00	    0.0	    0.0	    0.0	    0.0	    0.0	    0.0	    0.0	    0.0	    0.0	    0.0	    0.0	  100.0	    0.0	    0.0	    0.0	    0.0	    0.0	   16.4	  1	  -50.0	 1250.0	    0.0	    0.0	    0.0	1	  977.1	 21	    0.0	    5.0	
  231	  23.10	    0.0	    0.0	    0.0	    0.0	    0.0	    0.0	    0.0	    0.0	    0.0	    0.0	    0.0	  100.0	    0.0	    0.0	    0.0	    0.0	    0.0	   16.5	  1	  -50.0	 1250.0	    0.0	    0.0	    0.0	1	  977.1	 21	    0.0	    5.0	
  232	  23.20	    0.0	    0.0	    0.0	    0.0	    0.0	    0.0	    0.0	    0.0	    0.0	    0.0	    0.0	  100.0	    0.0	    0.0	    0.0	    0.0	    0.0	   16.6	  1	  -50.0	 1250.0	    0.0	    0.0	    0.0	1	  977.1	 21	    0.0	    5.0	
  233	  23.30	    0.0	    0.0	    0.0	    0.0	    0.0	    0.0	    0.0	    0.0	    0.0	    0.0	    0.0	  100.0	    0.0	    0.0	    0.0	    0.0	    0.0	   16.6	  1	  -50.0	 1250.0	    0.0	    0.0	    0.0	1	  977.1	 21	    0.0	    5.0	
  234	  23.40	    0.0	    0.0	    0.0	    0.0	    0.0	    0.0	    0.0	    0.0	    0.0	    0.0	    0.0	  100.0	    0.0	    0.0	    0.0	    0.0	    0.0	   16.7	  1	  -50.0	 1250.0	    0.0	    0.0	    0.0	1	  977.1	 21	    0.0	    5.0	
  235	  23.50	    0.0	    0.0	    0.0	    0.0	    0.0	    0.0	    0.0	    0.0	    0.0	    0.0	    0.0	  100.0	    0.0	    0.0	    0.0	    0.0	    0.0	   16.8	  1	  -50.0	 1250.0	    0.0	    0.0	    0.0	1	  977.1	 21	    0.0	    5.0	
  236	  23.60	    0.0	    0.0	    0.0	    0.0	    0.0	    0.0	    0.0	    0.0	    0.0	    0.0	    0.0	  100.0	    0.0	    0.0	    0.0	    0.0	    0.0	   16.9	  1	  -50.0	 1250.0	    0.0	    0.0	    0.0	1	  977.1	 21	    0.0	    5.0	
  237	  23.70	    0.0	    0.0	    0.0	    0.0	    0.0	    0.0	    0.0	    0.0	    0.0	    0.0	    0.0	  100.0	    0.0	    0.0	    0.0	    0.0	    0.0	   16.9	  1	  -50.0	 1250.0	    0.0	    0.0	    0.0	1	  977.1	 21	    0.0	    5.0	
  238	  23.80	    0.0	    0.0	    0.0	    0.0	    0.0	    0.0	    0.0	    0.0	    0.0	    0.0	    0.0	  100.0	    0.0	    0.0	    0.0	    0.0	    0.0	   17.0	  1	  -50.0	 1250.0	    0.0	    0.0	    0.0	1	  977.1	 21	    0.0	    5.0	
  239	  23.90	    0.0	    0.0	    0.0	    0.0	    0.0	    0.0	    0.0	    0.0	    0.0	    0.0	    0.0	  100.0	    0.0	    0.0	    0.0	    0.0	    0.0	   17.1	  1	  -50.0	 1250.0	    0.0	    0.0	    0.0	1	  977.1	 21	    0.0	    5.0	
  240	  24.00	    0.0	    0.0	    0.0	    0.0	    0.0	    0.0	    0.0	    0.0	    0.0	    0.0	    0.0	  100.0	    0.0	    0.0	    0.0	    0.0	    0.0	   17.1	  1	  -50.0	 1250.0	    0.0	    0.0	    0.0	1	  977.1	 21	    0.0	    5.0	
  241	  24.10	    0.0	    0.0	    0.0	    0.0	    0.0	    0.0	    0.0	    0.0	    0.0	    0.0	    0.0	  100.0	    0.0	    0.0	    0.0	    0.0	    0.0	   17.2	  1	  -50.0	 1250.0	    0.0	    0.0	    0.0	1	  977.1	 21	    0.0	    5.0	
  242	  24.20	    0.0	    0.0	    0.0	    0.0	    0.0	    0.0	    0.0	    0.0	    0.0	    0.0	    0.0	  100.0	    0.0	    0.0	    0.0	    0.0	    0.0	   17.3	  1	  -50.0	 1250.0	    0.0	    0.0	    0.0	1	  977.1	 21	    0.0	    5.0	
  243	  24.30	    0.0	    0.0	    0.0	    0.0	    0.0	    0.0	    0.0	    0.0	    0.0	    0.0	    0.0	  100.0	    0.0	    0.0	    0.0	    0.0	    0.0	   17.4	  1	  -50.0	 1250.0	    0.0	    0.0	    0.0	1	  977.1	 21	    0.0	    5.0	
  244	  24.40	    0.0	    0.0	    0.0	    0.0	    0.0	    0.0	    0.0	    0.0	    0.0	    0.0	    0.0	  100.0	    0.0	    0.0	    0.0	    0.0	    0.0	   17.4	  1	  -50.0	 1250.0	    0.0	    0.0	    0.0	1	  977.1	 21	    0.0	    5.0	
  245	  24.50	    0.0	    0.0	    0.0	    0.0	    0.0	    0.0	    0.0	    0.0	    0.0	    0.0	    0.0	  100.0	    0.0	    0.0	    0.0	    0.0	    0.0	   17.5	  1	  -50.0	 1250.0	    0.0	    0.0	    0.0	1	  977.1	 21	    0.0	    5.0	
  246	  24.60	    0.0	    0.0	    0.0	    0.0	    0.0	    0.0	    0.0	    0.0	    0.0	    0.0	    0.0	  100.0	    0.0	    0.0	    0.0	    0.0	    0.0	   17.6	  1	  -50.0	 1250.0	    0.0	    0.0	    0.0	1	  977.1	 21	    0.0	    5.0	
  247	  24.70	    0.0	    0.0	    0.0	    0.0	    0.0	    0.0	    0.0	    0.0	    0.0	    0.0	    0.0	  100.0	    0.0	    0.0	    0.0	    0.0	    0.0	   17.6	  1	  -50.0	 1250.0	    0.0	    0.0	    0.0	1	  977.1	 21	    0.0	    5.0	
  248	  24.80	    0.0	    0.0	    0.0	    0.0	    0.0	    0.0	    0.0	    0.0	    0.0	    0.0	    0.0	  100.0	    0.0	    0.0	    0.0	    0.0	    0.0	   17.7	  1	  -50.0	 1250.0	    0.0	    0.0	    0.0	1	  977.1	 21	    0.0	    5.0	
  249	  24.90	    0.0	    0.0	    0.0	    0.0	    0.0	    0.0	    0.0	    0.0	    0.0	    0.0	    0.0	  100.0	    0.0	    0.0	    0.0	    0.0	    0.0	   17.8	  1	  -50.0	 1250.0	    0.0	    0.0	    0.0	1	  977.1	 21	    0.0	    5.0	
  250	  25.00	    0.0	    0.0	    0.0	    0.0	    0.0	    0.0	    0.0	    0.0	    0.0	    0.0	    0.0	  100.0	    0.0	    0.0	    0.0	    0.0	    0.0	   17.9	  1	  -50.0	 1250.0	    0.0	    0.0	    0.0	1	  977.1	 21	    0.0	    5.0	
  251	  25.10	    0.0	    0.0	    0.0	    0.0	    0.0	    0.0	    0.0	    0.0	    0.0	    0.0	    0.0	  100.0	    0.0	    0.0	    0.0	    0.0	    0.0	   17.9	  1	  -50.0	 1250.0	    0.0	    0.0	    0.0	1	  977.1	 21	    0.0	    5.0	
  252	  25.20	    0.0	    0.0	    0.0	    0.0	    0.0	    0.0	    0.0	    0.0	    0.0	    0.0	    0.0	  100.0	    0.0	    0.0	    0.0	    0.0	    0.0	   18.0	  1	  -50.0	 1250.0	    0.0	    0.0	    0.0	1	  977.1	 21	    0.0	    5.0	
  253	  25.30	    0.0	    0.0	    0.0	    0.0	    0.0	    0.0	    0.0	    0.0	    0.0	    0.0	    0.0	  100.0	    0.0	    0.0	    0.0	    0.0	    0.0	   18.1	  1	  -50.0	 1250.0	    0.0	    0.0	    0.0	1	  977.1	 21	    0.0	    5.0	
  254	  25.40	    0.0	    0.0	    0.0	    0.0	    0.0	    0.0	    0.0	    0.0	    0.0	    0.0	    0.0	  100.0	    0.0	    0.0	    0.0	    0.0	    0.0	   18.1	  1	  -50.0	 1250.0	    0.0	    0.0	    0.0	1	  977.1	 21	    0.0	    5.0	
  255	  25.50	    0.0	    0.0	    0.0	    0.0	    0.0	    0.0	    0.0	    0.0	    0.0	    0.0	    0.0	  100.0	    0.0	    0.0	    0.0	    0.0	    0.0	   18.2	  1	  -50.0	 1250.0	    0.0	    0.0	    0.0	1	  977.1	 21	    0.0	    5.0	
  256	  25.60	    0.0	    0.0	    0.0	    0.0	    0.0	    0.0	    0.0	    0.0	    0.0	    0.0	    0.0	  100.0	    0.0	    0.0	    0.0	    0.0	    0.0	   18.3	  1	  -50.0	 1250.0	    0.0	    0.0	    0.0	1	  977.1	 21	    0.0	    5.0	
  257	  25.70	    0.0	    0.0	    0.0	    0.0	    0.0	    0.0	    0.0	    0.0	    0.0	    0.0	    0.0	  100.0	    0.0	    0.0	    0.0	    0.0	    0.0	   18.4	  1	  -50.0	 1250.0	    0.0	    0.0	    0.0	1	  977.1	 21	    0.0	    5.0	
  258	  25.80	    0.0	    0.0	    0.0	    0.0	    0.0	    0.0	    0.0	    0.0	    0.0	    0.0	    0.0	  100.0	    0.0	    0.0	    0.0	    0.0	    0.0	   18.4	  1	  -50.0	 1250.0	    0.0	    0.0	    0.0	1	  977.1	 21	    0.0	    5.0	
  259	  25.90	    0.0	    0.0	    0.0	    0.0	    0.0	    0.0	    0.0	    0.0	    0.0	    0.0	    0.0	  100.0	    0.0	    0.0	    0.0	    0.0	    0.0	   18.5	  1	  -50.0	 1250.0	    0.0	    0.0	    0.0	1	  977.1	 21	    0.0	    5.0	
  260	  26.00	    0.0	    0.0	    0.0	    0.0	    0.0	    0.0	    0.0	    0.0	    0.0	    0.0	    0.0	  100.0	    0.0	    0.0	    0.0	    0.0	    0.0	   18.6	  1	  -50.0	 1250.0	    0.0	    0.0	    0.0	1	  977.1	 21	    0.0	    5.0	
  261	  26.10	    0.0	    0.0	    0.0	    0.0	    0.0	    0.0	    0.0	    0.0	    0.0	    0.0	    0.0	  100.0	    0.0	    0.0	    0.0	    0.0	    0.0	   18.6	  1	  -50.0	 1250.0	    0.0	    0.0	    0.0	1	  977.1	 21	    0.0	    5.0	
  262	  26.20	    0.0	    0.0	    0.0	    0.0	    0.0	    0.0	    0.0	    0.0	    0.0	    0.0	    0.0	  100.0	    0.0	    0.0	    0.0	    0.0	    0.0	   18.7	  1	  -50.0	 1250.0	    0.0	    0.0	    0.0	1	  977.1	 21	    0.0	    5.0	
  263	  26.30	    0.0	    0.0	    0.0	    0.0	    0.0	    0.0	    0.0	    0.0	    0.0	    0.0	    0.0	  100.0	    0.0	    0.0	    0.0	    0.0	    0.0	   18.8	  1	  -50.0	 1250.0	    0.0	    0.0	    0.0	1	  977.1	 21	    0.0	    5.0	
  264	  26.40	    0.0	    0.0	    0.0	    0.0	    0.0	    0.0	    0.0	    0.0	    0.0	    0.0	    0.0	  100.0	    0.0	    0.0	    0.0	    0.0	    0.0	   18.9	  1	  -50.0	 1250.0	    0.0	    0.0	    0.0	1	  977.1	 21	    0.0	    5.0	
  265	  26.50	    0.0	    0.0	    0.0	    0.0	    0.0	    0.0	    0.0	    0.0	    0.0	    0.0	    0.0	  100.0	    0.0	    0.0	    0.0	    0.0	    0.0	   18.9	  1	  -50.0	 1250.0	    0.0	    0.0	    0.0	1	  977.1	 21	    0.0	    5.0	
  266	  26.60	    0.0	    0.0	    0.0	    0.0	    0.0	    0.0	    0.0	    0.0	    0.0	    0.0	    0.0	  100.0	    0.0	    0.0	    0.0	    0.0	    0.0	   19.0	  1	  -50.0	 1250.0	    0.0	    0.0	    0.0	1	  977.1	 21	    0.0	    5.0	
  267	  26.70	    0.0	    0.0	    0.0	    0.0	    0.0	    0.0	    0.0	    0.0	    0.0	    0.0	    0.0	  100.0	    0.0	    0.0	    0.0	    0.0	    0.0	   19.1	  1	  -50.0	 1250.0	    0.0	    0.0	    0.0	1	  977.1	 21	    0.0	    5.0	
  268	  26.80	    0.0	    0.0	    0.0	    0.0	    0.0	    0.0	    0.0	    0.0	    0.0	    0.0	    0.0	  100.0	    0.0	    0.0	    0.0	    0.0	    0.0	   19.1	  1	  -50.0	 1250.0	    0.0	    0.0	    0.0	1	  977.1	 21	    0.0	    5.0	
  269	  26.90	    0.0	    0.0	    0.0	    0.0	    0.0	    0.0	    0.0	    0.0	    0.0	    0.0	    0.0	  100.0	    0.0	    0.0	    0.0	    0.0	    0.0	   19.2	  1	  -50.0	 1250.0	    0.0	    0.0	    0.0	1	  977.1	 21	    0.0	    5.0	
  270	  27.00	    0.0	    0.0	    0.0	    0.0	    0.0	    0.0	    0.0	    0.0	    0.0	    0.0	    0.0	  100.0	    0.0	    0.0	    0.0	    0.0	    0.0	   19.3	  1	  -50.0	 1250.0	    0.0	    0.0	    0.0	1	  977.1	 21	    0.0	    5.0	
  271	  27.10	    0.0	    0.0	    0.0	    0.0	    0.0	    0.0	    0.0	    0.0	    0.0	    0.0	    0.0	  100.0	    0.0	    0.0	    0.0	    0.0	    0.0	   19.4	  1	  -50.0	 1250.0	    0.0	    0.0	    0.0	1	  977.1	 21	    0.0	    5.0	
  272	  27.20	    0.0	    0.0	    0.0	    0.0	    0.0	    0.0	    0.0	    0.0	    0.0	    0.0	    0.0	  100.0	    0.0	    0.0	    0.0	    0.0	    0.0	   19.4	  1	  -50.0	 1250.0	    0.0	    0.0	    0.0	1	  977.1	 21	    0.0	    5.0	
  273	  27.30	    0.0	    0.0	    0.0	    0.0	    0.0	    0.0	    0.0	    0.0	    0.0	    0.0	    0.0	  100.0	    0.0	    0.0	    0.0	    0.0	    0.0	   19.5	  1	  -50.0	 1250.0	    0.0	    0.0	    0.0	1	  977.1	 21	    0.0	    5.0	
  274	  27.40	    0.0	    0.0	    0.0	    0.0	    0.0	    0.0	    0.0	    0.0	    0.0	    0.0	    0.0	  100.0	    0.0	    0.0	    0.0	    0.0	    0.0	   19.6	  1	  -50.0	 1250.0	    0.0	    0.0	    0.0	1	  977.1	 21	    0.0	    5.0	
  275	  27.50	    0.0	    0.0	    0.0	    0.0	    0.0	    0.0	    0.0	    0.0	    0.0	    0.0	    0.0	  100.0	    0.0	    0.0	    0.0	    0.0	    0.0	   19.6	  1	  -50.0	 1250.0	    0.0	    0.0	    0.0	1	  977.1	 21	    0.0	    5.0	
  276	  27.60	    0.0	    0.0	    0.0	    0.0	    0.0	    0.0	    0.0	    0.0	    0.0	    0.0	    0.0	  100.0	    0.0	    0.0	    0.0	    0.0	    0.0	   19.7	  1	  -50.0	 1250.0	    0.0	    0.0	    0.0	1	  977.1	 21	    0.0	    5.0	
  277	  27.70	    0.0	    0.0	    0.0	    0.0	    0.0	    0.0	    0.0	    0.0	    0.0	    0.0	    0.0	  100.0	    0.0	    0.0	    0.0	    0.0	    0.0	   19.8	  1	  -50.0	 1250.0	    0.0	    0.0	    0.0	1	  977.1	 21	    0.0	    5.0	
  278	  27.80	    0.0	    0.0	    0.0	    0.0	    0.0	    0.0	    0.0	    0.0	    0.0	    0.0	    0.0	  100.0	    0.0	    0.0	    0.0	    0.0	    0.0	   19.9	  1	  -50.0	 1250.0	    0.0	    0.0	    0.0	1	  977.1	 21	    0.0	    5.0	
  279	  27.90	    0.0	    0.0	    0.0	    0.0	    0.0	    0.0	    0.0	    0.0	    0.0	    0.0	    0.0	  100.0	    0.0	    0.0	    0.0	    0.0	    0.0	   19.9	  1	  -50.0	 1250.0	    0.0	    0.0	    0.0	1	  977.1	 21	    0.0	    5.0	
  280	  28.00	    0.0	    0.0	    0.0	    0.0	    0.0	    0.0	    0.0	    0.0	    0.0	    0.0	    0.0	  100.0	    0.0	    0.0	    0.0	    0.0	    0.0	   20.0	  1	  -50.0	 1250.0	    0.0	    0.0	    0.0	1	  977.1	 21	    0.0	    5.0	
  281	  28.10	    0.0	    0.0	    0.0	    0.0	    0.0	    0.0	    0.0	    0.0	    0.0	    0.0	    0.0	  100.0	    0.0	    0.0	    0.0	    0.0	    0.0	   20.1	  1	  -50.0	 1250.0	    0.0	    0.0	    0.0	1	  977.1	 21	    0.0	    5.0	
  282	  28.20	    0.0	    0.0	    0.0	    0.0	    0.0	    0.0	    0.0	    0.0	    0.0	    0.0	    0.0	  100.0	    0.0	    0.0	    0.0	    0.0	    0.0	   20.1	  1	  -50.0	 1250.0	    0.0	    0.0	    0.0	1	  977.1	 21	    0.0	    5.0	
  283	  28.30	    0.0	    0.0	    0.0	    0.0	    0.0	    0.0	    0.0	    0.0	    0.0	    0.0	    0.0	  100.0	    0.0	    0.0	    0.0	    0.0	    0.0	   20.2	  1	  -50.0	 1250.0	    0.0	    0.0	    0.0	1	  977.1	 21	    0.0	    5.0	
  284	  28.40	    0.0	    0.0	    0.0	    0.0	    0.0	    0.0	    0.0	    0.0	    0.0	    0.0	    0.0	  100.0	    0.0	    0.0	    0.0	    0.0	    0.0	   20.3	  1	  -50.0	 1250.0	    0.0	    0.0	    0.0	1	  977.1	 21	    0.0	    5.0	
  285	  28.50	    0.0	    0.0	    0.0	    0.0	    0.0	    0.0	    0.0	    0.0	    0.0	    0.0	    0.0	  100.0	    0.0	    0.0	    0.0	    0.0	    0.0	   20.4	  1	  -50.0	 1250.0	    0.0	    0.0	    0.0	1	  977.1	 21	    0.0	    5.0	
  286	  28.60	    0.0	    0.0	    0.0	    0.0	    0.0	    0.0	    0.0	    0.0	    0.0	    0.0	    0.0	  100.0	    0.0	    0.0	    0.0	    0.0	    0.0	   20.4	  1	  -50.0	 1250.0	    0.0	    0.0	    0.0	1	  977.1	 21	    0.0	    5.0	
  287	  28.70	    0.0	    0.0	    0.0	    0.0	    0.0	    0.0	    0.0	    0.0	    0.0	    0.0	    0.0	  100.0	    0.0	    0.0	    0.0	    0.0	    0.0	   20.5	  1	  -50.0	 1250.0	    0.0	    0.0	    0.0	1	  977.1	 21	    0.0	    5.0	
  288	  28.80	    0.0	    0.0	    0.0	    0.0	    0.0	    0.0	    0.0	    0.0	    0.0	    0.0	    0.0	  100.0	    0.0	    0.0	    0.0	    0.0	    0.0	   20.6	  1	  -50.0	 1250.0	    0.0	    0.0	    0.0	1	  977.1	 21	    0.0	    5.0	
  289	  28.90	    0.0	    0.0	    0.0	    0.0	    0.0	    0.0	    0.0	    0.0	    0.0	    0.0	    0.0	  100.0	    0.0	    0.0	    0.0	    0.0	    0.0	   20.6	  1	  -50.0	 1250.0	    0.0	    0.0	    0.0	1	  977.1	 21	    0.0	    5.0	
  290	  29.00	    0.0	    0.0	    0.0	    0.0	    0.0	    0.0	    0.0	    0.0	    0.0	    0.0	    0.0	  100.0	    0.0	    0.0	    0.0	    0.0	    0.0	   20.7	  1	  -50.0	 1250.0	    0.0	    0.0	    0.0	1	  977.1	 21	    0.0	    5.0	
  291	  29.10	    0.0	    0.0	    0.0	    0.0	    0.0	    0.0	    0.0	    0.0	    0.0	    0.0	    0.0	  100.0	    0.0	    0.0	    0.0	    0.0	    0.0	   20.8	  1	  -50.0	 1250.0	    0.0	    0.0	    0.0	1	  977.1	 21	    0.0	    5.0	
  292	  29.20	    0.0	    0.0	    0.0	    0.0	    0.0	    0.0	    0.0	    0.0	    0.0	    0.0	    0.0	  100.0	    0.0	    0.0	    0.0	    0.0	    0.0	   20.9	  1	  -50.0	 1250.0	    0.0	    0.0	    0.0	1	  977.1	 21	    0.0	    5.0	
  293	  29.30	    0.0	    0.0	    0.0	    0.0	    0.0	    0.0	    0.0	    0.0	    0.0	    0.0	    0.0	  100.0	    0.0	    0.0	    0.0	    0.0	    0.0	   20.9	  1	  -50.0	 1250.0	    0.0	    0.0	    0.0	1	  977.1	 21	    0.0	    5.0	
  294	  29.40	    0.0	    0.0	    0.0	    0.0	    0.0	    0.0	    0.0	    0.0	    0.0	    0.0	    0.0	  100.0	    0.0	    0.0	    0.0	    0.0	    0.0	   21.0	  1	  -50.0	 1250.0	    0.0	    0.0	    0.0	1	  977.1	 21	    0.0	    5.0	
  295	  29.50	    0.0	    0.0	    0.0	    0.0	    0.0	    0.0	    0.0	    0.0	    0.0	    0.0	    0.0	  100.0	    0.0	    0.0	    0.0	    0.0	    0.0	   21.1	  1	  -50.0	 1250.0	    0.0	    0.0	    0.0	1	  977.1	 21	    0.0	    5.0	
  296	  29.60	    0.0	    0.0	    0.0	    0.0	    0.0	    0.0	    0.0	    0.0	    0.0	    0.0	    0.0	  100.0	    0.0	    0.0	    0.0	    0.0	    0.0	   21.1	  1	  -50.0	 1250.0	    0.0	    0.0	    0.0	1	  977.1	 21	    0.0	    5.0	
  297	  29.70	    0.0	    0.0	    0.0	    0.0	    0.0	    0.0	    0.0	    0.0	    0.0	    0.0	    0.0	  100.0	    0.0	    0.0	    0.0	    0.0	    0.0	   21.2	  1	  -50.0	 1250.0	    0.0	    0.0	    0.0	1	  977.1	 21	    0.0	    5.0	
  298	  29.80	    0.0	    0.0	    0.0	    0.0	    0.0	    0.0	    0.0	    0.0	    0.0	    0.0	    0.0	  100.0	    0.0	    0.0	    0.0	    0.0	    0.0	   21.3	  1	  -50.0	 1250.0	    0.0	    0.0	    0.0	1	  977.1	 21	    0.0	    5.0	
  299	  29.90	    0.0	    0.0	    0.0	    0.0	    0.0	    0.0	    0.0	    0.0	    0.0	    0.0	    0.0	  100.0	    0.0	    0.0	    0.0	    0.0	    0.0	   21.4	  1	  -50.0	 1250.0	    0.0	    0.0	    0.0	1	  977.1	 21	    0.0	    5.0	
  300	  30.00	    0.0	    0.0	    0.0	    0.0	    0.0	    0.0	    0.0	    0.0	    0.0	    0.0	    0.0	  100.0	    0.0	    0.0	    0.0	    0.0	    0.0	   21.4	  1	  -50.0	 1250.0	    0.0	    0.0	    0.0	1	  977.1	 21	    0.0	    5.0	
  301	  30.10	    0.0	    0.0	    0.0	    0.0	    0.0	    0.0	    0.0	    0.0	    0.0	    0.0	    0.0	  100.0	    0.0	    0.0	    0.0	    0.0	    0.0	   21.5	  1	  -50.0	 1250.0	    0.0	    0.0	    0.0	1	  977.1	 21	    0.0	    5.0	
  302	  30.20	    0.0	    0.0	    0.0	    0.0	    0.0	    0.0	    0.0	    0.0	    0.0	    0.0	    0.0	  100.0	    0.0	    0.0	    0.0	    0.0	    0.0	   21.6	  1	  -50.0	 1250.0	    0.0	    0.0	    0.0	1	  977.1	 21	    0.0	    5.0	
  303	  30.30	    0.0	    0.0	    0.0	    0.0	    0.0	    0.0	    0.0	    0.0	    0.0	    0.0	    0.0	  100.0	    0.0	    0.0	    0.0	    0.0	    0.0	   21.6	  1	  -50.0	 1250.0	    0.0	    0.0	    0.0	1	  977.1	 21	    0.0	    5.0	
  304	  30.40	    0.0	    0.0	    0.0	    0.0	    0.0	    0.0	    0.0	    0.0	    0.0	    0.0	    0.0	  100.0	    0.0	    0.0	    0.0	    0.0	    0.0	   21.7	  1	  -50.0	 1250.0	    0.0	    0.0	    0.0	1	  977.1	 21	    0.0	    5.0	
  305	  30.50	    0.0	    0.0	    0.0	    0.0	    0.0	    0.0	    0.0	    0.0	    0.0	    0.0	    0.0	  100.0	    0.0	    0.0	    0.0	    0.0	    0.0	   21.8	  1	  -50.0	 1250.0	    0.0	    0.0	    0.0	1	  977.1	 21	    0.0	    5.0	
  306	  30.60	    0.0	    0.0	    0.0	    0.0	    0.0	    0.0	    0.0	    0.0	    0.0	    0.0	    0.0	  100.0	    0.0	    0.0	    0.0	    0.0	    0.0	   21.9	  1	  -50.0	 1250.0	    0.0	    0.0	    0.0	1	  977.1	 21	    0.0	    5.0	
  307	  30.70	    0.0	    0.0	    0.0	    0.0	    0.0	    0.0	    0.0	    0.0	    0.0	    0.0	    0.0	  100.0	    0.0	    0.0	    0.0	    0.0	    0.0	   21.9	  1	  -50.0	 1250.0	    0.0	    0.0	    0.0	1	  977.1	 21	    0.0	    5.0	
  308	  30.80	    0.0	    0.0	    0.0	    0.0	    0.0	    0.0	    0.0	    0.0	    0.0	    0.0	    0.0	  100.0	    0.0	    0.0	    0.0	    0.0	    0.0	   22.0	  1	  -50.0	 1250.0	    0.0	    0.0	    0.0	1	  977.1	 21	    0.0	    5.0	
  309	  30.90	    0.0	    0.0	    0.0	    0.0	    0.0	    0.0	    0.0	    0.0	    0.0	    0.0	    0.0	  100.0	    0.0	    0.0	    0.0	    0.0	    0.0	   22.1	  1	  -50.0	 1250.0	    0.0	    0.0	    0.0	1	  977.1	 21	    0.0	    5.0	
  310	  31.00	    0.0	    0.0	    0.0	    0.0	    0.0	    0.0	    0.0	    0.0	    0.0	    0.0	    0.0	  100.0	    0.0	    0.0	    0.0	    0.0	    0.0	   22.1	  1	  -50.0	 1250.0	    0.0	    0.0	    0.0	1	  977.1	 21	    0.0	    5.0	
  311	  31.10	    0.0	    0.0	    0.0	    0.0	    0.0	    0.0	    0.0	    0.0	    0.0	    0.0	    0.0	  100.0	    0.0	    0.0	    0.0	    0.0	    0.0	   22.2	  1	  -50.0	 1250.0	    0.0	    0.0	    0.0	1	  977.1	 21	    0.0	    5.0	
  312	  31.20	    0.0	    0.0	    0.0	    0.0	    0.0	    0.0	    0.0	    0.0	    0.0	    0.0	    0.0	  100.0	    0.0	    0.0	    0.0	    0.0	    0.0	   22.3	  1	  -50.0	 1250.0	    0.0	    0.0	    0.0	1	  977.1	 21	    0.0	    5.0	
  313	  31.30	    0.0	    0.0	    0.0	    0.0	    0.0	    0.0	    0.0	    0.0	    0.0	    0.0	    0.0	  100.0	    0.0	    0.0	    0.0	    0.0	    0.0	   22.4	  1	  -50.0	 1250.0	    0.0	    0.0	    0.0	1	  977.1	 21	    0.0	    5.0	
