    1	   0.10	    0.0	 1500.0	    0.0	    0.0	    0.0	    0.0	    0.0	    0.0	    0.0	    0.0	    0.0	  100.0	  100.0	    0.0	    0.0	    0.0	    0.0	    0.0	  1	-1000.0	  500.0	  100.0	    0.0	    0.0	1	  526.8	 21	 1371.8	  -28.2	
    2	   0.20	  -16.7	 1491.1	 -151.9	    0.0	    0.0	    0.0	    0.0	    0.0	    0.0	    0.0	    0.0	  100.0	   99.7	    0.0	    0.0	    0.0	    0.0	    0.1	  1	  -50.0	 1250.0	   99.7	    0.0	    0.0	1	  217.7	 21	 1390.2	   19.0	
    3	   0.30	  -22.9	 1457.2	  -96.1	    0.0	    0.0	    0.0	    0.0	    0.0	    0.0	    0.0	    0.0	  100.0	   99.5	    0.0	    0.0	    0.0	    0.0	    0.1	  1	  -50.0	 1250.0	   99.5	    0.0	    0.0	1	  181.5	 21	 1389.8	   19.0	
    4	   0.40	  -27.5	 1414.0	  -96.1	    0.0	    0.0	    0.0	    0.0	    0.0	    0.0	    0.0	    0.0	  100.0	   99.2	    0.0	    0.0	    0.0	    0.0	    0.1	  1	  -50.0	 1250.0	   99.2	    0.0	    0.0	1	  150.3	 21	 1389.4	   18.9	
    5	   0.50	  -32.5	 1379.3	  -98.4	    0.0	    0.0	    0.0	    0.0	    0.0	    0.0	    0.0	    0.0	  100.0	   98.9	    0.0	    0.0	    0.0	    0.0	    0.2	  1	  -50.0	 1250.0	   98.9	    0.0	    0.0	1	  117.3	 21	    0.0	    0.0	
    6	   0.60	  -35.8	 1350.4	  -96.2	    0.0	    0.0	    0.0	    0.0	    0.0	    0.0	    0.0	    0.0	  100.0	   98.6	    0.0	    0.0	    0.0	    0.0	    0.2	  1	  -50.0	 1250.0	   98.6	    0.0	    0.0	1	   90.0	 21	    0.0	    0.0	
    7	   0.70	  -36.1	 1347.0	  -98.1	    0.0	    0.0	    0.0	    0.0	    0.0	    0.0	    0.0	    0.0	  100.0	   98.3	    0.0	    0.0	    0.0	    0.0	    0.2	  1	  -50.0	 1250.0	   98.3	    0.0	    0.0	1	   87.2	 21	    0.0	    0.0	
    8	   0.80	  -36.1	 1347.0	  -98.1	    0.0	    0.0	    0.0	    0.0	    0.0	    0.0	    0.0	    0.0	  100.0	   98.0	    0.0	    0.0	    0.0	    0.0	    0.3	  1	  -50.0	 1250.0	   98.0	    0.0	    0.0	1	   87.2	 21	    0.0	    0.0	
    9	   0.90	  -36.1	 1347.0	  -98.1	    0.0	    0.0	    0.0	    0.0	    0.0	    0.0	    0.0	    0.0	  100.0	   97.7	    0.0	    0.0	    0.0	    0.0	    0.3	  1	  -50.0	 1250.0	   97.7	    0.0	    0.0	1	   87.2	 21	    0.0	    0.0	
   10	   1.00	  -36.1	 1347.0	  -98.1	    0.0	    0.0	    0.0	    0.0	    0.0	    0.0	    0.0	    0.0	  100.0	   97.4	    0.0	    0.0	    0.0	    0.0	    0.4	  1	  -50.0	 1250.0	   97.4	    0.0	    0.0	1	   87.2	 21	    0.0	    0.0	
   11	   1.10	  -36.1	 1347.0	  -98.1	    0.0	    0.0	    0.0	    0.0	    0.0	    0.0	    0.0	    0.0	  100.0	   97.1	    0.0	    0.0	    0.0	    0.0	    0.4	  1	  -50.0	 1250.0	   97.1	    0.0	    0.0	1	   87.2	 21	    0.0	    0.0	
   12	   1.20	  -36.1	 1347.0	  -98.1	    0.0	    0.0	    0.0	    0.0	    0.0	    0.0	    0.0	    0.0	  100.0	   96.8	    0.0	    0.0	    0.0	    0.0	    0.4	  1	  -50.0	 1250.0	   96.8	    0.0	    0.0	1	   87.2	 21	 1399.9	   20.0	
   13	   1.30	  -36.1	 1347.0	  -98.1	    0.0	    0.0	    0.0	    0.0	    0.0	    0.0	    0.0	    0.0	  100.0	   96.5	    0.0	    0.0	    0.0	    0.0	    0.5	  1	  -50.0	 1250.0	   96.5	    0.0	    0.0	1	   87.2	 21	 1399.4	   19.9	
   14	   1.40	  -36.1	 1347.0	  -98.1	    0.0	    0.0	    0.0	    0.0	    0.0	    0.0	    0.0	    0.0	  100.0	   96.2	    0.0	    0.0	    0.0	    0.0	    0.5	  1	  -50.0	 1250.0	   96.2	    0.0	    0.0	1	   87.2	 21	 1399.0	   19.9	
   15	   1.50	  -36.1	 1347.0	  -98.1	    0.0	    0.0	    0.0	    0.0	    0.0	    0.0	    0.0	    0.0	  100.0	   95.9	    0.0	    0.0	    0.0	    0.0	    0.5	  1	  -50.0	 1250.0	   95.9	    0.0	    0.0	1	   87.2	 21	 1398.5	   19.9	
   16	   1.60	  -36.1	 1347.0	  -98.1	    0.0	    0.0	    0.0	    0.0	    0.0	    0.0	    0.0	    0.0	  100.0	   95.6	    0.0	    0.0	    0.0	    0.0	    0.6	  1	  -50.0	 1250.0	   95.6	    0.0	    0.0	1	   87.2	 21	 1398.0	   19.8	
   17	   1.70	  -36.1	 1347.0	  -98.1	    0.0	    0.0	    0.0	    0.0	    0.0	    0.0	    0.0	    0.0	  100.0	   95.3	    0.0	    0.0	    0.0	    0.0	    0.6	  1	  -50.0	 1250.0	   95.3	    0.0	    0.0	1	   87.2	 21	 1397.6	   19.8	
   18	   1.80	  -36.1	 1347.0	  -98.1	    0.0	    0.0	    0.0	    0.0	    0.0	    0.0	    0.0	    0.0	  100.0	   95.0	    0.0	    0.0	    0.0	    0.0	    0.7	  1	  -50.0	 1250.0	   95.0	    0.0	    0.0	1	   87.2	 21	 1397.1	   19.7	
   19	   1.90	  -36.1	 1347.0	  -98.1	    0.0	    0.0	    0.0	    0.0	    0.0	    0.0	    0.0	    0.0	  100.0	   94.8	    0.0	    0.0	    0.0	    0.0	    0.7	  1	  -50.0	 1250.0	   94.8	    0.0	    0.0	1	   87.2	 21	 1396.7	   19.7	
   20	   2.00	  -36.1	 1347.0	  -98.1	    0.0	    0.0	    0.0	    0.0	    0.0	    0.0	    0.0	    0.0	  100.0	   94.5	    0.0	    0.0	    0.0	    0.0	    0.7	  1	  -50.0	 1250.0	   94.5	    0.0	    0.0	1	   87.2	 21	 1396.2	   19.6	
   21	   2.10	  -36.1	 1347.0	  -98.1	    0.0	    0.0	    0.0	    0.0	    0.0	    0.0	    0.0	    0.0	  100.0	   94.2	    0.0	    0.0	    0.0	    0.0	    0.8	  1	  -50.0	 1250.0	   94.2	    0.0	    0.0	1	   87.2	 21	 1395.7	   19.6	
   22	   2.20	  -36.1	 1347.0	  -98.1	    0.0	    0.0	    0.0	    0.0	    0.0	    0.0	    0.0	    0.0	  100.0	   93.9	    0.0	    0.0	    0.0	    0.0	    0.8	  1	  -50.0	 1250.0	   93.9	    0.0	    0.0	1	   87.2	 21	 1395.3	   19.5	
   23	   2.30	  -36.1	 1347.0	  -98.1	    0.0	    0.0	    0.0	    0.0	    0.0	    0.0	    0.0	    0.0	  100.0	   93.6	    0.0	    0.0	    0.0	    0.0	    0.8	  1	  -50.0	 1250.0	   93.6	    0.0	    0.0	1	   87.2	 21	 1394.8	   19.5	
   24	   2.40	  -36.1	 1347.0	  -98.1	    0.0	    0.0	    0.0	    0.0	    0.0	    0.0	    0.0	    0.0	  100.0	   93.3	    0.0	    0.0	    0.0	    0.0	    0.9	  1	  -50.0	 1250.0	   93.3	    0.0	    0.0	1	   87.2	 21	 1394.3	   19.4	
   25	   2.50	  -36.1	 1347.0	  -98.1	    0.0	    0.0	    0.0	    0.0	    0.0	    0.0	    0.0	    0.0	  100.0	   93.0	    0.0	    0.0	    0.0	    0.0	    0.9	  1	  -50.0	 1250.0	   93.0	    0.0	    0.0	1	   87.2	 21	 1393.9	   19.4	
   26	   2.60	  -36.1	 1347.0	  -98.1	    0.0	    0.0	    0.0	    0.0	    0.0	    0.0	    0.0	    0.0	  100.0	   92.7	    0.0	    0.0	    0.0	    0.0	    0.9	  1	  -50.0	 1250.0	   92.7	    0.0	    0.0	1	   87.2	 21	 1393.4	   19.3	
   27	   2.70	  -36.1	 1347.0	  -98.1	    0.0	    0.0	    0.0	    0.0	    0.0	    0.0	    0.0	    0.0	  100.0	   92.4	    0.0	    0.0	    0.0	    0.0	    1.0	  1	  -50.0	 1250.0	   92.4	    0.0	    0.0	1	   87.2	 21	 1392.9	   19.3	
   28	   2.80	  -36.1	 1347.0	  -98.1	    0.0	    0.0	    0.0	    0.0	    0.0	    0.0	    0.0	    0.0	  100.0	   92.1	    0.0	    0.0	    0.0	    0.0	    1.0	  1	  -50.0	 1250.0	   92.1	    0.0	    0.0	1	   87.2	 21	 1392.5	   19.2	
   29	   2.90	  -36.1	 1347.0	  -98.1	    0.0	    0.0	    0.0	    0.0	    0.0	    0.0	    0.0	    0.0	  100.0	   91.8	    0.0	    0.0	    0.0	    0.0	    1.1	  1	  -50.0	 1250.0	   91.8	    0.0	    0.0	1	   87.2	 21	 1392.0	   19.2	
   30	   3.00	  -36.1	 1347.0	  -98.1	    0.0	    0.0	    0.0	    0.0	    0.0	    0.0	    0.0	    0.0	  100.0	   91.5	    0.0	    0.0	    0.0	    0.0	    1.1	  1	  -50.0	 1250.0	   91.5	    0.0	    0.0	1	   87.2	 21	 1391.5	   19.2	
   31	   3.10	  -36.1	 1347.0	  -98.1	    0.0	    0.0	    0.0	    0.0	    0.0	    0.0	    0.0	    0.0	  100.0	   91.2	    0.0	    0.0	    0.0	    0.0	    1.1	  1	  -50.0	 1250.0	   91.2	    0.0	    0.0	1	   87.2	 21	 1391.1	   19.1	
   32	   3.20	  -36.1	 1347.0	  -98.1	    0.0	    0.0	    0.0	    0.0	    0.0	    0.0	    0.0	    0.0	  100.0	   90.9	    0.0	    0.0	    0.0	    0.0	    1.2	  1	  -50.0	 1250.0	   90.9	    0.0	    0.0	1	   87.2	 21	 1390.6	   19.1	
   33	   3.30	  -36.1	 1347.0	  -98.1	    0.0	    0.0	    0.0	    0.0	    0.0	    0.0	    0.0	    0.0	  100.0	   90.6	    0.0	    0.0	    0.0	    0.0	    1.2	  1	  -50.0	 1250.0	   90.6	    0.0	    0.0	1	   87.2	 21	 1390.2	   19.0	
   34	   3.40	  -36.1	 1347.0	  -98.1	    0.0	    0.0	    0.0	    0.0	    0.0	    0.0	    0.0	    0.0	  100.0	   90.3	    0.0	    0.0	    0.0	    0.0	    1.2	  1	  -50.0	 1250.0	   90.3	    0.0	    0.0	1	   87.2	 21	 1389.7	   19.0	
   35	   3.50	  -36.1	 1347.0	  -98.1	    0.0	    0.0	    0.0	    0.0	    0.0	    0.0	    0.0	    0.0	  100.0	   90.0	    0.0	    0.0	    0.0	    0.0	    1.3	  1	  -50.0	 1250.0	   90.0	    0.0	    0.0	1	   87.2	 21	 1389.2	   18.9	
   36	   3.60	  -36.1	 1347.0	  -98.1	    0.0	    0.0	    0.0	    0.0	    0.0	    0.0	    0.0	    0.0	  100.0	   89.7	    0.0	    0.0	    0.0	    0.0	    1.3	  1	  -50.0	 1250.0	   89.7	    0.0	    0.0	1	   87.2	 21	 1388.8	   18.9	
   37	   3.70	  -36.1	 1347.0	  -98.1	    0.0	    0.0	    0.0	    0.0	    0.0	    0.0	    0.0	    0.0	  100.0	   89.4	    0.0	    0.0	    0.0	    0.0	    1.4	  1	  -50.0	 1250.0	   89.4	    0.0	    0.0	1	   87.2	 21	 1388.3	   18.8	
   38	   3.80	  -36.1	 1347.0	  -98.1	    0.0	    0.0	    0.0	    0.0	    0.0	    0.0	    0.0	    0.0	  100.0	   89.1	    0.0	    0.0	    0.0	    0.0	    1.4	  1	  -50.0	 1250.0	   89.1	    0.0	    0.0	1	   87.2	 21	 1387.8	   18.8	
   39	   3.90	  -36.1	 1347.0	  -98.1	    0.0	    0.0	    0.0	    0.0	    0.0	    0.0	    0.0	    0.0	  100.0	   88.8	    0.0	    0.0	    0.0	    0.0	    1.4	  1	  -50.0	 1250.0	   88.8	    0.0	    0.0	1	   87.2	 21	 1387.4	   18.7	
   40	   4.00	  -36.1	 1347.0	  -98.1	    0.0	    0.0	    0.0	    0.0	    0.0	    0.0	    0.0	    0.0	  100.0	   88.5	    0.0	    0.0	    0.0	    0.0	    1.5	  1	  -50.0	 1250.0	   88.5	    0.0	    0.0	1	   87.2	 21	 1386.9	   18.7	
   41	   4.10	  -36.1	 1347.0	  -98.1	    0.0	    0.0	    0.0	    0.0	    0.0	    0.0	    0.0	    0.0	  100.0	   88.2	    0.0	    0.0	    0.0	    0.0	    1.5	  1	  -50.0	 1250.0	   88.2	    0.0	    0.0	1	   87.2	 21	 1386.4	   18.6	
   42	   4.20	  -36.1	 1347.0	  -98.1	    0.0	    0.0	    0.0	    0.0	    0.0	    0.0	    0.0	    0.0	  100.0	   87.9	    0.0	    0.0	    0.0	    0.0	    1.5	  1	  -50.0	 1250.0	   87.9	    0.0	    0.0	1	   87.2	 21	 1386.0	   18.6	
   43	   4.30	  -36.1	 1347.0	  -98.1	    0.0	    0.0	    0.0	    0.0	    0.0	    0.0	    0.0	    0.0	  100.0	   87.6	    0.0	    0.0	    0.0	    0.0	    1.6	  1	  -50.0	 1250.0	   87.6	    0.0	    0.0	1	   87.2	 21	 1385.5	   18.6	
   44	   4.40	  -36.1	 1347.0	  -98.1	    0.0	    0.0	    0.0	    0.0	    0.0	    0.0	    0.0	    0.0	  100.0	   87.3	    0.0	    0.0	    0.0	    0.0	    1.6	  1	  -50.0	 1250.0	   87.3	    0.0	    0.0	1	   87.2	 21	 1385.0	   18.5	
   45	   4.50	  -36.1	 1347.0	  -98.1	    0.0	    0.0	    0.0	    0.0	    0.0	    0.0	    0.0	    0.0	  100.0	   87.0	    0.0	    0.0	    0.0	    0.0	    1.7	  1	  -50.0	 1250.0	   87.0	    0.0	    0.0	1	   87.2	 21	 1384.6	   18.5	
   46	   4.60	  -36.1	 1347.0	  -98.1	    0.0	    0.0	    0.0	    0.0	    0.0	    0.0	    0.0	    0.0	  100.0	   86.7	    0.0	    0.0	    0.0	    0.0	    1.7	  1	  -50.0	 1250.0	   86.7	    0.0	    0.0	1	   87.2	 21	 1384.1	   18.4	
   47	   4.70	  -36.1	 1347.0	  -98.1	    0.0	    0.0	    0.0	    0.0	    0.0	    0.0	    0.0	    0.0	  100.0	   86.4	    0.0	    0.0	    0.0	    0.0	    1.7	  1	  -50.0	 1250.0	   86.4	    0.0	    0.0	1	   87.2	 21	 1383.7	   18.4	
   48	   4.80	  -36.1	 1347.0	  -98.1	    0.0	    0.0	    0.0	    0.0	    0.0	    0.0	    0.0	    0.0	  100.0	   86.1	    0.0	    0.0	    0.0	    0.0	    1.8	  1	  -50.0	 1250.0	   86.1	    0.0	    0.0	1	   87.2	 21	 1383.2	   18.3	
   49	   4.90	  -36.1	 1347.0	  -98.1	    0.0	    0.0	    0.0	    0.0	    0.0	    0.0	    0.0	    0.0	  100.0	   85.8	    0.0	    0.0	    0.0	    0.0	    1.8	  1	  -50.0	 1250.0	   85.8	    0.0	    0.0	1	   87.2	 21	 1382.7	   18.3	
   50	   5.00	  -36.1	 1347.0	  -98.1	    0.0	    0.0	    0.0	    0.0	    0.0	    0.0	    0.0	    0.0	  100.0	   85.5	    0.0	    0.0	    0.0	    0.0	    1.8	  1	  -50.0	 1250.0	   85.5	    0.0	    0.0	1	   87.2	 21	 1382.3	   18.2	
   51	   5.10	  -36.1	 1347.0	  -98.1	    0.0	    0.0	    0.0	    0.0	    0.0	    0.0	    0.0	    0.0	  100.0	   85.3	    0.0	    0.0	    0.0	    0.0	    1.9	  1	  -50.0	 1250.0	   85.3	    0.0	    0.0	1	   87.2	 21	 1381.8	   18.2	
   52	   5.20	  -36.1	 1347.0	  -98.1	    0.0	    0.0	    0.0	    0.0	    0.0	    0.0	    0.0	    0.0	  100.0	   85.0	    0.0	    0.0	    0.0	    0.0	    1.9	  1	  -50.0	 1250.0	   85.0	    0.0	    0.0	1	   87.2	 21	 1381.3	   18.1	
   53	   5.30	  -36.1	 1347.0	  -98.1	    0.0	    0.0	    0.0	    0.0	    0.0	    0.0	    0.0	    0.0	  100.0	   84.7	    0.0	    0.0	    0.0	    0.0	    1.9	  1	  -50.0	 1250.0	   84.7	    0.0	    0.0	1	   87.2	 21	 1380.9	   18.1	
   54	   5.40	  -36.1	 1347.0	  -98.1	    0.0	    0.0	    0.0	    0.0	    0.0	    0.0	    0.0	    0.0	  100.0	   84.4	    0.0	    0.0	    0.0	    0.0	    2.0	  1	  -50.0	 1250.0	   84.4	    0.0	    0.0	1	   87.2	 21	 1380.4	   18.0	
   55	   5.50	  -36.1	 1347.0	  -98.1	    0.0	    0.0	    0.0	    0.0	    0.0	    0.0	    0.0	    0.0	  100.0	   84.1	    0.0	    0.0	    0.0	    0.0	    2.0	  1	  -50.0	 1250.0	   84.1	    0.0	    0.0	1	   87.2	 21	 1379.9	   18.0	
   56	   5.60	  -36.1	 1347.0	  -98.1	    0.0	    0.0	    0.0	    0.0	    0.0	    0.0	    0.0	    0.0	  100.0	   83.8	    0.0	    0.0	    0.0	    0.0	    2.1	  1	  -50.0	 1250.0	   83.8	    0.0	    0.0	1	   87.2	 21	 1379.5	   17.9	
   57	   5.70	  -36.1	 1347.0	  -98.1	    0.0	    0.0	    0.0	    0.0	    0.0	    0.0	    0.0	    0.0	  100.0	   83.5	    0.0	    0.0	    0.0	    0.0	    2.1	  1	  -50.0	 1250.0	   83.5	    0.0	    0.0	1	   87.2	 21	 1379.0	   17.9	
   58	   5.80	  -36.1	 1347.0	  -98.1	    0.0	    0.0	    0.0	    0.0	    0.0	    0.0	    0.0	    0.0	  100.0	   83.2	    0.0	    0.0	    0.0	    0.0	    2.1	  1	  -50.0	 1250.0	   83.2	    0.0	    0.0	1	   87.2	 21	 1378.5	   17.9	
   59	   5.90	  -36.1	 1347.0	  -98.1	    0.0	    0.0	    0.0	    0.0	    0.0	    0.0	    0.0	    0.0	  100.0	   82.9	    0.0	    0.0	    0.0	    0.0	    2.2	  1	  -50.0	 1250.0	   82.9	    0.0	    0.0	1	   87.2	 21	 1378.1	   17.8	
   60	   6.00	  -36.1	 1347.0	  -98.1	    0.0	    0.0	    0.0	    0.0	    0.0	    0.0	    0.0	    0.0	  100.0	   82.6	    0.0	    0.0	    0.0	    0.0	    2.2	  1	  -50.0	 1250.0	   82.6	    0.0	    0.0	1	   87.2	 21	 1377.6	   17.8	
   61	   6.10	  -36.1	 1347.0	  -98.1	    0.0	    0.0	    0.0	    0.0	    0.0	    0.0	    0.0	    0.0	  100.0	   82.3	    0.0	    0.0	    0.0	    0.0	    2.2	  1	  -50.0	 1250.0	   82.3	    0.0	    0.0	1	   87.2	 21	 1377.2	   17.7	
   62	   6.20	  -36.1	 1347.0	  -98.1	    0.0	    0.0	    0.0	    0.0	    0.0	    0.0	    0.0	    0.0	  100.0	   82.0	    0.0	    0.0	    0.0	    0.0	    2.3	  1	  -50.0	 1250.0	   82.0	    0.0	    0.0	1	   87.2	 21	 1376.7	   17.7	
   63	   6.30	  -36.1	 1347.0	  -98.1	    0.0	    0.0	    0.0	    0.0	    0.0	    0.0	    0.0	    0.0	  100.0	   81.7	    0.0	    0.0	    0.0	    0.0	    2.3	  1	  -50.0	 1250.0	   81.7	    0.0	    0.0	1	   87.2	 21	 1376.2	   17.6	
   64	   6.40	  -36.1	 1347.0	  -98.1	    0.0	    0.0	    0.0	    0.0	    0.0	    0.0	    0.0	    0.0	  100.0	   81.4	    0.0	    0.0	    0.0	    0.0	    2.4	  1	  -50.0	 1250.0	   81.4	    0.0	    0.0	1	   87.2	 21	 1375.8	   17.6	
   65	   6.50	  -36.1	 1347.0	  -98.1	    0.0	    0.0	    0.0	    0.0	    0.0	    0.0	    0.0	    0.0	  100.0	   81.1	    0.0	    0.0	    0.0	    0.0	    2.4	  1	  -50.0	 1250.0	   81.1	    0.0	    0.0	1	   87.2	 21	 1375.3	   17.5	
   66	   6.60	  -36.1	 1347.0	  -98.1	    0.0	    0.0	    0.0	    0.0	    0.0	    0.0	    0.0	    0.0	  100.0	   80.8	    0.0	    0.0	    0.0	    0.0	    2.4	  1	  -50.0	 1250.0	   80.8	    0.0	    0.0	1	   87.2	 21	 1374.8	   17.5	
   67	   6.70	  -36.1	 1347.0	  -98.1	    0.0	    0.0	    0.0	    0.0	    0.0	    0.0	    0.0	    0.0	  100.0	   80.5	    0.0	    0.0	    0.0	    0.0	    2.5	  1	  -50.0	 1250.0	   80.5	    0.0	    0.0	1	   87.2	 21	 1374.4	   17.4	
   68	   6.80	  -36.1	 1347.0	  -98.1	    0.0	    0.0	    0.0	    0.0	    0.0	    0.0	    0.0	    0.0	  100.0	   80.2	    0.0	    0.0	    0.0	    0.0	    2.5	  1	  -50.0	 1250.0	   80.2	    0.0	    0.0	1	   87.2	 21	 1373.9	   17.4	
   69	   6.90	  -36.1	 1347.0	  -98.1	    0.0	    0.0	    0.0	    0.0	    0.0	    0.0	    0.0	    0.0	  100.0	   79.9	    0.0	    0.0	    0.0	    0.0	    2.5	  1	  -50.0	 1250.0	   79.9	    0.0	    0.0	1	   87.2	 21	 1373.4	   17.3	
   70	   7.00	  -36.1	 1347.0	  -98.1	    0.0	    0.0	    0.0	    0.0	    0.0	    0.0	    0.0	    0.0	  100.0	   79.6	    0.0	    0.0	    0.0	    0.0	    2.6	  1	  -50.0	 1250.0	   79.6	    0.0	    0.0	1	   87.2	 21	 1373.0	   17.3	
   71	   7.10	  -36.1	 1347.0	  -98.1	    0.0	    0.0	    0.0	    0.0	    0.0	    0.0	    0.0	    0.0	  100.0	   79.3	    0.0	    0.0	    0.0	    0.0	    2.6	  1	  -50.0	 1250.0	   79.3	    0.0	    0.0	1	   87.2	 21	 1372.5	   17.3	
   72	   7.20	  -36.1	 1347.0	  -98.1	    0.0	    0.0	    0.0	    0.0	    0.0	    0.0	    0.0	    0.0	  100.0	   79.0	    0.0	    0.0	    0.0	    0.0	    2.7	  1	  -50.0	 1250.0	   79.0	    0.0	    0.0	1	   87.2	 21	 1372.0	   17.2	
   73	   7.30	  -36.1	 1347.0	  -98.1	    0.0	    0.0	    0.0	    0.0	    0.0	    0.0	    0.0	    0.0	  100.0	   78.7	    0.0	    0.0	    0.0	    0.0	    2.7	  1	  -50.0	 1250.0	   78.7	    0.0	    0.0	1	   87.2	 21	 1371.6	   17.2	
   74	   7.40	  -36.1	 1347.0	  -98.1	    0.0	    0.0	    0.0	    0.0	    0.0	    0.0	    0.0	    0.0	  100.0	   78.4	    0.0	    0.0	    0.0	    0.0	    2.7	  1	  -50.0	 1250.0	   78.4	    0.0	    0.0	1	   87.2	 21	 1371.1	   17.1	
   75	   7.50	  -36.1	 1347.0	  -98.1	    0.0	    0.0	    0.0	    0.0	    0.0	    0.0	    0.0	    0.0	  100.0	   78.1	    0.0	    0.0	    0.0	    0.0	    2.8	  1	  -50.0	 1250.0	   78.1	    0.0	    0.0	1	   87.2	 21	 1370.6	   17.1	
   76	   7.60	  -36.1	 1347.0	  -98.1	    0.0	    0.0	    0.0	    0.0	    0.0	    0.0	    0.0	    0.0	  100.0	   77.8	    0.0	    0.0	    0.0	    0.0	    2.8	  1	  -50.0	 1250.0	   77.8	    0.0	    0.0	1	   87.2	 21	 1370.2	   17.0	
   77	   7.70	  -36.1	 1347.0	  -98.1	    0.0	    0.0	    0.0	    0.0	    0.0	    0.0	    0.0	    0.0	  100.0	   77.5	    0.0	    0.0	    0.0	    0.0	    2.8	  1	  -50.0	 1250.0	   77.5	    0.0	    0.0	1	   87.2	 21	 1369.7	   17.0	
   78	   7.80	  -36.1	 1347.0	  -98.1	    0.0	    0.0	    0.0	    0.0	    0.0	    0.0	    0.0	    0.0	  100.0	   77.2	    0.0	    0.0	    0.0	    0.0	    2.9	  1	  -50.0	 1250.0	   77.2	    0.0	    0.0	1	   87.2	 21	 1369.3	   16.9	
   79	   7.90	  -36.1	 1347.0	  -98.1	    0.0	    0.0	    0.0	    0.0	    0.0	    0.0	    0.0	    0.0	  100.0	   76.9	    0.0	    0.0	    0.0	    0.0	    2.9	  1	  -50.0	 1250.0	   76.9	    0.0	    0.0	1	   87.2	 21	 1368.8	   16.9	
   80	   8.00	  -36.1	 1347.0	  -98.1	    0.0	    0.0	    0.0	    0.0	    0.0	    0.0	    0.0	    0.0	  100.0	   76.6	    0.0	    0.0	    0.0	    0.0	    2.9	  1	  -50.0	 1250.0	   76.6	    0.0	    0.0	1	   87.2	 21	 1368.3	   16.8	
   81	   8.10	  -36.1	 1347.0	  -98.1	    0.0	    0.0	    0.0	    0.0	    0.0	    0.0	    0.0	    0.0	  100.0	   76.3	    0.0	    0.0	    0.0	    0.0	    3.0	  1	  -50.0	 1250.0	   76.3	    0.0	    0.0	1	   87.2	 21	 1367.9	   16.8	
   82	   8.20	  -36.1	 1347.0	  -98.1	    0.0	    0.0	    0.0	    0.0	    0.0	    0.0	    0.0	    0.0	  100.0	   76.0	    0.0	    0.0	    0.0	    0.0	    3.0	  1	  -50.0	 1250.0	   76.0	    0.0	    0.0	1	   87.2	 21	 1367.4	   16.7	
   83	   8.30	  -36.1	 1347.0	  -98.1	    0.0	    0.0	    0.0	    0.0	    0.0	    0.0	    0.0	    0.0	  100.0	   75.7	    0.0	    0.0	    0.0	    0.0	    3.1	  1	  -50.0	 1250.0	   75.7	    0.0	    0.0	1	   87.2	 21	 1366.9	   16.7	
   84	   8.40	  -36.1	 1347.0	  -98.1	    0.0	    0.0	    0.0	    0.0	    0.0	    0.0	    0.0	    0.0	  100.0	   75.5	    0.0	    0.0	    0.0	    0.0	    3.1	  1	  -50.0	 1250.0	   75.5	    0.0	    0.0	1	   87.2	 21	 1366.5	   16.6	
   85	   8.50	  -36.1	 1347.0	  -98.1	    0.0	    0.0	    0.0	    0.0	    0.0	    0.0	    0.0	    0.0	  100.0	   75.2	    0.0	    0.0	    0.0	    0.0	    3.1	  1	  -50.0	 1250.0	   75.2	    0.0	    0.0	1	   87.2	 21	 1366.0	   16.6	
   86	   8.60	  -36.1	 1347.0	  -98.1	    0.0	    0.0	    0.0	    0.0	    0.0	    0.0	    0.0	    0.0	  100.0	   74.9	    0.0	    0.0	    0.0	    0.0	    3.2	  1	  -50.0	 1250.0	   74.9	    0.0	    0.0	1	   87.2	 21	 1365.5	   16.6	
   87	   8.70	  -36.1	 1347.0	  -98.1	    0.0	    0.0	    0.0	    0.0	    0.0	    0.0	    0.0	    0.0	  100.0	   74.6	    0.0	    0.0	    0.0	    0.0	    3.2	  1	  -50.0	 1250.0	   74.6	    0.0	    0.0	1	   87.2	 21	 1365.1	   16.5	
   88	   8.80	  -36.1	 1347.0	  -98.1	    0.0	    0.0	    0.0	    0.0	    0.0	    0.0	    0.0	    0.0	  100.0	   74.3	    0.0	    0.0	    0.0	    0.0	    3.2	  1	  -50.0	 1250.0	   74.3	    0.0	    0.0	1	   87.2	 21	 1364.6	   16.5	
   89	   8.90	  -36.1	 1347.0	  -98.1	    0.0	    0.0	    0.0	    0.0	    0.0	    0.0	    0.0	    0.0	  100.0	   74.0	    0.0	    0.0	    0.0	    0.0	    3.3	  1	  -50.0	 1250.0	   74.0	    0.0	    0.0	1	   87.2	 21	 1364.1	   16.4	
   90	   9.00	  -36.1	 1347.0	  -98.1	    0.0	    0.0	    0.0	    0.0	    0.0	    0.0	    0.0	    0.0	  100.0	   73.7	    0.0	    0.0	    0.0	    0.0	    3.3	  1	  -50.0	 1250.0	   73.7	    0.0	    0.0	1	   87.2	 21	 1363.7	   16.4	
   91	   9.10	  -36.1	 1347.0	  -98.1	    0.0	    0.0	    0.0	    0.0	    0.0	    0.0	    0.0	    0.0	  100.0	   73.4	    0.0	    0.0	    0.0	    0.0	    3.4	  1	  -50.0	 1250.0	   73.4	    0.0	    0.0	1	   87.2	 21	 1363.2	   16.3	
   92	   9.20	  -36.1	 1347.0	  -98.1	    0.0	    0.0	    0.0	    0.0	    0.0	    0.0	    0.0	    0.0	  100.0	   73.1	    0.0	    0.0	    0.0	    0.0	    3.4	  1	  -50.0	 1250.0	   73.1	    0.0	    0.0	1	   87.2	 21	 1362.8	   16.3	
   93	   9.30	  -36.1	 1347.0	  -98.1	    0.0	    0.0	    0.0	    0.0	    0.0	    0.0	    0.0	    0.0	  100.0	   72.8	    0.0	    0.0	    0.0	    0.0	    3.4	  1	  -50.0	 1250.0	   72.8	    0.0	    0.0	1	   87.2	 21	 1362.3	   16.2	
   94	   9.40	  -36.1	 1347.0	  -98.1	    0.0	    0.0	    0.0	    0.0	    0.0	    0.0	    0.0	    0.0	  100.0	   72.5	    0.0	    0.0	    0.0	    0.0	    3.5	  1	  -50.0	 1250.0	   72.5	    0.0	    0.0	1	   87.2	 21	 1361.8	   16.2	
   95	   9.50	  -36.1	 1347.0	  -98.1	    0.0	    0.0	    0.0	    0.0	    0.0	    0.0	    0.0	    0.0	  100.0	   72.2	    0.0	    0.0	    0.0	    0.0	    3.5	  1	  -50.0	 1250.0	   72.2	    0.0	    0.0	1	   87.2	 21	 1361.4	   16.1	
   96	   9.60	  -36.1	 1347.0	  -98.1	    0.0	    0.0	    0.0	    0.0	    0.0	    0.0	    0.0	    0.0	  100.0	   71.9	    0.0	    0.0	    0.0	    0.0	    3.5	  1	  -50.0	 1250.0	   71.9	    0.0	    0.0	1	   87.2	 21	 1360.9	   16.1	
   97	   9.70	  -36.1	 1347.0	  -98.1	    0.0	    0.0	    0.0	    0.0	    0.0	    0.0	    0.0	    0.0	  100.0	   71.6	    0.0	    0.0	    0.0	    0.0	    3.6	  1	  -50.0	 1250.0	   71.6	    0.0	    0.0	1	   87.2	 21	 1360.4	   16.0	
   98	   9.80	  -36.1	 1347.0	  -98.1	    0.0	    0.0	    0.0	    0.0	    0.0	    0.0	    0.0	    0.0	  100.0	   71.3	    0.0	    0.0	    0.0	    0.0	    3.6	  1	  -50.0	 1250.0	   71.3	    0.0	    0.0	1	   87.2	 21	 1360.0	   16.0	
   99	   9.90	  -36.1	 1347.0	  -98.1	    0.0	    0.0	    0.0	    0.0	    0.0	    0.0	    0.0	    0.0	  100.0	   71.0	    0.0	    0.0	    0.0	    0.0	    3.7	  1	  -50.0	 1250.0	   71.0	    0.0	    0.0	1	   87.2	 21	 1359.5	   16.0	
  100	  10.00	  -36.1	 1347.0	  -98.1	    0.0	    0.0	    0.0	    0.0	    0.0	    0.0	    0.0	    0.0	  100.0	   70.7	    0.0	    0.0	    0.0	    0.0	    3.7	  1	  -50.0	 1250.0	   70.7	    0.0	    0.0	1	   87.2	 21	 1359.0	   15.9	
  101	  10.10	  -36.1	 1347.0	  -98.1	    0.0	    0.0	    0.0	    0.0	    0.0	    0.0	    0.0	    0.0	  100.0	   70.4	    0.0	    0.0	    0.0	    0.0	    3.7	  1	  -50.0	 1250.0	   70.4	    0.0	    0.0	1	   87.2	 21	 1358.6	   15.9	
  102	  10.20	  -36.1	 1347.0	  -98.1	    0.0	    0.0	    0.0	    0.0	    0.0	    0.0	    0.0	    0.0	  100.0	   70.1	    0.0	    0.0	    0.0	    0.0	    3.8	  1	  -50.0	 1250.0	   70.1	    0.0	    0.0	1	   87.2	 21	 1358.1	   15.8	
  103	  10.30	  -36.1	 1347.0	  -98.1	    0.0	    0.0	    0.0	    0.0	    0.0	    0.0	    0.0	    0.0	  100.0	   69.8	    0.0	    0.0	    0.0	    0.0	    3.8	  1	  -50.0	 1250.0	   69.8	    0.0	    0.0	1	   87.2	 21	 1357.6	   15.8	
  104	  10.40	  -36.1	 1347.0	  -98.1	    0.0	    0.0	    0.0	    0.0	    0.0	    0.0	    0.0	    0.0	  100.0	   69.5	    0.0	    0.0	    0.0	    0.0	    3.8	  1	  -50.0	 1250.0	   69.5	    0.0	    0.0	1	   87.2	 21	 1357.2	   15.7	
  105	  10.50	  -36.1	 1347.0	  -98.1	    0.0	    0.0	    0.0	    0.0	    0.0	    0.0	    0.0	    0.0	  100.0	   69.2	    0.0	    0.0	    0.0	    0.0	    3.9	  1	  -50.0	 1250.0	   69.2	    0.0	    0.0	1	   87.2	 21	 1356.7	   15.7	
  106	  10.60	  -36.1	 1347.0	  -98.1	    0.0	    0.0	    0.0	    0.0	    0.0	    0.0	    0.0	    0.0	  100.0	   68.9	    0.0	    0.0	    0.0	    0.0	    3.9	  1	  -50.0	 1250.0	   68.9	    0.0	    0.0	1	   87.2	 21	 1356.3	   15.6	
  107	  10.70	  -36.1	 1347.0	  -98.1	    0.0	    0.0	    0.0	    0.0	    0.0	    0.0	    0.0	    0.0	  100.0	   68.6	    0.0	    0.0	    0.0	    0.0	    3.9	  1	  -50.0	 1250.0	   68.6	    0.0	    0.0	1	   87.2	 21	 1355.8	   15.6	
  108	  10.80	  -36.1	 1347.0	  -98.1	    0.0	    0.0	    0.0	    0.0	    0.0	    0.0	    0.0	    0.0	  100.0	   68.3	    0.0	    0.0	    0.0	    0.0	    4.0	  1	  -50.0	 1250.0	   68.3	    0.0	    0.0	1	   87.2	 21	 1355.3	   15.5	
  109	  10.90	  -36.1	 1347.0	  -98.1	    0.0	    0.0	    0.0	    0.0	    0.0	    0.0	    0.0	    0.0	  100.0	   68.0	    0.0	    0.0	    0.0	    0.0	    4.0	  1	  -50.0	 1250.0	   68.0	    0.0	    0.0	1	   87.2	 21	 1354.9	   15.5	
  110	  11.00	  -36.1	 1347.0	  -98.1	    0.0	    0.0	    0.0	    0.0	    0.0	    0.0	    0.0	    0.0	  100.0	   67.7	    0.0	    0.0	    0.0	    0.0	    4.1	  1	  -50.0	 1250.0	   67.7	    0.0	    0.0	1	   87.2	 21	 1354.4	   15.4	
  111	  11.10	  -36.1	 1347.0	  -98.1	    0.0	    0.0	    0.0	    0.0	    0.0	    0.0	    0.0	    0.0	  100.0	   67.4	    0.0	    0.0	    0.0	    0.0	    4.1	  1	  -50.0	 1250.0	   67.4	    0.0	    0.0	1	   87.2	 21	 1353.9	   15.4	
  112	  11.20	  -36.1	 1347.0	  -98.1	    0.0	    0.0	    0.0	    0.0	    0.0	    0.0	    0.0	    0.0	  100.0	   67.1	    0.0	    0.0	    0.0	    0.0	    4.1	  1	  -50.0	 1250.0	   67.1	    0.0	    0.0	1	   87.2	 21	 1353.5	   15.3	
  113	  11.30	  -36.1	 1347.0	  -98.1	    0.0	    0.0	    0.0	    0.0	    0.0	    0.0	    0.0	    0.0	  100.0	   66.8	    0.0	    0.0	    0.0	    0.0	    4.2	  1	  -50.0	 1250.0	   66.8	    0.0	    0.0	1	   87.2	 21	 1353.0	   15.3	
  114	  11.40	  -36.1	 1347.0	  -98.1	    0.0	    0.0	    0.0	    0.0	    0.0	    0.0	    0.0	    0.0	  100.0	   66.5	    0.0	    0.0	    0.0	    0.0	    4.2	  1	  -50.0	 1250.0	   66.5	    0.0	    0.0	1	   87.2	 21	 1352.5	   15.3	
  115	  11.50	  -36.1	 1347.0	  -98.1	 1181.5	 1677.3	    0.0	  200.0	  399.1	 1427.5	    0.0	  200.0	  100.0	   66.7	    0.0	    0.0	    0.0	    0.0	    4.2	  1	 1000.0	 2500.0	   66.7	    0.0	    0.0	1	  488.7	 21	 1208.0	 -192.0	
  116	  11.60	  -72.4	 1344.8	 -176.5	 1181.5	 1677.3	    0.0	  200.0	  399.1	 1427.5	    0.0	  200.0	  100.0	   66.4	    0.0	    0.0	    0.0	    0.3	    4.3	  1	 1000.0	 2450.0	   66.4	    0.0	    0.3	1	  356.1	 21	    0.0	    0.0	
  117	  11.70	 -151.3	 1338.4	 -175.3	 1181.5	 1677.3	    0.0	  200.0	  399.1	 1427.5	    0.0	  200.0	  100.0	   66.1	    0.0	    0.0	    0.0	    0.6	    4.3	  1	 1000.0	 2450.0	   66.1	    0.0	    0.6	1	  366.1	 21	    0.0	    0.0	
  118	  11.80	 -238.1	 1335.0	 -178.1	 1181.5	 1677.3	    0.0	  200.0	  399.1	 1427.5	    0.0	  200.0	  100.0	   65.9	    0.0	    0.0	    0.0	    1.0	    4.3	  1	 1000.0	 2450.0	   65.9	    0.0	    1.0	1	  375.2	 21	 1392.6	   19.3	
  119	  11.90	 -325.3	 1337.2	  177.9	 1183.3	 1667.7	    0.0	  200.0	  399.1	 1427.5	    0.0	  200.0	  100.0	   65.6	    0.0	    0.0	    0.0	    1.3	    4.3	  1	 1000.0	 2450.0	   65.6	    0.0	    1.3	1	  379.0	 21	 1377.8	   17.8	
  120	  12.00	 -410.1	 1348.8	  171.0	 1190.7	 1674.1	    0.0	  200.0	  399.1	 1427.5	    0.0	  200.0	  100.0	   65.4	    0.0	    0.0	    0.0	    1.7	    4.3	  1	 1000.0	 2450.0	   65.4	    0.0	    1.7	1	  320.8	 21	 1361.6	   16.2	
  121	  12.10	 -472.5	 1378.2	  151.5	 1190.7	 1674.1	    0.0	  200.0	  399.1	 1427.5	    0.0	  200.0	  100.0	   65.2	    0.0	    0.0	    0.0	    2.1	    4.3	  1	 1000.0	 2450.0	   65.2	    0.0	    2.1	1	  287.9	 21	 1361.8	   16.2	
  122	  12.20	 -515.4	 1421.9	  130.7	 1190.7	 1674.1	    0.0	  200.0	  399.1	 1427.5	    0.0	  200.0	  100.0	   65.0	    0.0	    0.0	    0.0	    2.4	    4.3	  1	 1000.0	 2450.0	   65.0	    0.0	    2.4	1	  293.1	 21	 1349.4	   14.9	
  123	  12.30	 -539.7	 1478.5	  110.9	 1190.7	 1674.1	    0.0	  200.0	  399.1	 1427.5	    0.0	  200.0	  100.0	   64.8	    0.0	    0.0	    0.0	    2.8	    4.2	  1	 1000.0	 2450.0	   64.8	    0.0	    2.8	1	  312.3	 21	 1349.6	   15.0	
  124	  12.40	 -550.0	 1543.3	   96.7	 1190.7	 1674.1	    0.0	  200.0	  399.1	 1427.5	    0.0	  200.0	  100.0	   64.7	    0.0	    0.0	    0.0	    3.1	    4.2	  1	 1000.0	 2450.0	   64.7	    0.0	    3.1	1	  338.3	 21	 1351.4	   15.1	
  125	  12.50	 -547.5	 1617.8	   86.4	 1190.7	 1674.1	    0.0	  200.0	  399.1	 1427.5	    0.0	  200.0	  100.0	   64.5	    0.0	    0.0	    0.0	    3.5	    4.1	  1	 1000.0	 2450.0	   64.5	    0.0	    3.5	1	  364.2	 21	 1352.3	   15.2	
  126	  12.60	 -532.5	 1699.6	   78.7	 1242.4	 1657.6	    0.0	  200.0	  399.1	 1427.5	    0.0	  200.0	  100.0	   64.3	    0.0	    0.0	    0.0	    3.8	    4.0	  1	 1000.0	 2450.0	   64.3	    0.0	    3.8	1	  390.3	 21	 1372.6	  -27.4	
  127	  12.70	 -506.8	 1784.0	   72.6	 1242.4	 1657.6	    0.0	  200.0	  399.1	 1427.5	    0.0	  200.0	  100.0	   64.1	    0.0	    0.0	    0.0	    4.2	    4.0	  1	 1000.0	 2450.0	   64.1	    0.0	    4.2	1	  401.6	 21	 1344.9	   14.5	
  128	  12.80	 -472.7	 1872.4	   68.2	 1242.4	 1657.6	    0.0	  200.0	  399.1	 1427.5	    0.0	  200.0	  100.0	   64.0	    0.0	    0.0	    0.0	    4.5	    3.9	  1	 1000.0	 2450.0	   64.0	    0.0	    4.5	1	  406.2	 21	 1358.5	   15.8	
  129	  12.90	 -433.5	 1956.1	   64.3	 1242.4	 1657.6	    0.0	  200.0	  399.1	 1427.5	    0.0	  200.0	  100.0	   63.8	    0.0	    0.0	    0.0	    4.8	    3.8	  1	 1000.0	 2450.0	   63.8	    0.0	    4.8	1	  413.9	 21	 1356.6	   15.7	
  130	  13.00	 -387.2	 2041.2	   60.7	 1242.4	 1657.6	    0.0	  200.0	  399.1	 1427.5	    0.0	  200.0	  100.0	   63.6	    0.0	    0.0	    0.0	    5.1	    3.7	  1	 1000.0	 2450.0	   63.6	    0.0	    5.1	1	  414.4	 21	 1367.7	   16.8	
  131	  13.10	 -333.9	 2126.0	   57.4	 1277.8	 1658.1	    0.0	  200.0	  399.1	 1427.5	    0.0	  200.0	  100.0	   63.3	    0.0	    0.0	    0.0	    5.4	    3.6	  1	 1000.0	 2450.0	   63.3	    0.0	    5.4	1	  424.4	 21	 1359.2	   15.9	
  132	  13.20	 -277.7	 2203.6	   53.5	 1277.8	 1658.1	    0.0	  200.0	  399.1	 1427.5	    0.0	  200.0	  100.0	   63.1	    0.0	    0.0	    0.0	    5.7	    3.5	  1	 1000.0	 2450.0	   63.1	    0.0	    5.7	1	  382.6	 21	 1367.9	   16.8	
  133	  13.30	 -217.0	 2267.5	   44.8	 1277.8	 1658.1	    0.0	  200.0	  399.1	 1427.5	    0.0	  200.0	  100.0	   62.9	    0.0	    0.0	    0.0	    5.9	    3.5	  1	 1000.0	 2450.0	   62.9	    0.0	    5.9	1	  348.7	 21	 1367.9	   16.8	
  134	  13.40	 -153.5	 2317.8	   37.4	 1254.4	 1654.4	    0.0	  200.0	  399.1	 1427.5	    0.0	  200.0	  100.0	   62.7	    0.0	    0.0	    0.0	    6.2	    3.4	  1	 1000.0	 2450.0	   62.7	    0.0	    6.2	1	  321.4	 21	 1377.4	   17.7	
  135	  13.50	  -92.4	 2356.2	   31.0	 1247.9	 1653.3	    0.0	  200.0	  399.1	 1427.5	    0.0	  200.0	  100.0	   62.4	    0.0	    0.0	    0.0	    6.4	    3.4	  1	 1000.0	 2450.0	   62.4	    0.0	    6.4	1	  297.3	 21	 1389.6	   19.0	
  136	  13.60	  -29.2	 2388.1	   26.1	 1247.9	 1653.3	    0.0	  200.0	  399.1	 1427.5	    0.0	  200.0	  100.0	   62.2	    0.0	    0.0	    0.0	    6.6	    3.4	  1	 1000.0	 2450.0	   62.2	    0.0	    6.6	1	  284.1	 21	 1389.3	   18.9	
  137	  13.70	   31.0	 2412.0	   21.0	 1247.9	 1653.3	    0.0	  200.0	  399.1	 1427.5	    0.0	  200.0	  100.0	   61.9	    0.0	    0.0	    0.0	    6.7	    3.4	  1	 1000.0	 2450.0	   61.9	    0.0	    6.7	1	  205.7	 21	 1393.3	   19.3	
  138	  13.80	   80.3	 2432.7	   23.2	 1247.9	 1653.3	    0.0	  200.0	  399.1	 1427.5	    0.0	  200.0	  100.0	   61.6	    0.0	    0.0	    0.0	    6.9	    3.4	  1	 1000.0	 2450.0	   61.6	    0.0	    6.9	1	  199.8	 21	 1392.9	   19.3	
  139	  13.90	  123.4	 2446.9	   17.9	 1247.9	 1653.3	    0.0	  200.0	  399.1	 1427.5	    0.0	  200.0	  100.0	   61.3	    0.0	    0.0	    0.0	    7.0	    3.4	  1	 1000.0	 2450.0	   61.3	    0.0	    7.0	1	  197.3	 21	    0.0	    0.0	
  140	  14.00	  168.2	 2458.7	   14.1	 1237.5	 1656.8	    0.0	  200.0	  399.1	 1427.5	    0.0	  200.0	  100.0	   61.0	    0.0	    0.0	    0.0	    7.2	    3.4	  1	 1000.0	 2450.0	   61.0	    0.0	    7.2	1	  196.8	 21	    0.0	    0.0	
  141	  14.10	  215.3	 2468.2	   11.0	 1237.5	 1656.8	    0.0	  200.0	  399.1	 1427.5	    0.0	  200.0	  100.0	   60.7	    0.0	    0.0	    0.0	    7.3	    3.4	  1	 1000.0	 2450.0	   60.7	    0.0	    7.3	1	  198.1	 21	    0.0	    0.0	
  142	  14.20	  260.7	 2475.1	    8.4	 1237.5	 1656.8	    0.0	  200.0	  399.1	 1427.5	    0.0	  200.0	  100.0	   60.4	    0.0	    0.0	    0.0	    7.4	    3.4	  1	 1000.0	 2450.0	   60.4	    0.0	    7.4	1	  200.9	 21	    0.0	    0.0	
  143	  14.30	  310.3	 2480.9	    6.5	 1237.5	 1656.8	    0.0	  200.0	  399.1	 1427.5	    0.0	  200.0	  100.0	   60.1	    0.0	    0.0	    0.0	    7.4	    3.4	  1	 1000.0	 2450.0	   60.1	    0.0	    7.4	1	  205.4	 21	    0.0	    0.0	
  144	  14.40	  358.9	 2485.2	    4.8	 1237.5	 1656.8	    0.0	  200.0	  399.1	 1427.5	    0.0	  200.0	  100.0	   59.7	    0.0	    0.0	    0.0	    7.5	    3.3	  1	 1000.0	 2450.0	   59.7	    0.0	    7.5	1	  210.9	 21	    0.0	    0.0	
  145	  14.50	  409.9	 2488.6	    3.6	 1237.5	 1656.8	    0.0	  200.0	  399.1	 1427.5	    0.0	  200.0	  100.0	   59.4	    0.0	    0.0	    0.0	    7.6	    3.3	  1	 1000.0	 2450.0	   59.4	    0.0	    7.6	1	  217.6	 21	    0.0	    0.0	
  146	  14.60	  460.4	 2491.1	    2.7	 1221.4	 1669.5	    0.0	  200.0	  399.1	 1427.5	    0.0	  200.0	  100.0	   59.0	    0.0	    0.0	    0.0	    7.6	    3.3	  1	 1000.0	 2450.0	   59.0	    0.0	    7.6	1	  225.0	 21	    0.0	    0.0	
  147	  14.70	  515.1	 2493.1	    2.1	 1237.5	 1656.8	    0.0	  200.0	  399.1	 1427.5	    0.0	  200.0	  100.0	   58.7	    0.0	    0.0	    0.0	    7.6	    3.3	  1	 1000.0	 2450.0	   58.7	    0.0	    7.6	1	  233.7	 21	    0.0	    0.0	
  148	  14.80	  571.7	 2494.7	    1.5	 1221.4	 1669.5	    0.0	  200.0	  399.1	 1427.5	    0.0	  200.0	  100.0	   58.3	    0.0	    0.0	    0.0	    7.6	    3.3	  1	 1000.0	 2450.0	   58.3	    0.0	    7.6	1	  243.3	 21	    0.0	    0.0	
  149	  14.90	  627.5	 2495.9	    1.1	 1221.4	 1669.5	    0.0	  200.0	  399.1	 1427.5	    0.0	  200.0	  100.0	   57.9	    0.0	    0.0	    0.0	    7.6	    3.4	  1	 1000.0	 2450.0	   57.9	    0.0	    7.6	1	  253.6	 21	    0.0	    0.0	
  150	  15.00	  689.6	 2496.8	    0.8	 1221.4	 1669.5	    0.0	  200.0	  399.1	 1427.5	    0.0	  200.0	  100.0	   57.5	    0.0	    0.0	    0.0	    7.5	    3.4	  1	 1000.0	 2450.0	   57.5	    0.0	    7.5	1	  267.0	 21	    0.0	    0.0	
  151	  15.10	  754.0	 2497.6	    0.6	 1221.4	 1669.5	    0.0	  200.0	  399.1	 1427.5	    0.0	  200.0	  100.0	   57.2	    0.0	    0.0	    0.0	    7.4	    3.4	  1	 1000.0	 2450.0	   57.2	    0.0	    7.4	1	  226.0	 21	    0.0	    0.0	
  152	  15.20	  807.7	 2493.4	   -5.4	 1223.2	 1677.4	    0.0	  200.0	  399.1	 1427.5	    0.0	  200.0	  100.0	   56.8	    0.0	    0.0	    0.0	    7.3	    3.4	  1	 1000.0	 2450.0	   56.8	    0.0	    7.3	1	  178.4	 21	    0.0	    0.0	
  153	  15.30	  848.7	 2486.8	   -9.6	 1223.2	 1677.4	    0.0	  200.0	  399.1	 1427.5	    0.0	  200.0	  100.0	   56.3	    0.0	    0.0	    0.0	    7.2	    3.5	  1	 1000.0	 2450.0	   56.3	    0.0	    7.2	1	  141.9	 21	    0.0	    0.0	
  154	  15.40	  882.4	 2479.4	  -12.9	 1223.2	 1677.4	    0.0	  200.0	  399.1	 1427.5	    0.0	  200.0	  100.0	   55.9	    0.0	    0.0	    0.0	    7.1	    3.5	  1	 1000.0	 2450.0	   55.9	    0.0	    7.1	1	  109.2	 21	    0.0	    0.0	
  155	  15.50	  909.7	 2474.5	   -9.6	 1223.2	 1677.4	    0.0	  200.0	  399.1	 1427.5	    0.0	  200.0	  100.0	   55.5	    0.0	    0.0	    0.0	    7.0	    3.5	  1	 1000.0	 2450.0	   55.5	    0.0	    7.0	1	   84.0	 21	    0.0	    0.0	
  156	  15.60	  912.8	 2474.0	  -68.5	 1223.2	 1677.4	    0.0	  200.0	  399.1	 1427.5	    0.0	  200.0	  100.0	   55.1	    0.0	    0.0	    0.0	    6.8	    3.6	  1	 1000.0	 2450.0	   55.1	    0.0	    6.8	1	   81.0	 21	    0.0	    0.0	
  157	  15.70	  912.8	 2474.0	  -68.7	 1218.6	 1686.8	    0.0	  200.0	  399.1	 1427.5	    0.0	  200.0	  100.0	   54.7	    0.0	    0.0	    0.0	    6.7	    3.6	  1	 1000.0	 2450.0	   54.7	    0.0	    6.7	1	   81.0	 21	    0.0	    0.0	
  158	  15.80	  912.8	 2474.0	  -68.8	 1218.6	 1686.8	    0.0	  200.0	  399.1	 1427.5	    0.0	  200.0	  100.0	   54.3	    0.0	    0.0	    0.0	    6.6	    3.7	  1	 1000.0	 2450.0	   54.3	    0.0	    6.6	1	   81.0	 21	    0.0	    0.0	
  159	  15.90	  912.8	 2474.0	  -68.8	 1218.6	 1686.8	    0.0	  200.0	  399.1	 1427.5	    0.0	  200.0	  100.0	   53.9	    0.0	    0.0	    0.0	    6.4	    3.7	  1	 1000.0	 2450.0	   53.9	    0.0	    6.4	1	   81.0	 21	    0.0	    0.0	
  160	  16.00	  912.8	 2474.0	  -68.8	 1218.6	 1686.8	    0.0	  200.0	  399.1	 1427.5	    0.0	  200.0	  100.0	   53.5	    0.0	    0.0	    0.0	    6.3	    3.8	  1	 1000.0	 2450.0	   53.5	    0.0	    6.3	1	   81.0	 21	    0.0	    0.0	
  161	  16.10	  912.8	 2474.0	  -68.8	 1218.6	 1686.8	    0.0	  200.0	  399.1	 1427.5	    0.0	  200.0	  100.0	   53.0	    0.0	    0.0	    0.0	    6.2	    3.8	  1	 1000.0	 2450.0	   53.0	    0.0	    6.2	1	   81.0	 21	    0.0	    0.0	
  162	  16.20	  912.8	 2474.0	  -68.8	 1200.4	 1693.4	    0.0	  200.0	  399.1	 1427.5	    0.0	  200.0	  100.0	   52.6	    0.0	    0.0	    0.0	    6.0	    3.9	  1	 1000.0	 2450.0	   52.6	    0.0	    6.0	1	   81.0	 21	    0.0	    0.0	
  163	  16.30	  912.8	 2474.0	  -69.8	 1200.4	 1693.4	    0.0	  200.0	  399.1	 1427.5	    0.0	  200.0	  100.0	   52.2	    0.0	    0.0	    0.0	    5.9	    3.9	  1	 1000.0	 2450.0	   52.2	    0.0	    5.9	1	   81.0	 21	    0.0	    0.0	
  164	  16.40	  912.8	 2474.0	  -69.8	 1200.4	 1693.4	    0.0	  200.0	  399.1	 1427.5	    0.0	  200.0	  100.0	   51.8	    0.0	    0.0	    0.0	    5.7	    4.0	  1	 1000.0	 2450.0	   51.8	    0.0	    5.7	1	   81.0	 21	    0.0	    0.0	
  165	  16.50	  912.8	 2474.0	  -69.8	 1200.4	 1693.4	    0.0	  200.0	  399.1	 1427.5	    0.0	  200.0	  100.0	   51.4	    0.0	    0.0	    0.0	    5.6	    4.0	  1	 1000.0	 2450.0	   51.4	    0.0	    5.6	1	   81.0	 21	    0.0	    0.0	
  166	  16.60	  912.8	 2474.0	  -69.8	 1200.4	 1693.4	    0.0	  200.0	  399.1	 1427.5	    0.0	  200.0	  100.0	   51.0	    0.0	    0.0	    0.0	    5.5	    4.1	  1	 1000.0	 2450.0	   51.0	    0.0	    5.5	1	   81.0	 21	    0.0	    0.0	
  167	  16.70	  912.8	 2474.0	  -69.8	 1200.4	 1693.4	    0.0	  200.0	  399.1	 1427.5	    0.0	  200.0	  100.0	   50.5	    0.0	    0.0	    0.0	    5.3	    4.1	  1	 1000.0	 2450.0	   50.5	    0.0	    5.3	1	   81.0	 21	    0.0	    0.0	
  168	  16.80	  912.8	 2474.0	  -69.8	 1136.6	 1695.3	    0.0	  200.0	  399.1	 1427.5	    0.0	  200.0	  100.0	   50.1	    0.0	    0.0	    0.0	    5.2	    4.2	  1	 1000.0	 2450.0	   50.1	    0.0	    5.2	1	   81.0	 21	    0.0	    0.0	
  169	  16.90	  912.8	 2474.0	  -74.0	 1136.6	 1695.3	    0.0	  200.0	  399.1	 1427.5	    0.0	  200.0	  100.0	   49.7	    0.0	    0.0	    0.0	    5.0	    4.2	  1	 1000.0	 2450.0	   49.7	    0.0	    5.0	1	   81.0	 21	    0.0	    0.0	
  170	  17.00	  912.8	 2474.0	  -74.0	 1136.6	 1695.3	    0.0	  200.0	  399.1	 1427.5	    0.0	  200.0	  100.0	   49.3	    0.0	    0.0	    0.0	    4.9	    4.3	  1	 1000.0	 2450.0	   49.3	    0.0	    4.9	1	   81.0	 21	    0.0	    0.0	
  171	  17.10	  912.8	 2474.0	  -74.0	 1106.2	 1724.4	    0.0	  200.0	  399.1	 1427.5	    0.0	  200.0	  100.0	   48.8	    0.0	    0.0	    0.0	    4.7	    4.4	  1	  950.0	 2500.0	   48.8	    0.0	    4.7	1	   41.4	 21	    0.0	    0.0	
  172	  17.20	  912.8	 2474.0	  -75.5	 1106.2	 1724.4	    0.0	  200.0	  399.1	 1427.5	    0.0	  200.0	  100.0	   48.4	    0.0	    0.0	    0.0	    4.5	    4.4	  1	  950.0	 2500.0	   48.4	    0.0	    4.5	1	   41.4	 21	    0.0	    0.0	
  173	  17.30	  912.8	 2474.0	  -75.5	 1106.2	 1724.4	    0.0	  200.0	  399.1	 1427.5	    0.0	  200.0	  100.0	   48.0	    0.0	    0.0	    0.0	    4.4	    4.5	  1	  950.0	 2500.0	   48.0	    0.0	    4.4	1	   41.4	 21	    0.0	    0.0	
  174	  17.40	  912.8	 2474.0	  -75.5	 1106.2	 1724.4	    0.0	  200.0	  399.1	 1427.5	    0.0	  200.0	  100.0	   47.6	    0.0	    0.0	    0.0	    4.2	    4.5	  1	  950.0	 2500.0	   47.6	    0.0	    4.2	1	   41.4	 21	    0.0	    0.0	
  175	  17.50	  912.8	 2474.0	  -75.5	 1106.2	 1724.4	    0.0	  200.0	  399.1	 1427.5	    0.0	  200.0	  100.0	   47.1	    0.0	    0.0	    0.0	    4.1	    4.6	  1	  950.0	 2500.0	   47.1	    0.0	    4.1	1	   41.4	 21	    0.0	    0.0	
  176	  17.60	  912.8	 2474.0	  -75.5	 1035.8	 1659.0	    0.0	  200.0	  399.1	 1427.5	    0.0	  200.0	  100.0	   46.7	    0.0	    0.0	    0.0	    3.9	    4.6	  1	  950.0	 2500.0	   46.7	    0.0	    3.9	1	   41.5	 21	    0.0	    0.0	
  177	  17.70	  912.8	 2474.0	  -81.4	 1035.8	 1659.0	    0.0	  200.0	  399.1	 1427.5	    0.0	  200.0	  100.0	   46.3	    0.0	    0.0	    0.0	    3.8	    4.7	  1	  950.0	 2500.0	   46.3	    0.0	    3.8	1	   41.5	 21	    0.0	    0.0	
  178	  17.80	  912.8	 2474.0	  -81.4	 1035.8	 1659.0	    0.0	  200.0	  399.1	 1427.5	    0.0	  200.0	  100.0	   45.9	    0.0	    0.0	    0.0	    3.6	    4.7	  1	  950.0	 2500.0	   45.9	    0.0	    3.6	1	   41.5	 21	    0.0	    0.0	
  179	  17.90	  912.8	 2474.0	  -81.4	 1035.8	 1659.0	    0.0	  200.0	  399.1	 1427.5	    0.0	  200.0	  100.0	   45.5	    0.0	    0.0	    0.0	    3.5	    4.8	  1	  950.0	 2500.0	   45.5	    0.0	    3.5	1	   41.5	 21	    0.0	    0.0	
  180	  18.00	  912.8	 2474.0	  -81.4	 1106.2	 1724.4	    0.0	  200.0	  399.1	 1427.5	    0.0	  200.0	  100.0	   45.0	    0.0	    0.0	    0.0	    3.3	    4.8	  1	  950.0	 2500.0	   45.0	    0.0	    3.3	1	   41.4	 21	 1339.6	  -60.4	
  181	  18.10	  912.8	 2474.0	  -75.5	 1035.8	 1659.0	    0.0	  200.0	  399.1	 1427.5	    0.0	  200.0	  100.0	   44.6	    0.0	    0.0	    0.0	    3.2	    4.9	  1	  950.0	 2500.0	   44.6	    0.0	    3.2	1	   41.5	 21	    0.0	    0.0	
  182	  18.20	  912.8	 2474.0	  -81.4	 1035.8	 1659.0	    0.0	  200.0	  399.1	 1427.5	    0.0	  200.0	  100.0	   44.2	    0.0	    0.0	    0.0	    3.0	    5.0	  1	  950.0	 2500.0	   44.2	    0.0	    3.0	1	   41.5	 21	    0.0	    0.0	
  183	  18.30	  912.8	 2474.0	  -81.4	 1035.8	 1659.0	    0.0	  200.0	  399.1	 1427.5	    0.0	  200.0	  100.0	   43.8	    0.0	    0.0	    0.0	    2.9	    5.0	  1	  950.0	 2500.0	   43.8	    0.0	    2.9	1	   41.5	 21	    0.0	    0.0	
  184	  18.40	  912.8	 2474.0	  -81.4	 1035.8	 1659.0	    0.0	  200.0	  399.1	 1427.5	    0.0	  200.0	  100.0	   43.4	    0.0	    0.0	    0.0	    2.7	    5.1	  1	  950.0	 2500.0	   43.4	    0.0	    2.7	1	   41.5	 21	    0.0	    0.0	
  185	  18.50	  912.8	 2474.0	  -81.4	 1035.8	 1659.0	    0.0	  200.0	  399.1	 1427.5	    0.0	  200.0	  100.0	   42.9	    0.0	    0.0	    0.0	    2.6	    5.1	  1	  950.0	 2500.0	   42.9	    0.0	    2.6	1	   41.5	 21	    0.0	    0.0	
  186	  18.60	  912.8	 2474.0	  -81.4	  963.1	 1510.3	    0.0	  200.0	  399.1	 1427.5	    0.0	  200.0	  100.0	   42.6	    0.0	    0.0	    0.0	    2.5	    5.2	  1	  950.0	 2500.0	   42.6	    0.0	    2.5	1	   41.5	 21	 1378.9	   17.9	
  187	  18.70	  912.8	 2474.0	   35.0	  963.1	 1510.3	    0.0	  200.0	  399.1	 1427.5	    0.0	  200.0	  100.0	   42.2	    0.0	    0.0	    0.0	    2.4	    5.2	  1	  950.0	 2500.0	   42.2	    0.0	    2.4	1	   41.5	 21	 1388.5	   18.8	
  188	  18.80	  912.8	 2474.0	   35.0	  963.1	 1510.3	    0.0	  200.0	  399.1	 1427.5	    0.0	  200.0	  100.0	   41.8	    0.0	    0.0	    0.0	    2.3	    5.3	  1	  950.0	 2500.0	   41.8	    0.0	    2.3	1	   41.5	 21	 1387.2	   18.7	
  189	  18.90	  912.8	 2474.0	   35.0	  963.1	 1510.3	    0.0	  200.0	  399.1	 1427.5	    0.0	  200.0	  100.0	   41.4	    0.0	    0.0	    0.0	    2.2	    5.3	  1	  950.0	 2500.0	   41.4	    0.0	    2.2	1	   41.5	 21	 1385.9	   18.6	
  190	  19.00	  912.8	 2474.0	   35.0	  963.1	 1510.3	    0.0	  200.0	  399.1	 1427.5	    0.0	  200.0	  100.0	   41.0	    0.0	    0.0	    0.0	    2.2	    5.4	  1	  950.0	 2500.0	   41.0	    0.0	    2.2	1	   41.5	 21	 1384.6	   18.5	
  191	  19.10	  912.8	 2474.0	   35.0	  963.1	 1510.3	    0.0	  200.0	  399.1	 1427.5	    0.0	  200.0	  100.0	   40.6	    0.0	    0.0	    0.0	    2.1	    5.5	  1	  950.0	 2500.0	   40.6	    0.0	    2.1	1	   41.5	 21	 1383.2	   18.3	
  192	  19.20	  912.8	 2474.0	   35.0	  963.1	 1510.3	    0.0	  200.0	  399.1	 1427.5	    0.0	  200.0	  100.0	   40.3	    0.0	    0.0	    0.0	    2.0	    5.5	  1	  950.0	 2500.0	   40.3	    0.0	    2.0	1	   41.5	 21	 1381.9	   18.2	
  193	  19.30	  912.8	 2474.0	   35.0	  947.8	 1497.6	    0.0	  200.0	  399.1	 1427.5	    0.0	  200.0	  100.0	   39.9	    0.0	    0.0	    0.0	    1.9	    5.6	  1	  950.0	 2500.0	   39.9	    0.0	    1.9	1	   41.5	 21	 1379.8	   18.0	
  194	  19.40	  912.8	 2474.0	   35.0	  947.8	 1497.6	    0.0	  200.0	  399.1	 1427.5	    0.0	  200.0	  100.0	   39.5	    0.0	    0.0	    0.0	    1.8	    5.6	  1	  950.0	 2500.0	   39.5	    0.0	    1.8	1	   41.5	 21	 1378.5	   17.8	
  195	  19.50	  912.8	 2474.0	   35.0	  947.8	 1497.6	    0.0	  200.0	  399.1	 1427.5	    0.0	  200.0	  100.0	   39.1	    0.0	    0.0	    0.0	    1.7	    5.7	  1	  950.0	 2500.0	   39.1	    0.0	    1.7	1	   41.5	 21	 1377.2	   17.7	
  196	  19.60	  912.8	 2474.0	   35.0	  947.8	 1497.6	    0.0	  200.0	  399.1	 1427.5	    0.0	  200.0	  100.0	   38.7	    0.0	    0.0	    0.0	    1.7	    5.7	  1	  950.0	 2500.0	   38.7	    0.0	    1.7	1	   41.5	 21	 1375.8	   17.6	
  197	  19.70	  912.8	 2474.0	   35.0	  947.8	 1497.6	    0.0	  200.0	  399.1	 1427.5	    0.0	  200.0	  100.0	   38.3	    0.0	    0.0	    0.0	    1.6	    5.8	  1	  950.0	 2500.0	   38.3	    0.0	    1.6	1	   41.5	 21	 1374.5	   17.5	
  198	  19.80	  912.8	 2474.0	   35.0	  947.8	 1497.6	    0.0	  200.0	  399.1	 1427.5	    0.0	  200.0	  100.0	   37.9	    0.0	    0.0	    0.0	    1.5	    5.9	  1	  950.0	 2500.0	   37.9	    0.0	    1.5	1	   41.5	 21	 1373.2	   17.3	
  199	  19.90	  912.8	 2474.0	   35.0	  947.8	 1497.6	    0.0	  200.0	  399.1	 1427.5	    0.0	  200.0	  100.0	   37.5	    0.0	    0.0	    0.0	    1.4	    5.9	  1	  950.0	 2500.0	   37.5	    0.0	    1.4	1	   41.5	 21	 1371.8	   17.2	
  200	  20.00	  912.8	 2474.0	   35.0	  947.8	 1497.6	    0.0	  200.0	  399.1	 1427.5	    0.0	  200.0	  100.0	   37.2	    0.0	    0.0	    0.0	    1.3	    6.0	  1	  950.0	 2500.0	   37.2	    0.0	    1.3	1	   41.5	 21	 1370.5	   17.0	
  201	  20.10	  912.8	 2474.0	   35.0	  947.8	 1497.6	    0.0	  200.0	  399.1	 1427.5	    0.0	  200.0	  100.0	   36.8	    0.0	    0.0	    0.0	    1.2	    6.0	  1	  950.0	 2500.0	   36.8	    0.0	    1.2	1	   41.5	 21	 1369.1	   16.9	
  202	  20.20	  912.8	 2474.0	   35.0	  947.8	 1497.6	    0.0	  200.0	  399.1	 1427.5	    0.0	  200.0	  100.0	   36.4	    0.0	    0.0	    0.0	    1.2	    6.1	  1	  950.0	 2500.0	   36.4	    0.0	    1.2	1	   41.5	 21	 1367.7	   16.8	
  203	  20.30	  912.8	 2474.0	   35.0	  947.8	 1497.6	    0.0	  200.0	  399.1	 1427.5	    0.0	  200.0	  100.0	   36.0	    0.0	    0.0	    0.0	    1.1	    6.1	  1	  950.0	 2500.0	   36.0	    0.0	    1.1	1	   41.5	 21	 1366.4	   16.6	
  204	  20.40	  912.8	 2474.0	   35.0	  947.8	 1497.6	    0.0	  200.0	  399.1	 1427.5	    0.0	  200.0	  100.0	   35.6	    0.0	    0.0	    0.0	    1.0	    6.2	  1	  950.0	 2500.0	   35.6	    0.0	    1.0	1	   41.5	 21	 1365.0	   16.5	
  205	  20.50	  912.8	 2474.0	   35.0	  947.8	 1497.6	    0.0	  200.0	  399.1	 1427.5	    0.0	  200.0	  100.0	   35.2	    0.0	    0.0	    0.0	    0.9	    6.3	  1	  950.0	 2500.0	   35.2	    0.0	    0.9	1	   41.5	 21	 1363.6	   16.4	
  206	  20.60	  912.8	 2474.0	   35.0	  947.8	 1497.6	    0.0	  200.0	  399.1	 1427.5	    0.0	  200.0	  100.0	   34.8	    0.0	    0.0	    0.0	    0.8	    6.3	  1	  950.0	 2500.0	   34.8	    0.0	    0.8	1	   41.5	 21	 1362.2	   16.2	
  207	  20.70	  912.8	 2474.0	   35.0	  947.8	 1497.6	    0.0	  200.0	  399.1	 1427.5	    0.0	  200.0	  100.0	   34.4	    0.0	    0.0	    0.0	    0.8	    6.4	  1	  950.0	 2500.0	   34.4	    0.0	    0.8	1	   41.5	 21	 1360.8	   16.1	
  208	  20.80	  912.8	 2474.0	   35.0	  841.0	 1823.2	    0.0	  200.0	  399.1	 1427.5	    0.0	  200.0	  100.0	   34.0	    0.0	    0.0	    0.0	    0.5	    6.4	  1	 1000.0	 2500.0	   34.0	    0.0	    0.5	1	   83.3	 21	 1383.6	  -16.4	
  209	  20.90	  912.8	 2474.0	  -96.3	  841.0	 1823.2	    0.0	  200.0	  399.1	 1427.5	    0.0	  200.0	  100.0	   33.5	    0.0	    0.0	    0.0	    0.3	    6.5	  1	 1000.0	 2500.0	   33.5	    0.0	    0.3	1	   83.3	 21	 1372.2	   17.2	
  210	  21.00	  912.8	 2474.0	  -96.3	  841.0	 1823.2	    0.0	  200.0	  399.1	 1427.5	    0.0	  200.0	  100.0	   33.1	    0.0	    0.0	    0.0	    0.1	    6.5	  1	 1000.0	 2500.0	   33.1	    0.0	    0.1	1	   83.3	 21	 1370.1	   17.0	
  211	  21.10	  912.8	 2474.0	  -96.3	  841.0	 1823.2	    0.0	  200.0	  399.1	 1427.5	    0.0	  200.0	  100.0	   32.6	    0.0	    0.0	    0.0	    0.0	    6.6	  1	 1000.0	 2500.0	   32.6	    0.0	    0.0	1	   83.3	 21	 1368.1	   16.8	
  212	  21.20	  912.8	 2474.0	  -96.3	  841.0	 1823.2	    0.0	  200.0	  399.1	 1427.5	    0.0	  200.0	  100.0	   32.2	    0.0	    0.0	    0.0	    0.0	    6.7	  1	 1000.0	 2500.0	   32.2	    0.0	    0.0	1	   83.3	 21	 1366.4	   16.6	
  213	  21.30	  912.8	 2474.0	  -96.3	  841.0	 1823.2	    0.0	  200.0	  399.1	 1427.5	    0.0	  200.0	  100.0	   31.7	    0.0	    0.0	    0.0	    0.0	    6.7	  1	 1000.0	 2500.0	   31.7	    0.0	    0.0	1	   83.3	 21	 1364.8	   16.5	
  214	  21.40	  912.8	 2474.0	  -96.3	  841.0	 1823.2	    0.0	  200.0	  399.1	 1427.5	    0.0	  200.0	  100.0	   31.3	    0.0	    0.0	    0.0	    0.0	    6.8	  1	 1000.0	 2500.0	   31.3	    0.0	    0.0	1	   83.3	 21	 1363.1	   16.3	
  215	  21.50	  912.8	 2474.0	  -96.3	  841.0	 1823.2	    0.0	  200.0	  399.1	 1427.5	    0.0	  200.0	  100.0	   30.8	    0.0	    0.0	    0.0	    0.0	    6.8	  1	 1000.0	 2500.0	   30.8	    0.0	    0.0	1	   83.3	 21	 1361.4	   16.1	
  216	  21.60	  912.8	 2474.0	  -96.3	  901.5	 1755.7	    0.0	  200.0	  399.1	 1427.5	    0.0	  200.0	  100.0	   30.4	    0.0	    0.0	    0.0	    0.0	    6.9	  1	  950.0	 2500.0	   30.4	    0.0	    0.0	1	   41.4	 21	    0.0	    4.8	
  217	  21.70	  912.8	 2474.0	  -90.9	  901.5	 1755.7	    0.0	  200.0	  399.1	 1427.5	    0.0	  200.0	  100.0	   30.0	    0.0	    0.0	    0.0	    0.0	    6.9	  1	  950.0	 2500.0	   30.0	    0.0	    0.0	1	   41.4	 21	 1355.9	   15.6	
  218	  21.80	  912.8	 2474.0	  -90.9	  901.5	 1755.7	    0.0	  200.0	  399.1	 1427.5	    0.0	  200.0	  100.0	   29.5	    0.0	    0.0	    0.0	    0.0	    7.0	  1	  950.0	 2500.0	   29.5	    0.0	    0.0	1	   41.4	 21	 1354.4	   15.4	
  219	  21.90	  912.8	 2474.0	  -90.9	  901.5	 1755.7	    0.0	  200.0	  399.1	 1427.5	    0.0	  200.0	  100.0	   29.1	    0.0	    0.0	    0.0	    0.0	    7.1	  1	  950.0	 2500.0	   29.1	    0.0	    0.0	1	   41.4	 21	 1352.8	   15.3	
  220	  22.00	  912.8	 2474.0	  -90.9	  901.5	 1755.7	    0.0	  200.0	  399.1	 1427.5	    0.0	  200.0	  100.0	   28.6	    0.0	    0.0	    0.0	    0.0	    7.1	  1	  950.0	 2500.0	   28.6	    0.0	    0.0	1	   41.4	 21	 1351.2	   15.1	
  221	  22.10	  912.8	 2474.0	  -90.9	  892.6	 1765.0	    0.0	  200.0	  399.1	 1427.5	    0.0	  200.0	  100.0	   28.2	    0.0	    0.0	    0.0	    0.0	    7.2	  1	  950.0	 2500.0	   28.2	    0.0	    0.0	1	   41.4	 21	 1349.9	   15.0	
  222	  22.20	  912.8	 2474.0	  -91.6	  892.6	 1765.0	    0.0	  200.0	  399.1	 1427.5	    0.0	  200.0	  100.0	   27.8	    0.0	    0.0	    0.0	    0.0	    7.2	  1	  950.0	 2500.0	   27.8	    0.0	    0.0	1	   41.4	 21	 1348.3	   14.8	
  223	  22.30	  912.8	 2474.0	  -91.6	  892.6	 1765.0	    0.0	  200.0	  399.1	 1427.5	    0.0	  200.0	  100.0	   27.3	    0.0	    0.0	    0.0	    0.0	    7.3	  1	  950.0	 2500.0	   27.3	    0.0	    0.0	1	   41.4	 21	 1346.7	   14.7	
  224	  22.40	  912.8	 2474.0	  -91.6	  892.6	 1765.0	    0.0	  200.0	  399.1	 1427.5	    0.0	  200.0	  100.0	   26.9	    0.0	    0.0	    0.0	    0.0	    7.3	  1	  950.0	 2500.0	   26.9	    0.0	    0.0	1	   41.4	 21	 1345.0	   14.5	
  225	  22.50	  912.8	 2474.0	  -91.6	  892.6	 1765.0	    0.0	  200.0	  399.1	 1427.5	    0.0	  200.0	  100.0	   26.5	    0.0	    0.0	    0.0	    0.0	    7.4	  1	  950.0	 2500.0	   26.5	    0.0	    0.0	1	   41.4	 21	 1343.4	   14.3	
  226	  22.60	  912.8	 2474.0	  -91.6	  892.6	 1765.0	    0.0	  200.0	  399.1	 1427.5	    0.0	  200.0	  100.0	   26.0	    0.0	    0.0	    0.0	    0.0	    7.5	  1	  950.0	 2500.0	   26.0	    0.0	    0.0	1	   41.4	 21	 1341.8	   14.2	
  227	  22.70	  912.8	 2474.0	  -91.6	  892.6	 1765.0	    0.0	  200.0	  399.1	 1427.5	    0.0	  200.0	  100.0	   25.6	    0.0	    0.0	    0.0	    0.0	    7.5	  1	  950.0	 2500.0	   25.6	    0.0	    0.0	1	   41.4	 21	 1340.2	   14.0	
  228	  22.80	  912.8	 2474.0	  -91.6	  892.6	 1765.0	    0.0	  200.0	  399.1	 1427.5	    0.0	  200.0	  100.0	   25.1	    0.0	    0.0	    0.0	    0.0	    7.6	  1	  950.0	 2500.0	   25.1	    0.0	    0.0	1	   41.4	 21	 1338.6	   13.9	
  229	  22.90	  912.8	 2474.0	  -91.6	  892.6	 1765.0	    0.0	  200.0	  399.1	 1427.5	    0.0	  200.0	  100.0	   24.7	    0.0	    0.0	    0.0	    0.0	    7.6	  1	  950.0	 2500.0	   24.7	    0.0	    0.0	1	   41.4	 21	 1337.0	   13.7	
  230	  23.00	  912.8	 2474.0	  -91.6	  892.6	 1765.0	    0.0	  200.0	  399.1	 1427.5	    0.0	  200.0	  100.0	   24.3	    0.0	    0.0	    0.0	    0.0	    7.7	  1	  950.0	 2500.0	   24.3	    0.0	    0.0	1	   41.4	 21	 1335.4	   13.5	
  231	  23.10	  912.8	 2474.0	  -91.6	  899.1	 1763.1	    0.0	  200.0	  399.1	 1427.5	    0.0	  200.0	  100.0	   23.8	    0.0	    0.0	    0.0	    0.0	    7.7	  1	  950.0	 2500.0	   23.8	    0.0	    0.0	1	   41.4	 21	 1333.8	   13.4	
  232	  23.20	  912.8	 2474.0	  -91.1	  899.1	 1763.1	    0.0	  200.0	  399.1	 1427.5	    0.0	  200.0	  100.0	   23.4	    0.0	    0.0	    0.0	    0.0	    7.8	  1	  950.0	 2500.0	   23.4	    0.0	    0.0	1	   41.4	 21	 1332.1	   13.2	
  233	  23.30	  912.8	 2474.0	  -91.1	  899.1	 1763.1	    0.0	  200.0	  399.1	 1427.5	    0.0	  200.0	  100.0	   22.9	    0.0	    0.0	    0.0	    0.0	    7.9	  1	  950.0	 2500.0	   22.9	    0.0	    0.0	1	   41.4	 21	 1330.5	   13.1	
  234	  23.40	  912.8	 2474.0	  -91.1	  899.1	 1763.1	    0.0	  200.0	  399.1	 1427.5	    0.0	  200.0	  100.0	   22.5	    0.0	    0.0	    0.0	    0.0	    7.9	  1	  950.0	 2500.0	   22.5	    0.0	    0.0	1	   41.4	 21	 1328.9	   12.9	
  235	  23.50	  912.8	 2474.0	  -91.1	  899.1	 1763.1	    0.0	  200.0	  399.1	 1427.5	    0.0	  200.0	  100.0	   22.1	    0.0	    0.0	    0.0	    0.0	    8.0	  1	  950.0	 2500.0	   22.1	    0.0	    0.0	1	   41.4	 21	 1327.3	   12.7	
  236	  23.60	  912.8	 2474.0	  -91.1	  899.1	 1763.1	    0.0	  200.0	  399.1	 1427.5	    0.0	  200.0	  100.0	   21.6	    0.0	    0.0	    0.0	    0.0	    8.0	  1	  950.0	 2500.0	   21.6	    0.0	    0.0	1	   41.4	 21	 1325.7	   12.6	
  237	  23.70	  912.8	 2474.0	  -91.1	  877.9	 1770.2	    0.0	  200.0	  399.1	 1427.5	    0.0	  200.0	  100.0	   21.2	    0.0	    0.0	    0.0	    0.0	    8.1	  1	  950.0	 2500.0	   21.2	    0.0	    0.0	1	   41.4	 21	 1324.3	   12.4	
  238	  23.80	  912.8	 2474.0	  -92.8	  877.9	 1770.2	    0.0	  200.0	  399.1	 1427.5	    0.0	  200.0	  100.0	   20.7	    0.0	    0.0	    0.0	    0.0	    8.1	  1	  950.0	 2500.0	   20.7	    0.0	    0.0	1	   41.4	 21	 1322.7	   12.3	
  239	  23.90	  912.8	 2474.0	  -92.8	  877.9	 1770.2	    0.0	  200.0	  399.1	 1427.5	    0.0	  200.0	  100.0	   20.3	    0.0	    0.0	    0.0	    0.0	    8.2	  1	  950.0	 2500.0	   20.3	    0.0	    0.0	1	   41.4	 21	 1321.0	   12.1	
  240	  24.00	  912.8	 2474.0	  -92.8	  877.9	 1770.2	    0.0	  200.0	  399.1	 1427.5	    0.0	  200.0	  100.0	   19.9	    0.0	    0.0	    0.0	    0.0	    8.3	  1	  950.0	 2500.0	   19.9	    0.0	    0.0	1	   41.4	 21	 1319.4	   11.9	
  241	  24.10	  912.8	 2474.0	  -92.8	  877.9	 1770.2	    0.0	  200.0	  399.1	 1427.5	    0.0	  200.0	  100.0	   19.4	    0.0	    0.0	    0.0	    0.0	    8.3	  1	  950.0	 2500.0	   19.4	    0.0	    0.0	1	   41.4	 21	 1317.8	   11.8	
  242	  24.20	  912.8	 2474.0	  -92.8	  875.6	 1749.4	    0.0	  200.0	  399.1	 1427.5	    0.0	  200.0	  100.0	   19.0	    0.0	    0.0	    0.0	    0.0	    8.4	  1	  950.0	 2500.0	   19.0	    0.0	    0.0	1	   41.4	 21	 1315.7	   11.6	
  243	  24.30	  912.8	 2474.0	  -92.9	  875.6	 1749.4	    0.0	  200.0	  399.1	 1427.5	    0.0	  200.0	  100.0	   18.6	    0.0	    0.0	    0.0	    0.0	    8.4	  1	  950.0	 2500.0	   18.6	    0.0	    0.0	1	   41.4	 21	 1314.1	   11.4	
  244	  24.40	  912.8	 2474.0	  -92.9	  875.6	 1749.4	    0.0	  200.0	  399.1	 1427.5	    0.0	  200.0	  100.0	   18.1	    0.0	    0.0	    0.0	    0.0	    8.5	  1	  950.0	 2500.0	   18.1	    0.0	    0.0	1	   41.4	 21	 1312.5	   11.3	
  245	  24.50	  912.8	 2474.0	  -92.9	  875.6	 1749.4	    0.0	  200.0	  399.1	 1427.5	    0.0	  200.0	  100.0	   17.7	    0.0	    0.0	    0.0	    0.0	    8.5	  1	  950.0	 2500.0	   17.7	    0.0	    0.0	1	   41.4	 21	 1311.0	   11.1	
  246	  24.60	  912.8	 2474.0	  -92.9	  875.6	 1749.4	    0.0	  200.0	  399.1	 1427.5	    0.0	  200.0	  100.0	   17.2	    0.0	    0.0	    0.0	    0.0	    8.6	  1	  950.0	 2500.0	   17.2	    0.0	    0.0	1	   41.4	 21	 1309.4	   10.9	
  247	  24.70	  912.8	 2474.0	  -92.9	  875.6	 1749.4	    0.0	  200.0	  399.1	 1427.5	    0.0	  200.0	  100.0	   16.8	    0.0	    0.0	    0.0	    0.0	    8.7	  1	  950.0	 2500.0	   16.8	    0.0	    0.0	1	   41.4	 21	 1307.8	   10.8	
  248	  24.80	  912.8	 2474.0	  -92.9	  875.6	 1749.4	    0.0	  200.0	  399.1	 1427.5	    0.0	  200.0	  100.0	   16.4	    0.0	    0.0	    0.0	    0.0	    8.7	  1	  950.0	 2500.0	   16.4	    0.0	    0.0	1	   41.4	 21	 1306.2	   10.6	
  249	  24.90	  912.8	 2474.0	  -92.9	  875.6	 1749.4	    0.0	  200.0	  399.1	 1427.5	    0.0	  200.0	  100.0	   15.9	    0.0	    0.0	    0.0	    0.0	    8.8	  1	  950.0	 2500.0	   15.9	    0.0	    0.0	1	   41.4	 21	 1304.6	   10.5	
  250	  25.00	  912.8	 2474.0	  -92.9	  875.6	 1749.4	    0.0	  200.0	  399.1	 1427.5	    0.0	  200.0	  100.0	   15.5	    0.0	    0.0	    0.0	    0.0	    8.8	  1	  950.0	 2500.0	   15.5	    0.0	    0.0	1	   41.4	 21	 1303.0	   10.3	
  251	  25.10	  912.8	 2474.0	  -92.9	  875.6	 1749.4	    0.0	  200.0	  399.1	 1427.5	    0.0	  200.0	  100.0	   15.1	    0.0	    0.0	    0.0	    0.0	    8.9	  1	  950.0	 2500.0	   15.1	    0.0	    0.0	1	   41.4	 21	 1301.4	   10.1	
  252	  25.20	  912.8	 2474.0	  -92.9	  875.6	 1749.4	    0.0	  200.0	  399.1	 1427.5	    0.0	  200.0	  100.0	   14.6	    0.0	    0.0	    0.0	    0.0	    8.9	  1	  950.0	 2500.0	   14.6	    0.0	    0.0	1	   41.4	 21	    0.0	   10.0	
  253	  25.30	  912.8	 2474.0	  -92.9	  875.6	 1749.4	    0.0	  200.0	  399.1	 1427.5	    0.0	  200.0	  100.0	   14.2	    0.0	    0.0	    0.0	    0.0	    9.0	  1	  950.0	 2500.0	   14.2	    0.0	    0.0	1	   41.4	 21	    0.0	    9.8	
  254	  25.40	  912.8	 2474.0	  -92.9	  875.6	 1749.4	    0.0	  200.0	  399.1	 1427.5	    0.0	  200.0	  100.0	   13.8	    0.0	    0.0	    0.0	    0.0	    9.1	  1	  950.0	 2500.0	   13.8	    0.0	    0.0	1	   41.4	 21	    0.0	    9.7	
  255	  25.50	  912.8	 2474.0	  -92.9	  736.3	 1354.0	    0.0	  200.0	  399.1	 1427.5	    0.0	  200.0	  100.0	   13.5	    0.0	    0.0	    0.0	    0.0	    9.1	  1	  950.0	 2500.0	   13.5	    0.0	    0.0	1	   41.6	 21	    0.0	    7.6	
  256	  25.60	  912.8	 2474.0	   35.0	  736.3	 1354.0	    0.0	  200.0	  399.1	 1427.5	    0.0	  200.0	  100.0	   13.2	    0.0	    0.0	    0.0	    0.0	    9.2	  1	  950.0	 2500.0	   13.2	    0.0	    0.0	1	   41.6	 21	    0.0	    8.6	
  257	  25.70	  912.8	 2474.0	   35.0	  736.3	 1354.0	    0.0	  200.0	  399.1	 1427.5	    0.0	  200.0	  100.0	   12.8	    0.0	    0.0	    0.0	    0.0	    9.2	  1	  950.0	 2500.0	   12.8	    0.0	    0.0	1	   41.6	 21	    0.0	    8.5	
  258	  25.80	  912.8	 2474.0	   35.0	  736.3	 1354.0	    0.0	  200.0	  399.1	 1427.5	    0.0	  200.0	  100.0	   12.5	    0.0	    0.0	    0.0	    0.0	    9.3	  1	  950.0	 2500.0	   12.5	    0.0	    0.0	1	   41.6	 21	    0.0	    8.4	
  259	  25.90	  912.8	 2474.0	   35.0	  736.3	 1354.0	    0.0	  200.0	  399.1	 1427.5	    0.0	  200.0	  100.0	   12.1	    0.0	    0.0	    0.0	    0.0	    9.4	  1	  950.0	 2500.0	   12.1	    0.0	    0.0	1	   41.6	 21	    0.0	    8.3	
  260	  26.00	  912.8	 2474.0	   35.0	  615.7	 1374.4	    0.0	  200.0	  399.1	 1427.5	    0.0	  200.0	  100.0	   11.8	    0.0	    0.0	    0.0	    0.0	    9.4	  1	  950.0	 2500.0	   11.8	    0.0	    0.0	1	   41.6	 21	    0.0	    8.1	
  261	  26.10	  912.8	 2474.0	   35.0	  615.7	 1374.4	    0.0	  200.0	  399.1	 1427.5	    0.0	  200.0	  100.0	   11.4	    0.0	    0.0	    0.0	    0.0	    9.5	  1	  950.0	 2500.0	   11.4	    0.0	    0.0	1	   41.6	 21	    0.0	    8.1	
  262	  26.20	  912.8	 2474.0	   35.0	  615.7	 1374.4	    0.0	  200.0	  399.1	 1427.5	    0.0	  200.0	  100.0	   11.1	    0.0	    0.0	    0.0	    0.0	    9.5	  1	  950.0	 2500.0	   11.1	    0.0	    0.0	1	   41.6	 21	    0.0	    8.0	
  263	  26.30	  912.8	 2474.0	   35.0	  615.7	 1374.4	    0.0	  200.0	  399.1	 1427.5	    0.0	  200.0	  100.0	   10.7	    0.0	    0.0	    0.0	    0.0	    9.6	  1	  950.0	 2500.0	   10.7	    0.0	    0.0	1	   41.6	 21	    0.0	    7.9	
  264	  26.40	  912.8	 2474.0	   35.0	  615.7	 1374.4	    0.0	  200.0	  399.1	 1427.5	    0.0	  200.0	  100.0	   10.4	    0.0	    0.0	    0.0	    0.0	    9.6	  1	  950.0	 2500.0	   10.4	    0.0	    0.0	1	   41.6	 21	    0.0	    7.8	
  265	  26.50	  912.8	 2474.0	   35.0	  524.6	 1389.6	    0.0	  200.0	  399.1	 1427.5	    0.0	  200.0	  100.0	   10.0	    0.0	    0.0	    0.0	    0.0	    9.7	  1	  950.0	 2500.0	   10.0	    0.0	    0.0	1	   41.6	 21	    0.0	    7.6	
  266	  26.60	  912.8	 2474.0	   35.0	  524.6	 1389.6	    0.0	  200.0	  399.1	 1427.5	    0.0	  200.0	  100.0	    9.7	    0.0	    0.0	    0.0	    0.0	    9.8	  1	  950.0	 2500.0	    9.7	    0.0	    0.0	1	   41.6	 21	    0.0	    7.5	
  267	  26.70	  912.8	 2474.0	   35.0	  524.6	 1389.6	    0.0	  200.0	  399.1	 1427.5	    0.0	  200.0	  100.0	    9.3	    0.0	    0.0	    0.0	    0.0	    9.8	  1	  950.0	 2500.0	    9.3	    0.0	    0.0	1	   41.6	 21	    0.0	    7.4	
  268	  26.80	  912.8	 2474.0	   35.0	  524.6	 1389.6	    0.0	  200.0	  399.1	 1427.5	    0.0	  200.0	  100.0	    9.0	    0.0	    0.0	    0.0	    0.0	    9.9	  1	  950.0	 2500.0	    9.0	    0.0	    0.0	1	   41.6	 21	    0.0	    7.3	
  269	  26.90	  912.8	 2474.0	   35.0	  524.6	 1389.6	    0.0	  200.0	  399.1	 1427.5	    0.0	  200.0	  100.0	    8.6	    0.0	    0.0	    0.0	    0.0	    9.9	  1	  950.0	 2500.0	    8.6	    0.0	    0.0	1	   41.6	 21	    0.0	    7.2	
  270	  27.00	  912.8	 2474.0	   35.0	  461.6	 1391.5	    0.0	  200.0	  399.1	 1427.5	    0.0	  200.0	  100.0	    8.3	    0.0	    0.0	    0.0	    0.0	   10.0	  1	  950.0	 2500.0	    8.3	    0.0	    0.0	1	   41.6	 21	    0.0	    7.1	
  271	  27.10	  912.8	 2474.0	 -116.1	  461.6	 1391.5	    0.0	  200.0	  399.1	 1427.5	    0.0	  200.0	  100.0	    7.9	    0.0	    0.0	    0.0	    0.0	   10.0	  1	  950.0	 2500.0	    7.9	    0.0	    0.0	1	   41.6	 21	    0.0	    7.0	
  272	  27.20	  912.8	 2474.0	 -116.1	  461.6	 1391.5	    0.0	  200.0	  399.1	 1427.5	    0.0	  200.0	  100.0	    7.6	    0.0	    0.0	    0.0	    0.0	   10.1	  1	  950.0	 2500.0	    7.6	    0.0	    0.0	1	   41.6	 21	    0.0	    6.9	
  273	  27.30	  912.8	 2474.0	 -116.1	  461.6	 1391.5	    0.0	  200.0	  399.1	 1427.5	    0.0	  200.0	  100.0	    7.3	    0.0	    0.0	    0.0	    0.0	   10.2	  1	  950.0	 2500.0	    7.3	    0.0	    0.0	1	   41.6	 21	    0.0	    6.8	
  274	  27.40	  912.8	 2474.0	 -116.1	  436.8	 1368.6	    0.0	  200.0	  399.1	 1427.5	    0.0	  200.0	  100.0	    6.9	    0.0	    0.0	    0.0	    0.0	   10.2	  1	  950.0	 2500.0	    6.9	    0.0	    0.0	1	   41.6	 21	    0.0	    6.8	
  275	  27.50	  912.8	 2474.0	 -116.1	  436.8	 1368.6	    0.0	  200.0	  399.1	 1427.5	    0.0	  200.0	  100.0	    6.6	    0.0	    0.0	    0.0	    0.0	   10.3	  1	  950.0	 2500.0	    6.6	    0.0	    0.0	1	   41.6	 21	    0.0	    6.7	
  276	  27.60	  912.8	 2474.0	 -116.1	  436.8	 1368.6	    0.0	  200.0	  399.1	 1427.5	    0.0	  200.0	  100.0	    6.3	    0.0	    0.0	    0.0	    0.1	   10.3	  1	  950.0	 2500.0	    6.3	    0.0	    0.1	1	   41.6	 21	    0.0	    6.7	
  277	  27.70	  912.8	 2474.0	 -116.1	  436.8	 1368.6	    0.0	  200.0	  399.1	 1427.5	    0.0	  200.0	  100.0	    5.9	    0.0	    0.0	    0.0	    0.1	   10.4	  1	  950.0	 2500.0	    5.9	    0.0	    0.1	1	   41.6	 21	    0.0	    6.6	
  278	  27.80	  912.8	 2474.0	 -116.1	  436.8	 1368.6	    0.0	  200.0	  399.1	 1427.5	    0.0	  200.0	  100.0	    5.6	    0.0	    0.0	    0.0	    0.1	   10.5	  1	  950.0	 2500.0	    5.6	    0.0	    0.1	1	   41.6	 21	    0.0	    6.6	
  279	  27.90	  912.8	 2474.0	 -116.1	  428.4	 1347.4	    0.0	  200.0	  399.1	 1427.5	    0.0	  200.0	  100.0	    5.3	    0.0	    0.0	    0.0	    0.1	   10.5	  1	  950.0	 2500.0	    5.3	    0.0	    0.1	1	   41.6	 21	    0.0	    6.6	
  280	  28.00	  912.8	 2474.0	 -116.1	  428.4	 1347.4	    0.0	  200.0	  399.1	 1427.5	    0.0	  200.0	  100.0	    4.9	    0.0	    0.0	    0.0	    0.2	   10.6	  1	  950.0	 2500.0	    4.9	    0.0	    0.2	1	   41.6	 21	    0.0	    6.6	
  281	  28.10	  912.8	 2474.0	 -116.1	  428.4	 1347.4	    0.0	  200.0	  399.1	 1427.5	    0.0	  200.0	  100.0	    4.6	    0.0	    0.0	    0.0	    0.2	   10.6	  1	  950.0	 2500.0	    4.6	    0.0	    0.2	1	   41.6	 21	    0.0	    6.6	
  282	  28.20	  912.8	 2474.0	 -116.1	  428.4	 1347.4	    0.0	  200.0	  399.1	 1427.5	    0.0	  200.0	  100.0	    4.3	    0.0	    0.0	    0.0	    0.2	   10.7	  1	  950.0	 2500.0	    4.3	    0.0	    0.2	1	   41.6	 21	    0.0	    6.7	
  283	  28.30	  912.8	 2474.0	 -116.1	  428.4	 1347.4	    0.0	  200.0	  399.1	 1427.5	    0.0	  200.0	  100.0	    3.9	    0.0	    0.0	    0.0	    0.2	   10.7	  1	  950.0	 2500.0	    3.9	    0.0	    0.2	1	   41.6	 21	    0.0	    6.7	
  284	  28.40	  912.8	 2474.0	 -116.1	  415.5	 1350.0	    0.0	  200.0	  399.1	 1427.5	    0.0	  200.0	  100.0	    3.6	    0.0	    0.0	    0.0	    0.3	   10.8	  1	  950.0	 2500.0	    3.6	    0.0	    0.3	1	   41.6	 21	    0.0	    6.8	
  285	  28.50	  912.8	 2474.0	 -116.1	  415.5	 1350.0	    0.0	  200.0	  399.1	 1427.5	    0.0	  200.0	  100.0	    3.3	    0.0	    0.0	    0.0	    0.3	   10.9	  1	  950.0	 2500.0	    3.3	    0.0	    0.3	1	   41.6	 21	    0.0	    6.9	
  286	  28.60	  912.8	 2474.0	 -116.1	  415.5	 1350.0	    0.0	  200.0	  399.1	 1427.5	    0.0	  200.0	  100.0	    3.0	    0.0	    0.0	    0.0	    0.3	   10.9	  1	  950.0	 2500.0	    3.0	    0.0	    0.3	1	   41.6	 21	    0.0	    7.0	
  287	  28.70	  912.8	 2474.0	 -116.1	  415.5	 1350.0	    0.0	  200.0	  399.1	 1427.5	    0.0	  200.0	  100.0	    2.6	    0.0	    0.0	    0.0	    0.3	   11.0	  1	  950.0	 2500.0	    2.6	    0.0	    0.3	1	   41.6	 21	    0.0	    7.2	
  288	  28.80	  912.8	 2474.0	 -116.1	  415.5	 1350.0	    0.0	  200.0	  399.1	 1427.5	    0.0	  200.0	  100.0	    2.3	    0.0	    0.0	    0.0	    0.4	   11.0	  1	  950.0	 2500.0	    2.3	    0.0	    0.4	1	   41.6	 21	    0.0	    7.4	
  289	  28.90	  912.8	 2474.0	 -116.1	  414.1	 1353.1	    0.0	  200.0	  399.1	 1427.5	    0.0	  200.0	  100.0	    2.0	    0.0	    0.0	    0.0	    0.4	   11.1	  1	  950.0	 2500.0	    2.0	    0.0	    0.4	1	   41.6	 21	    0.0	    7.7	
  290	  29.00	  912.8	 2474.0	 -116.1	  414.1	 1353.1	    0.0	  200.0	  399.1	 1427.5	    0.0	  200.0	  100.0	    1.7	    0.0	    0.0	    0.0	    0.4	   11.1	  1	  950.0	 2500.0	    1.7	    0.0	    0.4	1	   41.6	 21	    0.0	    8.0	
  291	  29.10	  912.8	 2474.0	 -116.1	  414.1	 1353.1	    0.0	  200.0	  399.1	 1427.5	    0.0	  200.0	  100.0	    1.3	    0.0	    0.0	    0.0	    0.5	   11.2	  1	  950.0	 2500.0	    1.3	    0.0	    0.5	1	   41.6	 21	    0.0	    8.5	
  292	  29.20	  912.8	 2474.0	 -116.1	  414.1	 1353.1	    0.0	  200.0	  399.1	 1427.5	    0.0	  200.0	  100.0	    1.0	    0.0	    0.0	    0.0	    0.5	   11.3	  1	  950.0	 2500.0	    1.0	    0.0	    0.5	1	   41.6	 21	    0.0	    9.0	
  293	  29.30	  912.8	 2474.0	 -116.1	  414.1	 1353.1	    0.0	  200.0	  399.1	 1427.5	    0.0	  200.0	  100.0	    0.7	    0.0	    0.0	    0.0	    0.5	   11.3	  1	  950.0	 2500.0	    0.7	    0.0	    0.5	1	   41.6	 21	    0.0	    9.8	
  294	  29.40	  912.8	 2474.0	 -116.1	  412.2	 1350.7	    0.0	  200.0	  399.1	 1427.5	    0.0	  200.0	  100.0	    0.3	    0.0	    0.0	    0.0	    0.5	   11.4	  1	  950.0	 2500.0	    0.3	    0.0	    0.5	1	   41.6	 21	 1307.8	   10.8	
  295	  29.50	  912.8	 2474.0	 -116.1	  412.2	 1350.7	    0.0	  200.0	  399.1	 1427.5	    0.0	  200.0	  100.0	    0.0	    0.0	    0.0	    0.0	    0.6	   11.4	  1	  950.0	 2500.0	    0.0	    0.0	    0.6	1	   41.6	 21	 1322.2	   12.2	
  296	  29.60	  912.8	 2474.0	 -116.1	  412.2	 1350.7	    0.0	  200.0	  399.1	 1427.5	    0.0	  200.0	  100.0	    0.0	    0.0	    0.0	    0.0	    0.6	   11.5	  1	  950.0	 2500.0	    0.0	    0.0	    0.6	1	   41.6	 21	 1325.0	   12.5	
  297	  29.70	  912.8	 2474.0	 -116.1	  412.2	 1350.7	    0.0	  200.0	  399.1	 1427.5	    0.0	  200.0	  100.0	    0.0	    0.0	    0.0	    0.0	    0.6	   11.6	  1	  950.0	 2500.0	    0.0	    0.0	    0.6	1	   41.6	 21	 1327.2	   12.7	
  298	  29.80	  912.8	 2474.0	 -116.1	  411.3	 1346.1	    0.0	  200.0	  399.1	 1427.5	    0.0	  200.0	  100.0	    0.0	    0.0	    0.0	    0.0	    0.7	   11.6	  1	  950.0	 2500.0	    0.0	    0.0	    0.7	1	   41.6	 21	 1329.5	   12.9	
  299	  29.90	  912.8	 2474.0	 -116.1	  411.3	 1346.1	    0.0	  200.0	  399.1	 1427.5	    0.0	  200.0	  100.0	    0.0	    0.0	    0.0	    0.0	    0.7	   11.7	  1	  950.0	 2500.0	    0.0	    0.0	    0.7	1	   41.6	 21	 1331.7	   13.2	
  300	  30.00	  912.8	 2474.0	 -116.1	  411.3	 1346.1	    0.0	  200.0	  399.1	 1427.5	    0.0	  200.0	  100.0	    0.0	    0.0	    0.0	    0.0	    0.7	   11.7	  1	  950.0	 2500.0	    0.0	    0.0	    0.7	1	   41.6	 21	 1333.8	   13.4	
  301	  30.10	  912.8	 2474.0	 -116.1	  411.3	 1346.1	    0.0	  200.0	  399.1	 1427.5	    0.0	  200.0	  100.0	    0.0	    0.0	    0.0	    0.0	    0.8	   11.8	  1	  950.0	 2500.0	    0.0	    0.0	    0.8	1	   41.6	 21	 1335.8	   13.6	
  302	  30.20	  912.8	 2474.0	 -116.1	  411.3	 1346.1	    0.0	  200.0	  399.1	 1427.5	    0.0	  200.0	  100.0	    0.0	    0.0	    0.0	    0.0	    0.8	   11.8	  1	  950.0	 2500.0	    0.0	    0.0	    0.8	1	   41.6	 21	 1337.8	   13.8	
  303	  30.30	  912.8	 2474.0	 -116.1	  411.8	 1346.0	    0.0	  200.0	  399.1	 1427.5	    0.0	  200.0	  100.0	    0.0	    0.0	    0.0	    0.0	    0.8	   11.9	  1	  950.0	 2500.0	    0.0	    0.0	    0.8	1	   41.6	 21	 1339.7	   14.0	
  304	  30.40	  912.8	 2474.0	 -116.1	  411.8	 1346.0	    0.0	  200.0	  399.1	 1427.5	    0.0	  200.0	  100.0	    0.0	    0.0	    0.0	    0.0	    0.8	   12.0	  1	  950.0	 2500.0	    0.0	    0.0	    0.8	1	   41.6	 21	 1341.6	   14.2	
  305	  30.50	  912.8	 2474.0	 -116.1	  411.8	 1346.0	    0.0	  200.0	  399.1	 1427.5	    0.0	  200.0	  100.0	    0.0	    0.0	    0.0	    0.0	    0.9	   12.0	  1	  950.0	 2500.0	    0.0	    0.0	    0.9	1	   41.6	 21	 1343.3	   14.3	
  306	  30.60	  912.8	 2474.0	 -116.1	  411.8	 1346.0	    0.0	  200.0	  399.1	 1427.5	    0.0	  200.0	  100.0	    0.0	    0.0	    0.0	    0.0	    0.9	   12.1	  1	  950.0	 2500.0	    0.0	    0.0	    0.9	1	   41.6	 21	 1345.1	   14.5	
  307	  30.70	  912.8	 2474.0	 -116.1	  410.8	 1346.2	    0.0	  200.0	  399.1	 1427.5	    0.0	  200.0	  100.0	    0.0	    0.0	    0.0	    0.0	    0.9	   12.1	  1	  950.0	 2500.0	    0.0	    0.0	    0.9	1	   41.6	 21	 1346.7	   14.7	
  308	  30.80	  912.8	 2474.0	 -116.1	  410.8	 1346.2	    0.0	  200.0	  399.1	 1427.5	    0.0	  200.0	  100.0	    0.0	    0.0	    0.0	    0.0	    1.0	   12.2	  1	  950.0	 2500.0	    0.0	    0.0	    1.0	1	   41.6	 21	 1348.4	   14.8	
  309	  30.90	  912.8	 2474.0	 -116.1	  410.8	 1346.2	    0.0	  200.0	  399.1	 1427.5	    0.0	  200.0	  100.0	    0.0	    0.0	    0.0	    0.0	    1.0	   12.2	  1	  950.0	 2500.0	    0.0	    0.0	    1.0	1	   41.6	 21	 1349.9	   15.0	
  310	  31.00	  912.8	 2474.0	 -116.1	  410.8	 1346.2	    0.0	  200.0	  399.1	 1427.5	    0.0	  200.0	  100.0	    0.0	    0.0	    0.0	    0.0	    1.0	   12.3	  1	  950.0	 2500.0	    0.0	    0.0	    1.0	1	   41.6	 21	 1351.5	   15.1	
  311	  31.10	  912.8	 2474.0	 -116.1	  410.8	 1346.2	    0.0	  200.0	  399.1	 1427.5	    0.0	  200.0	  100.0	    0.0	    0.0	    0.0	    0.0	    1.1	   12.4	  1	  950.0	 2500.0	    0.0	    0.0	    1.1	1	   41.6	 21	 1352.9	   15.3	
  312	  31.20	  912.8	 2474.0	 -116.1	  406.9	 1332.7	    0.0	  200.0	  399.1	 1427.5	    0.0	  200.0	  100.0	    0.0	    0.0	    0.0	    0.0	    1.1	   12.4	  1	  950.0	 2500.0	    0.0	    0.0	    1.1	1	   41.6	 21	 1354.7	   15.5	
  313	  31.30	  912.8	 2474.0	 -116.1	  406.9	 1332.7	    0.0	  200.0	  399.1	 1427.5	    0.0	  200.0	  100.0	    0.0	    0.0	    0.0	    0.0	    1.1	   12.5	  1	  950.0	 2500.0	    0.0	    0.0	    1.1	1	   41.6	 21	 1356.3	   15.6	
  314	  31.40	  912.8	 2474.0	 -116.1	  406.9	 1332.7	    0.0	  200.0	  399.1	 1427.5	    0.0	  200.0	  100.0	    0.0	    0.0	    0.0	    0.0	    1.2	   12.5	  1	  950.0	 2500.0	    0.0	    0.0	    1.2	1	   41.6	 21	 1357.9	   15.8	
  315	  31.50	  912.8	 2474.0	 -116.1	  406.9	 1332.7	    0.0	  200.0	  399.1	 1427.5	    0.0	  200.0	  100.0	    0.0	    0.0	    0.0	    0.0	    1.2	   12.6	  1	  950.0	 2500.0	    0.0	    0.0	    1.2	1	   41.6	 21	 1359.5	   15.9	
  316	  31.60	  912.8	 2474.0	 -116.1	  406.9	 1332.7	    0.0	  200.0	  399.1	 1427.5	    0.0	  200.0	  100.0	    0.0	    0.0	    0.0	    0.0	    1.2	   12.6	  1	  950.0	 2500.0	    0.0	    0.0	    1.2	1	   41.6	 21	 1361.0	   16.1	
  317	  31.70	  912.8	 2474.0	 -116.1	  406.9	 1332.7	    0.0	  200.0	  399.1	 1427.5	    0.0	  200.0	  100.0	    0.0	    0.0	    0.0	    0.0	    1.3	   12.7	  1	  950.0	 2500.0	    0.0	    0.0	    1.3	1	   41.6	 21	 1362.4	   16.2	
  318	  31.80	  912.8	 2474.0	 -116.1	  406.9	 1332.7	    0.0	  200.0	  399.1	 1427.5	    0.0	  200.0	  100.0	    0.0	    0.0	    0.0	    0.0	    1.3	   12.8	  1	  950.0	 2500.0	    0.0	    0.0	    1.3	1	   41.6	 21	 1363.8	   16.4	
  319	  31.90	  912.8	 2474.0	 -116.1	  406.9	 1332.7	    0.0	  200.0	  399.1	 1427.5	    0.0	  200.0	  100.0	    0.0	    0.0	    0.0	    0.0	    1.4	   12.8	  1	  950.0	 2500.0	    0.0	    0.0	    1.4	1	   41.6	 21	 1365.2	   16.5	
  320	  32.00	  912.8	 2474.0	 -116.1	  406.9	 1332.7	    0.0	  200.0	  399.1	 1427.5	    0.0	  200.0	  100.0	    0.0	    0.0	    0.0	    0.0	    1.4	   12.9	  1	  950.0	 2500.0	    0.0	    0.0	    1.4	1	   41.6	 21	 1366.5	   16.7	
  321	  32.10	  912.8	 2474.0	 -116.1	  406.9	 1332.7	    0.0	  200.0	  399.1	 1427.5	    0.0	  200.0	  100.0	    0.0	    0.0	    0.0	    0.0	    1.4	   12.9	  1	  950.0	 2500.0	    0.0	    0.0	    1.4	1	   41.6	 21	 1367.8	   16.8	
  322	  32.20	  912.8	 2474.0	 -116.1	  406.9	 1332.7	    0.0	  200.0	  399.1	 1427.5	    0.0	  200.0	  100.0	    0.0	    0.0	    0.0	    0.0	    1.5	   13.0	  1	  950.0	 2500.0	    0.0	    0.0	    1.5	1	   41.6	 21	 1369.0	   16.9	
  323	  32.30	  912.8	 2474.0	 -116.1	  406.9	 1332.7	    0.0	  200.0	  399.1	 1427.5	    0.0	  200.0	  100.0	    0.0	    0.0	    0.0	    0.0	    1.5	   13.1	  1	  950.0	 2500.0	    0.0	    0.0	    1.5	1	   41.6	 21	 1370.2	   17.0	
  324	  32.40	  912.8	 2474.0	 -116.1	  406.9	 1332.7	    0.0	  200.0	  399.1	 1427.5	    0.0	  200.0	  100.0	    0.0	    0.0	    0.0	    0.0	    1.5	   13.1	  1	  950.0	 2500.0	    0.0	    0.0	    1.5	1	   41.6	 21	 1371.4	   17.1	
  325	  32.50	  912.8	 2474.0	 -116.1	  406.9	 1332.7	    0.0	  200.0	  399.1	 1427.5	    0.0	  200.0	  100.0	    0.0	    0.0	    0.0	    0.0	    1.6	   13.2	  1	  950.0	 2500.0	    0.0	    0.0	    1.6	1	   41.6	 21	 1372.5	   17.3	
  326	  32.60	  912.8	 2474.0	 -116.1	  406.9	 1332.7	    0.0	  200.0	  399.1	 1427.5	    0.0	  200.0	  100.0	    0.0	    0.0	    0.0	    0.0	    1.6	   13.2	  1	  950.0	 2500.0	    0.0	    0.0	    1.6	1	   41.6	 21	 1373.6	   17.4	
  327	  32.70	  912.8	 2474.0	 -116.1	  406.9	 1332.7	    0.0	  200.0	  399.1	 1427.5	    0.0	  200.0	  100.0	    0.0	    0.0	    0.0	    0.0	    1.7	   13.3	  1	  950.0	 2500.0	    0.0	    0.0	    1.7	1	   41.6	 21	 1374.7	   17.5	
  328	  32.80	  912.8	 2474.0	 -116.1	  413.3	 1331.2	    0.0	  200.0	  399.1	 1427.5	    0.0	  200.0	  100.0	    0.0	    0.0	    0.0	    0.0	    1.7	   13.3	  1	  950.0	 2500.0	    0.0	    0.0	    1.7	1	   41.6	 21	 1375.7	   17.6	
  329	  32.90	  912.8	 2474.0	 -116.1	  413.3	 1331.2	    0.0	  200.0	  399.1	 1427.5	    0.0	  200.0	  100.0	    0.0	    0.0	    0.0	    0.0	    1.7	   13.4	  1	  950.0	 2500.0	    0.0	    0.0	    1.7	1	   41.6	 21	 1376.7	   17.7	
  330	  33.00	  912.8	 2474.0	 -116.1	  413.3	 1331.2	    0.0	  200.0	  399.1	 1427.5	    0.0	  200.0	  100.0	    0.0	    0.0	    0.0	    0.0	    1.8	   13.5	  1	  950.0	 2500.0	    0.0	    0.0	    1.8	1	   41.6	 21	 1377.7	   17.8	
  331	  33.10	  912.8	 2474.0	 -116.1	  413.3	 1331.2	    0.0	  200.0	  399.1	 1427.5	    0.0	  200.0	  100.0	    0.0	    0.0	    0.0	    0.0	    1.8	   13.5	  1	  950.0	 2500.0	    0.0	    0.0	    1.8	1	   41.6	 21	 1378.6	   17.9	
  332	  33.20	  912.8	 2474.0	 -116.1	  413.3	 1331.2	    0.0	  200.0	  399.1	 1427.5	    0.0	  200.0	  100.0	    0.0	    0.0	    0.0	    0.0	    1.8	   13.6	  1	  950.0	 2500.0	    0.0	    0.0	    1.8	1	   41.6	 21	 1379.6	   18.0	
  333	  33.30	  912.8	 2474.0	 -116.1	  413.3	 1331.2	    0.0	  200.0	  399.1	 1427.5	    0.0	  200.0	  100.0	    0.0	    0.0	    0.0	    0.0	    1.9	   13.6	  1	  950.0	 2500.0	    0.0	    0.0	    1.9	1	   41.6	 21	 1380.5	   18.0	
  334	  33.40	  912.8	 2474.0	 -116.1	  413.5	 1337.9	    0.0	  200.0	  399.1	 1427.5	    0.0	  200.0	  100.0	    0.0	    0.0	    0.0	    0.0	    1.9	   13.7	  1	  950.0	 2500.0	    0.0	    0.0	    1.9	1	   41.6	 21	 1381.3	   18.1	
  335	  33.50	  912.8	 2474.0	 -116.1	  413.5	 1337.9	    0.0	  200.0	  399.1	 1427.5	    0.0	  200.0	  100.0	    0.0	    0.0	    0.0	    0.0	    1.9	   13.7	  1	  950.0	 2500.0	    0.0	    0.0	    1.9	1	   41.6	 21	 1382.1	   18.2	
  336	  33.60	  912.8	 2474.0	 -116.1	  413.5	 1337.9	    0.0	  200.0	  399.1	 1427.5	    0.0	  200.0	  100.0	    0.0	    0.0	    0.0	    0.0	    2.0	   13.8	  1	  950.0	 2500.0	    0.0	    0.0	    2.0	1	   41.6	 21	 1382.8	   18.3	
  337	  33.70	  912.8	 2474.0	 -116.1	  413.5	 1337.9	    0.0	  200.0	  399.1	 1427.5	    0.0	  200.0	  100.0	    0.0	    0.0	    0.0	    0.0	    2.0	   13.9	  1	  950.0	 2500.0	    0.0	    0.0	    2.0	1	   41.6	 21	 1383.6	   18.4	
  338	  33.80	  912.8	 2474.0	 -116.1	  413.5	 1337.9	    0.0	  200.0	  399.1	 1427.5	    0.0	  200.0	  100.0	    0.0	    0.0	    0.0	    0.0	    2.0	   13.9	  1	  950.0	 2500.0	    0.0	    0.0	    2.0	1	   41.6	 21	 1384.3	   18.4	
  339	  33.90	  912.8	 2474.0	 -116.1	  413.5	 1337.9	    0.0	  200.0	  399.1	 1427.5	    0.0	  200.0	  100.0	    0.0	    0.0	    0.0	    0.0	    2.1	   14.0	  1	  950.0	 2500.0	    0.0	    0.0	    2.1	1	   41.6	 21	 1385.1	   18.5	
  340	  34.00	  912.8	 2474.0	 -116.1	  413.5	 1337.9	    0.0	  200.0	  399.1	 1427.5	    0.0	  200.0	  100.0	    0.0	    0.0	    0.0	    0.0	    2.1	   14.0	  1	  950.0	 2500.0	    0.0	    0.0	    2.1	1	   41.6	 21	 1385.8	   18.6	
  341	  34.10	  912.8	 2474.0	 -116.1	  413.5	 1337.9	    0.0	  200.0	  399.1	 1427.5	    0.0	  200.0	  100.0	    0.0	    0.0	    0.0	    0.0	    2.1	   14.1	  1	  950.0	 2500.0	    0.0	    0.0	    2.1	1	   41.6	 21	 1386.4	   18.6	
  342	  34.20	  912.8	 2474.0	 -116.1	  413.5	 1337.9	    0.0	  200.0	  399.1	 1427.5	    0.0	  200.0	  100.0	    0.0	    0.0	    0.0	    0.0	    2.2	   14.2	  1	  950.0	 2500.0	    0.0	    0.0	    2.2	1	   41.6	 21	 1387.1	   18.7	
  343	  34.30	  912.8	 2474.0	 -116.1	  405.8	 1328.2	    0.0	  200.0	  399.1	 1427.5	    0.0	  200.0	  100.0	    0.0	    0.0	    0.0	    0.0	    2.2	   14.2	  1	  950.0	 2500.0	    0.0	    0.0	    2.2	1	   41.6	 21	 1387.9	   18.8	
  344	  34.40	  912.8	 2474.0	 -116.1	  405.8	 1328.2	    0.0	  200.0	  399.1	 1427.5	    0.0	  200.0	  100.0	    0.0	    0.0	    0.0	    0.0	    2.3	   14.3	  1	  950.0	 2500.0	    0.0	    0.0	    2.3	1	   41.6	 21	 1388.6	   18.9	
  345	  34.50	  912.8	 2474.0	 -116.1	  405.8	 1328.2	    0.0	  200.0	  399.1	 1427.5	    0.0	  200.0	  100.0	    0.0	    0.0	    0.0	    0.0	    2.3	   14.3	  1	  950.0	 2500.0	    0.0	    0.0	    2.3	1	   41.6	 21	 1389.4	   18.9	
  346	  34.60	  912.8	 2474.0	 -116.1	  405.8	 1328.2	    0.0	  200.0	  399.1	 1427.5	    0.0	  200.0	  100.0	    0.0	    0.0	    0.0	    0.0	    2.3	   14.4	  1	  950.0	 2500.0	    0.0	    0.0	    2.3	1	   41.6	 21	 1390.1	   19.0	
  347	  34.70	  912.8	 2474.0	 -116.1	  405.8	 1328.2	    0.0	  200.0	  399.1	 1427.5	    0.0	  200.0	  100.0	    0.0	    0.0	    0.0	    0.0	    2.4	   14.4	  1	  950.0	 2500.0	    0.0	    0.0	    2.4	1	   41.6	 21	 1390.8	   19.1	
  348	  34.80	  912.8	 2474.0	 -116.1	  405.8	 1328.2	    0.0	  200.0	  399.1	 1427.5	    0.0	  200.0	  100.0	    0.0	    0.0	    0.0	    0.0	    2.4	   14.5	  1	  950.0	 2500.0	    0.0	    0.0	    2.4	1	   41.6	 21	 1391.5	   19.1	
  349	  34.90	  912.8	 2474.0	 -116.1	  405.8	 1328.2	    0.0	  200.0	  399.1	 1427.5	    0.0	  200.0	  100.0	    0.0	    0.0	    0.0	    0.0	    2.5	   14.6	  1	  950.0	 2500.0	    0.0	    0.0	    2.5	1	   41.6	 21	 1392.1	   19.2	
  350	  35.00	  912.8	 2474.0	 -116.1	  405.8	 1328.2	    0.0	  200.0	  399.1	 1427.5	    0.0	  200.0	  100.0	    0.0	    0.0	    0.0	    0.0	    2.5	   14.6	  1	  950.0	 2500.0	    0.0	    0.0	    2.5	1	   41.6	 21	 1392.8	   19.3	
  351	  35.10	  912.8	 2474.0	 -116.1	  405.8	 1328.2	    0.0	  200.0	  399.1	 1427.5	    0.0	  200.0	  100.0	    0.0	    0.0	    0.0	    0.0	    2.5	   14.7	  1	  950.0	 2500.0	    0.0	    0.0	    2.5	1	   41.6	 21	 1393.4	   19.3	
  352	  35.20	  912.8	 2474.0	 -116.1	  405.8	 1328.2	    0.0	  200.0	  397.4	 1350.8	    0.0	  200.0	  100.0	    0.0	    0.0	    0.0	    0.0	    2.5	   14.7	  1	  950.0	 2500.0	    0.0	    0.0	    2.5	1	   42.0	 21	 1393.0	   19.3	
  353	  35.30	  912.8	 2474.0	 -114.6	  405.8	 1328.2	    0.0	  200.0	  397.4	 1350.8	    0.0	  200.0	  100.0	    0.0	    0.0	    0.0	    0.0	    2.5	   14.8	  1	  950.0	 2500.0	    0.0	    0.0	    2.5	1	   42.0	 21	 1393.1	   19.3	
  354	  35.40	  912.8	 2474.0	 -114.6	  405.8	 1328.2	    0.0	  200.0	  397.4	 1350.8	    0.0	  200.0	  100.0	    0.0	    0.0	    0.0	    0.0	    2.5	   14.8	  1	  950.0	 2500.0	    0.0	    0.0	    2.5	1	   42.0	 21	 1393.3	   19.3	
