    1	   6.34	    0.0	 1500.0	    0.0	    0.0	    0.0	    0.0	    0.0	    0.0	    0.0	    0.0	    0.0	  100.0	  100.0	    0.0	    0.0	    0.0	    0.0	    0.0	  1	-1000.0	  500.0	  100.0	    0.0	    0.0	1	  526.8	 21	 1371.8	  -28.2	
    2	   6.44	    0.0	 1500.0	    0.0	    0.0	    0.0	    0.0	    0.0	    0.0	    0.0	    0.0	    0.0	  100.0	   99.7	    0.0	    0.0	    0.0	    0.0	    0.1	  1	  -50.0	 1250.0	   99.7	    0.0	    0.0	1	  227.0	 21	 1391.9	   19.2	
    3	   6.54	    0.0	 1500.0	    0.0	    0.0	    0.0	    0.0	    0.0	    0.0	    0.0	    0.0	    0.0	  100.0	   99.5	    0.0	    0.0	    0.0	    0.0	    0.1	  1	  -50.0	 1250.0	   99.5	    0.0	    0.0	1	  227.0	 21	 1391.5	   19.2	
    4	   6.64	    0.0	 1500.0	    0.0	    0.0	    0.0	    0.0	    0.0	    0.0	    0.0	    0.0	    0.0	  100.0	   99.2	    0.0	    0.0	    0.0	    0.0	    0.2	  1	  -50.0	 1250.0	   99.2	    0.0	    0.0	1	  227.0	 21	 1391.2	   19.1	
    5	   6.74	    0.0	 1500.0	    0.0	    0.0	    0.0	    0.0	    0.0	    0.0	    0.0	    0.0	    0.0	  100.0	   99.0	    0.0	    0.0	    0.0	    0.0	    0.2	  1	  -50.0	 1250.0	   99.0	    0.0	    0.0	1	  227.0	 21	 1390.8	   19.1	
    6	   6.84	    0.0	 1500.0	    0.0	    0.0	    0.0	    0.0	    0.0	    0.0	    0.0	    0.0	    0.0	  100.0	   98.7	    0.0	    0.0	    0.0	    0.0	    0.2	  1	  -50.0	 1250.0	   98.7	    0.0	    0.0	1	  227.0	 21	 1390.4	   19.0	
    7	   6.94	    0.0	 1500.0	    0.0	    0.0	    0.0	    0.0	    0.0	    0.0	    0.0	    0.0	    0.0	  100.0	   98.5	    0.0	    0.0	    0.0	    0.0	    0.3	  1	  -50.0	 1250.0	   98.5	    0.0	    0.0	1	  227.0	 21	 1390.1	   19.0	
    8	   7.04	    0.0	 1500.0	    0.0	    0.0	    0.0	    0.0	    0.0	    0.0	    0.0	    0.0	    0.0	  100.0	   98.2	    0.0	    0.0	    0.0	    0.0	    0.3	  1	  -50.0	 1250.0	   98.2	    0.0	    0.0	1	  227.0	 21	 1389.7	   19.0	
    9	   7.14	    0.0	 1500.0	    0.0	    0.0	    0.0	    0.0	    0.0	    0.0	    0.0	    0.0	    0.0	  100.0	   98.0	    0.0	    0.0	    0.0	    0.0	    0.3	  1	  -50.0	 1250.0	   98.0	    0.0	    0.0	1	  227.0	 21	 1389.3	   18.9	
   10	   7.24	    0.0	 1500.0	    0.0	    0.0	    0.0	    0.0	    0.0	    0.0	    0.0	    0.0	    0.0	  100.0	   97.7	    0.0	    0.0	    0.0	    0.0	    0.4	  1	  -50.0	 1250.0	   97.7	    0.0	    0.0	1	  227.0	 21	 1389.0	   18.9	
   11	   7.34	    0.0	 1500.0	    0.0	    0.0	    0.0	    0.0	    0.0	    0.0	    0.0	    0.0	    0.0	  100.0	   97.5	    0.0	    0.0	    0.0	    0.0	    0.4	  1	  -50.0	 1250.0	   97.5	    0.0	    0.0	1	  227.0	 21	 1388.6	   18.9	
   12	   7.44	    0.0	 1500.0	    0.0	    0.0	    0.0	    0.0	    0.0	    0.0	    0.0	    0.0	    0.0	  100.0	   97.2	    0.0	    0.0	    0.0	    0.0	    0.5	  1	  -50.0	 1250.0	   97.2	    0.0	    0.0	1	  227.0	 21	 1388.2	   18.8	
   13	   7.54	    0.0	 1500.0	    0.0	    0.0	    0.0	    0.0	    0.0	    0.0	    0.0	    0.0	    0.0	  100.0	   96.9	    0.0	    0.0	    0.0	    0.0	    0.5	  1	  -50.0	 1250.0	   96.9	    0.0	    0.0	1	  227.0	 21	 1387.9	   18.8	
   14	   7.64	    0.0	 1500.0	    0.0	    0.0	    0.0	    0.0	    0.0	    0.0	    0.0	    0.0	    0.0	  100.0	   96.7	    0.0	    0.0	    0.0	    0.0	    0.5	  1	  -50.0	 1250.0	   96.7	    0.0	    0.0	1	  227.0	 21	 1387.5	   18.7	
   15	   7.74	    0.0	 1500.0	    0.0	    0.0	    0.0	    0.0	    0.0	    0.0	    0.0	    0.0	    0.0	  100.0	   96.4	    0.0	    0.0	    0.0	    0.0	    0.6	  1	  -50.0	 1250.0	   96.4	    0.0	    0.0	1	  227.0	 21	 1387.1	   18.7	
   16	   7.84	    0.0	 1500.0	    0.0	    0.0	    0.0	    0.0	    0.0	    0.0	    0.0	    0.0	    0.0	  100.0	   96.2	    0.0	    0.0	    0.0	    0.0	    0.6	  1	  -50.0	 1250.0	   96.2	    0.0	    0.0	1	  227.0	 21	 1386.8	   18.7	
   17	   7.94	    0.0	 1500.0	    0.0	    0.0	    0.0	    0.0	    0.0	    0.0	    0.0	    0.0	    0.0	  100.0	   95.9	    0.0	    0.0	    0.0	    0.0	    0.6	  1	  -50.0	 1250.0	   95.9	    0.0	    0.0	1	  227.0	 21	 1386.4	   18.6	
   18	   8.04	    0.0	 1500.0	    0.0	    0.0	    0.0	    0.0	    0.0	    0.0	    0.0	    0.0	    0.0	  100.0	   95.7	    0.0	    0.0	    0.0	    0.0	    0.7	  1	  -50.0	 1250.0	   95.7	    0.0	    0.0	1	  227.0	 21	 1386.0	   18.6	
   19	   8.14	    0.0	 1500.0	    0.0	    0.0	    0.0	    0.0	    0.0	    0.0	    0.0	    0.0	    0.0	  100.0	   95.4	    0.0	    0.0	    0.0	    0.0	    0.7	  1	  -50.0	 1250.0	   95.4	    0.0	    0.0	1	  227.0	 21	 1385.7	   18.6	
   20	   8.24	    0.0	 1500.0	    0.0	    0.0	    0.0	    0.0	    0.0	    0.0	    0.0	    0.0	    0.0	  100.0	   95.2	    0.0	    0.0	    0.0	    0.0	    0.8	  1	  -50.0	 1250.0	   95.2	    0.0	    0.0	1	  227.0	 21	 1385.3	   18.5	
   21	   8.34	    0.0	 1500.0	    0.0	    0.0	    0.0	    0.0	    0.0	    0.0	    0.0	    0.0	    0.0	  100.0	   94.9	    0.0	    0.0	    0.0	    0.0	    0.8	  1	  -50.0	 1250.0	   94.9	    0.0	    0.0	1	  227.0	 21	 1384.9	   18.5	
   22	   8.44	    0.0	 1500.0	    0.0	    0.0	    0.0	    0.0	    0.0	    0.0	    0.0	    0.0	    0.0	  100.0	   94.6	    0.0	    0.0	    0.0	    0.0	    0.8	  1	  -50.0	 1250.0	   94.6	    0.0	    0.0	1	  227.0	 21	 1384.6	   18.5	
   23	   8.54	    0.0	 1500.0	    0.0	    0.0	    0.0	    0.0	    0.0	    0.0	    0.0	    0.0	    0.0	  100.0	   94.4	    0.0	    0.0	    0.0	    0.0	    0.9	  1	  -50.0	 1250.0	   94.4	    0.0	    0.0	1	  227.0	 21	 1384.2	   18.4	
   24	   8.64	    0.0	 1500.0	    0.0	    0.0	    0.0	    0.0	    0.0	    0.0	    0.0	    0.0	    0.0	  100.0	   94.1	    0.0	    0.0	    0.0	    0.0	    0.9	  1	  -50.0	 1250.0	   94.1	    0.0	    0.0	1	  227.0	 21	 1383.8	   18.4	
   25	   8.74	    0.0	 1500.0	    0.0	    0.0	    0.0	    0.0	    0.0	    0.0	    0.0	    0.0	    0.0	  100.0	   93.9	    0.0	    0.0	    0.0	    0.0	    0.9	  1	  -50.0	 1250.0	   93.9	    0.0	    0.0	1	  227.0	 21	 1383.5	   18.3	
   26	   8.84	    0.0	 1500.0	    0.0	    0.0	    0.0	    0.0	    0.0	    0.0	    0.0	    0.0	    0.0	  100.0	   93.6	    0.0	    0.0	    0.0	    0.0	    1.0	  1	  -50.0	 1250.0	   93.6	    0.0	    0.0	1	  227.0	 21	 1383.1	   18.3	
   27	   8.94	    0.0	 1500.0	    0.0	    0.0	    0.0	    0.0	    0.0	    0.0	    0.0	    0.0	    0.0	  100.0	   93.4	    0.0	    0.0	    0.0	    0.0	    1.0	  1	  -50.0	 1250.0	   93.4	    0.0	    0.0	1	  227.0	 21	 1382.7	   18.3	
   28	   9.04	    0.0	 1500.0	    0.0	    0.0	    0.0	    0.0	    0.0	    0.0	    0.0	    0.0	    0.0	  100.0	   93.1	    0.0	    0.0	    0.0	    0.0	    1.1	  1	  -50.0	 1250.0	   93.1	    0.0	    0.0	1	  227.0	 21	 1382.4	   18.2	
   29	   9.14	    0.0	 1500.0	    0.0	    0.0	    0.0	    0.0	    0.0	    0.0	    0.0	    0.0	    0.0	  100.0	   92.9	    0.0	    0.0	    0.0	    0.0	    1.1	  1	  -50.0	 1250.0	   92.9	    0.0	    0.0	1	  227.0	 21	 1382.0	   18.2	
   30	   9.24	    0.0	 1500.0	    0.0	    0.0	    0.0	    0.0	    0.0	    0.0	    0.0	    0.0	    0.0	  100.0	   92.6	    0.0	    0.0	    0.0	    0.0	    1.1	  1	  -50.0	 1250.0	   92.6	    0.0	    0.0	1	  227.0	 21	 1381.6	   18.2	
   31	   9.34	    0.0	 1500.0	    0.0	    0.0	    0.0	    0.0	    0.0	    0.0	    0.0	    0.0	    0.0	  100.0	   92.4	    0.0	    0.0	    0.0	    0.0	    1.2	  1	  -50.0	 1250.0	   92.4	    0.0	    0.0	1	  227.0	 21	 1381.3	   18.1	
   32	   9.44	    0.0	 1500.0	    0.0	    0.0	    0.0	    0.0	    0.0	    0.0	    0.0	    0.0	    0.0	  100.0	   92.1	    0.0	    0.0	    0.0	    0.0	    1.2	  1	  -50.0	 1250.0	   92.1	    0.0	    0.0	1	  227.0	 21	 1380.9	   18.1	
   33	   9.54	    0.0	 1500.0	    0.0	    0.0	    0.0	    0.0	    0.0	    0.0	    0.0	    0.0	    0.0	  100.0	   91.8	    0.0	    0.0	    0.0	    0.0	    1.3	  1	  -50.0	 1250.0	   91.8	    0.0	    0.0	1	  227.0	 21	 1380.5	   18.1	
   34	   9.64	    0.0	 1500.0	    0.0	    0.0	    0.0	    0.0	    0.0	    0.0	    0.0	    0.0	    0.0	  100.0	   91.6	    0.0	    0.0	    0.0	    0.0	    1.3	  1	  -50.0	 1250.0	   91.6	    0.0	    0.0	1	  227.0	 21	 1380.2	   18.0	
   35	   9.74	    0.0	 1500.0	    0.0	    0.0	    0.0	    0.0	    0.0	    0.0	    0.0	    0.0	    0.0	  100.0	   91.3	    0.0	    0.0	    0.0	    0.0	    1.3	  1	  -50.0	 1250.0	   91.3	    0.0	    0.0	1	  227.0	 21	 1379.8	   18.0	
   36	   9.84	    0.0	 1500.0	    0.0	    0.0	    0.0	    0.0	    0.0	    0.0	    0.0	    0.0	    0.0	  100.0	   91.1	    0.0	    0.0	    0.0	    0.0	    1.4	  1	  -50.0	 1250.0	   91.1	    0.0	    0.0	1	  227.0	 21	 1379.4	   17.9	
   37	   9.94	    0.0	 1500.0	    0.0	    0.0	    0.0	    0.0	    0.0	    0.0	    0.0	    0.0	    0.0	  100.0	   90.8	    0.0	    0.0	    0.0	    0.0	    1.4	  1	  -50.0	 1250.0	   90.8	    0.0	    0.0	1	  227.0	 21	 1379.1	   17.9	
   38	  10.04	    0.0	 1500.0	    0.0	    0.0	    0.0	    0.0	    0.0	    0.0	    0.0	    0.0	    0.0	  100.0	   90.6	    0.0	    0.0	    0.0	    0.0	    1.4	  1	  -50.0	 1250.0	   90.6	    0.0	    0.0	1	  227.0	 21	 1378.7	   17.9	
   39	  10.14	    0.0	 1500.0	    0.0	    0.0	    0.0	    0.0	    0.0	    0.0	    0.0	    0.0	    0.0	  100.0	   90.3	    0.0	    0.0	    0.0	    0.0	    1.5	  1	  -50.0	 1250.0	   90.3	    0.0	    0.0	1	  227.0	 21	 1378.3	   17.8	
   40	  10.24	    0.0	 1500.0	    0.0	    0.0	    0.0	    0.0	    0.0	    0.0	    0.0	    0.0	    0.0	  100.0	   90.1	    0.0	    0.0	    0.0	    0.0	    1.5	  1	  -50.0	 1250.0	   90.1	    0.0	    0.0	1	  227.0	 21	 1378.0	   17.8	
   41	  10.34	    0.0	 1500.0	    0.0	    0.0	    0.0	    0.0	    0.0	    0.0	    0.0	    0.0	    0.0	  100.0	   89.8	    0.0	    0.0	    0.0	    0.0	    1.6	  1	  -50.0	 1250.0	   89.8	    0.0	    0.0	1	  227.0	 21	 1377.6	   17.8	
   42	  10.44	    0.0	 1500.0	    0.0	    0.0	    0.0	    0.0	    0.0	    0.0	    0.0	    0.0	    0.0	  100.0	   89.6	    0.0	    0.0	    0.0	    0.0	    1.6	  1	  -50.0	 1250.0	   89.6	    0.0	    0.0	1	  227.0	 21	 1377.2	   17.7	
   43	  10.54	    0.0	 1500.0	    0.0	    0.0	    0.0	    0.0	    0.0	    0.0	    0.0	    0.0	    0.0	  100.0	   89.3	    0.0	    0.0	    0.0	    0.0	    1.6	  1	  -50.0	 1250.0	   89.3	    0.0	    0.0	1	  227.0	 21	 1376.9	   17.7	
   44	  10.64	    0.0	 1500.0	    0.0	    0.0	    0.0	    0.0	    0.0	    0.0	    0.0	    0.0	    0.0	  100.0	   89.0	    0.0	    0.0	    0.0	    0.0	    1.7	  1	  -50.0	 1250.0	   89.0	    0.0	    0.0	1	  227.0	 21	 1376.5	   17.7	
   45	  10.74	    0.0	 1500.0	    0.0	    0.0	    0.0	    0.0	    0.0	    0.0	    0.0	    0.0	    0.0	  100.0	   88.8	    0.0	    0.0	    0.0	    0.0	    1.7	  1	  -50.0	 1250.0	   88.8	    0.0	    0.0	1	  227.0	 21	 1376.1	   17.6	
   46	  10.84	    0.0	 1500.0	    0.0	    0.0	    0.0	    0.0	    0.0	    0.0	    0.0	    0.0	    0.0	  100.0	   88.5	    0.0	    0.0	    0.0	    0.0	    1.7	  1	  -50.0	 1250.0	   88.5	    0.0	    0.0	1	  227.0	 21	 1375.8	   17.6	
   47	  10.94	    0.0	 1500.0	    0.0	    0.0	    0.0	    0.0	    0.0	    0.0	    0.0	    0.0	    0.0	  100.0	   88.3	    0.0	    0.0	    0.0	    0.0	    1.8	  1	  -50.0	 1250.0	   88.3	    0.0	    0.0	1	  227.0	 21	 1375.4	   17.5	
   48	  11.04	    0.0	 1500.0	    0.0	    0.0	    0.0	    0.0	    0.0	    0.0	    0.0	    0.0	    0.0	  100.0	   88.0	    0.0	    0.0	    0.0	    0.0	    1.8	  1	  -50.0	 1250.0	   88.0	    0.0	    0.0	1	  227.0	 21	 1375.0	   17.5	
   49	  11.14	    0.0	 1500.0	    0.0	    0.0	    0.0	    0.0	    0.0	    0.0	    0.0	    0.0	    0.0	  100.0	   87.8	    0.0	    0.0	    0.0	    0.0	    1.9	  1	  -50.0	 1250.0	   87.8	    0.0	    0.0	1	  227.0	 21	 1374.7	   17.5	
   50	  11.24	    0.0	 1500.0	    0.0	    0.0	    0.0	    0.0	    0.0	    0.0	    0.0	    0.0	    0.0	  100.0	   87.5	    0.0	    0.0	    0.0	    0.0	    1.9	  1	  -50.0	 1250.0	   87.5	    0.0	    0.0	1	  227.0	 21	 1374.3	   17.4	
   51	  11.34	    0.0	 1500.0	    0.0	    0.0	    0.0	    0.0	    0.0	    0.0	    0.0	    0.0	    0.0	  100.0	   87.3	    0.0	    0.0	    0.0	    0.0	    1.9	  1	  -50.0	 1250.0	   87.3	    0.0	    0.0	1	  227.0	 21	 1373.9	   17.4	
   52	  11.44	    0.0	 1500.0	    0.0	    0.0	    0.0	    0.0	    0.0	    0.0	    0.0	    0.0	    0.0	  100.0	   87.0	    0.0	    0.0	    0.0	    0.0	    2.0	  1	  -50.0	 1250.0	   87.0	    0.0	    0.0	1	  227.0	 21	 1373.6	   17.4	
   53	  11.54	    0.0	 1500.0	    0.0	    0.0	    0.0	    0.0	    0.0	    0.0	    0.0	    0.0	    0.0	  100.0	   86.7	    0.0	    0.0	    0.0	    0.0	    2.0	  1	  -50.0	 1250.0	   86.7	    0.0	    0.0	1	  227.0	 21	 1373.2	   17.3	
   54	  11.64	    0.0	 1500.0	    0.0	    0.0	    0.0	    0.0	    0.0	    0.0	    0.0	    0.0	    0.0	  100.0	   86.5	    0.0	    0.0	    0.0	    0.0	    2.1	  1	  -50.0	 1250.0	   86.5	    0.0	    0.0	1	  227.0	 21	 1372.9	   17.3	
   55	  11.74	    0.0	 1500.0	    0.0	    0.0	    0.0	    0.0	    0.0	    0.0	    0.0	    0.0	    0.0	  100.0	   86.2	    0.0	    0.0	    0.0	    0.0	    2.1	  1	  -50.0	 1250.0	   86.2	    0.0	    0.0	1	  227.0	 21	 1372.5	   17.2	
   56	  11.84	    0.0	 1500.0	    0.0	    0.0	    0.0	    0.0	    0.0	    0.0	    0.0	    0.0	    0.0	  100.0	   86.0	    0.0	    0.0	    0.0	    0.0	    2.1	  1	  -50.0	 1250.0	   86.0	    0.0	    0.0	1	  227.0	 21	 1372.1	   17.2	
   57	  11.94	    0.0	 1500.0	    0.0	    0.0	    0.0	    0.0	    0.0	    0.0	    0.0	    0.0	    0.0	  100.0	   85.7	    0.0	    0.0	    0.0	    0.0	    2.2	  1	  -50.0	 1250.0	   85.7	    0.0	    0.0	1	  227.0	 21	 1371.8	   17.2	
   58	  12.04	    0.0	 1500.0	    0.0	    0.0	    0.0	    0.0	    0.0	    0.0	    0.0	    0.0	    0.0	  100.0	   85.5	    0.0	    0.0	    0.0	    0.0	    2.2	  1	  -50.0	 1250.0	   85.5	    0.0	    0.0	1	  227.0	 21	 1371.4	   17.1	
   59	  12.14	    0.0	 1500.0	    0.0	    0.0	    0.0	    0.0	    0.0	    0.0	    0.0	    0.0	    0.0	  100.0	   85.2	    0.0	    0.0	    0.0	    0.0	    2.2	  1	  -50.0	 1250.0	   85.2	    0.0	    0.0	1	  227.0	 21	 1371.0	   17.1	
   60	  12.24	    0.0	 1500.0	    0.0	    0.0	    0.0	    0.0	    0.0	    0.0	    0.0	    0.0	    0.0	  100.0	   85.0	    0.0	    0.0	    0.0	    0.0	    2.3	  1	  -50.0	 1250.0	   85.0	    0.0	    0.0	1	  227.0	 21	 1370.7	   17.1	
   61	  12.34	    0.0	 1500.0	    0.0	    0.0	    0.0	    0.0	    0.0	    0.0	    0.0	    0.0	    0.0	  100.0	   84.7	    0.0	    0.0	    0.0	    0.0	    2.3	  1	  -50.0	 1250.0	   84.7	    0.0	    0.0	1	  227.0	 21	 1370.3	   17.0	
   62	  12.44	    0.0	 1500.0	    0.0	    0.0	    0.0	    0.0	    0.0	    0.0	    0.0	    0.0	    0.0	  100.0	   84.5	    0.0	    0.0	    0.0	    0.0	    2.4	  1	  -50.0	 1250.0	   84.5	    0.0	    0.0	1	  227.0	 21	 1369.9	   17.0	
   63	  12.54	    0.0	 1500.0	    0.0	    0.0	    0.0	    0.0	    0.0	    0.0	    0.0	    0.0	    0.0	  100.0	   84.2	    0.0	    0.0	    0.0	    0.0	    2.4	  1	  -50.0	 1250.0	   84.2	    0.0	    0.0	1	  227.0	 21	 1369.6	   17.0	
   64	  12.64	    0.0	 1500.0	    0.0	    0.0	    0.0	    0.0	    0.0	    0.0	    0.0	    0.0	    0.0	  100.0	   83.9	    0.0	    0.0	    0.0	    0.0	    2.4	  1	  -50.0	 1250.0	   83.9	    0.0	    0.0	1	  227.0	 21	 1369.2	   16.9	
   65	  12.74	    0.0	 1500.0	    0.0	    0.0	    0.0	    0.0	    0.0	    0.0	    0.0	    0.0	    0.0	  100.0	   83.7	    0.0	    0.0	    0.0	    0.0	    2.5	  1	  -50.0	 1250.0	   83.7	    0.0	    0.0	1	  227.0	 21	 1368.8	   16.9	
   66	  12.84	    0.0	 1500.0	    0.0	    0.0	    0.0	    0.0	    0.0	    0.0	    0.0	    0.0	    0.0	  100.0	   83.4	    0.0	    0.0	    0.0	    0.0	    2.5	  1	  -50.0	 1250.0	   83.4	    0.0	    0.0	1	  227.0	 21	 1368.5	   16.8	
   67	  12.94	    0.0	 1500.0	    0.0	    0.0	    0.0	    0.0	    0.0	    0.0	    0.0	    0.0	    0.0	  100.0	   83.2	    0.0	    0.0	    0.0	    0.0	    2.5	  1	  -50.0	 1250.0	   83.2	    0.0	    0.0	1	  227.0	 21	 1368.1	   16.8	
   68	  13.04	    0.0	 1500.0	    0.0	    0.0	    0.0	    0.0	    0.0	    0.0	    0.0	    0.0	    0.0	  100.0	   82.9	    0.0	    0.0	    0.0	    0.0	    2.6	  1	  -50.0	 1250.0	   82.9	    0.0	    0.0	1	  227.0	 21	 1367.7	   16.8	
   69	  13.14	    0.0	 1500.0	    0.0	    0.0	    0.0	    0.0	    0.0	    0.0	    0.0	    0.0	    0.0	  100.0	   82.7	    0.0	    0.0	    0.0	    0.0	    2.6	  1	  -50.0	 1250.0	   82.7	    0.0	    0.0	1	  227.0	 21	 1367.4	   16.7	
   70	  13.24	    0.0	 1500.0	    0.0	    0.0	    0.0	    0.0	    0.0	    0.0	    0.0	    0.0	    0.0	  100.0	   82.4	    0.0	    0.0	    0.0	    0.0	    2.7	  1	  -50.0	 1250.0	   82.4	    0.0	    0.0	1	  227.0	 21	 1367.0	   16.7	
   71	  13.34	    0.0	 1500.0	    0.0	    0.0	    0.0	    0.0	    0.0	    0.0	    0.0	    0.0	    0.0	  100.0	   82.2	    0.0	    0.0	    0.0	    0.0	    2.7	  1	  -50.0	 1250.0	   82.2	    0.0	    0.0	1	  227.0	 21	 1366.6	   16.7	
   72	  13.44	    0.0	 1500.0	    0.0	    0.0	    0.0	    0.0	    0.0	    0.0	    0.0	    0.0	    0.0	  100.0	   81.9	    0.0	    0.0	    0.0	    0.0	    2.7	  1	  -50.0	 1250.0	   81.9	    0.0	    0.0	1	  227.0	 21	 1366.3	   16.6	
   73	  13.54	    0.0	 1500.0	    0.0	    0.0	    0.0	    0.0	    0.0	    0.0	    0.0	    0.0	    0.0	  100.0	   81.7	    0.0	    0.0	    0.0	    0.0	    2.8	  1	  -50.0	 1250.0	   81.7	    0.0	    0.0	1	  227.0	 21	 1365.9	   16.6	
   74	  13.64	    0.0	 1500.0	    0.0	    0.0	    0.0	    0.0	    0.0	    0.0	    0.0	    0.0	    0.0	  100.0	   81.4	    0.0	    0.0	    0.0	    0.0	    2.8	  1	  -50.0	 1250.0	   81.4	    0.0	    0.0	1	  227.0	 21	 1365.5	   16.6	
   75	  13.74	    0.0	 1500.0	    0.0	    0.0	    0.0	    0.0	    0.0	    0.0	    0.0	    0.0	    0.0	  100.0	   81.1	    0.0	    0.0	    0.0	    0.0	    2.9	  1	  -50.0	 1250.0	   81.1	    0.0	    0.0	1	  227.0	 21	 1365.2	   16.5	
   76	  13.84	    0.0	 1500.0	    0.0	    0.0	    0.0	    0.0	    0.0	    0.0	    0.0	    0.0	    0.0	  100.0	   80.9	    0.0	    0.0	    0.0	    0.0	    2.9	  1	  -50.0	 1250.0	   80.9	    0.0	    0.0	1	  227.0	 21	 1364.8	   16.5	
   77	  13.94	    0.0	 1500.0	    0.0	    0.0	    0.0	    0.0	    0.0	    0.0	    0.0	    0.0	    0.0	  100.0	   80.6	    0.0	    0.0	    0.0	    0.0	    2.9	  1	  -50.0	 1250.0	   80.6	    0.0	    0.0	1	  227.0	 21	 1364.4	   16.4	
   78	  14.04	    0.0	 1500.0	    0.0	    0.0	    0.0	    0.0	    0.0	    0.0	    0.0	    0.0	    0.0	  100.0	   80.4	    0.0	    0.0	    0.0	    0.0	    3.0	  1	  -50.0	 1250.0	   80.4	    0.0	    0.0	1	  227.0	 21	 1364.1	   16.4	
   79	  14.14	    0.0	 1500.0	    0.0	    0.0	    0.0	    0.0	    0.0	    0.0	    0.0	    0.0	    0.0	  100.0	   80.1	    0.0	    0.0	    0.0	    0.0	    3.0	  1	  -50.0	 1250.0	   80.1	    0.0	    0.0	1	  227.0	 21	 1363.7	   16.4	
   80	  14.24	    0.0	 1500.0	    0.0	    0.0	    0.0	    0.0	    0.0	    0.0	    0.0	    0.0	    0.0	  100.0	   79.9	    0.0	    0.0	    0.0	    0.0	    3.0	  1	  -50.0	 1250.0	   79.9	    0.0	    0.0	1	  227.0	 21	 1363.3	   16.3	
   81	  14.34	    0.0	 1500.0	    0.0	    0.0	    0.0	    0.0	    0.0	    0.0	    0.0	    0.0	    0.0	  100.0	   79.6	    0.0	    0.0	    0.0	    0.0	    3.1	  1	  -50.0	 1250.0	   79.6	    0.0	    0.0	1	  227.0	 21	 1363.0	   16.3	
   82	  14.44	    0.0	 1500.0	    0.0	    0.0	    0.0	    0.0	    0.0	    0.0	    0.0	    0.0	    0.0	  100.0	   79.4	    0.0	    0.0	    0.0	    0.0	    3.1	  1	  -50.0	 1250.0	   79.4	    0.0	    0.0	1	  227.0	 21	 1362.6	   16.3	
   83	  14.54	    0.0	 1500.0	    0.0	    0.0	    0.0	    0.0	    0.0	    0.0	    0.0	    0.0	    0.0	  100.0	   79.1	    0.0	    0.0	    0.0	    0.0	    3.2	  1	  -50.0	 1250.0	   79.1	    0.0	    0.0	1	  227.0	 21	 1362.2	   16.2	
   84	  14.64	    0.0	 1500.0	    0.0	    0.0	    0.0	    0.0	    0.0	    0.0	    0.0	    0.0	    0.0	  100.0	   78.8	    0.0	    0.0	    0.0	    0.0	    3.2	  1	  -50.0	 1250.0	   78.8	    0.0	    0.0	1	  227.0	 21	 1361.9	   16.2	
   85	  14.74	    0.0	 1500.0	    0.0	    0.0	    0.0	    0.0	    0.0	    0.0	    0.0	    0.0	    0.0	  100.0	   78.6	    0.0	    0.0	    0.0	    0.0	    3.2	  1	  -50.0	 1250.0	   78.6	    0.0	    0.0	1	  227.0	 21	 1361.5	   16.2	
   86	  14.84	    0.0	 1500.0	    0.0	    0.0	    0.0	    0.0	    0.0	    0.0	    0.0	    0.0	    0.0	  100.0	   78.3	    0.0	    0.0	    0.0	    0.0	    3.3	  1	  -50.0	 1250.0	   78.3	    0.0	    0.0	1	  227.0	 21	 1361.1	   16.1	
   87	  14.94	    0.0	 1500.0	    0.0	    0.0	    0.0	    0.0	    0.0	    0.0	    0.0	    0.0	    0.0	  100.0	   78.1	    0.0	    0.0	    0.0	    0.0	    3.3	  1	  -50.0	 1250.0	   78.1	    0.0	    0.0	1	  227.0	 21	 1360.8	   16.1	
   88	  15.04	    0.0	 1500.0	    0.0	    0.0	    0.0	    0.0	    0.0	    0.0	    0.0	    0.0	    0.0	  100.0	   77.8	    0.0	    0.0	    0.0	    0.0	    3.3	  1	  -50.0	 1250.0	   77.8	    0.0	    0.0	1	  227.0	 21	 1360.4	   16.0	
   89	  15.14	    0.0	 1500.0	    0.0	  306.6	 1304.3	    0.0	  200.0	    0.0	    0.0	    0.0	    0.0	  100.0	   77.5	    0.0	    0.0	    0.0	    0.0	    3.4	  1	  450.0	 2250.0	   77.5	    0.0	    0.0	1	  455.3	 21	 1207.5	 -192.5	
   90	  15.24	    0.0	 1500.0	    0.0	  306.6	 1304.3	    0.0	  200.0	    0.0	    0.0	    0.0	    0.0	  100.0	   77.0	    0.0	    0.0	    0.0	    0.0	    3.4	  1	 -250.0	 1850.0	   77.0	    0.0	    0.0	1	  390.1	 21	    0.0	    0.0	
   91	  15.34	    0.0	 1500.0	    0.0	  306.6	 1304.3	    0.0	  200.0	    0.0	    0.0	    0.0	    0.0	  100.0	   76.5	    0.0	    0.0	    0.0	    0.0	    3.5	  1	 -250.0	 1850.0	   76.5	    0.0	    0.0	1	  390.1	 21	    0.0	    0.0	
   92	  15.44	    0.0	 1500.0	    0.0	  306.6	 1304.3	    0.0	  200.0	    0.0	    0.0	    0.0	    0.0	  100.0	   76.1	    0.0	    0.0	    0.0	    0.0	    3.5	  1	 -250.0	 1850.0	   76.1	    0.0	    0.0	1	  390.1	 21	    0.0	    0.0	
   93	  15.54	    0.0	 1500.0	    0.0	  306.6	 1304.3	    0.0	  200.0	    0.0	    0.0	    0.0	    0.0	  100.0	   75.6	    0.0	    0.0	    0.0	    0.0	    3.5	  1	 -250.0	 1850.0	   75.6	    0.0	    0.0	1	  390.1	 21	    0.0	    0.0	
   94	  15.64	    0.0	 1500.0	    0.0	  306.6	 1304.3	    0.0	  200.0	    0.0	    0.0	    0.0	    0.0	  100.0	   75.1	    0.0	    0.0	    0.0	    0.0	    3.6	  1	 -250.0	 1850.0	   75.1	    0.0	    0.0	1	  390.1	 21	    0.0	    0.0	
   95	  15.74	    0.0	 1500.0	    0.0	  307.1	 1304.0	    0.0	  200.0	    0.0	    0.0	    0.0	    0.0	  100.0	   74.6	    0.0	    0.0	    0.0	    0.0	    3.6	  1	 -250.0	 1850.0	   74.6	    0.0	    0.0	1	  390.1	 21	    0.0	    0.0	
   96	  15.84	    0.0	 1500.0	    0.0	  307.1	 1304.0	    0.0	  200.0	    0.0	    0.0	    0.0	    0.0	  100.0	   74.1	    0.0	    0.0	    0.0	    0.0	    3.6	  1	 -250.0	 1850.0	   74.1	    0.0	    0.0	1	  390.1	 21	    0.0	    0.0	
   97	  15.94	    0.0	 1500.0	    0.0	  307.1	 1304.0	    0.0	  200.0	    0.0	    0.0	    0.0	    0.0	  100.0	   73.6	    0.0	    0.0	    0.0	    0.0	    3.7	  1	 -250.0	 1850.0	   73.6	    0.0	    0.0	1	  390.1	 21	    0.0	    0.0	
   98	  16.04	    0.0	 1500.0	    0.0	  307.1	 1304.0	    0.0	  200.0	    0.0	    0.0	    0.0	    0.0	  100.0	   73.2	    0.0	    0.0	    0.0	    0.0	    3.7	  1	 -250.0	 1850.0	   73.2	    0.0	    0.0	1	  390.1	 21	    0.0	    0.0	
   99	  16.14	    0.0	 1500.0	    0.0	  307.1	 1304.0	    0.0	  200.0	    0.0	    0.0	    0.0	    0.0	  100.0	   72.7	    0.0	    0.0	    0.0	    0.0	    3.8	  1	 -250.0	 1850.0	   72.7	    0.0	    0.0	1	  390.1	 21	    0.0	    0.0	
  100	  16.24	    0.0	 1500.0	    0.0	  306.8	 1304.2	    0.0	  200.0	    0.0	    0.0	    0.0	    0.0	  100.0	   72.2	    0.0	    0.0	    0.0	    0.0	    3.8	  1	 -250.0	 1850.0	   72.2	    0.0	    0.0	1	  390.1	 21	    0.0	    0.0	
  101	  16.34	    0.0	 1500.0	    0.0	  306.8	 1304.2	    0.0	  200.0	    0.0	    0.0	    0.0	    0.0	  100.0	   71.7	    0.0	    0.0	    0.0	    0.0	    3.8	  1	 -250.0	 1850.0	   71.7	    0.0	    0.0	1	  390.1	 21	    0.0	    0.0	
  102	  16.44	    0.0	 1500.0	    0.0	  306.8	 1304.2	    0.0	  200.0	    0.0	    0.0	    0.0	    0.0	  100.0	   71.2	    0.0	    0.0	    0.0	    0.0	    3.9	  1	 -250.0	 1850.0	   71.2	    0.0	    0.0	1	  389.9	 21	    0.0	    0.0	
  103	  16.54	    0.0	 1500.0	    0.0	  306.8	 1304.2	    0.0	  200.0	    0.0	    0.0	    0.0	    0.0	  100.0	   70.7	    0.0	    0.0	    0.0	    0.0	    3.9	  1	 -250.0	 1850.0	   70.7	    0.0	    0.0	1	  389.5	 21	    0.0	    0.0	
  104	  16.64	    0.0	 1500.0	    0.0	  306.8	 1304.2	    0.0	  200.0	    0.0	    0.0	    0.0	    0.0	  100.0	   70.3	    0.0	    0.0	    0.0	    0.0	    4.0	  1	 -250.0	 1850.0	   70.3	    0.0	    0.0	1	  389.2	 21	    0.0	    0.0	
  105	  16.74	    0.0	 1500.0	    0.0	  318.9	 1315.2	    0.0	  200.0	    0.0	    0.0	    0.0	    0.0	  100.0	   69.8	    0.0	    0.0	    0.0	    0.0	    4.0	  1	 -250.0	 1850.0	   69.8	    0.0	    0.0	1	  388.7	 21	    0.0	    0.0	
  106	  16.84	    0.0	 1500.0	    0.0	  318.9	 1315.2	    0.0	  200.0	    0.0	    0.0	    0.0	    0.0	  100.0	   69.3	    0.0	    0.0	    0.0	    0.0	    4.0	  1	 -250.0	 1850.0	   69.3	    0.0	    0.0	1	  388.4	 21	    0.0	    0.0	
  107	  16.94	    0.0	 1500.0	    0.0	  318.9	 1315.2	    0.0	  200.0	    0.0	    0.0	    0.0	    0.0	  100.0	   68.8	    0.0	    0.0	    0.0	    0.0	    4.1	  1	 -250.0	 1850.0	   68.8	    0.0	    0.0	1	  388.0	 21	    0.0	    0.0	
  108	  17.04	    0.0	 1500.0	    0.0	  306.8	 1304.2	    0.0	  200.0	    0.0	    0.0	    0.0	    0.0	  100.0	   68.3	    0.0	    0.0	    0.0	    0.0	    4.1	  1	 -250.0	 1850.0	   68.3	    0.0	    0.0	1	  387.7	 21	    0.0	    0.0	
  109	  17.14	    0.0	 1500.0	    0.0	  318.9	 1315.2	    0.0	  200.0	    0.0	    0.0	    0.0	    0.0	  100.0	   67.8	    0.0	    0.0	    0.0	    0.0	    4.1	  1	 -250.0	 1850.0	   67.8	    0.0	    0.0	1	  387.3	 21	    0.0	    0.0	
  110	  17.24	    0.0	 1500.0	    0.0	  318.9	 1315.2	    0.0	  200.0	    0.0	    0.0	    0.0	    0.0	  100.0	   67.4	    0.0	    0.0	    0.0	    0.0	    4.2	  1	 -250.0	 1850.0	   67.4	    0.0	    0.0	1	  386.9	 21	    0.0	    0.0	
  111	  17.34	    0.0	 1500.0	    0.0	  318.9	 1315.2	    0.0	  200.0	    0.0	    0.0	    0.0	    0.0	  100.0	   66.9	    0.0	    0.0	    0.0	    0.0	    4.2	  1	 -250.0	 1850.0	   66.9	    0.0	    0.0	1	  386.6	 21	    0.0	    0.0	
  112	  17.44	    0.0	 1500.0	    0.0	  413.2	 1355.7	    0.0	  200.0	    0.0	    0.0	    0.0	    0.0	  100.0	   66.4	    0.0	    0.0	    0.0	    0.0	    4.3	  1	 -250.0	 1750.0	   66.4	    0.0	    0.0	1	  324.4	 21	 1346.0	  -54.0	
  113	  17.54	    0.0	 1500.0	    0.0	  413.2	 1355.7	    0.0	  200.0	    0.0	    0.0	    0.0	    0.0	  100.0	   65.9	    0.0	    0.0	    0.0	    0.0	    4.3	  1	 -350.0	 1450.0	   65.9	    0.0	    0.0	1	  291.1	 21	    0.0	    0.0	
  114	  17.64	    0.0	 1500.0	    0.0	  413.2	 1355.7	    0.0	  200.0	    0.0	    0.0	    0.0	    0.0	  100.0	   65.5	    0.0	    0.0	    0.0	    0.0	    4.3	  1	 -350.0	 1450.0	   65.5	    0.0	    0.0	1	  291.1	 21	    0.0	    0.0	
  115	  17.74	    0.0	 1500.0	    0.0	  413.2	 1355.7	    0.0	  200.0	    0.0	    0.0	    0.0	    0.0	  100.0	   65.0	    0.0	    0.0	    0.0	    0.0	    4.4	  1	 -350.0	 1450.0	   65.0	    0.0	    0.0	1	  291.1	 21	    0.0	    0.0	
  116	  17.84	    0.0	 1500.0	    0.0	  413.2	 1355.7	    0.0	  200.0	    0.0	    0.0	    0.0	    0.0	  100.0	   64.5	    0.0	    0.0	    0.0	    0.0	    4.4	  1	 -350.0	 1450.0	   64.5	    0.0	    0.0	1	  291.1	 21	    0.0	    0.0	
  117	  17.94	    0.0	 1500.0	    0.0	  413.2	 1355.7	    0.0	  200.0	    0.0	    0.0	    0.0	    0.0	  100.0	   64.0	    0.0	    0.0	    0.0	    0.0	    4.4	  1	 -350.0	 1450.0	   64.0	    0.0	    0.0	1	  291.1	 21	    0.0	    0.0	
  118	  18.04	    0.0	 1500.0	    0.0	  413.2	 1355.7	    0.0	  200.0	    0.0	    0.0	    0.0	    0.0	  100.0	   63.5	    0.0	    0.0	    0.0	    0.0	    4.5	  1	 -350.0	 1450.0	   63.5	    0.0	    0.0	1	  291.1	 21	    0.0	    0.0	
  119	  18.14	    0.0	 1500.0	    0.0	  557.4	 1382.4	    0.0	  200.0	    0.0	    0.0	    0.0	    0.0	  100.0	   63.1	    0.0	    0.0	    0.0	    0.0	    4.5	  1	 -150.0	 1650.0	   63.1	    0.0	    0.0	1	  193.9	 21	 1309.8	  -90.2	
  120	  18.24	    0.0	 1500.0	    0.0	  557.4	 1382.4	    0.0	  200.0	    0.0	    0.0	    0.0	    0.0	  100.0	   62.6	    0.0	    0.0	    0.0	    0.0	    4.6	  1	 -150.0	 1650.0	   62.6	    0.0	    0.0	1	  193.9	 21	    0.0	    0.0	
  121	  18.34	    0.0	 1500.0	    0.0	  557.4	 1382.4	    0.0	  200.0	    0.0	    0.0	    0.0	    0.0	  100.0	   62.2	    0.0	    0.0	    0.0	    0.0	    4.6	  1	 -150.0	 1650.0	   62.2	    0.0	    0.0	1	  193.9	 21	    0.0	    0.0	
  122	  18.44	    0.0	 1500.0	    0.0	  557.4	 1382.4	    0.0	  200.0	    0.0	    0.0	    0.0	    0.0	  100.0	   61.7	    0.0	    0.0	    0.0	    0.0	    4.6	  1	 -150.0	 1650.0	   61.7	    0.0	    0.0	1	  193.9	 21	    0.0	    0.0	
  123	  18.54	    0.0	 1500.0	    0.0	  557.4	 1382.4	    0.0	  200.0	    0.0	    0.0	    0.0	    0.0	  100.0	   61.3	    0.0	    0.0	    0.0	    0.0	    4.7	  1	 -150.0	 1650.0	   61.3	    0.0	    0.0	1	  193.9	 21	    0.0	    0.0	
  124	  18.64	    0.0	 1500.0	    0.0	  557.4	 1382.4	    0.0	  200.0	    0.0	    0.0	    0.0	    0.0	  100.0	   60.8	    0.0	    0.0	    0.0	    0.0	    4.7	  1	 -150.0	 1650.0	   60.8	    0.0	    0.0	1	  193.9	 21	    0.0	    0.0	
  125	  18.74	    0.0	 1500.0	    0.0	  557.4	 1382.4	    0.0	  200.0	    0.0	    0.0	    0.0	    0.0	  100.0	   60.3	    0.0	    0.0	    0.0	    0.0	    4.8	  1	 -150.0	 1650.0	   60.3	    0.0	    0.0	1	  193.9	 21	    0.0	    0.0	
  126	  18.84	    0.0	 1500.0	    0.0	  658.6	 1416.1	    0.0	  200.0	    0.0	    0.0	    0.0	    0.0	  100.0	   59.9	    0.0	    0.0	    0.0	    0.0	    4.8	  1	 -150.0	 1450.0	   59.9	    0.0	    0.0	1	  140.1	 21	 1334.9	  -65.1	
  127	  18.94	    0.0	 1500.0	    0.0	  557.4	 1382.4	    0.0	  200.0	    0.0	    0.0	    0.0	    0.0	  100.0	   59.4	    0.0	    0.0	    0.0	    0.0	    4.8	  1	 -150.0	 1650.0	   59.4	    0.0	    0.0	1	  193.9	 21	    0.0	    0.0	
  128	  19.04	    0.0	 1500.0	    0.0	  658.6	 1416.1	    0.0	  200.0	    0.0	    0.0	    0.0	    0.0	  100.0	   59.0	    0.0	    0.0	    0.0	    0.0	    4.9	  1	 -150.0	 1450.0	   59.0	    0.0	    0.0	1	  140.1	 21	 1336.0	  -64.0	
  129	  19.14	    0.0	 1500.0	    0.0	  658.6	 1416.1	    0.0	  200.0	    0.0	    0.0	    0.0	    0.0	  100.0	   58.6	    0.0	    0.0	    0.0	    0.0	    4.9	  1	 -150.0	 1450.0	   58.6	    0.0	    0.0	1	  140.1	 21	    0.0	    0.0	
  130	  19.24	    0.0	 1500.0	    0.0	  658.6	 1416.1	    0.0	  200.0	    0.0	    0.0	    0.0	    0.0	  100.0	   58.1	    0.0	    0.0	    0.0	    0.0	    4.9	  1	 -150.0	 1450.0	   58.1	    0.0	    0.0	1	  140.1	 21	    0.0	    0.0	
  131	  19.34	    0.0	 1500.0	    0.0	  658.6	 1416.1	    0.0	  200.0	    0.0	    0.0	    0.0	    0.0	  100.0	   57.7	    0.0	    0.0	    0.0	    0.0	    5.0	  1	 -150.0	 1450.0	   57.7	    0.0	    0.0	1	  140.1	 21	    0.0	    0.0	
  132	  19.44	    0.0	 1500.0	    0.0	  658.6	 1416.1	    0.0	  200.0	    0.0	    0.0	    0.0	    0.0	  100.0	   57.2	    0.0	    0.0	    0.0	    0.0	    5.0	  1	 -150.0	 1450.0	   57.2	    0.0	    0.0	1	  140.1	 21	    0.0	    0.0	
  133	  19.54	    0.0	 1500.0	    0.0	  658.6	 1416.1	    0.0	  200.0	    0.0	    0.0	    0.0	    0.0	  100.0	   56.8	    0.0	    0.0	    0.0	    0.0	    5.1	  1	 -150.0	 1450.0	   56.8	    0.0	    0.0	1	  140.1	 21	    0.0	    0.0	
  134	  19.64	    0.0	 1500.0	    0.0	  668.9	 1449.5	    0.0	  200.0	    0.0	    0.0	    0.0	    0.0	  100.0	   56.3	    0.0	    0.0	    0.0	    0.0	    5.1	  1	 -150.0	 1450.0	   56.3	    0.0	    0.0	1	  140.2	 21	    0.0	    0.0	
  135	  19.74	    0.0	 1500.0	    0.0	  668.9	 1449.5	    0.0	  200.0	    0.0	    0.0	    0.0	    0.0	  100.0	   55.9	    0.0	    0.0	    0.0	    0.0	    5.1	  1	 -150.0	 1450.0	   55.9	    0.0	    0.0	1	  140.2	 21	    0.0	    0.0	
  136	  19.84	    0.0	 1500.0	    0.0	  668.9	 1449.5	    0.0	  200.0	    0.0	    0.0	    0.0	    0.0	  100.0	   55.4	    0.0	    0.0	    0.0	    0.0	    5.2	  1	 -150.0	 1450.0	   55.4	    0.0	    0.0	1	  140.2	 21	    0.0	    0.0	
  137	  19.94	    0.0	 1500.0	    0.0	  668.9	 1449.5	    0.0	  200.0	    0.0	    0.0	    0.0	    0.0	  100.0	   55.0	    0.0	    0.0	    0.0	    0.0	    5.2	  1	 -150.0	 1450.0	   55.0	    0.0	    0.0	1	  140.2	 21	    0.0	    0.0	
  138	  20.04	    0.0	 1500.0	    0.0	  668.9	 1449.5	    0.0	  200.0	    0.0	    0.0	    0.0	    0.0	  100.0	   54.6	    0.0	    0.0	    0.0	    0.0	    5.2	  1	 -150.0	 1450.0	   54.6	    0.0	    0.0	1	  140.2	 21	    0.0	    0.0	
  139	  20.14	    0.0	 1500.0	    0.0	  668.9	 1449.5	    0.0	  200.0	    0.0	    0.0	    0.0	    0.0	  100.0	   54.1	    0.0	    0.0	    0.0	    0.0	    5.3	  1	 -150.0	 1450.0	   54.1	    0.0	    0.0	1	  140.2	 21	    0.0	    0.0	
  140	  20.24	    0.0	 1500.0	    0.0	  668.9	 1449.5	    0.0	  200.0	    0.0	    0.0	    0.0	    0.0	  100.0	   53.7	    0.0	    0.0	    0.0	    0.0	    5.3	  1	 -150.0	 1450.0	   53.7	    0.0	    0.0	1	  140.2	 21	    0.0	    0.0	
  141	  20.34	    0.0	 1500.0	    0.0	  640.2	 1458.3	    0.0	  200.0	    0.0	    0.0	    0.0	    0.0	  100.0	   53.2	    0.0	    0.0	    0.0	    0.0	    5.4	  1	 -150.0	 1450.0	   53.2	    0.0	    0.0	1	  140.1	 21	    0.0	    0.0	
  142	  20.44	    0.0	 1500.0	    0.0	  640.2	 1458.3	    0.0	  200.0	    0.0	    0.0	    0.0	    0.0	  100.0	   52.8	    0.0	    0.0	    0.0	    0.0	    5.4	  1	 -150.0	 1450.0	   52.8	    0.0	    0.0	1	  140.1	 21	    0.0	    0.0	
  143	  20.54	    0.0	 1500.0	    0.0	  640.2	 1458.3	    0.0	  200.0	    0.0	    0.0	    0.0	    0.0	  100.0	   52.3	    0.0	    0.0	    0.0	    0.0	    5.4	  1	 -150.0	 1450.0	   52.3	    0.0	    0.0	1	  140.1	 21	    0.0	    0.0	
  144	  20.64	    0.0	 1500.0	    0.0	  640.2	 1458.3	    0.0	  200.0	    0.0	    0.0	    0.0	    0.0	  100.0	   51.9	    0.0	    0.0	    0.0	    0.0	    5.5	  1	 -150.0	 1450.0	   51.9	    0.0	    0.0	1	  140.1	 21	    0.0	    0.0	
  145	  20.74	    0.0	 1500.0	    0.0	  640.2	 1458.3	    0.0	  200.0	    0.0	    0.0	    0.0	    0.0	  100.0	   51.4	    0.0	    0.0	    0.0	    0.0	    5.5	  1	 -150.0	 1450.0	   51.4	    0.0	    0.0	1	  140.1	 21	    0.0	    0.0	
  146	  20.84	    0.0	 1500.0	    0.0	  640.2	 1458.3	    0.0	  200.0	    0.0	    0.0	    0.0	    0.0	  100.0	   51.0	    0.0	    0.0	    0.0	    0.0	    5.5	  1	 -150.0	 1450.0	   51.0	    0.0	    0.0	1	  140.1	 21	    0.0	    0.0	
  147	  20.94	    0.0	 1500.0	    0.0	  668.9	 1449.5	    0.0	  200.0	    0.0	    0.0	    0.0	    0.0	  100.0	   50.5	    0.0	    0.0	    0.0	    0.0	    5.6	  1	 -150.0	 1450.0	   50.5	    0.0	    0.0	1	  140.2	 21	    0.0	    0.0	
  148	  21.04	    0.0	 1500.0	    0.0	  630.1	 1463.1	    0.0	  200.0	    0.0	    0.0	    0.0	    0.0	  100.0	   50.1	    0.0	    0.0	    0.0	    0.0	    5.6	  1	 -150.0	 1450.0	   50.1	    0.0	    0.0	1	  140.2	 21	    0.0	    0.0	
  149	  21.14	    0.0	 1500.0	    0.0	  630.1	 1463.1	    0.0	  200.0	    0.0	    0.0	    0.0	    0.0	  100.0	   49.6	    0.0	    0.0	    0.0	    0.0	    5.7	  1	 -150.0	 1450.0	   49.6	    0.0	    0.0	1	  140.2	 21	    0.0	    0.0	
  150	  21.24	    0.0	 1500.0	    0.0	  630.1	 1463.1	    0.0	  200.0	    0.0	    0.0	    0.0	    0.0	  100.0	   49.2	    0.0	    0.0	    0.0	    0.0	    5.7	  1	 -150.0	 1450.0	   49.2	    0.0	    0.0	1	  140.2	 21	    0.0	    0.0	
  151	  21.34	    0.0	 1500.0	    0.0	  630.1	 1463.1	    0.0	  200.0	    0.0	    0.0	    0.0	    0.0	  100.0	   48.7	    0.0	    0.0	    0.0	    0.0	    5.7	  1	 -150.0	 1450.0	   48.7	    0.0	    0.0	1	  140.2	 21	    0.0	    0.0	
  152	  21.44	    0.0	 1500.0	    0.0	  630.1	 1463.1	    0.0	  200.0	    0.0	    0.0	    0.0	    0.0	  100.0	   48.3	    0.0	    0.0	    0.0	    0.0	    5.8	  1	 -150.0	 1450.0	   48.3	    0.0	    0.0	1	  140.2	 21	    0.0	    0.0	
  153	  21.54	    0.0	 1500.0	    0.0	  626.0	 1456.2	    0.0	  200.0	    0.0	    0.0	    0.0	    0.0	  100.0	   47.8	    0.0	    0.0	    0.0	    0.0	    5.8	  1	 -150.0	 1450.0	   47.8	    0.0	    0.0	1	  140.1	 21	    0.0	    0.0	
  154	  21.64	    0.0	 1500.0	    0.0	  630.1	 1463.1	    0.0	  200.0	    0.0	    0.0	    0.0	    0.0	  100.0	   47.4	    0.0	    0.0	    0.0	    0.0	    5.9	  1	 -150.0	 1450.0	   47.4	    0.0	    0.0	1	  140.2	 21	    0.0	    0.0	
  155	  21.74	    0.0	 1500.0	    0.0	  625.0	 1456.3	    0.0	  200.0	    0.0	    0.0	    0.0	    0.0	  100.0	   46.9	    0.0	    0.0	    0.0	    0.0	    5.9	  1	 -150.0	 1450.0	   46.9	    0.0	    0.0	1	  140.1	 21	    0.0	    0.0	
  156	  21.84	    0.0	 1500.0	    0.0	  625.0	 1456.3	    0.0	  200.0	    0.0	    0.0	    0.0	    0.0	  100.0	   46.5	    0.0	    0.0	    0.0	    0.0	    5.9	  1	 -150.0	 1450.0	   46.5	    0.0	    0.0	1	  140.1	 21	    0.0	    0.0	
  157	  21.94	    0.0	 1500.0	    0.0	  625.0	 1456.3	    0.0	  200.0	    0.0	    0.0	    0.0	    0.0	  100.0	   46.0	    0.0	    0.0	    0.0	    0.0	    6.0	  1	 -150.0	 1450.0	   46.0	    0.0	    0.0	1	  140.1	 21	    0.0	    0.0	
  158	  22.04	    0.0	 1500.0	    0.0	  625.0	 1456.3	    0.0	  200.0	    0.0	    0.0	    0.0	    0.0	  100.0	   45.6	    0.0	    0.0	    0.0	    0.0	    6.0	  1	 -150.0	 1450.0	   45.6	    0.0	    0.0	1	  140.1	 21	    0.0	    0.0	
  159	  22.14	    0.0	 1500.0	    0.0	  625.0	 1456.3	    0.0	  200.0	    0.0	    0.0	    0.0	    0.0	  100.0	   45.1	    0.0	    0.0	    0.0	    0.0	    6.0	  1	 -150.0	 1450.0	   45.1	    0.0	    0.0	1	  140.1	 21	    0.0	    0.0	
  160	  22.24	    0.0	 1500.0	    0.0	  625.0	 1456.3	    0.0	  200.0	    0.0	    0.0	    0.0	    0.0	  100.0	   44.7	    0.0	    0.0	    0.0	    0.0	    6.1	  1	 -150.0	 1450.0	   44.7	    0.0	    0.0	1	  140.1	 21	    0.0	    0.0	
  161	  22.34	    0.0	 1500.0	    0.0	  563.4	 1444.1	    0.0	  200.0	    0.0	    0.0	    0.0	    0.0	  100.0	   44.2	    0.0	    0.0	    0.0	    0.0	    6.1	  1	 -250.0	 1450.0	   44.2	    0.0	    0.0	1	  229.5	 21	    0.0	    0.0	
  162	  22.44	    0.0	 1500.0	    0.0	  563.4	 1444.1	    0.0	  200.0	    0.0	    0.0	    0.0	    0.0	  100.0	   43.7	    0.0	    0.0	    0.0	    0.0	    6.2	  1	 -150.0	 1750.0	   43.7	    0.0	    0.0	1	  265.0	 21	    0.0	    0.0	
  163	  22.54	    0.0	 1500.0	    0.0	  563.4	 1444.1	    0.0	  200.0	    0.0	    0.0	    0.0	    0.0	  100.0	   43.3	    0.0	    0.0	    0.0	    0.0	    6.2	  1	 -150.0	 1750.0	   43.3	    0.0	    0.0	1	  265.0	 21	    0.0	    0.0	
  164	  22.64	    0.0	 1500.0	    0.0	  563.4	 1444.1	    0.0	  200.0	    0.0	    0.0	    0.0	    0.0	  100.0	   42.8	    0.0	    0.0	    0.0	    0.0	    6.2	  1	 -150.0	 1750.0	   42.8	    0.0	    0.0	1	  265.0	 21	    0.0	    0.0	
  165	  22.74	    0.0	 1500.0	    0.0	  563.4	 1444.1	    0.0	  200.0	    0.0	    0.0	    0.0	    0.0	  100.0	   42.3	    0.0	    0.0	    0.0	    0.0	    6.3	  1	 -150.0	 1750.0	   42.3	    0.0	    0.0	1	  265.0	 21	    0.0	    0.0	
  166	  22.84	    0.0	 1500.0	    0.0	  563.4	 1444.1	    0.0	  200.0	    0.0	    0.0	    0.0	    0.0	  100.0	   41.9	    0.0	    0.0	    0.0	    0.0	    6.3	  1	 -150.0	 1750.0	   41.9	    0.0	    0.0	1	  265.0	 21	    0.0	    0.0	
  167	  22.94	    0.0	 1500.0	    0.0	  514.0	 1437.0	    0.0	  200.0	    0.0	    0.0	    0.0	    0.0	  100.0	   41.4	    0.0	    0.0	    0.0	    0.0	    6.3	  1	 -250.0	 1450.0	   41.4	    0.0	    0.0	1	  229.4	 21	    0.0	    0.0	
  168	  23.04	    0.0	 1500.0	    0.0	  514.0	 1437.0	    0.0	  200.0	    0.0	    0.0	    0.0	    0.0	  100.0	   40.9	    0.0	    0.0	    0.0	    0.0	    6.4	  1	 -250.0	 1450.0	   40.9	    0.0	    0.0	1	  229.4	 21	    0.0	    0.0	
  169	  23.14	    0.0	 1500.0	    0.0	  514.0	 1437.0	    0.0	  200.0	    0.0	    0.0	    0.0	    0.0	  100.0	   40.5	    0.0	    0.0	    0.0	    0.0	    6.4	  1	 -250.0	 1450.0	   40.5	    0.0	    0.0	1	  229.4	 21	    0.0	    0.0	
  170	  23.24	    0.0	 1500.0	    0.0	  514.0	 1437.0	    0.0	  200.0	    0.0	    0.0	    0.0	    0.0	  100.0	   40.0	    0.0	    0.0	    0.0	    0.0	    6.5	  1	 -250.0	 1450.0	   40.0	    0.0	    0.0	1	  229.4	 21	    0.0	    0.0	
  171	  23.34	    0.0	 1500.0	    0.0	  514.0	 1437.0	    0.0	  200.0	    0.0	    0.0	    0.0	    0.0	  100.0	   39.5	    0.0	    0.0	    0.0	    0.0	    6.5	  1	 -250.0	 1450.0	   39.5	    0.0	    0.0	1	  229.4	 21	    0.0	    0.0	
  172	  23.44	    0.0	 1500.0	    0.0	  514.0	 1437.0	    0.0	  200.0	    0.0	    0.0	    0.0	    0.0	  100.0	   39.1	    0.0	    0.0	    0.0	    0.0	    6.5	  1	 -250.0	 1450.0	   39.1	    0.0	    0.0	1	  229.4	 21	 1398.8	   19.9	
  173	  23.54	    0.0	 1500.0	    0.0	  464.8	 1360.5	    0.0	  200.0	    0.0	    0.0	    0.0	    0.0	  100.0	   38.6	    0.0	    0.0	    0.0	    0.0	    6.6	  1	 -250.0	 1650.0	   38.6	    0.0	    0.0	1	  264.9	 21	 1399.0	   19.9	
  174	  23.64	    0.0	 1500.0	    0.0	  464.8	 1360.5	    0.0	  200.0	    0.0	    0.0	    0.0	    0.0	  100.0	   38.1	    0.0	    0.0	    0.0	    0.0	    6.6	  1	 -250.0	 1650.0	   38.1	    0.0	    0.0	1	  264.9	 21	 1396.5	   19.6	
  175	  23.74	    0.0	 1500.0	    0.0	  514.0	 1437.0	    0.0	  200.0	    0.0	    0.0	    0.0	    0.0	  100.0	   37.7	    0.0	    0.0	    0.0	    0.0	    6.6	  1	 -250.0	 1550.0	   37.7	    0.0	    0.0	1	  234.1	 21	 1377.2	  -22.8	
  176	  23.84	    0.0	 1500.0	    0.0	  464.8	 1360.5	    0.0	  200.0	    0.0	    0.0	    0.0	    0.0	  100.0	   37.2	    0.0	    0.0	    0.0	    0.0	    6.7	  1	 -250.0	 1650.0	   37.2	    0.0	    0.0	1	  264.9	 21	 1393.5	   19.3	
  177	  23.94	    0.0	 1500.0	    0.0	  464.8	 1360.5	    0.0	  200.0	    0.0	    0.0	    0.0	    0.0	  100.0	   36.7	    0.0	    0.0	    0.0	    0.0	    6.7	  1	 -250.0	 1650.0	   36.7	    0.0	    0.0	1	  264.9	 21	 1390.9	   19.1	
  178	  24.04	    0.0	 1500.0	    0.0	  464.8	 1360.5	    0.0	  200.0	    0.0	    0.0	    0.0	    0.0	  100.0	   36.3	    0.0	    0.0	    0.0	    0.0	    6.8	  1	 -250.0	 1650.0	   36.3	    0.0	    0.0	1	  264.9	 21	 1389.1	   18.9	
  179	  24.14	    0.0	 1500.0	    0.0	  464.8	 1360.5	    0.0	  200.0	    0.0	    0.0	    0.0	    0.0	  100.0	   35.8	    0.0	    0.0	    0.0	    0.0	    6.8	  1	 -250.0	 1650.0	   35.8	    0.0	    0.0	1	  264.9	 21	 1387.2	   18.7	
  180	  24.24	    0.0	 1500.0	    0.0	  464.8	 1360.5	    0.0	  200.0	    0.0	    0.0	    0.0	    0.0	  100.0	   35.3	    0.0	    0.0	    0.0	    0.0	    6.8	  1	 -250.0	 1650.0	   35.3	    0.0	    0.0	1	  264.9	 21	 1385.4	   18.5	
  181	  24.34	    0.0	 1500.0	    0.0	  464.8	 1360.5	    0.0	  200.0	    0.0	    0.0	    0.0	    0.0	  100.0	   34.8	    0.0	    0.0	    0.0	    0.0	    6.9	  1	 -250.0	 1650.0	   34.8	    0.0	    0.0	1	  264.9	 21	 1383.5	   18.4	
  182	  24.44	    0.0	 1500.0	    0.0	  464.8	 1360.5	    0.0	  200.0	    0.0	    0.0	    0.0	    0.0	  100.0	   34.4	    0.0	    0.0	    0.0	    0.0	    6.9	  1	 -250.0	 1650.0	   34.4	    0.0	    0.0	1	  264.9	 21	 1381.7	   18.2	
  183	  24.54	    0.0	 1500.0	    0.0	  360.3	 1339.6	    0.0	  200.0	    0.0	    0.0	    0.0	    0.0	  100.0	   33.9	    0.0	    0.0	    0.0	    0.0	    7.0	  1	 -350.0	 1650.0	   33.9	    0.0	    0.0	1	  335.2	 21	 1383.8	   18.4	
  184	  24.64	    0.0	 1500.0	    0.0	  360.3	 1339.6	    0.0	  200.0	    0.0	    0.0	    0.0	    0.0	  100.0	   33.4	    0.0	    0.0	    0.0	    0.0	    7.0	  1	 -350.0	 1650.0	   33.4	    0.0	    0.0	1	  341.4	 21	 1380.2	   18.0	
  185	  24.74	    0.0	 1500.0	    0.0	  360.3	 1339.6	    0.0	  200.0	    0.0	    0.0	    0.0	    0.0	  100.0	   32.9	    0.0	    0.0	    0.0	    0.0	    7.0	  1	 -350.0	 1650.0	   32.9	    0.0	    0.0	1	  340.7	 21	 1378.3	   17.8	
  186	  24.84	    0.0	 1500.0	    0.0	  360.3	 1339.6	    0.0	  200.0	    0.0	    0.0	    0.0	    0.0	  100.0	   32.4	    0.0	    0.0	    0.0	    0.0	    7.1	  1	 -350.0	 1650.0	   32.4	    0.0	    0.0	1	  340.0	 21	 1376.3	   17.6	
  187	  24.94	    0.0	 1500.0	    0.0	  349.6	 1343.2	    0.0	  200.0	    0.0	    0.0	    0.0	    0.0	  100.0	   32.0	    0.0	    0.0	    0.0	    0.0	    7.1	  1	 -350.0	 1650.0	   32.0	    0.0	    0.0	1	  338.6	 21	 1374.6	   17.5	
  188	  25.04	    0.0	 1500.0	    0.0	  349.6	 1343.2	    0.0	  200.0	    0.0	    0.0	    0.0	    0.0	  100.0	   31.5	    0.0	    0.0	    0.0	    0.0	    7.1	  1	 -350.0	 1650.0	   31.5	    0.0	    0.0	1	  337.9	 21	 1372.7	   17.3	
  189	  25.14	    0.0	 1500.0	    0.0	  349.6	 1343.2	    0.0	  200.0	    0.0	    0.0	    0.0	    0.0	  100.0	   31.0	    0.0	    0.0	    0.0	    0.0	    7.2	  1	 -350.0	 1650.0	   31.0	    0.0	    0.0	1	  337.3	 21	 1370.8	   17.1	
  190	  25.24	    0.0	 1500.0	    0.0	  349.6	 1343.2	    0.0	  200.0	    0.0	    0.0	    0.0	    0.0	  100.0	   30.5	    0.0	    0.0	    0.0	    0.0	    7.2	  1	 -350.0	 1650.0	   30.5	    0.0	    0.0	1	  336.6	 21	 1368.8	   16.9	
  191	  25.34	    0.0	 1500.0	    0.0	  349.6	 1343.2	    0.0	  200.0	    0.0	    0.0	    0.0	    0.0	  100.0	   30.0	    0.0	    0.0	    0.0	    0.0	    7.3	  1	 -350.0	 1650.0	   30.0	    0.0	    0.0	1	  335.9	 21	 1366.9	   16.7	
  192	  25.44	    0.0	 1500.0	    0.0	  349.6	 1343.2	    0.0	  200.0	    0.0	    0.0	    0.0	    0.0	  100.0	   29.6	    0.0	    0.0	    0.0	    0.0	    7.3	  1	 -350.0	 1650.0	   29.6	    0.0	    0.0	1	  335.3	 21	 1365.0	   16.5	
  193	  25.54	    0.0	 1500.0	    0.0	  334.7	 1336.8	    0.0	  200.0	    0.0	    0.0	    0.0	    0.0	  100.0	   29.1	    0.0	    0.0	    0.0	    0.0	    7.3	  1	 -350.0	 1650.0	   29.1	    0.0	    0.0	1	  333.8	 21	 1363.2	   16.3	
  194	  25.64	    0.0	 1500.0	    0.0	  334.7	 1336.8	    0.0	  200.0	    0.0	    0.0	    0.0	    0.0	  100.0	   28.6	    0.0	    0.0	    0.0	    0.0	    7.4	  1	 -350.0	 1650.0	   28.6	    0.0	    0.0	1	  333.2	 21	 1361.3	   16.1	
  195	  25.74	    0.0	 1500.0	    0.0	  334.7	 1336.8	    0.0	  200.0	    0.0	    0.0	    0.0	    0.0	  100.0	   28.1	    0.0	    0.0	    0.0	    0.0	    7.4	  1	 -350.0	 1650.0	   28.1	    0.0	    0.0	1	  332.5	 21	 1359.3	   15.9	
  196	  25.84	    0.0	 1500.0	    0.0	  334.7	 1336.8	    0.0	  200.0	    0.0	    0.0	    0.0	    0.0	  100.0	   27.6	    0.0	    0.0	    0.0	    0.0	    7.4	  1	 -350.0	 1650.0	   27.6	    0.0	    0.0	1	  331.9	 21	 1357.4	   15.7	
  197	  25.94	    0.0	 1500.0	    0.0	  334.7	 1336.8	    0.0	  200.0	    0.0	    0.0	    0.0	    0.0	  100.0	   27.1	    0.0	    0.0	    0.0	    0.0	    7.5	  1	 -350.0	 1650.0	   27.1	    0.0	    0.0	1	  331.2	 21	 1355.5	   15.5	
  198	  26.04	    0.0	 1500.0	    0.0	  334.7	 1336.8	    0.0	  200.0	    0.0	    0.0	    0.0	    0.0	  100.0	   26.7	    0.0	    0.0	    0.0	    0.0	    7.5	  1	 -350.0	 1650.0	   26.7	    0.0	    0.0	1	  330.6	 21	 1353.5	   15.4	
  199	  26.14	    0.0	 1500.0	    0.0	  320.3	 1326.1	    0.0	  200.0	    0.0	    0.0	    0.0	    0.0	  100.0	   26.2	    0.0	    0.0	    0.0	    0.0	    7.6	  1	 -250.0	 1850.0	   26.2	    0.0	    0.0	1	  336.5	 21	 1351.7	   15.2	
  200	  26.24	    0.0	 1500.0	    0.0	  320.3	 1326.1	    0.0	  200.0	    0.0	    0.0	    0.0	    0.0	  100.0	   25.7	    0.0	    0.0	    0.0	    0.0	    7.6	  1	 -250.0	 1850.0	   25.7	    0.0	    0.0	1	  335.8	 21	 1349.8	   15.0	
  201	  26.34	    0.0	 1500.0	    0.0	  320.3	 1326.1	    0.0	  200.0	    0.0	    0.0	    0.0	    0.0	  100.0	   25.2	    0.0	    0.0	    0.0	    0.0	    7.6	  1	 -250.0	 1850.0	   25.2	    0.0	    0.0	1	  335.2	 21	 1347.8	   14.8	
  202	  26.44	    0.0	 1500.0	    0.0	  320.3	 1326.1	    0.0	  200.0	    0.0	    0.0	    0.0	    0.0	  100.0	   24.7	    0.0	    0.0	    0.0	    0.0	    7.7	  1	 -250.0	 1850.0	   24.7	    0.0	    0.0	1	  334.5	 21	 1345.9	   14.6	
  203	  26.54	    0.0	 1500.0	    0.0	  320.3	 1326.1	    0.0	  200.0	    0.0	    0.0	    0.0	    0.0	  100.0	   24.2	    0.0	    0.0	    0.0	    0.0	    7.7	  1	 -250.0	 1850.0	   24.2	    0.0	    0.0	1	  333.8	 21	 1343.9	   14.4	
  204	  26.64	    0.0	 1500.0	    0.0	  320.3	 1326.1	    0.0	  200.0	    0.0	    0.0	    0.0	    0.0	  100.0	   23.8	    0.0	    0.0	    0.0	    0.0	    7.8	  1	 -250.0	 1850.0	   23.8	    0.0	    0.0	1	  333.1	 21	 1342.0	   14.2	
  205	  26.74	    0.0	 1500.0	    0.0	  320.3	 1326.1	    0.0	  200.0	    0.0	    0.0	    0.0	    0.0	  100.0	   23.3	    0.0	    0.0	    0.0	    0.0	    7.8	  1	 -250.0	 1850.0	   23.3	    0.0	    0.0	1	  332.5	 21	 1340.0	   14.0	
  206	  26.84	    0.0	 1500.0	    0.0	  320.3	 1326.1	    0.0	  200.0	    0.0	    0.0	    0.0	    0.0	  100.0	   22.8	    0.0	    0.0	    0.0	    0.0	    7.8	  1	 -250.0	 1850.0	   22.8	    0.0	    0.0	1	  331.8	 21	 1338.1	   13.8	
  207	  26.94	    0.0	 1500.0	    0.0	  320.3	 1326.1	    0.0	  200.0	    0.0	    0.0	    0.0	    0.0	  100.0	   22.3	    0.0	    0.0	    0.0	    0.0	    7.9	  1	 -250.0	 1850.0	   22.3	    0.0	    0.0	1	  331.1	 21	 1336.1	   13.6	
  208	  27.04	    0.0	 1500.0	    0.0	  320.3	 1326.1	    0.0	  200.0	    0.0	    0.0	    0.0	    0.0	  100.0	   21.8	    0.0	    0.0	    0.0	    0.0	    7.9	  1	 -250.0	 1850.0	   21.8	    0.0	    0.0	1	  330.4	 21	 1334.2	   13.4	
  209	  27.14	    0.0	 1500.0	    0.0	  327.8	 1329.8	    0.0	  200.0	    0.0	    0.0	    0.0	    0.0	  100.0	   21.3	    0.0	    0.0	    0.0	    0.0	    7.9	  1	 -250.0	 1850.0	   21.3	    0.0	    0.0	1	  329.8	 21	 1332.2	   13.2	
  210	  27.24	    0.0	 1500.0	    0.0	  327.8	 1329.8	    0.0	  200.0	    0.0	    0.0	    0.0	    0.0	  100.0	   20.9	    0.0	    0.0	    0.0	    0.0	    8.0	  1	 -250.0	 1850.0	   20.9	    0.0	    0.0	1	  329.2	 21	 1330.2	   13.0	
  211	  27.34	    0.0	 1500.0	    0.0	  327.8	 1329.8	    0.0	  200.0	    0.0	    0.0	    0.0	    0.0	  100.0	   20.4	    0.0	    0.0	    0.0	    0.0	    8.0	  1	 -250.0	 1850.0	   20.4	    0.0	    0.0	1	  328.5	 21	 1328.3	   12.8	
  212	  27.44	    0.0	 1500.0	    0.0	  327.8	 1329.8	    0.0	  200.0	    0.0	    0.0	    0.0	    0.0	  100.0	   19.9	    0.0	    0.0	    0.0	    0.0	    8.1	  1	 -250.0	 1850.0	   19.9	    0.0	    0.0	1	  327.8	 21	 1326.3	   12.6	
  213	  27.54	    0.0	 1500.0	    0.0	  323.5	 1339.9	    0.0	  200.0	    0.0	    0.0	    0.0	    0.0	  100.0	   19.4	    0.0	    0.0	    0.0	    0.0	    8.1	  1	 -250.0	 1850.0	   19.4	    0.0	    0.0	1	  326.7	 21	 1324.5	   12.4	
  214	  27.64	    0.0	 1500.0	    0.0	  327.8	 1329.8	    0.0	  200.0	    0.0	    0.0	    0.0	    0.0	  100.0	   18.9	    0.0	    0.0	    0.0	    0.0	    8.1	  1	 -250.0	 1850.0	   18.9	    0.0	    0.0	1	  326.4	 21	 1322.4	   12.2	
  215	  27.74	    0.0	 1500.0	    0.0	  323.5	 1339.9	    0.0	  200.0	    0.0	    0.0	    0.0	    0.0	  100.0	   18.4	    0.0	    0.0	    0.0	    0.0	    8.2	  1	 -250.0	 1850.0	   18.4	    0.0	    0.0	1	  325.3	 21	 1320.6	   12.1	
  216	  27.84	    0.0	 1500.0	    0.0	  323.5	 1339.9	    0.0	  200.0	    0.0	    0.0	    0.0	    0.0	  100.0	   18.0	    0.0	    0.0	    0.0	    0.0	    8.2	  1	 -250.0	 1850.0	   18.0	    0.0	    0.0	1	  324.7	 21	 1318.6	   11.9	
  217	  27.94	    0.0	 1500.0	    0.0	  323.5	 1339.9	    0.0	  200.0	    0.0	    0.0	    0.0	    0.0	  100.0	   17.5	    0.0	    0.0	    0.0	    0.0	    8.2	  1	 -250.0	 1850.0	   17.5	    0.0	    0.0	1	  324.0	 21	 1316.7	   11.7	
  218	  28.04	    0.0	 1500.0	    0.0	  323.5	 1339.9	    0.0	  200.0	    0.0	    0.0	    0.0	    0.0	  100.0	   17.0	    0.0	    0.0	    0.0	    0.0	    8.3	  1	 -250.0	 1850.0	   17.0	    0.0	    0.0	1	  323.3	 21	 1314.7	   11.5	
  219	  28.14	    0.0	 1500.0	    0.0	  323.5	 1339.9	    0.0	  200.0	    0.0	    0.0	    0.0	    0.0	  100.0	   16.5	    0.0	    0.0	    0.0	    0.0	    8.3	  1	 -250.0	 1850.0	   16.5	    0.0	    0.0	1	  322.7	 21	 1312.8	   11.3	
  220	  28.24	    0.0	 1500.0	    0.0	  325.3	 1339.2	    0.0	  200.0	    0.0	    0.0	    0.0	    0.0	  100.0	   16.0	    0.0	    0.0	    0.0	    0.0	    8.4	  1	 -250.0	 1850.0	   16.0	    0.0	    0.0	1	  322.0	 21	 1310.8	   11.1	
  221	  28.34	    0.0	 1500.0	    0.0	  325.3	 1339.2	    0.0	  200.0	    0.0	    0.0	    0.0	    0.0	  100.0	   15.5	    0.0	    0.0	    0.0	    0.0	    8.4	  1	 -250.0	 1850.0	   15.5	    0.0	    0.0	1	  321.4	 21	 1308.9	   10.9	
  222	  28.44	    0.0	 1500.0	    0.0	  325.3	 1339.2	    0.0	  200.0	    0.0	    0.0	    0.0	    0.0	  100.0	   15.0	    0.0	    0.0	    0.0	    0.0	    8.4	  1	 -250.0	 1850.0	   15.0	    0.0	    0.0	1	  320.7	 21	 1306.9	   10.7	
  223	  28.54	    0.0	 1500.0	    0.0	  324.4	 1339.5	    0.0	  200.0	    0.0	    0.0	    0.0	    0.0	  100.0	   14.6	    0.0	    0.0	    0.0	    0.0	    8.5	  1	 -250.0	 1850.0	   14.6	    0.0	    0.0	1	  320.0	 21	 1305.0	   10.5	
  224	  28.64	    0.0	 1500.0	    0.0	  324.4	 1339.5	    0.0	  200.0	    0.0	    0.0	    0.0	    0.0	  100.0	   14.1	    0.0	    0.0	    0.0	    0.0	    8.5	  1	 -250.0	 1850.0	   14.1	    0.0	    0.0	1	  319.3	 21	 1303.1	   10.3	
  225	  28.74	    0.0	 1500.0	    0.0	  324.4	 1339.5	    0.0	  200.0	    0.0	    0.0	    0.0	    0.0	  100.0	   13.6	    0.0	    0.0	    0.0	    0.0	    8.5	  1	 -250.0	 1850.0	   13.6	    0.0	    0.0	1	  318.6	 21	 1301.1	   10.1	
  226	  28.84	    0.0	 1500.0	    0.0	  324.4	 1339.5	    0.0	  200.0	    0.0	    0.0	    0.0	    0.0	  100.0	   13.1	    0.0	    0.0	    0.0	    0.0	    8.6	  1	 -250.0	 1850.0	   13.1	    0.0	    0.0	1	  318.0	 21	    0.0	    9.9	
  227	  28.94	    0.0	 1500.0	    0.0	  324.4	 1339.5	    0.0	  200.0	    0.0	    0.0	    0.0	    0.0	  100.0	   12.6	    0.0	    0.0	    0.0	    0.0	    8.6	  1	 -250.0	 1850.0	   12.6	    0.0	    0.0	1	  317.3	 21	    0.0	    9.7	
  228	  29.04	    0.0	 1500.0	    0.0	  324.4	 1339.5	    0.0	  200.0	    0.0	    0.0	    0.0	    0.0	  100.0	   12.1	    0.0	    0.0	    0.0	    0.0	    8.7	  1	 -250.0	 1850.0	   12.1	    0.0	    0.0	1	  316.6	 21	    0.0	    9.5	
  229	  29.14	    0.0	 1500.0	    0.0	  324.4	 1339.5	    0.0	  200.0	    0.0	    0.0	    0.0	    0.0	  100.0	   11.7	    0.0	    0.0	    0.0	    0.0	    8.7	  1	 -250.0	 1850.0	   11.7	    0.0	    0.0	1	  315.9	 21	    0.0	    9.3	
  230	  29.24	    0.0	 1500.0	    0.0	  323.5	 1337.1	    0.0	  200.0	    0.0	    0.0	    0.0	    0.0	  100.0	   11.2	    0.0	    0.0	    0.0	    0.0	    8.7	  1	 -250.0	 1850.0	   11.2	    0.0	    0.0	1	  315.3	 21	    0.0	    9.1	
  231	  29.34	    0.0	 1500.0	    0.0	  323.5	 1337.1	    0.0	  200.0	    0.0	    0.0	    0.0	    0.0	  100.0	   10.7	    0.0	    0.0	    0.0	    0.0	    8.8	  1	 -250.0	 1850.0	   10.7	    0.0	    0.0	1	  314.6	 21	    0.0	    8.9	
  232	  29.44	    0.0	 1500.0	    0.0	  323.5	 1337.1	    0.0	  200.0	    0.0	    0.0	    0.0	    0.0	  100.0	   10.2	    0.0	    0.0	    0.0	    0.0	    8.8	  1	 -250.0	 1850.0	   10.2	    0.0	    0.0	1	  313.9	 21	    0.0	    8.8	
  233	  29.54	    0.0	 1500.0	    0.0	  323.5	 1337.1	    0.0	  200.0	    0.0	    0.0	    0.0	    0.0	  100.0	    9.7	    0.0	    0.0	    0.0	    0.0	    8.9	  1	 -250.0	 1850.0	    9.7	    0.0	    0.0	1	  313.2	 21	    0.0	    8.6	
  234	  29.64	    0.0	 1500.0	    0.0	  323.5	 1337.1	    0.0	  200.0	    0.0	    0.0	    0.0	    0.0	  100.0	    9.2	    0.0	    0.0	    0.0	    0.0	    8.9	  1	 -250.0	 1850.0	    9.2	    0.0	    0.0	1	  312.5	 21	    0.0	    8.4	
  235	  29.74	    0.0	 1500.0	    0.0	  323.5	 1337.1	    0.0	  200.0	    0.0	    0.0	    0.0	    0.0	  100.0	    8.8	    0.0	    0.0	    0.0	    0.0	    8.9	  1	 -250.0	 1850.0	    8.8	    0.0	    0.0	1	  311.8	 21	    0.0	    8.2	
  236	  29.84	    0.0	 1500.0	    0.0	  326.7	 1334.9	    0.0	  200.0	    0.0	    0.0	    0.0	    0.0	  100.0	    8.3	    0.0	    0.0	    0.0	    0.0	    9.0	  1	 -250.0	 1850.0	    8.3	    0.0	    0.0	1	  311.2	 21	    0.0	    8.0	
  237	  29.94	    0.0	 1500.0	    0.0	  326.7	 1334.9	    0.0	  200.0	    0.0	    0.0	    0.0	    0.0	  100.0	    7.8	    0.0	    0.0	    0.0	    0.0	    9.0	  1	 -250.0	 1850.0	    7.8	    0.0	    0.0	1	  310.5	 21	    0.0	    7.8	
  238	  30.04	    0.0	 1500.0	    0.0	  326.7	 1334.9	    0.0	  200.0	    0.0	    0.0	    0.0	    0.0	  100.0	    7.3	    0.0	    0.0	    0.0	    0.0	    9.0	  1	 -250.0	 1850.0	    7.3	    0.0	    0.0	1	  309.8	 21	    0.0	    7.6	
  239	  30.14	    0.0	 1500.0	    0.0	  326.7	 1334.9	    0.0	  200.0	    0.0	    0.0	    0.0	    0.0	  100.0	    6.8	    0.0	    0.0	    0.0	    0.0	    9.1	  1	 -250.0	 1850.0	    6.8	    0.0	    0.0	1	  309.1	 21	    0.0	    7.4	
  240	  30.24	    0.0	 1500.0	    0.0	  326.7	 1334.9	    0.0	  200.0	    0.0	    0.0	    0.0	    0.0	  100.0	    6.3	    0.0	    0.0	    0.0	    0.0	    9.1	  1	 -250.0	 1850.0	    6.3	    0.0	    0.0	1	  308.5	 21	    0.0	    7.2	
  241	  30.34	    0.0	 1500.0	    0.0	  326.7	 1334.9	    0.0	  200.0	    0.0	    0.0	    0.0	    0.0	  100.0	    5.9	    0.0	    0.0	    0.0	    0.0	    9.2	  1	 -250.0	 1850.0	    5.9	    0.0	    0.0	1	  307.8	 21	    0.0	    7.0	
  242	  30.44	    0.0	 1500.0	    0.0	  326.7	 1334.9	    0.0	  200.0	    0.0	    0.0	    0.0	    0.0	  100.0	    5.4	    0.0	    0.0	    0.0	    0.0	    9.2	  1	 -250.0	 1850.0	    5.4	    0.0	    0.0	1	  307.1	 21	    0.0	    6.8	
  243	  30.54	    0.0	 1500.0	    0.0	  326.7	 1334.9	    0.0	  200.0	    0.0	    0.0	    0.0	    0.0	  100.0	    4.9	    0.0	    0.0	    0.0	    0.0	    9.2	  1	 -250.0	 1850.0	    4.9	    0.0	    0.0	1	  306.4	 21	    0.0	    6.6	
  244	  30.64	    0.0	 1500.0	    0.0	  326.7	 1334.9	    0.0	  200.0	    0.0	    0.0	    0.0	    0.0	  100.0	    4.4	    0.0	    0.0	    0.0	    0.0	    9.3	  1	 -250.0	 1850.0	    4.4	    0.0	    0.0	1	  305.7	 21	    0.0	    6.4	
  245	  30.74	    0.0	 1500.0	    0.0	  326.7	 1334.9	    0.0	  200.0	    0.0	    0.0	    0.0	    0.0	  100.0	    3.9	    0.0	    0.0	    0.0	    0.0	    9.3	  1	 -250.0	 1850.0	    3.9	    0.0	    0.0	1	  305.0	 21	    0.0	    6.3	
  246	  30.84	    0.0	 1500.0	    0.0	  326.7	 1334.9	    0.0	  200.0	    0.0	    0.0	    0.0	    0.0	  100.0	    3.4	    0.0	    0.0	    0.0	    0.0	    9.3	  1	 -250.0	 1850.0	    3.4	    0.0	    0.0	1	  304.3	 21	    0.0	    6.1	
  247	  30.94	    0.0	 1500.0	    0.0	  326.7	 1334.9	    0.0	  200.0	    0.0	    0.0	    0.0	    0.0	  100.0	    3.0	    0.0	    0.0	    0.0	    0.0	    9.4	  1	 -250.0	 1850.0	    3.0	    0.0	    0.0	1	  303.6	 21	    0.0	    5.9	
  248	  31.04	    0.0	 1500.0	    0.0	  326.7	 1334.9	    0.0	  200.0	    0.0	    0.0	    0.0	    0.0	  100.0	    2.5	    0.0	    0.0	    0.0	    0.0	    9.4	  1	 -250.0	 1850.0	    2.5	    0.0	    0.0	1	  302.9	 21	    0.0	    5.7	
  249	  31.14	    0.0	 1500.0	    0.0	  322.9	 1338.2	    0.0	  200.0	    0.0	    0.0	    0.0	    0.0	  100.0	    2.0	    0.0	    0.0	    0.0	    0.0	    9.5	  1	 -250.0	 1850.0	    2.0	    0.0	    0.0	1	  302.2	 21	    0.0	    5.5	
  250	  31.24	    0.0	 1500.0	    0.0	  322.9	 1338.2	    0.0	  200.0	    0.0	    0.0	    0.0	    0.0	  100.0	    1.5	    0.0	    0.0	    0.0	    0.0	    9.5	  1	 -250.0	 1850.0	    1.5	    0.0	    0.0	1	  301.5	 21	    0.0	    5.4	
  251	  31.34	    0.0	 1500.0	    0.0	  322.9	 1338.2	    0.0	  200.0	    0.0	    0.0	    0.0	    0.0	  100.0	    1.0	    0.0	    0.0	    0.0	    0.0	    9.5	  1	 -250.0	 1850.0	    1.0	    0.0	    0.0	1	  300.9	 21	    0.0	    5.2	
  252	  31.44	    0.0	 1500.0	    0.0	  322.9	 1338.2	    0.0	  200.0	    0.0	    0.0	    0.0	    0.0	  100.0	    0.5	    0.0	    0.0	    0.0	    0.0	    9.6	  1	 -250.0	 1850.0	    0.5	    0.0	    0.0	1	  300.2	 21	    0.0	    5.1	
  253	  31.54	    0.0	 1500.0	    0.0	  325.9	 1338.1	    0.0	  200.0	    0.0	    0.0	    0.0	    0.0	  100.0	    0.1	    0.0	    0.0	    0.0	    0.0	    9.6	  1	 -250.0	 1850.0	    0.1	    0.0	    0.0	1	  299.5	 21	    0.0	    5.0	
  254	  31.64	    0.0	 1500.0	    0.0	  325.9	 1338.1	    0.0	  200.0	    0.0	    0.0	    0.0	    0.0	  100.0	    0.0	    0.0	    0.0	    0.0	    0.0	    9.7	  1	 -350.0	 1750.0	    0.0	    0.0	    0.0	1	  297.9	 21	    0.0	    5.0	
  255	  31.74	    0.0	 1500.0	    0.0	  325.9	 1338.1	    0.0	  200.0	    0.0	    0.0	    0.0	    0.0	  100.0	    0.0	    0.0	    0.0	    0.0	    0.0	    9.7	  1	 -350.0	 1750.0	    0.0	    0.0	    0.0	1	  297.9	 21	    0.0	    5.0	
  256	  31.84	    0.0	 1500.0	    0.0	  325.9	 1338.1	    0.0	  200.0	    0.0	    0.0	    0.0	    0.0	  100.0	    0.0	    0.0	    0.0	    0.0	    0.0	    9.7	  1	 -350.0	 1750.0	    0.0	    0.0	    0.0	1	  297.9	 21	    0.0	    5.0	
  257	  31.94	    0.0	 1500.0	    0.0	  325.9	 1338.1	    0.0	  200.0	    0.0	    0.0	    0.0	    0.0	  100.0	    0.0	    0.0	    0.0	    0.0	    0.0	    9.8	  1	 -350.0	 1750.0	    0.0	    0.0	    0.0	1	  297.9	 21	    0.0	    5.0	
  258	  32.04	    0.0	 1500.0	    0.0	  325.9	 1338.1	    0.0	  200.0	    0.0	    0.0	    0.0	    0.0	  100.0	    0.0	    0.0	    0.0	    0.0	    0.0	    9.8	  1	 -350.0	 1750.0	    0.0	    0.0	    0.0	1	  297.9	 21	    0.0	    5.0	
  259	  32.14	    0.0	 1500.0	    0.0	  325.9	 1338.1	    0.0	  200.0	    0.0	    0.0	    0.0	    0.0	  100.0	    0.0	    0.0	    0.0	    0.0	    0.0	    9.8	  1	 -350.0	 1750.0	    0.0	    0.0	    0.0	1	  297.9	 21	    0.0	    5.0	
  260	  32.24	    0.0	 1500.0	    0.0	  325.9	 1338.1	    0.0	  200.0	    0.0	    0.0	    0.0	    0.0	  100.0	    0.0	    0.0	    0.0	    0.0	    0.0	    9.9	  1	 -350.0	 1750.0	    0.0	    0.0	    0.0	1	  297.9	 21	    0.0	    5.0	
  261	  32.34	    0.0	 1500.0	    0.0	  324.7	 1337.6	    0.0	  200.0	    0.0	    0.0	    0.0	    0.0	  100.0	    0.0	    0.0	    0.0	    0.0	    0.0	    9.9	  1	 -350.0	 1750.0	    0.0	    0.0	    0.0	1	  297.9	 21	    0.0	    5.0	
  262	  32.44	    0.0	 1500.0	    0.0	  324.7	 1337.6	    0.0	  200.0	    0.0	    0.0	    0.0	    0.0	  100.0	    0.0	    0.0	    0.0	    0.0	    0.0	   10.0	  1	 -250.0	 1850.0	    0.0	    0.0	    0.0	1	  299.4	 21	    0.0	    5.0	
  263	  32.54	    0.0	 1500.0	    0.0	  325.6	 1337.2	    0.0	  200.0	    0.0	    0.0	    0.0	    0.0	  100.0	    0.0	    0.0	    0.0	    0.0	    0.0	   10.0	  1	 -350.0	 1750.0	    0.0	    0.0	    0.0	1	  297.9	 21	    0.0	    5.0	
  264	  32.64	    0.0	 1500.0	    0.0	  325.6	 1337.2	    0.0	  200.0	    0.0	    0.0	    0.0	    0.0	  100.0	    0.0	    0.0	    0.0	    0.0	    0.0	   10.0	  1	 -350.0	 1750.0	    0.0	    0.0	    0.0	1	  297.9	 21	    0.0	    5.0	
  265	  32.74	    0.0	 1500.0	    0.0	  325.6	 1337.2	    0.0	  200.0	    0.0	    0.0	    0.0	    0.0	  100.0	    0.0	    0.0	    0.0	    0.0	    0.0	   10.1	  1	 -350.0	 1750.0	    0.0	    0.0	    0.0	1	  297.9	 21	    0.0	    5.0	
  266	  32.84	    0.0	 1500.0	    0.0	  325.6	 1337.2	    0.0	  200.0	    0.0	    0.0	    0.0	    0.0	  100.0	    0.0	    0.0	    0.0	    0.0	    0.0	   10.1	  1	 -250.0	 1850.0	    0.0	    0.0	    0.0	1	  299.4	 21	    0.0	    5.0	
  267	  32.94	    0.0	 1500.0	    0.0	  325.6	 1337.2	    0.0	  200.0	    0.0	    0.0	    0.0	    0.0	  100.0	    0.0	    0.0	    0.0	    0.0	    0.0	   10.1	  1	 -250.0	 1850.0	    0.0	    0.0	    0.0	1	  299.4	 21	    0.0	    5.0	
  268	  33.04	    0.0	 1500.0	    0.0	  325.6	 1337.2	    0.0	  200.0	    0.0	    0.0	    0.0	    0.0	  100.0	    0.0	    0.0	    0.0	    0.0	    0.0	   10.2	  1	 -350.0	 1750.0	    0.0	    0.0	    0.0	1	  297.9	 21	    0.0	    5.0	
  269	  33.14	    0.0	 1500.0	    0.0	  325.6	 1337.2	    0.0	  200.0	    0.0	    0.0	    0.0	    0.0	  100.0	    0.0	    0.0	    0.0	    0.0	    0.0	   10.2	  1	 -350.0	 1750.0	    0.0	    0.0	    0.0	1	  297.9	 21	    0.0	    5.0	
  270	  33.24	    0.0	 1500.0	    0.0	  325.6	 1337.2	    0.0	  200.0	    0.0	    0.0	    0.0	    0.0	  100.0	    0.0	    0.0	    0.0	    0.0	    0.0	   10.3	  1	 -350.0	 1750.0	    0.0	    0.0	    0.0	1	  297.9	 21	    0.0	    5.0	
  271	  33.34	    0.0	 1500.0	    0.0	  325.9	 1338.1	    0.0	  200.0	    0.0	    0.0	    0.0	    0.0	  100.0	    0.0	    0.0	    0.0	    0.0	    0.0	   10.3	  1	 -350.0	 1750.0	    0.0	    0.0	    0.0	1	  297.9	 21	    0.0	    5.0	
  272	  33.44	    0.0	 1500.0	    0.0	  325.9	 1338.1	    0.0	  200.0	    0.0	    0.0	    0.0	    0.0	  100.0	    0.0	    0.0	    0.0	    0.0	    0.0	   10.3	  1	 -250.0	 1850.0	    0.0	    0.0	    0.0	1	  299.4	 21	    0.0	    5.0	
  273	  33.54	    0.0	 1500.0	    0.0	  325.9	 1338.1	    0.0	  200.0	    0.0	    0.0	    0.0	    0.0	  100.0	    0.0	    0.0	    0.0	    0.0	    0.0	   10.4	  1	 -250.0	 1850.0	    0.0	    0.0	    0.0	1	  299.4	 21	    0.0	    5.0	
  274	  33.64	    0.0	 1500.0	    0.0	  325.9	 1338.1	    0.0	  200.0	    0.0	    0.0	    0.0	    0.0	  100.0	    0.0	    0.0	    0.0	    0.0	    0.0	   10.4	  1	 -250.0	 1850.0	    0.0	    0.0	    0.0	1	  299.4	 21	    0.0	    5.0	
  275	  33.74	    0.0	 1500.0	    0.0	  325.9	 1338.1	    0.0	  200.0	    0.0	    0.0	    0.0	    0.0	  100.0	    0.0	    0.0	    0.0	    0.0	    0.0	   10.4	  1	 -350.0	 1750.0	    0.0	    0.0	    0.0	1	  297.9	 21	    0.0	    5.0	
  276	  33.84	    0.0	 1500.0	    0.0	  325.9	 1338.1	    0.0	  200.0	    0.0	    0.0	    0.0	    0.0	  100.0	    0.0	    0.0	    0.0	    0.0	    0.0	   10.5	  1	 -350.0	 1750.0	    0.0	    0.0	    0.0	1	  297.9	 21	    0.0	    5.0	
  277	  33.94	    0.0	 1500.0	    0.0	  325.9	 1338.1	    0.0	  200.0	    0.0	    0.0	    0.0	    0.0	  100.0	    0.0	    0.0	    0.0	    0.0	    0.0	   10.5	  1	 -350.0	 1750.0	    0.0	    0.0	    0.0	1	  297.9	 21	    0.0	    5.0	
  278	  34.04	    0.0	 1500.0	    0.0	  325.9	 1338.1	    0.0	  200.0	    0.0	    0.0	    0.0	    0.0	  100.0	    0.0	    0.0	    0.0	    0.0	    0.0	   10.6	  1	 -350.0	 1750.0	    0.0	    0.0	    0.0	1	  297.9	 21	    0.0	    5.0	
  279	  34.14	    0.0	 1500.0	    0.0	  325.9	 1338.1	    0.0	  200.0	    0.0	    0.0	    0.0	    0.0	  100.0	    0.0	    0.0	    0.0	    0.0	    0.0	   10.6	  1	 -350.0	 1750.0	    0.0	    0.0	    0.0	1	  297.9	 21	    0.0	    5.0	
  280	  34.24	    0.0	 1500.0	    0.0	  325.9	 1338.1	    0.0	  200.0	    0.0	    0.0	    0.0	    0.0	  100.0	    0.0	    0.0	    0.0	    0.0	    0.0	   10.6	  1	 -350.0	 1750.0	    0.0	    0.0	    0.0	1	  297.9	 21	    0.0	    5.0	
  281	  34.34	    0.0	 1500.0	    0.0	  325.9	 1338.1	    0.0	  200.0	    0.0	    0.0	    0.0	    0.0	  100.0	    0.0	    0.0	    0.0	    0.0	    0.0	   10.7	  1	 -350.0	 1750.0	    0.0	    0.0	    0.0	1	  297.9	 21	    0.0	    5.0	
  282	  34.44	    0.0	 1500.0	    0.0	  325.9	 1338.1	    0.0	  200.0	    0.0	    0.0	    0.0	    0.0	  100.0	    0.0	    0.0	    0.0	    0.0	    0.0	   10.7	  1	 -350.0	 1750.0	    0.0	    0.0	    0.0	1	  297.9	 21	    0.0	    5.0	
  283	  34.54	    0.0	 1500.0	    0.0	  325.9	 1338.1	    0.0	  200.0	    0.0	    0.0	    0.0	    0.0	  100.0	    0.0	    0.0	    0.0	    0.0	    0.0	   10.8	  1	 -250.0	 1850.0	    0.0	    0.0	    0.0	1	  299.4	 21	    0.0	    5.0	
  284	  34.64	    0.0	 1500.0	    0.0	  325.9	 1338.1	    0.0	  200.0	    0.0	    0.0	    0.0	    0.0	  100.0	    0.0	    0.0	    0.0	    0.0	    0.0	   10.8	  1	 -250.0	 1850.0	    0.0	    0.0	    0.0	1	  299.4	 21	    0.0	    5.0	
  285	  34.74	    0.0	 1500.0	    0.0	  325.4	 1328.8	    0.0	  200.0	    0.0	    0.0	    0.0	    0.0	  100.0	    0.0	    0.0	    0.0	    0.0	    0.0	   10.8	  1	 -350.0	 1750.0	    0.0	    0.0	    0.0	1	  297.8	 21	    0.0	    5.0	
  286	  34.84	    0.0	 1500.0	    0.0	  325.9	 1338.1	    0.0	  200.0	    0.0	    0.0	    0.0	    0.0	  100.0	    0.0	    0.0	    0.0	    0.0	    0.0	   10.9	  1	 -350.0	 1750.0	    0.0	    0.0	    0.0	1	  297.9	 21	    0.0	    5.0	
  287	  34.94	    0.0	 1500.0	    0.0	  325.4	 1328.8	    0.0	  200.0	    0.0	    0.0	    0.0	    0.0	  100.0	    0.0	    0.0	    0.0	    0.0	    0.0	   10.9	  1	 -350.0	 1750.0	    0.0	    0.0	    0.0	1	  297.8	 21	    0.0	    5.0	
  288	  35.04	    0.0	 1500.0	    0.0	  325.4	 1328.8	    0.0	  200.0	    0.0	    0.0	    0.0	    0.0	  100.0	    0.0	    0.0	    0.0	    0.0	    0.0	   10.9	  1	 -350.0	 1750.0	    0.0	    0.0	    0.0	1	  297.8	 21	    0.0	    5.0	
  289	  35.14	    0.0	 1500.0	    0.0	  325.4	 1328.8	    0.0	  200.0	    0.0	    0.0	    0.0	    0.0	  100.0	    0.0	    0.0	    0.0	    0.0	    0.0	   11.0	  1	 -350.0	 1750.0	    0.0	    0.0	    0.0	1	  297.8	 21	    0.0	    5.0	
  290	  35.24	    0.0	 1500.0	    0.0	  322.3	 1336.6	    0.0	  200.0	    0.0	    0.0	    0.0	    0.0	  100.0	    0.0	    0.0	    0.0	    0.0	    0.0	   11.0	  1	 -350.0	 1750.0	    0.0	    0.0	    0.0	1	  297.9	 21	    0.0	    5.0	
  291	  35.34	    0.0	 1500.0	    0.0	  322.3	 1336.6	    0.0	  200.0	    0.0	    0.0	    0.0	    0.0	  100.0	    0.0	    0.0	    0.0	    0.0	    0.0	   11.1	  1	 -350.0	 1750.0	    0.0	    0.0	    0.0	1	  297.9	 21	    0.0	    5.0	
  292	  35.44	    0.0	 1500.0	    0.0	  322.3	 1336.6	    0.0	  200.0	    0.0	    0.0	    0.0	    0.0	  100.0	    0.0	    0.0	    0.0	    0.0	    0.0	   11.1	  1	 -350.0	 1750.0	    0.0	    0.0	    0.0	1	  297.9	 21	    0.0	    5.0	
  293	  35.54	    0.0	 1500.0	    0.0	  322.3	 1336.6	    0.0	  200.0	    0.0	    0.0	    0.0	    0.0	  100.0	    0.0	    0.0	    0.0	    0.0	    0.0	   11.1	  1	 -350.0	 1750.0	    0.0	    0.0	    0.0	1	  297.9	 21	    0.0	    5.0	
  294	  35.64	    0.0	 1500.0	    0.0	  322.3	 1336.6	    0.0	  200.0	    0.0	    0.0	    0.0	    0.0	  100.0	    0.0	    0.0	    0.0	    0.0	    0.0	   11.2	  1	 -250.0	 1850.0	    0.0	    0.0	    0.0	1	  299.4	 21	    0.0	    5.0	
  295	  35.74	    0.0	 1500.0	    0.0	  322.3	 1336.6	    0.0	  200.0	    0.0	    0.0	    0.0	    0.0	  100.0	    0.0	    0.0	    0.0	    0.0	    0.0	   11.2	  1	 -250.0	 1850.0	    0.0	    0.0	    0.0	1	  299.4	 21	    0.0	    5.0	
  296	  35.84	    0.0	 1500.0	    0.0	  322.3	 1336.6	    0.0	  200.0	    0.0	    0.0	    0.0	    0.0	  100.0	    0.0	    0.0	    0.0	    0.0	    0.0	   11.2	  1	 -250.0	 1850.0	    0.0	    0.0	    0.0	1	  299.4	 21	    0.0	    5.0	
  297	  35.94	    0.0	 1500.0	    0.0	  322.3	 1336.6	    0.0	  200.0	    0.0	    0.0	    0.0	    0.0	  100.0	    0.0	    0.0	    0.0	    0.0	    0.0	   11.3	  1	 -350.0	 1750.0	    0.0	    0.0	    0.0	1	  297.9	 21	    0.0	    5.0	
  298	  36.04	    0.0	 1500.0	    0.0	  322.3	 1336.6	    0.0	  200.0	    0.0	    0.0	    0.0	    0.0	  100.0	    0.0	    0.0	    0.0	    0.0	    0.0	   11.3	  1	 -350.0	 1750.0	    0.0	    0.0	    0.0	1	  297.9	 21	    0.0	    5.0	
  299	  36.14	    0.0	 1500.0	    0.0	  322.3	 1336.6	    0.0	  200.0	    0.0	    0.0	    0.0	    0.0	  100.0	    0.0	    0.0	    0.0	    0.0	    0.0	   11.4	  1	 -350.0	 1750.0	    0.0	    0.0	    0.0	1	  297.9	 21	    0.0	    5.0	
  300	  36.24	    0.0	 1500.0	    0.0	  322.3	 1336.6	    0.0	  200.0	    0.0	    0.0	    0.0	    0.0	  100.0	    0.0	    0.0	    0.0	    0.0	    0.0	   11.4	  1	 -350.0	 1750.0	    0.0	    0.0	    0.0	1	  297.9	 21	    0.0	    5.0	
  301	  36.34	    0.0	 1500.0	    0.0	  322.3	 1336.6	    0.0	  200.0	    0.0	    0.0	    0.0	    0.0	  100.0	    0.0	    0.0	    0.0	    0.0	    0.0	   11.4	  1	 -350.0	 1750.0	    0.0	    0.0	    0.0	1	  297.9	 21	    0.0	    5.0	
  302	  36.44	    0.0	 1500.0	    0.0	  322.3	 1336.6	    0.0	  200.0	    0.0	    0.0	    0.0	    0.0	  100.0	    0.0	    0.0	    0.0	    0.0	    0.0	   11.5	  1	 -250.0	 1850.0	    0.0	    0.0	    0.0	1	  299.4	 21	    0.0	    5.0	
  303	  36.54	    0.0	 1500.0	    0.0	  322.3	 1336.6	    0.0	  200.0	    0.0	    0.0	    0.0	    0.0	  100.0	    0.0	    0.0	    0.0	    0.0	    0.0	   11.5	  1	 -350.0	 1750.0	    0.0	    0.0	    0.0	1	  297.9	 21	    0.0	    5.0	
  304	  36.64	    0.0	 1500.0	    0.0	  322.3	 1336.6	    0.0	  200.0	    0.0	    0.0	    0.0	    0.0	  100.0	    0.0	    0.0	    0.0	    0.0	    0.0	   11.6	  1	 -250.0	 1850.0	    0.0	    0.0	    0.0	1	  299.4	 21	    0.0	    5.0	
  305	  36.74	    0.0	 1500.0	    0.0	  322.3	 1336.6	    0.0	  200.0	    0.0	    0.0	    0.0	    0.0	  100.0	    0.0	    0.0	    0.0	    0.0	    0.0	   11.6	  1	 -350.0	 1750.0	    0.0	    0.0	    0.0	1	  297.9	 21	    0.0	    5.0	
  306	  36.84	    0.0	 1500.0	    0.0	  322.3	 1336.6	    0.0	  200.0	    0.0	    0.0	    0.0	    0.0	  100.0	    0.0	    0.0	    0.0	    0.0	    0.0	   11.6	  1	 -350.0	 1750.0	    0.0	    0.0	    0.0	1	  297.9	 21	    0.0	    5.0	
  307	  36.94	    0.0	 1500.0	    0.0	  322.3	 1336.6	    0.0	  200.0	    0.0	    0.0	    0.0	    0.0	  100.0	    0.0	    0.0	    0.0	    0.0	    0.0	   11.7	  1	 -350.0	 1750.0	    0.0	    0.0	    0.0	1	  297.9	 21	    0.0	    5.0	
  308	  37.04	    0.0	 1500.0	    0.0	  322.3	 1336.6	    0.0	  200.0	    0.0	    0.0	    0.0	    0.0	  100.0	    0.0	    0.0	    0.0	    0.0	    0.0	   11.7	  1	 -350.0	 1750.0	    0.0	    0.0	    0.0	1	  297.9	 21	    0.0	    5.0	
  309	  37.14	    0.0	 1500.0	    0.0	  322.3	 1336.6	    0.0	  200.0	    0.0	    0.0	    0.0	    0.0	  100.0	    0.0	    0.0	    0.0	    0.0	    0.0	   11.7	  1	 -350.0	 1750.0	    0.0	    0.0	    0.0	1	  297.9	 21	    0.0	    5.0	
  310	  37.24	    0.0	 1500.0	    0.0	  322.3	 1336.6	    0.0	  200.0	    0.0	    0.0	    0.0	    0.0	  100.0	    0.0	    0.0	    0.0	    0.0	    0.0	   11.8	  1	 -350.0	 1750.0	    0.0	    0.0	    0.0	1	  297.9	 21	    0.0	    5.0	
  311	  37.34	    0.0	 1500.0	    0.0	  322.3	 1336.6	    0.0	  200.0	    0.0	    0.0	    0.0	    0.0	  100.0	    0.0	    0.0	    0.0	    0.0	    0.0	   11.8	  1	 -350.0	 1750.0	    0.0	    0.0	    0.0	1	  297.9	 21	    0.0	    5.0	
  312	  37.44	    0.0	 1500.0	    0.0	  322.3	 1336.6	    0.0	  200.0	    0.0	    0.0	    0.0	    0.0	  100.0	    0.0	    0.0	    0.0	    0.0	    0.0	   11.9	  1	 -350.0	 1750.0	    0.0	    0.0	    0.0	1	  297.9	 21	    0.0	    5.0	
  313	  37.54	    0.0	 1500.0	    0.0	  322.3	 1336.6	    0.0	  200.0	    0.0	    0.0	    0.0	    0.0	  100.0	    0.0	    0.0	    0.0	    0.0	    0.0	   11.9	  1	 -250.0	 1850.0	    0.0	    0.0	    0.0	1	  299.4	 21	    0.0	    5.0	
  314	  37.64	    0.0	 1500.0	    0.0	  327.1	 1338.6	    0.0	  200.0	    0.0	    0.0	    0.0	    0.0	  100.0	    0.0	    0.0	    0.0	    0.0	    0.0	   11.9	  1	 -250.0	 1850.0	    0.0	    0.0	    0.0	1	  299.4	 21	    0.0	    5.0	
  315	  37.74	    0.0	 1500.0	    0.0	  327.1	 1338.6	    0.0	  200.0	    0.0	    0.0	    0.0	    0.0	  100.0	    0.0	    0.0	    0.0	    0.0	    0.0	   12.0	  1	 -350.0	 1750.0	    0.0	    0.0	    0.0	1	  297.9	 21	    0.0	    5.0	
  316	  37.84	    0.0	 1500.0	    0.0	  327.1	 1338.6	    0.0	  200.0	    0.0	    0.0	    0.0	    0.0	  100.0	    0.0	    0.0	    0.0	    0.0	    0.0	   12.0	  1	 -350.0	 1750.0	    0.0	    0.0	    0.0	1	  297.9	 21	    0.0	    5.0	
  317	  37.94	    0.0	 1500.0	    0.0	  327.1	 1338.6	    0.0	  200.0	    0.0	    0.0	    0.0	    0.0	  100.0	    0.0	    0.0	    0.0	    0.0	    0.0	   12.0	  1	 -350.0	 1750.0	    0.0	    0.0	    0.0	1	  297.9	 21	    0.0	    5.0	
  318	  38.04	    0.0	 1500.0	    0.0	  327.1	 1338.6	    0.0	  200.0	    0.0	    0.0	    0.0	    0.0	  100.0	    0.0	    0.0	    0.0	    0.0	    0.0	   12.1	  1	 -250.0	 1850.0	    0.0	    0.0	    0.0	1	  299.4	 21	    0.0	    5.0	
  319	  38.14	    0.0	 1500.0	    0.0	  327.1	 1338.6	    0.0	  200.0	    0.0	    0.0	    0.0	    0.0	  100.0	    0.0	    0.0	    0.0	    0.0	    0.0	   12.1	  1	 -350.0	 1750.0	    0.0	    0.0	    0.0	1	  297.9	 21	    0.0	    5.0	
  320	  38.24	    0.0	 1500.0	    0.0	  327.1	 1338.6	    0.0	  200.0	    0.0	    0.0	    0.0	    0.0	  100.0	    0.0	    0.0	    0.0	    0.0	    0.0	   12.2	  1	 -350.0	 1750.0	    0.0	    0.0	    0.0	1	  297.9	 21	    0.0	    5.0	
