    1	   0.10	    0.0	    0.0	    0.0	    0.0	    0.0	    0.0	    0.0	    0.0	    0.0	    0.0	    0.0	  100.0	   99.9	    0.0	    0.0	    0.0	    0.0	    0.1	  1	 -750.0	  750.0	   99.9	    0.0	    0.0	1	  967.7	 21	    0.0	    5.0	
    2	   0.20	    0.0	    0.0	  -91.1	    0.0	    0.0	    0.0	    0.0	    0.0	    0.0	    0.0	    0.0	  100.0	   99.4	    0.0	    0.0	    0.0	    0.0	    0.1	  1	  -50.0	 1250.0	   99.4	    0.0	    0.0	1	 1173.9	 21	    0.0	    5.0	
    3	   0.30	    0.0	    0.0	  -90.0	    0.0	    0.0	    0.0	    0.0	    0.0	    0.0	    0.0	    0.0	  100.0	   98.9	    0.0	    0.0	    0.0	    0.0	    0.2	  1	  -50.0	 1250.0	   98.9	    0.0	    0.0	1	 1173.9	 21	    0.0	    5.0	
    4	   0.40	    0.0	    0.0	  -90.0	    0.0	    0.0	    0.0	    0.0	    0.0	    0.0	    0.0	    0.0	  100.0	   98.4	    0.0	    0.0	    0.0	    0.0	    0.3	  1	  -50.0	 1250.0	   98.4	    0.0	    0.0	1	 1173.9	 21	    0.0	    5.0	
    5	   0.50	    0.0	    0.0	  -90.0	    0.0	    0.0	    0.0	    0.0	    0.0	    0.0	    0.0	    0.0	  100.0	   97.9	    0.0	    0.0	    0.0	    0.0	    0.4	  1	  -50.0	 1250.0	   97.9	    0.0	    0.0	1	 1173.9	 21	    0.0	    5.0	
    6	   0.60	    0.0	    0.0	  -90.0	    0.0	    0.0	    0.0	    0.0	    0.0	    0.0	    0.0	    0.0	  100.0	   97.4	    0.0	    0.0	    0.0	    0.0	    0.4	  1	  -50.0	 1250.0	   97.4	    0.0	    0.0	1	 1173.9	 21	    0.0	    5.0	
    7	   0.70	    0.0	    0.0	  -90.0	    0.0	    0.0	    0.0	    0.0	    0.0	    0.0	    0.0	    0.0	  100.0	   96.9	    0.0	    0.0	    0.0	    0.0	    0.5	  1	  -50.0	 1250.0	   96.9	    0.0	    0.0	1	 1173.9	 21	    0.0	    5.0	
    8	   0.80	    0.0	    0.0	  -90.0	    0.0	    0.0	    0.0	    0.0	    0.0	    0.0	    0.0	    0.0	  100.0	   96.4	    0.0	    0.0	    0.0	    0.0	    0.6	  1	  -50.0	 1250.0	   96.4	    0.0	    0.0	1	 1173.9	 21	    0.0	    5.0	
    9	   0.90	    0.0	    0.0	  -90.0	    0.0	    0.0	    0.0	    0.0	    0.0	    0.0	    0.0	    0.0	  100.0	   95.9	    0.0	    0.0	    0.0	    0.0	    0.6	  1	  -50.0	 1250.0	   95.9	    0.0	    0.0	1	 1173.9	 21	    0.0	    5.0	
   10	   1.00	    0.0	    0.0	  -90.0	    0.0	    0.0	    0.0	    0.0	    0.0	    0.0	    0.0	    0.0	  100.0	   95.4	    0.0	    0.0	    0.0	    0.0	    0.7	  1	  -50.0	 1250.0	   95.4	    0.0	    0.0	1	 1173.9	 21	    0.0	    5.0	
   11	   1.10	    0.0	    0.0	  -90.0	    0.0	    0.0	    0.0	    0.0	    0.0	    0.0	    0.0	    0.0	  100.0	   94.9	    0.0	    0.0	    0.0	    0.0	    0.8	  1	  -50.0	 1250.0	   94.9	    0.0	    0.0	1	 1173.9	 21	    0.0	    5.0	
   12	   1.20	    0.0	    0.0	  -90.0	    0.0	    0.0	    0.0	    0.0	    0.0	    0.0	    0.0	    0.0	  100.0	   94.4	    0.0	    0.0	    0.0	    0.0	    0.9	  1	  -50.0	 1250.0	   94.4	    0.0	    0.0	1	 1173.9	 21	    0.0	    5.0	
   13	   1.30	    0.0	    0.0	  -90.0	    0.0	    0.0	    0.0	    0.0	    0.0	    0.0	    0.0	    0.0	  100.0	   93.9	    0.0	    0.0	    0.0	    0.0	    0.9	  1	  -50.0	 1250.0	   93.9	    0.0	    0.0	1	 1173.9	 21	    0.0	    5.0	
   14	   1.40	    0.0	    0.0	  -90.0	    0.0	    0.0	    0.0	    0.0	    0.0	    0.0	    0.0	    0.0	  100.0	   93.4	    0.0	    0.0	    0.0	    0.0	    1.0	  1	  -50.0	 1250.0	   93.4	    0.0	    0.0	1	 1173.9	 21	    0.0	    5.0	
   15	   1.50	    0.0	    0.0	  -90.0	    0.0	    0.0	    0.0	    0.0	    0.0	    0.0	    0.0	    0.0	  100.0	   92.9	    0.0	    0.0	    0.0	    0.0	    1.1	  1	  -50.0	 1250.0	   92.9	    0.0	    0.0	1	 1173.9	 21	    0.0	    5.0	
   16	   1.60	    0.0	    0.0	  -90.0	    0.0	    0.0	    0.0	    0.0	    0.0	    0.0	    0.0	    0.0	  100.0	   92.4	    0.0	    0.0	    0.0	    0.0	    1.1	  1	  -50.0	 1250.0	   92.4	    0.0	    0.0	1	 1173.9	 21	    0.0	    5.0	
   17	   1.70	    0.0	    0.0	  -90.0	    0.0	    0.0	    0.0	    0.0	    0.0	    0.0	    0.0	    0.0	  100.0	   91.9	    0.0	    0.0	    0.0	    0.0	    1.2	  1	  -50.0	 1250.0	   91.9	    0.0	    0.0	1	 1173.9	 21	    0.0	    5.0	
   18	   1.80	    0.0	    0.0	  -90.0	    0.0	    0.0	    0.0	    0.0	    0.0	    0.0	    0.0	    0.0	  100.0	   91.4	    0.0	    0.0	    0.0	    0.0	    1.3	  1	  -50.0	 1250.0	   91.4	    0.0	    0.0	1	 1173.9	 21	    0.0	    5.0	
   19	   1.90	    0.0	    0.0	  -90.0	    0.0	    0.0	    0.0	    0.0	    0.0	    0.0	    0.0	    0.0	  100.0	   90.9	    0.0	    0.0	    0.0	    0.0	    1.4	  1	  -50.0	 1250.0	   90.9	    0.0	    0.0	1	 1173.9	 21	    0.0	    5.0	
   20	   2.00	    0.0	    0.0	  -90.0	    0.0	    0.0	    0.0	    0.0	    0.0	    0.0	    0.0	    0.0	  100.0	   90.4	    0.0	    0.0	    0.0	    0.0	    1.4	  1	  -50.0	 1250.0	   90.4	    0.0	    0.0	1	 1173.9	 21	    0.0	    5.0	
   21	   2.10	    0.0	    0.0	  -90.0	    0.0	    0.0	    0.0	    0.0	    0.0	    0.0	    0.0	    0.0	  100.0	   89.9	    0.0	    0.0	    0.0	    0.0	    1.5	  1	  -50.0	 1250.0	   89.9	    0.0	    0.0	1	 1173.9	 21	    0.0	    5.0	
   22	   2.20	    0.0	    0.0	  -90.0	    0.0	    0.0	    0.0	    0.0	    0.0	    0.0	    0.0	    0.0	  100.0	   89.4	    0.0	    0.0	    0.0	    0.0	    1.6	  1	  -50.0	 1250.0	   89.4	    0.0	    0.0	1	 1173.9	 21	    0.0	    5.0	
   23	   2.30	    0.0	    0.0	  -90.0	    0.0	    0.0	    0.0	    0.0	    0.0	    0.0	    0.0	    0.0	  100.0	   88.9	    0.0	    0.0	    0.0	    0.0	    1.6	  1	  -50.0	 1250.0	   88.9	    0.0	    0.0	1	 1173.9	 21	    0.0	    5.0	
   24	   2.40	    0.0	    0.0	  -90.0	    0.0	    0.0	    0.0	    0.0	    0.0	    0.0	    0.0	    0.0	  100.0	   88.4	    0.0	    0.0	    0.0	    0.0	    1.7	  1	  -50.0	 1250.0	   88.4	    0.0	    0.0	1	 1173.9	 21	    0.0	    5.0	
   25	   2.50	    0.0	    0.0	  -90.0	    0.0	    0.0	    0.0	    0.0	    0.0	    0.0	    0.0	    0.0	  100.0	   87.9	    0.0	    0.0	    0.0	    0.0	    1.8	  1	  -50.0	 1250.0	   87.9	    0.0	    0.0	1	 1173.9	 21	    0.0	    5.0	
   26	   2.60	    0.0	    0.0	  -90.0	    0.0	    0.0	    0.0	    0.0	    0.0	    0.0	    0.0	    0.0	  100.0	   87.4	    0.0	    0.0	    0.0	    0.0	    1.9	  1	  -50.0	 1250.0	   87.4	    0.0	    0.0	1	 1173.9	 21	    0.0	    5.0	
   27	   2.70	    0.0	    0.0	  -90.0	    0.0	    0.0	    0.0	    0.0	    0.0	    0.0	    0.0	    0.0	  100.0	   86.9	    0.0	    0.0	    0.0	    0.0	    1.9	  1	  -50.0	 1250.0	   86.9	    0.0	    0.0	1	 1173.9	 21	    0.0	    5.0	
   28	   2.80	    0.0	    0.0	  -90.0	    0.0	    0.0	    0.0	    0.0	    0.0	    0.0	    0.0	    0.0	  100.0	   86.4	    0.0	    0.0	    0.0	    0.0	    2.0	  1	  -50.0	 1250.0	   86.4	    0.0	    0.0	1	 1173.9	 21	    0.0	    5.0	
   29	   2.90	    0.0	    0.0	  -90.0	    0.0	    0.0	    0.0	    0.0	    0.0	    0.0	    0.0	    0.0	  100.0	   85.9	    0.0	    0.0	    0.0	    0.0	    2.1	  1	  -50.0	 1250.0	   85.9	    0.0	    0.0	1	 1173.9	 21	    0.0	    5.0	
   30	   3.00	    0.0	    0.0	  -90.0	    0.0	    0.0	    0.0	    0.0	    0.0	    0.0	    0.0	    0.0	  100.0	   85.4	    0.0	    0.0	    0.0	    0.0	    2.1	  1	  -50.0	 1250.0	   85.4	    0.0	    0.0	1	 1173.9	 21	    0.0	    5.0	
   31	   3.10	    0.0	    0.0	  -90.0	    0.0	    0.0	    0.0	    0.0	    0.0	    0.0	    0.0	    0.0	  100.0	   84.9	    0.0	    0.0	    0.0	    0.0	    2.2	  1	  -50.0	 1250.0	   84.9	    0.0	    0.0	1	 1173.9	 21	    0.0	    5.0	
   32	   3.20	    0.0	    0.0	  -90.0	    0.0	    0.0	    0.0	    0.0	    0.0	    0.0	    0.0	    0.0	  100.0	   84.4	    0.0	    0.0	    0.0	    0.0	    2.3	  1	  -50.0	 1250.0	   84.4	    0.0	    0.0	1	 1173.9	 21	    0.0	    5.0	
   33	   3.30	    0.0	    0.0	  -90.0	    0.0	    0.0	    0.0	    0.0	    0.0	    0.0	    0.0	    0.0	  100.0	   83.9	    0.0	    0.0	    0.0	    0.0	    2.4	  1	  -50.0	 1250.0	   83.9	    0.0	    0.0	1	 1173.9	 21	    0.0	    5.0	
   34	   3.40	    0.0	    0.0	  -90.0	    0.0	    0.0	    0.0	    0.0	    0.0	    0.0	    0.0	    0.0	  100.0	   83.4	    0.0	    0.0	    0.0	    0.0	    2.4	  1	  -50.0	 1250.0	   83.4	    0.0	    0.0	1	 1173.9	 21	    0.0	    5.0	
   35	   3.50	    0.0	    0.0	  -90.0	    0.0	    0.0	    0.0	    0.0	    0.0	    0.0	    0.0	    0.0	  100.0	   82.9	    0.0	    0.0	    0.0	    0.0	    2.5	  1	  -50.0	 1250.0	   82.9	    0.0	    0.0	1	 1173.1	 21	    0.0	    5.0	
   36	   3.60	    0.0	    0.0	  -91.1	    0.0	    0.0	    0.0	    0.0	    0.0	    0.0	    0.0	    0.0	  100.0	   82.4	    0.0	    0.0	    0.0	    0.0	    2.6	  1	  -50.0	 1250.0	   82.4	    0.0	    0.0	1	 1172.3	 21	    0.0	    5.0	
   37	   3.70	    0.0	    0.0	  -92.6	    0.0	    0.0	    0.0	    0.0	    0.0	    0.0	    0.0	    0.0	  100.0	   81.9	    0.0	    0.0	    0.0	    0.0	    2.6	  1	  -50.0	 1250.0	   81.9	    0.0	    0.0	1	 1171.5	 21	    0.0	    5.0	
   38	   3.80	    0.0	    0.0	  -94.6	    0.0	    0.0	    0.0	    0.0	    0.0	    0.0	    0.0	    0.0	  100.0	   81.4	    0.0	    0.0	    0.0	    0.0	    2.7	  1	  -50.0	 1250.0	   81.4	    0.0	    0.0	1	 1170.7	 21	    0.0	    5.0	
   39	   3.90	    0.0	    0.0	  -97.2	    0.0	    0.0	    0.0	    0.0	    0.0	    0.0	    0.0	    0.0	  100.0	   80.9	    0.0	    0.0	    0.0	    0.0	    2.8	  1	  -50.0	 1250.0	   80.9	    0.0	    0.0	1	 1169.9	 21	    0.0	    5.0	
   40	   4.00	    0.0	    0.0	 -100.6	    0.0	    0.0	    0.0	    0.0	    0.0	    0.0	    0.0	    0.0	  100.0	   80.4	    0.0	    0.0	    0.0	    0.0	    2.9	  1	  -50.0	 1250.0	   80.4	    0.0	    0.0	1	 1169.0	 21	    0.0	    5.0	
   41	   4.10	    0.0	    0.0	 -104.8	    0.0	    0.0	    0.0	    0.0	    0.0	    0.0	    0.0	    0.0	  100.0	   79.9	    0.0	    0.0	    0.0	    0.0	    2.9	  1	  -50.0	 1250.0	   79.9	    0.0	    0.0	1	 1168.2	 21	    0.0	    5.0	
   42	   4.20	    0.0	    0.0	 -110.1	    0.0	    0.0	    0.0	    0.0	    0.0	    0.0	    0.0	    0.0	  100.0	   79.4	    0.0	    0.0	    0.0	    0.0	    3.0	  1	  -50.0	 1250.0	   79.4	    0.0	    0.0	1	 1167.4	 21	    0.0	    5.0	
   43	   4.30	    0.0	    0.0	 -116.5	    0.0	    0.0	    0.0	    0.0	    0.0	    0.0	    0.0	    0.0	  100.0	   78.9	    0.0	    0.0	    0.0	    0.0	    3.1	  1	  -50.0	 1250.0	   78.9	    0.0	    0.0	1	 1166.5	 21	    0.0	    5.0	
   44	   4.40	    0.0	    0.0	 -123.9	    0.0	    0.0	    0.0	    0.0	    0.0	    0.0	    0.0	    0.0	  100.0	   78.4	    0.0	    0.0	    0.0	    0.0	    3.1	  1	  -50.0	 1250.0	   78.4	    0.0	    0.0	1	 1165.7	 21	    0.0	    5.0	
   45	   4.50	    0.0	    0.0	 -131.9	    0.0	    0.0	    0.0	    0.0	    0.0	    0.0	    0.0	    0.0	  100.0	   77.9	    0.0	    0.0	    0.0	    0.0	    3.2	  1	  -50.0	 1250.0	   77.9	    0.0	    0.0	1	 1164.8	 21	    0.0	    5.0	
   46	   4.60	    0.0	    0.0	 -140.0	    0.0	    0.0	    0.0	    0.0	    0.0	    0.0	    0.0	    0.0	  100.0	   77.4	    0.0	    0.0	    0.0	    0.0	    3.3	  1	  -50.0	 1250.0	   77.4	    0.0	    0.0	1	 1163.9	 21	    0.0	    5.0	
   47	   4.70	    0.0	    0.0	 -147.6	    0.0	    0.0	    0.0	    0.0	    0.0	    0.0	    0.0	    0.0	  100.0	   76.9	    0.0	    0.0	    0.0	    0.0	    3.4	  1	  -50.0	 1250.0	   76.9	    0.0	    0.0	1	 1163.1	 21	    0.0	    5.0	
   48	   4.80	    0.0	    0.0	 -154.3	    0.0	    0.0	    0.0	    0.0	    0.0	    0.0	    0.0	    0.0	  100.0	   76.4	    0.0	    0.0	    0.0	    0.0	    3.4	  1	  -50.0	 1250.0	   76.4	    0.0	    0.0	1	 1162.2	 21	    0.0	    5.0	
   49	   4.90	    0.0	    0.0	 -159.9	    0.0	    0.0	    0.0	    0.0	    0.0	    0.0	    0.0	    0.0	  100.0	   75.9	    0.0	    0.0	    0.0	    0.0	    3.5	  1	  -50.0	 1250.0	   75.9	    0.0	    0.0	1	 1161.3	 21	    0.0	    5.0	
   50	   5.00	    0.0	    0.0	 -164.4	    0.0	    0.0	    0.0	    0.0	    0.0	    0.0	    0.0	    0.0	  100.0	   75.4	    0.0	    0.0	    0.0	    0.0	    3.6	  1	  -50.0	 1250.0	   75.4	    0.0	    0.0	1	 1160.4	 21	    0.0	    5.0	
   51	   5.10	    0.0	    0.0	 -168.0	    0.0	    0.0	    0.0	    0.0	    0.0	    0.0	    0.0	    0.0	  100.0	   74.9	    0.0	    0.0	    0.0	    0.0	    3.6	  1	  -50.0	 1250.0	   74.9	    0.0	    0.0	1	 1159.5	 21	    0.0	    5.0	
   52	   5.20	    0.0	    0.0	 -170.7	    0.0	    0.0	    0.0	    0.0	    0.0	    0.0	    0.0	    0.0	  100.0	   74.4	    0.0	    0.0	    0.0	    0.0	    3.7	  1	  -50.0	 1250.0	   74.4	    0.0	    0.0	1	 1158.6	 21	    0.0	    5.0	
   53	   5.30	    0.0	    0.0	 -179.9	    0.0	    0.0	    0.0	    0.0	    0.0	    0.0	    0.0	    0.0	  100.0	   73.9	    0.0	    0.0	    0.0	    0.0	    3.8	  1	  -50.0	 1250.0	   73.9	    0.0	    0.0	1	 1157.7	 21	    0.0	    5.0	
   54	   5.40	    0.0	    0.0	 -180.0	    0.0	    0.0	    0.0	    0.0	    0.0	    0.0	    0.0	    0.0	  100.0	   73.4	    0.0	    0.0	    0.0	    0.0	    3.9	  1	  -50.0	 1250.0	   73.4	    0.0	    0.0	1	 1156.8	 21	    0.0	    5.0	
   55	   5.50	    0.0	    0.0	 -180.0	    0.0	    0.0	    0.0	    0.0	    0.0	    0.0	    0.0	    0.0	  100.0	   72.9	    0.0	    0.0	    0.0	    0.0	    3.9	  1	  -50.0	 1250.0	   72.9	    0.0	    0.0	1	 1155.9	 21	    0.0	    5.0	
   56	   5.60	    0.0	    0.0	 -180.0	    0.0	    0.0	    0.0	    0.0	    0.0	    0.0	    0.0	    0.0	  100.0	   72.4	    0.0	    0.0	    0.0	    0.0	    4.0	  1	  -50.0	 1250.0	   72.4	    0.0	    0.0	1	 1155.1	 21	    0.0	    5.0	
   57	   5.70	    0.0	    0.0	 -180.0	    0.0	    0.0	    0.0	    0.0	    0.0	    0.0	    0.0	    0.0	  100.0	   71.9	    0.0	    0.0	    0.0	    0.0	    4.1	  1	  -50.0	 1250.0	   71.9	    0.0	    0.0	1	 1154.5	 21	    0.0	    5.0	
   58	   5.80	    0.0	    0.0	 -180.0	    0.0	    0.0	    0.0	    0.0	    0.0	    0.0	    0.0	    0.0	  100.0	   71.4	    0.0	    0.0	    0.0	    0.0	    4.1	  1	  -50.0	 1250.0	   71.4	    0.0	    0.0	1	 1153.8	 21	    0.0	    5.0	
   59	   5.90	    0.0	    0.0	 -180.0	    0.0	    0.0	    0.0	    0.0	    0.0	    0.0	    0.0	    0.0	  100.0	   70.9	    0.0	    0.0	    0.0	    0.0	    4.2	  1	  -50.0	 1250.0	   70.9	    0.0	    0.0	1	 1153.1	 21	    0.0	    5.0	
   60	   6.00	    0.0	    0.0	 -180.0	    0.0	    0.0	    0.0	    0.0	    0.0	    0.0	    0.0	    0.0	  100.0	   70.4	    0.0	    0.0	    0.0	    0.0	    4.3	  1	  -50.0	 1250.0	   70.4	    0.0	    0.0	1	 1152.4	 21	    0.0	    5.0	
   61	   6.10	    0.0	    0.0	 -180.0	    0.0	    0.0	    0.0	    0.0	    0.0	    0.0	    0.0	    0.0	  100.0	   69.9	    0.0	    0.0	    0.0	    0.0	    4.4	  1	  -50.0	 1250.0	   69.9	    0.0	    0.0	1	 1151.7	 21	    0.0	    5.0	
   62	   6.20	    0.0	    0.0	 -179.9	    0.0	    0.0	    0.0	    0.0	    0.0	    0.0	    0.0	    0.0	  100.0	   69.4	    0.0	    0.0	    0.0	    0.0	    4.4	  1	  -50.0	 1250.0	   69.4	    0.0	    0.0	1	 1151.0	 21	    0.0	    5.0	
   63	   6.30	    0.0	    0.0	   -0.1	    0.0	    0.0	    0.0	    0.0	    0.0	    0.0	    0.0	    0.0	  100.0	   68.9	    0.0	    0.0	    0.0	    0.0	    4.5	  1	  -50.0	 1250.0	   68.9	    0.0	    0.0	1	 1150.3	 21	    0.0	    5.0	
   64	   6.40	    0.0	    0.0	   -0.0	    0.0	    0.0	    0.0	    0.0	    0.0	    0.0	    0.0	    0.0	  100.0	   68.4	    0.0	    0.0	    0.0	    0.0	    4.6	  1	  -50.0	 1250.0	   68.4	    0.0	    0.0	1	 1149.6	 21	    0.0	    5.0	
   65	   6.50	    0.0	    0.0	   -0.0	    0.0	    0.0	    0.0	    0.0	    0.0	    0.0	    0.0	    0.0	  100.0	   67.9	    0.0	    0.0	    0.0	    0.0	    4.6	  1	  -50.0	 1250.0	   67.9	    0.0	    0.0	1	 1148.9	 21	    0.0	    5.0	
   66	   6.60	    0.0	    0.0	   -0.0	    0.0	    0.0	    0.0	    0.0	    0.0	    0.0	    0.0	    0.0	  100.0	   67.4	    0.0	    0.0	    0.0	    0.0	    4.7	  1	  -50.0	 1250.0	   67.4	    0.0	    0.0	1	 1148.1	 21	    0.0	    5.0	
   67	   6.70	    0.0	    0.0	   -0.0	    0.0	    0.0	    0.0	    0.0	    0.0	    0.0	    0.0	    0.0	  100.0	   66.9	    0.0	    0.0	    0.0	    0.0	    4.8	  1	  -50.0	 1250.0	   66.9	    0.0	    0.0	1	 1147.3	 21	    0.0	    5.0	
   68	   6.80	    0.0	    0.0	   -0.0	    0.0	    0.0	    0.0	    0.0	    0.0	    0.0	    0.0	    0.0	  100.0	   66.4	    0.0	    0.0	    0.0	    0.0	    4.9	  1	  -50.0	 1250.0	   66.4	    0.0	    0.0	1	 1146.5	 21	    0.0	    5.0	
   69	   6.90	    0.0	    0.0	   -0.0	    0.0	    0.0	    0.0	    0.0	    0.0	    0.0	    0.0	    0.0	  100.0	   65.9	    0.0	    0.0	    0.0	    0.0	    4.9	  1	  -50.0	 1250.0	   65.9	    0.0	    0.0	1	 1145.6	 21	    0.0	    5.0	
   70	   7.00	    0.0	    0.0	   -0.0	    0.0	    0.0	    0.0	    0.0	    0.0	    0.0	    0.0	    0.0	  100.0	   65.4	    0.0	    0.0	    0.0	    0.0	    5.0	  1	  -50.0	 1250.0	   65.4	    0.0	    0.0	1	 1144.8	 21	    0.0	    5.0	
   71	   7.10	    0.0	    0.0	   -0.0	    0.0	    0.0	    0.0	    0.0	    0.0	    0.0	    0.0	    0.0	  100.0	   64.9	    0.0	    0.0	    0.0	    0.0	    5.1	  1	  -50.0	 1250.0	   64.9	    0.0	    0.0	1	 1144.0	 21	    0.0	    5.0	
   72	   7.20	    0.0	    0.0	   -0.0	    0.0	    0.0	    0.0	    0.0	    0.0	    0.0	    0.0	    0.0	  100.0	   64.4	    0.0	    0.0	    0.0	    0.0	    5.1	  1	  -50.0	 1250.0	   64.4	    0.0	    0.0	1	 1143.1	 21	    0.0	    5.0	
   73	   7.30	    0.0	    0.0	   -0.0	    0.0	    0.0	    0.0	    0.0	    0.0	    0.0	    0.0	    0.0	  100.0	   63.9	    0.0	    0.0	    0.0	    0.0	    5.2	  1	  -50.0	 1250.0	   63.9	    0.0	    0.0	1	 1142.3	 21	    0.0	    5.0	
   74	   7.40	    0.0	    0.0	   -0.0	    0.0	    0.0	    0.0	    0.0	    0.0	    0.0	    0.0	    0.0	  100.0	   63.4	    0.0	    0.0	    0.0	    0.0	    5.3	  1	  -50.0	 1250.0	   63.4	    0.0	    0.0	1	 1141.4	 21	    0.0	    5.0	
   75	   7.50	    0.0	    0.0	   -0.0	    0.0	    0.0	    0.0	    0.0	    0.0	    0.0	    0.0	    0.0	  100.0	   62.9	    0.0	    0.0	    0.0	    0.0	    5.4	  1	  -50.0	 1250.0	   62.9	    0.0	    0.0	1	 1140.5	 21	    0.0	    5.0	
   76	   7.60	    0.0	    0.0	   -0.0	    0.0	    0.0	    0.0	    0.0	    0.0	    0.0	    0.0	    0.0	  100.0	   62.4	    0.0	    0.0	    0.0	    0.0	    5.4	  1	  -50.0	 1250.0	   62.4	    0.0	    0.0	1	 1139.6	 21	    0.0	    5.0	
   77	   7.70	    0.0	    0.0	   -0.0	    0.0	    0.0	    0.0	    0.0	    0.0	    0.0	    0.0	    0.0	  100.0	   61.9	    0.0	    0.0	    0.0	    0.0	    5.5	  1	  -50.0	 1250.0	   61.9	    0.0	    0.0	1	 1138.6	 21	    0.0	    5.0	
   78	   7.80	    0.0	    0.0	   -0.0	    0.0	    0.0	    0.0	    0.0	    0.0	    0.0	    0.0	    0.0	  100.0	   61.4	    0.0	    0.0	    0.0	    0.0	    5.6	  1	  -50.0	 1250.0	   61.4	    0.0	    0.0	1	 1137.7	 21	    0.0	    5.0	
   79	   7.90	    0.0	    0.0	   -0.0	    0.0	    0.0	    0.0	    0.0	    0.0	    0.0	    0.0	    0.0	  100.0	   60.9	    0.0	    0.0	    0.0	    0.0	    5.6	  1	  -50.0	 1250.0	   60.9	    0.0	    0.0	1	 1136.7	 21	    0.0	    5.0	
   80	   8.00	    0.0	    0.0	   -0.0	    0.0	    0.0	    0.0	    0.0	    0.0	    0.0	    0.0	    0.0	  100.0	   60.4	    0.0	    0.0	    0.0	    0.0	    5.7	  1	  -50.0	 1250.0	   60.4	    0.0	    0.0	1	 1135.7	 21	    0.0	    5.0	
   81	   8.10	    0.0	    0.0	   -0.0	    0.0	    0.0	    0.0	    0.0	    0.0	    0.0	    0.0	    0.0	  100.0	   59.9	    0.0	    0.0	    0.0	    0.0	    5.8	  1	  -50.0	 1250.0	   59.9	    0.0	    0.0	1	 1134.8	 21	    0.0	    5.0	
   82	   8.20	    0.0	    0.0	   -0.0	    0.0	    0.0	    0.0	    0.0	    0.0	    0.0	    0.0	    0.0	  100.0	   59.4	    0.0	    0.0	    0.0	    0.0	    5.9	  1	  -50.0	 1250.0	   59.4	    0.0	    0.0	1	 1133.8	 21	    0.0	    5.0	
   83	   8.30	    0.0	    0.0	   -0.0	    0.0	    0.0	    0.0	    0.0	    0.0	    0.0	    0.0	    0.0	  100.0	   58.9	    0.0	    0.0	    0.0	    0.0	    5.9	  1	  -50.0	 1250.0	   58.9	    0.0	    0.0	1	 1132.8	 21	    0.0	    5.0	
   84	   8.40	    0.0	    0.0	   -0.0	    0.0	    0.0	    0.0	    0.0	    0.0	    0.0	    0.0	    0.0	  100.0	   58.4	    0.0	    0.0	    0.0	    0.0	    6.0	  1	  -50.0	 1250.0	   58.4	    0.0	    0.0	1	 1131.8	 21	    0.0	    5.0	
   85	   8.50	    0.0	    0.0	   -0.0	    0.0	    0.0	    0.0	    0.0	    0.0	    0.0	    0.0	    0.0	  100.0	   57.9	    0.0	    0.0	    0.0	    0.0	    6.1	  1	  -50.0	 1250.0	   57.9	    0.0	    0.0	1	 1130.8	 21	    0.0	    5.0	
   86	   8.60	    0.0	    0.0	   -0.0	    0.0	    0.0	    0.0	    0.0	    0.0	    0.0	    0.0	    0.0	  100.0	   57.4	    0.0	    0.0	    0.0	    0.0	    6.1	  1	  -50.0	 1250.0	   57.4	    0.0	    0.0	1	 1129.7	 21	    0.0	    5.0	
   87	   8.70	    0.0	    0.0	   -0.0	    0.0	    0.0	    0.0	    0.0	    0.0	    0.0	    0.0	    0.0	  100.0	   56.9	    0.0	    0.0	    0.0	    0.0	    6.2	  1	  -50.0	 1250.0	   56.9	    0.0	    0.0	1	 1128.7	 21	    0.0	    5.0	
   88	   8.80	    0.0	    0.0	   -0.0	    0.0	    0.0	    0.0	    0.0	    0.0	    0.0	    0.0	    0.0	  100.0	   56.4	    0.0	    0.0	    0.0	    0.0	    6.3	  1	  -50.0	 1250.0	   56.4	    0.0	    0.0	1	 1127.7	 21	    0.0	    5.0	
   89	   8.90	    0.0	    0.0	   -0.0	    0.0	    0.0	    0.0	    0.0	    0.0	    0.0	    0.0	    0.0	  100.0	   55.9	    0.0	    0.0	    0.0	    0.0	    6.4	  1	  -50.0	 1250.0	   55.9	    0.0	    0.0	1	 1126.6	 21	    0.0	    5.0	
   90	   9.00	    0.0	    0.0	   -0.0	    0.0	    0.0	    0.0	    0.0	    0.0	    0.0	    0.0	    0.0	  100.0	   55.4	    0.0	    0.0	    0.0	    0.0	    6.4	  1	  -50.0	 1250.0	   55.4	    0.0	    0.0	1	 1125.6	 21	    0.0	    5.0	
   91	   9.10	    0.0	    0.0	   -0.0	    0.0	    0.0	    0.0	    0.0	    0.0	    0.0	    0.0	    0.0	  100.0	   54.9	    0.0	    0.0	    0.0	    0.0	    6.5	  1	  -50.0	 1250.0	   54.9	    0.0	    0.0	1	 1124.5	 21	    0.0	    5.0	
   92	   9.20	    0.0	    0.0	   -0.0	    0.0	    0.0	    0.0	    0.0	    0.0	    0.0	    0.0	    0.0	  100.0	   54.4	    0.0	    0.0	    0.0	    0.0	    6.6	  1	  -50.0	 1250.0	   54.4	    0.0	    0.0	1	 1123.4	 21	    0.0	    5.0	
   93	   9.30	    0.0	    0.0	   -0.0	    0.0	    0.0	    0.0	    0.0	    0.0	    0.0	    0.0	    0.0	  100.0	   53.9	    0.0	    0.0	    0.0	    0.0	    6.6	  1	  -50.0	 1250.0	   53.9	    0.0	    0.0	1	 1122.3	 21	    0.0	    5.0	
   94	   9.40	    0.0	    0.0	   -0.0	    0.0	    0.0	    0.0	    0.0	    0.0	    0.0	    0.0	    0.0	  100.0	   53.4	    0.0	    0.0	    0.0	    0.0	    6.7	  1	  -50.0	 1250.0	   53.4	    0.0	    0.0	1	 1121.2	 21	    0.0	    5.0	
   95	   9.50	    0.0	    0.0	   -0.0	    0.0	    0.0	    0.0	    0.0	    0.0	    0.0	    0.0	    0.0	  100.0	   52.9	    0.0	    0.0	    0.0	    0.0	    6.8	  1	  -50.0	 1250.0	   52.9	    0.0	    0.0	1	 1120.1	 21	    0.0	    5.0	
   96	   9.60	    0.0	    0.0	   -0.0	    0.0	    0.0	    0.0	    0.0	    0.0	    0.0	    0.0	    0.0	  100.0	   52.4	    0.0	    0.0	    0.0	    0.0	    6.9	  1	  -50.0	 1250.0	   52.4	    0.0	    0.0	1	 1119.0	 21	    0.0	    5.0	
   97	   9.70	    0.0	    0.0	   -0.0	    0.0	    0.0	    0.0	    0.0	    0.0	    0.0	    0.0	    0.0	  100.0	   51.9	    0.0	    0.0	    0.0	    0.0	    6.9	  1	  -50.0	 1250.0	   51.9	    0.0	    0.0	1	 1117.9	 21	    0.0	    5.0	
   98	   9.80	    0.0	    0.0	   -0.0	    0.0	    0.0	    0.0	    0.0	    0.0	    0.0	    0.0	    0.0	  100.0	   51.4	    0.0	    0.0	    0.0	    0.0	    7.0	  1	  -50.0	 1250.0	   51.4	    0.0	    0.0	1	 1116.8	 21	    0.0	    5.0	
   99	   9.90	    0.0	    0.0	   -0.0	    0.0	    0.0	    0.0	    0.0	    0.0	    0.0	    0.0	    0.0	  100.0	   50.9	    0.0	    0.0	    0.0	    0.0	    7.1	  1	  -50.0	 1250.0	   50.9	    0.0	    0.0	1	 1115.7	 21	    0.0	    5.0	
  100	  10.00	    0.0	    0.0	   -0.0	    0.0	    0.0	    0.0	    0.0	    0.0	    0.0	    0.0	    0.0	  100.0	   50.4	    0.0	    0.0	    0.0	    0.0	    7.1	  1	  -50.0	 1250.0	   50.4	    0.0	    0.0	1	 1114.6	 21	    0.0	    5.0	
  101	  10.10	    0.0	    0.0	   -0.0	    0.0	    0.0	    0.0	    0.0	    0.0	    0.0	    0.0	    0.0	  100.0	   49.9	    0.0	    0.0	    0.0	    0.0	    7.2	  1	  -50.0	 1250.0	   49.9	    0.0	    0.0	1	 1113.4	 21	    0.0	    5.0	
  102	  10.20	    0.0	    0.0	   -0.0	    0.0	    0.0	    0.0	    0.0	    0.0	    0.0	    0.0	    0.0	  100.0	   49.4	    0.0	    0.0	    0.0	    0.0	    7.3	  1	  -50.0	 1250.0	   49.4	    0.0	    0.0	1	 1112.3	 21	    0.0	    5.0	
  103	  10.30	    0.0	    0.0	   -0.0	    0.0	    0.0	    0.0	    0.0	    0.0	    0.0	    0.0	    0.0	  100.0	   48.9	    0.0	    0.0	    0.0	    0.0	    7.4	  1	  -50.0	 1250.0	   48.9	    0.0	    0.0	1	 1111.1	 21	    0.0	    5.0	
  104	  10.40	    0.0	    0.0	   -0.0	    0.0	    0.0	    0.0	    0.0	    0.0	    0.0	    0.0	    0.0	  100.0	   48.4	    0.0	    0.0	    0.0	    0.0	    7.4	  1	  -50.0	 1250.0	   48.4	    0.0	    0.0	1	 1109.9	 21	    0.0	    5.0	
  105	  10.50	    0.0	    0.0	   -0.0	    0.0	    0.0	    0.0	    0.0	    0.0	    0.0	    0.0	    0.0	  100.0	   47.9	    0.0	    0.0	    0.0	    0.0	    7.5	  1	  -50.0	 1250.0	   47.9	    0.0	    0.0	1	 1108.8	 21	    0.0	    5.0	
  106	  10.60	    0.0	    0.0	   -0.0	    0.0	    0.0	    0.0	    0.0	    0.0	    0.0	    0.0	    0.0	  100.0	   47.4	    0.0	    0.0	    0.0	    0.0	    7.6	  1	  -50.0	 1250.0	   47.4	    0.0	    0.0	1	 1107.6	 21	    0.0	    5.0	
  107	  10.70	    0.0	    0.0	   -0.0	    0.0	    0.0	    0.0	    0.0	    0.0	    0.0	    0.0	    0.0	  100.0	   46.9	    0.0	    0.0	    0.0	    0.0	    7.6	  1	  -50.0	 1250.0	   46.9	    0.0	    0.0	1	 1106.4	 21	    0.0	    5.0	
  108	  10.80	    0.0	    0.0	   -0.0	    0.0	    0.0	    0.0	    0.0	    0.0	    0.0	    0.0	    0.0	  100.0	   46.4	    0.0	    0.0	    0.0	    0.0	    7.7	  1	  -50.0	 1250.0	   46.4	    0.0	    0.0	1	 1105.3	 21	    0.0	    5.0	
  109	  10.90	    0.0	    0.0	   -0.0	    0.0	    0.0	    0.0	    0.0	    0.0	    0.0	    0.0	    0.0	  100.0	   45.9	    0.0	    0.0	    0.0	    0.0	    7.8	  1	  -50.0	 1250.0	   45.9	    0.0	    0.0	1	 1104.1	 21	    0.0	    5.0	
  110	  11.00	    0.0	    0.0	   -0.0	    0.0	    0.0	    0.0	    0.0	    0.0	    0.0	    0.0	    0.0	  100.0	   45.4	    0.0	    0.0	    0.0	    0.0	    7.9	  1	  -50.0	 1250.0	   45.4	    0.0	    0.0	1	 1102.9	 21	    0.0	    5.0	
  111	  11.10	    0.0	    0.0	   -0.0	    0.0	    0.0	    0.0	    0.0	    0.0	    0.0	    0.0	    0.0	  100.0	   44.9	    0.0	    0.0	    0.0	    0.0	    7.9	  1	  -50.0	 1250.0	   44.9	    0.0	    0.0	1	 1101.7	 21	    0.0	    5.0	
  112	  11.20	    0.0	    0.0	   -0.0	    0.0	    0.0	    0.0	    0.0	    0.0	    0.0	    0.0	    0.0	  100.0	   44.4	    0.0	    0.0	    0.0	    0.0	    8.0	  1	  -50.0	 1250.0	   44.4	    0.0	    0.0	1	 1100.5	 21	    0.0	    5.0	
  113	  11.30	    0.0	    0.0	   -0.0	    0.0	    0.0	    0.0	    0.0	    0.0	    0.0	    0.0	    0.0	  100.0	   43.9	    0.0	    0.0	    0.0	    0.0	    8.1	  1	  -50.0	 1250.0	   43.9	    0.0	    0.0	1	 1099.2	 21	    0.0	    5.0	
  114	  11.40	    0.0	    0.0	   -0.0	    0.0	    0.0	    0.0	    0.0	    0.0	    0.0	    0.0	    0.0	  100.0	   43.4	    0.0	    0.0	    0.0	    0.0	    8.1	  1	  -50.0	 1250.0	   43.4	    0.0	    0.0	1	 1098.0	 21	    0.0	    5.0	
  115	  11.50	    0.0	    0.0	   -0.0	    0.0	    0.0	    0.0	    0.0	    0.0	    0.0	    0.0	    0.0	  100.0	   42.9	    0.0	    0.0	    0.0	    0.0	    8.2	  1	  -50.0	 1250.0	   42.9	    0.0	    0.0	1	 1096.8	 21	    0.0	    5.0	
  116	  11.60	    0.0	    0.0	   -0.0	    0.0	    0.0	    0.0	    0.0	    0.0	    0.0	    0.0	    0.0	  100.0	   42.4	    0.0	    0.0	    0.0	    0.0	    8.3	  1	  -50.0	 1250.0	   42.4	    0.0	    0.0	1	 1095.6	 21	    0.0	    5.0	
  117	  11.70	    0.0	    0.0	   -0.0	    0.0	    0.0	    0.0	    0.0	    0.0	    0.0	    0.0	    0.0	  100.0	   41.9	    0.0	    0.0	    0.0	    0.0	    8.4	  1	  -50.0	 1250.0	   41.9	    0.0	    0.0	1	 1094.3	 21	    0.0	    5.0	
  118	  11.80	    0.0	    0.0	   -0.0	    0.0	    0.0	    0.0	    0.0	    0.0	    0.0	    0.0	    0.0	  100.0	   41.4	    0.0	    0.0	    0.0	    0.0	    8.4	  1	  -50.0	 1250.0	   41.4	    0.0	    0.0	1	 1093.1	 21	    0.0	    5.0	
  119	  11.90	    0.0	    0.0	   -0.0	    0.0	    0.0	    0.0	    0.0	    0.0	    0.0	    0.0	    0.0	  100.0	   40.9	    0.0	    0.0	    0.0	    0.0	    8.5	  1	  -50.0	 1250.0	   40.9	    0.0	    0.0	1	 1091.8	 21	    0.0	    5.0	
  120	  12.00	    0.0	    0.0	   -0.0	    0.0	    0.0	    0.0	    0.0	    0.0	    0.0	    0.0	    0.0	  100.0	   40.4	    0.0	    0.0	    0.0	    0.0	    8.6	  1	  -50.0	 1250.0	   40.4	    0.0	    0.0	1	 1090.6	 21	    0.0	    5.0	
  121	  12.10	    0.0	    0.0	   -0.0	    0.0	    0.0	    0.0	    0.0	    0.0	    0.0	    0.0	    0.0	  100.0	   39.9	    0.0	    0.0	    0.0	    0.0	    8.6	  1	  -50.0	 1250.0	   39.9	    0.0	    0.0	1	 1089.3	 21	    0.0	    5.0	
  122	  12.20	    0.0	    0.0	   -0.0	    0.0	    0.0	    0.0	    0.0	    0.0	    0.0	    0.0	    0.0	  100.0	   39.4	    0.0	    0.0	    0.0	    0.0	    8.7	  1	  -50.0	 1250.0	   39.4	    0.0	    0.0	1	 1088.1	 21	    0.0	    5.0	
  123	  12.30	    0.0	    0.0	   -0.0	    0.0	    0.0	    0.0	    0.0	    0.0	    0.0	    0.0	    0.0	  100.0	   38.9	    0.0	    0.0	    0.0	    0.0	    8.8	  1	  -50.0	 1250.0	   38.9	    0.0	    0.0	1	 1086.8	 21	    0.0	    5.0	
  124	  12.40	    0.0	    0.0	   -0.0	    0.0	    0.0	    0.0	    0.0	    0.0	    0.0	    0.0	    0.0	  100.0	   38.4	    0.0	    0.0	    0.0	    0.0	    8.9	  1	  -50.0	 1250.0	   38.4	    0.0	    0.0	1	 1085.5	 21	    0.0	    5.0	
  125	  12.50	    0.0	    0.0	    0.0	    0.0	    0.0	    0.0	    0.0	    0.0	    0.0	    0.0	    0.0	  100.0	   37.9	    0.0	    0.0	    0.0	    0.0	    8.9	  1	  -50.0	 1250.0	   37.9	    0.0	    0.0	1	 1084.3	 21	    0.0	    5.0	
  126	  12.60	    0.0	    0.0	   -0.0	    0.0	    0.0	    0.0	    0.0	    0.0	    0.0	    0.0	    0.0	  100.0	   37.4	    0.0	    0.0	    0.0	    0.0	    9.0	  1	  -50.0	 1250.0	   37.4	    0.0	    0.0	1	 1083.0	 21	    0.0	    5.0	
  127	  12.70	    0.0	    0.0	    0.0	    0.0	    0.0	    0.0	    0.0	    0.0	    0.0	    0.0	    0.0	  100.0	   36.9	    0.0	    0.0	    0.0	    0.0	    9.1	  1	  -50.0	 1250.0	   36.9	    0.0	    0.0	1	 1081.7	 21	    0.0	    5.0	
  128	  12.80	    0.0	    0.0	    0.0	    0.0	    0.0	    0.0	    0.0	    0.0	    0.0	    0.0	    0.0	  100.0	   36.4	    0.0	    0.0	    0.0	    0.0	    9.1	  1	  -50.0	 1250.0	   36.4	    0.0	    0.0	1	 1080.4	 21	    0.0	    5.0	
  129	  12.90	    0.0	    0.0	   -0.0	    0.0	    0.0	    0.0	    0.0	    0.0	    0.0	    0.0	    0.0	  100.0	   35.9	    0.0	    0.0	    0.0	    0.0	    9.2	  1	  -50.0	 1250.0	   35.9	    0.0	    0.0	1	 1079.1	 21	    0.0	    5.0	
  130	  13.00	    0.0	    0.0	    0.0	    0.0	    0.0	    0.0	    0.0	    0.0	    0.0	    0.0	    0.0	  100.0	   35.4	    0.0	    0.0	    0.0	    0.0	    9.3	  1	  -50.0	 1250.0	   35.4	    0.0	    0.0	1	 1077.8	 21	    0.0	    5.0	
  131	  13.10	    0.0	    0.0	    0.0	    0.0	    0.0	    0.0	    0.0	    0.0	    0.0	    0.0	    0.0	  100.0	   34.9	    0.0	    0.0	    0.0	    0.0	    9.4	  1	  -50.0	 1250.0	   34.9	    0.0	    0.0	1	 1076.5	 21	    0.0	    5.0	
  132	  13.20	    0.0	    0.0	   -0.0	    0.0	    0.0	    0.0	    0.0	    0.0	    0.0	    0.0	    0.0	  100.0	   34.4	    0.0	    0.0	    0.0	    0.0	    9.4	  1	  -50.0	 1250.0	   34.4	    0.0	    0.0	1	 1075.2	 21	    0.0	    5.0	
  133	  13.30	    0.0	    0.0	    0.0	    0.0	    0.0	    0.0	    0.0	    0.0	    0.0	    0.0	    0.0	  100.0	   33.9	    0.0	    0.0	    0.0	    0.0	    9.5	  1	  -50.0	 1250.0	   33.9	    0.0	    0.0	1	 1073.9	 21	    0.0	    5.0	
  134	  13.40	    0.0	    0.0	    0.0	    0.0	    0.0	    0.0	    0.0	    0.0	    0.0	    0.0	    0.0	  100.0	   33.4	    0.0	    0.0	    0.0	    0.0	    9.6	  1	  -50.0	 1250.0	   33.4	    0.0	    0.0	1	 1072.5	 21	    0.0	    5.0	
  135	  13.50	    0.0	    0.0	    0.0	    0.0	    0.0	    0.0	    0.0	    0.0	    0.0	    0.0	    0.0	  100.0	   32.9	    0.0	    0.0	    0.0	    0.0	    9.6	  1	  -50.0	 1250.0	   32.9	    0.0	    0.0	1	 1071.2	 21	    0.0	    5.0	
  136	  13.60	    0.0	    0.0	    0.0	    0.0	    0.0	    0.0	    0.0	    0.0	    0.0	    0.0	    0.0	  100.0	   32.4	    0.0	    0.0	    0.0	    0.0	    9.7	  1	  -50.0	 1250.0	   32.4	    0.0	    0.0	1	 1069.9	 21	    0.0	    5.0	
  137	  13.70	    0.0	    0.0	    0.0	    0.0	    0.0	    0.0	    0.0	    0.0	    0.0	    0.0	    0.0	  100.0	   31.9	    0.0	    0.0	    0.0	    0.0	    9.8	  1	  -50.0	 1250.0	   31.9	    0.0	    0.0	1	 1068.5	 21	    0.0	    5.0	
  138	  13.80	    0.0	    0.0	    0.0	    0.0	    0.0	    0.0	    0.0	    0.0	    0.0	    0.0	    0.0	  100.0	   31.4	    0.0	    0.0	    0.0	    0.0	    9.9	  1	  -50.0	 1250.0	   31.4	    0.0	    0.0	1	 1067.2	 21	    0.0	    5.0	
  139	  13.90	    0.0	    0.0	    0.0	    0.0	    0.0	    0.0	    0.0	    0.0	    0.0	    0.0	    0.0	  100.0	   30.9	    0.0	    0.0	    0.0	    0.0	    9.9	  1	  -50.0	 1250.0	   30.9	    0.0	    0.0	1	 1065.9	 21	    0.0	    5.0	
  140	  14.00	    0.0	    0.0	   -0.0	    0.0	    0.0	    0.0	    0.0	    0.0	    0.0	    0.0	    0.0	  100.0	   30.4	    0.0	    0.0	    0.0	    0.0	   10.0	  1	  -50.0	 1250.0	   30.4	    0.0	    0.0	1	 1064.5	 21	    0.0	    5.0	
  141	  14.10	    0.0	    0.0	    0.0	    0.0	    0.0	    0.0	    0.0	    0.0	    0.0	    0.0	    0.0	  100.0	   29.9	    0.0	    0.0	    0.0	    0.0	   10.1	  1	  -50.0	 1250.0	   29.9	    0.0	    0.0	1	 1063.2	 21	    0.0	    5.0	
  142	  14.20	    0.0	    0.0	    0.0	    0.0	    0.0	    0.0	    0.0	    0.0	    0.0	    0.0	    0.0	  100.0	   29.4	    0.0	    0.0	    0.0	    0.0	   10.1	  1	  -50.0	 1250.0	   29.4	    0.0	    0.0	1	 1061.8	 21	    0.0	    5.0	
  143	  14.30	    0.0	    0.0	    0.0	    0.0	    0.0	    0.0	    0.0	    0.0	    0.0	    0.0	    0.0	  100.0	   28.9	    0.0	    0.0	    0.0	    0.0	   10.2	  1	  -50.0	 1250.0	   28.9	    0.0	    0.0	1	 1060.5	 21	    0.0	    5.0	
  144	  14.40	    0.0	    0.0	    0.0	    0.0	    0.0	    0.0	    0.0	    0.0	    0.0	    0.0	    0.0	  100.0	   28.4	    0.0	    0.0	    0.0	    0.0	   10.3	  1	  -50.0	 1250.0	   28.4	    0.0	    0.0	1	 1059.1	 21	    0.0	    5.0	
  145	  14.50	    0.0	    0.0	    0.0	    0.0	    0.0	    0.0	    0.0	    0.0	    0.0	    0.0	    0.0	  100.0	   27.9	    0.0	    0.0	    0.0	    0.0	   10.4	  1	  -50.0	 1250.0	   27.9	    0.0	    0.0	1	 1057.7	 21	    0.0	    5.0	
  146	  14.60	    0.0	    0.0	    0.0	    0.0	    0.0	    0.0	    0.0	    0.0	    0.0	    0.0	    0.0	  100.0	   27.4	    0.0	    0.0	    0.0	    0.0	   10.4	  1	  -50.0	 1250.0	   27.4	    0.0	    0.0	1	 1056.3	 21	    0.0	    5.0	
