    1	   0.10	    0.0	    0.0	    0.0	    0.0	    0.0	    0.0	    0.0	    0.0	    0.0	    0.0	    0.0	  100.0	   99.9	    0.0	    0.0	    0.0	    0.0	    0.1	  1	 -750.0	  750.0	   99.9	    0.0	    0.0	1	  967.7	 21	    0.0	    5.0	
    2	   0.20	    0.0	    0.0	  -91.1	    0.0	    0.0	    0.0	    0.0	    0.0	    0.0	    0.0	    0.0	  100.0	   99.4	    0.0	    0.0	    0.0	    0.0	    0.1	  1	  -50.0	 1250.0	   99.4	    0.0	    0.0	1	 1173.9	 21	    0.0	    5.0	
    3	   0.30	    0.0	    0.0	  -90.0	    0.0	    0.0	    0.0	    0.0	    0.0	    0.0	    0.0	    0.0	  100.0	   98.9	    0.0	    0.0	    0.0	    0.0	    0.2	  1	  -50.0	 1250.0	   98.9	    0.0	    0.0	1	 1173.9	 21	    0.0	    5.0	
    4	   0.40	    0.0	    0.0	  -90.0	    0.0	    0.0	    0.0	    0.0	    0.0	    0.0	    0.0	    0.0	  100.0	   98.4	    0.0	    0.0	    0.0	    0.0	    0.3	  1	  -50.0	 1250.0	   98.4	    0.0	    0.0	1	 1173.9	 21	    0.0	    5.0	
    5	   0.50	    0.0	    0.0	  -90.0	    0.0	    0.0	    0.0	    0.0	    0.0	    0.0	    0.0	    0.0	  100.0	   97.9	    0.0	    0.0	    0.0	    0.0	    0.4	  1	  -50.0	 1250.0	   97.9	    0.0	    0.0	1	 1173.9	 21	    0.0	    5.0	
    6	   0.60	    0.0	    0.0	  -90.0	    0.0	    0.0	    0.0	    0.0	    0.0	    0.0	    0.0	    0.0	  100.0	   97.4	    0.0	    0.0	    0.0	    0.0	    0.4	  1	  -50.0	 1250.0	   97.4	    0.0	    0.0	1	 1173.9	 21	    0.0	    5.0	
    7	   0.70	    0.0	    0.0	  -90.0	    0.0	    0.0	    0.0	    0.0	    0.0	    0.0	    0.0	    0.0	  100.0	   96.9	    0.0	    0.0	    0.0	    0.0	    0.5	  1	  -50.0	 1250.0	   96.9	    0.0	    0.0	1	 1173.9	 21	    0.0	    5.0	
    8	   0.80	    0.0	    0.0	  -90.0	    0.0	    0.0	    0.0	    0.0	    0.0	    0.0	    0.0	    0.0	  100.0	   96.4	    0.0	    0.0	    0.0	    0.0	    0.6	  1	  -50.0	 1250.0	   96.4	    0.0	    0.0	1	 1173.9	 21	    0.0	    5.0	
    9	   0.90	    0.0	    0.0	  -90.0	    0.0	    0.0	    0.0	    0.0	    0.0	    0.0	    0.0	    0.0	  100.0	   95.9	    0.0	    0.0	    0.0	    0.0	    0.6	  1	  -50.0	 1250.0	   95.9	    0.0	    0.0	1	 1173.9	 21	    0.0	    5.0	
   10	   1.00	    0.0	    0.0	  -90.0	    0.0	    0.0	    0.0	    0.0	    0.0	    0.0	    0.0	    0.0	  100.0	   95.4	    0.0	    0.0	    0.0	    0.0	    0.7	  1	  -50.0	 1250.0	   95.4	    0.0	    0.0	1	 1173.9	 21	    0.0	    5.0	
   11	   1.10	    0.0	    0.0	  -90.0	    0.0	    0.0	    0.0	    0.0	    0.0	    0.0	    0.0	    0.0	  100.0	   94.9	    0.0	    0.0	    0.0	    0.0	    0.8	  1	  -50.0	 1250.0	   94.9	    0.0	    0.0	1	 1173.9	 21	    0.0	    5.0	
   12	   1.20	    0.0	    0.0	  -90.0	    0.0	    0.0	    0.0	    0.0	    0.0	    0.0	    0.0	    0.0	  100.0	   94.4	    0.0	    0.0	    0.0	    0.0	    0.9	  1	  -50.0	 1250.0	   94.4	    0.0	    0.0	1	 1173.9	 21	    0.0	    5.0	
   13	   1.30	    0.0	    0.0	  -90.0	    0.0	    0.0	    0.0	    0.0	    0.0	    0.0	    0.0	    0.0	  100.0	   93.9	    0.0	    0.0	    0.0	    0.0	    0.9	  1	  -50.0	 1250.0	   93.9	    0.0	    0.0	1	 1173.9	 21	    0.0	    5.0	
   14	   1.40	    0.0	    0.0	  -90.0	    0.0	    0.0	    0.0	    0.0	    0.0	    0.0	    0.0	    0.0	  100.0	   93.4	    0.0	    0.0	    0.0	    0.0	    1.0	  1	  -50.0	 1250.0	   93.4	    0.0	    0.0	1	 1173.9	 21	    0.0	    5.0	
   15	   1.50	    0.0	    0.0	  -90.0	    0.0	    0.0	    0.0	    0.0	    0.0	    0.0	    0.0	    0.0	  100.0	   92.9	    0.0	    0.0	    0.0	    0.0	    1.1	  1	  -50.0	 1250.0	   92.9	    0.0	    0.0	1	 1173.9	 21	    0.0	    5.0	
   16	   1.60	    0.0	    0.0	  -90.0	    0.0	    0.0	    0.0	    0.0	    0.0	    0.0	    0.0	    0.0	  100.0	   92.4	    0.0	    0.0	    0.0	    0.0	    1.1	  1	  -50.0	 1250.0	   92.4	    0.0	    0.0	1	 1173.9	 21	    0.0	    5.0	
   17	   1.70	    0.0	    0.0	  -90.0	    0.0	    0.0	    0.0	    0.0	    0.0	    0.0	    0.0	    0.0	  100.0	   91.9	    0.0	    0.0	    0.0	    0.0	    1.2	  1	  -50.0	 1250.0	   91.9	    0.0	    0.0	1	 1173.9	 21	    0.0	    5.0	
   18	   1.80	    0.0	    0.0	  -90.0	    0.0	    0.0	    0.0	    0.0	    0.0	    0.0	    0.0	    0.0	  100.0	   91.4	    0.0	    0.0	    0.0	    0.0	    1.3	  1	  -50.0	 1250.0	   91.4	    0.0	    0.0	1	 1173.9	 21	    0.0	    5.0	
   19	   1.90	    0.0	    0.0	  -90.0	    0.0	    0.0	    0.0	    0.0	    0.0	    0.0	    0.0	    0.0	  100.0	   90.9	    0.0	    0.0	    0.0	    0.0	    1.4	  1	  -50.0	 1250.0	   90.9	    0.0	    0.0	1	 1173.9	 21	    0.0	    5.0	
   20	   2.00	    0.0	    0.0	  -90.0	    0.0	    0.0	    0.0	    0.0	    0.0	    0.0	    0.0	    0.0	  100.0	   90.4	    0.0	    0.0	    0.0	    0.0	    1.4	  1	  -50.0	 1250.0	   90.4	    0.0	    0.0	1	 1173.9	 21	    0.0	    5.0	
   21	   2.10	    0.0	    0.0	  -90.0	    0.0	    0.0	    0.0	    0.0	    0.0	    0.0	    0.0	    0.0	  100.0	   89.9	    0.0	    0.0	    0.0	    0.0	    1.5	  1	  -50.0	 1250.0	   89.9	    0.0	    0.0	1	 1173.9	 21	    0.0	    5.0	
   22	   2.20	    0.0	    0.0	  -90.0	    0.0	    0.0	    0.0	    0.0	    0.0	    0.0	    0.0	    0.0	  100.0	   89.4	    0.0	    0.0	    0.0	    0.0	    1.6	  1	  -50.0	 1250.0	   89.4	    0.0	    0.0	1	 1173.9	 21	    0.0	    5.0	
   23	   2.30	    0.0	    0.0	  -90.0	    0.0	    0.0	    0.0	    0.0	    0.0	    0.0	    0.0	    0.0	  100.0	   88.9	    0.0	    0.0	    0.0	    0.0	    1.6	  1	  -50.0	 1250.0	   88.9	    0.0	    0.0	1	 1173.9	 21	    0.0	    5.0	
   24	   2.40	    0.0	    0.0	  -90.0	    0.0	    0.0	    0.0	    0.0	    0.0	    0.0	    0.0	    0.0	  100.0	   88.4	    0.0	    0.0	    0.0	    0.0	    1.7	  1	  -50.0	 1250.0	   88.4	    0.0	    0.0	1	 1173.9	 21	    0.0	    5.0	
   25	   2.50	    0.0	    0.0	  -90.0	    0.0	    0.0	    0.0	    0.0	    0.0	    0.0	    0.0	    0.0	  100.0	   87.9	    0.0	    0.0	    0.0	    0.0	    1.8	  1	  -50.0	 1250.0	   87.9	    0.0	    0.0	1	 1173.9	 21	    0.0	    5.0	
   26	   2.60	    0.0	    0.0	  -90.0	    0.0	    0.0	    0.0	    0.0	    0.0	    0.0	    0.0	    0.0	  100.0	   87.4	    0.0	    0.0	    0.0	    0.0	    1.9	  1	  -50.0	 1250.0	   87.4	    0.0	    0.0	1	 1173.9	 21	    0.0	    5.0	
   27	   2.70	    0.0	    0.0	  -90.0	    0.0	    0.0	    0.0	    0.0	    0.0	    0.0	    0.0	    0.0	  100.0	   86.9	    0.0	    0.0	    0.0	    0.0	    1.9	  1	  -50.0	 1250.0	   86.9	    0.0	    0.0	1	 1173.9	 21	    0.0	    5.0	
   28	   2.80	    0.0	    0.0	  -90.0	    0.0	    0.0	    0.0	    0.0	    0.0	    0.0	    0.0	    0.0	  100.0	   86.4	    0.0	    0.0	    0.0	    0.0	    2.0	  1	  -50.0	 1250.0	   86.4	    0.0	    0.0	1	 1173.9	 21	    0.0	    5.0	
   29	   2.90	    0.0	    0.0	  -90.0	    0.0	    0.0	    0.0	    0.0	    0.0	    0.0	    0.0	    0.0	  100.0	   85.9	    0.0	    0.0	    0.0	    0.0	    2.1	  1	  -50.0	 1250.0	   85.9	    0.0	    0.0	1	 1173.9	 21	    0.0	    5.0	
   30	   3.00	    0.0	    0.0	  -90.0	    0.0	    0.0	    0.0	    0.0	    0.0	    0.0	    0.0	    0.0	  100.0	   85.4	    0.0	    0.0	    0.0	    0.0	    2.1	  1	  -50.0	 1250.0	   85.4	    0.0	    0.0	1	 1173.9	 21	    0.0	    5.0	
   31	   3.10	    0.0	    0.0	  -90.0	    0.0	    0.0	    0.0	    0.0	    0.0	    0.0	    0.0	    0.0	  100.0	   84.9	    0.0	    0.0	    0.0	    0.0	    2.2	  1	  -50.0	 1250.0	   84.9	    0.0	    0.0	1	 1173.9	 21	    0.0	    5.0	
   32	   3.20	    0.0	    0.0	  -90.0	    0.0	    0.0	    0.0	    0.0	    0.0	    0.0	    0.0	    0.0	  100.0	   84.4	    0.0	    0.0	    0.0	    0.0	    2.3	  1	  -50.0	 1250.0	   84.4	    0.0	    0.0	1	 1173.9	 21	    0.0	    5.0	
   33	   3.30	    0.0	    0.0	  -90.0	    0.0	    0.0	    0.0	    0.0	    0.0	    0.0	    0.0	    0.0	  100.0	   83.9	    0.0	    0.0	    0.0	    0.0	    2.4	  1	  -50.0	 1250.0	   83.9	    0.0	    0.0	1	 1173.9	 21	    0.0	    5.0	
   34	   3.40	    0.0	    0.0	  -90.0	    0.0	    0.0	    0.0	    0.0	    0.0	    0.0	    0.0	    0.0	  100.0	   83.4	    0.0	    0.0	    0.0	    0.0	    2.4	  1	  -50.0	 1250.0	   83.4	    0.0	    0.0	1	 1173.9	 21	    0.0	    5.0	
   35	   3.50	    0.0	 1500.0	  -90.0	    0.0	 1500.0	    0.0	  200.0	    0.0	 1500.0	    0.0	  200.0	  100.0	   91.2	    0.0	    0.0	    0.0	    0.0	    2.3	  1	  -50.0	 2250.0	   91.2	    0.0	    0.0	1	  509.8	 21	 1207.2	 -192.8	
   36	   3.60	    0.0	 1500.0	   89.3	    0.0	 1500.0	    0.0	  200.0	    0.0	 1500.0	    0.0	  200.0	  100.0	   90.7	    0.0	    0.0	    0.0	    0.0	    2.3	  1	 -750.0	 1550.0	   90.7	    0.0	    0.0	1	  388.5	 21	    0.0	    0.0	
   37	   3.70	    0.0	 1500.0	  102.6	    0.0	 1500.0	    0.0	  200.0	    0.0	 1500.0	    0.0	  200.0	  100.0	   90.2	    0.0	    0.0	    0.0	    0.0	    2.4	  1	 -750.0	 1550.0	   90.2	    0.0	    0.0	1	  388.0	 21	    0.0	    0.0	
   38	   3.80	    0.0	 1500.0	  108.0	    0.0	 1500.0	    0.0	  200.0	    0.0	 1500.0	    0.0	  200.0	  100.0	   89.7	    0.0	    0.0	    0.0	    0.0	    2.5	  1	 -750.0	 1550.0	   89.7	    0.0	    0.0	1	  387.6	 21	    0.0	    0.0	
   39	   3.90	    0.0	 1500.0	  110.8	    0.0	 1500.0	    0.0	  200.0	    0.0	 1500.0	    0.0	  200.0	  100.0	   89.2	    0.0	    0.0	    0.0	    0.0	    2.5	  1	 -750.0	 1550.0	   89.2	    0.0	    0.0	1	  387.1	 21	    0.0	    0.0	
   40	   4.00	    0.0	 1500.0	  112.6	    0.0	 1500.0	    0.0	  200.0	    0.0	 1500.0	    0.0	  200.0	  100.0	   88.7	    0.0	    0.0	    0.0	    0.0	    2.6	  1	 -750.0	 1550.0	   88.7	    0.0	    0.0	1	  386.6	 21	    0.0	    0.0	
   41	   4.10	    0.0	 1500.0	  114.0	    0.0	 1500.0	    0.0	  200.0	    0.0	 1500.0	    0.0	  200.0	  100.0	   88.2	    0.0	    0.0	    0.0	    0.0	    2.7	  1	 -750.0	 1550.0	   88.2	    0.0	    0.0	1	  386.2	 21	    0.0	    0.0	
   42	   4.20	    0.0	 1500.0	  115.5	    0.0	 1500.0	    0.0	  200.0	    0.0	 1500.0	    0.0	  200.0	  100.0	   87.7	    0.0	    0.0	    0.0	    0.0	    2.7	  1	 -750.0	 1550.0	   87.7	    0.0	    0.0	1	  385.7	 21	    0.0	    0.0	
   43	   4.30	    0.0	 1500.0	  117.4	    0.0	 1500.0	    0.0	  200.0	    0.0	 1500.0	    0.0	  200.0	  100.0	   87.2	    0.0	    0.0	    0.0	    0.0	    2.8	  1	 -750.0	 1550.0	   87.2	    0.0	    0.0	1	  385.2	 21	    0.0	    0.0	
   44	   4.40	    0.0	 1500.0	  120.3	    0.0	 1500.0	    0.0	  200.0	    0.0	 1500.0	    0.0	  200.0	  100.0	   86.7	    0.0	    0.0	    0.0	    0.0	    2.9	  1	 -750.0	 1550.0	   86.7	    0.0	    0.0	1	  384.8	 21	    0.0	    0.0	
   45	   4.50	    0.0	 1500.0	  126.0	    0.0	 1500.0	    0.0	  200.0	    0.0	 1500.0	    0.0	  200.0	  100.0	   86.2	    0.0	    0.0	    0.0	    0.0	    2.9	  1	 -750.0	 1550.0	   86.2	    0.0	    0.0	1	  384.3	 21	    0.0	    0.0	
   46	   4.60	    0.0	 1500.0	  137.2	    0.0	 1500.0	    0.0	  200.0	    0.0	 1500.0	    0.0	  200.0	  100.0	   85.7	    0.0	    0.0	    0.0	    0.0	    3.0	  1	 -750.0	 1550.0	   85.7	    0.0	    0.0	1	  383.9	 21	    0.0	    0.0	
   47	   4.70	    0.0	 1500.0	  154.1	    0.0	 1500.0	    0.0	  200.0	    0.0	 1500.0	    0.0	  200.0	  100.0	   85.2	    0.0	    0.0	    0.0	    0.0	    3.1	  1	 -750.0	 1550.0	   85.2	    0.0	    0.0	1	  383.4	 21	    0.0	    0.0	
   48	   4.80	    0.0	 1500.0	  166.5	    0.0	 1500.0	    0.0	  200.0	    0.0	 1500.0	    0.0	  200.0	  100.0	   84.7	    0.0	    0.0	    0.0	    0.0	    3.1	  1	 -750.0	 1550.0	   84.7	    0.0	    0.0	1	  382.9	 21	    0.0	    0.0	
   49	   4.90	    0.0	 1500.0	  171.3	    0.0	 1500.0	    0.0	  200.0	    0.0	 1500.0	    0.0	  200.0	  100.0	   84.2	    0.0	    0.0	    0.0	    0.0	    3.2	  1	 -750.0	 1550.0	   84.2	    0.0	    0.0	1	  382.5	 21	    0.0	    0.0	
   50	   5.00	    0.0	 1500.0	  172.7	    0.0	 1500.0	    0.0	  200.0	    0.0	 1500.0	    0.0	  200.0	  100.0	   83.7	    0.0	    0.0	    0.0	    0.0	    3.3	  1	 -750.0	 1550.0	   83.7	    0.0	    0.0	1	  382.0	 21	    0.0	    0.0	
   51	   5.10	    0.0	 1500.0	  173.1	    0.0	 1500.0	    0.0	  200.0	    0.0	 1500.0	    0.0	  200.0	  100.0	   83.2	    0.0	    0.0	    0.0	    0.0	    3.3	  1	 -750.0	 1550.0	   83.2	    0.0	    0.0	1	  381.5	 21	    0.0	    0.0	
   52	   5.20	    0.0	 1500.0	  173.2	    0.0	 1500.0	    0.0	  200.0	    0.0	 1500.0	    0.0	  200.0	  100.0	   82.7	    0.0	    0.0	    0.0	    0.0	    3.4	  1	 -750.0	 1550.0	   82.7	    0.0	    0.0	1	  381.1	 21	    0.0	    0.0	
   53	   5.30	    0.0	 1500.0	  173.2	    0.0	 1500.0	    0.0	  200.0	    0.0	 1500.0	    0.0	  200.0	  100.0	   82.2	    0.0	    0.0	    0.0	    0.0	    3.5	  1	 -750.0	 1550.0	   82.2	    0.0	    0.0	1	  380.6	 21	    0.0	    0.0	
   54	   5.40	    0.0	 1500.0	  173.1	    0.0	 1500.0	    0.0	  200.0	    0.0	 1500.0	    0.0	  200.0	  100.0	   81.7	    0.0	    0.0	    0.0	    0.0	    3.5	  1	 -750.0	 1550.0	   81.7	    0.0	    0.0	1	  380.1	 21	    0.0	    0.0	
   55	   5.50	    0.0	 1500.0	  172.9	    0.0	 1500.0	    0.0	  200.0	    0.0	 1500.0	    0.0	  200.0	  100.0	   81.2	    0.0	    0.0	    0.0	    0.0	    3.6	  1	 -750.0	 1550.0	   81.2	    0.0	    0.0	1	  379.7	 21	    0.0	    0.0	
   56	   5.60	    0.0	 1500.0	  172.4	    0.0	 1500.0	    0.0	  200.0	    0.0	 1500.0	    0.0	  200.0	  100.0	   80.7	    0.0	    0.0	    0.0	    0.0	    3.7	  1	 -750.0	 1550.0	   80.7	    0.0	    0.0	1	  379.2	 21	    0.0	    0.0	
   57	   5.70	    0.0	 1500.0	  171.1	    0.0	 1500.0	    0.0	  200.0	    0.0	 1500.0	    0.0	  200.0	  100.0	   80.2	    0.0	    0.0	    0.0	    0.0	    3.7	  1	 -750.0	 1550.0	   80.2	    0.0	    0.0	1	  378.7	 21	    0.0	    0.0	
   58	   5.80	    0.0	 1500.0	  165.3	    0.0	 1500.0	    0.0	  200.0	    0.0	 1500.0	    0.0	  200.0	  100.0	   79.7	    0.0	    0.0	    0.0	    0.0	    3.8	  1	 -750.0	 1550.0	   79.7	    0.0	    0.0	1	  378.3	 21	    0.0	    0.0	
   59	   5.90	    0.0	 1500.0	   10.8	    0.0	 1500.0	    0.0	  200.0	    0.0	 1500.0	    0.0	  200.0	  100.0	   79.2	    0.0	    0.0	    0.0	    0.0	    3.9	  1	 -750.0	 1550.0	   79.2	    0.0	    0.0	1	  377.8	 21	    0.0	    0.0	
   60	   6.00	    0.0	 1500.0	    2.6	    0.0	 1500.0	    0.0	  200.0	    0.0	 1500.0	    0.0	  200.0	  100.0	   78.7	    0.0	    0.0	    0.0	    0.0	    3.9	  1	 -750.0	 1550.0	   78.7	    0.0	    0.0	1	  377.3	 21	    0.0	    0.0	
   61	   6.10	    0.0	 1500.0	    2.6	    0.0	 1500.0	    0.0	  200.0	    0.0	 1500.0	    0.0	  200.0	  100.0	   78.2	    0.0	    0.0	    0.0	    0.0	    4.0	  1	 -750.0	 1550.0	   78.2	    0.0	    0.0	1	  376.9	 21	    0.0	    0.0	
   62	   6.20	    0.0	 1500.0	    2.6	    0.0	 1500.0	    0.0	  200.0	    0.0	 1500.0	    0.0	  200.0	  100.0	   77.7	    0.0	    0.0	    0.0	    0.0	    4.1	  1	 -750.0	 1550.0	   77.7	    0.0	    0.0	1	  376.4	 21	    0.0	    0.0	
   63	   6.30	    0.0	 1500.0	    2.6	    0.0	 1500.0	    0.0	  200.0	    0.0	 1500.0	    0.0	  200.0	  100.0	   77.2	    0.0	    0.0	    0.0	    0.0	    4.2	  1	 -750.0	 1550.0	   77.2	    0.0	    0.0	1	  375.9	 21	    0.0	    0.0	
   64	   6.40	    0.0	 1500.0	    2.6	    0.0	 1500.0	    0.0	  200.0	    0.0	 1500.0	    0.0	  200.0	  100.0	   76.7	    0.0	    0.0	    0.0	    0.0	    4.2	  1	 -750.0	 1550.0	   76.7	    0.0	    0.0	1	  375.4	 21	    0.0	    0.0	
   65	   6.50	    0.0	 1500.0	    2.6	    0.0	 1500.0	    0.0	  200.0	    0.0	 1500.0	    0.0	  200.0	  100.0	   76.2	    0.0	    0.0	    0.0	    0.0	    4.3	  1	 -750.0	 1550.0	   76.2	    0.0	    0.0	1	  375.0	 21	    0.0	    0.0	
   66	   6.60	    0.0	 1500.0	    2.6	    0.0	 1500.0	    0.0	  200.0	    0.0	 1500.0	    0.0	  200.0	  100.0	   75.7	    0.0	    0.0	    0.0	    0.0	    4.4	  1	 -750.0	 1550.0	   75.7	    0.0	    0.0	1	  374.5	 21	    0.0	    0.0	
   67	   6.70	    0.0	 1500.0	    2.6	    0.0	 1500.0	    0.0	  200.0	    0.0	 1500.0	    0.0	  200.0	  100.0	   75.2	    0.0	    0.0	    0.0	    0.0	    4.4	  1	 -750.0	 1550.0	   75.2	    0.0	    0.0	1	  374.0	 21	    0.0	    0.0	
   68	   6.80	    0.0	 1500.0	    2.6	    0.0	 1500.0	    0.0	  200.0	    0.0	 1500.0	    0.0	  200.0	  100.0	   74.7	    0.0	    0.0	    0.0	    0.0	    4.5	  1	 -750.0	 1550.0	   74.7	    0.0	    0.0	1	  373.6	 21	    0.0	    0.0	
   69	   6.90	    0.0	 1500.0	    2.6	    0.0	 1500.0	    0.0	  200.0	    0.0	 1500.0	    0.0	  200.0	  100.0	   74.2	    0.0	    0.0	    0.0	    0.0	    4.6	  1	 -750.0	 1550.0	   74.2	    0.0	    0.0	1	  373.1	 21	    0.0	    0.0	
   70	   7.00	    0.0	 1500.0	    2.6	    0.0	 1500.0	    0.0	  200.0	    0.0	 1500.0	    0.0	  200.0	  100.0	   73.7	    0.0	    0.0	    0.0	    0.0	    4.6	  1	 -750.0	 1550.0	   73.7	    0.0	    0.0	1	  372.6	 21	    0.0	    0.0	
   71	   7.10	    0.0	 1500.0	    2.6	    0.0	 1500.0	    0.0	  200.0	    0.0	 1500.0	    0.0	  200.0	  100.0	   73.2	    0.0	    0.0	    0.0	    0.0	    4.7	  1	 -750.0	 1550.0	   73.2	    0.0	    0.0	1	  372.1	 21	    0.0	    0.0	
   72	   7.20	    0.0	 1500.0	    2.6	    0.0	 1500.0	    0.0	  200.0	    0.0	 1500.0	    0.0	  200.0	  100.0	   72.7	    0.0	    0.0	    0.0	    0.0	    4.8	  1	 -750.0	 1550.0	   72.7	    0.0	    0.0	1	  371.7	 21	    0.0	    0.0	
   73	   7.30	    0.0	 1500.0	    2.6	    0.0	 1500.0	    0.0	  200.0	    0.0	 1500.0	    0.0	  200.0	  100.0	   72.2	    0.0	    0.0	    0.0	    0.0	    4.8	  1	 -750.0	 1550.0	   72.2	    0.0	    0.0	1	  371.2	 21	    0.0	    0.0	
   74	   7.40	    0.0	 1500.0	    2.6	    0.0	 1500.0	    0.0	  200.0	    0.0	 1500.0	    0.0	  200.0	  100.0	   71.7	    0.0	    0.0	    0.0	    0.0	    4.9	  1	 -750.0	 1550.0	   71.7	    0.0	    0.0	1	  370.7	 21	    0.0	    0.0	
   75	   7.50	    0.0	 1500.0	    2.6	    0.0	 1500.0	    0.0	  200.0	    0.0	 1500.0	    0.0	  200.0	  100.0	   71.2	    0.0	    0.0	    0.0	    0.0	    5.0	  1	 -750.0	 1550.0	   71.2	    0.0	    0.0	1	  370.2	 21	    0.0	    0.0	
   76	   7.60	    0.0	 1500.0	    2.7	    0.0	 1500.0	    0.0	  200.0	    0.0	 1500.0	    0.0	  200.0	  100.0	   70.7	    0.0	    0.0	    0.0	    0.0	    5.0	  1	 -750.0	 1550.0	   70.7	    0.0	    0.0	1	  369.8	 21	    0.0	    0.0	
   77	   7.70	    0.0	 1500.0	    2.7	    0.0	 1500.0	    0.0	  200.0	    0.0	 1500.0	    0.0	  200.0	  100.0	   70.2	    0.0	    0.0	    0.0	    0.0	    5.1	  1	 -750.0	 1550.0	   70.2	    0.0	    0.0	1	  369.3	 21	    0.0	    0.0	
   78	   7.80	    0.0	 1500.0	    2.7	    0.0	 1500.0	    0.0	  200.0	    0.0	 1500.0	    0.0	  200.0	  100.0	   69.7	    0.0	    0.0	    0.0	    0.0	    5.2	  1	 -750.0	 1550.0	   69.7	    0.0	    0.0	1	  368.8	 21	    0.0	    0.0	
   79	   7.90	    0.0	 1500.0	    2.7	    0.0	 1500.0	    0.0	  200.0	    0.0	 1500.0	    0.0	  200.0	  100.0	   69.2	    0.0	    0.0	    0.0	    0.0	    5.2	  1	 -750.0	 1550.0	   69.2	    0.0	    0.0	1	  368.3	 21	    0.0	    0.0	
   80	   8.00	    0.0	 1500.0	    2.7	    0.0	 1500.0	    0.0	  200.0	    0.0	 1500.0	    0.0	  200.0	  100.0	   68.7	    0.0	    0.0	    0.0	    0.0	    5.3	  1	 -750.0	 1550.0	   68.7	    0.0	    0.0	1	  367.9	 21	    0.0	    0.0	
   81	   8.10	    0.0	 1500.0	    2.7	    0.0	 1500.0	    0.0	  200.0	    0.0	 1500.0	    0.0	  200.0	  100.0	   68.2	    0.0	    0.0	    0.0	    0.0	    5.4	  1	 -750.0	 1550.0	   68.2	    0.0	    0.0	1	  367.4	 21	    0.0	    0.0	
   82	   8.20	    0.0	 1500.0	    2.7	    0.0	 1500.0	    0.0	  200.0	    0.0	 1500.0	    0.0	  200.0	  100.0	   67.7	    0.0	    0.0	    0.0	    0.0	    5.4	  1	 -750.0	 1550.0	   67.7	    0.0	    0.0	1	  366.9	 21	    0.0	    0.0	
   83	   8.30	    0.0	 1500.0	    2.8	    0.0	 1500.0	    0.0	  200.0	    0.0	 1500.0	    0.0	  200.0	  100.0	   67.2	    0.0	    0.0	    0.0	    0.0	    5.5	  1	 -750.0	 1550.0	   67.2	    0.0	    0.0	1	  366.4	 21	    0.0	    0.0	
   84	   8.40	    0.0	 1500.0	    2.8	    0.0	 1500.0	    0.0	  200.0	    0.0	 1500.0	    0.0	  200.0	  100.0	   66.7	    0.0	    0.0	    0.0	    0.0	    5.6	  1	 -750.0	 1550.0	   66.7	    0.0	    0.0	1	  366.0	 21	    0.0	    0.0	
   85	   8.50	    0.0	 1500.0	    2.9	    0.0	 1500.0	    0.0	  200.0	    0.0	 1500.0	    0.0	  200.0	  100.0	   66.2	    0.0	    0.0	    0.0	    0.0	    5.6	  1	 -750.0	 1550.0	   66.2	    0.0	    0.0	1	  365.5	 21	    0.0	    0.0	
   86	   8.60	    0.0	 1500.0	    2.9	    0.0	 1500.0	    0.0	  200.0	    0.0	 1500.0	    0.0	  200.0	  100.0	   65.7	    0.0	    0.0	    0.0	    0.0	    5.7	  1	 -750.0	 1550.0	   65.7	    0.0	    0.0	1	  365.0	 21	    0.0	    0.0	
   87	   8.70	    0.0	 1500.0	    3.0	    0.0	 1500.0	    0.0	  200.0	    0.0	 1500.0	    0.0	  200.0	  100.0	   65.2	    0.0	    0.0	    0.0	    0.0	    5.8	  1	 -750.0	 1550.0	   65.2	    0.0	    0.0	1	  364.5	 21	    0.0	    0.0	
   88	   8.80	    0.0	 1500.0	    3.1	    0.0	 1500.0	    0.0	  200.0	    0.0	 1500.0	    0.0	  200.0	  100.0	   64.7	    0.0	    0.0	    0.0	    0.0	    5.8	  1	 -750.0	 1550.0	   64.7	    0.0	    0.0	1	  364.0	 21	    0.0	    0.0	
   89	   8.90	    0.0	 1500.0	    3.3	    0.0	 1500.0	    0.0	  200.0	    0.0	 1500.0	    0.0	  200.0	  100.0	   64.2	    0.0	    0.0	    0.0	    0.0	    5.9	  1	 -750.0	 1550.0	   64.2	    0.0	    0.0	1	  363.6	 21	    0.0	    0.0	
   90	   9.00	    0.0	 1500.0	    3.4	    0.0	 1500.0	    0.0	  200.0	    0.0	 1500.0	    0.0	  200.0	  100.0	   63.7	    0.0	    0.0	    0.0	    0.0	    6.0	  1	 -750.0	 1550.0	   63.7	    0.0	    0.0	1	  363.1	 21	    0.0	    0.0	
   91	   9.10	    0.0	 1500.0	    3.7	    0.0	 1500.0	    0.0	  200.0	    0.0	 1500.0	    0.0	  200.0	  100.0	   63.2	    0.0	    0.0	    0.0	    0.0	    6.1	  1	 -750.0	 1550.0	   63.2	    0.0	    0.0	1	  362.6	 21	    0.0	    0.0	
   92	   9.20	    0.0	 1500.0	    4.0	    0.0	 1500.0	    0.0	  200.0	    0.0	 1500.0	    0.0	  200.0	  100.0	   62.7	    0.0	    0.0	    0.0	    0.0	    6.1	  1	 -750.0	 1550.0	   62.7	    0.0	    0.0	1	  362.1	 21	    0.0	    0.0	
   93	   9.30	    0.0	 1500.0	    4.4	    0.0	 1500.0	    0.0	  200.0	    0.0	 1500.0	    0.0	  200.0	  100.0	   62.2	    0.0	    0.0	    0.0	    0.0	    6.2	  1	 -750.0	 1550.0	   62.2	    0.0	    0.0	1	  361.6	 21	    0.0	    0.0	
   94	   9.40	    0.0	 1500.0	    4.9	    0.0	 1500.0	    0.0	  200.0	    0.0	 1500.0	    0.0	  200.0	  100.0	   61.7	    0.0	    0.0	    0.0	    0.0	    6.3	  1	 -750.0	 1550.0	   61.7	    0.0	    0.0	1	  361.1	 21	    0.0	    0.0	
   95	   9.50	    0.0	 1500.0	    5.6	    0.0	 1500.0	    0.0	  200.0	    0.0	 1500.0	    0.0	  200.0	  100.0	   61.2	    0.0	    0.0	    0.0	    0.0	    6.3	  1	 -750.0	 1550.0	   61.2	    0.0	    0.0	1	  360.7	 21	    0.0	    0.0	
   96	   9.60	    0.0	 1500.0	    6.4	    0.0	 1500.0	    0.0	  200.0	    0.0	 1500.0	    0.0	  200.0	  100.0	   60.7	    0.0	    0.0	    0.0	    0.0	    6.4	  1	 -750.0	 1550.0	   60.7	    0.0	    0.0	1	  360.2	 21	    0.0	    0.0	
   97	   9.70	    0.0	 1500.0	    7.6	    0.0	 1500.0	    0.0	  200.0	    0.0	 1500.0	    0.0	  200.0	  100.0	   60.2	    0.0	    0.0	    0.0	    0.0	    6.5	  1	 -750.0	 1550.0	   60.2	    0.0	    0.0	1	  359.7	 21	    0.0	    0.0	
   98	   9.80	    0.0	 1500.0	    9.0	    0.0	 1500.0	    0.0	  200.0	    0.0	 1500.0	    0.0	  200.0	  100.0	   59.7	    0.0	    0.0	    0.0	    0.0	    6.5	  1	 -750.0	 1550.0	   59.7	    0.0	    0.0	1	  359.2	 21	    0.0	    0.0	
   99	   9.90	    0.0	 1500.0	   10.9	    0.0	 1500.0	    0.0	  200.0	    0.0	 1500.0	    0.0	  200.0	  100.0	   59.2	    0.0	    0.0	    0.0	    0.0	    6.6	  1	 -750.0	 1550.0	   59.2	    0.0	    0.0	1	  358.7	 21	    0.0	    0.0	
  100	  10.00	    0.0	 1500.0	   13.3	    0.0	 1500.0	    0.0	  200.0	    0.0	 1500.0	    0.0	  200.0	  100.0	   58.7	    0.0	    0.0	    0.0	    0.0	    6.7	  1	 -750.0	 1550.0	   58.7	    0.0	    0.0	1	  358.3	 21	    0.0	    0.0	
  101	  10.10	    0.0	 1500.0	   16.4	    0.0	 1500.0	    0.0	  200.0	    0.0	 1500.0	    0.0	  200.0	  100.0	   58.2	    0.0	    0.0	    0.0	    0.0	    6.7	  1	 -750.0	 1550.0	   58.2	    0.0	    0.0	1	  357.8	 21	    0.0	    0.0	
  102	  10.20	    0.0	 1500.0	   20.3	    0.0	 1500.0	    0.0	  200.0	    0.0	 1500.0	    0.0	  200.0	  100.0	   57.7	    0.0	    0.0	    0.0	    0.0	    6.8	  1	 -750.0	 1550.0	   57.7	    0.0	    0.0	1	  357.3	 21	    0.0	    0.0	
  103	  10.30	    0.0	 1500.0	   25.1	    0.0	 1500.0	    0.0	  200.0	    0.0	 1500.0	    0.0	  200.0	  100.0	   57.2	    0.0	    0.0	    0.0	    0.0	    6.9	  1	 -750.0	 1550.0	   57.2	    0.0	    0.0	1	  356.8	 21	    0.0	    0.0	
  104	  10.40	    0.0	 1500.0	   30.8	    0.0	 1500.0	    0.0	  200.0	    0.0	 1500.0	    0.0	  200.0	  100.0	   56.7	    0.0	    0.0	    0.0	    0.0	    6.9	  1	 -750.0	 1550.0	   56.7	    0.0	    0.0	1	  356.3	 21	    0.0	    0.0	
  105	  10.50	    0.0	 1500.0	   36.8	    0.0	 1500.0	    0.0	  200.0	    0.0	 1500.0	    0.0	  200.0	  100.0	   56.2	    0.0	    0.0	    0.0	    0.0	    7.0	  1	 -750.0	 1550.0	   56.2	    0.0	    0.0	1	  355.8	 21	    0.0	    0.0	
  106	  10.60	    0.0	 1500.0	   43.4	    0.0	 1500.0	    0.0	  200.0	    0.0	 1500.0	    0.0	  200.0	  100.0	   55.7	    0.0	    0.0	    0.0	    0.0	    7.1	  1	 -750.0	 1550.0	   55.7	    0.0	    0.0	1	  355.3	 21	    0.0	    0.0	
  107	  10.70	    0.0	 1500.0	   50.4	    0.0	 1500.0	    0.0	  200.0	    0.0	 1500.0	    0.0	  200.0	  100.0	   55.2	    0.0	    0.0	    0.0	    0.0	    7.1	  1	 -750.0	 1550.0	   55.2	    0.0	    0.0	1	  354.9	 21	    0.0	    0.0	
  108	  10.80	    0.0	 1500.0	   57.3	    0.0	 1500.0	    0.0	  200.0	    0.0	 1500.0	    0.0	  200.0	  100.0	   54.7	    0.0	    0.0	    0.0	    0.0	    7.2	  1	 -750.0	 1550.0	   54.7	    0.0	    0.0	1	  354.4	 21	    0.0	    0.0	
  109	  10.90	    0.0	 1500.0	   63.7	    0.0	 1500.0	    0.0	  200.0	    0.0	 1500.0	    0.0	  200.0	  100.0	   54.2	    0.0	    0.0	    0.0	    0.0	    7.3	  1	 -750.0	 1550.0	   54.2	    0.0	    0.0	1	  353.9	 21	    0.0	    0.0	
  110	  11.00	    0.0	 1500.0	   69.3	    0.0	 1500.0	    0.0	  200.0	    0.0	 1500.0	    0.0	  200.0	  100.0	   53.7	    0.0	    0.0	    0.0	    0.0	    7.3	  1	 -750.0	 1550.0	   53.7	    0.0	    0.0	1	  353.4	 21	    0.0	    0.0	
  111	  11.10	    0.0	 1500.0	   74.1	    0.0	 1500.0	    0.0	  200.0	    0.0	 1500.0	    0.0	  200.0	  100.0	   53.2	    0.0	    0.0	    0.0	    0.0	    7.4	  1	 -750.0	 1550.0	   53.2	    0.0	    0.0	1	  352.9	 21	    0.0	    0.0	
  112	  11.20	    0.0	 1500.0	   78.0	    0.0	 1500.0	    0.0	  200.0	    0.0	 1500.0	    0.0	  200.0	  100.0	   52.7	    0.0	    0.0	    0.0	    0.0	    7.5	  1	 -750.0	 1550.0	   52.7	    0.0	    0.0	1	  352.4	 21	    0.0	    0.0	
  113	  11.30	    0.0	 1500.0	   81.2	    0.0	 1500.0	    0.0	  200.0	    0.0	 1500.0	    0.0	  200.0	  100.0	   52.2	    0.0	    0.0	    0.0	    0.0	    7.5	  1	 -750.0	 1550.0	   52.2	    0.0	    0.0	1	  351.9	 21	    0.0	    0.0	
  114	  11.40	    0.0	 1500.0	   83.7	    0.0	 1500.0	    0.0	  200.0	    0.0	 1500.0	    0.0	  200.0	  100.0	   51.7	    0.0	    0.0	    0.0	    0.0	    7.6	  1	 -750.0	 1550.0	   51.7	    0.0	    0.0	1	  351.4	 21	    0.0	    0.0	
  115	  11.50	    0.0	 1500.0	 -177.7	    0.0	 1500.0	    0.0	  200.0	    0.0	 1500.0	    0.0	  200.0	  100.0	   51.2	    0.0	    0.0	    0.0	    0.0	    7.7	  1	 -750.0	 1550.0	   51.2	    0.0	    0.0	1	  351.0	 21	    0.0	    0.0	
  116	  11.60	    0.0	 1500.0	 -177.7	    0.0	 1500.0	    0.0	  200.0	    0.0	 1500.0	    0.0	  200.0	  100.0	   50.7	    0.0	    0.0	    0.0	    0.0	    7.7	  1	 -750.0	 1550.0	   50.7	    0.0	    0.0	1	  350.5	 21	    0.0	    0.0	
  117	  11.70	    0.0	 1500.0	 -177.7	    0.0	 1500.0	    0.0	  200.0	    0.0	 1500.0	    0.0	  200.0	  100.0	   50.2	    0.0	    0.0	    0.0	    0.0	    7.8	  1	 -750.0	 1550.0	   50.2	    0.0	    0.0	1	  350.0	 21	    0.0	    0.0	
  118	  11.80	    0.0	 1500.0	 -177.7	    0.0	 1500.0	    0.0	  200.0	    0.0	 1500.0	    0.0	  200.0	  100.0	   49.7	    0.0	    0.0	    0.0	    0.0	    7.9	  1	 -750.0	 1550.0	   49.7	    0.0	    0.0	1	  349.5	 21	    0.0	    0.0	
  119	  11.90	    0.0	 1500.0	 -177.7	    0.0	 1500.0	    0.0	  200.0	    0.0	 1500.0	    0.0	  200.0	  100.0	   49.2	    0.0	    0.0	    0.0	    0.0	    8.0	  1	 -750.0	 1550.0	   49.2	    0.0	    0.0	1	  349.0	 21	    0.0	    0.0	
  120	  12.00	    0.0	 1500.0	 -177.7	    0.0	 1500.0	    0.0	  200.0	    0.0	 1500.0	    0.0	  200.0	  100.0	   48.7	    0.0	    0.0	    0.0	    0.0	    8.0	  1	 -750.0	 1550.0	   48.7	    0.0	    0.0	1	  348.5	 21	    0.0	    0.0	
  121	  12.10	    0.0	 1500.0	 -177.7	    0.0	 1500.0	    0.0	  200.0	    0.0	 1500.0	    0.0	  200.0	  100.0	   48.2	    0.0	    0.0	    0.0	    0.0	    8.1	  1	 -750.0	 1550.0	   48.2	    0.0	    0.0	1	  348.0	 21	    0.0	    0.0	
  122	  12.20	    0.0	 1500.0	 -177.7	    0.0	 1500.0	    0.0	  200.0	    0.0	 1500.0	    0.0	  200.0	  100.0	   47.7	    0.0	    0.0	    0.0	    0.0	    8.2	  1	 -750.0	 1550.0	   47.7	    0.0	    0.0	1	  347.5	 21	    0.0	    0.0	
  123	  12.30	    0.0	 1500.0	 -177.7	    0.0	 1500.0	    0.0	  200.0	    0.0	 1500.0	    0.0	  200.0	  100.0	   47.2	    0.0	    0.0	    0.0	    0.0	    8.2	  1	 -750.0	 1550.0	   47.2	    0.0	    0.0	1	  347.0	 21	    0.0	    0.0	
  124	  12.40	    0.0	 1500.0	 -177.7	    0.0	 1500.0	    0.0	  200.0	    0.0	 1500.0	    0.0	  200.0	  100.0	   46.7	    0.0	    0.0	    0.0	    0.0	    8.3	  1	 -750.0	 1550.0	   46.7	    0.0	    0.0	1	  346.6	 21	    0.0	    0.0	
  125	  12.50	    0.0	 1500.0	 -177.7	    0.0	 1500.0	    0.0	  200.0	    0.0	 1500.0	    0.0	  200.0	  100.0	   46.2	    0.0	    0.0	    0.0	    0.0	    8.4	  1	 -750.0	 1550.0	   46.2	    0.0	    0.0	1	  346.1	 21	    0.0	    0.0	
  126	  12.60	    0.0	 1500.0	 -177.7	    0.0	 1500.0	    0.0	  200.0	    0.0	 1500.0	    0.0	  200.0	  100.0	   45.7	    0.0	    0.0	    0.0	    0.0	    8.4	  1	 -750.0	 1550.0	   45.7	    0.0	    0.0	1	  345.6	 21	    0.0	    0.0	
  127	  12.70	    0.0	 1500.0	 -177.7	    0.0	 1500.0	    0.0	  200.0	    0.0	 1500.0	    0.0	  200.0	  100.0	   45.2	    0.0	    0.0	    0.0	    0.0	    8.5	  1	 -750.0	 1550.0	   45.2	    0.0	    0.0	1	  345.1	 21	    0.0	    0.0	
  128	  12.80	    0.0	 1500.0	 -177.7	    0.0	 1500.0	    0.0	  200.0	    0.0	 1500.0	    0.0	  200.0	  100.0	   44.7	    0.0	    0.0	    0.0	    0.0	    8.6	  1	 -750.0	 1550.0	   44.7	    0.0	    0.0	1	  344.6	 21	    0.0	    0.0	
  129	  12.90	    0.0	 1500.0	 -177.7	    0.0	 1500.0	    0.0	  200.0	    0.0	 1500.0	    0.0	  200.0	  100.0	   44.2	    0.0	    0.0	    0.0	    0.0	    8.6	  1	 -750.0	 1550.0	   44.2	    0.0	    0.0	1	  344.1	 21	    0.0	    0.0	
  130	  13.00	    0.0	 1500.0	 -177.8	    0.0	 1500.0	    0.0	  200.0	    0.0	 1500.0	    0.0	  200.0	  100.0	   43.7	    0.0	    0.0	    0.0	    0.0	    8.7	  1	 -750.0	 1550.0	   43.7	    0.0	    0.0	1	  343.6	 21	    0.0	    0.0	
  131	  13.10	    0.0	 1500.0	 -177.8	    0.0	 1500.0	    0.0	  200.0	    0.0	 1500.0	    0.0	  200.0	  100.0	   43.2	    0.0	    0.0	    0.0	    0.0	    8.8	  1	 -750.0	 1550.0	   43.2	    0.0	    0.0	1	  343.1	 21	    0.0	    0.0	
  132	  13.20	    0.0	 1500.0	 -177.8	    0.0	 1500.0	    0.0	  200.0	    0.0	 1500.0	    0.0	  200.0	  100.0	   42.7	    0.0	    0.0	    0.0	    0.0	    8.8	  1	 -750.0	 1550.0	   42.7	    0.0	    0.0	1	  342.6	 21	    0.0	    0.0	
  133	  13.30	    0.0	 1500.0	 -178.1	    0.0	 1500.0	    0.0	  200.0	    0.0	 1500.0	    0.0	  200.0	  100.0	   42.2	    0.0	    0.0	    0.0	    0.0	    8.9	  1	 -750.0	 1550.0	   42.2	    0.0	    0.0	1	  342.1	 21	    0.0	    0.0	
  134	  13.40	    0.0	 1500.0	    3.0	    0.0	 1500.0	    0.0	  200.0	    0.0	 1500.0	    0.0	  200.0	  100.0	   41.7	    0.0	    0.0	    0.0	    0.0	    9.0	  1	 -750.0	 1550.0	   41.7	    0.0	    0.0	1	  341.6	 21	    0.0	    0.0	
  135	  13.50	    0.0	 1500.0	    2.3	    0.0	 1500.0	    0.0	  200.0	    0.0	 1500.0	    0.0	  200.0	  100.0	   41.2	    0.0	    0.0	    0.0	    0.0	    9.0	  1	 -750.0	 1550.0	   41.2	    0.0	    0.0	1	  341.1	 21	    0.0	    0.0	
  136	  13.60	    0.0	 1500.0	    2.3	    0.0	 1500.0	    0.0	  200.0	    0.0	 1500.0	    0.0	  200.0	  100.0	   40.7	    0.0	    0.0	    0.0	    0.0	    9.1	  1	 -750.0	 1550.0	   40.7	    0.0	    0.0	1	  340.6	 21	    0.0	    0.0	
  137	  13.70	    0.0	 1500.0	    2.3	    0.0	 1500.0	    0.0	  200.0	    0.0	 1500.0	    0.0	  200.0	  100.0	   40.2	    0.0	    0.0	    0.0	    0.0	    9.2	  1	 -750.0	 1550.0	   40.2	    0.0	    0.0	1	  340.2	 21	    0.0	    0.0	
  138	  13.80	    0.0	 1500.0	    2.3	    0.0	 1500.0	    0.0	  200.0	    0.0	 1500.0	    0.0	  200.0	  100.0	   39.7	    0.0	    0.0	    0.0	    0.0	    9.2	  1	 -750.0	 1550.0	   39.7	    0.0	    0.0	1	  339.7	 21	    0.0	    0.0	
  139	  13.90	    0.0	 1500.0	    2.3	    0.0	 1500.0	    0.0	  200.0	    0.0	 1500.0	    0.0	  200.0	  100.0	   39.2	    0.0	    0.0	    0.0	    0.0	    9.3	  1	 -750.0	 1550.0	   39.2	    0.0	    0.0	1	  339.2	 21	    0.0	    0.0	
  140	  14.00	    0.0	 1500.0	    2.3	    0.0	 1500.0	    0.0	  200.0	    0.0	 1500.0	    0.0	  200.0	  100.0	   38.7	    0.0	    0.0	    0.0	    0.0	    9.4	  1	 -750.0	 1550.0	   38.7	    0.0	    0.0	1	  338.7	 21	    0.0	    0.0	
  141	  14.10	    0.0	 1500.0	    2.3	    0.0	 1500.0	    0.0	  200.0	    0.0	 1500.0	    0.0	  200.0	  100.0	   38.2	    0.0	    0.0	    0.0	    0.0	    9.4	  1	 -750.0	 1550.0	   38.2	    0.0	    0.0	1	  338.2	 21	    0.0	    0.0	
  142	  14.20	    0.0	 1500.0	    2.3	    0.0	 1500.0	    0.0	  200.0	    0.0	 1500.0	    0.0	  200.0	  100.0	   37.7	    0.0	    0.0	    0.0	    0.0	    9.5	  1	 -750.0	 1550.0	   37.7	    0.0	    0.0	1	  337.7	 21	    0.0	    0.0	
  143	  14.30	    0.0	 1500.0	    2.3	    0.0	 1500.0	    0.0	  200.0	    0.0	 1500.0	    0.0	  200.0	  100.0	   37.2	    0.0	    0.0	    0.0	    0.0	    9.6	  1	 -750.0	 1550.0	   37.2	    0.0	    0.0	1	  337.2	 21	    0.0	    0.0	
  144	  14.40	    0.0	 1500.0	    2.3	    0.0	 1500.0	    0.0	  200.0	    0.0	 1500.0	    0.0	  200.0	  100.0	   36.7	    0.0	    0.0	    0.0	    0.0	    9.6	  1	 -750.0	 1550.0	   36.7	    0.0	    0.0	1	  336.7	 21	    0.0	    0.0	
  145	  14.50	    0.0	 1500.0	    2.3	    0.0	 1500.0	    0.0	  200.0	    0.0	 1500.0	    0.0	  200.0	  100.0	   36.2	    0.0	    0.0	    0.0	    0.0	    9.7	  1	 -750.0	 1550.0	   36.2	    0.0	    0.0	1	  336.2	 21	    0.0	    0.0	
  146	  14.60	    0.0	 1500.0	    2.3	    0.0	 1500.0	    0.0	  200.0	    0.0	 1500.0	    0.0	  200.0	  100.0	   35.7	    0.0	    0.0	    0.0	    0.0	    9.8	  1	 -750.0	 1550.0	   35.7	    0.0	    0.0	1	  335.7	 21	    0.0	    0.0	
  147	  14.70	    0.0	 1500.0	    2.3	    0.0	 1500.0	    0.0	  200.0	    0.0	 1500.0	    0.0	  200.0	  100.0	   35.2	    0.0	    0.0	    0.0	    0.0	    9.8	  1	 -750.0	 1550.0	   35.2	    0.0	    0.0	1	  335.2	 21	 1399.4	   19.9	
  148	  14.80	    0.0	 1500.0	    2.3	    0.0	 1500.0	    0.0	  200.0	    0.0	 1500.0	    0.0	  200.0	  100.0	   34.7	    0.0	    0.0	    0.0	    0.0	    9.9	  1	 -750.0	 1550.0	   34.7	    0.0	    0.0	1	  334.7	 21	 1397.2	   19.7	
  149	  14.90	    0.0	 1500.0	    2.3	    0.0	 1500.0	    0.0	  200.0	    0.0	 1500.0	    0.0	  200.0	  100.0	   34.2	    0.0	    0.0	    0.0	    0.0	   10.0	  1	 -750.0	 1550.0	   34.2	    0.0	    0.0	1	  334.2	 21	 1395.0	   19.5	
  150	  15.00	    0.0	 1500.0	    2.3	    0.0	 1500.0	    0.0	  200.0	    0.0	 1500.0	    0.0	  200.0	  100.0	   33.7	    0.0	    0.0	    0.0	    0.0	   10.1	  1	 -750.0	 1550.0	   33.7	    0.0	    0.0	1	  333.7	 21	 1392.8	   19.3	
  151	  15.10	    0.0	 1500.0	    2.3	    0.0	 1500.0	    0.0	  200.0	    0.0	 1500.0	    0.0	  200.0	  100.0	   33.2	    0.0	    0.0	    0.0	    0.0	   10.1	  1	 -750.0	 1550.0	   33.2	    0.0	    0.0	1	  333.2	 21	 1390.6	   19.1	
  152	  15.20	    0.0	 1500.0	    2.3	    0.0	 1500.0	    0.0	  200.0	    0.0	 1500.0	    0.0	  200.0	  100.0	   32.7	    0.0	    0.0	    0.0	    0.0	   10.2	  1	 -750.0	 1550.0	   32.7	    0.0	    0.0	1	  332.7	 21	 1388.5	   18.8	
  153	  15.30	    0.0	 1500.0	    2.3	    0.0	 1500.0	    0.0	  200.0	    0.0	 1500.0	    0.0	  200.0	  100.0	   32.2	    0.0	    0.0	    0.0	    0.0	   10.3	  1	 -750.0	 1550.0	   32.2	    0.0	    0.0	1	  332.2	 21	 1386.3	   18.6	
  154	  15.40	    0.0	 1500.0	    2.3	    0.0	 1500.0	    0.0	  200.0	    0.0	 1500.0	    0.0	  200.0	  100.0	   31.7	    0.0	    0.0	    0.0	    0.0	   10.3	  1	 -750.0	 1550.0	   31.7	    0.0	    0.0	1	  331.7	 21	 1384.1	   18.4	
  155	  15.50	    0.0	 1500.0	    2.4	    0.0	 1500.0	    0.0	  200.0	    0.0	 1500.0	    0.0	  200.0	  100.0	   31.2	    0.0	    0.0	    0.0	    0.0	   10.4	  1	 -750.0	 1550.0	   31.2	    0.0	    0.0	1	  331.2	 21	 1381.9	   18.2	
  156	  15.60	  319.8	 1552.5	    2.4	    0.0	 1500.0	    0.0	  200.0	    0.0	 1500.0	    0.0	  200.0	  100.0	   30.7	    0.0	    0.0	    0.0	    0.0	   10.4	  1	  750.0	 1550.0	   30.7	    0.0	    0.0	1	  299.9	 21	 1375.9	   17.6	
  157	  15.70	  319.8	 1552.5	    7.8	    0.0	 1500.0	    0.0	  200.0	    0.0	 1500.0	    0.0	  200.0	  100.0	   30.2	    0.0	    0.0	    0.0	    0.0	   10.4	  1	  750.0	 1550.0	   30.2	    0.0	    0.0	1	  299.9	 21	 1373.9	   17.4	
  158	  15.80	  319.8	 1552.5	    7.8	    0.0	 1500.0	    0.0	  200.0	    0.0	 1500.0	    0.0	  200.0	  100.0	   29.8	    0.0	    0.0	    0.0	    0.0	   10.4	  1	  750.0	 1550.0	   29.8	    0.0	    0.0	1	  299.9	 21	 1371.8	   17.2	
  159	  15.90	  319.8	 1552.5	    7.8	    0.0	 1500.0	    0.0	  200.0	    0.0	 1500.0	    0.0	  200.0	  100.0	   29.3	    0.0	    0.0	    0.0	    0.0	   10.5	  1	  750.0	 1550.0	   29.3	    0.0	    0.0	1	  299.9	 21	 1369.8	   17.0	
  160	  16.00	  319.8	 1552.5	    7.8	    0.0	 1500.0	    0.0	  200.0	    0.0	 1500.0	    0.0	  200.0	  100.0	   28.8	    0.0	    0.0	    0.0	    0.0	   10.5	  1	  750.0	 1550.0	   28.8	    0.0	    0.0	1	  299.9	 21	 1367.7	   16.8	
  161	  16.10	  319.8	 1552.5	    7.8	    0.0	 1500.0	    0.0	  200.0	    0.0	 1500.0	    0.0	  200.0	  100.0	   28.3	    0.0	    0.0	    0.0	    0.0	   10.6	  1	  750.0	 1550.0	   28.3	    0.0	    0.0	1	  299.9	 21	 1365.6	   16.6	
  162	  16.20	  319.8	 1552.5	    7.8	    0.0	 1500.0	    0.0	  200.0	    0.0	 1500.0	    0.0	  200.0	  100.0	   27.8	    0.0	    0.0	    0.0	    0.0	   10.6	  1	  750.0	 1550.0	   27.8	    0.0	    0.0	1	  299.9	 21	 1363.6	   16.4	
  163	  16.30	  319.8	 1552.5	    7.8	    0.0	 1500.0	    0.0	  200.0	    0.0	 1500.0	    0.0	  200.0	  100.0	   27.3	    0.0	    0.0	    0.0	    0.0	   10.7	  1	  750.0	 1550.0	   27.3	    0.0	    0.0	1	  299.9	 21	 1361.5	   16.2	
  164	  16.40	  319.8	 1552.5	    7.8	    0.0	 1500.0	    0.0	  200.0	    0.0	 1500.0	    0.0	  200.0	  100.0	   26.8	    0.0	    0.0	    0.0	    0.0	   10.7	  1	  750.0	 1550.0	   26.8	    0.0	    0.0	1	  299.9	 21	 1359.5	   15.9	
  165	  16.50	  319.8	 1552.5	    7.8	    0.0	 1500.0	    0.0	  200.0	    0.0	 1500.0	    0.0	  200.0	  100.0	   26.3	    0.0	    0.0	    0.0	    0.0	   10.8	  1	  750.0	 1550.0	   26.3	    0.0	    0.0	1	  299.9	 21	 1357.4	   15.7	
  166	  16.60	  319.8	 1552.5	    7.8	    0.0	 1500.0	    0.0	  200.0	    0.0	 1500.0	    0.0	  200.0	  100.0	   25.9	    0.0	    0.0	    0.0	    0.0	   10.8	  1	  750.0	 1550.0	   25.9	    0.0	    0.0	1	  299.9	 21	 1355.3	   15.5	
  167	  16.70	  319.8	 1552.5	    7.8	    0.0	 1500.0	    0.0	  200.0	    0.0	 1500.0	    0.0	  200.0	  100.0	   25.4	    0.0	    0.0	    0.0	    0.0	   10.9	  1	  750.0	 1550.0	   25.4	    0.0	    0.0	1	  299.9	 21	 1353.3	   15.3	
  168	  16.80	  319.8	 1552.5	    7.8	    0.0	 1500.0	    0.0	  200.0	    0.0	 1500.0	    0.0	  200.0	  100.0	   24.9	    0.0	    0.0	    0.0	    0.0	   10.9	  1	  750.0	 1550.0	   24.9	    0.0	    0.0	1	  299.9	 21	 1351.2	   15.1	
  169	  16.90	  319.8	 1552.5	    7.8	    0.0	 1500.0	    0.0	  200.0	    0.0	 1500.0	    0.0	  200.0	  100.0	   24.4	    0.0	    0.0	    0.0	    0.0	   11.0	  1	  750.0	 1550.0	   24.4	    0.0	    0.0	1	  299.9	 21	 1349.2	   14.9	
  170	  17.00	  319.8	 1552.5	    7.8	    0.0	 1500.0	    0.0	  200.0	    0.0	 1500.0	    0.0	  200.0	  100.0	   23.9	    0.0	    0.0	    0.0	    0.0	   11.1	  1	  750.0	 1550.0	   23.9	    0.0	    0.0	1	  299.9	 21	 1347.1	   14.7	
  171	  17.10	  319.8	 1552.5	    7.8	    0.0	 1500.0	    0.0	  200.0	    0.0	 1500.0	    0.0	  200.0	  100.0	   23.4	    0.0	    0.0	    0.0	    0.0	   11.1	  1	  750.0	 1550.0	   23.4	    0.0	    0.0	1	  299.9	 21	 1345.1	   14.5	
  172	  17.20	  319.8	 1552.5	    7.8	    0.0	 1500.0	    0.0	  200.0	    0.0	 1500.0	    0.0	  200.0	  100.0	   22.9	    0.0	    0.0	    0.0	    0.0	   11.2	  1	  750.0	 1550.0	   22.9	    0.0	    0.0	1	  299.9	 21	 1343.0	   14.3	
  173	  17.30	  319.8	 1552.5	    7.8	    0.0	 1500.0	    0.0	  200.0	    0.0	 1500.0	    0.0	  200.0	  100.0	   22.4	    0.0	    0.0	    0.0	    0.0	   11.3	  1	  750.0	 1550.0	   22.4	    0.0	    0.0	1	  299.9	 21	 1340.9	   14.1	
  174	  17.40	  319.8	 1552.5	    7.8	    0.0	 1500.0	    0.0	  200.0	    0.0	 1500.0	    0.0	  200.0	  100.0	   22.0	    0.0	    0.0	    0.0	    0.0	   11.3	  1	  750.0	 1550.0	   22.0	    0.0	    0.0	1	  299.9	 21	 1338.9	   13.9	
  175	  17.50	  319.8	 1552.5	    7.8	    0.0	 1500.0	    0.0	  200.0	    0.0	 1500.0	    0.0	  200.0	  100.0	   21.5	    0.0	    0.0	    0.0	    0.0	   11.4	  1	  750.0	 1550.0	   21.5	    0.0	    0.0	1	  299.9	 21	 1336.8	   13.7	
  176	  17.60	  319.8	 1552.5	    7.8	    0.0	 1500.0	    0.0	  200.0	    0.0	 1500.0	    0.0	  200.0	  100.0	   21.0	    0.0	    0.0	    0.0	    0.0	   11.5	  1	  750.0	 1550.0	   21.0	    0.0	    0.0	1	  299.9	 21	 1334.8	   13.5	
  177	  17.70	  319.8	 1552.5	    7.8	    0.0	 1500.0	    0.0	  200.0	    0.0	 1500.0	    0.0	  200.0	  100.0	   20.5	    0.0	    0.0	    0.0	    0.0	   11.5	  1	  750.0	 1550.0	   20.5	    0.0	    0.0	1	  299.9	 21	 1332.7	   13.3	
  178	  17.80	  319.8	 1552.5	    7.8	    0.0	 1500.0	    0.0	  200.0	    0.0	 1500.0	    0.0	  200.0	  100.0	   20.0	    0.0	    0.0	    0.0	    0.0	   11.6	  1	  750.0	 1550.0	   20.0	    0.0	    0.0	1	  299.9	 21	 1330.7	   13.1	
  179	  17.90	  319.8	 1552.5	    7.8	    0.0	 1500.0	    0.0	  200.0	    0.0	 1500.0	    0.0	  200.0	  100.0	   19.5	    0.0	    0.0	    0.0	    0.0	   11.7	  1	  750.0	 1550.0	   19.5	    0.0	    0.0	1	  299.9	 21	 1328.6	   12.9	
  180	  18.00	  319.8	 1552.5	    7.8	    0.0	 1500.0	    0.0	  200.0	    0.0	 1500.0	    0.0	  200.0	  100.0	   19.0	    0.0	    0.0	    0.0	    0.0	   11.7	  1	  750.0	 1550.0	   19.0	    0.0	    0.0	1	  299.9	 21	 1326.5	   12.7	
  181	  18.10	  319.8	 1552.5	    7.8	    0.0	 1500.0	    0.0	  200.0	    0.0	 1500.0	    0.0	  200.0	  100.0	   18.6	    0.0	    0.0	    0.0	    0.0	   11.8	  1	  750.0	 1550.0	   18.6	    0.0	    0.0	1	  299.9	 21	 1324.5	   12.4	
  182	  18.20	  319.8	 1552.5	    7.8	    0.0	 1500.0	    0.0	  200.0	    0.0	 1500.0	    0.0	  200.0	  100.0	   18.1	    0.0	    0.0	    0.0	    0.0	   11.9	  1	  750.0	 1550.0	   18.1	    0.0	    0.0	1	  299.9	 21	 1322.4	   12.2	
  183	  18.30	  319.8	 1552.5	    7.8	    0.0	 1500.0	    0.0	  200.0	    0.0	 1500.0	    0.0	  200.0	  100.0	   17.6	    0.0	    0.0	    0.0	    0.0	   11.9	  1	  750.0	 1550.0	   17.6	    0.0	    0.0	1	  299.9	 21	 1320.4	   12.0	
  184	  18.40	  319.8	 1552.5	    7.8	    0.0	 1500.0	    0.0	  200.0	    0.0	 1500.0	    0.0	  200.0	  100.0	   17.1	    0.0	    0.0	    0.0	    0.0	   12.0	  1	  750.0	 1550.0	   17.1	    0.0	    0.0	1	  299.9	 21	 1318.3	   11.8	
  185	  18.50	  319.8	 1552.5	    7.8	    0.0	 1500.0	    0.0	  200.0	    0.0	 1500.0	    0.0	  200.0	  100.0	   16.6	    0.0	    0.0	    0.0	    0.0	   12.1	  1	  750.0	 1550.0	   16.6	    0.0	    0.0	1	  299.9	 21	 1316.3	   11.6	
  186	  18.60	  319.8	 1552.5	    7.8	    0.0	 1500.0	    0.0	  200.0	    0.0	 1500.0	    0.0	  200.0	  100.0	   16.1	    0.0	    0.0	    0.0	    0.0	   12.1	  1	  750.0	 1550.0	   16.1	    0.0	    0.0	1	  299.9	 21	 1314.2	   11.4	
  187	  18.70	  319.8	 1552.5	    7.8	    0.0	 1500.0	    0.0	  200.0	    0.0	 1500.0	    0.0	  200.0	  100.0	   15.6	    0.0	    0.0	    0.0	    0.0	   12.2	  1	  750.0	 1550.0	   15.6	    0.0	    0.0	1	  299.9	 21	 1312.2	   11.2	
  188	  18.80	  319.8	 1552.5	    7.8	    0.0	 1500.0	    0.0	  200.0	    0.0	 1500.0	    0.0	  200.0	  100.0	   15.1	    0.0	    0.0	    0.0	    0.0	   12.3	  1	  750.0	 1550.0	   15.1	    0.0	    0.0	1	  299.9	 21	 1310.1	   11.0	
  189	  18.90	  319.8	 1552.5	    7.8	    0.0	 1500.0	    0.0	  200.0	    0.0	 1500.0	    0.0	  200.0	  100.0	   14.7	    0.0	    0.0	    0.0	    0.0	   12.3	  1	  750.0	 1550.0	   14.7	    0.0	    0.0	1	  299.9	 21	 1308.1	   10.8	
  190	  19.00	  319.8	 1552.5	    7.8	    0.0	 1500.0	    0.0	  200.0	    0.0	 1500.0	    0.0	  200.0	  100.0	   14.2	    0.0	    0.0	    0.0	    0.0	   12.4	  1	  750.0	 1550.0	   14.2	    0.0	    0.0	1	  299.9	 21	 1306.0	   10.6	
  191	  19.10	  319.8	 1552.5	    7.8	    0.0	 1500.0	    0.0	  200.0	    0.0	 1500.0	    0.0	  200.0	  100.0	   13.7	    0.0	    0.0	    0.0	    0.0	   12.5	  1	  750.0	 1550.0	   13.7	    0.0	    0.0	1	  299.9	 21	 1304.0	   10.4	
  192	  19.20	  319.8	 1552.5	    7.8	    0.0	 1500.0	    0.0	  200.0	    0.0	 1500.0	    0.0	  200.0	  100.0	   13.2	    0.0	    0.0	    0.0	    0.0	   12.6	  1	  750.0	 1550.0	   13.2	    0.0	    0.0	1	  299.9	 21	 1301.9	   10.2	
  193	  19.30	  319.8	 1552.5	    7.8	    0.0	 1500.0	    0.0	  200.0	    0.0	 1500.0	    0.0	  200.0	  100.0	   12.7	    0.0	    0.0	    0.0	    0.0	   12.6	  1	  750.0	 1550.0	   12.7	    0.0	    0.0	1	  299.9	 21	    0.0	   10.0	
  194	  19.40	  319.8	 1552.5	    7.8	    0.0	 1500.0	    0.0	  200.0	    0.0	 1500.0	    0.0	  200.0	  100.0	   12.2	    0.0	    0.0	    0.0	    0.0	   12.7	  1	  750.0	 1550.0	   12.2	    0.0	    0.0	1	  299.9	 21	    0.0	    9.8	
  195	  19.50	  319.8	 1552.5	    7.8	    0.0	 1500.0	    0.0	  200.0	    0.0	 1500.0	    0.0	  200.0	  100.0	   11.7	    0.0	    0.0	    0.0	    0.0	   12.8	  1	  750.0	 1550.0	   11.7	    0.0	    0.0	1	  299.9	 21	    0.0	    9.6	
  196	  19.60	  319.8	 1552.5	    7.8	    0.0	 1500.0	    0.0	  200.0	    0.0	 1500.0	    0.0	  200.0	  100.0	   11.2	    0.0	    0.0	    0.0	    0.0	   12.8	  1	  750.0	 1550.0	   11.2	    0.0	    0.0	1	  299.9	 21	    0.0	    9.4	
  197	  19.70	  319.8	 1552.5	    7.8	    0.0	 1500.0	    0.0	  200.0	    0.0	 1500.0	    0.0	  200.0	  100.0	   10.8	    0.0	    0.0	    0.0	    0.0	   12.9	  1	  750.0	 1550.0	   10.8	    0.0	    0.0	1	  299.9	 21	    0.0	    9.2	
  198	  19.80	  319.8	 1552.5	    7.7	    0.0	 1500.0	    0.0	  200.0	    0.0	 1500.0	    0.0	  200.0	  100.0	   10.3	    0.0	    0.0	    0.0	    0.0	   13.0	  1	  750.0	 1550.0	   10.3	    0.0	    0.0	1	  299.9	 21	    0.0	    9.0	
  199	  19.90	  319.8	 1552.5	 -171.8	    0.0	 1500.0	    0.0	  200.0	    0.0	 1500.0	    0.0	  200.0	  100.0	    9.8	    0.0	    0.0	    0.0	    0.0	   13.0	  1	  750.0	 1550.0	    9.8	    0.0	    0.0	1	  299.9	 21	    0.0	    8.8	
  200	  20.00	  319.8	 1552.5	 -172.1	    0.0	 1500.0	    0.0	  200.0	    0.0	 1500.0	    0.0	  200.0	  100.0	    9.3	    0.0	    0.0	    0.0	    0.0	   13.1	  1	  750.0	 1550.0	    9.3	    0.0	    0.0	1	  299.9	 21	    0.0	    8.6	
  201	  20.10	  319.8	 1552.5	 -172.1	    0.0	 1500.0	    0.0	  200.0	    0.0	 1500.0	    0.0	  200.0	  100.0	    8.8	    0.0	    0.0	    0.0	    0.0	   13.2	  1	  750.0	 1550.0	    8.8	    0.0	    0.0	1	  299.9	 21	    0.0	    8.3	
  202	  20.20	  319.8	 1552.5	 -172.1	    0.0	 1500.0	    0.0	  200.0	    0.0	 1500.0	    0.0	  200.0	  100.0	    8.3	    0.0	    0.0	    0.0	    0.0	   13.2	  1	  750.0	 1550.0	    8.3	    0.0	    0.0	1	  299.9	 21	    0.0	    8.1	
  203	  20.30	  319.8	 1552.5	 -172.1	    0.0	 1500.0	    0.0	  200.0	    0.0	 1500.0	    0.0	  200.0	  100.0	    7.8	    0.0	    0.0	    0.0	    0.0	   13.3	  1	  750.0	 1550.0	    7.8	    0.0	    0.0	1	  299.9	 21	    0.0	    7.9	
  204	  20.40	  319.8	 1552.5	 -172.1	    0.0	 1500.0	    0.0	  200.0	    0.0	 1500.0	    0.0	  200.0	  100.0	    7.4	    0.0	    0.0	    0.0	    0.0	   13.4	  1	  750.0	 1550.0	    7.4	    0.0	    0.0	1	  299.9	 21	    0.0	    7.7	
  205	  20.50	  319.8	 1552.5	 -172.1	    0.0	 1500.0	    0.0	  200.0	    0.0	 1500.0	    0.0	  200.0	  100.0	    6.9	    0.0	    0.0	    0.0	    0.0	   13.4	  1	  750.0	 1550.0	    6.9	    0.0	    0.0	1	  299.9	 21	    0.0	    7.5	
  206	  20.60	  319.8	 1552.5	 -172.1	    0.0	 1500.0	    0.0	  200.0	    0.0	 1500.0	    0.0	  200.0	  100.0	    6.4	    0.0	    0.0	    0.0	    0.0	   13.5	  1	  750.0	 1550.0	    6.4	    0.0	    0.0	1	  299.9	 21	    0.0	    7.3	
  207	  20.70	  319.8	 1552.5	 -172.1	    0.0	 1500.0	    0.0	  200.0	    0.0	 1500.0	    0.0	  200.0	  100.0	    5.9	    0.0	    0.0	    0.0	    0.0	   13.6	  1	  750.0	 1550.0	    5.9	    0.0	    0.0	1	  299.9	 21	    0.0	    7.1	
  208	  20.80	  319.8	 1552.5	 -172.1	    0.0	 1500.0	    0.0	  200.0	    0.0	 1500.0	    0.0	  200.0	  100.0	    5.4	    0.0	    0.0	    0.0	    0.0	   13.6	  1	  750.0	 1550.0	    5.4	    0.0	    0.0	1	  299.9	 21	    0.0	    6.9	
  209	  20.90	  319.8	 1552.5	 -172.1	    0.0	 1500.0	    0.0	  200.0	    0.0	 1500.0	    0.0	  200.0	  100.0	    4.9	    0.0	    0.0	    0.0	    0.0	   13.7	  1	  750.0	 1550.0	    4.9	    0.0	    0.0	1	  299.9	 21	    0.0	    6.7	
  210	  21.00	  319.8	 1552.5	 -172.1	    0.0	 1500.0	    0.0	  200.0	    0.0	 1500.0	    0.0	  200.0	  100.0	    4.4	    0.0	    0.0	    0.0	    0.0	   13.8	  1	  750.0	 1550.0	    4.4	    0.0	    0.0	1	  299.9	 21	    0.0	    6.5	
  211	  21.10	  319.8	 1552.5	 -172.1	    0.0	 1500.0	    0.0	  200.0	    0.0	 1500.0	    0.0	  200.0	  100.0	    3.9	    0.0	    0.0	    0.0	    0.0	   13.8	  1	  750.0	 1550.0	    3.9	    0.0	    0.0	1	  299.9	 21	    0.0	    6.3	
  212	  21.20	  319.8	 1552.5	 -172.1	    0.0	 1500.0	    0.0	  200.0	    0.0	 1500.0	    0.0	  200.0	  100.0	    3.5	    0.0	    0.0	    0.0	    0.0	   13.9	  1	  750.0	 1550.0	    3.5	    0.0	    0.0	1	  299.9	 21	    0.0	    6.1	
  213	  21.30	  319.8	 1552.5	 -172.1	    0.0	 1500.0	    0.0	  200.0	    0.0	 1500.0	    0.0	  200.0	  100.0	    3.0	    0.0	    0.0	    0.0	    0.0	   14.0	  1	  750.0	 1550.0	    3.0	    0.0	    0.0	1	  299.9	 21	    0.0	    5.9	
  214	  21.40	  319.8	 1552.5	 -172.1	    0.0	 1500.0	    0.0	  200.0	    0.0	 1500.0	    0.0	  200.0	  100.0	    2.5	    0.0	    0.0	    0.0	    0.0	   14.0	  1	  750.0	 1550.0	    2.5	    0.0	    0.0	1	  299.9	 21	    0.0	    5.7	
  215	  21.50	  319.8	 1552.5	 -172.1	    0.0	 1500.0	    0.0	  200.0	    0.0	 1500.0	    0.0	  200.0	  100.0	    2.0	    0.0	    0.0	    0.0	    0.0	   14.1	  1	  750.0	 1550.0	    2.0	    0.0	    0.0	1	  299.9	 21	    0.0	    5.6	
  216	  21.60	  319.8	 1552.5	 -172.1	    0.0	 1500.0	    0.0	  200.0	    0.0	 1500.0	    0.0	  200.0	  100.0	    1.5	    0.0	    0.0	    0.0	    0.0	   14.2	  1	  750.0	 1550.0	    1.5	    0.0	    0.0	1	  299.9	 21	    0.0	    5.4	
  217	  21.70	  319.8	 1552.5	 -172.1	    0.0	 1500.0	    0.0	  200.0	    0.0	 1500.0	    0.0	  200.0	  100.0	    1.0	    0.0	    0.0	    0.0	    0.0	   14.2	  1	  750.0	 1550.0	    1.0	    0.0	    0.0	1	  299.9	 21	    0.0	    5.2	
  218	  21.80	  319.8	 1552.5	 -172.1	    0.0	 1500.0	    0.0	  200.0	    0.0	 1500.0	    0.0	  200.0	  100.0	    0.5	    0.0	    0.0	    0.0	    0.0	   14.3	  1	  750.0	 1550.0	    0.5	    0.0	    0.0	1	  299.9	 21	    0.0	    5.1	
  219	  21.90	  319.8	 1552.5	 -172.1	    0.0	 1500.0	    0.0	  200.0	    0.0	 1500.0	    0.0	  200.0	  100.0	    0.0	    0.0	    0.0	    0.0	    0.0	   14.4	  1	  750.0	 1550.0	    0.0	    0.0	    0.0	1	  299.9	 21	    0.0	    5.0	
  220	  22.00	  319.8	 1552.5	 -172.1	    0.0	 1500.0	    0.0	  200.0	    0.0	 1500.0	    0.0	  200.0	  100.0	    0.0	    0.0	    0.0	    0.0	    0.0	   14.4	  1	  750.0	 1550.0	    0.0	    0.0	    0.0	1	  299.9	 21	    0.0	    5.0	
  221	  22.10	  319.8	 1552.5	 -172.1	    0.0	 1500.0	    0.0	  200.0	    0.0	 1500.0	    0.0	  200.0	  100.0	    0.0	    0.0	    0.0	    0.0	    0.0	   14.5	  1	  750.0	 1550.0	    0.0	    0.0	    0.0	1	  299.9	 21	    0.0	    5.0	
  222	  22.20	  319.8	 1552.5	 -172.1	    0.0	 1500.0	    0.0	  200.0	    0.0	 1500.0	    0.0	  200.0	  100.0	    0.0	    0.0	    0.0	    0.0	    0.0	   14.6	  1	  750.0	 1550.0	    0.0	    0.0	    0.0	1	  299.9	 21	    0.0	    5.0	
  223	  22.30	  319.8	 1552.5	 -172.1	    0.0	 1500.0	    0.0	  200.0	    0.0	 1500.0	    0.0	  200.0	  100.0	    0.0	    0.0	    0.0	    0.0	    0.0	   14.6	  1	  750.0	 1550.0	    0.0	    0.0	    0.0	1	  299.9	 21	    0.0	    5.0	
  224	  22.40	  319.8	 1552.5	 -172.1	    0.0	 1500.0	    0.0	  200.0	    0.0	 1500.0	    0.0	  200.0	  100.0	    0.0	    0.0	    0.0	    0.0	    0.0	   14.7	  1	  750.0	 1550.0	    0.0	    0.0	    0.0	1	  299.9	 21	    0.0	    5.0	
  225	  22.50	  319.8	 1552.5	 -172.1	    0.0	 1500.0	    0.0	  200.0	    0.0	 1500.0	    0.0	  200.0	  100.0	    0.0	    0.0	    0.0	    0.0	    0.0	   14.8	  1	  750.0	 1550.0	    0.0	    0.0	    0.0	1	  299.9	 21	    0.0	    5.0	
  226	  22.60	  319.8	 1552.5	 -172.1	    0.0	 1500.0	    0.0	  200.0	    0.0	 1500.0	    0.0	  200.0	  100.0	    0.0	    0.0	    0.0	    0.0	    0.0	   14.8	  1	  750.0	 1550.0	    0.0	    0.0	    0.0	1	  299.9	 21	    0.0	    5.0	
  227	  22.70	  319.8	 1552.5	 -172.1	    0.0	 1500.0	    0.0	  200.0	    0.0	 1500.0	    0.0	  200.0	  100.0	    0.0	    0.0	    0.0	    0.0	    0.0	   14.9	  1	  750.0	 1550.0	    0.0	    0.0	    0.0	1	  299.9	 21	    0.0	    5.0	
  228	  22.80	  319.8	 1552.5	 -172.1	    0.0	 1500.0	    0.0	  200.0	    0.0	 1500.0	    0.0	  200.0	  100.0	    0.0	    0.0	    0.0	    0.0	    0.0	   15.0	  1	  750.0	 1550.0	    0.0	    0.0	    0.0	1	  299.9	 21	    0.0	    5.0	
  229	  22.90	  319.8	 1552.5	 -172.1	    0.0	 1500.0	    0.0	  200.0	    0.0	 1500.0	    0.0	  200.0	  100.0	    0.0	    0.0	    0.0	    0.0	    0.0	   15.1	  1	  750.0	 1550.0	    0.0	    0.0	    0.0	1	  299.9	 21	    0.0	    5.0	
  230	  23.00	  319.8	 1552.5	 -172.1	    0.0	 1500.0	    0.0	  200.0	    0.0	 1500.0	    0.0	  200.0	  100.0	    0.0	    0.0	    0.0	    0.0	    0.0	   15.1	  1	  750.0	 1550.0	    0.0	    0.0	    0.0	1	  299.9	 21	    0.0	    5.0	
  231	  23.10	  319.8	 1552.5	 -172.1	    0.0	 1500.0	    0.0	  200.0	    0.0	 1500.0	    0.0	  200.0	  100.0	    0.0	    0.0	    0.0	    0.0	    0.0	   15.2	  1	  750.0	 1550.0	    0.0	    0.0	    0.0	1	  299.9	 21	    0.0	    5.0	
  232	  23.20	  319.8	 1552.5	 -172.1	    0.0	 1500.0	    0.0	  200.0	    0.0	 1500.0	    0.0	  200.0	  100.0	    0.0	    0.0	    0.0	    0.0	    0.0	   15.3	  1	  750.0	 1550.0	    0.0	    0.0	    0.0	1	  299.9	 21	    0.0	    5.0	
  233	  23.30	  319.8	 1552.5	 -172.1	    0.0	 1500.0	    0.0	  200.0	    0.0	 1500.0	    0.0	  200.0	  100.0	    0.0	    0.0	    0.0	    0.0	    0.0	   15.3	  1	  750.0	 1550.0	    0.0	    0.0	    0.0	1	  299.9	 21	    0.0	    5.0	
  234	  23.40	  319.8	 1552.5	 -172.1	    0.0	 1500.0	    0.0	  200.0	    0.0	 1500.0	    0.0	  200.0	  100.0	    0.0	    0.0	    0.0	    0.0	    0.0	   15.4	  1	  750.0	 1550.0	    0.0	    0.0	    0.0	1	  299.9	 21	    0.0	    5.0	
  235	  23.50	  319.8	 1552.5	 -172.1	    0.0	 1500.0	    0.0	  200.0	    0.0	 1500.0	    0.0	  200.0	  100.0	    0.0	    0.0	    0.0	    0.0	    0.0	   15.5	  1	  750.0	 1550.0	    0.0	    0.0	    0.0	1	  299.9	 21	    0.0	    5.0	
  236	  23.60	  319.8	 1552.5	 -172.1	    0.0	 1500.0	    0.0	  200.0	    0.0	 1500.0	    0.0	  200.0	  100.0	    0.0	    0.0	    0.0	    0.0	    0.0	   15.5	  1	  750.0	 1550.0	    0.0	    0.0	    0.0	1	  299.9	 21	    0.0	    5.0	
  237	  23.70	  319.8	 1552.5	 -172.1	    0.0	 1500.0	    0.0	  200.0	    0.0	 1500.0	    0.0	  200.0	  100.0	    0.0	    0.0	    0.0	    0.0	    0.0	   15.6	  1	  750.0	 1550.0	    0.0	    0.0	    0.0	1	  299.9	 21	    0.0	    5.0	
  238	  23.80	  319.8	 1552.5	 -172.1	    0.0	 1500.0	    0.0	  200.0	    0.0	 1500.0	    0.0	  200.0	  100.0	    0.0	    0.0	    0.0	    0.0	    0.0	   15.7	  1	  750.0	 1550.0	    0.0	    0.0	    0.0	1	  299.9	 21	    0.0	    5.0	
  239	  23.90	  319.8	 1552.5	 -172.1	    0.0	 1500.0	    0.0	  200.0	    0.0	 1500.0	    0.0	  200.0	  100.0	    0.0	    0.0	    0.0	    0.0	    0.0	   15.7	  1	  750.0	 1550.0	    0.0	    0.0	    0.0	1	  299.9	 21	    0.0	    5.0	
  240	  24.00	  319.8	 1552.5	 -172.1	    0.0	 1500.0	    0.0	  200.0	    0.0	 1500.0	    0.0	  200.0	  100.0	    0.0	    0.0	    0.0	    0.0	    0.0	   15.8	  1	  750.0	 1550.0	    0.0	    0.0	    0.0	1	  299.9	 21	    0.0	    5.0	
  241	  24.10	  319.8	 1552.5	 -172.1	    0.0	 1500.0	    0.0	  200.0	    0.0	 1500.0	    0.0	  200.0	  100.0	    0.0	    0.0	    0.0	    0.0	    0.0	   15.9	  1	  750.0	 1550.0	    0.0	    0.0	    0.0	1	  299.9	 21	    0.0	    5.0	
  242	  24.20	  319.8	 1552.5	 -172.1	    0.0	 1500.0	    0.0	  200.0	    0.0	 1500.0	    0.0	  200.0	  100.0	    0.0	    0.0	    0.0	    0.0	    0.0	   15.9	  1	  750.0	 1550.0	    0.0	    0.0	    0.0	1	  299.9	 21	    0.0	    5.0	
  243	  24.30	  319.8	 1552.5	 -172.1	    0.0	 1500.0	    0.0	  200.0	    0.0	 1500.0	    0.0	  200.0	  100.0	    0.0	    0.0	    0.0	    0.0	    0.0	   16.0	  1	  750.0	 1550.0	    0.0	    0.0	    0.0	1	  299.9	 21	    0.0	    5.0	
  244	  24.40	  319.8	 1552.5	 -172.1	    0.0	 1500.0	    0.0	  200.0	    0.0	 1500.0	    0.0	  200.0	  100.0	    0.0	    0.0	    0.0	    0.0	    0.0	   16.1	  1	  750.0	 1550.0	    0.0	    0.0	    0.0	1	  299.9	 21	    0.0	    5.0	
  245	  24.50	  319.8	 1552.5	 -172.1	    0.0	 1500.0	    0.0	  200.0	    0.0	 1500.0	    0.0	  200.0	  100.0	    0.0	    0.0	    0.0	    0.0	    0.0	   16.1	  1	  750.0	 1550.0	    0.0	    0.0	    0.0	1	  299.9	 21	    0.0	    5.0	
  246	  24.60	  319.8	 1552.5	 -172.1	    0.0	 1500.0	    0.0	  200.0	    0.0	 1500.0	    0.0	  200.0	  100.0	    0.0	    0.0	    0.0	    0.0	    0.0	   16.2	  1	  750.0	 1550.0	    0.0	    0.0	    0.0	1	  299.9	 21	    0.0	    5.0	
  247	  24.70	  319.8	 1552.5	 -172.1	    0.0	 1500.0	    0.0	  200.0	    0.0	 1500.0	    0.0	  200.0	  100.0	    0.0	    0.0	    0.0	    0.0	    0.0	   16.3	  1	  750.0	 1550.0	    0.0	    0.0	    0.0	1	  299.9	 21	    0.0	    5.0	
  248	  24.80	  319.8	 1552.5	 -172.1	    0.0	 1500.0	    0.0	  200.0	    0.0	 1500.0	    0.0	  200.0	  100.0	    0.0	    0.0	    0.0	    0.0	    0.0	   16.3	  1	  750.0	 1550.0	    0.0	    0.0	    0.0	1	  299.9	 21	    0.0	    5.0	
  249	  24.90	  319.8	 1552.5	 -172.1	    0.0	 1500.0	    0.0	  200.0	    0.0	 1500.0	    0.0	  200.0	  100.0	    0.0	    0.0	    0.0	    0.0	    0.0	   16.4	  1	  750.0	 1550.0	    0.0	    0.0	    0.0	1	  299.9	 21	    0.0	    5.0	
  250	  25.00	  319.8	 1552.5	 -172.1	    0.0	 1500.0	    0.0	  200.0	    0.0	 1500.0	    0.0	  200.0	  100.0	    0.0	    0.0	    0.0	    0.0	    0.0	   16.5	  1	  750.0	 1550.0	    0.0	    0.0	    0.0	1	  299.9	 21	    0.0	    5.0	
  251	  25.10	  319.8	 1552.5	 -172.1	    0.0	 1500.0	    0.0	  200.0	    0.0	 1500.0	    0.0	  200.0	  100.0	    0.0	    0.0	    0.0	    0.0	    0.0	   16.5	  1	  750.0	 1550.0	    0.0	    0.0	    0.0	1	  299.9	 21	    0.0	    5.0	
  252	  25.20	  319.8	 1552.5	 -172.1	    0.0	 1500.0	    0.0	  200.0	    0.0	 1500.0	    0.0	  200.0	  100.0	    0.0	    0.0	    0.0	    0.0	    0.0	   16.6	  1	  750.0	 1550.0	    0.0	    0.0	    0.0	1	  299.9	 21	    0.0	    5.0	
  253	  25.30	  319.8	 1552.5	 -172.1	    0.0	 1500.0	    0.0	  200.0	    0.0	 1500.0	    0.0	  200.0	  100.0	    0.0	    0.0	    0.0	    0.0	    0.0	   16.7	  1	  750.0	 1550.0	    0.0	    0.0	    0.0	1	  299.9	 21	    0.0	    5.0	
  254	  25.40	  319.8	 1552.5	 -172.1	    0.0	 1500.0	    0.0	  200.0	    0.0	 1500.0	    0.0	  200.0	  100.0	    0.0	    0.0	    0.0	    0.0	    0.0	   16.7	  1	  750.0	 1550.0	    0.0	    0.0	    0.0	1	  299.9	 21	    0.0	    5.0	
  255	  25.50	  319.8	 1552.5	 -172.1	    0.0	 1500.0	    0.0	  200.0	    0.0	 1500.0	    0.0	  200.0	  100.0	    0.0	    0.0	    0.0	    0.0	    0.0	   16.8	  1	  750.0	 1550.0	    0.0	    0.0	    0.0	1	  299.9	 21	    0.0	    5.0	
  256	  25.60	  319.8	 1552.5	 -172.1	    0.0	 1500.0	    0.0	  200.0	    0.0	 1500.0	    0.0	  200.0	  100.0	    0.0	    0.0	    0.0	    0.0	    0.0	   16.9	  1	  750.0	 1550.0	    0.0	    0.0	    0.0	1	  299.9	 21	    0.0	    5.0	
  257	  25.70	  319.8	 1552.5	 -172.1	    0.0	 1500.0	    0.0	  200.0	    0.0	 1500.0	    0.0	  200.0	  100.0	    0.0	    0.0	    0.0	    0.0	    0.0	   16.9	  1	  750.0	 1550.0	    0.0	    0.0	    0.0	1	  299.9	 21	    0.0	    5.0	
  258	  25.80	  319.8	 1552.5	 -172.1	    0.0	 1500.0	    0.0	  200.0	    0.0	 1500.0	    0.0	  200.0	  100.0	    0.0	    0.0	    0.0	    0.0	    0.0	   17.0	  1	  750.0	 1550.0	    0.0	    0.0	    0.0	1	  299.9	 21	    0.0	    5.0	
  259	  25.90	  319.8	 1552.5	 -172.1	    0.0	 1500.0	    0.0	  200.0	    0.0	 1500.0	    0.0	  200.0	  100.0	    0.0	    0.0	    0.0	    0.0	    0.0	   17.1	  1	  750.0	 1550.0	    0.0	    0.0	    0.0	1	  299.9	 21	    0.0	    5.0	
  260	  26.00	  319.8	 1552.5	 -172.1	    0.0	 1500.0	    0.0	  200.0	    0.0	 1500.0	    0.0	  200.0	  100.0	    0.0	    0.0	    0.0	    0.0	    0.0	   17.1	  1	  750.0	 1550.0	    0.0	    0.0	    0.0	1	  299.9	 21	    0.0	    5.0	
  261	  26.10	  319.8	 1552.5	 -172.1	    0.0	 1500.0	    0.0	  200.0	    0.0	 1500.0	    0.0	  200.0	  100.0	    0.0	    0.0	    0.0	    0.0	    0.0	   17.2	  1	  750.0	 1550.0	    0.0	    0.0	    0.0	1	  299.9	 21	    0.0	    5.0	
  262	  26.20	  319.8	 1552.5	 -172.1	    0.0	 1500.0	    0.0	  200.0	    0.0	 1500.0	    0.0	  200.0	  100.0	    0.0	    0.0	    0.0	    0.0	    0.0	   17.3	  1	  750.0	 1550.0	    0.0	    0.0	    0.0	1	  299.9	 21	    0.0	    5.0	
  263	  26.30	  319.8	 1552.5	 -172.1	    0.0	 1500.0	    0.0	  200.0	    0.0	 1500.0	    0.0	  200.0	  100.0	    0.0	    0.0	    0.0	    0.0	    0.0	   17.3	  1	  750.0	 1550.0	    0.0	    0.0	    0.0	1	  299.9	 21	    0.0	    5.0	
  264	  26.40	  319.8	 1552.5	 -172.1	    0.0	 1500.0	    0.0	  200.0	    0.0	 1500.0	    0.0	  200.0	  100.0	    0.0	    0.0	    0.0	    0.0	    0.0	   17.4	  1	  750.0	 1550.0	    0.0	    0.0	    0.0	1	  299.9	 21	    0.0	    5.0	
  265	  26.50	  319.8	 1552.5	 -172.1	    0.0	 1500.0	    0.0	  200.0	    0.0	 1500.0	    0.0	  200.0	  100.0	    0.0	    0.0	    0.0	    0.0	    0.0	   17.5	  1	  750.0	 1550.0	    0.0	    0.0	    0.0	1	  299.9	 21	    0.0	    5.0	
  266	  26.60	  319.8	 1552.5	 -172.1	    0.0	 1500.0	    0.0	  200.0	    0.0	 1500.0	    0.0	  200.0	  100.0	    0.0	    0.0	    0.0	    0.0	    0.0	   17.6	  1	  750.0	 1550.0	    0.0	    0.0	    0.0	1	  299.9	 21	    0.0	    5.0	
  267	  26.70	  319.8	 1552.5	 -172.1	    0.0	 1500.0	    0.0	  200.0	    0.0	 1500.0	    0.0	  200.0	  100.0	    0.0	    0.0	    0.0	    0.0	    0.0	   17.6	  1	  750.0	 1550.0	    0.0	    0.0	    0.0	1	  299.9	 21	    0.0	    5.0	
  268	  26.80	  319.8	 1552.5	 -172.1	    0.0	 1500.0	    0.0	  200.0	    0.0	 1500.0	    0.0	  200.0	  100.0	    0.0	    0.0	    0.0	    0.0	    0.0	   17.7	  1	  750.0	 1550.0	    0.0	    0.0	    0.0	1	  299.9	 21	    0.0	    5.0	
  269	  26.90	  319.8	 1552.5	 -172.1	    0.0	 1500.0	    0.0	  200.0	    0.0	 1500.0	    0.0	  200.0	  100.0	    0.0	    0.0	    0.0	    0.0	    0.0	   17.8	  1	  750.0	 1550.0	    0.0	    0.0	    0.0	1	  299.9	 21	    0.0	    5.0	
  270	  27.00	  319.8	 1552.5	 -172.1	    0.0	 1500.0	    0.0	  200.0	    0.0	 1500.0	    0.0	  200.0	  100.0	    0.0	    0.0	    0.0	    0.0	    0.0	   17.8	  1	  750.0	 1550.0	    0.0	    0.0	    0.0	1	  299.9	 21	    0.0	    5.0	
  271	  27.10	  319.8	 1552.5	 -172.1	    0.0	 1500.0	    0.0	  200.0	    0.0	 1500.0	    0.0	  200.0	  100.0	    0.0	    0.0	    0.0	    0.0	    0.0	   17.9	  1	  750.0	 1550.0	    0.0	    0.0	    0.0	1	  299.9	 21	    0.0	    5.0	
  272	  27.20	  319.8	 1552.5	 -172.1	    0.0	 1500.0	    0.0	  200.0	    0.0	 1500.0	    0.0	  200.0	  100.0	    0.0	    0.0	    0.0	    0.0	    0.0	   18.0	  1	  750.0	 1550.0	    0.0	    0.0	    0.0	1	  299.9	 21	    0.0	    5.0	
  273	  27.30	  319.8	 1552.5	 -172.1	    0.0	 1500.0	    0.0	  200.0	    0.0	 1500.0	    0.0	  200.0	  100.0	    0.0	    0.0	    0.0	    0.0	    0.0	   18.0	  1	  750.0	 1550.0	    0.0	    0.0	    0.0	1	  299.9	 21	    0.0	    5.0	
  274	  27.40	  319.8	 1552.5	 -172.1	    0.0	 1500.0	    0.0	  200.0	    0.0	 1500.0	    0.0	  200.0	  100.0	    0.0	    0.0	    0.0	    0.0	    0.0	   18.1	  1	  750.0	 1550.0	    0.0	    0.0	    0.0	1	  299.9	 21	    0.0	    5.0	
  275	  27.50	  319.8	 1552.5	 -172.1	    0.0	 1500.0	    0.0	  200.0	    0.0	 1500.0	    0.0	  200.0	  100.0	    0.0	    0.0	    0.0	    0.0	    0.0	   18.2	  1	  750.0	 1550.0	    0.0	    0.0	    0.0	1	  299.9	 21	    0.0	    5.0	
  276	  27.60	  319.8	 1552.5	 -172.1	    0.0	 1500.0	    0.0	  200.0	    0.0	 1500.0	    0.0	  200.0	  100.0	    0.0	    0.0	    0.0	    0.0	    0.0	   18.2	  1	  750.0	 1550.0	    0.0	    0.0	    0.0	1	  299.9	 21	    0.0	    5.0	
  277	  27.70	  319.8	 1552.5	 -172.1	    0.0	 1500.0	    0.0	  200.0	    0.0	 1500.0	    0.0	  200.0	  100.0	    0.0	    0.0	    0.0	    0.0	    0.0	   18.3	  1	  750.0	 1550.0	    0.0	    0.0	    0.0	1	  299.9	 21	    0.0	    5.0	
  278	  27.80	  319.8	 1552.5	 -172.1	    0.0	 1500.0	    0.0	  200.0	    0.0	 1500.0	    0.0	  200.0	  100.0	    0.0	    0.0	    0.0	    0.0	    0.0	   18.4	  1	  750.0	 1550.0	    0.0	    0.0	    0.0	1	  299.9	 21	    0.0	    5.0	
  279	  27.90	  319.8	 1552.5	 -172.1	    0.0	 1500.0	    0.0	  200.0	    0.0	 1500.0	    0.0	  200.0	  100.0	    0.0	    0.0	    0.0	    0.0	    0.0	   18.4	  1	  750.0	 1550.0	    0.0	    0.0	    0.0	1	  299.9	 21	    0.0	    5.0	
  280	  28.00	  319.8	 1552.5	 -172.1	    0.0	 1500.0	    0.0	  200.0	    0.0	 1500.0	    0.0	  200.0	  100.0	    0.0	    0.0	    0.0	    0.0	    0.0	   18.5	  1	  750.0	 1550.0	    0.0	    0.0	    0.0	1	  299.9	 21	    0.0	    5.0	
  281	  28.10	  319.8	 1552.5	 -172.1	    0.0	 1500.0	    0.0	  200.0	    0.0	 1500.0	    0.0	  200.0	  100.0	    0.0	    0.0	    0.0	    0.0	    0.0	   18.6	  1	  750.0	 1550.0	    0.0	    0.0	    0.0	1	  299.9	 21	    0.0	    5.0	
  282	  28.20	  319.8	 1552.5	 -172.1	    0.0	 1500.0	    0.0	  200.0	    0.0	 1500.0	    0.0	  200.0	  100.0	    0.0	    0.0	    0.0	    0.0	    0.0	   18.6	  1	  750.0	 1550.0	    0.0	    0.0	    0.0	1	  299.9	 21	    0.0	    5.0	
  283	  28.30	  319.8	 1552.5	 -172.1	    0.0	 1500.0	    0.0	  200.0	    0.0	 1500.0	    0.0	  200.0	  100.0	    0.0	    0.0	    0.0	    0.0	    0.0	   18.7	  1	  750.0	 1550.0	    0.0	    0.0	    0.0	1	  299.9	 21	    0.0	    5.0	
  284	  28.40	  319.8	 1552.5	 -172.1	    0.0	 1500.0	    0.0	  200.0	    0.0	 1500.0	    0.0	  200.0	  100.0	    0.0	    0.0	    0.0	    0.0	    0.0	   18.8	  1	  750.0	 1550.0	    0.0	    0.0	    0.0	1	  299.9	 21	    0.0	    5.0	
  285	  28.50	  319.8	 1552.5	 -172.1	    0.0	 1500.0	    0.0	  200.0	    0.0	 1500.0	    0.0	  200.0	  100.0	    0.0	    0.0	    0.0	    0.0	    0.0	   18.8	  1	  750.0	 1550.0	    0.0	    0.0	    0.0	1	  299.9	 21	    0.0	    5.0	
  286	  28.60	  319.8	 1552.5	 -172.1	    0.0	 1500.0	    0.0	  200.0	    0.0	 1500.0	    0.0	  200.0	  100.0	    0.0	    0.0	    0.0	    0.0	    0.0	   18.9	  1	  750.0	 1550.0	    0.0	    0.0	    0.0	1	  299.9	 21	    0.0	    5.0	
  287	  28.70	  319.8	 1552.5	 -172.1	    0.0	 1500.0	    0.0	  200.0	    0.0	 1500.0	    0.0	  200.0	  100.0	    0.0	    0.0	    0.0	    0.0	    0.0	   19.0	  1	  750.0	 1550.0	    0.0	    0.0	    0.0	1	  299.9	 21	    0.0	    5.0	
  288	  28.80	  319.8	 1552.5	 -172.1	    0.0	 1500.0	    0.0	  200.0	    0.0	 1500.0	    0.0	  200.0	  100.0	    0.0	    0.0	    0.0	    0.0	    0.0	   19.0	  1	  750.0	 1550.0	    0.0	    0.0	    0.0	1	  299.9	 21	    0.0	    5.0	
  289	  28.90	  319.8	 1552.5	 -172.1	    0.0	 1500.0	    0.0	  200.0	    0.0	 1500.0	    0.0	  200.0	  100.0	    0.0	    0.0	    0.0	    0.0	    0.0	   19.1	  1	  750.0	 1550.0	    0.0	    0.0	    0.0	1	  299.9	 21	    0.0	    5.0	
  290	  29.00	  319.8	 1552.5	 -172.1	    0.0	 1500.0	    0.0	  200.0	    0.0	 1500.0	    0.0	  200.0	  100.0	    0.0	    0.0	    0.0	    0.0	    0.0	   19.2	  1	  750.0	 1550.0	    0.0	    0.0	    0.0	1	  299.9	 21	    0.0	    5.0	
  291	  29.10	  319.8	 1552.5	 -172.1	    0.0	 1500.0	    0.0	  200.0	    0.0	 1500.0	    0.0	  200.0	  100.0	    0.0	    0.0	    0.0	    0.0	    0.0	   19.2	  1	  750.0	 1550.0	    0.0	    0.0	    0.0	1	  299.9	 21	    0.0	    5.0	
  292	  29.20	  319.8	 1552.5	 -172.2	    0.0	 1500.0	    0.0	  200.0	    0.0	 1500.0	    0.0	  200.0	  100.0	    0.0	    0.0	    0.0	    0.0	    0.0	   19.3	  1	  750.0	 1550.0	    0.0	    0.0	    0.0	1	  299.9	 21	    0.0	    5.0	
  293	  29.30	  319.8	 1552.5	 -172.2	    0.0	 1500.0	    0.0	  200.0	    0.0	 1500.0	    0.0	  200.0	  100.0	    0.0	    0.0	    0.0	    0.0	    0.0	   19.4	  1	  750.0	 1550.0	    0.0	    0.0	    0.0	1	  299.9	 21	    0.0	    5.0	
  294	  29.40	  319.8	 1552.5	 -172.1	    0.0	 1500.0	    0.0	  200.0	    0.0	 1500.0	    0.0	  200.0	  100.0	    0.0	    0.0	    0.0	    0.0	    0.0	   19.4	  1	  750.0	 1550.0	    0.0	    0.0	    0.0	1	  299.9	 21	    0.0	    5.0	
  295	  29.50	  319.8	 1552.5	 -171.9	    0.0	 1500.0	    0.0	  200.0	    0.0	 1500.0	    0.0	  200.0	  100.0	    0.0	    0.0	    0.0	    0.0	    0.0	   19.5	  1	  750.0	 1550.0	    0.0	    0.0	    0.0	1	  299.9	 21	    0.0	    5.0	
  296	  29.60	  319.8	 1552.5	 -172.2	    0.0	 1500.0	    0.0	  200.0	    0.0	 1500.0	    0.0	  200.0	  100.0	    0.0	    0.0	    0.0	    0.0	    0.0	   19.6	  1	  750.0	 1550.0	    0.0	    0.0	    0.0	1	  299.9	 21	    0.0	    5.0	
  297	  29.70	  319.8	 1552.5	 -171.8	    0.0	 1500.0	    0.0	  200.0	    0.0	 1500.0	    0.0	  200.0	  100.0	    0.0	    0.0	    0.0	    0.0	    0.0	   19.6	  1	  750.0	 1550.0	    0.0	    0.0	    0.0	1	  299.9	 21	    0.0	    5.0	
  298	  29.80	  319.8	 1552.5	 -172.1	    0.0	 1500.0	    0.0	  200.0	    0.0	 1500.0	    0.0	  200.0	  100.0	    0.0	    0.0	    0.0	    0.0	    0.0	   19.7	  1	  750.0	 1550.0	    0.0	    0.0	    0.0	1	  299.9	 21	    0.0	    5.0	
  299	  29.90	  319.8	 1552.5	 -172.0	    0.0	 1500.0	    0.0	  200.0	    0.0	 1500.0	    0.0	  200.0	  100.0	    0.0	    0.0	    0.0	    0.0	    0.0	   19.8	  1	  750.0	 1550.0	    0.0	    0.0	    0.0	1	  299.9	 21	    0.0	    5.0	
  300	  30.00	  319.8	 1552.5	 -171.4	    0.0	 1500.0	    0.0	  200.0	    0.0	 1500.0	    0.0	  200.0	  100.0	    0.0	    0.0	    0.0	    0.0	    0.0	   19.8	  1	  750.0	 1550.0	    0.0	    0.0	    0.0	1	  299.9	 21	    0.0	    5.0	
  301	  30.10	  319.8	 1552.5	 -171.3	    0.0	 1500.0	    0.0	  200.0	    0.0	 1500.0	    0.0	  200.0	  100.0	    0.0	    0.0	    0.0	    0.0	    0.0	   19.9	  1	  750.0	 1550.0	    0.0	    0.0	    0.0	1	  299.9	 21	    0.0	    5.0	
  302	  30.20	  319.8	 1552.5	 -172.2	    0.0	 1500.0	    0.0	  200.0	    0.0	 1500.0	    0.0	  200.0	  100.0	    0.0	    0.0	    0.0	    0.0	    0.0	   20.0	  1	  750.0	 1550.0	    0.0	    0.0	    0.0	1	  299.9	 21	    0.0	    5.0	
  303	  30.30	  319.8	 1552.5	 -171.9	    0.0	 1500.0	    0.0	  200.0	    0.0	 1500.0	    0.0	  200.0	  100.0	    0.0	    0.0	    0.0	    0.0	    0.0	   20.1	  1	  750.0	 1550.0	    0.0	    0.0	    0.0	1	  299.9	 21	    0.0	    5.0	
  304	  30.40	  319.8	 1552.5	 -172.1	    0.0	 1500.0	    0.0	  200.0	    0.0	 1500.0	    0.0	  200.0	  100.0	    0.0	    0.0	    0.0	    0.0	    0.0	   20.1	  1	  750.0	 1550.0	    0.0	    0.0	    0.0	1	  299.9	 21	    0.0	    5.0	
  305	  30.50	  319.8	 1552.5	 -169.7	    0.0	 1500.0	    0.0	  200.0	    0.0	 1500.0	    0.0	  200.0	  100.0	    0.0	    0.0	    0.0	    0.0	    0.0	   20.2	  1	  750.0	 1550.0	    0.0	    0.0	    0.0	1	  299.9	 21	    0.0	    5.0	
  306	  30.60	  319.8	 1552.5	 -175.6	    0.0	 1500.0	    0.0	  200.0	    0.0	 1500.0	    0.0	  200.0	  100.0	    0.0	    0.0	    0.0	    0.0	    0.0	   20.3	  1	  750.0	 1550.0	    0.0	    0.0	    0.0	1	  299.9	 21	    0.0	    5.0	
  307	  30.70	  319.8	 1552.5	 -174.3	    0.0	 1500.0	    0.0	  200.0	    0.0	 1500.0	    0.0	  200.0	  100.0	    0.0	    0.0	    0.0	    0.0	    0.0	   20.3	  1	  750.0	 1550.0	    0.0	    0.0	    0.0	1	  299.9	 21	    0.0	    5.0	
  308	  30.80	  319.8	 1552.5	 -172.6	    0.0	 1500.0	    0.0	  200.0	    0.0	 1500.0	    0.0	  200.0	  100.0	    0.0	    0.0	    0.0	    0.0	    0.0	   20.4	  1	  750.0	 1550.0	    0.0	    0.0	    0.0	1	  299.9	 21	    0.0	    5.0	
  309	  30.90	  319.8	 1552.5	 -170.1	    0.0	 1500.0	    0.0	  200.0	    0.0	 1500.0	    0.0	  200.0	  100.0	    0.0	    0.0	    0.0	    0.0	    0.0	   20.5	  1	  750.0	 1550.0	    0.0	    0.0	    0.0	1	  299.9	 21	    0.0	    5.0	
  310	  31.00	  319.8	 1552.5	 -170.5	    0.0	 1500.0	    0.0	  200.0	    0.0	 1500.0	    0.0	  200.0	  100.0	    0.0	    0.0	    0.0	    0.0	    0.0	   20.5	  1	  750.0	 1550.0	    0.0	    0.0	    0.0	1	  299.9	 21	    0.0	    5.0	
  311	  31.10	  319.8	 1552.5	 -162.9	    0.0	 1500.0	    0.0	  200.0	    0.0	 1500.0	    0.0	  200.0	  100.0	    0.0	    0.0	    0.0	    0.0	    0.0	   20.6	  1	  750.0	 1550.0	    0.0	    0.0	    0.0	1	  299.9	 21	    0.0	    5.0	
  312	  31.20	  319.8	 1552.5	  180.0	    0.0	 1500.0	    0.0	  200.0	    0.0	 1500.0	    0.0	  200.0	   93.5	    0.0	    0.0	    0.0	    0.0	    0.1	   20.7	  1	  750.0	 1550.0	    0.0	    0.0	    0.1	1	  300.0	 21	    0.0	    7.4	
  313	  31.30	  319.8	 1552.5	   97.9	    0.0	 1500.0	    0.0	  200.0	    0.0	 1500.0	    0.0	  200.0	   87.0	    0.0	    0.0	    0.0	    0.0	    0.4	   20.7	  1	  750.0	 1550.0	    0.0	    0.0	    0.4	1	  300.0	 21	 1307.5	   10.8	
  314	  31.40	  319.8	 1552.5	    8.2	    0.0	 1500.0	    0.0	  200.0	    0.0	 1500.0	    0.0	  200.0	   87.0	    0.0	    0.0	    0.0	    0.0	    0.7	   20.8	  1	  750.0	 1550.0	    0.0	    0.0	    0.7	1	  300.0	 21	 1330.5	   13.0	
  315	  31.50	  319.8	 1552.5	    8.0	    0.0	 1500.0	    0.0	  200.0	    0.0	 1500.0	    0.0	  200.0	   87.0	    0.0	    0.0	    0.0	    0.0	    0.9	   20.9	  1	  750.0	 1550.0	    0.0	    0.0	    0.9	1	  300.0	 21	 1347.1	   14.7	
  316	  31.60	  319.8	 1552.5	    8.0	    0.0	 1500.0	    0.0	  200.0	    0.0	 1500.0	    0.0	  200.0	   87.0	    0.0	    0.0	    0.0	    0.0	    1.2	   20.9	  1	  750.0	 1550.0	    0.0	    0.0	    1.2	1	  300.0	 21	 1359.6	   16.0	
  317	  31.70	  319.8	 1552.5	    8.0	    0.0	 1500.0	    0.0	  200.0	    0.0	 1500.0	    0.0	  200.0	   84.3	    0.0	    0.0	    0.0	    0.0	    1.5	   21.0	  1	  750.0	 1550.0	    0.0	    0.0	    1.5	1	  300.0	 21	 1371.2	   17.1	
  318	  31.80	  319.8	 1552.5	    8.0	    0.0	 1500.0	    0.0	  200.0	    0.0	 1500.0	    0.0	  200.0	   81.1	    0.0	    0.0	    0.0	    0.0	    1.9	   21.1	  1	  750.0	 1550.0	    0.0	    0.0	    1.9	1	  300.0	 21	 1381.8	   18.2	
  319	  31.90	  319.8	 1552.5	    8.1	    0.0	 1500.0	    0.0	  200.0	    0.0	 1500.0	    0.0	  200.0	   77.2	    0.0	    0.0	    0.0	    0.0	    2.4	   21.1	  1	  750.0	 1550.0	    0.0	    0.0	    2.4	1	  300.0	 21	    0.0	    0.0	
  320	  32.00	  319.8	 1552.5	    8.2	    0.0	 1500.0	    0.0	  200.0	    0.0	 1500.0	    0.0	  200.0	   77.2	    0.0	    0.0	    0.0	    0.0	    2.9	   21.2	  1	  750.0	 1550.0	    0.0	    0.0	    2.9	1	  300.0	 21	    0.0	    0.0	
  321	  32.10	  319.8	 1552.5	    8.2	    0.0	 1500.0	    0.0	  200.0	    0.0	 1500.0	    0.0	  200.0	   77.2	    0.0	    0.0	    0.0	    0.0	    3.4	   21.3	  1	  750.0	 1550.0	    0.0	    0.0	    3.4	1	  300.0	 21	    0.0	    0.0	
  322	  32.20	  319.8	 1552.5	    8.2	    0.0	 1500.0	    0.0	  200.0	    0.0	 1500.0	    0.0	  200.0	   77.2	    0.0	    0.0	    0.0	    0.0	    3.8	   21.3	  1	  750.0	 1550.0	    0.0	    0.0	    3.8	1	  300.0	 21	    0.0	    0.0	
  323	  32.30	  319.8	 1552.5	    8.2	    0.0	 1500.0	    0.0	  200.0	    0.0	 1500.0	    0.0	  200.0	   77.2	    0.0	    0.0	    0.0	    0.0	    4.3	   21.4	  1	  750.0	 1550.0	    0.0	    0.0	    4.3	1	  300.0	 21	    0.0	    0.0	
  324	  32.40	  319.8	 1552.5	    8.2	    0.0	 1500.0	    0.0	  200.0	    0.0	 1500.0	    0.0	  200.0	   74.8	    0.0	    0.0	    0.0	    0.0	    4.9	   21.5	  1	  750.0	 1550.0	    0.0	    0.0	    4.9	1	  300.0	 21	    0.0	    0.0	
  325	  32.50	  319.8	 1552.5	    8.5	    0.0	 1500.0	    0.0	  200.0	    0.0	 1500.0	    0.0	  200.0	   71.1	    0.0	    0.0	    0.0	    0.0	    5.5	   21.5	  1	  750.0	 1550.0	    0.0	    0.0	    5.5	1	  300.0	 21	    0.0	    0.0	
  326	  32.60	  319.8	 1552.5	    8.9	    0.0	 1500.0	    0.0	  200.0	    0.0	 1500.0	    0.0	  200.0	   61.9	    0.0	    0.0	    0.0	    0.0	    6.3	   21.6	  1	  750.0	 1550.0	    0.0	    0.0	    6.3	1	  300.0	 21	    0.0	    0.0	
  327	  32.70	  319.8	 1552.5	   10.9	    0.0	 1500.0	    0.0	  200.0	    0.0	 1500.0	    0.0	  200.0	   49.3	    0.0	    0.0	    0.0	    0.0	    7.3	   21.7	  1	  750.0	 1550.0	    0.0	    0.0	    7.3	1	  300.0	 21	    0.0	    0.0	
  328	  32.80	  319.8	 1552.5	   24.7	    0.0	 1500.0	    0.0	  200.0	    0.0	 1500.0	    0.0	  200.0	   40.1	    0.0	    0.0	    0.0	    0.0	    8.2	   21.7	  1	  750.0	 1550.0	    0.0	    0.0	    8.2	1	  300.0	 21	    0.0	    0.0	
  329	  32.90	  319.8	 1552.5	 -173.4	    0.0	 1500.0	    0.0	  200.0	    0.0	 1500.0	    0.0	  200.0	   34.6	    0.0	    0.0	    0.0	    0.0	    9.2	   21.8	  1	  750.0	 1550.0	    0.0	    0.0	    9.2	1	  300.0	 21	    0.0	    0.0	
  330	  33.00	  319.8	 1552.5	 -172.0	    0.0	 1500.0	    0.0	  200.0	    0.0	 1500.0	    0.0	  200.0	   33.8	    0.0	    0.0	    0.0	    0.0	   10.2	   21.9	  1	  750.0	 1550.0	    0.0	    0.0	   10.2	1	  300.0	 21	    0.0	    0.0	
  331	  33.10	  319.8	 1552.5	 -172.0	    0.0	 1500.0	    0.0	  200.0	    0.0	 1500.0	    0.0	  200.0	   29.9	    0.0	    0.0	    0.0	    0.0	   11.2	   21.9	  1	  750.0	 1550.0	    0.0	    0.0	   11.2	1	  300.0	 21	    0.0	    0.0	
  332	  33.20	  319.8	 1552.5	 -172.0	    0.0	 1500.0	    0.0	  200.0	    0.0	 1500.0	    0.0	  200.0	   28.7	    0.0	    0.0	    0.0	    0.0	   12.1	   22.0	  1	  750.0	 1550.0	    0.0	    0.0	   12.1	1	  300.0	 21	    0.0	    0.0	
  333	  33.30	  319.8	 1552.5	 -172.0	    0.0	 1500.0	    0.0	  200.0	    0.0	 1500.0	    0.0	  200.0	   26.8	    0.0	    0.0	    0.0	    0.0	   13.1	   22.1	  1	  750.0	 1550.0	    0.0	    0.0	   13.1	1	  300.0	 21	    0.0	    0.0	
  334	  33.40	  319.8	 1552.5	 -172.0	    0.0	 1500.0	    0.0	  200.0	    0.0	 1500.0	    0.0	  200.0	   24.4	    0.0	    0.0	    0.0	    0.0	   14.1	   22.1	  1	  750.0	 1550.0	    0.0	    0.0	   14.1	1	  300.0	 21	    0.0	    0.0	
  335	  33.50	  319.8	 1552.5	 -172.0	    0.0	 1500.0	    0.0	  200.0	    0.0	 1500.0	    0.0	  200.0	   24.4	    0.0	    0.0	    0.0	    0.0	   15.0	   22.2	  1	  750.0	 1550.0	    0.0	    0.0	   15.0	1	  300.0	 21	    0.0	    0.0	
  336	  33.60	  319.8	 1552.5	 -172.0	    0.0	 1500.0	    0.0	  200.0	    0.0	 1500.0	    0.0	  200.0	   24.4	    0.0	    0.0	    0.0	    0.0	   16.0	   22.3	  1	  750.0	 1550.0	    0.0	    0.0	   16.0	1	  300.0	 21	    0.0	    0.0	
  337	  33.70	  319.8	 1552.5	 -172.0	    0.0	 1500.0	    0.0	  200.0	    0.0	 1500.0	    0.0	  200.0	   33.2	    0.0	    0.0	    0.0	    0.0	   17.0	   22.4	  1	  750.0	 1550.0	    0.0	    0.0	   17.0	1	  300.0	 21	    0.0	    0.0	
  338	  33.80	  319.8	 1552.5	 -171.9	    0.0	 1500.0	    0.0	  200.0	    0.0	 1500.0	    0.0	  200.0	   51.1	    0.0	    0.0	    0.0	    0.0	   17.9	   22.4	  1	  750.0	 1550.0	    0.0	    0.0	   17.9	1	  300.0	 21	    0.0	    0.0	
  339	  33.90	  319.8	 1552.5	 -171.4	    0.0	 1500.0	    0.0	  200.0	    0.0	 1500.0	    0.0	  200.0	   61.1	    0.0	    0.0	    0.0	    0.0	   18.8	   22.5	  1	  750.0	 1550.0	    0.0	    0.0	   18.8	1	  300.0	 21	    0.0	    0.0	
  340	  34.00	  319.8	 1552.5	 -171.1	    0.0	 1500.0	    0.0	  200.0	    0.0	 1500.0	    0.0	  200.0	   70.9	    0.0	    0.0	    0.0	    0.0	   19.4	   22.6	  1	  750.0	 1550.0	    0.0	    0.0	   19.4	1	  300.0	 21	    0.0	    0.0	
  341	  34.10	  319.8	 1552.5	 -170.7	    0.0	 1500.0	    0.0	  200.0	    0.0	 1500.0	    0.0	  200.0	   80.1	    0.0	    0.0	    0.0	    0.0	   19.8	   22.6	  1	  750.0	 1550.0	    0.0	    0.0	   19.8	1	  300.0	 21	  500.0	-2000.0	
  342	  34.20	  319.8	 1552.5	 -170.2	    0.0	 1500.0	    0.0	  200.0	    0.0	 1500.0	    0.0	  200.0	   83.3	    0.0	    0.0	    0.0	    0.0	   20.2	   22.7	  1	  750.0	 1550.0	    0.0	    0.0	   20.2	1	  300.0	 21	  503.0	-1969.9	
  343	  34.30	  319.8	 1552.5	 -170.0	    0.0	 1500.0	    0.0	  200.0	    0.0	 1500.0	    0.0	  200.0	   88.0	    0.0	    0.0	    0.0	    0.0	   20.4	   22.8	  1	  750.0	 1550.0	    0.0	    0.0	   20.4	1	  300.0	 21	  521.7	-1783.2	
  344	  34.40	  319.8	 1552.5	 -169.6	    0.0	 1500.0	    0.0	  200.0	    0.0	 1500.0	    0.0	  200.0	   92.5	    0.0	    0.0	    0.0	    0.0	   20.6	   22.8	  1	  750.0	 1550.0	    0.0	    0.0	   20.6	1	  300.0	 21	  538.6	-1614.0	
  345	  34.50	  319.8	 1552.5	 -169.1	    0.0	 1500.0	    0.0	  200.0	    0.0	 1500.0	    0.0	  200.0	   98.8	    0.0	    0.0	    0.0	    0.0	   20.6	   22.9	  1	  750.0	 1550.0	    0.0	    0.0	   20.6	1	  299.9	 21	  554.0	-1460.3	
  346	  34.60	  319.8	 1552.5	 -168.3	    0.0	 1500.0	    0.0	  200.0	    0.0	 1500.0	    0.0	  200.0	  100.0	    0.0	    0.0	    0.0	    0.0	   20.6	   23.0	  1	  750.0	 1550.0	    0.0	    0.0	   20.6	1	  299.9	 21	  567.9	-1321.4	
  347	  34.70	  319.8	 1552.5	 -168.0	    0.0	 1500.0	    0.0	  200.0	    0.0	 1500.0	    0.0	  200.0	  100.0	    0.0	    0.0	    0.0	    0.0	   20.6	   23.0	  1	  750.0	 1550.0	    0.0	    0.0	   20.6	1	  299.9	 21	  580.4	-1195.6	
  348	  34.80	  319.8	 1552.5	 -168.0	    0.0	 1500.0	    0.0	  200.0	    0.0	 1500.0	    0.0	  200.0	  100.0	    0.0	    0.0	    0.0	    0.0	   20.6	   23.1	  1	  750.0	 1550.0	    0.0	    0.0	   20.6	1	  299.9	 21	  591.8	-1081.9	
  349	  34.90	  319.8	 1552.5	 -168.0	    0.0	 1500.0	    0.0	  200.0	    0.0	 1500.0	    0.0	  200.0	  100.0	    0.0	    0.0	    0.0	    0.0	   20.6	   23.2	  1	  750.0	 1550.0	    0.0	    0.0	   20.6	1	  299.9	 21	  602.1	 -978.6	
  350	  35.00	  319.8	 1552.5	 -168.0	    0.0	 1500.0	    0.0	  200.0	    0.0	 1500.0	    0.0	  200.0	   93.9	    0.0	    0.0	    0.0	    0.0	   20.7	   23.2	  1	  750.0	 1550.0	    0.0	    0.0	   20.7	1	  300.0	 21	  611.4	 -885.9	
  351	  35.10	  319.8	 1552.5	 -171.3	    0.0	 1500.0	    0.0	  200.0	    0.0	 1500.0	    0.0	  200.0	   81.7	    0.0	    0.0	    0.0	    0.0	   21.1	   23.3	  1	  750.0	 1550.0	    0.0	    0.0	   21.1	1	  300.0	 21	  619.8	 -802.2	
  352	  35.20	  319.8	 1552.5	 -179.2	    0.0	 1500.0	    0.0	  200.0	    0.0	 1500.0	    0.0	  200.0	   76.8	    0.0	    0.0	    0.0	    0.0	   21.6	   23.4	  1	  750.0	 1550.0	    0.0	    0.0	   21.6	1	  300.0	 21	    0.0	    0.0	
  353	  35.30	  319.8	 1552.5	  176.5	    0.0	 1500.0	    0.0	  200.0	    0.0	 1500.0	    0.0	  200.0	   63.3	    0.0	    0.0	    0.0	    0.0	   22.4	   23.4	  1	  750.0	 1650.0	    0.0	    0.0	   22.4	1	  333.7	 21	    0.0	    0.0	
  354	  35.40	  319.8	 1552.5	  107.9	    0.0	 1500.0	    0.0	  200.0	    0.0	 1500.0	    0.0	  200.0	   59.7	    0.0	    0.0	    0.0	    0.0	   23.3	   23.5	  1	  750.0	 1650.0	    0.0	    0.0	   23.3	1	  300.6	 21	    0.0	    0.0	
