    1	   0.10	    0.0	 1500.0	    0.0	    0.0	    0.0	    0.0	    0.0	    0.0	    0.0	    0.0	    0.0	  100.0	  100.0	    0.0	    0.0	    0.0	    0.0	    0.0	  1	-1000.0	  500.0	  100.0	    0.0	    0.0	1	  526.8	 21	 1371.8	  -28.2	
    2	   0.20	  -17.4	 1490.7	 -151.9	    0.0	    0.0	    0.0	    0.0	    0.0	    0.0	    0.0	    0.0	  100.0	   99.7	    0.0	    0.0	    0.0	    0.0	    0.1	  1	  -50.0	 1250.0	   99.7	    0.0	    0.0	1	  216.1	 21	 1390.1	   19.0	
    3	   0.30	  -23.8	 1456.6	  -96.7	    0.0	    0.0	    0.0	    0.0	    0.0	    0.0	    0.0	    0.0	  100.0	   99.5	    0.0	    0.0	    0.0	    0.0	    0.1	  1	  -50.0	 1250.0	   99.5	    0.0	    0.0	1	  181.5	 21	 1389.7	   19.0	
    4	   0.40	  -28.3	 1413.4	  -95.9	    0.0	    0.0	    0.0	    0.0	    0.0	    0.0	    0.0	    0.0	  100.0	   99.2	    0.0	    0.0	    0.0	    0.0	    0.1	  1	  -50.0	 1250.0	   99.2	    0.0	    0.0	1	  150.1	 21	 1389.3	   18.9	
    5	   0.50	  -33.3	 1378.1	  -98.3	    0.0	    0.0	    0.0	    0.0	    0.0	    0.0	    0.0	    0.0	  100.0	   98.9	    0.0	    0.0	    0.0	    0.0	    0.2	  1	  -50.0	 1250.0	   98.9	    0.0	    0.0	1	  115.0	 21	    0.0	    0.0	
    6	   0.60	  -37.2	 1349.3	  -97.6	    0.0	    0.0	    0.0	    0.0	    0.0	    0.0	    0.0	    0.0	  100.0	   98.6	    0.0	    0.0	    0.0	    0.0	    0.2	  1	  -50.0	 1250.0	   98.6	    0.0	    0.0	1	   81.5	 21	    0.0	    0.0	
    7	   0.70	  -37.6	 1346.0	  -97.4	    0.0	    0.0	    0.0	    0.0	    0.0	    0.0	    0.0	    0.0	  100.0	   98.3	    0.0	    0.0	    0.0	    0.0	    0.2	  1	  -50.0	 1250.0	   98.3	    0.0	    0.0	1	   81.3	 21	    0.0	    0.0	
    8	   0.80	  -37.6	 1346.0	  -97.3	    0.0	    0.0	    0.0	    0.0	    0.0	    0.0	    0.0	    0.0	  100.0	   98.0	    0.0	    0.0	    0.0	    0.0	    0.3	  1	  -50.0	 1250.0	   98.0	    0.0	    0.0	1	   81.3	 21	    0.0	    0.0	
    9	   0.90	  -37.6	 1346.0	  -97.3	    0.0	    0.0	    0.0	    0.0	    0.0	    0.0	    0.0	    0.0	  100.0	   97.7	    0.0	    0.0	    0.0	    0.0	    0.3	  1	  -50.0	 1250.0	   97.7	    0.0	    0.0	1	   81.3	 21	    0.0	    0.0	
   10	   1.00	  -37.6	 1346.0	  -97.3	    0.0	    0.0	    0.0	    0.0	    0.0	    0.0	    0.0	    0.0	  100.0	   97.4	    0.0	    0.0	    0.0	    0.0	    0.4	  1	  -50.0	 1250.0	   97.4	    0.0	    0.0	1	   81.3	 21	    0.0	    0.0	
   11	   1.10	  -37.6	 1346.0	  -97.3	    0.0	    0.0	    0.0	    0.0	    0.0	    0.0	    0.0	    0.0	  100.0	   97.1	    0.0	    0.0	    0.0	    0.0	    0.4	  1	  -50.0	 1250.0	   97.1	    0.0	    0.0	1	   81.3	 21	    0.0	    0.0	
   12	   1.20	  -37.6	 1346.0	  -97.3	    0.0	    0.0	    0.0	    0.0	    0.0	    0.0	    0.0	    0.0	  100.0	   96.8	    0.0	    0.0	    0.0	    0.0	    0.4	  1	  -50.0	 1250.0	   96.8	    0.0	    0.0	1	   81.3	 21	 1399.8	   20.0	
   13	   1.30	  -37.6	 1346.0	  -97.3	    0.0	    0.0	    0.0	    0.0	    0.0	    0.0	    0.0	    0.0	  100.0	   96.5	    0.0	    0.0	    0.0	    0.0	    0.5	  1	  -50.0	 1250.0	   96.5	    0.0	    0.0	1	   81.3	 21	 1399.4	   19.9	
   14	   1.40	  -37.6	 1346.0	  -97.3	    0.0	    0.0	    0.0	    0.0	    0.0	    0.0	    0.0	    0.0	  100.0	   96.2	    0.0	    0.0	    0.0	    0.0	    0.5	  1	  -50.0	 1250.0	   96.2	    0.0	    0.0	1	   81.3	 21	 1398.9	   19.9	
   15	   1.50	  -37.6	 1346.0	  -97.3	    0.0	    0.0	    0.0	    0.0	    0.0	    0.0	    0.0	    0.0	  100.0	   95.9	    0.0	    0.0	    0.0	    0.0	    0.5	  1	  -50.0	 1250.0	   95.9	    0.0	    0.0	1	   81.3	 21	 1398.4	   19.8	
   16	   1.60	  -37.6	 1346.0	  -97.3	    0.0	    0.0	    0.0	    0.0	    0.0	    0.0	    0.0	    0.0	  100.0	   95.6	    0.0	    0.0	    0.0	    0.0	    0.6	  1	  -50.0	 1250.0	   95.6	    0.0	    0.0	1	   81.3	 21	 1398.0	   19.8	
   17	   1.70	  -37.6	 1346.0	  -97.3	    0.0	    0.0	    0.0	    0.0	    0.0	    0.0	    0.0	    0.0	  100.0	   95.3	    0.0	    0.0	    0.0	    0.0	    0.6	  1	  -50.0	 1250.0	   95.3	    0.0	    0.0	1	   81.3	 21	 1397.5	   19.8	
   18	   1.80	  -37.6	 1346.0	  -97.3	    0.0	    0.0	    0.0	    0.0	    0.0	    0.0	    0.0	    0.0	  100.0	   95.0	    0.0	    0.0	    0.0	    0.0	    0.7	  1	  -50.0	 1250.0	   95.0	    0.0	    0.0	1	   81.3	 21	 1397.0	   19.7	
   19	   1.90	  -37.6	 1346.0	  -97.3	    0.0	    0.0	    0.0	    0.0	    0.0	    0.0	    0.0	    0.0	  100.0	   94.7	    0.0	    0.0	    0.0	    0.0	    0.7	  1	  -50.0	 1250.0	   94.7	    0.0	    0.0	1	   81.3	 21	 1396.6	   19.7	
   20	   2.00	  -37.6	 1346.0	  -97.3	    0.0	    0.0	    0.0	    0.0	    0.0	    0.0	    0.0	    0.0	  100.0	   94.5	    0.0	    0.0	    0.0	    0.0	    0.7	  1	  -50.0	 1250.0	   94.5	    0.0	    0.0	1	   81.3	 21	 1396.1	   19.6	
   21	   2.10	  -37.6	 1346.0	  -97.3	    0.0	    0.0	    0.0	    0.0	    0.0	    0.0	    0.0	    0.0	  100.0	   94.2	    0.0	    0.0	    0.0	    0.0	    0.8	  1	  -50.0	 1250.0	   94.2	    0.0	    0.0	1	   81.3	 21	 1395.6	   19.6	
   22	   2.20	  -37.6	 1346.0	  -97.3	    0.0	    0.0	    0.0	    0.0	    0.0	    0.0	    0.0	    0.0	  100.0	   93.9	    0.0	    0.0	    0.0	    0.0	    0.8	  1	  -50.0	 1250.0	   93.9	    0.0	    0.0	1	   81.3	 21	 1395.2	   19.5	
   23	   2.30	  -37.6	 1346.0	  -97.3	    0.0	    0.0	    0.0	    0.0	    0.0	    0.0	    0.0	    0.0	  100.0	   93.6	    0.0	    0.0	    0.0	    0.0	    0.8	  1	  -50.0	 1250.0	   93.6	    0.0	    0.0	1	   81.3	 21	 1394.7	   19.5	
   24	   2.40	  -37.6	 1346.0	  -97.3	    0.0	    0.0	    0.0	    0.0	    0.0	    0.0	    0.0	    0.0	  100.0	   93.3	    0.0	    0.0	    0.0	    0.0	    0.9	  1	  -50.0	 1250.0	   93.3	    0.0	    0.0	1	   81.3	 21	 1394.3	   19.4	
   25	   2.50	  -37.6	 1346.0	  -97.3	    0.0	    0.0	    0.0	    0.0	    0.0	    0.0	    0.0	    0.0	  100.0	   93.0	    0.0	    0.0	    0.0	    0.0	    0.9	  1	  -50.0	 1250.0	   93.0	    0.0	    0.0	1	   81.3	 21	 1393.8	   19.4	
   26	   2.60	  -37.6	 1346.0	  -97.3	    0.0	    0.0	    0.0	    0.0	    0.0	    0.0	    0.0	    0.0	  100.0	   92.7	    0.0	    0.0	    0.0	    0.0	    0.9	  1	  -50.0	 1250.0	   92.7	    0.0	    0.0	1	   81.3	 21	 1393.3	   19.3	
   27	   2.70	  -37.6	 1346.0	  -97.3	    0.0	    0.0	    0.0	    0.0	    0.0	    0.0	    0.0	    0.0	  100.0	   92.4	    0.0	    0.0	    0.0	    0.0	    1.0	  1	  -50.0	 1250.0	   92.4	    0.0	    0.0	1	   81.3	 21	 1392.9	   19.3	
   28	   2.80	  -37.6	 1346.0	  -97.3	    0.0	    0.0	    0.0	    0.0	    0.0	    0.0	    0.0	    0.0	  100.0	   92.1	    0.0	    0.0	    0.0	    0.0	    1.0	  1	  -50.0	 1250.0	   92.1	    0.0	    0.0	1	   81.3	 21	 1392.4	   19.2	
   29	   2.90	  -37.6	 1346.0	  -97.3	    0.0	    0.0	    0.0	    0.0	    0.0	    0.0	    0.0	    0.0	  100.0	   91.8	    0.0	    0.0	    0.0	    0.0	    1.1	  1	  -50.0	 1250.0	   91.8	    0.0	    0.0	1	   81.3	 21	 1391.9	   19.2	
   30	   3.00	  -37.6	 1346.0	  -97.3	    0.0	    0.0	    0.0	    0.0	    0.0	    0.0	    0.0	    0.0	  100.0	   91.5	    0.0	    0.0	    0.0	    0.0	    1.1	  1	  -50.0	 1250.0	   91.5	    0.0	    0.0	1	   81.3	 21	 1391.5	   19.1	
   31	   3.10	  -37.6	 1346.0	  -97.3	    0.0	    0.0	    0.0	    0.0	    0.0	    0.0	    0.0	    0.0	  100.0	   91.2	    0.0	    0.0	    0.0	    0.0	    1.1	  1	  -50.0	 1250.0	   91.2	    0.0	    0.0	1	   81.3	 21	 1391.0	   19.1	
   32	   3.20	  -37.6	 1346.0	  -97.3	    0.0	    0.0	    0.0	    0.0	    0.0	    0.0	    0.0	    0.0	  100.0	   90.9	    0.0	    0.0	    0.0	    0.0	    1.2	  1	  -50.0	 1250.0	   90.9	    0.0	    0.0	1	   81.3	 21	 1390.5	   19.1	
   33	   3.30	  -37.6	 1346.0	  -97.3	    0.0	    0.0	    0.0	    0.0	    0.0	    0.0	    0.0	    0.0	  100.0	   90.6	    0.0	    0.0	    0.0	    0.0	    1.2	  1	  -50.0	 1250.0	   90.6	    0.0	    0.0	1	   81.3	 21	 1390.1	   19.0	
   34	   3.40	  -37.6	 1346.0	  -97.3	    0.0	    0.0	    0.0	    0.0	    0.0	    0.0	    0.0	    0.0	  100.0	   90.3	    0.0	    0.0	    0.0	    0.0	    1.2	  1	  -50.0	 1250.0	   90.3	    0.0	    0.0	1	   81.3	 21	 1389.6	   19.0	
   35	   3.50	  -37.6	 1346.0	  -97.3	    0.0	    0.0	    0.0	    0.0	    0.0	    0.0	    0.0	    0.0	  100.0	   90.0	    0.0	    0.0	    0.0	    0.0	    1.3	  1	  -50.0	 1250.0	   90.0	    0.0	    0.0	1	   81.3	 21	 1389.1	   18.9	
   36	   3.60	  -37.6	 1346.0	  -97.3	    0.0	    0.0	    0.0	    0.0	    0.0	    0.0	    0.0	    0.0	  100.0	   89.7	    0.0	    0.0	    0.0	    0.0	    1.3	  1	  -50.0	 1250.0	   89.7	    0.0	    0.0	1	   81.3	 21	 1388.7	   18.9	
   37	   3.70	  -37.6	 1346.0	  -97.3	    0.0	    0.0	    0.0	    0.0	    0.0	    0.0	    0.0	    0.0	  100.0	   89.4	    0.0	    0.0	    0.0	    0.0	    1.4	  1	  -50.0	 1250.0	   89.4	    0.0	    0.0	1	   81.3	 21	 1388.2	   18.8	
   38	   3.80	  -37.6	 1346.0	  -97.3	    0.0	    0.0	    0.0	    0.0	    0.0	    0.0	    0.0	    0.0	  100.0	   89.1	    0.0	    0.0	    0.0	    0.0	    1.4	  1	  -50.0	 1250.0	   89.1	    0.0	    0.0	1	   81.3	 21	 1387.7	   18.8	
   39	   3.90	  -37.6	 1346.0	  -97.3	    0.0	    0.0	    0.0	    0.0	    0.0	    0.0	    0.0	    0.0	  100.0	   88.8	    0.0	    0.0	    0.0	    0.0	    1.4	  1	  -50.0	 1250.0	   88.8	    0.0	    0.0	1	   81.3	 21	 1387.3	   18.7	
   40	   4.00	  -37.6	 1346.0	  -97.3	    0.0	    0.0	    0.0	    0.0	    0.0	    0.0	    0.0	    0.0	  100.0	   88.5	    0.0	    0.0	    0.0	    0.0	    1.5	  1	  -50.0	 1250.0	   88.5	    0.0	    0.0	1	   81.3	 21	 1386.8	   18.7	
   41	   4.10	  -37.6	 1346.0	  -97.3	    0.0	    0.0	    0.0	    0.0	    0.0	    0.0	    0.0	    0.0	  100.0	   88.2	    0.0	    0.0	    0.0	    0.0	    1.5	  1	  -50.0	 1250.0	   88.2	    0.0	    0.0	1	   81.3	 21	 1386.4	   18.6	
   42	   4.20	  -37.6	 1346.0	  -97.3	    0.0	    0.0	    0.0	    0.0	    0.0	    0.0	    0.0	    0.0	  100.0	   87.9	    0.0	    0.0	    0.0	    0.0	    1.5	  1	  -50.0	 1250.0	   87.9	    0.0	    0.0	1	   81.3	 21	 1385.9	   18.6	
   43	   4.30	  -37.6	 1346.0	  -97.3	    0.0	    0.0	    0.0	    0.0	    0.0	    0.0	    0.0	    0.0	  100.0	   87.6	    0.0	    0.0	    0.0	    0.0	    1.6	  1	  -50.0	 1250.0	   87.6	    0.0	    0.0	1	   81.3	 21	 1385.4	   18.5	
   44	   4.40	  -37.6	 1346.0	  -97.3	    0.0	    0.0	    0.0	    0.0	    0.0	    0.0	    0.0	    0.0	  100.0	   87.3	    0.0	    0.0	    0.0	    0.0	    1.6	  1	  -50.0	 1250.0	   87.3	    0.0	    0.0	1	   81.3	 21	 1385.0	   18.5	
   45	   4.50	  -37.6	 1346.0	  -97.3	    0.0	    0.0	    0.0	    0.0	    0.0	    0.0	    0.0	    0.0	  100.0	   87.0	    0.0	    0.0	    0.0	    0.0	    1.7	  1	  -50.0	 1250.0	   87.0	    0.0	    0.0	1	   81.3	 21	 1384.5	   18.4	
   46	   4.60	  -37.6	 1346.0	  -97.3	    0.0	    0.0	    0.0	    0.0	    0.0	    0.0	    0.0	    0.0	  100.0	   86.7	    0.0	    0.0	    0.0	    0.0	    1.7	  1	  -50.0	 1250.0	   86.7	    0.0	    0.0	1	   81.3	 21	 1384.0	   18.4	
   47	   4.70	  -37.6	 1346.0	  -97.3	    0.0	    0.0	    0.0	    0.0	    0.0	    0.0	    0.0	    0.0	  100.0	   86.4	    0.0	    0.0	    0.0	    0.0	    1.7	  1	  -50.0	 1250.0	   86.4	    0.0	    0.0	1	   81.3	 21	 1383.6	   18.4	
   48	   4.80	  -37.6	 1346.0	  -97.3	    0.0	    0.0	    0.0	    0.0	    0.0	    0.0	    0.0	    0.0	  100.0	   86.1	    0.0	    0.0	    0.0	    0.0	    1.8	  1	  -50.0	 1250.0	   86.1	    0.0	    0.0	1	   81.3	 21	 1383.1	   18.3	
   49	   4.90	  -37.6	 1346.0	  -97.3	    0.0	    0.0	    0.0	    0.0	    0.0	    0.0	    0.0	    0.0	  100.0	   85.8	    0.0	    0.0	    0.0	    0.0	    1.8	  1	  -50.0	 1250.0	   85.8	    0.0	    0.0	1	   81.3	 21	 1382.6	   18.3	
   50	   5.00	  -37.6	 1346.0	  -97.3	    0.0	    0.0	    0.0	    0.0	    0.0	    0.0	    0.0	    0.0	  100.0	   85.5	    0.0	    0.0	    0.0	    0.0	    1.8	  1	  -50.0	 1250.0	   85.5	    0.0	    0.0	1	   81.3	 21	 1382.2	   18.2	
   51	   5.10	  -37.6	 1346.0	  -97.3	    0.0	    0.0	    0.0	    0.0	    0.0	    0.0	    0.0	    0.0	  100.0	   85.2	    0.0	    0.0	    0.0	    0.0	    1.9	  1	  -50.0	 1250.0	   85.2	    0.0	    0.0	1	   81.3	 21	 1381.7	   18.2	
   52	   5.20	  -37.6	 1346.0	  -97.3	    0.0	    0.0	    0.0	    0.0	    0.0	    0.0	    0.0	    0.0	  100.0	   84.9	    0.0	    0.0	    0.0	    0.0	    1.9	  1	  -50.0	 1250.0	   84.9	    0.0	    0.0	1	   81.3	 21	 1381.2	   18.1	
   53	   5.30	  -37.6	 1346.0	  -97.3	    0.0	    0.0	    0.0	    0.0	    0.0	    0.0	    0.0	    0.0	  100.0	   84.6	    0.0	    0.0	    0.0	    0.0	    1.9	  1	  -50.0	 1250.0	   84.6	    0.0	    0.0	1	   81.3	 21	 1380.8	   18.1	
   54	   5.40	  -37.6	 1346.0	  -97.3	    0.0	    0.0	    0.0	    0.0	    0.0	    0.0	    0.0	    0.0	  100.0	   84.3	    0.0	    0.0	    0.0	    0.0	    2.0	  1	  -50.0	 1250.0	   84.3	    0.0	    0.0	1	   81.3	 21	 1380.3	   18.0	
   55	   5.50	  -37.6	 1346.0	  -97.3	    0.0	    0.0	    0.0	    0.0	    0.0	    0.0	    0.0	    0.0	  100.0	   84.0	    0.0	    0.0	    0.0	    0.0	    2.0	  1	  -50.0	 1250.0	   84.0	    0.0	    0.0	1	   81.3	 21	 1379.8	   18.0	
   56	   5.60	  -37.6	 1346.0	  -97.3	    0.0	    0.0	    0.0	    0.0	    0.0	    0.0	    0.0	    0.0	  100.0	   83.8	    0.0	    0.0	    0.0	    0.0	    2.1	  1	  -50.0	 1250.0	   83.8	    0.0	    0.0	1	   81.3	 21	 1379.4	   17.9	
   57	   5.70	  -37.6	 1346.0	  -97.3	    0.0	    0.0	    0.0	    0.0	    0.0	    0.0	    0.0	    0.0	  100.0	   83.5	    0.0	    0.0	    0.0	    0.0	    2.1	  1	  -50.0	 1250.0	   83.5	    0.0	    0.0	1	   81.3	 21	 1378.9	   17.9	
   58	   5.80	  -37.6	 1346.0	  -97.3	    0.0	    0.0	    0.0	    0.0	    0.0	    0.0	    0.0	    0.0	  100.0	   83.2	    0.0	    0.0	    0.0	    0.0	    2.1	  1	  -50.0	 1250.0	   83.2	    0.0	    0.0	1	   81.3	 21	 1378.5	   17.8	
   59	   5.90	  -37.6	 1346.0	  -97.3	    0.0	    0.0	    0.0	    0.0	    0.0	    0.0	    0.0	    0.0	  100.0	   82.9	    0.0	    0.0	    0.0	    0.0	    2.2	  1	  -50.0	 1250.0	   82.9	    0.0	    0.0	1	   81.3	 21	 1378.0	   17.8	
   60	   6.00	  -37.6	 1346.0	  -97.3	    0.0	    0.0	    0.0	    0.0	    0.0	    0.0	    0.0	    0.0	  100.0	   82.6	    0.0	    0.0	    0.0	    0.0	    2.2	  1	  -50.0	 1250.0	   82.6	    0.0	    0.0	1	   81.3	 21	 1377.5	   17.8	
   61	   6.10	  -37.6	 1346.0	  -97.3	    0.0	    0.0	    0.0	    0.0	    0.0	    0.0	    0.0	    0.0	  100.0	   82.3	    0.0	    0.0	    0.0	    0.0	    2.2	  1	  -50.0	 1250.0	   82.3	    0.0	    0.0	1	   81.3	 21	 1377.1	   17.7	
   62	   6.20	  -37.6	 1346.0	  -97.3	    0.0	    0.0	    0.0	    0.0	    0.0	    0.0	    0.0	    0.0	  100.0	   82.0	    0.0	    0.0	    0.0	    0.0	    2.3	  1	  -50.0	 1250.0	   82.0	    0.0	    0.0	1	   81.3	 21	 1376.6	   17.7	
   63	   6.30	  -37.6	 1346.0	  -97.3	    0.0	    0.0	    0.0	    0.0	    0.0	    0.0	    0.0	    0.0	  100.0	   81.7	    0.0	    0.0	    0.0	    0.0	    2.3	  1	  -50.0	 1250.0	   81.7	    0.0	    0.0	1	   81.3	 21	 1376.1	   17.6	
   64	   6.40	  -37.6	 1346.0	  -97.3	    0.0	    0.0	    0.0	    0.0	    0.0	    0.0	    0.0	    0.0	  100.0	   81.4	    0.0	    0.0	    0.0	    0.0	    2.4	  1	  -50.0	 1250.0	   81.4	    0.0	    0.0	1	   81.3	 21	 1375.7	   17.6	
   65	   6.50	  -37.6	 1346.0	  -97.3	    0.0	    0.0	    0.0	    0.0	    0.0	    0.0	    0.0	    0.0	  100.0	   81.1	    0.0	    0.0	    0.0	    0.0	    2.4	  1	  -50.0	 1250.0	   81.1	    0.0	    0.0	1	   81.3	 21	 1375.2	   17.5	
   66	   6.60	  -37.6	 1346.0	  -97.3	    0.0	    0.0	    0.0	    0.0	    0.0	    0.0	    0.0	    0.0	  100.0	   80.8	    0.0	    0.0	    0.0	    0.0	    2.4	  1	  -50.0	 1250.0	   80.8	    0.0	    0.0	1	   81.3	 21	 1374.7	   17.5	
   67	   6.70	  -37.6	 1346.0	  -97.3	    0.0	    0.0	    0.0	    0.0	    0.0	    0.0	    0.0	    0.0	  100.0	   80.5	    0.0	    0.0	    0.0	    0.0	    2.5	  1	  -50.0	 1250.0	   80.5	    0.0	    0.0	1	   81.3	 21	 1374.3	   17.4	
   68	   6.80	  -37.6	 1346.0	  -97.3	    0.0	    0.0	    0.0	    0.0	    0.0	    0.0	    0.0	    0.0	  100.0	   80.2	    0.0	    0.0	    0.0	    0.0	    2.5	  1	  -50.0	 1250.0	   80.2	    0.0	    0.0	1	   81.3	 21	 1373.8	   17.4	
   69	   6.90	  -37.6	 1346.0	  -97.3	    0.0	    0.0	    0.0	    0.0	    0.0	    0.0	    0.0	    0.0	  100.0	   79.9	    0.0	    0.0	    0.0	    0.0	    2.5	  1	  -50.0	 1250.0	   79.9	    0.0	    0.0	1	   81.3	 21	 1373.3	   17.3	
   70	   7.00	  -37.6	 1346.0	  -97.3	    0.0	    0.0	    0.0	    0.0	    0.0	    0.0	    0.0	    0.0	  100.0	   79.6	    0.0	    0.0	    0.0	    0.0	    2.6	  1	  -50.0	 1250.0	   79.6	    0.0	    0.0	1	   81.3	 21	 1372.9	   17.3	
   71	   7.10	  -37.6	 1346.0	  -97.3	    0.0	    0.0	    0.0	    0.0	    0.0	    0.0	    0.0	    0.0	  100.0	   79.3	    0.0	    0.0	    0.0	    0.0	    2.6	  1	  -50.0	 1250.0	   79.3	    0.0	    0.0	1	   81.3	 21	 1372.4	   17.2	
   72	   7.20	  -37.6	 1346.0	  -97.3	    0.0	    0.0	    0.0	    0.0	    0.0	    0.0	    0.0	    0.0	  100.0	   79.0	    0.0	    0.0	    0.0	    0.0	    2.7	  1	  -50.0	 1250.0	   79.0	    0.0	    0.0	1	   81.3	 21	 1372.0	   17.2	
   73	   7.30	  -37.6	 1346.0	  -97.3	    0.0	    0.0	    0.0	    0.0	    0.0	    0.0	    0.0	    0.0	  100.0	   78.7	    0.0	    0.0	    0.0	    0.0	    2.7	  1	  -50.0	 1250.0	   78.7	    0.0	    0.0	1	   81.3	 21	 1371.5	   17.1	
   74	   7.40	  -37.6	 1346.0	  -97.3	    0.0	    0.0	    0.0	    0.0	    0.0	    0.0	    0.0	    0.0	  100.0	   78.4	    0.0	    0.0	    0.0	    0.0	    2.7	  1	  -50.0	 1250.0	   78.4	    0.0	    0.0	1	   81.3	 21	 1371.0	   17.1	
   75	   7.50	  -37.6	 1346.0	  -97.3	    0.0	    0.0	    0.0	    0.0	    0.0	    0.0	    0.0	    0.0	  100.0	   78.1	    0.0	    0.0	    0.0	    0.0	    2.8	  1	  -50.0	 1250.0	   78.1	    0.0	    0.0	1	   81.3	 21	 1370.6	   17.1	
   76	   7.60	  -37.6	 1346.0	  -97.3	    0.0	    0.0	    0.0	    0.0	    0.0	    0.0	    0.0	    0.0	  100.0	   77.8	    0.0	    0.0	    0.0	    0.0	    2.8	  1	  -50.0	 1250.0	   77.8	    0.0	    0.0	1	   81.3	 21	 1370.1	   17.0	
   77	   7.70	  -37.6	 1346.0	  -97.3	    0.0	    0.0	    0.0	    0.0	    0.0	    0.0	    0.0	    0.0	  100.0	   77.5	    0.0	    0.0	    0.0	    0.0	    2.8	  1	  -50.0	 1250.0	   77.5	    0.0	    0.0	1	   81.3	 21	 1369.6	   17.0	
   78	   7.80	  -37.6	 1346.0	  -97.3	    0.0	    0.0	    0.0	    0.0	    0.0	    0.0	    0.0	    0.0	  100.0	   77.2	    0.0	    0.0	    0.0	    0.0	    2.9	  1	  -50.0	 1250.0	   77.2	    0.0	    0.0	1	   81.3	 21	 1369.2	   16.9	
   79	   7.90	  -37.6	 1346.0	  -97.3	    0.0	    0.0	    0.0	    0.0	    0.0	    0.0	    0.0	    0.0	  100.0	   76.9	    0.0	    0.0	    0.0	    0.0	    2.9	  1	  -50.0	 1250.0	   76.9	    0.0	    0.0	1	   81.3	 21	 1368.7	   16.9	
   80	   8.00	  -37.6	 1346.0	  -97.3	    0.0	    0.0	    0.0	    0.0	    0.0	    0.0	    0.0	    0.0	  100.0	   76.6	    0.0	    0.0	    0.0	    0.0	    2.9	  1	  -50.0	 1250.0	   76.6	    0.0	    0.0	1	   81.3	 21	 1368.2	   16.8	
   81	   8.10	  -37.6	 1346.0	  -97.3	    0.0	    0.0	    0.0	    0.0	    0.0	    0.0	    0.0	    0.0	  100.0	   76.3	    0.0	    0.0	    0.0	    0.0	    3.0	  1	  -50.0	 1250.0	   76.3	    0.0	    0.0	1	   81.3	 21	 1367.8	   16.8	
   82	   8.20	  -37.6	 1346.0	  -97.3	    0.0	    0.0	    0.0	    0.0	    0.0	    0.0	    0.0	    0.0	  100.0	   76.0	    0.0	    0.0	    0.0	    0.0	    3.0	  1	  -50.0	 1250.0	   76.0	    0.0	    0.0	1	   81.3	 21	 1367.3	   16.7	
   83	   8.30	  -37.6	 1346.0	  -97.3	    0.0	    0.0	    0.0	    0.0	    0.0	    0.0	    0.0	    0.0	  100.0	   75.7	    0.0	    0.0	    0.0	    0.0	    3.1	  1	  -50.0	 1250.0	   75.7	    0.0	    0.0	1	   81.3	 21	 1366.8	   16.7	
   84	   8.40	  -37.6	 1346.0	  -97.3	    0.0	    0.0	    0.0	    0.0	    0.0	    0.0	    0.0	    0.0	  100.0	   75.4	    0.0	    0.0	    0.0	    0.0	    3.1	  1	  -50.0	 1250.0	   75.4	    0.0	    0.0	1	   81.3	 21	 1366.4	   16.6	
   85	   8.50	  -37.6	 1346.0	  -97.3	    0.0	    0.0	    0.0	    0.0	    0.0	    0.0	    0.0	    0.0	  100.0	   75.1	    0.0	    0.0	    0.0	    0.0	    3.1	  1	  -50.0	 1250.0	   75.1	    0.0	    0.0	1	   81.3	 21	 1365.9	   16.6	
   86	   8.60	  -37.6	 1346.0	  -97.3	    0.0	    0.0	    0.0	    0.0	    0.0	    0.0	    0.0	    0.0	  100.0	   74.8	    0.0	    0.0	    0.0	    0.0	    3.2	  1	  -50.0	 1250.0	   74.8	    0.0	    0.0	1	   81.3	 21	 1365.4	   16.5	
   87	   8.70	  -37.6	 1346.0	  -97.3	    0.0	    0.0	    0.0	    0.0	    0.0	    0.0	    0.0	    0.0	  100.0	   74.5	    0.0	    0.0	    0.0	    0.0	    3.2	  1	  -50.0	 1250.0	   74.5	    0.0	    0.0	1	   81.3	 21	 1365.0	   16.5	
   88	   8.80	  -37.6	 1346.0	  -97.3	    0.0	    0.0	    0.0	    0.0	    0.0	    0.0	    0.0	    0.0	  100.0	   74.2	    0.0	    0.0	    0.0	    0.0	    3.2	  1	  -50.0	 1250.0	   74.2	    0.0	    0.0	1	   81.3	 21	 1364.5	   16.5	
   89	   8.90	  -37.6	 1346.0	  -97.3	    0.0	    0.0	    0.0	    0.0	    0.0	    0.0	    0.0	    0.0	  100.0	   73.9	    0.0	    0.0	    0.0	    0.0	    3.3	  1	  -50.0	 1250.0	   73.9	    0.0	    0.0	1	   81.3	 21	 1364.1	   16.4	
   90	   9.00	  -37.6	 1346.0	  -97.3	    0.0	    0.0	    0.0	    0.0	    0.0	    0.0	    0.0	    0.0	  100.0	   73.6	    0.0	    0.0	    0.0	    0.0	    3.3	  1	  -50.0	 1250.0	   73.6	    0.0	    0.0	1	   81.3	 21	 1363.6	   16.4	
   91	   9.10	  -37.6	 1346.0	  -97.3	    0.0	    0.0	    0.0	    0.0	    0.0	    0.0	    0.0	    0.0	  100.0	   73.3	    0.0	    0.0	    0.0	    0.0	    3.4	  1	  -50.0	 1250.0	   73.3	    0.0	    0.0	1	   81.3	 21	 1363.1	   16.3	
   92	   9.20	  -37.6	 1346.0	  -97.3	    0.0	    0.0	    0.0	    0.0	    0.0	    0.0	    0.0	    0.0	  100.0	   73.1	    0.0	    0.0	    0.0	    0.0	    3.4	  1	  -50.0	 1250.0	   73.1	    0.0	    0.0	1	   81.3	 21	 1362.7	   16.3	
   93	   9.30	  -37.6	 1346.0	  -97.3	    0.0	    0.0	    0.0	    0.0	    0.0	    0.0	    0.0	    0.0	  100.0	   72.8	    0.0	    0.0	    0.0	    0.0	    3.4	  1	  -50.0	 1250.0	   72.8	    0.0	    0.0	1	   81.3	 21	 1362.2	   16.2	
   94	   9.40	  -37.6	 1346.0	  -97.3	    0.0	    0.0	    0.0	    0.0	    0.0	    0.0	    0.0	    0.0	  100.0	   72.5	    0.0	    0.0	    0.0	    0.0	    3.5	  1	  -50.0	 1250.0	   72.5	    0.0	    0.0	1	   81.3	 21	 1361.7	   16.2	
   95	   9.50	  -37.6	 1346.0	  -97.3	    0.0	    0.0	    0.0	    0.0	    0.0	    0.0	    0.0	    0.0	  100.0	   72.2	    0.0	    0.0	    0.0	    0.0	    3.5	  1	  -50.0	 1250.0	   72.2	    0.0	    0.0	1	   81.3	 21	 1361.3	   16.1	
   96	   9.60	  -37.6	 1346.0	  -97.3	    0.0	    0.0	    0.0	    0.0	    0.0	    0.0	    0.0	    0.0	  100.0	   71.9	    0.0	    0.0	    0.0	    0.0	    3.5	  1	  -50.0	 1250.0	   71.9	    0.0	    0.0	1	   81.3	 21	 1360.8	   16.1	
   97	   9.70	  -37.6	 1346.0	  -97.3	    0.0	    0.0	    0.0	    0.0	    0.0	    0.0	    0.0	    0.0	  100.0	   71.6	    0.0	    0.0	    0.0	    0.0	    3.6	  1	  -50.0	 1250.0	   71.6	    0.0	    0.0	1	   81.3	 21	 1360.3	   16.0	
   98	   9.80	  -37.6	 1346.0	  -97.3	    0.0	    0.0	    0.0	    0.0	    0.0	    0.0	    0.0	    0.0	  100.0	   71.3	    0.0	    0.0	    0.0	    0.0	    3.6	  1	  -50.0	 1250.0	   71.3	    0.0	    0.0	1	   81.3	 21	 1359.9	   16.0	
   99	   9.90	  -37.6	 1346.0	  -97.3	    0.0	    0.0	    0.0	    0.0	    0.0	    0.0	    0.0	    0.0	  100.0	   71.0	    0.0	    0.0	    0.0	    0.0	    3.7	  1	  -50.0	 1250.0	   71.0	    0.0	    0.0	1	   81.3	 21	 1359.4	   15.9	
  100	  10.00	  -37.6	 1346.0	  -97.3	    0.0	    0.0	    0.0	    0.0	    0.0	    0.0	    0.0	    0.0	  100.0	   70.7	    0.0	    0.0	    0.0	    0.0	    3.7	  1	  -50.0	 1250.0	   70.7	    0.0	    0.0	1	   81.3	 21	 1358.9	   15.9	
  101	  10.10	  -37.6	 1346.0	  -97.3	    0.0	    0.0	    0.0	    0.0	    0.0	    0.0	    0.0	    0.0	  100.0	   70.4	    0.0	    0.0	    0.0	    0.0	    3.7	  1	  -50.0	 1250.0	   70.4	    0.0	    0.0	1	   81.3	 21	 1358.5	   15.8	
  102	  10.20	  -37.6	 1346.0	  -97.3	    0.0	    0.0	    0.0	    0.0	    0.0	    0.0	    0.0	    0.0	  100.0	   70.1	    0.0	    0.0	    0.0	    0.0	    3.8	  1	  -50.0	 1250.0	   70.1	    0.0	    0.0	1	   81.3	 21	 1358.0	   15.8	
  103	  10.30	  -37.6	 1346.0	  -97.3	    0.0	    0.0	    0.0	    0.0	    0.0	    0.0	    0.0	    0.0	  100.0	   69.8	    0.0	    0.0	    0.0	    0.0	    3.8	  1	  -50.0	 1250.0	   69.8	    0.0	    0.0	1	   81.3	 21	 1357.6	   15.8	
  104	  10.40	  -37.6	 1346.0	  -97.3	    0.0	    0.0	    0.0	    0.0	    0.0	    0.0	    0.0	    0.0	  100.0	   69.5	    0.0	    0.0	    0.0	    0.0	    3.8	  1	  -50.0	 1250.0	   69.5	    0.0	    0.0	1	   81.3	 21	 1357.1	   15.7	
  105	  10.50	  -37.6	 1346.0	  -97.3	    0.0	    0.0	    0.0	    0.0	    0.0	    0.0	    0.0	    0.0	  100.0	   69.2	    0.0	    0.0	    0.0	    0.0	    3.9	  1	  -50.0	 1250.0	   69.2	    0.0	    0.0	1	   81.3	 21	 1356.6	   15.7	
  106	  10.60	  -37.6	 1346.0	  -97.3	    0.0	    0.0	    0.0	    0.0	    0.0	    0.0	    0.0	    0.0	  100.0	   68.9	    0.0	    0.0	    0.0	    0.0	    3.9	  1	  -50.0	 1250.0	   68.9	    0.0	    0.0	1	   81.3	 21	 1356.2	   15.6	
  107	  10.70	  -37.6	 1346.0	  -97.3	    0.0	    0.0	    0.0	    0.0	    0.0	    0.0	    0.0	    0.0	  100.0	   68.6	    0.0	    0.0	    0.0	    0.0	    3.9	  1	  -50.0	 1250.0	   68.6	    0.0	    0.0	1	   81.3	 21	 1355.7	   15.6	
  108	  10.80	  -37.6	 1346.0	  -97.3	    0.0	    0.0	    0.0	    0.0	    0.0	    0.0	    0.0	    0.0	  100.0	   68.3	    0.0	    0.0	    0.0	    0.0	    4.0	  1	  -50.0	 1250.0	   68.3	    0.0	    0.0	1	   81.3	 21	 1355.2	   15.5	
  109	  10.90	  -37.6	 1346.0	  -97.3	    0.0	    0.0	    0.0	    0.0	    0.0	    0.0	    0.0	    0.0	  100.0	   68.0	    0.0	    0.0	    0.0	    0.0	    4.0	  1	  -50.0	 1250.0	   68.0	    0.0	    0.0	1	   81.3	 21	 1354.8	   15.5	
  110	  11.00	  -37.6	 1346.0	  -97.3	    0.0	    0.0	    0.0	    0.0	    0.0	    0.0	    0.0	    0.0	  100.0	   67.7	    0.0	    0.0	    0.0	    0.0	    4.1	  1	  -50.0	 1250.0	   67.7	    0.0	    0.0	1	   81.3	 21	 1354.3	   15.4	
  111	  11.10	  -37.6	 1346.0	  -97.3	    0.0	    0.0	    0.0	    0.0	    0.0	    0.0	    0.0	    0.0	  100.0	   67.4	    0.0	    0.0	    0.0	    0.0	    4.1	  1	  -50.0	 1250.0	   67.4	    0.0	    0.0	1	   81.3	 21	 1353.8	   15.4	
  112	  11.20	  -37.6	 1346.0	  -97.3	    0.0	    0.0	    0.0	    0.0	    0.0	    0.0	    0.0	    0.0	  100.0	   67.1	    0.0	    0.0	    0.0	    0.0	    4.1	  1	  -50.0	 1250.0	   67.1	    0.0	    0.0	1	   81.3	 21	 1353.4	   15.3	
  113	  11.30	  -37.6	 1346.0	  -97.3	    0.0	    0.0	    0.0	    0.0	    0.0	    0.0	    0.0	    0.0	  100.0	   66.8	    0.0	    0.0	    0.0	    0.0	    4.2	  1	  -50.0	 1250.0	   66.8	    0.0	    0.0	1	   81.3	 21	 1352.9	   15.3	
  114	  11.40	  -37.6	 1346.0	  -97.3	    0.0	    0.0	    0.0	    0.0	    0.0	    0.0	    0.0	    0.0	  100.0	   66.5	    0.0	    0.0	    0.0	    0.0	    4.2	  1	  -50.0	 1250.0	   66.5	    0.0	    0.0	1	   81.3	 21	 1352.4	   15.2	
  115	  11.50	  -37.6	 1346.0	  -97.3	    0.0	    0.0	    0.0	    0.0	    0.0	    0.0	    0.0	    0.0	  100.0	   66.2	    0.0	    0.0	    0.0	    0.0	    4.2	  1	  -50.0	 1250.0	   66.2	    0.0	    0.0	1	   81.3	 21	 1352.0	   15.2	
  116	  11.60	  -37.6	 1346.0	  -97.3	    0.0	    0.0	    0.0	    0.0	    0.0	    0.0	    0.0	    0.0	  100.0	   65.9	    0.0	    0.0	    0.0	    0.0	    4.3	  1	  -50.0	 1250.0	   65.9	    0.0	    0.0	1	   81.3	 21	 1351.5	   15.2	
  117	  11.70	  -37.6	 1346.0	  -97.3	    0.0	    0.0	    0.0	    0.0	    0.0	    0.0	    0.0	    0.0	  100.0	   65.6	    0.0	    0.0	    0.0	    0.0	    4.3	  1	  -50.0	 1250.0	   65.6	    0.0	    0.0	1	   81.3	 21	 1351.0	   15.1	
  118	  11.80	  -37.6	 1346.0	  -97.3	    0.0	    0.0	    0.0	    0.0	    0.0	    0.0	    0.0	    0.0	  100.0	   65.3	    0.0	    0.0	    0.0	    0.0	    4.4	  1	  -50.0	 1250.0	   65.3	    0.0	    0.0	1	   81.3	 21	 1350.6	   15.1	
  119	  11.90	  -37.6	 1346.0	  -97.3	    0.0	    0.0	    0.0	    0.0	    0.0	    0.0	    0.0	    0.0	  100.0	   65.0	    0.0	    0.0	    0.0	    0.0	    4.4	  1	  -50.0	 1250.0	   65.0	    0.0	    0.0	1	   81.3	 21	 1350.1	   15.0	
  120	  12.00	  -37.6	 1346.0	  -97.3	    0.0	    0.0	    0.0	    0.0	    0.0	    0.0	    0.0	    0.0	  100.0	   64.7	    0.0	    0.0	    0.0	    0.0	    4.4	  1	  -50.0	 1250.0	   64.7	    0.0	    0.0	1	   81.3	 21	 1349.7	   15.0	
  121	  12.10	  -37.6	 1346.0	  -97.3	    0.0	    0.0	    0.0	    0.0	    0.0	    0.0	    0.0	    0.0	  100.0	   64.4	    0.0	    0.0	    0.0	    0.0	    4.5	  1	  -50.0	 1250.0	   64.4	    0.0	    0.0	1	   81.3	 21	 1349.2	   14.9	
  122	  12.20	  -37.6	 1346.0	  -97.3	    0.0	    0.0	    0.0	    0.0	    0.0	    0.0	    0.0	    0.0	  100.0	   64.1	    0.0	    0.0	    0.0	    0.0	    4.5	  1	  -50.0	 1250.0	   64.1	    0.0	    0.0	1	   81.3	 21	 1348.7	   14.9	
  123	  12.30	  -37.6	 1346.0	  -97.3	    0.0	    0.0	    0.0	    0.0	    0.0	    0.0	    0.0	    0.0	  100.0	   63.8	    0.0	    0.0	    0.0	    0.0	    4.5	  1	  -50.0	 1250.0	   63.8	    0.0	    0.0	1	   81.3	 21	 1348.3	   14.8	
  124	  12.40	  -37.6	 1346.0	  -97.3	    0.0	    0.0	    0.0	    0.0	    0.0	    0.0	    0.0	    0.0	  100.0	   63.5	    0.0	    0.0	    0.0	    0.0	    4.6	  1	  -50.0	 1250.0	   63.5	    0.0	    0.0	1	   81.3	 21	 1347.8	   14.8	
  125	  12.50	  -37.6	 1346.0	  -97.3	    0.0	    0.0	    0.0	    0.0	    0.0	    0.0	    0.0	    0.0	  100.0	   63.2	    0.0	    0.0	    0.0	    0.0	    4.6	  1	  -50.0	 1250.0	   63.2	    0.0	    0.0	1	   81.3	 21	 1347.3	   14.7	
  126	  12.60	  -37.6	 1346.0	  -97.3	    0.0	    0.0	    0.0	    0.0	    0.0	    0.0	    0.0	    0.0	  100.0	   62.9	    0.0	    0.0	    0.0	    0.0	    4.7	  1	  -50.0	 1250.0	   62.9	    0.0	    0.0	1	   81.3	 21	 1346.9	   14.7	
  127	  12.70	  -37.6	 1346.0	  -97.3	    0.0	    0.0	    0.0	    0.0	    0.0	    0.0	    0.0	    0.0	  100.0	   62.6	    0.0	    0.0	    0.0	    0.0	    4.7	  1	  -50.0	 1250.0	   62.6	    0.0	    0.0	1	   81.3	 21	 1346.4	   14.6	
  128	  12.80	  -37.6	 1346.0	  -97.3	    0.0	    0.0	    0.0	    0.0	    0.0	    0.0	    0.0	    0.0	  100.0	   62.4	    0.0	    0.0	    0.0	    0.0	    4.7	  1	  -50.0	 1250.0	   62.4	    0.0	    0.0	1	   81.3	 21	 1345.9	   14.6	
  129	  12.90	  -37.6	 1346.0	  -97.3	    0.0	    0.0	    0.0	    0.0	    0.0	    0.0	    0.0	    0.0	  100.0	   62.1	    0.0	    0.0	    0.0	    0.0	    4.8	  1	  -50.0	 1250.0	   62.1	    0.0	    0.0	1	   81.3	 21	 1345.5	   14.5	
  130	  13.00	  -37.6	 1346.0	  -97.3	    0.0	    0.0	    0.0	    0.0	    0.0	    0.0	    0.0	    0.0	  100.0	   61.8	    0.0	    0.0	    0.0	    0.0	    4.8	  1	  -50.0	 1250.0	   61.8	    0.0	    0.0	1	   81.3	 21	 1345.0	   14.5	
  131	  13.10	  -37.6	 1346.0	  -97.3	    0.0	    0.0	    0.0	    0.0	    0.0	    0.0	    0.0	    0.0	  100.0	   61.5	    0.0	    0.0	    0.0	    0.0	    4.8	  1	  -50.0	 1250.0	   61.5	    0.0	    0.0	1	   81.3	 21	 1344.5	   14.5	
  132	  13.20	  -37.6	 1346.0	  -97.3	    0.0	    0.0	    0.0	    0.0	    0.0	    0.0	    0.0	    0.0	  100.0	   61.2	    0.0	    0.0	    0.0	    0.0	    4.9	  1	  -50.0	 1250.0	   61.2	    0.0	    0.0	1	   81.3	 21	 1344.1	   14.4	
  133	  13.30	  -37.6	 1346.0	  -97.3	    0.0	    0.0	    0.0	    0.0	    0.0	    0.0	    0.0	    0.0	  100.0	   60.9	    0.0	    0.0	    0.0	    0.0	    4.9	  1	  -50.0	 1250.0	   60.9	    0.0	    0.0	1	   81.3	 21	 1343.6	   14.4	
  134	  13.40	  -37.6	 1346.0	  -97.3	    0.0	    0.0	    0.0	    0.0	    0.0	    0.0	    0.0	    0.0	  100.0	   60.6	    0.0	    0.0	    0.0	    0.0	    4.9	  1	  -50.0	 1250.0	   60.6	    0.0	    0.0	1	   81.3	 21	 1343.2	   14.3	
  135	  13.50	  -37.6	 1346.0	  -97.3	    0.0	    0.0	    0.0	    0.0	    0.0	    0.0	    0.0	    0.0	  100.0	   60.3	    0.0	    0.0	    0.0	    0.0	    5.0	  1	  -50.0	 1250.0	   60.3	    0.0	    0.0	1	   81.3	 21	 1342.7	   14.3	
  136	  13.60	  -37.6	 1346.0	  -97.3	    0.0	    0.0	    0.0	    0.0	    0.0	    0.0	    0.0	    0.0	  100.0	   60.0	    0.0	    0.0	    0.0	    0.0	    5.0	  1	  -50.0	 1250.0	   60.0	    0.0	    0.0	1	   81.3	 21	 1342.2	   14.2	
  137	  13.70	  -37.6	 1346.0	  -97.3	    0.0	    0.0	    0.0	    0.0	    0.0	    0.0	    0.0	    0.0	  100.0	   59.7	    0.0	    0.0	    0.0	    0.0	    5.1	  1	  -50.0	 1250.0	   59.7	    0.0	    0.0	1	   81.3	 21	 1341.8	   14.2	
  138	  13.80	  -37.6	 1346.0	  -97.3	    0.0	    0.0	    0.0	    0.0	    0.0	    0.0	    0.0	    0.0	  100.0	   59.4	    0.0	    0.0	    0.0	    0.0	    5.1	  1	  -50.0	 1250.0	   59.4	    0.0	    0.0	1	   81.3	 21	 1341.3	   14.1	
  139	  13.90	  -37.6	 1346.0	  -97.3	    0.0	    0.0	    0.0	    0.0	    0.0	    0.0	    0.0	    0.0	  100.0	   59.1	    0.0	    0.0	    0.0	    0.0	    5.1	  1	  -50.0	 1250.0	   59.1	    0.0	    0.0	1	   81.3	 21	 1340.8	   14.1	
  140	  14.00	  -37.6	 1346.0	  -97.3	    0.0	    0.0	    0.0	    0.0	    0.0	    0.0	    0.0	    0.0	  100.0	   58.8	    0.0	    0.0	    0.0	    0.0	    5.2	  1	  -50.0	 1250.0	   58.8	    0.0	    0.0	1	   81.3	 21	 1340.4	   14.0	
  141	  14.10	  -37.6	 1346.0	  -97.3	    0.0	    0.0	    0.0	    0.0	    0.0	    0.0	    0.0	    0.0	  100.0	   58.5	    0.0	    0.0	    0.0	    0.0	    5.2	  1	  -50.0	 1250.0	   58.5	    0.0	    0.0	1	   81.3	 21	 1339.9	   14.0	
  142	  14.20	  -37.6	 1346.0	  -97.3	    0.0	    0.0	    0.0	    0.0	    0.0	    0.0	    0.0	    0.0	  100.0	   58.2	    0.0	    0.0	    0.0	    0.0	    5.2	  1	  -50.0	 1250.0	   58.2	    0.0	    0.0	1	   81.3	 21	 1339.4	   13.9	
  143	  14.30	  -37.6	 1346.0	  -97.3	    0.0	    0.0	    0.0	    0.0	    0.0	    0.0	    0.0	    0.0	  100.0	   57.9	    0.0	    0.0	    0.0	    0.0	    5.3	  1	  -50.0	 1250.0	   57.9	    0.0	    0.0	1	   81.3	 21	 1339.0	   13.9	
  144	  14.40	  -37.6	 1346.0	  -97.3	    0.0	    0.0	    0.0	    0.0	    0.0	    0.0	    0.0	    0.0	  100.0	   57.6	    0.0	    0.0	    0.0	    0.0	    5.3	  1	  -50.0	 1250.0	   57.6	    0.0	    0.0	1	   81.3	 21	 1338.5	   13.9	
  145	  14.50	  -37.6	 1346.0	  -97.3	    0.0	    0.0	    0.0	    0.0	    0.0	    0.0	    0.0	    0.0	  100.0	   57.3	    0.0	    0.0	    0.0	    0.0	    5.4	  1	  -50.0	 1250.0	   57.3	    0.0	    0.0	1	   81.3	 21	 1338.0	   13.8	
  146	  14.60	  -37.6	 1346.0	  -97.3	    0.0	    0.0	    0.0	    0.0	    0.0	    0.0	    0.0	    0.0	  100.0	   57.0	    0.0	    0.0	    0.0	    0.0	    5.4	  1	  -50.0	 1250.0	   57.0	    0.0	    0.0	1	   81.3	 21	 1337.6	   13.8	
  147	  14.70	  -37.6	 1346.0	  -97.3	    0.0	    0.0	    0.0	    0.0	    0.0	    0.0	    0.0	    0.0	  100.0	   56.7	    0.0	    0.0	    0.0	    0.0	    5.4	  1	  -50.0	 1250.0	   56.7	    0.0	    0.0	1	   81.3	 21	 1337.1	   13.7	
  148	  14.80	  -37.6	 1346.0	  -97.3	    0.0	    0.0	    0.0	    0.0	    0.0	    0.0	    0.0	    0.0	  100.0	   56.4	    0.0	    0.0	    0.0	    0.0	    5.5	  1	  -50.0	 1250.0	   56.4	    0.0	    0.0	1	   81.3	 21	 1336.6	   13.7	
  149	  14.90	  -37.6	 1346.0	  -97.3	    0.0	    0.0	    0.0	    0.0	    0.0	    0.0	    0.0	    0.0	  100.0	   56.1	    0.0	    0.0	    0.0	    0.0	    5.5	  1	  -50.0	 1250.0	   56.1	    0.0	    0.0	1	   81.3	 21	 1336.2	   13.6	
  150	  15.00	  -37.6	 1346.0	  -97.3	    0.0	    0.0	    0.0	    0.0	    0.0	    0.0	    0.0	    0.0	  100.0	   55.8	    0.0	    0.0	    0.0	    0.0	    5.5	  1	  -50.0	 1250.0	   55.8	    0.0	    0.0	1	   81.3	 21	 1335.7	   13.6	
  151	  15.10	  -37.6	 1346.0	  -97.3	    0.0	    0.0	    0.0	    0.0	    0.0	    0.0	    0.0	    0.0	  100.0	   55.5	    0.0	    0.0	    0.0	    0.0	    5.6	  1	  -50.0	 1250.0	   55.5	    0.0	    0.0	1	   81.3	 21	 1335.3	   13.5	
  152	  15.20	  -37.6	 1346.0	  -97.3	    0.0	    0.0	    0.0	    0.0	    0.0	    0.0	    0.0	    0.0	  100.0	   55.2	    0.0	    0.0	    0.0	    0.0	    5.6	  1	  -50.0	 1250.0	   55.2	    0.0	    0.0	1	   81.3	 21	 1334.8	   13.5	
  153	  15.30	  -37.6	 1346.0	  -97.3	    0.0	    0.0	    0.0	    0.0	    0.0	    0.0	    0.0	    0.0	  100.0	   54.9	    0.0	    0.0	    0.0	    0.0	    5.6	  1	  -50.0	 1250.0	   54.9	    0.0	    0.0	1	   81.3	 21	 1334.3	   13.4	
  154	  15.40	  -37.6	 1346.0	  -97.3	    0.0	    0.0	    0.0	    0.0	    0.0	    0.0	    0.0	    0.0	  100.0	   54.6	    0.0	    0.0	    0.0	    0.0	    5.7	  1	  -50.0	 1250.0	   54.6	    0.0	    0.0	1	   81.3	 21	 1333.9	   13.4	
  155	  15.50	  -37.6	 1346.0	  -97.3	    0.0	    0.0	    0.0	    0.0	    0.0	    0.0	    0.0	    0.0	  100.0	   54.3	    0.0	    0.0	    0.0	    0.0	    5.7	  1	  -50.0	 1250.0	   54.3	    0.0	    0.0	1	   81.3	 21	 1333.4	   13.3	
  156	  15.60	  -37.6	 1346.0	  -97.3	    0.0	    0.0	    0.0	    0.0	    0.0	    0.0	    0.0	    0.0	  100.0	   54.0	    0.0	    0.0	    0.0	    0.0	    5.8	  1	  -50.0	 1250.0	   54.0	    0.0	    0.0	1	   81.3	 21	 1332.9	   13.3	
  157	  15.70	  -37.6	 1346.0	  -97.3	    0.0	    0.0	    0.0	    0.0	    0.0	    0.0	    0.0	    0.0	  100.0	   53.7	    0.0	    0.0	    0.0	    0.0	    5.8	  1	  -50.0	 1250.0	   53.7	    0.0	    0.0	1	   81.3	 21	 1332.5	   13.2	
  158	  15.80	  -37.6	 1346.0	  -97.3	    0.0	    0.0	    0.0	    0.0	    0.0	    0.0	    0.0	    0.0	  100.0	   53.4	    0.0	    0.0	    0.0	    0.0	    5.8	  1	  -50.0	 1250.0	   53.4	    0.0	    0.0	1	   81.3	 21	 1332.0	   13.2	
  159	  15.90	  -37.6	 1346.0	  -97.3	    0.0	    0.0	    0.0	    0.0	    0.0	    0.0	    0.0	    0.0	  100.0	   53.1	    0.0	    0.0	    0.0	    0.0	    5.9	  1	  -50.0	 1250.0	   53.1	    0.0	    0.0	1	   81.3	 21	 1331.5	   13.2	
  160	  16.00	  -37.6	 1346.0	  -97.3	    0.0	    0.0	    0.0	    0.0	    0.0	    0.0	    0.0	    0.0	  100.0	   52.8	    0.0	    0.0	    0.0	    0.0	    5.9	  1	  -50.0	 1250.0	   52.8	    0.0	    0.0	1	   81.3	 21	 1331.1	   13.1	
  161	  16.10	  -37.6	 1346.0	  -97.3	    0.0	    0.0	    0.0	    0.0	    0.0	    0.0	    0.0	    0.0	  100.0	   52.5	    0.0	    0.0	    0.0	    0.0	    5.9	  1	  -50.0	 1250.0	   52.5	    0.0	    0.0	1	   81.3	 21	 1330.6	   13.1	
  162	  16.20	  -37.6	 1346.0	  -97.3	    0.0	    0.0	    0.0	    0.0	    0.0	    0.0	    0.0	    0.0	  100.0	   52.2	    0.0	    0.0	    0.0	    0.0	    6.0	  1	  -50.0	 1250.0	   52.2	    0.0	    0.0	1	   81.3	 21	 1330.1	   13.0	
  163	  16.30	  -37.6	 1346.0	  -97.3	    0.0	    0.0	    0.0	    0.0	    0.0	    0.0	    0.0	    0.0	  100.0	   52.0	    0.0	    0.0	    0.0	    0.0	    6.0	  1	  -50.0	 1250.0	   52.0	    0.0	    0.0	1	   81.3	 21	 1329.7	   13.0	
  164	  16.40	  -37.6	 1346.0	  -97.3	    0.0	    0.0	    0.0	    0.0	    0.0	    0.0	    0.0	    0.0	  100.0	   51.7	    0.0	    0.0	    0.0	    0.0	    6.1	  1	  -50.0	 1250.0	   51.7	    0.0	    0.0	1	   81.3	 21	 1329.2	   12.9	
  165	  16.50	  -37.6	 1346.0	  -97.3	    0.0	    0.0	    0.0	    0.0	    0.0	    0.0	    0.0	    0.0	  100.0	   51.4	    0.0	    0.0	    0.0	    0.0	    6.1	  1	  -50.0	 1250.0	   51.4	    0.0	    0.0	1	   81.3	 21	 1328.8	   12.9	
  166	  16.60	  -37.6	 1346.0	  -97.3	    0.0	    0.0	    0.0	    0.0	    0.0	    0.0	    0.0	    0.0	  100.0	   51.1	    0.0	    0.0	    0.0	    0.0	    6.1	  1	  -50.0	 1250.0	   51.1	    0.0	    0.0	1	   81.3	 21	 1328.3	   12.8	
  167	  16.70	  -37.6	 1346.0	  -97.3	    0.0	    0.0	    0.0	    0.0	    0.0	    0.0	    0.0	    0.0	  100.0	   50.8	    0.0	    0.0	    0.0	    0.0	    6.2	  1	  -50.0	 1250.0	   50.8	    0.0	    0.0	1	   81.3	 21	 1327.8	   12.8	
  168	  16.80	  -37.6	 1346.0	  -97.3	    0.0	    0.0	    0.0	    0.0	    0.0	    0.0	    0.0	    0.0	  100.0	   50.5	    0.0	    0.0	    0.0	    0.0	    6.2	  1	  -50.0	 1250.0	   50.5	    0.0	    0.0	1	   81.3	 21	 1327.4	   12.7	
  169	  16.90	  -37.6	 1346.0	  -97.3	    0.0	    0.0	    0.0	    0.0	    0.0	    0.0	    0.0	    0.0	  100.0	   50.2	    0.0	    0.0	    0.0	    0.0	    6.2	  1	  -50.0	 1250.0	   50.2	    0.0	    0.0	1	   81.3	 21	 1326.9	   12.7	
  170	  17.00	  -37.6	 1346.0	  -97.3	    0.0	    0.0	    0.0	    0.0	    0.0	    0.0	    0.0	    0.0	  100.0	   49.9	    0.0	    0.0	    0.0	    0.0	    6.3	  1	  -50.0	 1250.0	   49.9	    0.0	    0.0	1	   81.3	 21	 1326.4	   12.6	
  171	  17.10	  -37.6	 1346.0	  -97.3	    0.0	    0.0	    0.0	    0.0	    0.0	    0.0	    0.0	    0.0	  100.0	   49.6	    0.0	    0.0	    0.0	    0.0	    6.3	  1	  -50.0	 1250.0	   49.6	    0.0	    0.0	1	   81.3	 21	 1326.0	   12.6	
  172	  17.20	  -37.6	 1346.0	  -97.3	    0.0	    0.0	    0.0	    0.0	    0.0	    0.0	    0.0	    0.0	  100.0	   49.3	    0.0	    0.0	    0.0	    0.0	    6.4	  1	  -50.0	 1250.0	   49.3	    0.0	    0.0	1	   81.3	 21	 1325.5	   12.6	
  173	  17.30	  -37.6	 1346.0	  -97.3	    0.0	    0.0	    0.0	    0.0	    0.0	    0.0	    0.0	    0.0	  100.0	   49.0	    0.0	    0.0	    0.0	    0.0	    6.4	  1	  -50.0	 1250.0	   49.0	    0.0	    0.0	1	   81.3	 21	 1325.0	   12.5	
  174	  17.40	  -37.6	 1346.0	  -97.3	    0.0	    0.0	    0.0	    0.0	    0.0	    0.0	    0.0	    0.0	  100.0	   48.7	    0.0	    0.0	    0.0	    0.0	    6.4	  1	  -50.0	 1250.0	   48.7	    0.0	    0.0	1	   81.3	 21	 1324.6	   12.5	
  175	  17.50	  -37.6	 1346.0	  -97.3	    0.0	    0.0	    0.0	    0.0	    0.0	    0.0	    0.0	    0.0	  100.0	   48.4	    0.0	    0.0	    0.0	    0.0	    6.5	  1	  -50.0	 1250.0	   48.4	    0.0	    0.0	1	   81.3	 21	 1324.1	   12.4	
  176	  17.60	  -37.6	 1346.0	  -97.3	    0.0	    0.0	    0.0	    0.0	    0.0	    0.0	    0.0	    0.0	  100.0	   48.1	    0.0	    0.0	    0.0	    0.0	    6.5	  1	  -50.0	 1250.0	   48.1	    0.0	    0.0	1	   81.3	 21	 1323.6	   12.4	
  177	  17.70	  -37.6	 1346.0	  -97.3	    0.0	    0.0	    0.0	    0.0	    0.0	    0.0	    0.0	    0.0	  100.0	   47.8	    0.0	    0.0	    0.0	    0.0	    6.5	  1	  -50.0	 1250.0	   47.8	    0.0	    0.0	1	   81.3	 21	 1323.2	   12.3	
  178	  17.80	  -37.6	 1346.0	  -97.3	    0.0	    0.0	    0.0	    0.0	    0.0	    0.0	    0.0	    0.0	  100.0	   47.5	    0.0	    0.0	    0.0	    0.0	    6.6	  1	  -50.0	 1250.0	   47.5	    0.0	    0.0	1	   81.3	 21	 1322.7	   12.3	
  179	  17.90	  -37.6	 1346.0	  -97.3	    0.0	    0.0	    0.0	    0.0	    0.0	    0.0	    0.0	    0.0	  100.0	   47.2	    0.0	    0.0	    0.0	    0.0	    6.6	  1	  -50.0	 1250.0	   47.2	    0.0	    0.0	1	   81.3	 21	 1322.2	   12.2	
  180	  18.00	  -37.6	 1346.0	  -97.3	    0.0	    0.0	    0.0	    0.0	    0.0	    0.0	    0.0	    0.0	  100.0	   46.9	    0.0	    0.0	    0.0	    0.0	    6.6	  1	  -50.0	 1250.0	   46.9	    0.0	    0.0	1	   81.3	 21	 1321.8	   12.2	
  181	  18.10	  -37.6	 1346.0	  -97.3	    0.0	    0.0	    0.0	    0.0	    0.0	    0.0	    0.0	    0.0	  100.0	   46.6	    0.0	    0.0	    0.0	    0.0	    6.7	  1	  -50.0	 1250.0	   46.6	    0.0	    0.0	1	   81.3	 21	 1321.3	   12.1	
  182	  18.20	  -37.6	 1346.0	  -97.3	    0.0	    0.0	    0.0	    0.0	    0.0	    0.0	    0.0	    0.0	  100.0	   46.3	    0.0	    0.0	    0.0	    0.0	    6.7	  1	  -50.0	 1250.0	   46.3	    0.0	    0.0	1	   81.3	 21	 1320.9	   12.1	
  183	  18.30	  -37.6	 1346.0	  -97.3	    0.0	    0.0	    0.0	    0.0	    0.0	    0.0	    0.0	    0.0	  100.0	   46.0	    0.0	    0.0	    0.0	    0.0	    6.8	  1	  -50.0	 1250.0	   46.0	    0.0	    0.0	1	   81.3	 21	 1320.4	   12.0	
  184	  18.40	  -37.6	 1346.0	  -97.3	    0.0	    0.0	    0.0	    0.0	    0.0	    0.0	    0.0	    0.0	  100.0	   45.7	    0.0	    0.0	    0.0	    0.0	    6.8	  1	  -50.0	 1250.0	   45.7	    0.0	    0.0	1	   81.3	 21	 1319.9	   12.0	
  185	  18.50	  -37.6	 1346.0	  -97.3	    0.0	    0.0	    0.0	    0.0	    0.0	    0.0	    0.0	    0.0	  100.0	   45.4	    0.0	    0.0	    0.0	    0.0	    6.8	  1	  -50.0	 1250.0	   45.4	    0.0	    0.0	1	   81.3	 21	 1319.5	   11.9	
  186	  18.60	  -37.6	 1346.0	  -97.3	    0.0	    0.0	    0.0	    0.0	    0.0	    0.0	    0.0	    0.0	  100.0	   45.1	    0.0	    0.0	    0.0	    0.0	    6.9	  1	  -50.0	 1250.0	   45.1	    0.0	    0.0	1	   81.3	 21	 1319.0	   11.9	
  187	  18.70	  -37.6	 1346.0	  -97.3	    0.0	    0.0	    0.0	    0.0	    0.0	    0.0	    0.0	    0.0	  100.0	   44.8	    0.0	    0.0	    0.0	    0.0	    6.9	  1	  -50.0	 1250.0	   44.8	    0.0	    0.0	1	   81.3	 21	 1318.5	   11.9	
  188	  18.80	  -37.6	 1346.0	  -97.3	    0.0	    0.0	    0.0	    0.0	    0.0	    0.0	    0.0	    0.0	  100.0	   44.5	    0.0	    0.0	    0.0	    0.0	    6.9	  1	  -50.0	 1250.0	   44.5	    0.0	    0.0	1	   81.3	 21	 1318.1	   11.8	
  189	  18.90	  -37.6	 1346.0	  -97.3	    0.0	    0.0	    0.0	    0.0	    0.0	    0.0	    0.0	    0.0	  100.0	   44.2	    0.0	    0.0	    0.0	    0.0	    7.0	  1	  -50.0	 1250.0	   44.2	    0.0	    0.0	1	   81.3	 21	 1317.6	   11.8	
  190	  19.00	  -37.6	 1346.0	  -97.3	    0.0	    0.0	    0.0	    0.0	    0.0	    0.0	    0.0	    0.0	  100.0	   43.9	    0.0	    0.0	    0.0	    0.0	    7.0	  1	  -50.0	 1250.0	   43.9	    0.0	    0.0	1	   81.3	 21	 1317.1	   11.7	
  191	  19.10	  -37.6	 1346.0	  -97.3	    0.0	    0.0	    0.0	    0.0	    0.0	    0.0	    0.0	    0.0	  100.0	   43.6	    0.0	    0.0	    0.0	    0.0	    7.1	  1	  -50.0	 1250.0	   43.6	    0.0	    0.0	1	   81.3	 21	 1316.7	   11.7	
  192	  19.20	  -37.6	 1346.0	  -97.3	    0.0	    0.0	    0.0	    0.0	    0.0	    0.0	    0.0	    0.0	  100.0	   43.3	    0.0	    0.0	    0.0	    0.0	    7.1	  1	  -50.0	 1250.0	   43.3	    0.0	    0.0	1	   81.3	 21	 1316.2	   11.6	
  193	  19.30	  -37.6	 1346.0	  -97.3	    0.0	    0.0	    0.0	    0.0	    0.0	    0.0	    0.0	    0.0	  100.0	   43.0	    0.0	    0.0	    0.0	    0.0	    7.1	  1	  -50.0	 1250.0	   43.0	    0.0	    0.0	1	   81.3	 21	 1315.7	   11.6	
  194	  19.40	  -37.6	 1346.0	  -97.3	    0.0	    0.0	    0.0	    0.0	    0.0	    0.0	    0.0	    0.0	  100.0	   42.7	    0.0	    0.0	    0.0	    0.0	    7.2	  1	  -50.0	 1250.0	   42.7	    0.0	    0.0	1	   81.3	 21	 1315.3	   11.5	
  195	  19.50	  -37.6	 1346.0	  -97.3	    0.0	    0.0	    0.0	    0.0	    0.0	    0.0	    0.0	    0.0	  100.0	   42.4	    0.0	    0.0	    0.0	    0.0	    7.2	  1	  -50.0	 1250.0	   42.4	    0.0	    0.0	1	   81.3	 21	 1314.8	   11.5	
  196	  19.60	  -37.6	 1346.0	  -97.3	    0.0	    0.0	    0.0	    0.0	    0.0	    0.0	    0.0	    0.0	  100.0	   42.1	    0.0	    0.0	    0.0	    0.0	    7.2	  1	  -50.0	 1250.0	   42.1	    0.0	    0.0	1	   81.3	 21	 1314.4	   11.4	
  197	  19.70	  -37.6	 1346.0	  -97.3	    0.0	    0.0	    0.0	    0.0	    0.0	    0.0	    0.0	    0.0	  100.0	   41.8	    0.0	    0.0	    0.0	    0.0	    7.3	  1	  -50.0	 1250.0	   41.8	    0.0	    0.0	1	   81.3	 21	 1313.9	   11.4	
  198	  19.80	  -37.6	 1346.0	  -97.3	    0.0	    0.0	    0.0	    0.0	    0.0	    0.0	    0.0	    0.0	  100.0	   41.5	    0.0	    0.0	    0.0	    0.0	    7.3	  1	  -50.0	 1250.0	   41.5	    0.0	    0.0	1	   81.3	 21	 1313.4	   11.3	
  199	  19.90	  -37.6	 1346.0	  -97.3	    0.0	    0.0	    0.0	    0.0	    0.0	    0.0	    0.0	    0.0	  100.0	   41.3	    0.0	    0.0	    0.0	    0.0	    7.4	  1	  -50.0	 1250.0	   41.3	    0.0	    0.0	1	   81.3	 21	 1313.0	   11.3	
  200	  20.00	  -37.6	 1346.0	  -97.3	    0.0	    0.0	    0.0	    0.0	    0.0	    0.0	    0.0	    0.0	  100.0	   41.0	    0.0	    0.0	    0.0	    0.0	    7.4	  1	  -50.0	 1250.0	   41.0	    0.0	    0.0	1	   81.3	 21	 1312.5	   11.2	
  201	  20.10	  -37.6	 1346.0	  -97.3	    0.0	    0.0	    0.0	    0.0	    0.0	    0.0	    0.0	    0.0	  100.0	   40.7	    0.0	    0.0	    0.0	    0.0	    7.4	  1	  -50.0	 1250.0	   40.7	    0.0	    0.0	1	   81.3	 21	 1312.0	   11.2	
  202	  20.20	  -37.6	 1346.0	  -97.3	    0.0	    0.0	    0.0	    0.0	    0.0	    0.0	    0.0	    0.0	  100.0	   40.4	    0.0	    0.0	    0.0	    0.0	    7.5	  1	  -50.0	 1250.0	   40.4	    0.0	    0.0	1	   81.3	 21	 1311.6	   11.2	
  203	  20.30	  -37.6	 1346.0	  -97.3	    0.0	    0.0	    0.0	    0.0	    0.0	    0.0	    0.0	    0.0	  100.0	   40.1	    0.0	    0.0	    0.0	    0.0	    7.5	  1	  -50.0	 1250.0	   40.1	    0.0	    0.0	1	   81.3	 21	 1311.1	   11.1	
  204	  20.40	  -37.6	 1346.0	  -97.3	    0.0	    0.0	    0.0	    0.0	    0.0	    0.0	    0.0	    0.0	  100.0	   39.8	    0.0	    0.0	    0.0	    0.0	    7.5	  1	  -50.0	 1250.0	   39.8	    0.0	    0.0	1	   81.3	 21	 1310.6	   11.1	
  205	  20.50	  -37.6	 1346.0	  -97.3	    0.0	    0.0	    0.0	    0.0	    0.0	    0.0	    0.0	    0.0	  100.0	   39.5	    0.0	    0.0	    0.0	    0.0	    7.6	  1	  -50.0	 1250.0	   39.5	    0.0	    0.0	1	   81.3	 21	 1310.2	   11.0	
  206	  20.60	  -37.6	 1346.0	  -97.3	    0.0	    0.0	    0.0	    0.0	    0.0	    0.0	    0.0	    0.0	  100.0	   39.2	    0.0	    0.0	    0.0	    0.0	    7.6	  1	  -50.0	 1250.0	   39.2	    0.0	    0.0	1	   81.3	 21	 1309.7	   11.0	
  207	  20.70	  -37.6	 1346.0	  -97.3	    0.0	    0.0	    0.0	    0.0	    0.0	    0.0	    0.0	    0.0	  100.0	   38.9	    0.0	    0.0	    0.0	    0.0	    7.6	  1	  -50.0	 1250.0	   38.9	    0.0	    0.0	1	   81.3	 21	 1309.2	   10.9	
  208	  20.80	  -37.6	 1346.0	  -97.3	    0.0	    0.0	    0.0	    0.0	    0.0	    0.0	    0.0	    0.0	  100.0	   38.6	    0.0	    0.0	    0.0	    0.0	    7.7	  1	  -50.0	 1250.0	   38.6	    0.0	    0.0	1	   81.3	 21	 1308.8	   10.9	
  209	  20.90	  -37.6	 1346.0	  -97.3	    0.0	    0.0	    0.0	    0.0	    0.0	    0.0	    0.0	    0.0	  100.0	   38.3	    0.0	    0.0	    0.0	    0.0	    7.7	  1	  -50.0	 1250.0	   38.3	    0.0	    0.0	1	   81.3	 21	 1308.3	   10.8	
  210	  21.00	  -37.6	 1346.0	  -97.3	    0.0	    0.0	    0.0	    0.0	    0.0	    0.0	    0.0	    0.0	  100.0	   38.0	    0.0	    0.0	    0.0	    0.0	    7.8	  1	  -50.0	 1250.0	   38.0	    0.0	    0.0	1	   81.3	 21	 1307.9	   10.8	
  211	  21.10	  -37.6	 1346.0	  -97.3	    0.0	    0.0	    0.0	    0.0	    0.0	    0.0	    0.0	    0.0	  100.0	   37.7	    0.0	    0.0	    0.0	    0.0	    7.8	  1	  -50.0	 1250.0	   37.7	    0.0	    0.0	1	   81.3	 21	 1307.4	   10.7	
  212	  21.20	  -37.6	 1346.0	  -97.3	    0.0	    0.0	    0.0	    0.0	    0.0	    0.0	    0.0	    0.0	  100.0	   37.4	    0.0	    0.0	    0.0	    0.0	    7.8	  1	  -50.0	 1250.0	   37.4	    0.0	    0.0	1	   81.3	 21	 1306.9	   10.7	
  213	  21.30	  -37.6	 1346.0	  -97.3	    0.0	    0.0	    0.0	    0.0	    0.0	    0.0	    0.0	    0.0	  100.0	   37.1	    0.0	    0.0	    0.0	    0.0	    7.9	  1	  -50.0	 1250.0	   37.1	    0.0	    0.0	1	   81.3	 21	 1306.5	   10.6	
  214	  21.40	  -37.6	 1346.0	  -97.3	    0.0	    0.0	    0.0	    0.0	    0.0	    0.0	    0.0	    0.0	  100.0	   36.8	    0.0	    0.0	    0.0	    0.0	    7.9	  1	  -50.0	 1250.0	   36.8	    0.0	    0.0	1	   81.3	 21	 1306.0	   10.6	
  215	  21.50	  -37.6	 1346.0	  -97.3	    0.0	    0.0	    0.0	    0.0	    0.0	    0.0	    0.0	    0.0	  100.0	   36.5	    0.0	    0.0	    0.0	    0.0	    7.9	  1	  -50.0	 1250.0	   36.5	    0.0	    0.0	1	   81.3	 21	 1305.5	   10.6	
  216	  21.60	  -37.6	 1346.0	  -97.3	    0.0	    0.0	    0.0	    0.0	    0.0	    0.0	    0.0	    0.0	  100.0	   36.2	    0.0	    0.0	    0.0	    0.0	    8.0	  1	  -50.0	 1250.0	   36.2	    0.0	    0.0	1	   81.3	 21	 1305.1	   10.5	
  217	  21.70	  -37.6	 1346.0	  -97.3	    0.0	    0.0	    0.0	    0.0	    0.0	    0.0	    0.0	    0.0	  100.0	   35.9	    0.0	    0.0	    0.0	    0.0	    8.0	  1	  -50.0	 1250.0	   35.9	    0.0	    0.0	1	   81.3	 21	 1304.6	   10.5	
  218	  21.80	  -37.6	 1346.0	  -97.3	    0.0	    0.0	    0.0	    0.0	    0.0	    0.0	    0.0	    0.0	  100.0	   35.6	    0.0	    0.0	    0.0	    0.0	    8.1	  1	  -50.0	 1250.0	   35.6	    0.0	    0.0	1	   81.3	 21	 1304.1	   10.4	
  219	  21.90	  -37.6	 1346.0	  -97.3	    0.0	    0.0	    0.0	    0.0	    0.0	    0.0	    0.0	    0.0	  100.0	   35.3	    0.0	    0.0	    0.0	    0.0	    8.1	  1	  -50.0	 1250.0	   35.3	    0.0	    0.0	1	   81.3	 21	 1303.7	   10.4	
  220	  22.00	  -37.6	 1346.0	  -97.3	    0.0	    0.0	    0.0	    0.0	    0.0	    0.0	    0.0	    0.0	  100.0	   35.0	    0.0	    0.0	    0.0	    0.0	    8.1	  1	  -50.0	 1250.0	   35.0	    0.0	    0.0	1	   81.3	 21	 1303.2	   10.3	
  221	  22.10	  -37.6	 1346.0	  -97.3	    0.0	    0.0	    0.0	    0.0	    0.0	    0.0	    0.0	    0.0	  100.0	   34.7	    0.0	    0.0	    0.0	    0.0	    8.2	  1	  -50.0	 1250.0	   34.7	    0.0	    0.0	1	   81.3	 21	 1302.7	   10.3	
  222	  22.20	  -37.6	 1346.0	  -97.3	    0.0	    0.0	    0.0	    0.0	    0.0	    0.0	    0.0	    0.0	  100.0	   34.4	    0.0	    0.0	    0.0	    0.0	    8.2	  1	  -50.0	 1250.0	   34.4	    0.0	    0.0	1	   81.3	 21	 1302.3	   10.2	
  223	  22.30	  -37.6	 1346.0	  -97.3	    0.0	    0.0	    0.0	    0.0	    0.0	    0.0	    0.0	    0.0	  100.0	   34.1	    0.0	    0.0	    0.0	    0.0	    8.2	  1	  -50.0	 1250.0	   34.1	    0.0	    0.0	1	   81.3	 21	 1301.8	   10.2	
  224	  22.40	  -37.6	 1346.0	  -97.3	    0.0	    0.0	    0.0	    0.0	    0.0	    0.0	    0.0	    0.0	  100.0	   33.8	    0.0	    0.0	    0.0	    0.0	    8.3	  1	  -50.0	 1250.0	   33.8	    0.0	    0.0	1	   81.3	 21	 1301.4	   10.1	
  225	  22.50	  -37.6	 1346.0	  -97.3	    0.0	    0.0	    0.0	    0.0	    0.0	    0.0	    0.0	    0.0	  100.0	   33.5	    0.0	    0.0	    0.0	    0.0	    8.3	  1	  -50.0	 1250.0	   33.5	    0.0	    0.0	1	   81.3	 21	 1300.9	   10.1	
  226	  22.60	  -37.6	 1346.0	  -97.3	    0.0	    0.0	    0.0	    0.0	    0.0	    0.0	    0.0	    0.0	  100.0	   33.2	    0.0	    0.0	    0.0	    0.0	    8.3	  1	  -50.0	 1250.0	   33.2	    0.0	    0.0	1	   81.3	 21	 1300.4	   10.0	
  227	  22.70	  -37.6	 1346.0	  -97.3	    0.0	    0.0	    0.0	    0.0	    0.0	    0.0	    0.0	    0.0	  100.0	   32.9	    0.0	    0.0	    0.0	    0.0	    8.4	  1	  -50.0	 1250.0	   32.9	    0.0	    0.0	1	   81.3	 21	    0.0	   10.0	
  228	  22.80	  -37.6	 1346.0	  -97.3	    0.0	    0.0	    0.0	    0.0	    0.0	    0.0	    0.0	    0.0	  100.0	   32.6	    0.0	    0.0	    0.0	    0.0	    8.4	  1	  -50.0	 1250.0	   32.6	    0.0	    0.0	1	   81.3	 21	    0.0	    9.9	
  229	  22.90	  -37.6	 1346.0	  -97.3	    0.0	    0.0	    0.0	    0.0	    0.0	    0.0	    0.0	    0.0	  100.0	   32.3	    0.0	    0.0	    0.0	    0.0	    8.5	  1	  -50.0	 1250.0	   32.3	    0.0	    0.0	1	   81.3	 21	    0.0	    9.9	
  230	  23.00	  -37.6	 1346.0	  -97.3	    0.0	    0.0	    0.0	    0.0	    0.0	    0.0	    0.0	    0.0	  100.0	   32.0	    0.0	    0.0	    0.0	    0.0	    8.5	  1	  -50.0	 1250.0	   32.0	    0.0	    0.0	1	   81.3	 21	    0.0	    9.9	
  231	  23.10	  -37.6	 1346.0	  -97.3	    0.0	    0.0	    0.0	    0.0	    0.0	    0.0	    0.0	    0.0	  100.0	   31.7	    0.0	    0.0	    0.0	    0.0	    8.5	  1	  -50.0	 1250.0	   31.7	    0.0	    0.0	1	   81.3	 21	    0.0	    9.8	
  232	  23.20	  -37.6	 1346.0	  -97.3	    0.0	    0.0	    0.0	    0.0	    0.0	    0.0	    0.0	    0.0	  100.0	   31.4	    0.0	    0.0	    0.0	    0.0	    8.6	  1	  -50.0	 1250.0	   31.4	    0.0	    0.0	1	   81.3	 21	    0.0	    9.8	
  233	  23.30	  -37.6	 1346.0	  -97.3	    0.0	    0.0	    0.0	    0.0	    0.0	    0.0	    0.0	    0.0	  100.0	   31.1	    0.0	    0.0	    0.0	    0.0	    8.6	  1	  -50.0	 1250.0	   31.1	    0.0	    0.0	1	   81.3	 21	    0.0	    9.7	
  234	  23.40	  -37.6	 1346.0	  -97.3	    0.0	    0.0	    0.0	    0.0	    0.0	    0.0	    0.0	    0.0	  100.0	   30.8	    0.0	    0.0	    0.0	    0.0	    8.6	  1	  -50.0	 1250.0	   30.8	    0.0	    0.0	1	   81.3	 21	    0.0	    9.7	
  235	  23.50	  -37.6	 1346.0	  -97.3	    0.0	    0.0	    0.0	    0.0	    0.0	    0.0	    0.0	    0.0	  100.0	   30.6	    0.0	    0.0	    0.0	    0.0	    8.7	  1	  -50.0	 1250.0	   30.6	    0.0	    0.0	1	   81.3	 21	    0.0	    9.6	
  236	  23.60	  -37.6	 1346.0	  -97.3	    0.0	    0.0	    0.0	    0.0	    0.0	    0.0	    0.0	    0.0	  100.0	   30.3	    0.0	    0.0	    0.0	    0.0	    8.7	  1	  -50.0	 1250.0	   30.3	    0.0	    0.0	1	   81.3	 21	    0.0	    9.6	
  237	  23.70	  -37.6	 1346.0	  -97.3	    0.0	    0.0	    0.0	    0.0	    0.0	    0.0	    0.0	    0.0	  100.0	   30.0	    0.0	    0.0	    0.0	    0.0	    8.8	  1	  -50.0	 1250.0	   30.0	    0.0	    0.0	1	   81.3	 21	    0.0	    9.5	
  238	  23.80	  -37.6	 1346.0	  -97.3	    0.0	    0.0	    0.0	    0.0	    0.0	    0.0	    0.0	    0.0	  100.0	   29.7	    0.0	    0.0	    0.0	    0.0	    8.8	  1	  -50.0	 1250.0	   29.7	    0.0	    0.0	1	   81.3	 21	    0.0	    9.5	
  239	  23.90	  -37.6	 1346.0	  -97.3	    0.0	    0.0	    0.0	    0.0	    0.0	    0.0	    0.0	    0.0	  100.0	   29.4	    0.0	    0.0	    0.0	    0.0	    8.8	  1	  -50.0	 1250.0	   29.4	    0.0	    0.0	1	   81.3	 21	    0.0	    9.4	
  240	  24.00	  -37.6	 1346.0	  -97.3	    0.0	    0.0	    0.0	    0.0	    0.0	    0.0	    0.0	    0.0	  100.0	   29.1	    0.0	    0.0	    0.0	    0.0	    8.9	  1	  -50.0	 1250.0	   29.1	    0.0	    0.0	1	   81.3	 21	    0.0	    9.4	
  241	  24.10	  -37.6	 1346.0	  -97.3	    0.0	    0.0	    0.0	    0.0	    0.0	    0.0	    0.0	    0.0	  100.0	   28.8	    0.0	    0.0	    0.0	    0.0	    8.9	  1	  -50.0	 1250.0	   28.8	    0.0	    0.0	1	   81.3	 21	    0.0	    9.3	
  242	  24.20	  -37.6	 1346.0	  -97.3	    0.0	    0.0	    0.0	    0.0	    0.0	    0.0	    0.0	    0.0	  100.0	   28.5	    0.0	    0.0	    0.0	    0.0	    8.9	  1	  -50.0	 1250.0	   28.5	    0.0	    0.0	1	   81.3	 21	    0.0	    9.3	
  243	  24.30	  -37.6	 1346.0	  -97.3	    0.0	    0.0	    0.0	    0.0	    0.0	    0.0	    0.0	    0.0	  100.0	   28.2	    0.0	    0.0	    0.0	    0.0	    9.0	  1	  -50.0	 1250.0	   28.2	    0.0	    0.0	1	   81.3	 21	    0.0	    9.3	
  244	  24.40	  -37.6	 1346.0	  -97.3	    0.0	    0.0	    0.0	    0.0	    0.0	    0.0	    0.0	    0.0	  100.0	   27.9	    0.0	    0.0	    0.0	    0.0	    9.0	  1	  -50.0	 1250.0	   27.9	    0.0	    0.0	1	   81.3	 21	    0.0	    9.2	
  245	  24.50	  -37.6	 1346.0	  -97.3	    0.0	    0.0	    0.0	    0.0	    0.0	    0.0	    0.0	    0.0	  100.0	   27.6	    0.0	    0.0	    0.0	    0.0	    9.1	  1	  -50.0	 1250.0	   27.6	    0.0	    0.0	1	   81.3	 21	    0.0	    9.2	
  246	  24.60	  -37.6	 1346.0	  -97.3	    0.0	    0.0	    0.0	    0.0	    0.0	    0.0	    0.0	    0.0	  100.0	   27.3	    0.0	    0.0	    0.0	    0.0	    9.1	  1	  -50.0	 1250.0	   27.3	    0.0	    0.0	1	   81.3	 21	    0.0	    9.1	
  247	  24.70	  -37.6	 1346.0	  -97.3	    0.0	    0.0	    0.0	    0.0	    0.0	    0.0	    0.0	    0.0	  100.0	   27.0	    0.0	    0.0	    0.0	    0.0	    9.1	  1	  -50.0	 1250.0	   27.0	    0.0	    0.0	1	   81.3	 21	    0.0	    9.1	
  248	  24.80	  -37.6	 1346.0	  -97.3	    0.0	    0.0	    0.0	    0.0	    0.0	    0.0	    0.0	    0.0	  100.0	   26.7	    0.0	    0.0	    0.0	    0.0	    9.2	  1	  -50.0	 1250.0	   26.7	    0.0	    0.0	1	   81.3	 21	    0.0	    9.0	
  249	  24.90	  -37.6	 1346.0	  -97.3	    0.0	    0.0	    0.0	    0.0	    0.0	    0.0	    0.0	    0.0	  100.0	   26.4	    0.0	    0.0	    0.0	    0.0	    9.2	  1	  -50.0	 1250.0	   26.4	    0.0	    0.0	1	   81.3	 21	    0.0	    9.0	
  250	  25.00	  -37.6	 1346.0	  -97.3	    0.0	    0.0	    0.0	    0.0	    0.0	    0.0	    0.0	    0.0	  100.0	   26.1	    0.0	    0.0	    0.0	    0.0	    9.2	  1	  -50.0	 1250.0	   26.1	    0.0	    0.0	1	   81.3	 21	    0.0	    8.9	
  251	  25.10	  -37.6	 1346.0	  -97.3	    0.0	    0.0	    0.0	    0.0	    0.0	    0.0	    0.0	    0.0	  100.0	   25.8	    0.0	    0.0	    0.0	    0.0	    9.3	  1	  -50.0	 1250.0	   25.8	    0.0	    0.0	1	   81.3	 21	    0.0	    8.9	
  252	  25.20	  -37.6	 1346.0	  -97.3	    0.0	    0.0	    0.0	    0.0	    0.0	    0.0	    0.0	    0.0	  100.0	   25.5	    0.0	    0.0	    0.0	    0.0	    9.3	  1	  -50.0	 1250.0	   25.5	    0.0	    0.0	1	   81.3	 21	    0.0	    8.8	
  253	  25.30	  -37.6	 1346.0	  -97.3	    0.0	    0.0	    0.0	    0.0	    0.0	    0.0	    0.0	    0.0	  100.0	   25.2	    0.0	    0.0	    0.0	    0.0	    9.3	  1	  -50.0	 1250.0	   25.2	    0.0	    0.0	1	   81.3	 21	    0.0	    8.8	
  254	  25.40	  -37.6	 1346.0	  -97.3	    0.0	    0.0	    0.0	    0.0	    0.0	    0.0	    0.0	    0.0	  100.0	   24.9	    0.0	    0.0	    0.0	    0.0	    9.4	  1	  -50.0	 1250.0	   24.9	    0.0	    0.0	1	   81.3	 21	    0.0	    8.7	
  255	  25.50	  -37.6	 1346.0	  -97.3	    0.0	    0.0	    0.0	    0.0	    0.0	    0.0	    0.0	    0.0	  100.0	   24.6	    0.0	    0.0	    0.0	    0.0	    9.4	  1	  -50.0	 1250.0	   24.6	    0.0	    0.0	1	   81.3	 21	    0.0	    8.7	
  256	  25.60	  -37.6	 1346.0	  -97.3	    0.0	    0.0	    0.0	    0.0	    0.0	    0.0	    0.0	    0.0	  100.0	   24.3	    0.0	    0.0	    0.0	    0.0	    9.5	  1	  -50.0	 1250.0	   24.3	    0.0	    0.0	1	   81.3	 21	    0.0	    8.7	
  257	  25.70	  -37.6	 1346.0	  -97.3	    0.0	    0.0	    0.0	    0.0	    0.0	    0.0	    0.0	    0.0	  100.0	   24.0	    0.0	    0.0	    0.0	    0.0	    9.5	  1	  -50.0	 1250.0	   24.0	    0.0	    0.0	1	   81.3	 21	    0.0	    8.6	
  258	  25.80	  -37.6	 1346.0	  -97.3	    0.0	    0.0	    0.0	    0.0	    0.0	    0.0	    0.0	    0.0	  100.0	   23.7	    0.0	    0.0	    0.0	    0.0	    9.5	  1	  -50.0	 1250.0	   23.7	    0.0	    0.0	1	   81.3	 21	    0.0	    8.6	
