    1	   6.70	    0.0	 1500.0	    0.0	    0.0	 1500.0	    0.0	  200.0	    0.0	 1500.0	    0.0	  200.0	  100.0	   99.7	    0.0	    0.0	    0.0	    0.0	    0.0	  1	-1000.0	 1550.0	   99.7	    0.0	    0.0	1	  512.3	 21	    0.0	    7.7	
    2	   6.80	    0.0	 1500.0	    0.0	    0.0	 1500.0	    0.0	  200.0	    0.0	 1500.0	    0.0	  200.0	  100.0	   99.2	    0.0	    0.0	    0.0	    0.0	    0.1	  1	-1000.0	 1550.0	   99.2	    0.0	    0.0	1	  419.1	 21	 1305.5	   10.5	
    3	   6.90	    0.0	 1500.0	    0.0	    0.0	 1500.0	    0.0	  200.0	    0.0	 1500.0	    0.0	  200.0	  100.0	   98.7	    0.0	    0.0	    0.0	    0.0	    0.1	  1	-1000.0	 1550.0	   98.7	    0.0	    0.0	1	  418.6	 21	 1305.2	   10.5	
    4	   7.00	    0.0	 1500.0	    0.0	    0.0	 1500.0	    0.0	  200.0	    0.0	 1500.0	    0.0	  200.0	  100.0	   98.2	    0.0	    0.0	    0.0	    0.0	    0.2	  1	-1000.0	 1550.0	   98.2	    0.0	    0.0	1	  418.0	 21	 1304.9	   10.5	
    5	   7.10	    0.0	 1500.0	    0.0	    0.0	 1500.0	    0.0	  200.0	    0.0	 1500.0	    0.0	  200.0	  100.0	   97.7	    0.0	    0.0	    0.0	    0.0	    0.2	  1	-1000.0	 1550.0	   97.7	    0.0	    0.0	1	  417.5	 21	 1304.6	   10.5	
    6	   7.20	    0.0	 1500.0	    0.0	    0.0	 1500.0	    0.0	  200.0	    0.0	 1500.0	    0.0	  200.0	  100.0	   97.2	    0.0	    0.0	    0.0	    0.0	    0.2	  1	-1000.0	 1550.0	   97.2	    0.0	    0.0	1	  416.9	 21	 1304.3	   10.4	
    7	   7.30	    0.0	 1500.0	    0.0	    0.0	 1500.0	    0.0	  200.0	    0.0	 1500.0	    0.0	  200.0	  100.0	   96.7	    0.0	    0.0	    0.0	    0.0	    0.3	  1	-1000.0	 1550.0	   96.7	    0.0	    0.0	1	  416.4	 21	 1304.0	   10.4	
    8	   7.40	    0.0	 1500.0	    0.0	    0.0	 1500.0	    0.0	  200.0	    0.0	 1500.0	    0.0	  200.0	  100.0	   96.2	    0.0	    0.0	    0.0	    0.0	    0.3	  1	-1000.0	 1550.0	   96.2	    0.0	    0.0	1	  415.9	 21	 1303.8	   10.4	
    9	   7.50	    0.0	 1500.0	    0.0	    0.0	 1500.0	    0.0	  200.0	    0.0	 1500.0	    0.0	  200.0	  100.0	   95.7	    0.0	    0.0	    0.0	    0.0	    0.3	  1	-1000.0	 1550.0	   95.7	    0.0	    0.0	1	  415.3	 21	 1303.5	   10.3	
   10	   7.60	    0.0	 1500.0	    0.0	    0.0	 1500.0	    0.0	  200.0	    0.0	 1500.0	    0.0	  200.0	  100.0	   95.2	    0.0	    0.0	    0.0	    0.0	    0.4	  1	-1000.0	 1550.0	   95.2	    0.0	    0.0	1	  414.8	 21	 1303.2	   10.3	
   11	   7.70	    0.0	 1500.0	    0.0	    0.0	 1500.0	    0.0	  200.0	    0.0	 1500.0	    0.0	  200.0	  100.0	   94.7	    0.0	    0.0	    0.0	    0.0	    0.4	  1	-1000.0	 1550.0	   94.7	    0.0	    0.0	1	  414.2	 21	 1302.9	   10.3	
   12	   7.80	    0.0	 1500.0	    0.0	    0.0	 1500.0	    0.0	  200.0	    0.0	 1500.0	    0.0	  200.0	  100.0	   94.2	    0.0	    0.0	    0.0	    0.0	    0.5	  1	-1000.0	 1550.0	   94.2	    0.0	    0.0	1	  413.7	 21	 1302.6	   10.3	
   13	   7.90	    0.0	 1500.0	    0.0	    0.0	 1500.0	    0.0	  200.0	    0.0	 1500.0	    0.0	  200.0	  100.0	   93.7	    0.0	    0.0	    0.0	    0.0	    0.5	  1	-1000.0	 1550.0	   93.7	    0.0	    0.0	1	  413.1	 21	 1302.4	   10.2	
   14	   8.00	    0.0	 1500.0	    0.0	    0.0	 1500.0	    0.0	  200.0	    0.0	 1500.0	    0.0	  200.0	  100.0	   93.2	    0.0	    0.0	    0.0	    0.0	    0.5	  1	-1000.0	 1550.0	   93.2	    0.0	    0.0	1	  412.6	 21	 1302.1	   10.2	
   15	   8.10	    0.0	 1500.0	    0.0	    0.0	 1500.0	    0.0	  200.0	    0.0	 1500.0	    0.0	  200.0	  100.0	   92.7	    0.0	    0.0	    0.0	    0.0	    0.6	  1	-1000.0	 1550.0	   92.7	    0.0	    0.0	1	  412.1	 21	 1301.8	   10.2	
   16	   8.20	    0.0	 1500.0	    0.0	    0.0	 1500.0	    0.0	  200.0	    0.0	 1500.0	    0.0	  200.0	  100.0	   92.2	    0.0	    0.0	    0.0	    0.0	    0.6	  1	-1000.0	 1550.0	   92.2	    0.0	    0.0	1	  411.5	 21	 1301.5	   10.2	
   17	   8.30	    0.0	 1500.0	    0.0	    0.0	 1500.0	    0.0	  200.0	    0.0	 1500.0	    0.0	  200.0	  100.0	   91.7	    0.0	    0.0	    0.0	    0.0	    0.6	  1	-1000.0	 1550.0	   91.7	    0.0	    0.0	1	  411.0	 21	 1301.2	   10.1	
   18	   8.40	    0.0	 1500.0	    0.0	    0.0	 1500.0	    0.0	  200.0	    0.0	 1500.0	    0.0	  200.0	  100.0	   91.2	    0.0	    0.0	    0.0	    0.0	    0.7	  1	-1000.0	 1550.0	   91.2	    0.0	    0.0	1	  410.4	 21	 1300.9	   10.1	
   19	   8.50	    0.0	 1500.0	    0.0	    0.0	 1500.0	    0.0	  200.0	    0.0	 1500.0	    0.0	  200.0	  100.0	   90.7	    0.0	    0.0	    0.0	    0.0	    0.7	  1	-1000.0	 1550.0	   90.7	    0.0	    0.0	1	  409.9	 21	 1300.7	   10.1	
   20	   8.60	    0.0	 1500.0	    0.0	    0.0	 1500.0	    0.0	  200.0	    0.0	 1500.0	    0.0	  200.0	  100.0	   90.2	    0.0	    0.0	    0.0	    0.0	    0.8	  1	-1000.0	 1550.0	   90.2	    0.0	    0.0	1	  409.3	 21	 1300.4	   10.0	
   21	   8.70	    0.0	 1500.0	    0.0	    0.0	 1500.0	    0.0	  200.0	    0.0	 1500.0	    0.0	  200.0	  100.0	   89.7	    0.0	    0.0	    0.0	    0.0	    0.8	  1	-1000.0	 1550.0	   89.7	    0.0	    0.0	1	  408.8	 21	 1300.1	   10.0	
   22	   8.80	    0.0	 1500.0	    0.0	    0.0	 1500.0	    0.0	  200.0	    0.0	 1500.0	    0.0	  200.0	  100.0	   89.2	    0.0	    0.0	    0.0	    0.0	    0.8	  1	-1000.0	 1550.0	   89.2	    0.0	    0.0	1	  408.2	 21	    0.0	   10.0	
   23	   8.90	    0.0	 1500.0	    0.0	    0.0	 1500.0	    0.0	  200.0	    0.0	 1500.0	    0.0	  200.0	  100.0	   88.7	    0.0	    0.0	    0.0	    0.0	    0.9	  1	-1000.0	 1550.0	   88.7	    0.0	    0.0	1	  407.7	 21	    0.0	   10.0	
   24	   9.00	    0.0	 1500.0	    0.0	    0.0	 1500.0	    0.0	  200.0	    0.0	 1500.0	    0.0	  200.0	  100.0	   88.2	    0.0	    0.0	    0.0	    0.0	    0.9	  1	-1000.0	 1550.0	   88.2	    0.0	    0.0	1	  407.1	 21	    0.0	    9.9	
   25	   9.10	    0.0	 1500.0	    0.0	    0.0	 1500.0	    0.0	  200.0	    0.0	 1500.0	    0.0	  200.0	  100.0	   87.7	    0.0	    0.0	    0.0	    0.0	    0.9	  1	-1000.0	 1550.0	   87.7	    0.0	    0.0	1	  406.6	 21	    0.0	    9.9	
   26	   9.20	    0.0	 1500.0	    0.0	    0.0	 1500.0	    0.0	  200.0	    0.0	 1500.0	    0.0	  200.0	  100.0	   87.2	    0.0	    0.0	    0.0	    0.0	    1.0	  1	-1000.0	 1550.0	   87.2	    0.0	    0.0	1	  406.0	 21	    0.0	    9.9	
   27	   9.30	    0.0	 1500.0	    0.0	    0.0	 1500.0	    0.0	  200.0	    0.0	 1500.0	    0.0	  200.0	  100.0	   86.7	    0.0	    0.0	    0.0	    0.0	    1.0	  1	-1000.0	 1550.0	   86.7	    0.0	    0.0	1	  405.4	 21	    0.0	    9.8	
   28	   9.40	    0.0	 1500.0	    0.0	    0.0	 1500.0	    0.0	  200.0	    0.0	 1500.0	    0.0	  200.0	  100.0	   86.2	    0.0	    0.0	    0.0	    0.0	    1.1	  1	-1000.0	 1550.0	   86.2	    0.0	    0.0	1	  404.9	 21	    0.0	    9.8	
   29	   9.50	    0.0	 1500.0	    0.0	    0.0	 1500.0	    0.0	  200.0	    0.0	 1500.0	    0.0	  200.0	  100.0	   85.7	    0.0	    0.0	    0.0	    0.0	    1.1	  1	-1000.0	 1550.0	   85.7	    0.0	    0.0	1	  404.3	 21	    0.0	    9.8	
   30	   9.60	    0.0	 1500.0	    0.0	    0.0	 1500.0	    0.0	  200.0	    0.0	 1500.0	    0.0	  200.0	  100.0	   85.2	    0.0	    0.0	    0.0	    0.0	    1.1	  1	-1000.0	 1550.0	   85.2	    0.0	    0.0	1	  403.8	 21	    0.0	    9.8	
   31	   9.70	    0.0	 1500.0	    0.0	    0.0	 1500.0	    0.0	  200.0	    0.0	 1500.0	    0.0	  200.0	  100.0	   84.7	    0.0	    0.0	    0.0	    0.0	    1.2	  1	-1000.0	 1550.0	   84.7	    0.0	    0.0	1	  403.2	 21	    0.0	    9.7	
   32	   9.80	    0.0	 1500.0	    0.0	    0.0	 1500.0	    0.0	  200.0	    0.0	 1500.0	    0.0	  200.0	  100.0	   84.2	    0.0	    0.0	    0.0	    0.0	    1.2	  1	-1000.0	 1550.0	   84.2	    0.0	    0.0	1	  402.6	 21	    0.0	    9.7	
   33	   9.90	    0.0	 1500.0	    0.0	    0.0	 1500.0	    0.0	  200.0	    0.0	 1500.0	    0.0	  200.0	  100.0	   83.7	    0.0	    0.0	    0.0	    0.0	    1.3	  1	-1000.0	 1550.0	   83.7	    0.0	    0.0	1	  402.1	 21	    0.0	    9.7	
   34	  10.00	    0.0	 1500.0	    0.0	    0.0	 1500.0	    0.0	  200.0	    0.0	 1500.0	    0.0	  200.0	  100.0	   83.2	    0.0	    0.0	    0.0	    0.0	    1.3	  1	-1000.0	 1550.0	   83.2	    0.0	    0.0	1	  401.5	 21	    0.0	    9.6	
   35	  10.10	    0.0	 1500.0	    0.0	    0.0	 1500.0	    0.0	  200.0	    0.0	 1500.0	    0.0	  200.0	  100.0	   82.7	    0.0	    0.0	    0.0	    0.0	    1.3	  1	-1000.0	 1550.0	   82.7	    0.0	    0.0	1	  401.0	 21	    0.0	    9.6	
   36	  10.20	    0.0	 1500.0	    0.0	    0.0	 1500.0	    0.0	  200.0	    0.0	 1500.0	    0.0	  200.0	  100.0	   82.2	    0.0	    0.0	    0.0	    0.0	    1.4	  1	-1000.0	 1550.0	   82.2	    0.0	    0.0	1	  400.4	 21	    0.0	    9.6	
   37	  10.30	    0.0	 1500.0	    0.0	    0.0	 1500.0	    0.0	  200.0	    0.0	 1500.0	    0.0	  200.0	  100.0	   81.7	    0.0	    0.0	    0.0	    0.0	    1.4	  1	-1000.0	 1550.0	   81.7	    0.0	    0.0	1	  399.8	 21	    0.0	    9.6	
   38	  10.40	    0.0	 1500.0	    0.0	    0.0	 1500.0	    0.0	  200.0	    0.0	 1500.0	    0.0	  200.0	  100.0	   81.2	    0.0	    0.0	    0.0	    0.0	    1.4	  1	-1000.0	 1550.0	   81.2	    0.0	    0.0	1	  399.3	 21	    0.0	    9.5	
   39	  10.50	    0.0	 1500.0	    0.0	    0.0	 1500.0	    0.0	  200.0	    0.0	 1500.0	    0.0	  200.0	  100.0	   80.7	    0.0	    0.0	    0.0	    0.0	    1.5	  1	-1000.0	 1550.0	   80.7	    0.0	    0.0	1	  398.7	 21	    0.0	    9.5	
   40	  10.60	    0.0	 1500.0	    0.0	    0.0	 1500.0	    0.0	  200.0	    0.0	 1500.0	    0.0	  200.0	  100.0	   80.2	    0.0	    0.0	    0.0	    0.0	    1.5	  1	-1000.0	 1550.0	   80.2	    0.0	    0.0	1	  398.1	 21	    0.0	    9.5	
   41	  10.70	    0.0	 1500.0	    0.0	    0.0	 1500.0	    0.0	  200.0	    0.0	 1500.0	    0.0	  200.0	  100.0	   79.7	    0.0	    0.0	    0.0	    0.0	    1.6	  1	-1000.0	 1550.0	   79.7	    0.0	    0.0	1	  397.6	 21	    0.0	    9.4	
   42	  10.80	    0.0	 1500.0	    0.0	    0.0	 1500.0	    0.0	  200.0	    0.0	 1500.0	    0.0	  200.0	  100.0	   79.2	    0.0	    0.0	    0.0	    0.0	    1.6	  1	-1000.0	 1550.0	   79.2	    0.0	    0.0	1	  397.0	 21	    0.0	    9.4	
   43	  10.90	    0.0	 1500.0	    0.0	    0.0	 1500.0	    0.0	  200.0	    0.0	 1500.0	    0.0	  200.0	  100.0	   78.7	    0.0	    0.0	    0.0	    0.0	    1.6	  1	-1000.0	 1550.0	   78.7	    0.0	    0.0	1	  396.4	 21	    0.0	    9.4	
   44	  11.00	    0.0	 1500.0	    0.0	    0.0	 1500.0	    0.0	  200.0	    0.0	 1500.0	    0.0	  200.0	  100.0	   78.2	    0.0	    0.0	    0.0	    0.0	    1.7	  1	-1000.0	 1550.0	   78.2	    0.0	    0.0	1	  395.9	 21	    0.0	    9.4	
   45	  11.10	    0.0	 1500.0	    0.0	    0.0	 1500.0	    0.0	  200.0	    0.0	 1500.0	    0.0	  200.0	  100.0	   77.7	    0.0	    0.0	    0.0	    0.0	    1.7	  1	-1000.0	 1550.0	   77.7	    0.0	    0.0	1	  395.3	 21	    0.0	    9.3	
   46	  11.20	    0.0	 1500.0	    0.0	    0.0	 1500.0	    0.0	  200.0	    0.0	 1500.0	    0.0	  200.0	  100.0	   77.2	    0.0	    0.0	    0.0	    0.0	    1.7	  1	-1000.0	 1550.0	   77.2	    0.0	    0.0	1	  394.7	 21	    0.0	    9.3	
   47	  11.30	    0.0	 1500.0	    0.0	    0.0	 1500.0	    0.0	  200.0	    0.0	 1500.0	    0.0	  200.0	  100.0	   76.7	    0.0	    0.0	    0.0	    0.0	    1.8	  1	-1000.0	 1550.0	   76.7	    0.0	    0.0	1	  394.2	 21	    0.0	    9.3	
   48	  11.40	    0.0	 1500.0	    0.0	    0.0	 1500.0	    0.0	  200.0	    0.0	 1500.0	    0.0	  200.0	  100.0	   76.2	    0.0	    0.0	    0.0	    0.0	    1.8	  1	-1000.0	 1550.0	   76.2	    0.0	    0.0	1	  393.6	 21	    0.0	    9.2	
   49	  11.50	    0.0	 1500.0	    0.0	    0.0	 1500.0	    0.0	  200.0	    0.0	 1500.0	    0.0	  200.0	  100.0	   75.7	    0.0	    0.0	    0.0	    0.0	    1.9	  1	-1000.0	 1550.0	   75.7	    0.0	    0.0	1	  393.0	 21	    0.0	    9.2	
   50	  11.60	    0.0	 1500.0	    0.0	    0.0	 1500.0	    0.0	  200.0	    0.0	 1500.0	    0.0	  200.0	  100.0	   75.2	    0.0	    0.0	    0.0	    0.0	    1.9	  1	-1000.0	 1550.0	   75.2	    0.0	    0.0	1	  392.4	 21	    0.0	    9.2	
   51	  11.70	    0.0	 1500.0	    0.0	    0.0	 1500.0	    0.0	  200.0	    0.0	 1500.0	    0.0	  200.0	  100.0	   74.7	    0.0	    0.0	    0.0	    0.0	    1.9	  1	-1000.0	 1550.0	   74.7	    0.0	    0.0	1	  391.9	 21	    0.0	    9.2	
   52	  11.80	    0.0	 1500.0	    0.0	    0.0	 1500.0	    0.0	  200.0	    0.0	 1500.0	    0.0	  200.0	  100.0	   74.2	    0.0	    0.0	    0.0	    0.0	    2.0	  1	-1000.0	 1550.0	   74.2	    0.0	    0.0	1	  391.3	 21	    0.0	    9.1	
   53	  11.90	    0.0	 1500.0	    0.0	    0.0	 1500.0	    0.0	  200.0	    0.0	 1500.0	    0.0	  200.0	  100.0	   73.7	    0.0	    0.0	    0.0	    0.0	    2.0	  1	-1000.0	 1550.0	   73.7	    0.0	    0.0	1	  390.7	 21	    0.0	    9.1	
   54	  12.00	    0.0	 1500.0	    0.0	    0.0	 1500.0	    0.0	  200.0	    0.0	 1500.0	    0.0	  200.0	  100.0	   73.2	    0.0	    0.0	    0.0	    0.0	    2.1	  1	-1000.0	 1550.0	   73.2	    0.0	    0.0	1	  390.1	 21	    0.0	    9.1	
   55	  12.10	    0.0	 1500.0	    0.0	    0.0	 1500.0	    0.0	  200.0	    0.0	 1500.0	    0.0	  200.0	  100.0	   72.7	    0.0	    0.0	    0.0	    0.0	    2.1	  1	-1000.0	 1550.0	   72.7	    0.0	    0.0	1	  389.5	 21	    0.0	    9.1	
   56	  12.20	    0.0	 1500.0	    0.0	    0.0	 1500.0	    0.0	  200.0	    0.0	 1500.0	    0.0	  200.0	  100.0	   72.2	    0.0	    0.0	    0.0	    0.0	    2.1	  1	-1000.0	 1550.0	   72.2	    0.0	    0.0	1	  389.0	 21	    0.0	    9.0	
   57	  12.30	    0.0	 1500.0	    0.0	    0.0	 1500.0	    0.0	  200.0	    0.0	 1500.0	    0.0	  200.0	  100.0	   71.7	    0.0	    0.0	    0.0	    0.0	    2.2	  1	-1000.0	 1550.0	   71.7	    0.0	    0.0	1	  388.4	 21	    0.0	    9.0	
   58	  12.40	    0.0	 1500.0	    0.0	    0.0	 1500.0	    0.0	  200.0	    0.0	 1500.0	    0.0	  200.0	  100.0	   71.2	    0.0	    0.0	    0.0	    0.0	    2.2	  1	-1000.0	 1550.0	   71.2	    0.0	    0.0	1	  387.8	 21	    0.0	    9.0	
   59	  12.50	    0.0	 1500.0	    0.0	    0.0	 1500.0	    0.0	  200.0	    0.0	 1500.0	    0.0	  200.0	  100.0	   70.7	    0.0	    0.0	    0.0	    0.0	    2.2	  1	-1000.0	 1550.0	   70.7	    0.0	    0.0	1	  387.2	 21	    0.0	    8.9	
   60	  12.60	    0.0	 1500.0	    0.0	    0.0	 1500.0	    0.0	  200.0	    0.0	 1500.0	    0.0	  200.0	  100.0	   70.2	    0.0	    0.0	    0.0	    0.0	    2.3	  1	-1000.0	 1550.0	   70.2	    0.0	    0.0	1	  386.6	 21	    0.0	    8.9	
   61	  12.70	    0.0	 1500.0	    0.0	    0.0	 1500.0	    0.0	  200.0	    0.0	 1500.0	    0.0	  200.0	  100.0	   69.7	    0.0	    0.0	    0.0	    0.0	    2.3	  1	-1000.0	 1550.0	   69.7	    0.0	    0.0	1	  386.1	 21	    0.0	    8.9	
   62	  12.80	    0.0	 1500.0	    0.0	    0.0	 1500.0	    0.0	  200.0	    0.0	 1500.0	    0.0	  200.0	  100.0	   69.2	    0.0	    0.0	    0.0	    0.0	    2.4	  1	-1000.0	 1550.0	   69.2	    0.0	    0.0	1	  385.5	 21	    0.0	    8.9	
   63	  12.90	    0.0	 1500.0	    0.0	    0.0	 1500.0	    0.0	  200.0	    0.0	 1500.0	    0.0	  200.0	  100.0	   68.7	    0.0	    0.0	    0.0	    0.0	    2.4	  1	-1000.0	 1550.0	   68.7	    0.0	    0.0	1	  384.9	 21	    0.0	    8.8	
   64	  13.00	    0.0	 1500.0	    0.0	    0.0	 1500.0	    0.0	  200.0	    0.0	 1500.0	    0.0	  200.0	  100.0	   68.2	    0.0	    0.0	    0.0	    0.0	    2.4	  1	-1000.0	 1550.0	   68.2	    0.0	    0.0	1	  384.3	 21	    0.0	    8.8	
   65	  13.10	    0.0	 1500.0	    0.0	    0.0	 1500.0	    0.0	  200.0	    0.0	 1500.0	    0.0	  200.0	  100.0	   67.7	    0.0	    0.0	    0.0	    0.0	    2.5	  1	-1000.0	 1550.0	   67.7	    0.0	    0.0	1	  383.7	 21	    0.0	    8.8	
   66	  13.20	    0.0	 1500.0	    0.0	    0.0	 1500.0	    0.0	  200.0	    0.0	 1500.0	    0.0	  200.0	  100.0	   67.2	    0.0	    0.0	    0.0	    0.0	    2.5	  1	-1000.0	 1550.0	   67.2	    0.0	    0.0	1	  383.1	 21	    0.0	    8.7	
   67	  13.30	    0.0	 1500.0	    0.0	    0.0	 1500.0	    0.0	  200.0	    0.0	 1500.0	    0.0	  200.0	  100.0	   66.7	    0.0	    0.0	    0.0	    0.0	    2.5	  1	-1000.0	 1550.0	   66.7	    0.0	    0.0	1	  382.6	 21	    0.0	    8.7	
   68	  13.40	    0.0	 1500.0	    0.0	    0.0	 1500.0	    0.0	  200.0	    0.0	 1500.0	    0.0	  200.0	  100.0	   66.2	    0.0	    0.0	    0.0	    0.0	    2.6	  1	-1000.0	 1550.0	   66.2	    0.0	    0.0	1	  382.0	 21	    0.0	    8.7	
   69	  13.50	    0.0	 1500.0	    0.0	    0.0	 1500.0	    0.0	  200.0	    0.0	 1500.0	    0.0	  200.0	  100.0	   65.7	    0.0	    0.0	    0.0	    0.0	    2.6	  1	-1000.0	 1550.0	   65.7	    0.0	    0.0	1	  381.4	 21	    0.0	    8.7	
   70	  13.60	    0.0	 1500.0	    0.0	    0.0	 1500.0	    0.0	  200.0	    0.0	 1500.0	    0.0	  200.0	  100.0	   65.2	    0.0	    0.0	    0.0	    0.0	    2.7	  1	-1000.0	 1550.0	   65.2	    0.0	    0.0	1	  380.8	 21	    0.0	    8.6	
   71	  13.70	    0.0	 1500.0	    0.0	    0.0	 1500.0	    0.0	  200.0	    0.0	 1500.0	    0.0	  200.0	  100.0	   64.7	    0.0	    0.0	    0.0	    0.0	    2.7	  1	-1000.0	 1550.0	   64.7	    0.0	    0.0	1	  380.2	 21	    0.0	    8.6	
   72	  13.80	    0.0	 1500.0	    0.0	    0.0	 1500.0	    0.0	  200.0	    0.0	 1500.0	    0.0	  200.0	  100.0	   64.2	    0.0	    0.0	    0.0	    0.0	    2.7	  1	-1000.0	 1550.0	   64.2	    0.0	    0.0	1	  379.6	 21	    0.0	    8.6	
   73	  13.90	    0.0	 1500.0	    0.0	    0.0	 1500.0	    0.0	  200.0	    0.0	 1500.0	    0.0	  200.0	  100.0	   63.7	    0.0	    0.0	    0.0	    0.0	    2.8	  1	-1000.0	 1550.0	   63.7	    0.0	    0.0	1	  379.0	 21	    0.0	    8.5	
   74	  14.00	    0.0	 1500.0	    0.0	    0.0	 1500.0	    0.0	  200.0	    0.0	 1500.0	    0.0	  200.0	  100.0	   63.2	    0.0	    0.0	    0.0	    0.0	    2.8	  1	-1000.0	 1550.0	   63.2	    0.0	    0.0	1	  378.4	 21	    0.0	    8.5	
   75	  14.10	    0.0	 1500.0	    0.0	    0.0	 1500.0	    0.0	  200.0	    0.0	 1500.0	    0.0	  200.0	  100.0	   62.7	    0.0	    0.0	    0.0	    0.0	    2.9	  1	-1000.0	 1550.0	   62.7	    0.0	    0.0	1	  377.8	 21	    0.0	    8.5	
   76	  14.20	    0.0	 1500.0	    0.0	    0.0	 1500.0	    0.0	  200.0	    0.0	 1500.0	    0.0	  200.0	  100.0	   62.2	    0.0	    0.0	    0.0	    0.0	    2.9	  1	-1000.0	 1550.0	   62.2	    0.0	    0.0	1	  377.3	 21	    0.0	    8.5	
   77	  14.30	    0.0	 1500.0	    0.0	    0.0	 1500.0	    0.0	  200.0	    0.0	 1500.0	    0.0	  200.0	  100.0	   61.7	    0.0	    0.0	    0.0	    0.0	    2.9	  1	-1000.0	 1550.0	   61.7	    0.0	    0.0	1	  376.7	 21	    0.0	    8.4	
   78	  14.40	    0.0	 1500.0	    0.0	    0.0	 1500.0	    0.0	  200.0	    0.0	 1500.0	    0.0	  200.0	  100.0	   61.2	    0.0	    0.0	    0.0	    0.0	    3.0	  1	-1000.0	 1550.0	   61.2	    0.0	    0.0	1	  376.1	 21	    0.0	    8.4	
   79	  14.50	    0.0	 1500.0	    0.0	    0.0	 1500.0	    0.0	  200.0	    0.0	 1500.0	    0.0	  200.0	  100.0	   60.7	    0.0	    0.0	    0.0	    0.0	    3.0	  1	-1000.0	 1550.0	   60.7	    0.0	    0.0	1	  375.5	 21	    0.0	    8.4	
   80	  14.60	    0.0	 1500.0	    0.0	    0.0	 1500.0	    0.0	  200.0	    0.0	 1500.0	    0.0	  200.0	  100.0	   60.2	    0.0	    0.0	    0.0	    0.0	    3.0	  1	-1000.0	 1550.0	   60.2	    0.0	    0.0	1	  374.9	 21	    0.0	    8.3	
   81	  14.70	    0.0	 1500.0	    0.0	    0.0	 1500.0	    0.0	  200.0	    0.0	 1500.0	    0.0	  200.0	  100.0	   59.7	    0.0	    0.0	    0.0	    0.0	    3.1	  1	-1000.0	 1550.0	   59.7	    0.0	    0.0	1	  374.3	 21	    0.0	    8.3	
   82	  14.80	    0.0	 1500.0	    0.0	    0.0	 1500.0	    0.0	  200.0	    0.0	 1500.0	    0.0	  200.0	  100.0	   59.2	    0.0	    0.0	    0.0	    0.0	    3.1	  1	-1000.0	 1550.0	   59.2	    0.0	    0.0	1	  373.7	 21	    0.0	    8.3	
   83	  14.90	    0.0	 1500.0	    0.0	    0.0	 1500.0	    0.0	  200.0	    0.0	 1500.0	    0.0	  200.0	  100.0	   58.7	    0.0	    0.0	    0.0	    0.0	    3.2	  1	-1000.0	 1550.0	   58.7	    0.0	    0.0	1	  373.1	 21	    0.0	    8.3	
   84	  15.00	    0.0	 1500.0	    0.0	    0.0	 1500.0	    0.0	  200.0	    0.0	 1500.0	    0.0	  200.0	  100.0	   58.2	    0.0	    0.0	    0.0	    0.0	    3.2	  1	-1000.0	 1550.0	   58.2	    0.0	    0.0	1	  372.5	 21	    0.0	    8.2	
   85	  15.10	    0.0	 1500.0	    0.0	    0.0	 1500.0	    0.0	  200.0	    0.0	 1500.0	    0.0	  200.0	  100.0	   57.7	    0.0	    0.0	    0.0	    0.0	    3.2	  1	-1000.0	 1550.0	   57.7	    0.0	    0.0	1	  371.9	 21	    0.0	    8.2	
   86	  15.20	    0.0	 1500.0	    0.0	    0.0	 1500.0	    0.0	  200.0	    0.0	 1500.0	    0.0	  200.0	  100.0	   57.2	    0.0	    0.0	    0.0	    0.0	    3.3	  1	-1000.0	 1550.0	   57.2	    0.0	    0.0	1	  371.3	 21	    0.0	    8.2	
   87	  15.30	    0.0	 1500.0	    0.0	    0.0	 1500.0	    0.0	  200.0	    0.0	 1500.0	    0.0	  200.0	  100.0	   56.7	    0.0	    0.0	    0.0	    0.0	    3.3	  1	-1000.0	 1550.0	   56.7	    0.0	    0.0	1	  370.7	 21	    0.0	    8.1	
   88	  15.40	    0.0	 1500.0	    0.0	    0.0	 1500.0	    0.0	  200.0	    0.0	 1500.0	    0.0	  200.0	  100.0	   56.2	    0.0	    0.0	    0.0	    0.0	    3.3	  1	-1000.0	 1550.0	   56.2	    0.0	    0.0	1	  370.1	 21	    0.0	    8.1	
   89	  15.50	    0.0	 1500.0	    0.0	    0.0	 1500.0	    0.0	  200.0	    0.0	 1500.0	    0.0	  200.0	  100.0	   55.7	    0.0	    0.0	    0.0	    0.0	    3.4	  1	-1000.0	 1550.0	   55.7	    0.0	    0.0	1	  369.5	 21	    0.0	    8.1	
   90	  15.60	    0.0	 1500.0	    0.0	    0.0	 1500.0	    0.0	  200.0	    0.0	 1500.0	    0.0	  200.0	  100.0	   55.2	    0.0	    0.0	    0.0	    0.0	    3.4	  1	-1000.0	 1550.0	   55.2	    0.0	    0.0	1	  368.9	 21	    0.0	    8.1	
   91	  15.70	    0.0	 1500.0	    0.0	 1018.7	 1409.5	    0.0	  200.0	    0.0	 1500.0	    0.0	  200.0	  100.0	   55.2	    0.0	    0.0	    0.0	    0.3	    3.5	  1	 1000.0	 1150.0	   55.2	    0.0	    0.3	1	  456.6	 21	 1209.5	 -190.5	
   92	  15.80	    0.0	 1500.0	    0.0	 1019.6	 1409.2	    0.0	  200.0	    0.0	 1500.0	    0.0	  200.0	  100.0	   54.8	    0.0	    0.0	    0.0	    0.5	    3.5	  1	  950.0	  650.0	   54.8	    0.0	    0.5	1	  323.6	 21	 1343.5	   14.4	
   93	  15.90	    0.0	 1500.0	    0.0	 1019.6	 1409.2	    0.0	  200.0	    0.0	 1500.0	    0.0	  200.0	  100.0	   54.4	    0.0	    0.0	    0.0	    0.8	    3.5	  1	  950.0	  650.0	   54.4	    0.0	    0.8	1	  324.1	 21	 1343.4	   14.3	
   94	  16.00	    0.0	 1500.0	    0.0	 1019.6	 1409.2	    0.0	  200.0	    0.0	 1500.0	    0.0	  200.0	  100.0	   54.0	    0.0	    0.0	    0.0	    1.0	    3.6	  1	  950.0	  650.0	   54.0	    0.0	    1.0	1	  324.6	 21	 1343.2	   14.3	
   95	  16.10	    0.0	 1500.0	    0.0	 1019.6	 1409.2	    0.0	  200.0	    0.0	 1500.0	    0.0	  200.0	  100.0	   53.6	    0.0	    0.0	    0.0	    1.3	    3.6	  1	  950.0	  650.0	   53.6	    0.0	    1.3	1	  325.2	 21	 1343.1	   14.3	
   96	  16.20	    0.0	 1500.0	    0.0	 1019.6	 1409.2	    0.0	  200.0	    0.0	 1500.0	    0.0	  200.0	  100.0	   53.3	    0.0	    0.0	    0.0	    1.5	    3.6	  1	  950.0	  650.0	   53.3	    0.0	    1.5	1	  325.7	 21	 1343.0	   14.3	
   97	  16.30	    0.0	 1500.0	    0.0	 1019.6	 1409.2	    0.0	  200.0	    0.0	 1500.0	    0.0	  200.0	  100.0	   52.9	    0.0	    0.0	    0.0	    1.8	    3.7	  1	  950.0	  650.0	   52.9	    0.0	    1.8	1	  326.2	 21	 1342.8	   14.3	
   98	  16.40	    0.0	 1500.0	    0.0	 1019.6	 1409.2	    0.0	  200.0	    0.0	 1500.0	    0.0	  200.0	  100.0	   52.5	    0.0	    0.0	    0.0	    2.0	    3.7	  1	  950.0	  650.0	   52.5	    0.0	    2.0	1	  326.7	 21	 1342.7	   14.3	
   99	  16.50	    0.0	 1500.0	    0.0	 1019.6	 1406.5	    0.0	  200.0	    0.0	 1500.0	    0.0	  200.0	  100.0	   52.1	    0.0	    0.0	    0.0	    2.3	    3.8	  1	  950.0	  650.0	   52.1	    0.0	    2.3	1	  327.5	 21	 1342.6	   14.3	
  100	  16.60	    0.0	 1500.0	    0.0	 1019.6	 1406.5	    0.0	  200.0	    0.0	 1500.0	    0.0	  200.0	  100.0	   51.8	    0.0	    0.0	    0.0	    2.6	    3.8	  1	  950.0	  650.0	   51.8	    0.0	    2.6	1	  328.0	 21	 1342.5	   14.3	
  101	  16.70	    0.0	 1500.0	    0.0	 1019.6	 1406.5	    0.0	  200.0	    0.0	 1500.0	    0.0	  200.0	  100.0	   51.4	    0.0	    0.0	    0.0	    2.8	    3.8	  1	  950.0	  650.0	   51.4	    0.0	    2.8	1	  328.5	 21	 1342.4	   14.2	
  102	  16.80	    0.0	 1500.0	    0.0	 1019.6	 1409.2	    0.0	  200.0	    0.0	 1500.0	    0.0	  200.0	  100.0	   51.0	    0.0	    0.0	    0.0	    3.1	    3.9	  1	  950.0	  650.0	   51.0	    0.0	    3.1	1	  328.8	 21	 1342.4	   14.2	
  103	  16.90	    0.0	 1500.0	    0.0	 1019.6	 1406.5	    0.0	  200.0	    0.0	 1500.0	    0.0	  200.0	  100.0	   50.6	    0.0	    0.0	    0.0	    3.3	    3.9	  1	  950.0	  650.0	   50.6	    0.0	    3.3	1	  329.6	 21	 1342.3	   14.2	
  104	  17.00	    0.0	 1500.0	    0.0	 1019.6	 1406.5	    0.0	  200.0	    0.0	 1500.0	    0.0	  200.0	  100.0	   50.2	    0.0	    0.0	    0.0	    3.6	    4.0	  1	  950.0	  650.0	   50.2	    0.0	    3.6	1	  330.1	 21	 1342.3	   14.2	
  105	  17.10	    0.0	 1500.0	    0.0	 1019.6	 1406.5	    0.0	  200.0	    0.0	 1500.0	    0.0	  200.0	  100.0	   49.9	    0.0	    0.0	    0.0	    3.8	    4.0	  1	  950.0	  650.0	   49.9	    0.0	    3.8	1	  330.6	 21	 1342.2	   14.2	
  106	  17.20	    0.0	 1500.0	    0.0	 1019.6	 1406.5	    0.0	  200.0	    0.0	 1500.0	    0.0	  200.0	  100.0	   49.5	    0.0	    0.0	    0.0	    4.1	    4.0	  1	  950.0	  650.0	   49.5	    0.0	    4.1	1	  331.1	 21	 1342.2	   14.2	
  107	  17.30	    0.0	 1500.0	    0.0	 1019.6	 1406.5	    0.0	  200.0	    0.0	 1500.0	    0.0	  200.0	  100.0	   49.1	    0.0	    0.0	    0.0	    4.3	    4.1	  1	  950.0	  650.0	   49.1	    0.0	    4.3	1	  331.6	 21	 1342.1	   14.2	
  108	  17.40	    0.0	 1500.0	    0.0	 1019.6	 1406.5	    0.0	  200.0	    0.0	 1500.0	    0.0	  200.0	  100.0	   48.7	    0.0	    0.0	    0.0	    4.6	    4.1	  1	  950.0	  650.0	   48.7	    0.0	    4.6	1	  332.1	 21	 1342.1	   14.2	
  109	  17.50	    0.0	 1500.0	    0.0	 1019.6	 1406.5	    0.0	  200.0	    0.0	 1500.0	    0.0	  200.0	  100.0	   48.4	    0.0	    0.0	    0.0	    4.9	    4.1	  1	  950.0	  650.0	   48.4	    0.0	    4.9	1	  332.7	 21	 1342.1	   14.2	
  110	  17.60	    0.0	 1500.0	    0.0	 1020.2	 1405.4	    0.0	  200.0	    0.0	 1500.0	    0.0	  200.0	  100.0	   48.0	    0.0	    0.0	    0.0	    5.1	    4.2	  1	  950.0	  650.0	   48.0	    0.0	    5.1	1	  333.4	 21	 1342.1	   14.2	
  111	  17.70	    0.0	 1500.0	    0.0	 1020.2	 1405.4	    0.0	  200.0	    0.0	 1500.0	    0.0	  200.0	  100.0	   47.6	    0.0	    0.0	    0.0	    5.4	    4.2	  1	  950.0	  650.0	   47.6	    0.0	    5.4	1	  333.9	 21	 1342.1	   14.2	
  112	  17.80	    0.0	 1500.0	    0.0	 1020.2	 1405.4	    0.0	  200.0	    0.0	 1500.0	    0.0	  200.0	  100.0	   47.2	    0.0	    0.0	    0.0	    5.6	    4.3	  1	  950.0	  650.0	   47.2	    0.0	    5.6	1	  334.4	 21	 1342.1	   14.2	
  113	  17.90	    0.0	 1500.0	    0.0	 1020.2	 1405.4	    0.0	  200.0	    0.0	 1500.0	    0.0	  200.0	  100.0	   46.9	    0.0	    0.0	    0.0	    5.9	    4.3	  1	  950.0	  650.0	   46.9	    0.0	    5.9	1	  334.9	 21	 1342.1	   14.2	
  114	  18.00	    0.0	 1500.0	    0.0	 1020.2	 1405.4	    0.0	  200.0	    0.0	 1500.0	    0.0	  200.0	  100.0	   46.5	    0.0	    0.0	    0.0	    6.1	    4.3	  1	  950.0	  650.0	   46.5	    0.0	    6.1	1	  335.4	 21	 1342.1	   14.2	
  115	  18.10	    0.0	 1500.0	    0.0	 1020.2	 1405.4	    0.0	  200.0	    0.0	 1500.0	    0.0	  200.0	  100.0	   46.1	    0.0	    0.0	    0.0	    6.4	    4.4	  1	  950.0	  650.0	   46.1	    0.0	    6.4	1	  335.9	 21	 1342.2	   14.2	
  116	  18.20	    0.0	 1500.0	    0.0	 1019.1	 1404.9	    0.0	  200.0	    0.0	 1500.0	    0.0	  200.0	  100.0	   45.7	    0.0	    0.0	    0.0	    6.6	    4.4	  1	  950.0	  650.0	   45.7	    0.0	    6.6	1	  336.4	 21	 1342.3	   14.2	
  117	  18.30	    0.0	 1500.0	    0.0	 1019.1	 1404.9	    0.0	  200.0	    0.0	 1500.0	    0.0	  200.0	  100.0	   45.3	    0.0	    0.0	    0.0	    6.9	    4.4	  1	  950.0	  650.0	   45.3	    0.0	    6.9	1	  336.9	 21	 1342.3	   14.2	
  118	  18.40	    0.0	 1500.0	    0.0	 1019.1	 1404.9	    0.0	  200.0	    0.0	 1500.0	    0.0	  200.0	  100.0	   45.0	    0.0	    0.0	    0.0	    7.1	    4.5	  1	  950.0	  650.0	   45.0	    0.0	    7.1	1	  337.4	 21	 1342.4	   14.2	
  119	  18.50	    0.0	 1500.0	    0.0	 1019.1	 1404.9	    0.0	  200.0	    0.0	 1500.0	    0.0	  200.0	  100.0	   44.6	    0.0	    0.0	    0.0	    7.4	    4.5	  1	  950.0	  650.0	   44.6	    0.0	    7.4	1	  337.9	 21	 1342.5	   14.2	
  120	  18.60	    0.0	 1500.0	    0.0	 1019.1	 1404.9	    0.0	  200.0	    0.0	 1500.0	    0.0	  200.0	  100.0	   44.2	    0.0	    0.0	    0.0	    7.7	    4.6	  1	  950.0	  650.0	   44.2	    0.0	    7.7	1	  338.4	 21	 1342.6	   14.3	
  121	  18.70	    0.0	 1500.0	    0.0	 1019.1	 1404.9	    0.0	  200.0	    0.0	 1500.0	    0.0	  200.0	  100.0	   43.8	    0.0	    0.0	    0.0	    7.9	    4.6	  1	  950.0	  650.0	   43.8	    0.0	    7.9	1	  338.9	 21	 1342.7	   14.3	
  122	  18.80	    0.0	 1500.0	    0.0	 1013.3	 1414.0	    0.0	  200.0	    0.0	 1500.0	    0.0	  200.0	  100.0	   43.5	    0.0	    0.0	    0.0	    8.2	    4.6	  1	  950.0	  650.0	   43.5	    0.0	    8.2	1	  337.8	 21	 1343.0	   14.3	
  123	  18.90	    0.0	 1500.0	    0.0	 1013.3	 1414.0	    0.0	  200.0	    0.0	 1500.0	    0.0	  200.0	  100.0	   43.1	    0.0	    0.0	    0.0	    8.4	    4.7	  1	  950.0	  650.0	   43.1	    0.0	    8.4	1	  338.3	 21	 1343.1	   14.3	
  124	  19.00	    0.0	 1500.0	    0.0	 1013.3	 1414.0	    0.0	  200.0	    0.0	 1500.0	    0.0	  200.0	  100.0	   42.7	    0.0	    0.0	    0.0	    8.7	    4.7	  1	  950.0	  650.0	   42.7	    0.0	    8.7	1	  338.8	 21	 1343.2	   14.3	
  125	  19.10	    0.0	 1500.0	    0.0	 1013.3	 1414.0	    0.0	  200.0	    0.0	 1500.0	    0.0	  200.0	  100.0	   42.3	    0.0	    0.0	    0.0	    8.9	    4.8	  1	  950.0	  650.0	   42.3	    0.0	    8.9	1	  339.3	 21	 1343.3	   14.3	
  126	  19.20	    0.0	 1500.0	    0.0	 1013.3	 1414.0	    0.0	  200.0	    0.0	 1500.0	    0.0	  200.0	  100.0	   41.9	    0.0	    0.0	    0.0	    9.2	    4.8	  1	  950.0	  650.0	   41.9	    0.0	    9.2	1	  339.8	 21	 1343.5	   14.3	
  127	  19.30	    0.0	 1500.0	    0.0	 1013.3	 1414.0	    0.0	  200.0	    0.0	 1500.0	    0.0	  200.0	  100.0	   41.6	    0.0	    0.0	    0.0	    9.4	    4.8	  1	  950.0	  650.0	   41.6	    0.0	    9.4	1	  340.3	 21	 1343.6	   14.4	
  128	  19.40	    0.0	 1500.0	    0.0	 1014.6	 1420.6	    0.0	  200.0	    0.0	 1500.0	    0.0	  200.0	  100.0	   41.2	    0.0	    0.0	    0.0	    9.7	    4.9	  1	  950.0	  650.0	   41.2	    0.0	    9.7	1	  340.2	 21	 1343.8	   14.4	
  129	  19.50	    0.0	 1500.0	    0.0	 1014.6	 1420.6	    0.0	  200.0	    0.0	 1500.0	    0.0	  200.0	  100.0	   40.8	    0.0	    0.0	    0.0	    9.9	    4.9	  1	  950.0	  650.0	   40.8	    0.0	    9.9	1	  340.7	 21	 1343.9	   14.4	
  130	  19.60	    0.0	 1500.0	    0.0	 1014.6	 1420.6	    0.0	  200.0	    0.0	 1500.0	    0.0	  200.0	  100.0	   40.4	    0.0	    0.0	    0.0	   10.2	    4.9	  1	  950.0	  650.0	   40.4	    0.0	   10.2	1	  341.2	 21	 1344.1	   14.4	
  131	  19.70	    0.0	 1500.0	    0.0	 1014.6	 1420.6	    0.0	  200.0	    0.0	 1500.0	    0.0	  200.0	  100.0	   40.1	    0.0	    0.0	    0.0	   10.4	    5.0	  1	  950.0	  650.0	   40.1	    0.0	   10.4	1	  341.7	 21	 1344.3	   14.4	
  132	  19.80	    0.0	 1500.0	    0.0	 1014.6	 1420.6	    0.0	  200.0	    0.0	 1500.0	    0.0	  200.0	  100.0	   39.7	    0.0	    0.0	    0.0	   10.7	    5.0	  1	  950.0	  650.0	   39.7	    0.0	   10.7	1	  342.2	 21	 1344.5	   14.4	
  133	  19.90	    0.0	 1500.0	    0.0	 1014.6	 1420.6	    0.0	  200.0	    0.0	 1500.0	    0.0	  200.0	  100.0	   39.3	    0.0	    0.0	    0.0	   10.9	    5.1	  1	  950.0	  650.0	   39.3	    0.0	   10.9	1	  342.7	 21	 1344.7	   14.5	
  134	  20.00	    0.0	 1500.0	    0.0	 1014.6	 1420.6	    0.0	  200.0	    0.0	 1500.0	    0.0	  200.0	  100.0	   38.9	    0.0	    0.0	    0.0	   11.2	    5.1	  1	  950.0	  650.0	   38.9	    0.0	   11.2	1	  343.2	 21	 1344.9	   14.5	
  135	  20.11	    0.0	 1500.0	    0.0	 1015.2	 1419.5	    0.0	  200.0	    0.0	 1500.0	    0.0	  200.0	  100.0	   38.5	    0.0	    0.0	    0.0	   11.5	    5.1	  1	  950.0	  650.0	   38.5	    0.0	   11.5	1	  343.9	 21	 1345.1	   14.5	
  136	  20.20	    0.0	 1500.0	    0.0	 1015.2	 1419.5	    0.0	  200.0	    0.0	 1500.0	    0.0	  200.0	  100.0	   38.2	    0.0	    0.0	    0.0	   11.7	    5.2	  1	  950.0	  650.0	   38.2	    0.0	   11.7	1	  344.4	 21	 1345.4	   14.5	
  137	  20.30	    0.0	 1500.0	    0.0	 1015.2	 1419.5	    0.0	  200.0	    0.0	 1500.0	    0.0	  200.0	  100.0	   37.8	    0.0	    0.0	    0.0	   12.0	    5.2	  1	  950.0	  650.0	   37.8	    0.0	   12.0	1	  344.9	 21	 1345.7	   14.6	
  138	  20.40	    0.0	 1500.0	    0.0	 1015.2	 1419.5	    0.0	  200.0	    0.0	 1500.0	    0.0	  200.0	  100.0	   37.4	    0.0	    0.0	    0.0	   12.2	    5.2	  1	  950.0	  650.0	   37.4	    0.0	   12.2	1	  345.4	 21	 1345.9	   14.6	
  139	  20.50	    0.0	 1500.0	    0.0	 1015.2	 1419.5	    0.0	  200.0	    0.0	 1500.0	    0.0	  200.0	  100.0	   37.0	    0.0	    0.0	    0.0	   12.5	    5.3	  1	  950.0	  650.0	   37.0	    0.0	   12.5	1	  345.8	 21	 1346.2	   14.6	
  140	  20.60	    0.0	 1500.0	    0.0	 1014.8	 1421.4	    0.0	  200.0	    0.0	 1500.0	    0.0	  200.0	  100.0	   36.6	    0.0	    0.0	    0.0	   12.7	    5.3	  1	  950.0	  650.0	   36.6	    0.0	   12.7	1	  346.1	 21	 1346.5	   14.6	
  141	  20.70	    0.0	 1500.0	    0.0	 1014.8	 1421.4	    0.0	  200.0	    0.0	 1500.0	    0.0	  200.0	  100.0	   36.3	    0.0	    0.0	    0.0	   13.0	    5.4	  1	  950.0	  650.0	   36.3	    0.0	   13.0	1	  346.6	 21	 1346.8	   14.7	
  142	  20.80	    0.0	 1500.0	    0.0	 1014.8	 1421.4	    0.0	  200.0	    0.0	 1500.0	    0.0	  200.0	  100.0	   35.9	    0.0	    0.0	    0.0	   13.2	    5.4	  1	  950.0	  650.0	   35.9	    0.0	   13.2	1	  347.1	 21	 1347.1	   14.7	
  143	  20.90	    0.0	 1500.0	    0.0	 1014.8	 1421.4	    0.0	  200.0	    0.0	 1500.0	    0.0	  200.0	  100.0	   35.5	    0.0	    0.0	    0.0	   13.5	    5.4	  1	  950.0	  650.0	   35.5	    0.0	   13.5	1	  347.6	 21	 1347.4	   14.7	
  144	  21.00	    0.0	 1500.0	    0.0	 1014.8	 1421.4	    0.0	  200.0	    0.0	 1500.0	    0.0	  200.0	  100.0	   35.1	    0.0	    0.0	    0.0	   13.7	    5.5	  1	  950.0	  650.0	   35.1	    0.0	   13.7	1	  348.1	 21	 1347.8	   14.8	
  145	  21.10	    0.0	 1500.0	    0.0	 1014.8	 1421.4	    0.0	  200.0	    0.0	 1500.0	    0.0	  200.0	  100.0	   34.8	    0.0	    0.0	    0.0	   14.0	    5.5	  1	  950.0	  650.0	   34.8	    0.0	   14.0	1	  348.6	 21	 1348.1	   14.8	
  146	  21.20	    0.0	 1500.0	    0.0	 1014.8	 1421.4	    0.0	  200.0	    0.0	 1500.0	    0.0	  200.0	  100.0	   34.4	    0.0	    0.0	    0.0	   14.2	    5.5	  1	  950.0	  650.0	   34.4	    0.0	   14.2	1	  349.1	 21	 1348.5	   14.8	
  147	  21.30	    0.0	 1500.0	    0.0	 1014.8	 1421.4	    0.0	  200.0	    0.0	 1500.0	    0.0	  200.0	  100.0	   34.0	    0.0	    0.0	    0.0	   14.5	    5.6	  1	  950.0	  650.0	   34.0	    0.0	   14.5	1	  349.5	 21	 1348.8	   14.9	
  148	  21.40	    0.0	 1500.0	    0.0	 1016.3	 1420.0	    0.0	  200.0	    0.0	 1500.0	    0.0	  200.0	  100.0	   33.6	    0.0	    0.0	    0.0	   14.7	    5.6	  1	  950.0	  650.0	   33.6	    0.0	   14.7	1	  350.4	 21	 1349.2	   14.9	
  149	  21.50	    0.0	 1500.0	    0.0	 1016.3	 1420.0	    0.0	  200.0	    0.0	 1500.0	    0.0	  200.0	  100.0	   33.2	    0.0	    0.0	    0.0	   15.0	    5.7	  1	  950.0	  650.0	   33.2	    0.0	   15.0	1	  350.9	 21	 1349.6	   15.0	
  150	  21.60	    0.0	 1500.0	    0.0	 1016.3	 1420.0	    0.0	  200.0	    0.0	 1500.0	    0.0	  200.0	  100.0	   32.9	    0.0	    0.0	    0.0	   15.2	    5.7	  1	  950.0	  650.0	   32.9	    0.0	   15.2	1	  351.4	 21	 1350.0	   15.0	
  151	  21.70	    0.0	 1500.0	    0.0	 1016.3	 1420.0	    0.0	  200.0	    0.0	 1500.0	    0.0	  200.0	  100.0	   32.5	    0.0	    0.0	    0.0	   15.5	    5.7	  1	  950.0	  650.0	   32.5	    0.0	   15.5	1	  351.9	 21	 1350.4	   15.0	
  152	  21.80	    0.0	 1500.0	    0.0	 1015.5	 1420.3	    0.0	  200.0	    0.0	 1500.0	    0.0	  200.0	  100.0	   32.1	    0.0	    0.0	    0.0	   15.8	    5.8	  1	  950.0	  650.0	   32.1	    0.0	   15.8	1	  352.2	 21	 1350.9	   15.1	
  153	  21.90	    0.0	 1500.0	    0.0	 1015.5	 1420.3	    0.0	  200.0	    0.0	 1500.0	    0.0	  200.0	  100.0	   31.7	    0.0	    0.0	    0.0	   16.0	    5.8	  1	  950.0	  650.0	   31.7	    0.0	   16.0	1	  352.7	 21	 1351.3	   15.1	
  154	  22.00	    0.0	 1500.0	    0.0	 1015.5	 1420.3	    0.0	  200.0	    0.0	 1500.0	    0.0	  200.0	  100.0	   31.3	    0.0	    0.0	    0.0	   16.3	    5.9	  1	  950.0	  650.0	   31.3	    0.0	   16.3	1	  353.2	 21	 1351.8	   15.2	
  155	  22.10	    0.0	 1500.0	    0.0	 1015.5	 1420.3	    0.0	  200.0	    0.0	 1500.0	    0.0	  200.0	  100.0	   31.0	    0.0	    0.0	    0.0	   16.5	    5.9	  1	  950.0	  650.0	   31.0	    0.0	   16.5	1	  353.7	 21	 1352.2	   15.2	
  156	  22.20	    0.0	 1500.0	    0.0	 1015.5	 1420.3	    0.0	  200.0	    0.0	 1500.0	    0.0	  200.0	  100.0	   30.6	    0.0	    0.0	    0.0	   16.8	    5.9	  1	  950.0	  650.0	   30.6	    0.0	   16.8	1	  354.2	 21	 1352.7	   15.3	
  157	  22.30	    0.0	 1500.0	    0.0	 1017.9	 1418.7	    0.0	  200.0	    0.0	 1500.0	    0.0	  200.0	  100.0	   30.2	    0.0	    0.0	    0.0	   17.0	    6.0	  1	  950.0	  650.0	   30.2	    0.0	   17.0	1	  355.2	 21	 1353.2	   15.3	
  158	  22.40	    0.0	 1500.0	    0.0	 1017.9	 1418.7	    0.0	  200.0	    0.0	 1500.0	    0.0	  200.0	  100.0	   29.8	    0.0	    0.0	    0.0	   17.3	    6.0	  1	  950.0	  650.0	   29.8	    0.0	   17.3	1	  355.7	 21	 1353.7	   15.4	
  159	  22.50	    0.0	 1500.0	    0.0	 1017.9	 1418.7	    0.0	  200.0	    0.0	 1500.0	    0.0	  200.0	  100.0	   29.5	    0.0	    0.0	    0.0	   17.5	    6.0	  1	  950.0	  650.0	   29.5	    0.0	   17.5	1	  356.2	 21	 1354.2	   15.4	
  160	  22.60	    0.0	 1500.0	    0.0	 1017.9	 1418.7	    0.0	  200.0	    0.0	 1500.0	    0.0	  200.0	  100.0	   29.1	    0.0	    0.0	    0.0	   17.8	    6.1	  1	  950.0	  650.0	   29.1	    0.0	   17.8	1	  356.7	 21	 1354.7	   15.5	
  161	  22.70	    0.0	 1500.0	    0.0	 1017.9	 1418.7	    0.0	  200.0	    0.0	 1500.0	    0.0	  200.0	  100.0	   28.7	    0.0	    0.0	    0.0	   18.0	    6.1	  1	  950.0	  650.0	   28.7	    0.0	   18.0	1	  357.2	 21	 1355.3	   15.5	
  162	  22.80	    0.0	 1500.0	    0.0	 1017.9	 1418.7	    0.0	  200.0	    0.0	 1500.0	    0.0	  200.0	  100.0	   28.3	    0.0	    0.0	    0.0	   18.3	    6.2	  1	  950.0	  650.0	   28.3	    0.0	   18.3	1	  357.6	 21	 1355.8	   15.6	
  163	  22.90	    0.0	 1500.0	    0.0	 1017.9	 1418.7	    0.0	  200.0	    0.0	 1500.0	    0.0	  200.0	  100.0	   27.9	    0.0	    0.0	    0.0	   18.5	    6.2	  1	  950.0	  650.0	   27.9	    0.0	   18.5	1	  358.1	 21	 1356.4	   15.6	
  164	  23.00	    0.0	 1500.0	    0.0	 1017.6	 1417.9	    0.0	  200.0	    0.0	 1500.0	    0.0	  200.0	  100.0	   27.6	    0.0	    0.0	    0.0	   18.8	    6.2	  1	  950.0	  650.0	   27.6	    0.0	   18.8	1	  358.7	 21	 1357.0	   15.7	
  165	  23.10	    0.0	 1500.0	    0.0	 1017.6	 1417.9	    0.0	  200.0	    0.0	 1500.0	    0.0	  200.0	  100.0	   27.2	    0.0	    0.0	    0.0	   19.1	    6.3	  1	  950.0	  650.0	   27.2	    0.0	   19.1	1	  359.2	 21	 1357.6	   15.8	
  166	  23.20	    0.0	 1500.0	    0.0	 1017.6	 1417.9	    0.0	  200.0	    0.0	 1500.0	    0.0	  200.0	  100.0	   26.8	    0.0	    0.0	    0.0	   19.3	    6.3	  1	  950.0	  650.0	   26.8	    0.0	   19.3	1	  359.7	 21	 1358.2	   15.8	
  167	  23.30	    0.0	 1500.0	    0.0	 1017.6	 1417.9	    0.0	  200.0	    0.0	 1500.0	    0.0	  200.0	  100.0	   26.4	    0.0	    0.0	    0.0	   19.6	    6.3	  1	  950.0	  650.0	   26.4	    0.0	   19.6	1	  360.2	 21	 1358.9	   15.9	
  168	  23.41	    0.0	 1500.0	    0.0	 1017.6	 1417.9	    0.0	  200.0	    0.0	 1500.0	    0.0	  200.0	  100.0	   26.1	    0.0	    0.0	    0.0	   19.8	    6.4	  1	  950.0	  650.0	   26.1	    0.0	   19.8	1	  360.7	 21	 1359.5	   15.9	
  169	  23.50	    0.0	 1500.0	    0.0	 1017.6	 1417.9	    0.0	  200.0	    0.0	 1500.0	    0.0	  200.0	  100.0	   25.7	    0.0	    0.0	    0.0	   20.1	    6.4	  1	  950.0	  650.0	   25.7	    0.0	   20.1	1	  361.2	 21	 1360.2	   16.0	
  170	  23.60	    0.0	 1500.0	    0.0	 1016.1	 1418.4	    0.0	  200.0	    0.0	 1500.0	    0.0	  200.0	  100.0	   25.3	    0.0	    0.0	    0.0	   20.3	    6.5	  1	  950.0	  650.0	   25.3	    0.0	   20.3	1	  361.4	 21	 1360.8	   16.1	
  171	  23.70	    0.0	 1500.0	    0.0	 1016.1	 1418.4	    0.0	  200.0	    0.0	 1500.0	    0.0	  200.0	  100.0	   24.9	    0.0	    0.0	    0.0	   20.6	    6.5	  1	  950.0	  650.0	   24.9	    0.0	   20.6	1	  361.9	 21	 1361.5	   16.2	
  172	  23.80	    0.0	 1500.0	    0.0	 1016.1	 1418.4	    0.0	  200.0	    0.0	 1500.0	    0.0	  200.0	  100.0	   24.5	    0.0	    0.0	    0.0	   20.8	    6.5	  1	  950.0	  650.0	   24.5	    0.0	   20.8	1	  362.4	 21	 1362.2	   16.2	
  173	  23.90	    0.0	 1500.0	    0.0	 1016.1	 1418.4	    0.0	  200.0	    0.0	 1500.0	    0.0	  200.0	  100.0	   24.2	    0.0	    0.0	    0.0	   21.1	    6.6	  1	  950.0	  650.0	   24.2	    0.0	   21.1	1	  362.9	 21	 1362.9	   16.3	
  174	  24.00	    0.0	 1500.0	    0.0	 1016.1	 1418.4	    0.0	  200.0	    0.0	 1500.0	    0.0	  200.0	  100.0	   23.8	    0.0	    0.0	    0.0	   21.3	    6.6	  1	  950.0	  650.0	   23.8	    0.0	   21.3	1	  363.4	 21	 1363.7	   16.4	
  175	  24.10	    0.0	 1500.0	    0.0	 1016.1	 1418.4	    0.0	  200.0	    0.0	 1500.0	    0.0	  200.0	  100.0	   23.4	    0.0	    0.0	    0.0	   21.6	    6.6	  1	  950.0	  650.0	   23.4	    0.0	   21.6	1	  363.8	 21	 1364.4	   16.4	
  176	  24.20	    0.0	 1500.0	    0.0	 1016.1	 1418.4	    0.0	  200.0	    0.0	 1500.0	    0.0	  200.0	  100.0	   23.0	    0.0	    0.0	    0.0	   21.8	    6.7	  1	  950.0	  650.0	   23.0	    0.0	   21.8	1	  364.3	 21	 1365.2	   16.5	
  177	  24.30	    0.0	 1500.0	    0.0	 1016.1	 1418.4	    0.0	  200.0	    0.0	 1500.0	    0.0	  200.0	  100.0	   22.7	    0.0	    0.0	    0.0	   22.1	    6.7	  1	  950.0	  650.0	   22.7	    0.0	   22.1	1	  364.8	 21	 1365.9	   16.6	
  178	  24.40	    0.0	 1500.0	    0.0	 1016.1	 1418.4	    0.0	  200.0	    0.0	 1500.0	    0.0	  200.0	  100.0	   22.3	    0.0	    0.0	    0.0	   22.3	    6.8	  1	  950.0	  650.0	   22.3	    0.0	   22.3	1	  365.3	 21	 1366.7	   16.7	
  179	  24.50	    0.0	 1500.0	    0.0	 1016.1	 1418.4	    0.0	  200.0	    0.0	 1500.0	    0.0	  200.0	  100.0	   21.9	    0.0	    0.0	    0.0	   22.6	    6.8	  1	  950.0	  650.0	   21.9	    0.0	   22.6	1	  365.8	 21	 1367.5	   16.8	
  180	  24.60	    0.0	 1500.0	    0.0	 1016.1	 1418.4	    0.0	  200.0	    0.0	 1500.0	    0.0	  200.0	  100.0	   21.5	    0.0	    0.0	    0.0	   22.9	    6.8	  1	  950.0	  650.0	   21.5	    0.0	   22.9	1	  366.3	 21	 1368.3	   16.8	
  181	  24.70	    0.0	 1500.0	    0.0	 1016.4	 1418.3	    0.0	  200.0	    0.0	 1500.0	    0.0	  200.0	  100.0	   21.1	    0.0	    0.0	    0.0	   23.1	    6.9	  1	  950.0	  650.0	   21.1	    0.0	   23.1	1	  366.8	 21	 1369.2	   16.9	
  182	  24.80	    0.0	 1500.0	    0.0	 1016.4	 1418.3	    0.0	  200.0	    0.0	 1500.0	    0.0	  200.0	  100.0	   20.8	    0.0	    0.0	    0.0	   23.4	    6.9	  1	  950.0	  650.0	   20.8	    0.0	   23.4	1	  367.3	 21	 1370.0	   17.0	
  183	  24.90	    0.0	 1500.0	    0.0	 1016.4	 1418.3	    0.0	  200.0	    0.0	 1500.0	    0.0	  200.0	  100.0	   20.4	    0.0	    0.0	    0.0	   23.6	    7.0	  1	  950.0	  650.0	   20.4	    0.0	   23.6	1	  367.8	 21	 1370.9	   17.1	
  184	  25.00	    0.0	 1500.0	    0.0	 1016.4	 1418.3	    0.0	  200.0	    0.0	 1500.0	    0.0	  200.0	  100.0	   20.0	    0.0	    0.0	    0.0	   23.9	    7.0	  1	  950.0	  650.0	   20.0	    0.0	   23.9	1	  368.3	 21	 1371.8	   17.2	
  185	  25.10	    0.0	 1500.0	    0.0	 1016.4	 1418.3	    0.0	  200.0	    0.0	 1500.0	    0.0	  200.0	  100.0	   19.6	    0.0	    0.0	    0.0	   24.1	    7.0	  1	  950.0	  650.0	   19.6	    0.0	   24.1	1	  368.8	 21	 1372.6	   17.3	
  186	  25.20	    0.0	 1500.0	    0.0	 1017.3	 1418.0	    0.0	  200.0	    0.0	 1500.0	    0.0	  200.0	  100.0	   19.2	    0.0	    0.0	    0.0	   24.4	    7.1	  1	  950.0	  650.0	   19.2	    0.0	   24.4	1	  369.4	 21	 1373.6	   17.4	
  187	  25.30	    0.0	 1500.0	    0.0	 1017.3	 1418.0	    0.0	  200.0	    0.0	 1500.0	    0.0	  200.0	  100.0	   18.9	    0.0	    0.0	    0.0	   24.6	    7.1	  1	  950.0	  650.0	   18.9	    0.0	   24.6	1	  369.9	 21	 1374.5	   17.4	
  188	  25.40	    0.0	 1500.0	    0.0	 1017.3	 1418.0	    0.0	  200.0	    0.0	 1500.0	    0.0	  200.0	  100.0	   18.5	    0.0	    0.0	    0.0	   24.9	    7.1	  1	  950.0	  650.0	   18.5	    0.0	   24.9	1	  370.4	 21	 1375.4	   17.5	
  189	  25.50	    0.0	 1500.0	    0.0	 1017.3	 1418.0	    0.0	  200.0	    0.0	 1500.0	    0.0	  200.0	  100.0	   18.1	    0.0	    0.0	    0.0	   25.1	    7.2	  1	  950.0	  650.0	   18.1	    0.0	   25.1	1	  370.8	 21	 1376.4	   17.6	
  190	  25.60	    0.0	 1500.0	    0.0	 1017.3	 1418.0	    0.0	  200.0	    0.0	 1500.0	    0.0	  200.0	  100.0	   17.7	    0.0	    0.0	    0.0	   25.4	    7.2	  1	  950.0	  650.0	   17.7	    0.0	   25.4	1	  371.3	 21	 1377.4	   17.7	
  191	  25.70	    0.0	 1500.0	    0.0	 1017.3	 1418.0	    0.0	  200.0	    0.0	 1500.0	    0.0	  200.0	  100.0	   17.4	    0.0	    0.0	    0.0	   25.6	    7.3	  1	  950.0	  650.0	   17.4	    0.0	   25.6	1	  371.8	 21	 1378.4	   17.8	
  192	  25.80	    0.0	 1500.0	    0.0	 1017.3	 1418.0	    0.0	  200.0	    0.0	 1500.0	    0.0	  200.0	  100.0	   17.0	    0.0	    0.0	    0.0	   25.9	    7.3	  1	  950.0	  650.0	   17.0	    0.0	   25.9	1	  372.3	 21	 1379.4	   17.9	
  193	  25.90	    0.0	 1500.0	    0.0	 1017.3	 1418.0	    0.0	  200.0	    0.0	 1500.0	    0.0	  200.0	  100.0	   16.6	    0.0	    0.0	    0.0	   26.2	    7.3	  1	  950.0	  650.0	   16.6	    0.0	   26.2	1	  372.8	 21	 1380.4	   18.0	
  194	  26.00	    0.0	 1500.0	    0.0	 1017.3	 1418.0	    0.0	  200.0	    0.0	 1500.0	    0.0	  200.0	  100.0	   16.2	    0.0	    0.0	    0.0	   26.4	    7.4	  1	  950.0	  650.0	   16.2	    0.0	   26.4	1	  373.3	 21	 1381.4	   18.1	
  195	  26.10	    0.0	 1500.0	    0.0	 1018.8	 1418.4	    0.0	  200.0	    0.0	 1500.0	    0.0	  200.0	  100.0	   15.8	    0.0	    0.0	    0.0	   26.7	    7.4	  1	  950.0	  650.0	   15.8	    0.0	   26.7	1	  373.9	 21	 1382.5	   18.2	
  196	  26.20	    0.0	 1500.0	    0.0	 1018.8	 1418.4	    0.0	  200.0	    0.0	 1500.0	    0.0	  200.0	  100.0	   15.5	    0.0	    0.0	    0.0	   26.9	    7.4	  1	  950.0	  650.0	   15.5	    0.0	   26.9	1	  374.4	 21	 1383.6	   18.4	
  197	  26.30	    0.0	 1500.0	    0.0	 1018.8	 1418.4	    0.0	  200.0	    0.0	 1500.0	    0.0	  200.0	  100.0	   15.1	    0.0	    0.0	    0.0	   27.2	    7.5	  1	  950.0	  650.0	   15.1	    0.0	   27.2	1	  374.8	 21	 1384.7	   18.5	
  198	  26.40	    0.0	 1500.0	    0.0	 1018.8	 1418.4	    0.0	  200.0	    0.0	 1500.0	    0.0	  200.0	  100.0	   14.7	    0.0	    0.0	    0.0	   27.4	    7.5	  1	  950.0	  650.0	   14.7	    0.0	   27.4	1	  375.3	 21	 1385.8	   18.6	
  199	  26.50	    0.0	 1500.0	    0.0	 1018.8	 1418.4	    0.0	  200.0	    0.0	 1500.0	    0.0	  200.0	  100.0	   14.3	    0.0	    0.0	    0.0	   27.7	    7.6	  1	  950.0	  650.0	   14.3	    0.0	   27.7	1	  375.8	 21	 1386.9	   18.7	
  200	  26.60	    0.0	 1500.0	    0.0	 1018.8	 1418.4	    0.0	  200.0	    0.0	 1500.0	    0.0	  200.0	  100.0	   14.0	    0.0	    0.0	    0.0	   27.9	    7.6	  1	  950.0	  650.0	   14.0	    0.0	   27.9	1	  376.3	 21	 1388.1	   18.8	
  201	  26.70	    0.0	 1500.0	    0.0	 1018.8	 1418.4	    0.0	  200.0	    0.0	 1500.0	    0.0	  200.0	  100.0	   13.6	    0.0	    0.0	    0.0	   28.2	    7.6	  1	  950.0	  650.0	   13.6	    0.0	   28.2	1	  376.8	 21	 1389.2	   18.9	
  202	  26.80	    0.0	 1500.0	    0.0	 1018.8	 1418.4	    0.0	  200.0	    0.0	 1500.0	    0.0	  200.0	  100.0	   13.2	    0.0	    0.0	    0.0	   28.4	    7.7	  1	  950.0	  650.0	   13.2	    0.0	   28.4	1	  377.2	 21	 1390.4	   19.0	
  203	  26.90	    0.0	 1500.0	    0.0	 1018.8	 1418.4	    0.0	  200.0	    0.0	 1500.0	    0.0	  200.0	  100.0	   12.8	    0.0	    0.0	    0.0	   28.7	    7.7	  1	  950.0	  650.0	   12.8	    0.0	   28.7	1	  377.7	 21	 1391.6	   19.2	
  204	  27.00	    0.0	 1500.0	    0.0	 1018.8	 1418.4	    0.0	  200.0	    0.0	 1500.0	    0.0	  200.0	  100.0	   12.5	    0.0	    0.0	    0.0	   29.0	    7.8	  1	  950.0	  650.0	   12.5	    0.0	   29.0	1	  378.2	 21	 1392.9	   19.3	
  205	  27.10	    0.0	 1500.0	    0.0	 1019.7	 1418.1	    0.0	  200.0	    0.0	 1500.0	    0.0	  200.0	  100.0	   12.1	    0.0	    0.0	    0.0	   29.2	    7.8	  1	  950.0	  650.0	   12.1	    0.0	   29.2	1	  378.8	 21	 1394.1	   19.4	
  206	  27.20	    0.0	 1500.0	    0.0	 1019.7	 1418.1	    0.0	  200.0	    0.0	 1500.0	    0.0	  200.0	  100.0	   11.7	    0.0	    0.0	    0.0	   29.5	    7.8	  1	  950.0	  650.0	   11.7	    0.0	   29.5	1	  379.3	 21	 1395.4	   19.5	
  207	  27.30	    0.0	 1500.0	    0.0	 1019.7	 1418.1	    0.0	  200.0	    0.0	 1500.0	    0.0	  200.0	  100.0	   11.3	    0.0	    0.0	    0.0	   29.7	    7.9	  1	  950.0	  650.0	   11.3	    0.0	   29.7	1	  379.8	 21	 1396.6	   19.7	
  208	  27.40	    0.0	 1500.0	    0.0	 1019.7	 1418.1	    0.0	  200.0	    0.0	 1500.0	    0.0	  200.0	  100.0	   10.9	    0.0	    0.0	    0.0	   30.0	    7.9	  1	  950.0	  650.0	   10.9	    0.0	   30.0	1	  380.3	 21	 1397.9	   19.8	
  209	  27.50	    0.0	 1500.0	    0.0	 1101.4	 1489.7	    0.0	  200.0	    0.0	 1500.0	    0.0	  200.0	  100.0	   10.6	    0.0	    0.0	    0.0	   30.3	    7.9	  1	 1000.0	 2250.0	   10.6	    0.0	   30.3	1	  391.4	 21	 1368.5	   16.9	
  210	  27.60	    0.0	 1500.0	    0.0	 1019.7	 1418.1	    0.0	  200.0	    0.0	 1500.0	    0.0	  200.0	  100.0	   10.2	    0.0	    0.0	    0.0	   30.5	    8.0	  1	  950.0	  650.0	   10.2	    0.0	   30.5	1	  381.0	 21	    0.0	    0.0	
  211	  27.70	    0.0	 1500.0	    0.0	 1101.4	 1489.7	    0.0	  200.0	    0.0	 1500.0	    0.0	  200.0	  100.0	    9.9	    0.0	    0.0	    0.0	   30.8	    8.0	  1	 1000.0	 2250.0	    9.9	    0.0	   30.8	1	  392.3	 21	 1375.2	   17.5	
  212	  27.80	    0.0	 1500.0	    0.0	 1101.4	 1489.7	    0.0	  200.0	    0.0	 1500.0	    0.0	  200.0	  100.0	    9.5	    0.0	    0.0	    0.0	   31.1	    8.1	  1	 1000.0	 2250.0	    9.5	    0.0	   31.1	1	  390.2	 21	    0.0	    0.0	
  213	  27.90	    0.0	 1500.0	    0.0	 1101.4	 1489.7	    0.0	  200.0	    0.0	 1500.0	    0.0	  200.0	  100.0	    9.2	    0.0	    0.0	    0.0	   31.4	    8.1	  1	 1000.0	 2250.0	    9.2	    0.0	   31.4	1	  390.8	 21	    0.0	    0.0	
  214	  28.00	    0.0	 1500.0	    0.0	 1101.4	 1489.7	    0.0	  200.0	    0.0	 1500.0	    0.0	  200.0	  100.0	    8.8	    0.0	    0.0	    0.0	   31.7	    8.1	  1	 1000.0	 2250.0	    8.8	    0.0	   31.7	1	  391.4	 21	    0.0	    0.0	
  215	  28.10	    0.0	 1500.0	    0.0	 1130.9	 1542.7	    0.0	  200.0	    0.0	 1500.0	    0.0	  200.0	  100.0	    8.4	    0.0	    0.0	    0.0	   32.0	    8.2	  1	 1000.0	  750.0	    8.4	    0.0	   32.0	1	  396.7	 21	 1396.8	   19.7	
  216	  28.20	    0.0	 1500.0	    0.0	 1130.9	 1542.7	    0.0	  200.0	    0.0	 1500.0	    0.0	  200.0	  100.0	    8.1	    0.0	    0.0	    0.0	   32.3	    8.2	  1	 1000.0	  750.0	    8.1	    0.0	   32.3	1	  397.5	 21	    0.0	    0.0	
  217	  28.30	    0.0	 1500.0	    0.0	 1130.9	 1542.7	    0.0	  200.0	    0.0	 1500.0	    0.0	  200.0	  100.0	    7.7	    0.0	    0.0	    0.0	   32.6	    8.2	  1	 1000.0	  750.0	    7.7	    0.0	   32.6	1	  398.1	 21	    0.0	    0.0	
  218	  28.40	    0.0	 1500.0	    0.0	 1130.9	 1542.7	    0.0	  200.0	    0.0	 1500.0	    0.0	  200.0	  100.0	    7.4	    0.0	    0.0	    0.0	   32.9	    8.3	  1	 1000.0	  750.0	    7.4	    0.0	   32.9	1	  398.7	 21	    0.0	    0.0	
  219	  28.50	    0.0	 1500.0	    0.0	 1130.9	 1542.7	    0.0	  200.0	    0.0	 1500.0	    0.0	  200.0	  100.0	    7.0	    0.0	    0.0	    0.0	   33.2	    8.3	  1	 1000.0	  750.0	    7.0	    0.0	   33.2	1	  399.3	 21	    0.0	    0.0	
  220	  28.60	    0.0	 1500.0	    0.0	 1241.8	 1542.5	    0.0	  200.0	    0.0	 1500.0	    0.0	  200.0	  100.0	    6.7	    0.0	    0.0	    0.0	   33.5	    8.4	  1	 1000.0	  850.0	    6.7	    0.0	   33.5	1	  427.0	 21	    0.0	    0.0	
  221	  28.70	    0.0	 1500.0	    0.0	 1241.8	 1542.5	    0.0	  200.0	    0.0	 1500.0	    0.0	  200.0	  100.0	    6.4	    0.0	    0.0	    0.0	   33.9	    8.4	  1	 1000.0	  850.0	    6.4	    0.0	   33.9	1	  426.6	 21	    0.0	    0.0	
  222	  28.80	    0.0	 1500.0	    0.0	 1241.8	 1542.5	    0.0	  200.0	    0.0	 1500.0	    0.0	  200.0	  100.0	    6.1	    0.0	    0.0	    0.0	   34.2	    8.4	  1	 1000.0	  850.0	    6.1	    0.0	   34.2	1	  427.4	 21	    0.0	    0.0	
  223	  28.90	    0.0	 1500.0	    0.0	 1241.8	 1542.5	    0.0	  200.0	    0.0	 1500.0	    0.0	  200.0	  100.0	    5.8	    0.0	    0.0	    0.0	   34.6	    8.5	  1	 1000.0	  850.0	    5.8	    0.0	   34.6	1	  428.2	 21	    0.0	    0.0	
  224	  29.00	    0.0	 1500.0	    0.0	 1241.8	 1542.5	    0.0	  200.0	    0.0	 1500.0	    0.0	  200.0	  100.0	    5.4	    0.0	    0.0	    0.0	   34.9	    8.5	  1	 1000.0	  850.0	    5.4	    0.0	   34.9	1	  429.0	 21	    0.0	    0.0	
  225	  29.10	    0.0	 1500.0	    0.0	 1299.1	 1541.3	    0.0	  200.0	    0.0	 1500.0	    0.0	  200.0	  100.0	    5.2	    0.0	    0.0	    0.0	   35.3	    8.5	  1	 1000.0	 2250.0	    5.2	    0.0	   35.3	1	  427.7	 21	    0.0	    0.0	
  226	  29.20	    0.0	 1500.0	    0.0	 1299.1	 1541.3	    0.0	  200.0	    0.0	 1500.0	    0.0	  200.0	  100.0	    4.8	    0.0	    0.0	    0.0	   35.7	    8.6	  1	 1000.0	 2250.0	    4.8	    0.0	   35.7	1	  428.2	 21	    0.0	    0.0	
  227	  29.30	    0.0	 1500.0	    0.0	 1299.1	 1541.3	    0.0	  200.0	    0.0	 1500.0	    0.0	  200.0	  100.0	    4.5	    0.0	    0.0	    0.0	   36.1	    8.6	  1	 1000.0	 2250.0	    4.5	    0.0	   36.1	1	  429.1	 21	    0.0	    0.0	
  228	  29.40	    0.0	 1500.0	    0.0	 1299.1	 1541.3	    0.0	  200.0	    0.0	 1500.0	    0.0	  200.0	  100.0	    4.2	    0.0	    0.0	    0.0	   36.5	    8.7	  1	 1000.0	 2250.0	    4.2	    0.0	   36.5	1	  430.0	 21	    0.0	    0.0	
  229	  29.50	    0.0	 1500.0	    0.0	 1299.1	 1541.3	    0.0	  200.0	    0.0	 1500.0	    0.0	  200.0	  100.0	    3.9	    0.0	    0.0	    0.0	   36.8	    8.7	  1	 1000.0	 2250.0	    3.9	    0.0	   36.8	1	  430.8	 21	    0.0	    0.0	
  230	  29.60	    0.0	 1500.0	    0.0	 1386.2	 1529.1	    0.0	  200.0	    0.0	 1500.0	    0.0	  200.0	  100.0	    3.7	    0.0	    0.0	    0.0	   37.3	    8.7	  1	 1000.0	 2250.0	    3.7	    0.0	   37.3	1	  439.0	 21	    0.0	    0.0	
  231	  29.70	    0.0	 1500.0	    0.0	 1386.2	 1529.1	    0.0	  200.0	    0.0	 1500.0	    0.0	  200.0	  100.0	    3.4	    0.0	    0.0	    0.0	   37.7	    8.8	  1	 1000.0	 2250.0	    3.4	    0.0	   37.7	1	  439.6	 21	    0.0	    0.0	
  232	  29.80	    0.0	 1500.0	    0.0	 1386.2	 1529.1	    0.0	  200.0	    0.0	 1500.0	    0.0	  200.0	  100.0	    3.1	    0.0	    0.0	    0.0	   38.1	    8.8	  1	 1000.0	 2250.0	    3.1	    0.0	   38.1	1	  440.6	 21	    0.0	    0.0	
  233	  29.90	    0.0	 1500.0	    0.0	 1386.2	 1529.1	    0.0	  200.0	    0.0	 1500.0	    0.0	  200.0	  100.0	    2.8	    0.0	    0.0	    0.0	   38.5	    8.9	  1	 1000.0	 2250.0	    2.8	    0.0	   38.5	1	  441.7	 21	    0.0	    0.0	
  234	  30.00	    0.0	 1500.0	    0.0	 1386.2	 1529.1	    0.0	  200.0	    0.0	 1500.0	    0.0	  200.0	  100.0	    2.5	    0.0	    0.0	    0.0	   38.9	    8.9	  1	 1000.0	 2250.0	    2.5	    0.0	   38.9	1	  442.7	 21	    0.0	    0.0	
  235	  30.10	    0.0	 1500.0	    0.0	 1386.2	 1529.1	    0.0	  200.0	    0.0	 1500.0	    0.0	  200.0	  100.0	    2.2	    0.0	    0.0	    0.0	   39.3	    8.9	  1	 1000.0	 2250.0	    2.2	    0.0	   39.3	1	  443.7	 21	    0.0	    0.0	
  236	  30.20	    0.0	 1500.0	    0.0	 1421.7	 1521.6	    0.0	  200.0	    0.0	 1500.0	    0.0	  200.0	  100.0	    1.9	    0.0	    0.0	    0.0	   39.8	    9.0	  1	 1000.0	 2150.0	    1.9	    0.0	   39.8	1	  458.7	 21	    0.0	    0.0	
  237	  30.30	    0.0	 1500.0	    0.0	 1421.7	 1521.6	    0.0	  200.0	    0.0	 1500.0	    0.0	  200.0	  100.0	    1.7	    0.0	    0.0	    0.0	   40.2	    9.0	  1	 1000.0	 2150.0	    1.7	    0.0	   40.2	1	  459.8	 21	    0.0	    0.0	
  238	  30.40	    0.0	 1500.0	    0.0	 1421.7	 1521.6	    0.0	  200.0	    0.0	 1500.0	    0.0	  200.0	  100.0	    1.4	    0.0	    0.0	    0.0	   40.6	    9.0	  1	 1000.0	 2150.0	    1.4	    0.0	   40.6	1	  460.8	 21	    0.0	    0.0	
  239	  30.50	    0.0	 1500.0	    0.0	 1386.0	 1523.1	    0.0	  200.0	    0.0	 1500.0	    0.0	  200.0	  100.0	    1.1	    0.0	    0.0	    0.0	   41.1	    9.1	  1	 1000.0	 1150.0	    1.1	    0.0	   41.1	1	  490.2	 21	    0.0	    0.0	
  240	  30.60	    0.0	 1500.0	    0.0	 1386.0	 1523.1	    0.0	  200.0	    0.0	 1500.0	    0.0	  200.0	  100.0	    0.8	    0.0	    0.0	    0.0	   41.5	    9.1	  1	 1000.0	 1150.0	    0.8	    0.0	   41.5	1	  491.2	 21	    0.0	    0.0	
  241	  30.70	    0.0	 1500.0	    0.0	 1386.0	 1523.1	    0.0	  200.0	    0.0	 1500.0	    0.0	  200.0	  100.0	    0.5	    0.0	    0.0	    0.0	   41.9	    9.2	  1	 1000.0	 1150.0	    0.5	    0.0	   41.9	1	  492.2	 21	    0.0	    0.0	
  242	  30.80	    0.0	 1500.0	    0.0	 1386.0	 1523.1	    0.0	  200.0	    0.0	 1500.0	    0.0	  200.0	  100.0	    0.2	    0.0	    0.0	    0.0	   42.3	    9.2	  1	 1000.0	 1150.0	    0.2	    0.0	   42.3	1	  493.2	 21	    0.0	    0.0	
  243	  30.90	    0.0	 1500.0	    0.0	 1386.0	 1523.1	    0.0	  200.0	    0.0	 1500.0	    0.0	  200.0	  100.0	    0.0	    0.0	    0.0	    0.0	   42.7	    9.2	  1	 1000.0	 1150.0	    0.0	    0.0	   42.7	1	  494.2	 21	    0.0	    0.0	
  244	  31.00	    0.0	 1500.0	    0.0	 1386.0	 1523.1	    0.0	  200.0	    0.0	 1500.0	    0.0	  200.0	  100.0	    0.0	    0.0	    0.0	    0.0	   43.2	    9.3	  1	 1000.0	 1150.0	    0.0	    0.0	   43.2	1	  495.5	 21	    0.0	    0.0	
  245	  31.10	    0.0	 1500.0	    0.0	 1229.9	 1524.7	    0.0	  200.0	    0.0	 1500.0	    0.0	  200.0	  100.0	    0.0	    0.0	    0.0	    0.0	   43.5	    9.3	  1	 1000.0	 1750.0	    0.0	    0.0	   43.5	1	  487.7	 21	    0.0	    0.0	
  246	  31.20	    0.0	 1500.0	    0.0	 1229.9	 1524.7	    0.0	  200.0	    0.0	 1500.0	    0.0	  200.0	  100.0	    0.0	    0.0	    0.0	    0.0	   43.8	    9.3	  1	 1000.0	 1750.0	    0.0	    0.0	   43.8	1	  488.8	 21	    0.0	    0.0	
  247	  31.30	    0.0	 1500.0	    0.0	 1229.9	 1524.7	    0.0	  200.0	    0.0	 1500.0	    0.0	  200.0	  100.0	    0.0	    0.0	    0.0	    0.0	   44.2	    9.4	  1	 1000.0	 1750.0	    0.0	    0.0	   44.2	1	  489.8	 21	    0.0	    0.0	
  248	  31.40	    0.0	 1500.0	    0.0	 1229.9	 1524.7	    0.0	  200.0	    0.0	 1500.0	    0.0	  200.0	  100.0	    0.0	    0.0	    0.0	    0.0	   44.5	    9.4	  1	 1000.0	 1750.0	    0.0	    0.0	   44.5	1	  490.9	 21	    0.0	    0.0	
  249	  31.50	    0.0	 1500.0	    0.0	 1112.4	 1503.0	    0.0	  200.0	    0.0	 1500.0	    0.0	  200.0	  100.0	    0.0	    0.0	    0.0	    0.0	   44.8	    9.5	  1	 1000.0	 1650.0	    0.0	    0.0	   44.8	1	  482.0	 21	    0.0	    0.0	
  250	  31.60	    0.0	 1500.0	    0.0	 1021.2	 1389.5	    0.0	  200.0	    0.0	 1500.0	    0.0	  200.0	  100.0	    0.0	    0.0	    0.0	    0.0	   45.1	    9.5	  1	 1000.0	  850.0	    0.0	    0.0	   45.1	1	  440.2	 21	    0.0	    0.0	
  251	  31.70	    0.0	 1500.0	    0.0	 1112.4	 1503.0	    0.0	  200.0	    0.0	 1500.0	    0.0	  200.0	  100.0	    0.0	    0.0	    0.0	    0.0	   45.4	    9.5	  1	 1000.0	 1650.0	    0.0	    0.0	   45.4	1	  483.7	 21	    0.0	    0.0	
  252	  31.80	    0.0	 1500.0	    0.0	 1112.4	 1503.0	    0.0	  200.0	    0.0	 1500.0	    0.0	  200.0	  100.0	    0.0	    0.0	    0.0	    0.0	   45.7	    9.6	  1	 1000.0	 1650.0	    0.0	    0.0	   45.7	1	  484.5	 21	    0.0	    0.0	
  253	  31.90	    0.0	 1500.0	    0.0	 1112.4	 1503.0	    0.0	  200.0	    0.0	 1500.0	    0.0	  200.0	  100.0	    0.0	    0.0	    0.0	    0.0	   46.0	    9.6	  1	 1000.0	 1650.0	    0.0	    0.0	   46.0	1	  485.4	 21	    0.0	    0.0	
  254	  32.00	    0.0	 1500.0	    0.0	 1139.3	 1489.9	    0.0	  200.0	    0.0	 1500.0	    0.0	  200.0	  100.0	    0.0	    0.0	    0.0	    0.0	   46.3	    9.7	  1	 1000.0	 1250.0	    0.0	    0.0	   46.3	1	  487.5	 21	    0.0	    0.0	
  255	  32.10	    0.0	 1500.0	    0.0	 1139.3	 1489.9	    0.0	  200.0	    0.0	 1500.0	    0.0	  200.0	  100.0	    0.0	    0.0	    0.0	    0.0	   46.6	    9.7	  1	 1000.0	 1250.0	    0.0	    0.0	   46.6	1	  488.4	 21	    0.0	    0.0	
  256	  32.20	    0.0	 1500.0	    0.0	 1139.3	 1489.9	    0.0	  200.0	    0.0	 1500.0	    0.0	  200.0	  100.0	    0.0	    0.0	    0.0	    0.0	   46.9	    9.7	  1	 1000.0	 1250.0	    0.0	    0.0	   46.9	1	  489.3	 21	    0.0	    0.0	
  257	  32.30	    0.0	 1500.0	    0.0	 1112.4	 1503.0	    0.0	  200.0	    0.0	 1500.0	    0.0	  200.0	  100.0	    0.0	    0.0	    0.0	    0.0	   47.2	    9.8	  1	 1000.0	 1650.0	    0.0	    0.0	   47.2	1	  488.9	 21	    0.0	    0.0	
  258	  32.40	    0.0	 1500.0	    0.0	 1139.3	 1489.9	    0.0	  200.0	    0.0	 1500.0	    0.0	  200.0	  100.0	    0.0	    0.0	    0.0	    0.0	   47.5	    9.8	  1	 1000.0	 1250.0	    0.0	    0.0	   47.5	1	  491.0	 21	    0.0	    0.0	
  259	  32.50	    0.0	 1500.0	    0.0	 1139.3	 1489.9	    0.0	  200.0	    0.0	 1500.0	    0.0	  200.0	  100.0	    0.0	    0.0	    0.0	    0.0	   47.8	    9.8	  1	 1000.0	 1250.0	    0.0	    0.0	   47.8	1	  491.9	 21	    0.0	    0.0	
  260	  32.60	    0.0	 1500.0	    0.0	 1178.7	 1495.1	    0.0	  200.0	    0.0	 1500.0	    0.0	  200.0	  100.0	    0.0	    0.0	    0.0	    0.0	   48.1	    9.9	  1	 1000.0	 1150.0	    0.0	    0.0	   48.1	1	  490.9	 21	    0.0	    0.0	
  261	  32.70	    0.0	 1500.0	    0.0	 1178.7	 1495.1	    0.0	  200.0	    0.0	 1500.0	    0.0	  200.0	  100.0	    0.0	    0.0	    0.0	    0.0	   48.4	    9.9	  1	 1000.0	 1150.0	    0.0	    0.0	   48.4	1	  491.8	 21	    0.0	    0.0	
  262	  32.80	    0.0	 1500.0	    0.0	 1178.7	 1495.1	    0.0	  200.0	    0.0	 1500.0	    0.0	  200.0	  100.0	    0.0	    0.0	    0.0	    0.0	   48.8	   10.0	  1	 1000.0	 1150.0	    0.0	    0.0	   48.8	1	  492.7	 21	    0.0	    0.0	
  263	  32.90	    0.0	 1500.0	    0.0	 1194.5	 1493.4	    0.0	  200.0	    0.0	 1500.0	    0.0	  200.0	  100.0	    0.0	    0.0	    0.0	    0.0	   49.1	   10.0	  1	 1000.0	 1450.0	    0.0	    0.0	   49.1	1	  300.0	 21	    0.0	    0.0	
  264	  33.00	    0.0	 1500.0	    0.0	 1194.5	 1493.4	    0.0	  200.0	    0.0	 1500.0	    0.0	  200.0	  100.0	    0.0	    0.0	    0.0	    0.0	   49.4	   10.0	  1	 1000.0	 1450.0	    0.0	    0.0	   49.4	1	  300.0	 21	    0.0	    0.0	
  265	  33.10	    0.0	 1500.0	    0.0	 1194.5	 1493.4	    0.0	  200.0	    0.0	 1500.0	    0.0	  200.0	  100.0	    0.0	    0.0	    0.0	    0.0	   49.8	   10.1	  1	 1000.0	 1450.0	    0.0	    0.0	   49.8	1	  300.0	 21	    0.0	    0.0	
  266	  33.20	    0.0	 1500.0	    0.0	 1194.5	 1493.4	    0.0	  200.0	    0.0	 1500.0	    0.0	  200.0	  100.0	    0.0	    0.0	    0.0	    0.0	   50.1	   10.1	  1	 1000.0	 1450.0	    0.0	    0.0	   50.1	1	  300.0	 21	    0.0	    0.0	
  267	  33.30	    0.0	 1500.0	    0.0	 1194.5	 1493.4	    0.0	  200.0	    0.0	 1500.0	    0.0	  200.0	  100.0	    0.0	    0.0	    0.0	    0.0	   50.4	   10.1	  1	 1000.0	 1450.0	    0.0	    0.0	   50.4	1	  300.0	 21	    0.0	    0.0	
  268	  33.40	    0.0	 1500.0	    0.0	 1161.0	 1475.3	    0.0	  200.0	    0.0	 1500.0	    0.0	  200.0	  100.0	    0.0	    0.0	    0.0	    0.0	   50.7	   10.2	  1	 1000.0	 1150.0	    0.0	    0.0	   50.7	1	  496.9	 21	    0.0	    0.0	
  269	  33.50	    0.0	 1500.0	    0.0	 1161.0	 1475.3	    0.0	  200.0	    0.0	 1500.0	    0.0	  200.0	  100.0	    0.0	    0.0	    0.0	    0.0	   51.0	   10.2	  1	 1000.0	 1150.0	    0.0	    0.0	   51.0	1	  497.7	 21	    0.0	    0.0	
  270	  33.60	    0.0	 1500.0	    0.0	 1161.0	 1475.3	    0.0	  200.0	    0.0	 1500.0	    0.0	  200.0	  100.0	    0.0	    0.0	    0.0	    0.0	   51.4	   10.3	  1	 1000.0	 1150.0	    0.0	    0.0	   51.4	1	  498.6	 21	    0.0	    0.0	
  271	  33.70	    0.0	 1500.0	    0.0	 1161.0	 1475.3	    0.0	  200.0	    0.0	 1500.0	    0.0	  200.0	  100.0	    0.0	    0.0	    0.0	    0.0	   51.7	   10.3	  1	 1000.0	 1150.0	    0.0	    0.0	   51.7	1	  499.4	 21	    0.0	    0.0	
  272	  33.80	    0.0	 1500.0	    0.0	 1161.0	 1475.3	    0.0	  200.0	    0.0	 1500.0	    0.0	  200.0	  100.0	    0.0	    0.0	    0.0	    0.0	   52.0	   10.3	  1	 1000.0	 1150.0	    0.0	    0.0	   52.0	1	  500.2	 21	    0.0	    0.0	
  273	  33.90	    0.0	 1500.0	    0.0	 1156.3	 1457.5	    0.0	  200.0	    0.0	 1500.0	    0.0	  200.0	  100.0	    0.0	    0.0	    0.0	    0.0	   52.3	   10.4	  1	 1000.0	 1750.0	    0.0	    0.0	   52.3	1	  500.5	 21	    0.0	    0.0	
  274	  34.00	    0.0	 1500.0	    0.0	 1156.3	 1457.5	    0.0	  200.0	    0.0	 1500.0	    0.0	  200.0	  100.0	    0.0	    0.0	    0.0	    0.0	   52.6	   10.4	  1	 1000.0	 1750.0	    0.0	    0.0	   52.6	1	  501.3	 21	    0.0	    0.0	
  275	  34.10	    0.0	 1500.0	    0.0	 1156.3	 1457.5	    0.0	  200.0	    0.0	 1500.0	    0.0	  200.0	  100.0	    0.0	    0.0	    0.0	    0.0	   52.9	   10.4	  1	 1000.0	 1750.0	    0.0	    0.0	   52.9	1	  502.1	 21	    0.0	    0.0	
  276	  34.20	    0.0	 1500.0	    0.0	 1156.3	 1457.5	    0.0	  200.0	    0.0	 1500.0	    0.0	  200.0	  100.0	    0.0	    0.0	    0.0	    0.0	   53.3	   10.5	  1	 1000.0	 1750.0	    0.0	    0.0	   53.3	1	  502.9	 21	    0.0	    0.0	
  277	  34.30	    0.0	 1500.0	    0.0	 1156.3	 1457.5	    0.0	  200.0	    0.0	 1500.0	    0.0	  200.0	  100.0	    0.0	    0.0	    0.0	    0.0	   53.6	   10.5	  1	 1000.0	 1750.0	    0.0	    0.0	   53.6	1	  503.6	 21	    0.0	    0.0	
  278	  34.40	    0.0	 1500.0	    0.0	 1220.8	 1466.6	    0.0	  200.0	    0.0	 1500.0	    0.0	  200.0	  100.0	    0.0	    0.0	    0.0	    0.0	   53.9	   10.6	  1	 1000.0	 1650.0	    0.0	    0.0	   53.9	1	  518.4	 21	    0.0	    0.0	
  279	  34.50	    0.0	 1500.0	    0.0	 1220.8	 1466.6	    0.0	  200.0	    0.0	 1500.0	    0.0	  200.0	  100.0	    0.0	    0.0	    0.0	    0.0	   54.2	   10.6	  1	 1000.0	 1650.0	    0.0	    0.0	   54.2	1	  519.2	 21	    0.0	    0.0	
  280	  34.60	    0.0	 1500.0	    0.0	 1220.8	 1466.6	    0.0	  200.0	    0.0	 1500.0	    0.0	  200.0	  100.0	    0.0	    0.0	    0.0	    0.0	   54.6	   10.6	  1	 1000.0	 1650.0	    0.0	    0.0	   54.6	1	  520.0	 21	    0.0	    0.0	
  281	  34.70	    0.0	 1500.0	    0.0	 1220.8	 1466.6	    0.0	  200.0	    0.0	 1500.0	    0.0	  200.0	  100.0	    0.0	    0.0	    0.0	    0.0	   54.9	   10.7	  1	 1000.0	 1650.0	    0.0	    0.0	   54.9	1	  520.8	 21	    0.0	    0.0	
  282	  34.80	    0.0	 1500.0	    0.0	 1220.8	 1466.6	    0.0	  200.0	    0.0	 1500.0	    0.0	  200.0	  100.0	    0.0	    0.0	    0.0	    0.0	   55.3	   10.7	  1	 1000.0	 1650.0	    0.0	    0.0	   55.3	1	  521.6	 21	    0.0	    0.0	
  283	  34.90	    0.0	 1500.0	    0.0	 1220.8	 1466.6	    0.0	  200.0	    0.0	 1500.0	    0.0	  200.0	  100.0	    0.0	    0.0	    0.0	    0.0	   55.6	   10.8	  1	 1000.0	 1650.0	    0.0	    0.0	   55.6	1	  522.4	 21	    0.0	    0.0	
  284	  35.00	    0.0	 1500.0	    0.0	 1299.3	 1483.8	    0.0	  200.0	    0.0	 1500.0	    0.0	  200.0	  100.0	    0.0	    0.0	    0.0	    0.0	   56.0	   10.8	  1	 1000.0	 1450.0	    0.0	    0.0	   56.0	1	  300.0	 21	    0.0	    0.0	
  285	  35.10	    0.0	 1500.0	    0.0	 1299.3	 1483.8	    0.0	  200.0	    0.0	 1500.0	    0.0	  200.0	  100.0	    0.0	    0.0	    0.0	    0.0	   56.4	   10.8	  1	 1000.0	 1450.0	    0.0	    0.0	   56.4	1	  300.0	 21	    0.0	    0.0	
  286	  35.20	    0.0	 1500.0	    0.0	 1299.3	 1483.8	    0.0	  200.0	    0.0	 1500.0	    0.0	  200.0	  100.0	    0.0	    0.0	    0.0	    0.0	   56.8	   10.9	  1	 1000.0	 1450.0	    0.0	    0.0	   56.8	1	  300.0	 21	    0.0	    0.0	
  287	  35.30	    0.0	 1500.0	    0.0	 1299.3	 1483.8	    0.0	  200.0	    0.0	 1500.0	    0.0	  200.0	  100.0	    0.0	    0.0	    0.0	    0.0	   57.1	   10.9	  1	 1000.0	 1450.0	    0.0	    0.0	   57.1	1	  300.0	 21	    0.0	    0.0	
  288	  35.40	    0.0	 1500.0	    0.0	 1299.3	 1483.8	    0.0	  200.0	    0.0	 1500.0	    0.0	  200.0	  100.0	    0.0	    0.0	    0.0	    0.0	   57.5	   10.9	  1	 1000.0	 1450.0	    0.0	    0.0	   57.5	1	  300.0	 21	    0.0	    0.0	
  289	  35.50	    0.0	 1500.0	    0.0	 1406.6	 1503.7	    0.0	  200.0	    0.0	 1500.0	    0.0	  200.0	  100.0	    0.0	    0.0	    0.0	    0.0	   57.9	   11.0	  1	 1000.0	 1650.0	    0.0	    0.0	   57.9	1	  539.8	 21	    0.0	    0.0	
  290	  35.60	    0.0	 1500.0	    0.0	 1406.6	 1503.7	    0.0	  200.0	    0.0	 1500.0	    0.0	  200.0	  100.0	    0.0	    0.0	    0.0	    0.0	   58.4	   11.0	  1	 1000.0	 1650.0	    0.0	    0.0	   58.4	1	  539.8	 21	    0.0	    0.0	
  291	  35.70	    0.0	 1500.0	    0.0	 1406.6	 1503.7	    0.0	  200.0	    0.0	 1500.0	    0.0	  200.0	  100.0	    0.0	    0.0	    0.0	    0.0	   58.8	   11.1	  1	 1000.0	 1650.0	    0.0	    0.0	   58.8	1	  539.8	 21	    0.0	    0.0	
  292	  35.80	    0.0	 1500.0	    0.0	 1406.6	 1503.7	    0.0	  200.0	    0.0	 1500.0	    0.0	  200.0	  100.0	    0.0	    0.0	    0.0	    0.0	   59.2	   11.1	  1	 1000.0	 1650.0	    0.0	    0.0	   59.2	1	  539.8	 21	    0.0	    0.0	
  293	  35.90	    0.0	 1500.0	    0.0	 1406.6	 1503.7	    0.0	  200.0	    0.0	 1500.0	    0.0	  200.0	  100.0	    0.0	    0.0	    0.0	    0.0	   59.6	   11.1	  1	 1000.0	 1650.0	    0.0	    0.0	   59.6	1	  539.8	 21	    0.0	    0.0	
  294	  36.00	    0.0	 1500.0	    0.0	 1461.6	 1510.1	    0.0	  200.0	    0.0	 1500.0	    0.0	  200.0	  100.0	    0.0	    0.0	    0.0	    0.0	   60.1	   11.2	  1	 1000.0	 1850.0	    0.0	    0.0	   60.1	1	  539.5	 21	    0.0	    0.0	
  295	  36.10	    0.0	 1500.0	    0.0	 1406.6	 1503.7	    0.0	  200.0	    0.0	 1500.0	    0.0	  200.0	  100.0	    0.0	    0.0	    0.0	    0.0	   60.5	   11.2	  1	 1000.0	 1650.0	    0.0	    0.0	   60.5	1	  539.8	 21	    0.0	    0.0	
  296	  36.20	    0.0	 1500.0	    0.0	 1461.6	 1510.1	    0.0	  200.0	    0.0	 1500.0	    0.0	  200.0	  100.0	    0.0	    0.0	    0.0	    0.0	   61.0	   11.2	  1	 1000.0	 1850.0	    0.0	    0.0	   61.0	1	  539.5	 21	    0.0	    0.0	
  297	  36.30	    0.0	 1500.0	    0.0	 1461.6	 1510.1	    0.0	  200.0	    0.0	 1500.0	    0.0	  200.0	  100.0	    0.0	    0.0	    0.0	    0.0	   61.4	   11.3	  1	 1000.0	 1850.0	    0.0	    0.0	   61.4	1	  539.5	 21	    0.0	    0.0	
  298	  36.40	    0.0	 1500.0	    0.0	 1461.6	 1510.1	    0.0	  200.0	    0.0	 1500.0	    0.0	  200.0	  100.0	    0.0	    0.0	    0.0	    0.0	   61.9	   11.3	  1	 1000.0	 1850.0	    0.0	    0.0	   61.9	1	  539.5	 21	    0.0	    0.0	
  299	  36.50	    0.0	 1500.0	    0.0	 1461.6	 1510.1	    0.0	  200.0	    0.0	 1500.0	    0.0	  200.0	  100.0	    0.0	    0.0	    0.0	    0.0	   62.3	   11.4	  1	 1000.0	 1850.0	    0.0	    0.0	   62.3	1	  539.5	 21	    0.0	    0.0	
  300	  36.60	    0.0	 1500.0	    0.0	 1460.3	 1503.5	    0.0	  200.0	    0.0	 1500.0	    0.0	  200.0	  100.0	    0.0	    0.0	    0.0	    0.0	   62.8	   11.4	  1	 1000.0	 1850.0	    0.0	    0.0	   62.8	1	  539.5	 21	    0.0	    0.0	
  301	  36.70	    0.0	 1500.0	    0.0	 1460.3	 1503.5	    0.0	  200.0	    0.0	 1500.0	    0.0	  200.0	  100.0	    0.0	    0.0	    0.0	    0.0	   63.2	   11.4	  1	 1000.0	 1850.0	    0.0	    0.0	   63.2	1	  539.5	 21	    0.0	    0.0	
  302	  36.80	    0.0	 1500.0	    0.0	 1460.3	 1503.5	    0.0	  200.0	    0.0	 1500.0	    0.0	  200.0	  100.0	    0.0	    0.0	    0.0	    0.0	   63.7	   11.5	  1	 1000.0	 1850.0	    0.0	    0.0	   63.7	1	  539.5	 21	    0.0	    0.0	
  303	  36.90	    0.0	 1500.0	    0.0	 1460.3	 1503.5	    0.0	  200.0	    0.0	 1500.0	    0.0	  200.0	  100.0	    0.0	    0.0	    0.0	    0.0	   64.1	   11.5	  1	 1000.0	 1850.0	    0.0	    0.0	   64.1	1	  539.5	 21	    0.0	    0.0	
  304	  37.00	    0.0	 1500.0	    0.0	 1451.8	 1504.0	    0.0	  200.0	    0.0	 1500.0	    0.0	  200.0	  100.0	    0.0	    0.0	    0.0	    0.0	   64.6	   11.6	  1	 1000.0	 1050.0	    0.0	    0.0	   64.6	1	  539.3	 21	    0.0	    0.0	
  305	  37.10	    0.0	 1500.0	    0.0	 1451.8	 1504.0	    0.0	  200.0	    0.0	 1500.0	    0.0	  200.0	  100.0	    0.0	    0.0	    0.0	    0.0	   65.0	   11.6	  1	 1000.0	 1050.0	    0.0	    0.0	   65.0	1	  539.3	 21	    0.0	    0.0	
  306	  37.20	    0.0	 1500.0	    0.0	 1451.8	 1504.0	    0.0	  200.0	    0.0	 1500.0	    0.0	  200.0	  100.0	    0.0	    0.0	    0.0	    0.0	   65.5	   11.6	  1	 1000.0	 1050.0	    0.0	    0.0	   65.5	1	  539.3	 21	    0.0	    0.0	
  307	  37.30	    0.0	 1500.0	    0.0	 1451.8	 1504.0	    0.0	  200.0	    0.0	 1500.0	    0.0	  200.0	  100.0	    0.0	    0.0	    0.0	    0.0	   65.9	   11.7	  1	 1000.0	 1050.0	    0.0	    0.0	   65.9	1	  539.3	 21	    0.0	    0.0	
  308	  37.40	    0.0	 1500.0	    0.0	 1451.8	 1504.0	    0.0	  200.0	    0.0	 1500.0	    0.0	  200.0	  100.0	    0.0	    0.0	    0.0	    0.0	   66.4	   11.7	  1	 1000.0	 1050.0	    0.0	    0.0	   66.4	1	  539.3	 21	    0.0	    0.0	
  309	  37.50	    0.0	 1500.0	    0.0	 1451.8	 1504.0	    0.0	  200.0	    0.0	 1500.0	    0.0	  200.0	  100.0	    0.0	    0.0	    0.0	    0.0	   66.8	   11.7	  1	 1000.0	 1050.0	    0.0	    0.0	   66.8	1	  539.3	 21	    0.0	    0.0	
  310	  37.60	    0.0	 1500.0	    0.0	 1451.8	 1504.0	    0.0	  200.0	    0.0	 1500.0	    0.0	  200.0	  100.0	    0.0	    0.0	    0.0	    0.0	   67.3	   11.8	  1	 1000.0	 1050.0	    0.0	    0.0	   67.3	1	  539.3	 21	    0.0	    0.0	
  311	  37.70	    0.0	 1500.0	    0.0	 1427.3	 1503.9	    0.0	  200.0	    0.0	 1500.0	    0.0	  200.0	  100.0	    0.0	    0.0	    0.0	    0.0	   67.7	   11.8	  1	 1000.0	 1750.0	    0.0	    0.0	   67.7	1	  539.7	 21	    0.0	    0.0	
  312	  37.80	    0.0	 1500.0	    0.0	 1427.3	 1503.9	    0.0	  200.0	    0.0	 1500.0	    0.0	  200.0	  100.0	    0.0	    0.0	    0.0	    0.0	   68.1	   11.9	  1	 1000.0	 1750.0	    0.0	    0.0	   68.1	1	  539.7	 21	    0.0	    0.0	
  313	  37.90	    0.0	 1500.0	    0.0	 1427.3	 1503.9	    0.0	  200.0	    0.0	 1500.0	    0.0	  200.0	  100.0	    0.0	    0.0	    0.0	    0.0	   68.6	   11.9	  1	 1000.0	 1750.0	    0.0	    0.0	   68.6	1	  539.7	 21	    0.0	    0.0	
  314	  38.00	    0.0	 1500.0	    0.0	 1427.3	 1503.9	    0.0	  200.0	    0.0	 1500.0	    0.0	  200.0	  100.0	    0.0	    0.0	    0.0	    0.0	   69.0	   11.9	  1	 1000.0	 1750.0	    0.0	    0.0	   69.0	1	  539.7	 21	    0.0	    0.0	
  315	  38.10	    0.0	 1500.0	    0.0	 1311.5	 1492.1	    0.0	  200.0	    0.0	 1500.0	    0.0	  200.0	  100.0	    0.0	    0.0	    0.0	    0.0	   69.4	   12.0	  1	 1000.0	 1350.0	    0.0	    0.0	   69.4	1	  539.7	 21	    0.0	    0.0	
  316	  38.20	    0.0	 1500.0	    0.0	 1427.3	 1503.9	    0.0	  200.0	    0.0	 1500.0	    0.0	  200.0	  100.0	    0.0	    0.0	    0.0	    0.0	   69.8	   12.0	  1	 1000.0	 1750.0	    0.0	    0.0	   69.8	1	  539.7	 21	    0.0	    0.0	
  317	  38.30	    0.0	 1500.0	    0.0	 1311.5	 1492.1	    0.0	  200.0	    0.0	 1500.0	    0.0	  200.0	  100.0	    0.0	    0.0	    0.0	    0.0	   70.2	   12.0	  1	 1000.0	 1350.0	    0.0	    0.0	   70.2	1	  539.7	 21	    0.0	    0.0	
  318	  38.40	    0.0	 1500.0	    0.0	 1311.5	 1492.1	    0.0	  200.0	    0.0	 1500.0	    0.0	  200.0	  100.0	    0.0	    0.0	    0.0	    0.0	   70.6	   12.1	  1	 1000.0	 1350.0	    0.0	    0.0	   70.6	1	  539.7	 21	    0.0	    0.0	
  319	  38.50	    0.0	 1500.0	    0.0	 1311.5	 1492.1	    0.0	  200.0	    0.0	 1500.0	    0.0	  200.0	  100.0	    0.0	    0.0	    0.0	    0.0	   71.0	   12.1	  1	 1000.0	 1350.0	    0.0	    0.0	   71.0	1	  539.7	 21	    0.0	    0.0	
  320	  38.60	    0.0	 1500.0	    0.0	 1262.2	 1473.5	    0.0	  200.0	    0.0	 1500.0	    0.0	  200.0	  100.0	    0.0	    0.0	    0.0	    0.0	   71.3	   12.2	  1	 1000.0	 1150.0	    0.0	    0.0	   71.3	1	  539.4	 21	    0.0	    0.0	
  321	  38.70	    0.0	 1500.0	    0.0	 1311.5	 1492.1	    0.0	  200.0	    0.0	 1500.0	    0.0	  200.0	  100.0	    0.0	    0.0	    0.0	    0.0	   71.7	   12.2	  1	 1000.0	 1350.0	    0.0	    0.0	   71.7	1	  539.7	 21	    0.0	    0.0	
