    1	   0.10	    0.0	    0.0	    0.0	    0.0	    0.0	    0.0	    0.0	    0.0	    0.0	    0.0	    0.0	  100.0	   99.9	    0.0	    0.0	    0.0	    0.0	    0.1	  1	 -750.0	  750.0	   99.9	    0.0	    0.0	1	  967.7	 21	    0.0	    5.0	
    2	   0.20	    0.0	    0.0	  -91.1	    0.0	    0.0	    0.0	    0.0	    0.0	    0.0	    0.0	    0.0	  100.0	   99.4	    0.0	    0.0	    0.0	    0.0	    0.1	  1	  -50.0	 1250.0	   99.4	    0.0	    0.0	1	 1173.9	 21	    0.0	    5.0	
    3	   0.30	    0.0	    0.0	  -90.0	    0.0	    0.0	    0.0	    0.0	    0.0	    0.0	    0.0	    0.0	  100.0	   98.9	    0.0	    0.0	    0.0	    0.0	    0.2	  1	  -50.0	 1250.0	   98.9	    0.0	    0.0	1	 1173.9	 21	    0.0	    5.0	
    4	   0.40	    0.0	    0.0	  -90.0	    0.0	    0.0	    0.0	    0.0	    0.0	    0.0	    0.0	    0.0	  100.0	   98.4	    0.0	    0.0	    0.0	    0.0	    0.3	  1	  -50.0	 1250.0	   98.4	    0.0	    0.0	1	 1173.9	 21	    0.0	    5.0	
    5	   0.50	    0.0	    0.0	  -90.0	    0.0	    0.0	    0.0	    0.0	    0.0	    0.0	    0.0	    0.0	  100.0	   97.9	    0.0	    0.0	    0.0	    0.0	    0.4	  1	  -50.0	 1250.0	   97.9	    0.0	    0.0	1	 1173.9	 21	    0.0	    5.0	
    6	   0.60	    0.0	    0.0	  -90.0	    0.0	    0.0	    0.0	    0.0	    0.0	    0.0	    0.0	    0.0	  100.0	   97.4	    0.0	    0.0	    0.0	    0.0	    0.4	  1	  -50.0	 1250.0	   97.4	    0.0	    0.0	1	 1173.9	 21	    0.0	    5.0	
    7	   0.70	    0.0	    0.0	  -90.0	    0.0	    0.0	    0.0	    0.0	    0.0	    0.0	    0.0	    0.0	  100.0	   96.9	    0.0	    0.0	    0.0	    0.0	    0.5	  1	  -50.0	 1250.0	   96.9	    0.0	    0.0	1	 1173.9	 21	    0.0	    5.0	
    8	   0.80	    0.0	    0.0	  -90.0	    0.0	    0.0	    0.0	    0.0	    0.0	    0.0	    0.0	    0.0	  100.0	   96.4	    0.0	    0.0	    0.0	    0.0	    0.6	  1	  -50.0	 1250.0	   96.4	    0.0	    0.0	1	 1173.9	 21	    0.0	    5.0	
    9	   0.90	    0.0	    0.0	  -90.0	    0.0	    0.0	    0.0	    0.0	    0.0	    0.0	    0.0	    0.0	  100.0	   95.9	    0.0	    0.0	    0.0	    0.0	    0.6	  1	  -50.0	 1250.0	   95.9	    0.0	    0.0	1	 1173.9	 21	    0.0	    5.0	
   10	   1.00	    0.0	    0.0	  -90.0	    0.0	    0.0	    0.0	    0.0	    0.0	    0.0	    0.0	    0.0	  100.0	   95.4	    0.0	    0.0	    0.0	    0.0	    0.7	  1	  -50.0	 1250.0	   95.4	    0.0	    0.0	1	 1173.9	 21	    0.0	    5.0	
   11	   1.10	    0.0	    0.0	  -90.0	    0.0	    0.0	    0.0	    0.0	    0.0	    0.0	    0.0	    0.0	  100.0	   94.9	    0.0	    0.0	    0.0	    0.0	    0.8	  1	  -50.0	 1250.0	   94.9	    0.0	    0.0	1	 1173.9	 21	    0.0	    5.0	
   12	   1.20	    0.0	    0.0	  -90.0	    0.0	    0.0	    0.0	    0.0	    0.0	    0.0	    0.0	    0.0	  100.0	   94.4	    0.0	    0.0	    0.0	    0.0	    0.9	  1	  -50.0	 1250.0	   94.4	    0.0	    0.0	1	 1173.9	 21	    0.0	    5.0	
   13	   1.30	    0.0	    0.0	  -90.0	    0.0	    0.0	    0.0	    0.0	    0.0	    0.0	    0.0	    0.0	  100.0	   93.9	    0.0	    0.0	    0.0	    0.0	    0.9	  1	  -50.0	 1250.0	   93.9	    0.0	    0.0	1	 1173.9	 21	    0.0	    5.0	
   14	   1.40	    0.0	    0.0	  -90.0	    0.0	    0.0	    0.0	    0.0	    0.0	    0.0	    0.0	    0.0	  100.0	   93.4	    0.0	    0.0	    0.0	    0.0	    1.0	  1	  -50.0	 1250.0	   93.4	    0.0	    0.0	1	 1173.9	 21	    0.0	    5.0	
   15	   1.50	    0.0	    0.0	  -90.0	    0.0	    0.0	    0.0	    0.0	    0.0	    0.0	    0.0	    0.0	  100.0	   92.9	    0.0	    0.0	    0.0	    0.0	    1.1	  1	  -50.0	 1250.0	   92.9	    0.0	    0.0	1	 1173.9	 21	    0.0	    5.0	
   16	   1.60	    0.0	    0.0	  -90.0	    0.0	    0.0	    0.0	    0.0	    0.0	    0.0	    0.0	    0.0	  100.0	   92.4	    0.0	    0.0	    0.0	    0.0	    1.1	  1	  -50.0	 1250.0	   92.4	    0.0	    0.0	1	 1173.9	 21	    0.0	    5.0	
   17	   1.70	    0.0	    0.0	  -90.0	    0.0	    0.0	    0.0	    0.0	    0.0	    0.0	    0.0	    0.0	  100.0	   91.9	    0.0	    0.0	    0.0	    0.0	    1.2	  1	  -50.0	 1250.0	   91.9	    0.0	    0.0	1	 1173.9	 21	    0.0	    5.0	
   18	   1.80	    0.0	    0.0	  -90.0	    0.0	    0.0	    0.0	    0.0	    0.0	    0.0	    0.0	    0.0	  100.0	   91.4	    0.0	    0.0	    0.0	    0.0	    1.3	  1	  -50.0	 1250.0	   91.4	    0.0	    0.0	1	 1173.9	 21	    0.0	    5.0	
   19	   1.90	    0.0	    0.0	  -90.0	    0.0	    0.0	    0.0	    0.0	    0.0	    0.0	    0.0	    0.0	  100.0	   90.9	    0.0	    0.0	    0.0	    0.0	    1.4	  1	  -50.0	 1250.0	   90.9	    0.0	    0.0	1	 1173.9	 21	    0.0	    5.0	
   20	   2.00	    0.0	    0.0	  -90.0	    0.0	    0.0	    0.0	    0.0	    0.0	    0.0	    0.0	    0.0	  100.0	   90.4	    0.0	    0.0	    0.0	    0.0	    1.4	  1	  -50.0	 1250.0	   90.4	    0.0	    0.0	1	 1173.9	 21	    0.0	    5.0	
   21	   2.10	    0.0	    0.0	  -90.0	    0.0	    0.0	    0.0	    0.0	    0.0	    0.0	    0.0	    0.0	  100.0	   89.9	    0.0	    0.0	    0.0	    0.0	    1.5	  1	  -50.0	 1250.0	   89.9	    0.0	    0.0	1	 1173.9	 21	    0.0	    5.0	
   22	   2.20	    0.0	    0.0	  -90.0	    0.0	    0.0	    0.0	    0.0	    0.0	    0.0	    0.0	    0.0	  100.0	   89.4	    0.0	    0.0	    0.0	    0.0	    1.6	  1	  -50.0	 1250.0	   89.4	    0.0	    0.0	1	 1173.9	 21	    0.0	    5.0	
   23	   2.30	    0.0	    0.0	  -90.0	    0.0	    0.0	    0.0	    0.0	    0.0	    0.0	    0.0	    0.0	  100.0	   88.9	    0.0	    0.0	    0.0	    0.0	    1.6	  1	  -50.0	 1250.0	   88.9	    0.0	    0.0	1	 1173.9	 21	    0.0	    5.0	
   24	   2.40	    0.0	    0.0	  -90.0	    0.0	    0.0	    0.0	    0.0	    0.0	    0.0	    0.0	    0.0	  100.0	   88.4	    0.0	    0.0	    0.0	    0.0	    1.7	  1	  -50.0	 1250.0	   88.4	    0.0	    0.0	1	 1173.9	 21	    0.0	    5.0	
   25	   2.50	    0.0	    0.0	  -90.0	    0.0	    0.0	    0.0	    0.0	    0.0	    0.0	    0.0	    0.0	  100.0	   87.9	    0.0	    0.0	    0.0	    0.0	    1.8	  1	  -50.0	 1250.0	   87.9	    0.0	    0.0	1	 1173.9	 21	    0.0	    5.0	
   26	   2.60	    0.0	    0.0	  -90.0	    0.0	    0.0	    0.0	    0.0	    0.0	    0.0	    0.0	    0.0	  100.0	   87.4	    0.0	    0.0	    0.0	    0.0	    1.9	  1	  -50.0	 1250.0	   87.4	    0.0	    0.0	1	 1173.9	 21	    0.0	    5.0	
   27	   2.70	    0.0	    0.0	  -90.0	    0.0	    0.0	    0.0	    0.0	    0.0	    0.0	    0.0	    0.0	  100.0	   86.9	    0.0	    0.0	    0.0	    0.0	    1.9	  1	  -50.0	 1250.0	   86.9	    0.0	    0.0	1	 1173.9	 21	    0.0	    5.0	
   28	   2.80	    0.0	    0.0	  -90.0	    0.0	    0.0	    0.0	    0.0	    0.0	    0.0	    0.0	    0.0	  100.0	   86.4	    0.0	    0.0	    0.0	    0.0	    2.0	  1	  -50.0	 1250.0	   86.4	    0.0	    0.0	1	 1173.9	 21	    0.0	    5.0	
   29	   2.90	    0.0	    0.0	  -90.0	    0.0	    0.0	    0.0	    0.0	    0.0	    0.0	    0.0	    0.0	  100.0	   85.9	    0.0	    0.0	    0.0	    0.0	    2.1	  1	  -50.0	 1250.0	   85.9	    0.0	    0.0	1	 1173.9	 21	    0.0	    5.0	
   30	   3.00	    0.0	    0.0	  -90.0	    0.0	    0.0	    0.0	    0.0	    0.0	    0.0	    0.0	    0.0	  100.0	   85.4	    0.0	    0.0	    0.0	    0.0	    2.1	  1	  -50.0	 1250.0	   85.4	    0.0	    0.0	1	 1173.9	 21	    0.0	    5.0	
   31	   3.10	    0.0	    0.0	  -90.0	    0.0	    0.0	    0.0	    0.0	    0.0	    0.0	    0.0	    0.0	  100.0	   84.9	    0.0	    0.0	    0.0	    0.0	    2.2	  1	  -50.0	 1250.0	   84.9	    0.0	    0.0	1	 1173.9	 21	    0.0	    5.0	
   32	   3.20	    0.0	    0.0	  -90.0	    0.0	    0.0	    0.0	    0.0	    0.0	    0.0	    0.0	    0.0	  100.0	   84.4	    0.0	    0.0	    0.0	    0.0	    2.3	  1	  -50.0	 1250.0	   84.4	    0.0	    0.0	1	 1173.9	 21	    0.0	    5.0	
   33	   3.30	    0.0	    0.0	  -90.0	    0.0	    0.0	    0.0	    0.0	    0.0	    0.0	    0.0	    0.0	  100.0	   83.9	    0.0	    0.0	    0.0	    0.0	    2.4	  1	  -50.0	 1250.0	   83.9	    0.0	    0.0	1	 1173.9	 21	    0.0	    5.0	
   34	   3.40	    0.0	    0.0	  -90.0	    0.0	    0.0	    0.0	    0.0	    0.0	    0.0	    0.0	    0.0	  100.0	   83.4	    0.0	    0.0	    0.0	    0.0	    2.4	  1	  -50.0	 1250.0	   83.4	    0.0	    0.0	1	 1173.9	 21	    0.0	    5.0	
   35	   3.50	    0.0	    0.0	  -90.0	    0.0	    0.0	    0.0	    0.0	    0.0	    0.0	    0.0	    0.0	  100.0	   82.9	    0.0	    0.0	    0.0	    0.0	    2.5	  1	  -50.0	 1250.0	   82.9	    0.0	    0.0	1	 1173.1	 21	    0.0	    5.0	
   36	   3.60	    0.0	    0.0	  -91.1	    0.0	    0.0	    0.0	    0.0	    0.0	    0.0	    0.0	    0.0	  100.0	   82.4	    0.0	    0.0	    0.0	    0.0	    2.6	  1	  -50.0	 1250.0	   82.4	    0.0	    0.0	1	 1172.3	 21	    0.0	    5.0	
   37	   3.70	    0.0	    0.0	  -92.6	    0.0	    0.0	    0.0	    0.0	    0.0	    0.0	    0.0	    0.0	  100.0	   81.9	    0.0	    0.0	    0.0	    0.0	    2.6	  1	  -50.0	 1250.0	   81.9	    0.0	    0.0	1	 1171.5	 21	    0.0	    5.0	
   38	   3.80	    0.0	 1500.0	  -94.5	    0.0	 1500.0	    0.0	  200.0	    0.0	 1500.0	    0.0	  200.0	  100.0	   89.7	    0.0	    0.0	    0.0	    0.0	    2.5	  1	  -50.0	 2250.0	   89.7	    0.0	    0.0	1	  507.6	 21	 1207.2	 -192.8	
   39	   3.90	    0.0	 1500.0	   89.3	    0.0	 1500.0	    0.0	  200.0	    0.0	 1500.0	    0.0	  200.0	  100.0	   89.2	    0.0	    0.0	    0.0	    0.0	    2.5	  1	 -750.0	 1550.0	   89.2	    0.0	    0.0	1	  387.1	 21	    0.0	    0.0	
   40	   4.00	    0.0	 1500.0	  102.2	    0.0	 1500.0	    0.0	  200.0	    0.0	 1500.0	    0.0	  200.0	  100.0	   88.7	    0.0	    0.0	    0.0	    0.0	    2.6	  1	 -750.0	 1550.0	   88.7	    0.0	    0.0	1	  386.6	 21	    0.0	    0.0	
   41	   4.10	    0.0	 1500.0	  107.5	    0.0	 1500.0	    0.0	  200.0	    0.0	 1500.0	    0.0	  200.0	  100.0	   88.2	    0.0	    0.0	    0.0	    0.0	    2.6	  1	 -750.0	 1550.0	   88.2	    0.0	    0.0	1	  386.2	 21	    0.0	    0.0	
   42	   4.20	    0.0	 1500.0	  110.1	    0.0	 1500.0	    0.0	  200.0	    0.0	 1500.0	    0.0	  200.0	  100.0	   87.7	    0.0	    0.0	    0.0	    0.0	    2.7	  1	 -750.0	 1550.0	   87.7	    0.0	    0.0	1	  385.7	 21	    0.0	    0.0	
   43	   4.30	    0.0	 1500.0	  111.7	    0.0	 1500.0	    0.0	  200.0	    0.0	 1500.0	    0.0	  200.0	  100.0	   87.2	    0.0	    0.0	    0.0	    0.0	    2.8	  1	 -750.0	 1550.0	   87.2	    0.0	    0.0	1	  385.2	 21	    0.0	    0.0	
   44	   4.40	    0.0	 1500.0	  113.0	    0.0	 1500.0	    0.0	  200.0	    0.0	 1500.0	    0.0	  200.0	  100.0	   86.7	    0.0	    0.0	    0.0	    0.0	    2.9	  1	 -750.0	 1550.0	   86.7	    0.0	    0.0	1	  384.8	 21	    0.0	    0.0	
   45	   4.50	    0.0	 1500.0	  114.3	    0.0	 1500.0	    0.0	  200.0	    0.0	 1500.0	    0.0	  200.0	  100.0	   86.2	    0.0	    0.0	    0.0	    0.0	    2.9	  1	 -750.0	 1550.0	   86.2	    0.0	    0.0	1	  384.3	 21	    0.0	    0.0	
   46	   4.60	    0.0	 1500.0	  115.9	    0.0	 1500.0	    0.0	  200.0	    0.0	 1500.0	    0.0	  200.0	  100.0	   85.7	    0.0	    0.0	    0.0	    0.0	    3.0	  1	 -750.0	 1550.0	   85.7	    0.0	    0.0	1	  383.9	 21	    0.0	    0.0	
   47	   4.70	    0.0	 1500.0	  118.4	    0.0	 1500.0	    0.0	  200.0	    0.0	 1500.0	    0.0	  200.0	  100.0	   85.2	    0.0	    0.0	    0.0	    0.0	    3.1	  1	 -750.0	 1550.0	   85.2	    0.0	    0.0	1	  383.4	 21	    0.0	    0.0	
   48	   4.80	    0.0	 1500.0	  123.3	    0.0	 1500.0	    0.0	  200.0	    0.0	 1500.0	    0.0	  200.0	  100.0	   84.7	    0.0	    0.0	    0.0	    0.0	    3.1	  1	 -750.0	 1550.0	   84.7	    0.0	    0.0	1	  382.9	 21	    0.0	    0.0	
   49	   4.90	    0.0	 1500.0	  133.5	    0.0	 1500.0	    0.0	  200.0	    0.0	 1500.0	    0.0	  200.0	  100.0	   84.2	    0.0	    0.0	    0.0	    0.0	    3.2	  1	 -750.0	 1550.0	   84.2	    0.0	    0.0	1	  382.5	 21	    0.0	    0.0	
   50	   5.00	    0.0	 1500.0	  150.7	    0.0	 1500.0	    0.0	  200.0	    0.0	 1500.0	    0.0	  200.0	  100.0	   83.7	    0.0	    0.0	    0.0	    0.0	    3.3	  1	 -750.0	 1550.0	   83.7	    0.0	    0.0	1	  382.0	 21	    0.0	    0.0	
   51	   5.10	    0.0	 1500.0	  165.3	    0.0	 1500.0	    0.0	  200.0	    0.0	 1500.0	    0.0	  200.0	  100.0	   83.2	    0.0	    0.0	    0.0	    0.0	    3.3	  1	 -750.0	 1550.0	   83.2	    0.0	    0.0	1	  381.5	 21	    0.0	    0.0	
   52	   5.20	    0.0	 1500.0	  171.2	    0.0	 1500.0	    0.0	  200.0	    0.0	 1500.0	    0.0	  200.0	  100.0	   82.7	    0.0	    0.0	    0.0	    0.0	    3.4	  1	 -750.0	 1550.0	   82.7	    0.0	    0.0	1	  381.1	 21	    0.0	    0.0	
   53	   5.30	    0.0	 1500.0	  172.8	    0.0	 1500.0	    0.0	  200.0	    0.0	 1500.0	    0.0	  200.0	  100.0	   82.2	    0.0	    0.0	    0.0	    0.0	    3.5	  1	 -750.0	 1550.0	   82.2	    0.0	    0.0	1	  380.6	 21	    0.0	    0.0	
   54	   5.40	    0.0	 1500.0	  173.3	    0.0	 1500.0	    0.0	  200.0	    0.0	 1500.0	    0.0	  200.0	  100.0	   81.7	    0.0	    0.0	    0.0	    0.0	    3.5	  1	 -750.0	 1550.0	   81.7	    0.0	    0.0	1	  380.1	 21	    0.0	    0.0	
   55	   5.50	    0.0	 1500.0	  173.4	    0.0	 1500.0	    0.0	  200.0	    0.0	 1500.0	    0.0	  200.0	  100.0	   81.2	    0.0	    0.0	    0.0	    0.0	    3.6	  1	 -750.0	 1550.0	   81.2	    0.0	    0.0	1	  379.7	 21	    0.0	    0.0	
   56	   5.60	    0.0	 1500.0	  173.4	    0.0	 1500.0	    0.0	  200.0	    0.0	 1500.0	    0.0	  200.0	  100.0	   80.7	    0.0	    0.0	    0.0	    0.0	    3.7	  1	 -750.0	 1550.0	   80.7	    0.0	    0.0	1	  379.2	 21	    0.0	    0.0	
   57	   5.70	    0.0	 1500.0	  173.3	    0.0	 1500.0	    0.0	  200.0	    0.0	 1500.0	    0.0	  200.0	  100.0	   80.2	    0.0	    0.0	    0.0	    0.0	    3.7	  1	 -750.0	 1550.0	   80.2	    0.0	    0.0	1	  378.7	 21	    0.0	    0.0	
   58	   5.80	    0.0	 1500.0	  173.1	    0.0	 1500.0	    0.0	  200.0	    0.0	 1500.0	    0.0	  200.0	  100.0	   79.7	    0.0	    0.0	    0.0	    0.0	    3.8	  1	 -750.0	 1550.0	   79.7	    0.0	    0.0	1	  378.3	 21	    0.0	    0.0	
   59	   5.90	    0.0	 1500.0	  172.7	    0.0	 1500.0	    0.0	  200.0	    0.0	 1500.0	    0.0	  200.0	  100.0	   79.2	    0.0	    0.0	    0.0	    0.0	    3.9	  1	 -750.0	 1550.0	   79.2	    0.0	    0.0	1	  377.8	 21	    0.0	    0.0	
   60	   6.00	    0.0	 1500.0	  171.7	    0.0	 1500.0	    0.0	  200.0	    0.0	 1500.0	    0.0	  200.0	  100.0	   78.7	    0.0	    0.0	    0.0	    0.0	    3.9	  1	 -750.0	 1550.0	   78.7	    0.0	    0.0	1	  377.3	 21	    0.0	    0.0	
   61	   6.10	    0.0	 1500.0	  168.3	    0.0	 1500.0	    0.0	  200.0	    0.0	 1500.0	    0.0	  200.0	  100.0	   78.2	    0.0	    0.0	    0.0	    0.0	    4.0	  1	 -750.0	 1550.0	   78.2	    0.0	    0.0	1	  376.9	 21	    0.0	    0.0	
   62	   6.20	    0.0	 1500.0	   31.7	    0.0	 1500.0	    0.0	  200.0	    0.0	 1500.0	    0.0	  200.0	  100.0	   77.7	    0.0	    0.0	    0.0	    0.0	    4.1	  1	 -750.0	 1550.0	   77.7	    0.0	    0.0	1	  376.4	 21	    0.0	    0.0	
   63	   6.30	    0.0	 1500.0	    2.6	    0.0	 1500.0	    0.0	  200.0	    0.0	 1500.0	    0.0	  200.0	  100.0	   77.2	    0.0	    0.0	    0.0	    0.0	    4.1	  1	 -750.0	 1550.0	   77.2	    0.0	    0.0	1	  375.9	 21	    0.0	    0.0	
   64	   6.40	    0.0	 1500.0	    2.6	    0.0	 1500.0	    0.0	  200.0	    0.0	 1500.0	    0.0	  200.0	  100.0	   76.7	    0.0	    0.0	    0.0	    0.0	    4.2	  1	 -750.0	 1550.0	   76.7	    0.0	    0.0	1	  375.4	 21	    0.0	    0.0	
   65	   6.50	    0.0	 1500.0	    2.6	    0.0	 1500.0	    0.0	  200.0	    0.0	 1500.0	    0.0	  200.0	  100.0	   76.2	    0.0	    0.0	    0.0	    0.0	    4.3	  1	 -750.0	 1550.0	   76.2	    0.0	    0.0	1	  375.0	 21	    0.0	    0.0	
   66	   6.60	    0.0	 1500.0	    2.6	    0.0	 1500.0	    0.0	  200.0	    0.0	 1500.0	    0.0	  200.0	  100.0	   75.7	    0.0	    0.0	    0.0	    0.0	    4.3	  1	 -750.0	 1550.0	   75.7	    0.0	    0.0	1	  374.5	 21	    0.0	    0.0	
   67	   6.70	    0.0	 1500.0	    2.6	    0.0	 1500.0	    0.0	  200.0	    0.0	 1500.0	    0.0	  200.0	  100.0	   75.2	    0.0	    0.0	    0.0	    0.0	    4.4	  1	 -750.0	 1550.0	   75.2	    0.0	    0.0	1	  374.0	 21	    0.0	    0.0	
   68	   6.80	    0.0	 1500.0	    2.6	    0.0	 1500.0	    0.0	  200.0	    0.0	 1500.0	    0.0	  200.0	  100.0	   74.7	    0.0	    0.0	    0.0	    0.0	    4.5	  1	 -750.0	 1550.0	   74.7	    0.0	    0.0	1	  373.6	 21	    0.0	    0.0	
   69	   6.90	    0.0	 1500.0	    2.6	    0.0	 1500.0	    0.0	  200.0	    0.0	 1500.0	    0.0	  200.0	  100.0	   74.2	    0.0	    0.0	    0.0	    0.0	    4.5	  1	 -750.0	 1550.0	   74.2	    0.0	    0.0	1	  373.1	 21	    0.0	    0.0	
   70	   7.00	    0.0	 1500.0	    2.6	    0.0	 1500.0	    0.0	  200.0	    0.0	 1500.0	    0.0	  200.0	  100.0	   73.7	    0.0	    0.0	    0.0	    0.0	    4.6	  1	 -750.0	 1550.0	   73.7	    0.0	    0.0	1	  372.6	 21	    0.0	    0.0	
   71	   7.10	    0.0	 1500.0	    2.6	    0.0	 1500.0	    0.0	  200.0	    0.0	 1500.0	    0.0	  200.0	  100.0	   73.2	    0.0	    0.0	    0.0	    0.0	    4.7	  1	 -750.0	 1550.0	   73.2	    0.0	    0.0	1	  372.1	 21	    0.0	    0.0	
   72	   7.20	    0.0	 1500.0	    2.6	    0.0	 1500.0	    0.0	  200.0	    0.0	 1500.0	    0.0	  200.0	  100.0	   72.7	    0.0	    0.0	    0.0	    0.0	    4.8	  1	 -750.0	 1550.0	   72.7	    0.0	    0.0	1	  371.7	 21	    0.0	    0.0	
   73	   7.30	    0.0	 1500.0	    2.6	    0.0	 1500.0	    0.0	  200.0	    0.0	 1500.0	    0.0	  200.0	  100.0	   72.2	    0.0	    0.0	    0.0	    0.0	    4.8	  1	 -750.0	 1550.0	   72.2	    0.0	    0.0	1	  371.2	 21	    0.0	    0.0	
   74	   7.40	    0.0	 1500.0	    2.6	    0.0	 1500.0	    0.0	  200.0	    0.0	 1500.0	    0.0	  200.0	  100.0	   71.7	    0.0	    0.0	    0.0	    0.0	    4.9	  1	 -750.0	 1550.0	   71.7	    0.0	    0.0	1	  370.7	 21	    0.0	    0.0	
   75	   7.50	    0.0	 1500.0	    2.6	    0.0	 1500.0	    0.0	  200.0	    0.0	 1500.0	    0.0	  200.0	  100.0	   71.2	    0.0	    0.0	    0.0	    0.0	    5.0	  1	 -750.0	 1550.0	   71.2	    0.0	    0.0	1	  370.2	 21	    0.0	    0.0	
   76	   7.60	    0.0	 1500.0	    2.6	    0.0	 1500.0	    0.0	  200.0	    0.0	 1500.0	    0.0	  200.0	  100.0	   70.7	    0.0	    0.0	    0.0	    0.0	    5.0	  1	 -750.0	 1550.0	   70.7	    0.0	    0.0	1	  369.8	 21	    0.0	    0.0	
   77	   7.70	    0.0	 1500.0	    2.7	    0.0	 1500.0	    0.0	  200.0	    0.0	 1500.0	    0.0	  200.0	  100.0	   70.2	    0.0	    0.0	    0.0	    0.0	    5.1	  1	 -750.0	 1550.0	   70.2	    0.0	    0.0	1	  369.3	 21	    0.0	    0.0	
   78	   7.80	    0.0	 1500.0	    2.7	    0.0	 1500.0	    0.0	  200.0	    0.0	 1500.0	    0.0	  200.0	  100.0	   69.7	    0.0	    0.0	    0.0	    0.0	    5.2	  1	 -750.0	 1550.0	   69.7	    0.0	    0.0	1	  368.8	 21	    0.0	    0.0	
   79	   7.90	    0.0	 1500.0	    2.7	    0.0	 1500.0	    0.0	  200.0	    0.0	 1500.0	    0.0	  200.0	  100.0	   69.2	    0.0	    0.0	    0.0	    0.0	    5.2	  1	 -750.0	 1550.0	   69.2	    0.0	    0.0	1	  368.3	 21	    0.0	    0.0	
   80	   8.00	    0.0	 1500.0	    2.7	    0.0	 1500.0	    0.0	  200.0	    0.0	 1500.0	    0.0	  200.0	  100.0	   68.7	    0.0	    0.0	    0.0	    0.0	    5.3	  1	 -750.0	 1550.0	   68.7	    0.0	    0.0	1	  367.9	 21	    0.0	    0.0	
   81	   8.10	    0.0	 1500.0	    2.7	    0.0	 1500.0	    0.0	  200.0	    0.0	 1500.0	    0.0	  200.0	  100.0	   68.2	    0.0	    0.0	    0.0	    0.0	    5.4	  1	 -750.0	 1550.0	   68.2	    0.0	    0.0	1	  367.4	 21	    0.0	    0.0	
   82	   8.20	    0.0	 1500.0	    2.7	    0.0	 1500.0	    0.0	  200.0	    0.0	 1500.0	    0.0	  200.0	  100.0	   67.7	    0.0	    0.0	    0.0	    0.0	    5.4	  1	 -750.0	 1550.0	   67.7	    0.0	    0.0	1	  366.9	 21	    0.0	    0.0	
   83	   8.30	    0.0	 1500.0	    2.7	    0.0	 1500.0	    0.0	  200.0	    0.0	 1500.0	    0.0	  200.0	  100.0	   67.2	    0.0	    0.0	    0.0	    0.0	    5.5	  1	 -750.0	 1550.0	   67.2	    0.0	    0.0	1	  366.4	 21	    0.0	    0.0	
   84	   8.40	    0.0	 1500.0	    2.7	    0.0	 1500.0	    0.0	  200.0	    0.0	 1500.0	    0.0	  200.0	  100.0	   66.7	    0.0	    0.0	    0.0	    0.0	    5.6	  1	 -750.0	 1550.0	   66.7	    0.0	    0.0	1	  366.0	 21	    0.0	    0.0	
   85	   8.50	    0.0	 1500.0	    2.7	    0.0	 1500.0	    0.0	  200.0	    0.0	 1500.0	    0.0	  200.0	  100.0	   66.2	    0.0	    0.0	    0.0	    0.0	    5.6	  1	 -750.0	 1550.0	   66.2	    0.0	    0.0	1	  365.5	 21	    0.0	    0.0	
   86	   8.60	    0.0	 1500.0	    2.8	    0.0	 1500.0	    0.0	  200.0	    0.0	 1500.0	    0.0	  200.0	  100.0	   65.7	    0.0	    0.0	    0.0	    0.0	    5.7	  1	 -750.0	 1550.0	   65.7	    0.0	    0.0	1	  365.0	 21	    0.0	    0.0	
   87	   8.70	    0.0	 1500.0	    2.8	    0.0	 1500.0	    0.0	  200.0	    0.0	 1500.0	    0.0	  200.0	  100.0	   65.2	    0.0	    0.0	    0.0	    0.0	    5.8	  1	 -750.0	 1550.0	   65.2	    0.0	    0.0	1	  364.5	 21	    0.0	    0.0	
   88	   8.80	    0.0	 1500.0	    2.9	    0.0	 1500.0	    0.0	  200.0	    0.0	 1500.0	    0.0	  200.0	  100.0	   64.7	    0.0	    0.0	    0.0	    0.0	    5.8	  1	 -750.0	 1550.0	   64.7	    0.0	    0.0	1	  364.0	 21	    0.0	    0.0	
   89	   8.90	    0.0	 1500.0	    2.9	    0.0	 1500.0	    0.0	  200.0	    0.0	 1500.0	    0.0	  200.0	  100.0	   64.2	    0.0	    0.0	    0.0	    0.0	    5.9	  1	 -750.0	 1550.0	   64.2	    0.0	    0.0	1	  363.6	 21	    0.0	    0.0	
   90	   9.00	    0.0	 1500.0	    3.0	    0.0	 1500.0	    0.0	  200.0	    0.0	 1500.0	    0.0	  200.0	  100.0	   63.7	    0.0	    0.0	    0.0	    0.0	    6.0	  1	 -750.0	 1550.0	   63.7	    0.0	    0.0	1	  363.1	 21	    0.0	    0.0	
   91	   9.10	    0.0	 1500.0	    3.1	    0.0	 1500.0	    0.0	  200.0	    0.0	 1500.0	    0.0	  200.0	  100.0	   63.2	    0.0	    0.0	    0.0	    0.0	    6.0	  1	 -750.0	 1550.0	   63.2	    0.0	    0.0	1	  362.6	 21	    0.0	    0.0	
   92	   9.20	    0.0	 1500.0	    3.3	    0.0	 1500.0	    0.0	  200.0	    0.0	 1500.0	    0.0	  200.0	  100.0	   62.7	    0.0	    0.0	    0.0	    0.0	    6.1	  1	 -750.0	 1550.0	   62.7	    0.0	    0.0	1	  362.1	 21	    0.0	    0.0	
   93	   9.30	    0.0	 1500.0	    3.5	    0.0	 1500.0	    0.0	  200.0	    0.0	 1500.0	    0.0	  200.0	  100.0	   62.2	    0.0	    0.0	    0.0	    0.0	    6.2	  1	 -750.0	 1550.0	   62.2	    0.0	    0.0	1	  361.6	 21	    0.0	    0.0	
   94	   9.40	    0.0	 1500.0	    3.7	    0.0	 1500.0	    0.0	  200.0	    0.0	 1500.0	    0.0	  200.0	  100.0	   61.7	    0.0	    0.0	    0.0	    0.0	    6.2	  1	 -750.0	 1550.0	   61.7	    0.0	    0.0	1	  361.1	 21	    0.0	    0.0	
   95	   9.50	    0.0	 1500.0	    4.0	    0.0	 1500.0	    0.0	  200.0	    0.0	 1500.0	    0.0	  200.0	  100.0	   61.2	    0.0	    0.0	    0.0	    0.0	    6.3	  1	 -750.0	 1550.0	   61.2	    0.0	    0.0	1	  360.7	 21	    0.0	    0.0	
   96	   9.60	    0.0	 1500.0	    4.4	    0.0	 1500.0	    0.0	  200.0	    0.0	 1500.0	    0.0	  200.0	  100.0	   60.7	    0.0	    0.0	    0.0	    0.0	    6.4	  1	 -750.0	 1550.0	   60.7	    0.0	    0.0	1	  360.2	 21	    0.0	    0.0	
   97	   9.70	    0.0	 1500.0	    4.9	    0.0	 1500.0	    0.0	  200.0	    0.0	 1500.0	    0.0	  200.0	  100.0	   60.2	    0.0	    0.0	    0.0	    0.0	    6.4	  1	 -750.0	 1550.0	   60.2	    0.0	    0.0	1	  359.7	 21	    0.0	    0.0	
   98	   9.80	    0.0	 1500.0	    5.6	    0.0	 1500.0	    0.0	  200.0	    0.0	 1500.0	    0.0	  200.0	  100.0	   59.7	    0.0	    0.0	    0.0	    0.0	    6.5	  1	 -750.0	 1550.0	   59.7	    0.0	    0.0	1	  359.2	 21	    0.0	    0.0	
   99	   9.90	    0.0	 1500.0	    6.5	    0.0	 1500.0	    0.0	  200.0	    0.0	 1500.0	    0.0	  200.0	  100.0	   59.2	    0.0	    0.0	    0.0	    0.0	    6.6	  1	 -750.0	 1550.0	   59.2	    0.0	    0.0	1	  358.7	 21	    0.0	    0.0	
  100	  10.00	    0.0	 1500.0	    7.7	    0.0	 1500.0	    0.0	  200.0	    0.0	 1500.0	    0.0	  200.0	  100.0	   58.7	    0.0	    0.0	    0.0	    0.0	    6.7	  1	 -750.0	 1550.0	   58.7	    0.0	    0.0	1	  358.3	 21	    0.0	    0.0	
  101	  10.10	    0.0	 1500.0	    9.2	    0.0	 1500.0	    0.0	  200.0	    0.0	 1500.0	    0.0	  200.0	  100.0	   58.2	    0.0	    0.0	    0.0	    0.0	    6.7	  1	 -750.0	 1550.0	   58.2	    0.0	    0.0	1	  357.8	 21	    0.0	    0.0	
  102	  10.20	    0.0	 1500.0	   11.1	    0.0	 1500.0	    0.0	  200.0	    0.0	 1500.0	    0.0	  200.0	  100.0	   57.7	    0.0	    0.0	    0.0	    0.0	    6.8	  1	 -750.0	 1550.0	   57.7	    0.0	    0.0	1	  357.3	 21	    0.0	    0.0	
  103	  10.30	    0.0	 1500.0	   13.5	    0.0	 1500.0	    0.0	  200.0	    0.0	 1500.0	    0.0	  200.0	  100.0	   57.2	    0.0	    0.0	    0.0	    0.0	    6.9	  1	 -750.0	 1550.0	   57.2	    0.0	    0.0	1	  356.8	 21	    0.0	    0.0	
  104	  10.40	    0.0	 1500.0	   16.6	    0.0	 1500.0	    0.0	  200.0	    0.0	 1500.0	    0.0	  200.0	  100.0	   56.7	    0.0	    0.0	    0.0	    0.0	    6.9	  1	 -750.0	 1550.0	   56.7	    0.0	    0.0	1	  356.3	 21	    0.0	    0.0	
  105	  10.50	    0.0	 1500.0	   20.2	    0.0	 1500.0	    0.0	  200.0	    0.0	 1500.0	    0.0	  200.0	  100.0	   56.2	    0.0	    0.0	    0.0	    0.0	    7.0	  1	 -750.0	 1550.0	   56.2	    0.0	    0.0	1	  355.8	 21	    0.0	    0.0	
  106	  10.60	    0.0	 1500.0	   24.6	    0.0	 1500.0	    0.0	  200.0	    0.0	 1500.0	    0.0	  200.0	  100.0	   55.7	    0.0	    0.0	    0.0	    0.0	    7.1	  1	 -750.0	 1550.0	   55.7	    0.0	    0.0	1	  355.3	 21	    0.0	    0.0	
  107	  10.70	    0.0	 1500.0	   29.9	    0.0	 1500.0	    0.0	  200.0	    0.0	 1500.0	    0.0	  200.0	  100.0	   55.2	    0.0	    0.0	    0.0	    0.0	    7.1	  1	 -750.0	 1550.0	   55.2	    0.0	    0.0	1	  354.9	 21	    0.0	    0.0	
  108	  10.80	    0.0	 1500.0	   36.1	    0.0	 1500.0	    0.0	  200.0	    0.0	 1500.0	    0.0	  200.0	  100.0	   54.7	    0.0	    0.0	    0.0	    0.0	    7.2	  1	 -750.0	 1550.0	   54.7	    0.0	    0.0	1	  354.4	 21	    0.0	    0.0	
  109	  10.90	    0.0	 1500.0	   43.0	    0.0	 1500.0	    0.0	  200.0	    0.0	 1500.0	    0.0	  200.0	  100.0	   54.2	    0.0	    0.0	    0.0	    0.0	    7.3	  1	 -750.0	 1550.0	   54.2	    0.0	    0.0	1	  353.9	 21	    0.0	    0.0	
  110	  11.00	    0.0	 1500.0	   50.3	    0.0	 1500.0	    0.0	  200.0	    0.0	 1500.0	    0.0	  200.0	  100.0	   53.7	    0.0	    0.0	    0.0	    0.0	    7.3	  1	 -750.0	 1550.0	   53.7	    0.0	    0.0	1	  353.4	 21	    0.0	    0.0	
  111	  11.10	    0.0	 1500.0	   57.3	    0.0	 1500.0	    0.0	  200.0	    0.0	 1500.0	    0.0	  200.0	  100.0	   53.2	    0.0	    0.0	    0.0	    0.0	    7.4	  1	 -750.0	 1550.0	   53.2	    0.0	    0.0	1	  352.9	 21	    0.0	    0.0	
  112	  11.20	    0.0	 1500.0	   63.9	    0.0	 1500.0	    0.0	  200.0	    0.0	 1500.0	    0.0	  200.0	  100.0	   52.7	    0.0	    0.0	    0.0	    0.0	    7.5	  1	 -750.0	 1550.0	   52.7	    0.0	    0.0	1	  352.4	 21	    0.0	    0.0	
  113	  11.30	    0.0	 1500.0	   69.5	    0.0	 1500.0	    0.0	  200.0	    0.0	 1500.0	    0.0	  200.0	  100.0	   52.2	    0.0	    0.0	    0.0	    0.0	    7.5	  1	 -750.0	 1550.0	   52.2	    0.0	    0.0	1	  351.9	 21	    0.0	    0.0	
  114	  11.40	    0.0	 1500.0	   74.3	    0.0	 1500.0	    0.0	  200.0	    0.0	 1500.0	    0.0	  200.0	  100.0	   51.7	    0.0	    0.0	    0.0	    0.0	    7.6	  1	 -750.0	 1550.0	   51.7	    0.0	    0.0	1	  351.4	 21	    0.0	    0.0	
  115	  11.50	    0.0	 1500.0	   78.3	    0.0	 1500.0	    0.0	  200.0	    0.0	 1500.0	    0.0	  200.0	  100.0	   51.2	    0.0	    0.0	    0.0	    0.0	    7.7	  1	 -750.0	 1550.0	   51.2	    0.0	    0.0	1	  351.0	 21	    0.0	    0.0	
  116	  11.60	    0.0	 1500.0	   81.4	    0.0	 1500.0	    0.0	  200.0	    0.0	 1500.0	    0.0	  200.0	  100.0	   50.7	    0.0	    0.0	    0.0	    0.0	    7.7	  1	 -750.0	 1550.0	   50.7	    0.0	    0.0	1	  350.5	 21	    0.0	    0.0	
  117	  11.70	    0.0	 1500.0	   83.9	    0.0	 1500.0	    0.0	  200.0	    0.0	 1500.0	    0.0	  200.0	  100.0	   50.2	    0.0	    0.0	    0.0	    0.0	    7.8	  1	 -750.0	 1550.0	   50.2	    0.0	    0.0	1	  350.0	 21	    0.0	    0.0	
  118	  11.80	    0.0	 1500.0	 -177.7	    0.0	 1500.0	    0.0	  200.0	    0.0	 1500.0	    0.0	  200.0	  100.0	   49.7	    0.0	    0.0	    0.0	    0.0	    7.9	  1	 -750.0	 1550.0	   49.7	    0.0	    0.0	1	  349.5	 21	    0.0	    0.0	
  119	  11.90	    0.0	 1500.0	 -177.7	    0.0	 1500.0	    0.0	  200.0	    0.0	 1500.0	    0.0	  200.0	  100.0	   49.2	    0.0	    0.0	    0.0	    0.0	    7.9	  1	 -750.0	 1550.0	   49.2	    0.0	    0.0	1	  349.0	 21	    0.0	    0.0	
  120	  12.00	    0.0	 1500.0	 -177.7	    0.0	 1500.0	    0.0	  200.0	    0.0	 1500.0	    0.0	  200.0	  100.0	   48.7	    0.0	    0.0	    0.0	    0.0	    8.0	  1	 -750.0	 1550.0	   48.7	    0.0	    0.0	1	  348.5	 21	    0.0	    0.0	
  121	  12.10	    0.0	 1500.0	 -177.7	    0.0	 1500.0	    0.0	  200.0	    0.0	 1500.0	    0.0	  200.0	  100.0	   48.2	    0.0	    0.0	    0.0	    0.0	    8.1	  1	 -750.0	 1550.0	   48.2	    0.0	    0.0	1	  348.0	 21	    0.0	    0.0	
  122	  12.20	    0.0	 1500.0	 -177.7	    0.0	 1500.0	    0.0	  200.0	    0.0	 1500.0	    0.0	  200.0	  100.0	   47.7	    0.0	    0.0	    0.0	    0.0	    8.1	  1	 -750.0	 1550.0	   47.7	    0.0	    0.0	1	  347.5	 21	    0.0	    0.0	
  123	  12.30	    0.0	 1500.0	 -177.7	    0.0	 1500.0	    0.0	  200.0	    0.0	 1500.0	    0.0	  200.0	  100.0	   47.2	    0.0	    0.0	    0.0	    0.0	    8.2	  1	 -750.0	 1550.0	   47.2	    0.0	    0.0	1	  347.0	 21	    0.0	    0.0	
  124	  12.40	    0.0	 1500.0	 -177.7	    0.0	 1500.0	    0.0	  200.0	    0.0	 1500.0	    0.0	  200.0	  100.0	   46.7	    0.0	    0.0	    0.0	    0.0	    8.3	  1	 -750.0	 1550.0	   46.7	    0.0	    0.0	1	  346.6	 21	    0.0	    0.0	
  125	  12.50	    0.0	 1500.0	 -177.7	    0.0	 1500.0	    0.0	  200.0	    0.0	 1500.0	    0.0	  200.0	  100.0	   46.2	    0.0	    0.0	    0.0	    0.0	    8.3	  1	 -750.0	 1550.0	   46.2	    0.0	    0.0	1	  346.1	 21	    0.0	    0.0	
  126	  12.60	    0.0	 1500.0	 -177.7	    0.0	 1500.0	    0.0	  200.0	    0.0	 1500.0	    0.0	  200.0	  100.0	   45.7	    0.0	    0.0	    0.0	    0.0	    8.4	  1	 -750.0	 1550.0	   45.7	    0.0	    0.0	1	  345.6	 21	    0.0	    0.0	
  127	  12.70	    0.0	 1500.0	 -177.7	    0.0	 1500.0	    0.0	  200.0	    0.0	 1500.0	    0.0	  200.0	  100.0	   45.2	    0.0	    0.0	    0.0	    0.0	    8.5	  1	 -750.0	 1550.0	   45.2	    0.0	    0.0	1	  345.1	 21	    0.0	    0.0	
  128	  12.80	    0.0	 1500.0	 -177.7	    0.0	 1500.0	    0.0	  200.0	    0.0	 1500.0	    0.0	  200.0	  100.0	   44.7	    0.0	    0.0	    0.0	    0.0	    8.6	  1	 -750.0	 1550.0	   44.7	    0.0	    0.0	1	  344.6	 21	    0.0	    0.0	
  129	  12.90	    0.0	 1500.0	 -177.7	    0.0	 1500.0	    0.0	  200.0	    0.0	 1500.0	    0.0	  200.0	  100.0	   44.2	    0.0	    0.0	    0.0	    0.0	    8.6	  1	 -750.0	 1550.0	   44.2	    0.0	    0.0	1	  344.1	 21	    0.0	    0.0	
  130	  13.00	    0.0	 1500.0	 -177.7	    0.0	 1500.0	    0.0	  200.0	    0.0	 1500.0	    0.0	  200.0	  100.0	   43.7	    0.0	    0.0	    0.0	    0.0	    8.7	  1	 -750.0	 1550.0	   43.7	    0.0	    0.0	1	  343.6	 21	    0.0	    0.0	
  131	  13.10	    0.0	 1500.0	 -177.7	    0.0	 1500.0	    0.0	  200.0	    0.0	 1500.0	    0.0	  200.0	  100.0	   43.2	    0.0	    0.0	    0.0	    0.0	    8.8	  1	 -750.0	 1550.0	   43.2	    0.0	    0.0	1	  343.1	 21	    0.0	    0.0	
  132	  13.20	    0.0	 1500.0	 -177.7	    0.0	 1500.0	    0.0	  200.0	    0.0	 1500.0	    0.0	  200.0	  100.0	   42.7	    0.0	    0.0	    0.0	    0.0	    8.8	  1	 -750.0	 1550.0	   42.7	    0.0	    0.0	1	  342.6	 21	    0.0	    0.0	
  133	  13.30	    0.0	 1500.0	 -177.8	    0.0	 1500.0	    0.0	  200.0	    0.0	 1500.0	    0.0	  200.0	  100.0	   42.2	    0.0	    0.0	    0.0	    0.0	    8.9	  1	 -750.0	 1550.0	   42.2	    0.0	    0.0	1	  342.1	 21	    0.0	    0.0	
  134	  13.40	    0.0	 1500.0	 -177.8	    0.0	 1500.0	    0.0	  200.0	    0.0	 1500.0	    0.0	  200.0	  100.0	   41.7	    0.0	    0.0	    0.0	    0.0	    9.0	  1	 -750.0	 1550.0	   41.7	    0.0	    0.0	1	  341.6	 21	    0.0	    0.0	
  135	  13.50	    0.0	 1500.0	 -177.8	    0.0	 1500.0	    0.0	  200.0	    0.0	 1500.0	    0.0	  200.0	  100.0	   41.2	    0.0	    0.0	    0.0	    0.0	    9.0	  1	 -750.0	 1550.0	   41.2	    0.0	    0.0	1	  341.1	 21	    0.0	    0.0	
  136	  13.60	    0.0	 1500.0	 -178.1	    0.0	 1500.0	    0.0	  200.0	    0.0	 1500.0	    0.0	  200.0	  100.0	   40.7	    0.0	    0.0	    0.0	    0.0	    9.1	  1	 -750.0	 1550.0	   40.7	    0.0	    0.0	1	  340.6	 21	    0.0	    0.0	
  137	  13.70	    0.0	 1500.0	    3.0	    0.0	 1500.0	    0.0	  200.0	    0.0	 1500.0	    0.0	  200.0	  100.0	   40.2	    0.0	    0.0	    0.0	    0.0	    9.2	  1	 -750.0	 1550.0	   40.2	    0.0	    0.0	1	  340.2	 21	    0.0	    0.0	
  138	  13.80	    0.0	 1500.0	    2.3	    0.0	 1500.0	    0.0	  200.0	    0.0	 1500.0	    0.0	  200.0	  100.0	   39.7	    0.0	    0.0	    0.0	    0.0	    9.2	  1	 -750.0	 1550.0	   39.7	    0.0	    0.0	1	  339.7	 21	    0.0	    0.0	
  139	  13.90	    0.0	 1500.0	    2.3	    0.0	 1500.0	    0.0	  200.0	    0.0	 1500.0	    0.0	  200.0	  100.0	   39.2	    0.0	    0.0	    0.0	    0.0	    9.3	  1	 -750.0	 1550.0	   39.2	    0.0	    0.0	1	  339.2	 21	    0.0	    0.0	
  140	  14.00	    0.0	 1500.0	    2.3	    0.0	 1500.0	    0.0	  200.0	    0.0	 1500.0	    0.0	  200.0	  100.0	   38.7	    0.0	    0.0	    0.0	    0.0	    9.4	  1	 -750.0	 1550.0	   38.7	    0.0	    0.0	1	  338.7	 21	    0.0	    0.0	
  141	  14.10	    0.0	 1500.0	    2.3	    0.0	 1500.0	    0.0	  200.0	    0.0	 1500.0	    0.0	  200.0	  100.0	   38.2	    0.0	    0.0	    0.0	    0.0	    9.4	  1	 -750.0	 1550.0	   38.2	    0.0	    0.0	1	  338.2	 21	    0.0	    0.0	
  142	  14.20	    0.0	 1500.0	    2.3	    0.0	 1500.0	    0.0	  200.0	    0.0	 1500.0	    0.0	  200.0	  100.0	   37.7	    0.0	    0.0	    0.0	    0.0	    9.5	  1	 -750.0	 1550.0	   37.7	    0.0	    0.0	1	  337.7	 21	    0.0	    0.0	
  143	  14.30	    0.0	 1500.0	    2.3	    0.0	 1500.0	    0.0	  200.0	    0.0	 1500.0	    0.0	  200.0	  100.0	   37.2	    0.0	    0.0	    0.0	    0.0	    9.6	  1	 -750.0	 1550.0	   37.2	    0.0	    0.0	1	  337.2	 21	    0.0	    0.0	
  144	  14.40	    0.0	 1500.0	    2.3	    0.0	 1500.0	    0.0	  200.0	    0.0	 1500.0	    0.0	  200.0	  100.0	   36.7	    0.0	    0.0	    0.0	    0.0	    9.6	  1	 -750.0	 1550.0	   36.7	    0.0	    0.0	1	  336.7	 21	    0.0	    0.0	
  145	  14.50	    0.0	 1500.0	    2.3	    0.0	 1500.0	    0.0	  200.0	    0.0	 1500.0	    0.0	  200.0	  100.0	   36.2	    0.0	    0.0	    0.0	    0.0	    9.7	  1	 -750.0	 1550.0	   36.2	    0.0	    0.0	1	  336.2	 21	    0.0	    0.0	
  146	  14.60	    0.0	 1500.0	    2.3	    0.0	 1500.0	    0.0	  200.0	    0.0	 1500.0	    0.0	  200.0	  100.0	   35.7	    0.0	    0.0	    0.0	    0.0	    9.8	  1	 -750.0	 1550.0	   35.7	    0.0	    0.0	1	  335.7	 21	    0.0	    0.0	
  147	  14.70	    0.0	 1500.0	    2.3	    0.0	 1500.0	    0.0	  200.0	    0.0	 1500.0	    0.0	  200.0	  100.0	   35.2	    0.0	    0.0	    0.0	    0.0	    9.8	  1	 -750.0	 1550.0	   35.2	    0.0	    0.0	1	  335.2	 21	 1399.3	   19.9	
  148	  14.80	    0.0	 1500.0	    2.3	    0.0	 1500.0	    0.0	  200.0	    0.0	 1500.0	    0.0	  200.0	  100.0	   34.7	    0.0	    0.0	    0.0	    0.0	    9.9	  1	 -750.0	 1550.0	   34.7	    0.0	    0.0	1	  334.7	 21	 1397.1	   19.7	
  149	  14.90	    0.0	 1500.0	    2.3	    0.0	 1500.0	    0.0	  200.0	    0.0	 1500.0	    0.0	  200.0	  100.0	   34.2	    0.0	    0.0	    0.0	    0.0	   10.0	  1	 -750.0	 1550.0	   34.2	    0.0	    0.0	1	  334.2	 21	 1394.9	   19.5	
  150	  15.00	    0.0	 1500.0	    2.3	    0.0	 1500.0	    0.0	  200.0	    0.0	 1500.0	    0.0	  200.0	  100.0	   33.7	    0.0	    0.0	    0.0	    0.0	   10.0	  1	 -750.0	 1550.0	   33.7	    0.0	    0.0	1	  333.7	 21	 1392.8	   19.3	
  151	  15.10	    0.0	 1500.0	    2.3	    0.0	 1500.0	    0.0	  200.0	    0.0	 1500.0	    0.0	  200.0	  100.0	   33.2	    0.0	    0.0	    0.0	    0.0	   10.1	  1	 -750.0	 1550.0	   33.2	    0.0	    0.0	1	  333.2	 21	 1390.6	   19.1	
  152	  15.20	    0.0	 1500.0	    2.3	    0.0	 1500.0	    0.0	  200.0	    0.0	 1500.0	    0.0	  200.0	  100.0	   32.7	    0.0	    0.0	    0.0	    0.0	   10.2	  1	 -750.0	 1550.0	   32.7	    0.0	    0.0	1	  332.7	 21	 1388.4	   18.8	
  153	  15.30	    0.0	 1500.0	    2.3	    0.0	 1500.0	    0.0	  200.0	    0.0	 1500.0	    0.0	  200.0	  100.0	   32.2	    0.0	    0.0	    0.0	    0.0	   10.2	  1	 -750.0	 1550.0	   32.2	    0.0	    0.0	1	  332.2	 21	 1386.2	   18.6	
  154	  15.40	    0.0	 1500.0	    2.3	    0.0	 1500.0	    0.0	  200.0	    0.0	 1500.0	    0.0	  200.0	  100.0	   31.7	    0.0	    0.0	    0.0	    0.0	   10.3	  1	 -750.0	 1550.0	   31.7	    0.0	    0.0	1	  331.7	 21	 1384.1	   18.4	
  155	  15.50	  299.5	 1545.8	    2.3	    0.0	 1500.0	    0.0	  200.0	    0.0	 1500.0	    0.0	  200.0	  100.0	   31.2	    0.0	    0.0	    0.0	    0.0	   10.3	  1	  750.0	 1550.0	   31.2	    0.0	    0.0	1	  300.0	 21	 1379.9	   18.0	
  156	  15.60	  299.5	 1545.8	    7.3	    0.0	 1500.0	    0.0	  200.0	    0.0	 1500.0	    0.0	  200.0	  100.0	   30.7	    0.0	    0.0	    0.0	    0.0	   10.4	  1	  750.0	 1550.0	   30.7	    0.0	    0.0	1	  300.0	 21	 1377.9	   17.8	
  157	  15.70	  299.5	 1545.8	    7.3	    0.0	 1500.0	    0.0	  200.0	    0.0	 1500.0	    0.0	  200.0	  100.0	   30.2	    0.0	    0.0	    0.0	    0.0	   10.4	  1	  750.0	 1550.0	   30.2	    0.0	    0.0	1	  300.0	 21	 1375.8	   17.6	
  158	  15.80	  299.5	 1545.8	    7.3	  714.4	 1335.4	    0.0	  200.0	    0.0	 1500.0	    0.0	  200.0	  100.0	   38.8	    0.0	    0.0	    0.0	    0.0	   10.4	  1	  750.0	 1150.0	   38.8	    0.0	    0.0	1	  369.0	 21	 1210.2	 -189.8	
  159	  15.90	  299.5	 1545.8	   34.4	  714.4	 1335.4	    0.0	  200.0	    0.0	 1500.0	    0.0	  200.0	  100.0	   38.3	    0.0	    0.0	    0.0	    0.1	   10.5	  1	  750.0	 2050.0	   38.3	    0.0	    0.1	1	  307.0	 21	    0.0	    0.0	
  160	  16.00	  299.5	 1545.8	   34.1	  714.4	 1335.4	    0.0	  200.0	    0.0	 1500.0	    0.0	  200.0	  100.0	   37.8	    0.0	    0.0	    0.0	    0.1	   10.5	  1	  750.0	 2050.0	   37.8	    0.0	    0.1	1	  306.8	 21	    0.0	    0.0	
  161	  16.10	  299.5	 1545.8	   34.1	  713.9	 1336.6	    0.0	  200.0	    0.0	 1500.0	    0.0	  200.0	  100.0	   37.3	    0.0	    0.0	    0.0	    0.1	   10.6	  1	  750.0	 2050.0	   37.3	    0.0	    0.1	1	  306.4	 21	 1398.8	   19.9	
  162	  16.20	  299.5	 1545.8	   34.3	  713.9	 1336.6	    0.0	  200.0	    0.0	 1500.0	    0.0	  200.0	  100.0	   36.9	    0.0	    0.0	    0.0	    0.2	   10.6	  1	  750.0	 2050.0	   36.9	    0.0	    0.2	1	  306.2	 21	 1396.9	   19.7	
  163	  16.30	  299.5	 1545.8	   34.3	  713.9	 1336.6	    0.0	  200.0	    0.0	 1500.0	    0.0	  200.0	  100.0	   36.4	    0.0	    0.0	    0.0	    0.2	   10.7	  1	  750.0	 2050.0	   36.4	    0.0	    0.2	1	  305.9	 21	 1395.0	   19.5	
  164	  16.40	  299.5	 1545.8	   34.2	  713.9	 1336.6	    0.0	  200.0	    0.0	 1500.0	    0.0	  200.0	  100.0	   35.9	    0.0	    0.0	    0.0	    0.2	   10.7	  1	  750.0	 2050.0	   35.9	    0.0	    0.2	1	  305.7	 21	 1393.2	   19.3	
  165	  16.50	  299.5	 1545.8	   34.1	  714.4	 1335.4	    0.0	  200.0	    0.0	 1500.0	    0.0	  200.0	  100.0	   35.5	    0.0	    0.0	    0.0	    0.3	   10.8	  1	  750.0	 2050.0	   35.5	    0.0	    0.3	1	  305.6	 21	 1391.3	   19.1	
  166	  16.60	  299.5	 1545.8	   33.3	  713.9	 1336.6	    0.0	  200.0	    0.0	 1500.0	    0.0	  200.0	  100.0	   35.0	    0.0	    0.0	    0.0	    0.3	   10.8	  1	  750.0	 2050.0	   35.0	    0.0	    0.3	1	  305.2	 21	 1389.4	   18.9	
  167	  16.70	  299.5	 1545.8	   34.0	  712.8	 1332.2	    0.0	  200.0	    0.0	 1500.0	    0.0	  200.0	  100.0	   34.5	    0.0	    0.0	    0.0	    0.3	   10.9	  1	  750.0	 2050.0	   34.5	    0.0	    0.3	1	  305.6	 21	 1387.6	   18.8	
  168	  16.80	  299.5	 1545.8	   31.1	  712.8	 1332.2	    0.0	  200.0	    0.0	 1500.0	    0.0	  200.0	  100.0	   34.0	    0.0	    0.0	    0.0	    0.4	   11.0	  1	  750.0	 2050.0	   34.0	    0.0	    0.4	1	  305.4	 21	 1385.7	   18.6	
  169	  16.90	  299.5	 1545.8	   29.4	  712.8	 1332.2	    0.0	  200.0	    0.0	 1500.0	    0.0	  200.0	  100.0	   33.6	    0.0	    0.0	    0.0	    0.4	   11.0	  1	  750.0	 2050.0	   33.6	    0.0	    0.4	1	  305.1	 21	 1383.9	   18.4	
  170	  17.00	  299.5	 1545.8	   26.4	  716.9	 1330.1	    0.0	  200.0	    0.0	 1500.0	    0.0	  200.0	  100.0	   33.1	    0.0	    0.0	    0.0	    0.4	   11.1	  1	  750.0	 2050.0	   33.1	    0.0	    0.4	1	  304.8	 21	 1381.9	   18.2	
  171	  17.10	  299.5	 1545.8	  -27.8	  716.9	 1330.1	    0.0	  200.0	    0.0	 1500.0	    0.0	  200.0	  100.0	   32.6	    0.0	    0.0	    0.0	    0.5	   11.2	  1	  750.0	 2050.0	   32.6	    0.0	    0.5	1	  304.6	 21	 1380.1	   18.0	
  172	  17.20	  299.5	 1545.8	 -143.8	  716.9	 1330.1	    0.0	  200.0	    0.0	 1500.0	    0.0	  200.0	  100.0	   32.1	    0.0	    0.0	    0.0	    0.5	   11.2	  1	  750.0	 2050.0	   32.1	    0.0	    0.5	1	  304.3	 21	 1378.3	   17.8	
  173	  17.30	  299.5	 1545.8	 -144.4	  716.9	 1330.1	    0.0	  200.0	    0.0	 1500.0	    0.0	  200.0	  100.0	   31.7	    0.0	    0.0	    0.0	    0.5	   11.3	  1	  750.0	 2050.0	   31.7	    0.0	    0.5	1	  304.1	 21	 1376.5	   17.6	
  174	  17.40	  299.5	 1545.8	 -144.4	  718.2	 1326.3	    0.0	  200.0	    0.0	 1500.0	    0.0	  200.0	  100.0	   31.2	    0.0	    0.0	    0.0	    0.6	   11.4	  1	  750.0	 2050.0	   31.2	    0.0	    0.6	1	  304.2	 21	 1374.6	   17.5	
  175	  17.50	  299.5	 1545.8	 -144.0	  718.2	 1326.3	    0.0	  200.0	    0.0	 1500.0	    0.0	  200.0	  100.0	   30.7	    0.0	    0.0	    0.0	    0.6	   11.4	  1	  750.0	 2050.0	   30.7	    0.0	    0.6	1	  304.0	 21	 1372.8	   17.3	
  176	  17.60	  299.5	 1545.8	 -144.0	  718.2	 1326.3	    0.0	  200.0	    0.0	 1500.0	    0.0	  200.0	  100.0	   30.2	    0.0	    0.0	    0.0	    0.6	   11.5	  1	  750.0	 2050.0	   30.2	    0.0	    0.6	1	  303.7	 21	 1371.0	   17.1	
  177	  17.70	  299.5	 1545.8	 -144.0	  718.2	 1326.3	    0.0	  200.0	    0.0	 1500.0	    0.0	  200.0	  100.0	   29.8	    0.0	    0.0	    0.0	    0.7	   11.6	  1	  750.0	 2050.0	   29.8	    0.0	    0.7	1	  303.5	 21	 1369.2	   16.9	
  178	  17.80	  299.5	 1545.8	 -143.9	  716.9	 1330.1	    0.0	  200.0	    0.0	 1500.0	    0.0	  200.0	  100.0	   29.3	    0.0	    0.0	    0.0	    0.7	   11.6	  1	  750.0	 2050.0	   29.3	    0.0	    0.7	1	  302.9	 21	 1367.6	   16.8	
  179	  17.90	  299.5	 1545.8	 -144.9	  718.2	 1326.3	    0.0	  200.0	    0.0	 1500.0	    0.0	  200.0	  100.0	   28.8	    0.0	    0.0	    0.0	    0.8	   11.7	  1	  750.0	 2050.0	   28.8	    0.0	    0.8	1	  303.0	 21	 1365.7	   16.6	
  180	  18.00	  299.5	 1545.8	 -143.5	  713.2	 1326.9	    0.0	  200.0	    0.0	 1500.0	    0.0	  200.0	  100.0	   28.4	    0.0	    0.0	    0.0	    0.8	   11.8	  1	  750.0	 2050.0	   28.4	    0.0	    0.8	1	  303.0	 21	 1364.1	   16.4	
  181	  18.10	  299.5	 1545.8	 -145.0	  713.2	 1326.9	    0.0	  200.0	    0.0	 1500.0	    0.0	  200.0	  100.0	   27.9	    0.0	    0.0	    0.0	    0.8	   11.8	  1	  750.0	 2050.0	   27.9	    0.0	    0.8	1	  302.8	 21	 1362.4	   16.2	
  182	  18.20	  299.5	 1545.8	 -144.9	  714.0	 1326.5	    0.0	  200.0	    0.0	 1500.0	    0.0	  200.0	  100.0	   27.4	    0.0	    0.0	    0.0	    0.9	   11.9	  1	  750.0	 2050.0	   27.4	    0.0	    0.9	1	  302.5	 21	 1360.6	   16.1	
  183	  18.30	  299.5	 1545.8	 -144.2	  714.0	 1326.5	    0.0	  200.0	    0.0	 1500.0	    0.0	  200.0	  100.0	   26.9	    0.0	    0.0	    0.0	    0.9	   12.0	  1	  750.0	 2050.0	   26.9	    0.0	    0.9	1	  302.3	 21	 1358.9	   15.9	
  184	  18.40	  299.5	 1545.8	 -144.0	  714.8	 1326.1	    0.0	  200.0	    0.0	 1500.0	    0.0	  200.0	  100.0	   26.5	    0.0	    0.0	    0.0	    0.9	   12.0	  1	  750.0	 2050.0	   26.5	    0.0	    0.9	1	  302.0	 21	 1357.2	   15.7	
  185	  18.50	  299.5	 1545.8	 -142.9	  714.8	 1326.1	    0.0	  200.0	    0.0	 1500.0	    0.0	  200.0	  100.0	   26.0	    0.0	    0.0	    0.0	    1.0	   12.1	  1	  750.0	 2050.0	   26.0	    0.0	    1.0	1	  301.8	 21	 1355.5	   15.5	
  186	  18.60	  299.5	 1545.8	 -142.6	  714.8	 1326.1	    0.0	  200.0	    0.0	 1500.0	    0.0	  200.0	  100.0	   25.5	    0.0	    0.0	    0.0	    1.0	   12.2	  1	  750.0	 2050.0	   25.5	    0.0	    1.0	1	  301.5	 21	 1353.8	   15.4	
  187	  18.70	  299.5	 1545.8	 -142.3	  714.8	 1326.1	    0.0	  200.0	    0.0	 1500.0	    0.0	  200.0	  100.0	   25.0	    0.0	    0.0	    0.0	    1.0	   12.2	  1	  750.0	 2050.0	   25.0	    0.0	    1.0	1	  301.3	 21	 1352.1	   15.2	
  188	  18.80	  299.5	 1545.8	 -141.8	  714.8	 1326.1	    0.0	  200.0	    0.0	 1500.0	    0.0	  200.0	  100.0	   24.6	    0.0	    0.0	    0.0	    1.1	   12.3	  1	  750.0	 2050.0	   24.6	    0.0	    1.1	1	  301.0	 21	 1350.5	   15.0	
  189	  18.90	  299.5	 1545.8	 -141.3	  716.1	 1326.4	    0.0	  200.0	    0.0	 1500.0	    0.0	  200.0	  100.0	   24.1	    0.0	    0.0	    0.0	    1.1	   12.4	  1	  750.0	 2050.0	   24.1	    0.0	    1.1	1	  300.6	 21	 1348.8	   14.9	
  190	  19.00	  299.5	 1545.8	 -138.3	  716.1	 1326.4	    0.0	  200.0	    0.0	 1500.0	    0.0	  200.0	  100.0	   23.6	    0.0	    0.0	    0.0	    1.1	   12.4	  1	  750.0	 2050.0	   23.6	    0.0	    1.1	1	  300.4	 21	 1347.2	   14.7	
  191	  19.10	  299.5	 1545.8	 -137.4	  716.1	 1326.4	    0.0	  200.0	    0.0	 1500.0	    0.0	  200.0	  100.0	   23.2	    0.0	    0.0	    0.0	    1.2	   12.5	  1	  750.0	 2050.0	   23.2	    0.0	    1.2	1	  300.1	 21	 1345.6	   14.6	
  192	  19.20	  299.5	 1545.8	 -136.2	  716.9	 1328.0	    0.0	  200.0	    0.0	 1500.0	    0.0	  200.0	  100.0	   22.7	    0.0	    0.0	    0.0	    1.2	   12.6	  1	  750.0	 2050.0	   22.7	    0.0	    1.2	1	  299.6	 21	 1344.0	   14.4	
  193	  19.30	  299.5	 1545.8	 -142.3	  716.9	 1328.0	    0.0	  200.0	    0.0	 1500.0	    0.0	  200.0	  100.0	   22.2	    0.0	    0.0	    0.0	    1.2	   12.6	  1	  750.0	 2050.0	   22.2	    0.0	    1.2	1	  299.4	 21	 1342.4	   14.2	
  194	  19.40	  299.5	 1545.8	 -140.3	  716.9	 1328.0	    0.0	  200.0	    0.0	 1500.0	    0.0	  200.0	  100.0	   21.7	    0.0	    0.0	    0.0	    1.3	   12.7	  1	  750.0	 2050.0	   21.7	    0.0	    1.3	1	  299.1	 21	 1340.9	   14.1	
  195	  19.50	  299.5	 1545.8	 -137.7	  716.9	 1328.0	    0.0	  200.0	    0.0	 1500.0	    0.0	  200.0	  100.0	   21.3	    0.0	    0.0	    0.0	    1.3	   12.8	  1	  750.0	 2050.0	   21.3	    0.0	    1.3	1	  298.9	 21	 1339.4	   13.9	
  196	  19.60	  299.5	 1545.8	 -134.4	  716.9	 1328.0	    0.0	  200.0	    0.0	 1500.0	    0.0	  200.0	  100.0	   20.8	    0.0	    0.0	    0.0	    1.3	   12.9	  1	  750.0	 2050.0	   20.8	    0.0	    1.3	1	  298.7	 21	 1337.8	   13.8	
  197	  19.70	  299.5	 1545.8	 -130.3	  716.9	 1328.0	    0.0	  200.0	    0.0	 1500.0	    0.0	  200.0	  100.0	   20.3	    0.0	    0.0	    0.0	    1.4	   12.9	  1	  750.0	 2050.0	   20.3	    0.0	    1.4	1	  298.4	 21	 1336.3	   13.6	
  198	  19.80	  299.5	 1545.8	 -125.1	  705.7	 1324.9	    0.0	  200.0	    0.0	 1500.0	    0.0	  200.0	  100.0	   19.8	    0.0	    0.0	    0.0	    1.4	   13.0	  1	  750.0	 1850.0	   19.8	    0.0	    1.4	1	  291.2	 21	 1335.0	   13.5	
  199	  19.90	  299.5	 1545.8	  -64.0	  705.7	 1324.9	    0.0	  200.0	    0.0	 1500.0	    0.0	  200.0	  100.0	   19.4	    0.0	    0.0	    0.0	    1.4	   13.1	  1	  750.0	 1850.0	   19.4	    0.0	    1.4	1	  291.3	 21	 1333.6	   13.4	
  200	  20.00	  299.5	 1545.8	   20.6	  705.7	 1324.9	    0.0	  200.0	    0.0	 1500.0	    0.0	  200.0	  100.0	   18.9	    0.0	    0.0	    0.0	    1.5	   13.1	  1	  750.0	 1850.0	   18.9	    0.0	    1.5	1	  291.3	 21	 1332.1	   13.2	
  201	  20.10	  299.5	 1545.8	   33.1	  710.6	 1322.2	    0.0	  200.0	    0.0	 1500.0	    0.0	  200.0	  100.0	   18.4	    0.0	    0.0	    0.0	    1.5	   13.2	  1	  750.0	 1850.0	   18.4	    0.0	    1.5	1	  291.7	 21	 1330.6	   13.1	
  202	  20.20	  299.5	 1545.8	   32.2	  710.6	 1322.2	    0.0	  200.0	    0.0	 1500.0	    0.0	  200.0	  100.0	   18.0	    0.0	    0.0	    0.0	    1.5	   13.3	  1	  750.0	 1850.0	   18.0	    0.0	    1.5	1	  291.8	 21	 1329.3	   12.9	
  203	  20.30	  299.5	 1545.8	   32.3	  710.6	 1322.2	    0.0	  200.0	    0.0	 1500.0	    0.0	  200.0	  100.0	   17.5	    0.0	    0.0	    0.0	    1.6	   13.3	  1	  750.0	 1850.0	   17.5	    0.0	    1.6	1	  291.8	 21	 1327.9	   12.8	
  204	  20.40	  299.5	 1545.8	   32.3	  710.6	 1322.2	    0.0	  200.0	    0.0	 1500.0	    0.0	  200.0	  100.0	   17.0	    0.0	    0.0	    0.0	    1.6	   13.4	  1	  750.0	 1850.0	   17.0	    0.0	    1.6	1	  291.9	 21	 1326.6	   12.7	
  205	  20.50	  299.5	 1545.8	   32.3	  710.6	 1322.2	    0.0	  200.0	    0.0	 1500.0	    0.0	  200.0	  100.0	   16.5	    0.0	    0.0	    0.0	    1.6	   13.5	  1	  750.0	 1850.0	   16.5	    0.0	    1.6	1	  292.0	 21	 1325.4	   12.5	
  206	  20.60	  299.5	 1545.8	   32.3	  710.6	 1322.2	    0.0	  200.0	    0.0	 1500.0	    0.0	  200.0	  100.0	   16.1	    0.0	    0.0	    0.0	    1.7	   13.5	  1	  750.0	 1850.0	   16.1	    0.0	    1.7	1	  292.0	 21	 1324.1	   12.4	
  207	  20.70	  299.5	 1545.8	   32.3	  710.6	 1322.2	    0.0	  200.0	    0.0	 1500.0	    0.0	  200.0	  100.0	   15.6	    0.0	    0.0	    0.0	    1.7	   13.6	  1	  750.0	 1850.0	   15.6	    0.0	    1.7	1	  292.1	 21	 1323.0	   12.3	
  208	  20.80	  299.5	 1545.8	   32.4	  710.6	 1322.2	    0.0	  200.0	    0.0	 1500.0	    0.0	  200.0	  100.0	   15.1	    0.0	    0.0	    0.0	    1.8	   13.7	  1	  750.0	 1850.0	   15.1	    0.0	    1.8	1	  292.2	 21	 1321.8	   12.2	
  209	  20.90	  299.5	 1545.8	   32.4	  710.6	 1322.2	    0.0	  200.0	    0.0	 1500.0	    0.0	  200.0	  100.0	   14.6	    0.0	    0.0	    0.0	    1.8	   13.7	  1	  750.0	 1850.0	   14.6	    0.0	    1.8	1	  292.2	 21	 1320.7	   12.1	
  210	  21.00	  299.5	 1545.8	   32.5	  710.6	 1322.2	    0.0	  200.0	    0.0	 1500.0	    0.0	  200.0	  100.0	   14.2	    0.0	    0.0	    0.0	    1.8	   13.8	  1	  750.0	 1850.0	   14.2	    0.0	    1.8	1	  292.3	 21	 1319.7	   12.0	
  211	  21.10	  299.5	 1545.8	   32.6	  710.6	 1322.2	    0.0	  200.0	    0.0	 1500.0	    0.0	  200.0	  100.0	   13.7	    0.0	    0.0	    0.0	    1.9	   13.9	  1	  750.0	 1850.0	   13.7	    0.0	    1.9	1	  292.4	 21	 1318.7	   11.9	
  212	  21.20	  299.5	 1545.8	   32.7	  710.6	 1322.2	    0.0	  200.0	    0.0	 1500.0	    0.0	  200.0	  100.0	   13.2	    0.0	    0.0	    0.0	    1.9	   13.9	  1	  750.0	 1850.0	   13.2	    0.0	    1.9	1	  292.4	 21	 1317.7	   11.8	
  213	  21.30	  299.5	 1545.8	   32.8	  710.6	 1322.2	    0.0	  200.0	    0.0	 1500.0	    0.0	  200.0	  100.0	   12.8	    0.0	    0.0	    0.0	    1.9	   14.0	  1	  750.0	 1850.0	   12.8	    0.0	    1.9	1	  292.5	 21	 1316.9	   11.7	
  214	  21.40	  299.5	 1545.8	   33.0	  714.2	 1305.6	    0.0	  200.0	    0.0	 1500.0	    0.0	  200.0	  100.0	   12.3	    0.0	    0.0	    0.0	    2.0	   14.1	  1	  750.0	 1850.0	   12.3	    0.0	    2.0	1	  293.3	 21	 1316.0	   11.6	
  215	  21.50	  299.5	 1545.8	  -31.4	  714.2	 1305.6	    0.0	  200.0	    0.0	 1500.0	    0.0	  200.0	  100.0	   11.8	    0.0	    0.0	    0.0	    2.0	   14.1	  1	  750.0	 1850.0	   11.8	    0.0	    2.0	1	  293.4	 21	 1315.3	   11.5	
  216	  21.60	  299.5	 1545.8	 -145.7	  734.9	 1334.4	    0.0	  200.0	    0.0	 1500.0	    0.0	  200.0	  100.0	   11.3	    0.0	    0.0	    0.0	    2.0	   14.2	  1	  750.0	 2050.0	   11.3	    0.0	    2.0	1	  292.3	 21	 1314.7	   11.5	
  217	  21.70	  299.5	 1545.8	 -148.1	  714.2	 1305.6	    0.0	  200.0	    0.0	 1500.0	    0.0	  200.0	  100.0	   10.9	    0.0	    0.0	    0.0	    2.1	   14.3	  1	  750.0	 1850.0	   10.9	    0.0	    2.1	1	  293.6	 21	 1314.2	   11.4	
  218	  21.80	  299.5	 1545.8	 -146.7	  714.2	 1305.6	    0.0	  200.0	    0.0	 1500.0	    0.0	  200.0	  100.0	   10.4	    0.0	    0.0	    0.0	    2.1	   14.3	  1	  750.0	 1850.0	   10.4	    0.0	    2.1	1	  293.7	 21	 1313.8	   11.4	
  219	  21.90	  299.5	 1545.8	 -146.7	  734.9	 1334.4	    0.0	  200.0	    0.0	 1500.0	    0.0	  200.0	  100.0	    9.9	    0.0	    0.0	    0.0	    2.1	   14.4	  1	  750.0	 2050.0	    9.9	    0.0	    2.1	1	  291.7	 21	 1313.5	   11.3	
  220	  22.00	  299.5	 1545.8	 -149.0	  710.6	 1322.2	    0.0	  200.0	    0.0	 1500.0	    0.0	  200.0	  100.0	    9.4	    0.0	    0.0	    0.0	    2.2	   14.5	  1	  750.0	 1850.0	    9.4	    0.0	    2.2	1	  293.0	 21	 1313.4	   11.3	
  221	  22.10	  299.5	 1545.8	 -148.5	  714.2	 1305.6	    0.0	  200.0	    0.0	 1500.0	    0.0	  200.0	  100.0	    9.0	    0.0	    0.0	    0.0	    2.2	   14.5	  1	  750.0	 1850.0	    9.0	    0.0	    2.2	1	  293.9	 21	 1313.3	   11.3	
  222	  22.20	  299.5	 1545.8	 -145.4	  714.2	 1305.6	    0.0	  200.0	    0.0	 1500.0	    0.0	  200.0	  100.0	    8.5	    0.0	    0.0	    0.0	    2.3	   14.6	  1	  750.0	 1850.0	    8.5	    0.0	    2.3	1	  294.0	 21	 1313.4	   11.3	
  223	  22.30	  299.5	 1545.8	 -145.4	  714.2	 1305.6	    0.0	  200.0	    0.0	 1500.0	    0.0	  200.0	  100.0	    8.0	    0.0	    0.0	    0.0	    2.3	   14.7	  1	  750.0	 1850.0	    8.0	    0.0	    2.3	1	  294.0	 21	 1313.7	   11.4	
  224	  22.40	  299.5	 1545.8	 -145.4	  714.2	 1305.6	    0.0	  200.0	    0.0	 1500.0	    0.0	  200.0	  100.0	    7.6	    0.0	    0.0	    0.0	    2.3	   14.7	  1	  750.0	 1850.0	    7.6	    0.0	    2.3	1	  294.1	 21	 1314.1	   11.4	
  225	  22.50	  299.5	 1545.8	 -145.4	  709.9	 1311.2	    0.0	  200.0	    0.0	 1500.0	    0.0	  200.0	  100.0	    7.1	    0.0	    0.0	    0.0	    2.4	   14.8	  1	  750.0	 1850.0	    7.1	    0.0	    2.4	1	  293.9	 21	 1314.8	   11.5	
  226	  22.60	  299.5	 1545.8	 -149.2	  709.9	 1311.2	    0.0	  200.0	    0.0	 1500.0	    0.0	  200.0	  100.0	    6.6	    0.0	    0.0	    0.0	    2.4	   14.9	  1	  750.0	 1850.0	    6.6	    0.0	    2.4	1	  293.9	 21	 1315.7	   11.6	
  227	  22.70	  299.5	 1545.8	 -149.2	  709.9	 1311.2	    0.0	  200.0	    0.0	 1500.0	    0.0	  200.0	  100.0	    6.1	    0.0	    0.0	    0.0	    2.4	   14.9	  1	  750.0	 1850.0	    6.1	    0.0	    2.4	1	  294.0	 21	 1316.9	   11.7	
  228	  22.80	  299.5	 1545.8	 -149.3	  709.9	 1311.2	    0.0	  200.0	    0.0	 1500.0	    0.0	  200.0	  100.0	    5.7	    0.0	    0.0	    0.0	    2.5	   15.0	  1	  750.0	 1850.0	    5.7	    0.0	    2.5	1	  294.1	 21	 1318.4	   11.8	
  229	  22.90	  299.5	 1545.8	 -149.3	  723.2	 1323.7	    0.0	  200.0	    0.0	 1500.0	    0.0	  200.0	  100.0	    5.2	    0.0	    0.0	    0.0	    2.5	   15.1	  1	  750.0	 2050.0	    5.2	    0.0	    2.5	1	  290.6	 21	 1320.2	   12.0	
  230	  23.00	  299.5	 1545.8	 -162.9	  723.2	 1323.7	    0.0	  200.0	    0.0	 1500.0	    0.0	  200.0	  100.0	    4.7	    0.0	    0.0	    0.0	    2.5	   15.2	  1	  750.0	 2050.0	    4.7	    0.0	    2.5	1	  290.4	 21	 1322.5	   12.3	
  231	  23.10	  299.5	 1545.8	 -162.6	  723.2	 1323.7	    0.0	  200.0	    0.0	 1500.0	    0.0	  200.0	  100.0	    4.3	    0.0	    0.0	    0.0	    2.6	   15.2	  1	  750.0	 2050.0	    4.3	    0.0	    2.6	1	  290.1	 21	 1325.3	   12.5	
  232	  23.20	  299.5	 1545.8	 -162.2	  709.9	 1311.2	    0.0	  200.0	    0.0	 1500.0	    0.0	  200.0	  100.0	    3.8	    0.0	    0.0	    0.0	    2.6	   15.3	  1	  750.0	 1850.0	    3.8	    0.0	    2.6	1	  294.4	 21	 1328.6	   12.9	
  233	  23.30	  299.5	 1545.8	 -134.2	  723.2	 1323.7	    0.0	  200.0	    0.0	 1500.0	    0.0	  200.0	  100.0	    3.3	    0.0	    0.0	    0.0	    2.7	   15.4	  1	  750.0	 2050.0	    3.3	    0.0	    2.7	1	  289.7	 21	 1332.6	   13.3	
  234	  23.40	  299.5	 1545.8	 -167.8	  723.2	 1323.7	    0.0	  200.0	    0.0	 1500.0	    0.0	  200.0	  100.0	    2.8	    0.0	    0.0	    0.0	    2.7	   15.4	  1	  750.0	 2050.0	    2.8	    0.0	    2.7	1	  289.7	 21	 1337.4	   13.7	
  235	  23.50	  299.5	 1545.8	 -168.0	  704.4	 1324.6	    0.0	  200.0	    0.0	 1500.0	    0.0	  200.0	  100.0	    2.4	    0.0	    0.0	    0.0	    2.7	   15.5	  1	  750.0	 1850.0	    2.4	    0.0	    2.7	1	  293.9	 21	 1343.2	   14.3	
  236	  23.60	  299.5	 1545.8	  162.3	  704.4	 1324.6	    0.0	  200.0	    0.0	 1500.0	    0.0	  200.0	  100.0	    1.9	    0.0	    0.0	    0.0	    2.8	   15.6	  1	  750.0	 1850.0	    1.9	    0.0	    2.8	1	  294.0	 21	 1350.2	   15.0	
  237	  23.70	  299.5	 1545.8	  162.1	  704.4	 1324.6	    0.0	  200.0	    0.0	 1500.0	    0.0	  200.0	  100.0	    1.4	    0.0	    0.0	    0.0	    2.8	   15.6	  1	  750.0	 1850.0	    1.4	    0.0	    2.8	1	  294.0	 21	 1358.7	   15.9	
  238	  23.80	  299.5	 1545.8	  161.9	  701.8	 1317.9	    0.0	  200.0	    0.0	 1500.0	    0.0	  200.0	  100.0	    0.9	    0.0	    0.0	    0.0	    2.8	   15.7	  1	  750.0	 1850.0	    0.9	    0.0	    2.8	1	  294.5	 21	 1369.1	   16.9	
  239	  23.90	  299.5	 1545.8	 -147.0	  701.8	 1317.9	    0.0	  200.0	    0.0	 1500.0	    0.0	  200.0	  100.0	    0.5	    0.0	    0.0	    0.0	    2.9	   15.8	  1	  750.0	 1850.0	    0.5	    0.0	    2.9	1	  294.6	 21	 1382.1	   18.2	
  240	  24.00	  299.5	 1545.8	 -148.0	  701.8	 1317.9	    0.0	  200.0	    0.0	 1500.0	    0.0	  200.0	  100.0	    0.0	    0.0	    0.0	    0.0	    2.9	   15.8	  1	  750.0	 1850.0	    0.0	    0.0	    2.9	1	  294.6	 21	 1398.5	   19.9	
  241	  24.10	  299.5	 1545.8	 -149.2	  701.8	 1317.9	    0.0	  200.0	    0.0	 1500.0	    0.0	  200.0	  100.0	    0.0	    0.0	    0.0	    0.0	    2.9	   15.9	  1	  750.0	 1850.0	    0.0	    0.0	    2.9	1	  294.7	 21	 1399.0	   19.9	
  242	  24.20	  299.5	 1545.8	 -150.2	  701.8	 1317.9	    0.0	  200.0	    0.0	 1500.0	    0.0	  200.0	  100.0	    0.0	    0.0	    0.0	    0.0	    3.0	   16.0	  1	  750.0	 1850.0	    0.0	    0.0	    3.0	1	  294.7	 21	 1399.4	   19.9	
  243	  24.30	  299.5	 1545.8	 -151.5	  701.8	 1317.9	    0.0	  200.0	    0.0	 1500.0	    0.0	  200.0	  100.0	    0.0	    0.0	    0.0	    0.0	    3.0	   16.0	  1	  750.0	 1850.0	    0.0	    0.0	    3.0	1	  294.8	 21	 1399.8	   20.0	
  244	  24.40	  299.5	 1545.8	 -153.1	  701.8	 1317.9	    0.0	  200.0	    0.0	 1500.0	    0.0	  200.0	  100.0	    0.0	    0.0	    0.0	    0.0	    3.0	   16.1	  1	  750.0	 1850.0	    0.0	    0.0	    3.0	1	  294.8	 21	    0.0	    0.0	
  245	  24.50	  299.5	 1545.8	 -155.2	  701.8	 1317.9	    0.0	  200.0	    0.0	 1500.0	    0.0	  200.0	  100.0	    0.0	    0.0	    0.0	    0.0	    3.1	   16.2	  1	  750.0	 1850.0	    0.0	    0.0	    3.1	1	  294.9	 21	    0.0	    0.0	
  246	  24.60	  299.5	 1545.8	 -157.8	  694.5	 1310.9	    0.0	  200.0	    0.0	 1500.0	    0.0	  200.0	  100.0	    0.0	    0.0	    0.0	    0.0	    3.1	   16.2	  1	  750.0	 1850.0	    0.0	    0.0	    3.1	1	  295.3	 21	    0.0	    0.0	
  247	  24.70	  299.5	 1545.8	  -68.3	  694.5	 1310.9	    0.0	  200.0	    0.0	 1500.0	    0.0	  200.0	  100.0	    0.0	    0.0	    0.0	    0.0	    3.1	   16.3	  1	  750.0	 1850.0	    0.0	    0.0	    3.1	1	  295.3	 21	    0.0	    0.0	
  248	  24.80	  299.5	 1545.8	  -68.4	  694.5	 1310.9	    0.0	  200.0	    0.0	 1500.0	    0.0	  200.0	  100.0	    0.0	    0.0	    0.0	    0.0	    3.1	   16.4	  1	  750.0	 1850.0	    0.0	    0.0	    3.1	1	  295.4	 21	    0.0	    0.0	
  249	  24.90	  299.5	 1545.8	  -68.7	  734.9	 1334.4	    0.0	  200.0	    0.0	 1500.0	    0.0	  200.0	  100.0	    0.0	    0.0	    0.0	    0.0	    3.2	   16.4	  1	  750.0	 2050.0	    0.0	    0.0	    3.2	1	  290.8	 21	    0.0	    0.0	
  250	  25.00	  299.5	 1545.8	  129.8	  694.5	 1310.9	    0.0	  200.0	    0.0	 1500.0	    0.0	  200.0	  100.0	    0.0	    0.0	    0.0	    0.0	    3.2	   16.5	  1	  750.0	 1850.0	    0.0	    0.0	    3.2	1	  295.5	 21	    0.0	    0.0	
  251	  25.10	  299.5	 1545.8	   31.0	  694.5	 1310.9	    0.0	  200.0	    0.0	 1500.0	    0.0	  200.0	  100.0	    0.0	    0.0	    0.0	    0.0	    3.3	   16.6	  1	  750.0	 1850.0	    0.0	    0.0	    3.3	1	  295.5	 21	    0.0	    0.0	
  252	  25.20	  299.5	 1545.8	   32.9	  694.5	 1310.9	    0.0	  200.0	    0.0	 1500.0	    0.0	  200.0	  100.0	    0.0	    0.0	    0.0	    0.0	    3.3	   16.6	  1	  750.0	 1850.0	    0.0	    0.0	    3.3	1	  295.5	 21	    0.0	    0.0	
  253	  25.30	  299.5	 1545.8	   32.9	  694.5	 1310.9	    0.0	  200.0	    0.0	 1500.0	    0.0	  200.0	  100.0	    0.0	    0.0	    0.0	    0.0	    3.3	   16.7	  1	  750.0	 1850.0	    0.0	    0.0	    3.3	1	  295.6	 21	    0.0	    0.0	
  254	  25.40	  299.5	 1545.8	   32.9	  694.5	 1310.9	    0.0	  200.0	    0.0	 1500.0	    0.0	  200.0	  100.0	    0.0	    0.0	    0.0	    0.0	    3.3	   16.8	  1	  750.0	 1850.0	    0.0	    0.0	    3.3	1	  295.6	 21	    0.0	    0.0	
  255	  25.50	  299.5	 1545.8	   32.9	  694.5	 1310.9	    0.0	  200.0	  696.4	 1301.4	    0.0	  200.0	  100.0	    0.0	    0.0	    0.0	    0.0	    3.1	   16.8	  1	 -450.0	 1850.0	    0.0	    0.0	    3.1	1	  306.3	 21	    0.0	    0.0	
  256	  25.60	  299.5	 1545.8	 -164.2	  694.5	 1310.9	    0.0	  200.0	  696.4	 1301.4	    0.0	  200.0	  100.0	    0.0	    0.0	    0.0	    0.0	    3.1	   16.9	  1	 -450.0	 1850.0	    0.0	    0.0	    3.1	1	  307.1	 21	    0.0	    0.0	
  257	  25.70	  299.5	 1545.8	  179.9	  694.5	 1310.9	    0.0	  200.0	  696.4	 1301.4	    0.0	  200.0	  100.0	    0.0	    0.0	    0.0	    0.0	    3.1	   17.0	  1	 -450.0	 1850.0	    0.0	    0.0	    3.1	1	  307.1	 21	    0.0	    0.0	
  258	  25.80	  299.5	 1545.8	  176.2	  694.5	 1310.9	    0.0	  200.0	  696.4	 1301.4	    0.0	  200.0	  100.0	    0.0	    0.0	    0.0	    0.0	    3.1	   17.0	  1	 -450.0	 1850.0	    0.0	    0.0	    3.1	1	  307.1	 21	    0.0	    0.0	
  259	  25.90	  299.5	 1545.8	  175.2	  694.5	 1310.9	    0.0	  200.0	  692.8	 1302.6	    0.0	  200.0	  100.0	    0.0	    0.0	    0.0	    0.0	    3.1	   17.1	  1	 -450.0	 1850.0	    0.0	    0.0	    3.1	1	  307.1	 21	    0.0	    0.0	
  260	  26.00	  299.5	 1545.8	  174.8	  694.5	 1310.9	    0.0	  200.0	  692.8	 1302.6	    0.0	  200.0	  100.0	    0.0	    0.0	    0.0	    0.0	    3.1	   17.2	  1	 -450.0	 1850.0	    0.0	    0.0	    3.1	1	  307.1	 21	    0.0	    0.0	
  261	  26.10	  299.5	 1545.8	  174.6	  694.5	 1310.9	    0.0	  200.0	  692.8	 1302.6	    0.0	  200.0	  100.0	    0.0	    0.0	    0.0	    0.0	    3.1	   17.2	  1	 -450.0	 1850.0	    0.0	    0.0	    3.1	1	  307.1	 21	    0.0	    0.0	
  262	  26.20	  299.5	 1545.8	  174.5	  694.5	 1310.9	    0.0	  200.0	  692.8	 1302.6	    0.0	  200.0	  100.0	    0.0	    0.0	    0.0	    0.0	    3.1	   17.3	  1	 -450.0	 1850.0	    0.0	    0.0	    3.1	1	  307.1	 21	    0.0	    0.0	
  263	  26.30	  299.5	 1545.8	  174.5	  694.5	 1310.9	    0.0	  200.0	  700.8	 1300.9	    0.0	  200.0	  100.0	    0.0	    0.0	    0.0	    0.0	    3.1	   17.4	  1	 -450.0	 1850.0	    0.0	    0.0	    3.1	1	  307.0	 21	    0.0	    0.0	
  264	  26.40	  299.5	 1545.8	  175.3	  694.5	 1310.9	    0.0	  200.0	  700.8	 1300.9	    0.0	  200.0	  100.0	    0.0	    0.0	    0.0	    0.0	    3.1	   17.5	  1	 -450.0	 1850.0	    0.0	    0.0	    3.1	1	  307.0	 21	    0.0	    0.0	
  265	  26.50	  299.5	 1545.8	  176.2	  694.5	 1310.9	    0.0	  200.0	  700.8	 1300.9	    0.0	  200.0	  100.0	    0.0	    0.0	    0.0	    0.0	    3.1	   17.5	  1	 -450.0	 1850.0	    0.0	    0.0	    3.1	1	  307.0	 21	    0.0	    0.0	
  266	  26.60	  299.5	 1545.8	  177.7	  694.5	 1310.9	    0.0	  200.0	  700.8	 1300.9	    0.0	  200.0	  100.0	    0.0	    0.0	    0.0	    0.0	    3.1	   17.6	  1	 -450.0	 1850.0	    0.0	    0.0	    3.1	1	  307.0	 21	    0.0	    0.0	
  267	  26.70	  299.5	 1545.8	 -178.4	  694.5	 1310.9	    0.0	  200.0	  707.2	 1306.5	    0.0	  200.0	  100.0	    0.0	    0.0	    0.0	    0.0	    3.1	   17.7	  1	 -450.0	 1850.0	    0.0	    0.0	    3.1	1	  307.0	 21	    0.0	    0.0	
  268	  26.80	  299.5	 1545.8	 -153.5	  694.5	 1310.9	    0.0	  200.0	  700.8	 1300.9	    0.0	  200.0	  100.0	    0.0	    0.0	    0.0	    0.0	    3.1	   17.7	  1	 -450.0	 1850.0	    0.0	    0.0	    3.1	1	  307.0	 21	    0.0	    0.0	
  269	  26.90	  299.5	 1545.8	  -37.4	  694.5	 1310.9	    0.0	  200.0	  707.2	 1306.5	    0.0	  200.0	  100.0	    0.0	    0.0	    0.0	    0.0	    3.1	   17.8	  1	 -450.0	 1850.0	    0.0	    0.0	    3.1	1	  307.0	 21	    0.0	    0.0	
  270	  27.00	  299.5	 1545.8	  -32.5	  694.5	 1310.9	    0.0	  200.0	  707.2	 1306.5	    0.0	  200.0	  100.0	    0.0	    0.0	    0.0	    0.0	    3.1	   17.9	  1	 -450.0	 1850.0	    0.0	    0.0	    3.1	1	  307.0	 21	    0.0	    0.0	
  271	  27.10	  299.5	 1545.8	  -32.5	  694.5	 1310.9	    0.0	  200.0	  707.2	 1306.5	    0.0	  200.0	  100.0	    0.0	    0.0	    0.0	    0.0	    3.0	   17.9	  1	 -450.0	 1850.0	    0.0	    0.0	    3.0	1	  307.0	 21	    0.0	    0.0	
  272	  27.20	  299.5	 1545.8	  -32.5	  694.5	 1310.9	    0.0	  200.0	  707.2	 1306.5	    0.0	  200.0	  100.0	    0.0	    0.0	    0.0	    0.0	    3.0	   18.0	  1	 -450.0	 1850.0	    0.0	    0.0	    3.0	1	  306.9	 21	    0.0	    0.0	
  273	  27.30	  299.5	 1545.8	  -32.5	  694.5	 1310.9	    0.0	  200.0	  707.2	 1306.5	    0.0	  200.0	  100.0	    0.0	    0.0	    0.0	    0.0	    3.0	   18.1	  1	 -450.0	 1850.0	    0.0	    0.0	    3.0	1	  306.9	 21	    0.0	    0.0	
  274	  27.40	  299.5	 1545.8	  -32.5	  713.5	 1321.6	    0.0	  200.0	  707.2	 1306.5	    0.0	  200.0	  100.0	    0.0	    0.0	    0.0	    0.0	    3.0	   18.1	  1	 -450.0	 1850.0	    0.0	    0.0	    3.0	1	  307.1	 21	    0.0	    0.0	
  275	  27.50	  299.5	 1545.8	  -33.4	  713.5	 1321.6	    0.0	  200.0	  707.2	 1306.5	    0.0	  200.0	  100.0	    0.0	    0.0	    0.0	    0.0	    3.0	   18.2	  1	 -450.0	 1850.0	    0.0	    0.0	    3.0	1	  307.1	 21	    0.0	    0.0	
  276	  27.60	  299.5	 1545.8	  -33.4	  713.5	 1321.6	    0.0	  200.0	  707.2	 1306.5	    0.0	  200.0	  100.0	    0.0	    0.0	    0.0	    0.0	    3.0	   18.3	  1	 -450.0	 1850.0	    0.0	    0.0	    3.0	1	  307.1	 21	    0.0	    0.0	
  277	  27.70	  299.5	 1545.8	  -33.4	  713.5	 1321.6	    0.0	  200.0	  707.2	 1306.5	    0.0	  200.0	  100.0	    0.0	    0.0	    0.0	    0.0	    3.0	   18.3	  1	 -450.0	 1850.0	    0.0	    0.0	    3.0	1	  307.1	 21	    0.0	    0.0	
  278	  27.80	  299.5	 1545.8	  -33.4	  713.5	 1321.6	    0.0	  200.0	  707.2	 1306.5	    0.0	  200.0	  100.0	    0.0	    0.0	    0.0	    0.0	    3.0	   18.4	  1	 -450.0	 1850.0	    0.0	    0.0	    3.0	1	  307.1	 21	    0.0	    0.0	
  279	  27.90	  299.5	 1545.8	  -33.4	  713.6	 1329.8	    0.0	  200.0	  707.2	 1306.5	    0.0	  200.0	  100.0	    0.0	    0.0	    0.0	    0.0	    3.0	   18.5	  1	 -450.0	 1850.0	    0.0	    0.0	    3.0	1	  307.0	 21	    0.0	    0.0	
  280	  28.00	  299.5	 1545.8	  -34.7	  713.6	 1329.8	    0.0	  200.0	  707.2	 1306.5	    0.0	  200.0	  100.0	    0.0	    0.0	    0.0	    0.0	    3.0	   18.5	  1	 -450.0	 1850.0	    0.0	    0.0	    3.0	1	  307.0	 21	    0.0	    0.0	
  281	  28.10	  299.5	 1545.8	  -34.7	  713.6	 1329.8	    0.0	  200.0	  707.2	 1306.5	    0.0	  200.0	  100.0	    0.0	    0.0	    0.0	    0.0	    3.0	   18.6	  1	 -450.0	 1850.0	    0.0	    0.0	    3.0	1	  307.0	 21	    0.0	    0.0	
  282	  28.20	  299.5	 1545.8	  -34.7	  713.6	 1329.8	    0.0	  200.0	  707.2	 1306.5	    0.0	  200.0	  100.0	    0.0	    0.0	    0.0	    0.0	    3.0	   18.7	  1	 -450.0	 1850.0	    0.0	    0.0	    3.0	1	  307.0	 21	    0.0	    0.0	
  283	  28.30	  299.5	 1545.8	  -34.7	  713.6	 1329.8	    0.0	  200.0	  707.2	 1306.5	    0.0	  200.0	  100.0	    0.0	    0.0	    0.0	    0.0	    3.0	   18.7	  1	 -450.0	 1850.0	    0.0	    0.0	    3.0	1	  307.0	 21	    0.0	    0.0	
  284	  28.40	  299.5	 1545.8	  -34.7	  710.7	 1330.3	    0.0	  200.0	  707.2	 1306.5	    0.0	  200.0	  100.0	    0.0	    0.0	    0.0	    0.0	    3.0	   18.8	  1	 -450.0	 1850.0	    0.0	    0.0	    3.0	1	  307.0	 21	    0.0	    0.0	
  285	  28.50	  299.5	 1545.8	  -34.2	  710.7	 1330.3	    0.0	  200.0	  707.2	 1306.5	    0.0	  200.0	  100.0	    0.0	    0.0	    0.0	    0.0	    3.0	   18.9	  1	 -450.0	 1850.0	    0.0	    0.0	    3.0	1	  307.0	 21	    0.0	    0.0	
  286	  28.60	  299.5	 1545.8	  -34.2	  710.7	 1330.3	    0.0	  200.0	  707.2	 1306.5	    0.0	  200.0	  100.0	    0.0	    0.0	    0.0	    0.0	    3.0	   18.9	  1	 -450.0	 1850.0	    0.0	    0.0	    3.0	1	  307.0	 21	    0.0	    0.0	
  287	  28.70	  299.5	 1545.8	  -34.2	  711.5	 1331.9	    0.0	  200.0	  707.2	 1306.5	    0.0	  200.0	  100.0	    0.0	    0.0	    0.0	    0.0	    3.0	   19.0	  1	 -450.0	 1850.0	    0.0	    0.0	    3.0	1	  307.0	 21	    0.0	    0.0	
  288	  28.80	  299.5	 1545.8	  -36.8	  711.5	 1331.9	    0.0	  200.0	  707.2	 1306.5	    0.0	  200.0	  100.0	    0.0	    0.0	    0.0	    0.0	    3.0	   19.1	  1	 -450.0	 1850.0	    0.0	    0.0	    3.0	1	  307.0	 21	    0.0	    0.0	
  289	  28.90	  299.5	 1545.8	  -36.8	  710.7	 1330.3	    0.0	  200.0	  707.2	 1306.5	    0.0	  200.0	  100.0	    0.0	    0.0	    0.0	    0.0	    3.0	   19.1	  1	 -450.0	 1850.0	    0.0	    0.0	    3.0	1	  307.0	 21	    0.0	    0.0	
  290	  29.00	  299.5	 1545.8	  -32.5	  711.5	 1331.9	    0.0	  200.0	  707.2	 1306.5	    0.0	  200.0	  100.0	    0.0	    0.0	    0.0	    0.0	    3.0	   19.2	  1	 -450.0	 1850.0	    0.0	    0.0	    3.0	1	  307.0	 21	    0.0	    0.0	
  291	  29.10	  299.5	 1545.8	  -38.0	  711.5	 1331.9	    0.0	  200.0	  707.2	 1306.5	    0.0	  200.0	  100.0	    0.0	    0.0	    0.0	    0.0	    3.0	   19.3	  1	 -450.0	 1850.0	    0.0	    0.0	    3.0	1	  307.0	 21	    0.0	    0.0	
  292	  29.20	  299.5	 1545.8	  -38.0	  711.5	 1331.9	    0.0	  200.0	  707.2	 1306.5	    0.0	  200.0	  100.0	    0.0	    0.0	    0.0	    0.0	    3.0	   19.3	  1	 -450.0	 1850.0	    0.0	    0.0	    3.0	1	  307.0	 21	    0.0	    0.0	
  293	  29.30	  299.5	 1545.8	  -38.0	  710.7	 1330.3	    0.0	  200.0	  707.2	 1306.5	    0.0	  200.0	  100.0	    0.0	    0.0	    0.0	    0.0	    3.0	   19.4	  1	 -450.0	 1850.0	    0.0	    0.0	    3.0	1	  306.9	 21	    0.0	    0.0	
  294	  29.40	  299.5	 1545.8	  -26.0	  710.7	 1330.3	    0.0	  200.0	  707.2	 1306.5	    0.0	  200.0	  100.0	    0.0	    0.0	    0.0	    0.0	    3.0	   19.5	  1	 -450.0	 1850.0	    0.0	    0.0	    3.0	1	  306.9	 21	    0.0	    0.0	
  295	  29.50	  299.5	 1545.8	  -26.0	  710.7	 1330.3	    0.0	  200.0	  707.2	 1306.5	    0.0	  200.0	  100.0	    0.0	    0.0	    0.0	    0.0	    3.0	   19.5	  1	 -450.0	 1850.0	    0.0	    0.0	    3.0	1	  306.9	 21	    0.0	    0.0	
  296	  29.60	  299.5	 1545.8	  -26.0	  711.9	 1334.7	    0.0	  200.0	  707.2	 1306.5	    0.0	  200.0	  100.0	    0.0	    0.0	    0.0	    0.0	    3.0	   19.6	  1	 -450.0	 1850.0	    0.0	    0.0	    3.0	1	  306.9	 21	    0.0	    0.0	
  297	  29.70	  299.5	 1545.8	  -76.4	  710.7	 1330.3	    0.0	  200.0	  707.2	 1306.5	    0.0	  200.0	  100.0	    0.0	    0.0	    0.0	    0.0	    3.0	   19.7	  1	 -450.0	 1850.0	    0.0	    0.0	    3.0	1	  306.9	 21	    0.0	    0.0	
  298	  29.80	  299.5	 1545.8	   -7.8	  711.9	 1334.7	    0.0	  200.0	  707.2	 1306.5	    0.0	  200.0	  100.0	    0.0	    0.0	    0.0	    0.0	    3.0	   19.8	  1	 -450.0	 1850.0	    0.0	    0.0	    3.0	1	  306.9	 21	 1400.0	   20.0	
  299	  29.90	  299.5	 1545.8	  -85.6	  708.5	 1336.4	    0.0	  200.0	  707.2	 1306.5	    0.0	  200.0	  100.0	    0.0	    0.0	    0.0	    0.0	    3.0	   19.8	  1	 -450.0	 1850.0	    0.0	    0.0	    3.0	1	  306.9	 21	 1399.9	   20.0	
  300	  30.00	  299.5	 1545.8	  -87.3	  711.9	 1334.7	    0.0	  200.0	  707.2	 1306.5	    0.0	  200.0	  100.0	    0.0	    0.0	    0.0	    0.0	    3.0	   19.9	  1	 -450.0	 1850.0	    0.0	    0.0	    3.0	1	  306.9	 21	 1399.9	   20.0	
  301	  30.10	  299.5	 1545.8	  -85.0	  708.5	 1336.4	    0.0	  200.0	  707.2	 1306.5	    0.0	  200.0	  100.0	    0.0	    0.0	    0.0	    0.0	    3.0	   20.0	  1	 -450.0	 1850.0	    0.0	    0.0	    3.0	1	  306.9	 21	 1399.9	   20.0	
  302	  30.20	  299.5	 1545.8	  -87.8	  708.5	 1336.4	    0.0	  200.0	  707.2	 1306.5	    0.0	  200.0	  100.0	    0.0	    0.0	    0.0	    0.0	    3.0	   20.0	  1	 -450.0	 1850.0	    0.0	    0.0	    3.0	1	  306.9	 21	 1399.8	   20.0	
  303	  30.30	  299.5	 1545.8	  -87.8	  705.2	 1336.1	    0.0	  200.0	  707.2	 1306.5	    0.0	  200.0	  100.0	    0.0	    0.0	    0.0	    0.0	    3.0	   20.1	  1	 -450.0	 1850.0	    0.0	    0.0	    3.0	1	  306.8	 21	 1399.8	   20.0	
  304	  30.40	  299.5	 1545.8	   14.3	  705.2	 1336.1	    0.0	  200.0	  707.2	 1306.5	    0.0	  200.0	  100.0	    0.0	    0.0	    0.0	    0.0	    3.0	   20.2	  1	 -450.0	 1850.0	    0.0	    0.0	    3.0	1	  306.8	 21	 1399.7	   20.0	
  305	  30.50	  299.5	 1545.8	   14.4	  705.2	 1336.1	    0.0	  200.0	  707.2	 1306.5	    0.0	  200.0	  100.0	    0.0	    0.0	    0.0	    0.0	    3.0	   20.2	  1	 -450.0	 1850.0	    0.0	    0.0	    3.0	1	  306.8	 21	 1399.7	   20.0	
  306	  30.60	  299.5	 1545.8	   14.6	  708.5	 1336.4	    0.0	  200.0	  707.2	 1306.5	    0.0	  200.0	  100.0	    0.0	    0.0	    0.0	    0.0	    3.0	   20.3	  1	 -450.0	 1850.0	    0.0	    0.0	    3.0	1	  306.8	 21	 1399.6	   20.0	
  307	  30.70	  299.5	 1545.8	 -106.6	  706.9	 1335.2	    0.0	  200.0	  707.2	 1306.5	    0.0	  200.0	  100.0	    0.0	    0.0	    0.0	    0.0	    3.0	   20.4	  1	 -450.0	 1850.0	    0.0	    0.0	    3.0	1	  306.8	 21	 1399.6	   20.0	
  308	  30.80	  299.5	 1545.8	   43.7	  706.9	 1335.2	    0.0	  200.0	  707.2	 1306.5	    0.0	  200.0	  100.0	    0.0	    0.0	    0.0	    0.0	    3.0	   20.4	  1	 -450.0	 1850.0	    0.0	    0.0	    3.0	1	  306.8	 21	 1399.6	   20.0	
  309	  30.90	  299.5	 1545.8	   43.8	  706.9	 1335.2	    0.0	  200.0	  707.2	 1306.5	    0.0	  200.0	  100.0	    0.0	    0.0	    0.0	    0.0	    3.0	   20.5	  1	 -450.0	 1850.0	    0.0	    0.0	    3.0	1	  306.8	 21	 1399.5	   20.0	
  310	  31.00	  299.5	 1545.8	   43.8	  705.6	 1336.9	    0.0	  200.0	  707.2	 1306.5	    0.0	  200.0	  100.0	    0.0	    0.0	    0.0	    0.0	    3.0	   20.6	  1	 -450.0	 1850.0	    0.0	    0.0	    3.0	1	  306.8	 21	 1399.5	   19.9	
  311	  31.10	  299.5	 1545.8	 -110.2	  705.6	 1336.9	    0.0	  200.0	  707.2	 1306.5	    0.0	  200.0	  100.0	    0.0	    0.0	    0.0	    0.0	    3.0	   20.6	  1	 -450.0	 1850.0	    0.0	    0.0	    3.0	1	  306.8	 21	 1399.4	   19.9	
  312	  31.20	  299.5	 1545.8	  151.7	  705.6	 1336.9	    0.0	  200.0	  707.2	 1306.5	    0.0	  200.0	  100.0	    0.0	    0.0	    0.0	    0.0	    2.9	   20.7	  1	 -450.0	 1850.0	    0.0	    0.0	    2.9	1	  306.7	 21	 1399.4	   19.9	
  313	  31.30	  299.5	 1545.8	  151.4	  705.6	 1336.9	    0.0	  200.0	  707.2	 1306.5	    0.0	  200.0	  100.0	    0.0	    0.0	    0.0	    0.0	    2.9	   20.8	  1	 -450.0	 1850.0	    0.0	    0.0	    2.9	1	  306.7	 21	 1399.3	   19.9	
  314	  31.40	  299.5	 1545.8	  151.4	  703.6	 1337.0	    0.0	  200.0	  707.2	 1306.5	    0.0	  200.0	  100.0	    0.0	    0.0	    0.0	    0.0	    2.9	   20.8	  1	 -450.0	 1850.0	    0.0	    0.0	    2.9	1	  306.7	 21	 1399.3	   19.9	
  315	  31.50	  299.5	 1545.8	  151.4	  705.6	 1336.9	    0.0	  200.0	  707.2	 1306.5	    0.0	  200.0	  100.0	    0.0	    0.0	    0.0	    0.0	    2.9	   20.9	  1	 -450.0	 1850.0	    0.0	    0.0	    2.9	1	  306.7	 21	 1399.2	   19.9	
  316	  31.60	  299.5	 1545.8	  151.4	  703.6	 1337.0	    0.0	  200.0	  707.2	 1306.5	    0.0	  200.0	  100.0	    0.0	    0.0	    0.0	    0.0	    2.9	   21.0	  1	 -450.0	 1850.0	    0.0	    0.0	    2.9	1	  306.7	 21	 1399.1	   19.9	
  317	  31.70	  299.5	 1545.8	  151.4	  703.6	 1337.0	    0.0	  200.0	  707.2	 1306.5	    0.0	  200.0	  100.0	    0.0	    0.0	    0.0	    0.0	    2.9	   21.0	  1	 -450.0	 1850.0	    0.0	    0.0	    2.9	1	  306.7	 21	 1399.1	   19.9	
  318	  31.80	  299.5	 1545.8	  151.4	  703.6	 1337.0	    0.0	  200.0	  707.2	 1306.5	    0.0	  200.0	  100.0	    0.0	    0.0	    0.0	    0.0	    2.9	   21.1	  1	 -450.0	 1850.0	    0.0	    0.0	    2.9	1	  306.7	 21	 1399.0	   19.9	
  319	  31.90	  299.5	 1545.8	  151.4	  703.6	 1337.0	    0.0	  200.0	  707.2	 1306.5	    0.0	  200.0	  100.0	    0.0	    0.0	    0.0	    0.0	    2.9	   21.2	  1	 -450.0	 1850.0	    0.0	    0.0	    2.9	1	  306.7	 21	 1399.0	   19.9	
  320	  32.00	  299.5	 1545.8	  151.4	  701.6	 1332.1	    0.0	  200.0	  707.2	 1306.5	    0.0	  200.0	  100.0	    0.0	    0.0	    0.0	    0.0	    2.9	   21.2	  1	 -450.0	 1850.0	    0.0	    0.0	    2.9	1	  306.6	 21	 1398.9	   19.9	
  321	  32.10	  299.5	 1545.8	  150.1	  701.6	 1332.1	    0.0	  200.0	  707.2	 1306.5	    0.0	  200.0	  100.0	    0.0	    0.0	    0.0	    0.0	    2.9	   21.3	  1	 -450.0	 1850.0	    0.0	    0.0	    2.9	1	  306.6	 21	 1398.9	   19.9	
  322	  32.20	  299.5	 1545.8	  149.9	  701.6	 1332.1	    0.0	  200.0	  707.2	 1306.5	    0.0	  200.0	  100.0	    0.0	    0.0	    0.0	    0.0	    2.9	   21.4	  1	 -450.0	 1850.0	    0.0	    0.0	    2.9	1	  306.6	 21	 1398.8	   19.9	
  323	  32.30	  299.5	 1545.8	  149.9	  701.6	 1332.1	    0.0	  200.0	  707.2	 1306.5	    0.0	  200.0	  100.0	    0.0	    0.0	    0.0	    0.0	    2.9	   21.4	  1	 -450.0	 1850.0	    0.0	    0.0	    2.9	1	  306.6	 21	 1398.8	   19.9	
  324	  32.40	  299.5	 1545.8	  149.9	  701.6	 1332.1	    0.0	  200.0	  707.2	 1306.5	    0.0	  200.0	  100.0	    0.0	    0.0	    0.0	    0.0	    2.9	   21.5	  1	 -450.0	 1850.0	    0.0	    0.0	    2.9	1	  306.6	 21	 1398.7	   19.9	
  325	  32.50	  299.5	 1545.8	  149.9	  701.6	 1332.1	    0.0	  200.0	  707.2	 1306.5	    0.0	  200.0	  100.0	    0.0	    0.0	    0.0	    0.0	    2.9	   21.6	  1	 -450.0	 1850.0	    0.0	    0.0	    2.9	1	  306.6	 21	 1398.6	   19.9	
  326	  32.60	  299.5	 1545.8	  149.9	  700.3	 1326.8	    0.0	  200.0	  707.2	 1306.5	    0.0	  200.0	  100.0	    0.0	    0.0	    0.0	    0.0	    2.9	   21.6	  1	 -450.0	 1850.0	    0.0	    0.0	    2.9	1	  306.6	 21	 1398.6	   19.9	
  327	  32.70	  299.5	 1545.8	  143.4	  701.6	 1332.1	    0.0	  200.0	  707.2	 1306.5	    0.0	  200.0	  100.0	    0.0	    0.0	    0.0	    0.0	    2.9	   21.7	  1	 -450.0	 1850.0	    0.0	    0.0	    2.9	1	  306.6	 21	 1398.5	   19.9	
  328	  32.80	  299.5	 1545.8	  -28.9	  700.3	 1326.8	    0.0	  200.0	  707.2	 1306.5	    0.0	  200.0	  100.0	    0.0	    0.0	    0.0	    0.0	    2.9	   21.8	  1	 -450.0	 1850.0	    0.0	    0.0	    2.9	1	  306.6	 21	 1398.5	   19.8	
  329	  32.90	  299.5	 1545.8	  -28.7	  700.3	 1326.8	    0.0	  200.0	  707.2	 1306.5	    0.0	  200.0	  100.0	    0.0	    0.0	    0.0	    0.0	    2.9	   21.8	  1	 -450.0	 1850.0	    0.0	    0.0	    2.9	1	  306.6	 21	 1398.4	   19.8	
  330	  33.00	  299.5	 1545.8	  -28.7	  700.3	 1326.8	    0.0	  200.0	  707.2	 1306.5	    0.0	  200.0	  100.0	    0.0	    0.0	    0.0	    0.0	    2.9	   21.9	  1	 -450.0	 1850.0	    0.0	    0.0	    2.9	1	  306.6	 21	 1398.4	   19.8	
  331	  33.10	  299.5	 1545.8	  -28.7	  701.1	 1324.4	    0.0	  200.0	  707.2	 1306.5	    0.0	  200.0	  100.0	    0.0	    0.0	    0.0	    0.0	    2.9	   22.0	  1	 -450.0	 1850.0	    0.0	    0.0	    2.9	1	  306.6	 21	 1398.3	   19.8	
  332	  33.20	  299.5	 1545.8	  -28.6	  701.1	 1324.4	    0.0	  200.0	  707.2	 1306.5	    0.0	  200.0	  100.0	    0.0	    0.0	    0.0	    0.0	    2.9	   22.0	  1	 -450.0	 1850.0	    0.0	    0.0	    2.9	1	  306.6	 21	 1398.3	   19.8	
  333	  33.30	  299.5	 1545.8	  -28.6	  700.3	 1326.8	    0.0	  200.0	  707.2	 1306.5	    0.0	  200.0	  100.0	    0.0	    0.0	    0.0	    0.0	    2.9	   22.1	  1	 -450.0	 1850.0	    0.0	    0.0	    2.9	1	  306.5	 21	 1398.2	   19.8	
  334	  33.40	  299.5	 1545.8	  -28.7	  701.1	 1324.4	    0.0	  200.0	  707.2	 1306.5	    0.0	  200.0	  100.0	    0.0	    0.0	    0.0	    0.0	    2.9	   22.2	  1	 -450.0	 1850.0	    0.0	    0.0	    2.9	1	  306.5	 21	 1398.2	   19.8	
  335	  33.50	  299.5	 1545.8	  -28.6	  701.1	 1324.4	    0.0	  200.0	  707.2	 1306.5	    0.0	  200.0	  100.0	    0.0	    0.0	    0.0	    0.0	    2.9	   22.3	  1	 -450.0	 1850.0	    0.0	    0.0	    2.9	1	  306.5	 21	 1398.1	   19.8	
  336	  33.60	  299.5	 1545.8	  -28.6	  702.1	 1323.8	    0.0	  200.0	  707.2	 1306.5	    0.0	  200.0	  100.0	    0.0	    0.0	    0.0	    0.0	    2.9	   22.3	  1	 -450.0	 1850.0	    0.0	    0.0	    2.9	1	  306.5	 21	 1398.1	   19.8	
  337	  33.70	  299.5	 1545.8	  -28.6	  701.3	 1324.3	    0.0	  200.0	  707.2	 1306.5	    0.0	  200.0	  100.0	    0.0	    0.0	    0.0	    0.0	    2.8	   22.4	  1	 -450.0	 1850.0	    0.0	    0.0	    2.8	1	  306.5	 21	 1398.0	   19.8	
  338	  33.80	  299.5	 1545.8	  -28.6	  702.4	 1323.6	    0.0	  200.0	  707.2	 1306.5	    0.0	  200.0	  100.0	    0.0	    0.0	    0.0	    0.0	    2.8	   22.5	  1	 -450.0	 1850.0	    0.0	    0.0	    2.8	1	  306.5	 21	 1398.0	   19.8	
  339	  33.90	  299.5	 1545.8	  -28.6	  702.1	 1323.8	    0.0	  200.0	  707.2	 1306.5	    0.0	  200.0	  100.0	    0.0	    0.0	    0.0	    0.0	    2.8	   22.5	  1	 -450.0	 1850.0	    0.0	    0.0	    2.8	1	  306.5	 21	 1398.0	   19.8	
  340	  34.00	  299.5	 1545.8	  -28.6	  702.1	 1323.8	    0.0	  200.0	  707.2	 1306.5	    0.0	  200.0	  100.0	    0.0	    0.0	    0.0	    0.0	    2.8	   22.6	  1	 -450.0	 1850.0	    0.0	    0.0	    2.8	1	  306.5	 21	 1397.9	   19.8	
  341	  34.10	  299.5	 1545.8	  -28.6	  702.1	 1323.8	    0.0	  200.0	  707.2	 1306.5	    0.0	  200.0	  100.0	    0.0	    0.0	    0.0	    0.0	    2.8	   22.7	  1	 -450.0	 1850.0	    0.0	    0.0	    2.8	1	  306.5	 21	 1397.9	   19.8	
  342	  34.20	  299.5	 1545.8	  -28.6	  702.1	 1323.8	    0.0	  200.0	  707.2	 1306.5	    0.0	  200.0	  100.0	    0.0	    0.0	    0.0	    0.0	    2.8	   22.7	  1	 -450.0	 1850.0	    0.0	    0.0	    2.8	1	  306.5	 21	 1397.8	   19.8	
  343	  34.30	  299.5	 1545.8	  -28.6	  702.1	 1323.8	    0.0	  200.0	  707.2	 1306.5	    0.0	  200.0	  100.0	    0.0	    0.0	    0.0	    0.0	    2.8	   22.8	  1	 -450.0	 1850.0	    0.0	    0.0	    2.8	1	  306.5	 21	 1397.8	   19.8	
  344	  34.40	  299.5	 1545.8	  -28.6	  700.4	 1318.7	    0.0	  200.0	  707.2	 1306.5	    0.0	  200.0	  100.0	    0.0	    0.0	    0.0	    0.0	    2.8	   22.9	  1	 -450.0	 1850.0	    0.0	    0.0	    2.8	1	  306.5	 21	 1397.7	   19.8	
  345	  34.50	  299.5	 1545.8	  -25.6	  700.4	 1318.7	    0.0	  200.0	  707.2	 1306.5	    0.0	  200.0	  100.0	    0.0	    0.0	    0.0	    0.0	    2.8	   22.9	  1	 -450.0	 1850.0	    0.0	    0.0	    2.8	1	  306.5	 21	 1397.7	   19.8	
  346	  34.60	  299.5	 1545.8	  -25.6	  700.4	 1318.7	    0.0	  200.0	  707.2	 1306.5	    0.0	  200.0	  100.0	    0.0	    0.0	    0.0	    0.0	    2.8	   23.0	  1	 -450.0	 1850.0	    0.0	    0.0	    2.8	1	  306.5	 21	 1397.7	   19.8	
  347	  34.70	  299.5	 1545.8	  -25.6	  697.3	 1319.5	    0.0	  200.0	  707.2	 1306.5	    0.0	  200.0	  100.0	    0.0	    0.0	    0.0	    0.0	    2.8	   23.1	  1	 -450.0	 1850.0	    0.0	    0.0	    2.8	1	  306.4	 21	 1397.6	   19.8	
  348	  34.80	  299.5	 1545.8	  -24.5	  697.3	 1319.5	    0.0	  200.0	  707.2	 1306.5	    0.0	  200.0	  100.0	    0.0	    0.0	    0.0	    0.0	    2.8	   23.1	  1	 -450.0	 1850.0	    0.0	    0.0	    2.8	1	  306.4	 21	 1397.6	   19.8	
  349	  34.90	  299.5	 1545.8	  -24.5	  697.3	 1319.5	    0.0	  200.0	  707.2	 1306.5	    0.0	  200.0	  100.0	    0.0	    0.0	    0.0	    0.0	    2.8	   23.2	  1	 -450.0	 1850.0	    0.0	    0.0	    2.8	1	  306.4	 21	 1397.5	   19.8	
  350	  35.00	  299.5	 1545.8	  -24.5	  697.8	 1319.2	    0.0	  200.0	  707.2	 1306.5	    0.0	  200.0	  100.0	    0.0	    0.0	    0.0	    0.0	    2.8	   23.3	  1	 -450.0	 1850.0	    0.0	    0.0	    2.8	1	  306.4	 21	 1397.5	   19.7	
  351	  35.10	  299.5	 1545.8	  -24.5	  700.4	 1318.7	    0.0	  200.0	  707.2	 1306.5	    0.0	  200.0	  100.0	    0.0	    0.0	    0.0	    0.0	    2.8	   23.3	  1	 -450.0	 1850.0	    0.0	    0.0	    2.8	1	  306.4	 21	 1397.4	   19.7	
  352	  35.20	  299.5	 1545.8	  -27.7	  697.6	 1319.3	    0.0	  200.0	  707.2	 1306.5	    0.0	  200.0	  100.0	    0.0	    0.0	    0.0	    0.0	    2.8	   23.4	  1	 -450.0	 1850.0	    0.0	    0.0	    2.8	1	  306.4	 21	 1397.4	   19.7	
  353	  35.30	  299.5	 1545.8	  -23.5	  697.6	 1319.3	    0.0	  200.0	  707.2	 1306.5	    0.0	  200.0	  100.0	    0.0	    0.0	    0.0	    0.0	    2.8	   23.5	  1	 -450.0	 1850.0	    0.0	    0.0	    2.8	1	  306.4	 21	 1397.3	   19.7	
  354	  35.40	  299.5	 1545.8	  -23.5	  697.6	 1319.3	    0.0	  200.0	  707.2	 1306.5	    0.0	  200.0	  100.0	    0.0	    0.0	    0.0	    0.0	    2.8	   23.5	  1	 -450.0	 1850.0	    0.0	    0.0	    2.8	1	  306.4	 21	 1397.3	   19.7	
  355	  35.50	  299.5	 1545.8	  -23.4	  697.6	 1319.3	    0.0	  200.0	  707.2	 1306.5	    0.0	  200.0	  100.0	    0.0	    0.0	    0.0	    0.0	    2.8	   23.6	  1	 -450.0	 1850.0	    0.0	    0.0	    2.8	1	  306.4	 21	 1397.2	   19.7	
  356	  35.60	  299.5	 1545.8	  -23.4	  698.1	 1319.0	    0.0	  200.0	  707.2	 1306.5	    0.0	  200.0	  100.0	    0.0	    0.0	    0.0	    0.0	    2.8	   23.7	  1	 -450.0	 1850.0	    0.0	    0.0	    2.8	1	  306.4	 21	 1397.2	   19.7	
  357	  35.70	  299.5	 1545.8	  -23.4	  698.1	 1319.0	    0.0	  200.0	  707.2	 1306.5	    0.0	  200.0	  100.0	    0.0	    0.0	    0.0	    0.0	    2.8	   23.7	  1	 -450.0	 1850.0	    0.0	    0.0	    2.8	1	  306.4	 21	 1397.1	   19.7	
  358	  35.80	  299.5	 1545.8	  -23.4	  698.1	 1319.0	    0.0	  200.0	  707.2	 1306.5	    0.0	  200.0	  100.0	    0.0	    0.0	    0.0	    0.0	    2.8	   23.8	  1	 -450.0	 1850.0	    0.0	    0.0	    2.8	1	  306.3	 21	 1397.1	   19.7	
